#tax_id,GeneID,Symbol,LocusTag,Synonyms,dbXrefs,chromosome,map_location,description,type_of_gene,Symbol_from_nomenclature_authority,Full_name_from_nomenclature_authority,Nomenclature_status,Other_designations,Modification_date,Feature_type
1043004,25407619,M436DRAFT_10011,M436DRAFT_10011,-,-,Unknown,-,hypothetical protein,protein-coding,-,-,-,-,20160917,-
1043004,25407620,M436DRAFT_10053,M436DRAFT_10053,-,-,Unknown,-,hypothetical protein,protein-coding,-,-,-,-,20160917,-
1043004,25407621,M436DRAFT_10146,M436DRAFT_10146,-,-,Unknown,-,hypothetical protein,protein-coding,-,-,-,-,20151212,-
1043004,25407622,M436DRAFT_10148,M436DRAFT_10148,-,-,Unknown,-,hypothetical protein,protein-coding,-,-,-,-,20160917,-
1043004,25407623,M436DRAFT_10203,M436DRAFT_10203,-,-,Unknown,-,hypothetical protein,protein-coding,-,-,-,-,20151104,-
1043004,25407624,M436DRAFT_10213,M436DRAFT_10213,-,-,Unknown,-,hypothetical protein,protein-coding,-,-,-,-,20151104,-
1043004,25407625,M436DRAFT_10261,M436DRAFT_10261,-,-,Unknown,-,hypothetical protein,protein-coding,-,-,-,-,20151104,-
1043004,25407626,M436DRAFT_10264,M436DRAFT_10264,-,-,Unknown,-,hypothetical protein,protein-coding,-,-,-,-,20160917,-
1043004,25407627,M436DRAFT_10268,M436DRAFT_10268,-,-,Unknown,-,hypothetical protein,protein-coding,-,-,-,-,20160917,-
1043004,25407628,M436DRAFT_10274,M436DRAFT_10274,-,-,Unknown,-,hypothetical protein,protein-coding,-,-,-,-,20160917,-
1043004,25407629,M436DRAFT_10289,M436DRAFT_10289,-,-,Unknown,-,hypothetical protein,protein-coding,-,-,-,-,20160917,-
1043004,25407630,M436DRAFT_10299,M436DRAFT_10299,-,-,Unknown,-,DUF947-domain-containing protein,protein-coding,-,-,-,-,20160917,-
1043004,25407631,M436DRAFT_10320,M436DRAFT_10320,-,-,Unknown,-,zf-H2C2-domain-containing protein,protein-coding,-,-,-,-,20160917,-
1043004,25407632,M436DRAFT_10329,M436DRAFT_10329,-,-,Unknown,-,hypothetical protein,protein-coding,-,-,-,-,20160917,-
1043004,25407633,M436DRAFT_10339,M436DRAFT_10339,-,-,Unknown,-,hypothetical protein,protein-coding,-,-,-,-,20160917,-
1043004,25407634,M436DRAFT_10352,M436DRAFT_10352,-,-,Unknown,-,hypothetical protein,protein-coding,-,-,-,-,20160917,-
1043004,25407635,M436DRAFT_10371,M436DRAFT_10371,-,-,Unknown,-,NIF-domain-containing protein,protein-coding,-,-,-,-,20160917,-
1043004,25407636,M436DRAFT_10393,M436DRAFT_10393,-,-,Unknown,-,hypothetical protein,protein-coding,-,-,-,-,20160917,-
1043004,25407637,M436DRAFT_10406,M436DRAFT_10406,-,-,Unknown,-,pectin lyase-like protein,protein-coding,-,-,-,-,20160917,-
1043004,25407638,M436DRAFT_10417,M436DRAFT_10417,-,-,Unknown,-,hypothetical protein,protein-coding,-,-,-,-,20160917,-
1043004,25407639,M436DRAFT_10479,M436DRAFT_10479,-,-,Unknown,-,MFS general substrate transporter,protein-coding,-,-,-,-,20160917,-
1043004,25407640,M436DRAFT_10480,M436DRAFT_10480,-,-,Unknown,-,hypothetical protein,protein-coding,-,-,-,-,20160917,-
1043004,25407641,M436DRAFT_10488,M436DRAFT_10488,-,-,Unknown,-,hypothetical protein,protein-coding,-,-,-,-,20151104,-
1043004,25407642,M436DRAFT_10495,M436DRAFT_10495,-,-,Unknown,-,hypothetical protein,protein-coding,-,-,-,-,20160917,-
1043004,25407643,M436DRAFT_10503,M436DRAFT_10503,-,-,Unknown,-,hypothetical protein,protein-coding,-,-,-,-,20151104,-
1043004,25407644,M436DRAFT_10515,M436DRAFT_10515,-,-,Unknown,-,"Cu,Zn superoxide dismutase-like protein",protein-coding,-,-,-,-,20160917,-
1043004,25407645,M436DRAFT_10522,M436DRAFT_10522,-,-,Unknown,-,hypothetical protein,protein-coding,-,-,-,-,20160917,-
1043004,25407646,M436DRAFT_10536,M436DRAFT_10536,-,-,Unknown,-,hypothetical protein,protein-coding,-,-,-,-,20160917,-
1043004,25407647,M436DRAFT_10543,M436DRAFT_10543,-,-,Unknown,-,hypothetical protein,protein-coding,-,-,-,-,20160917,-
1043004,25407648,M436DRAFT_10581,M436DRAFT_10581,-,-,Unknown,-,hypothetical protein,protein-coding,-,-,-,-,20151104,-
1043004,25407649,M436DRAFT_10614,M436DRAFT_10614,-,-,Unknown,-,hypothetical protein,protein-coding,-,-,-,-,20151212,-
1043004,25407650,M436DRAFT_10639,M436DRAFT_10639,-,-,Unknown,-,hypothetical protein,protein-coding,-,-,-,-,20160917,-
1043004,25407651,M436DRAFT_10640,M436DRAFT_10640,-,-,Unknown,-,P-loop containing nucleoside triphosphate hydrolase protein,protein-coding,-,-,-,-,20160917,-
1043004,25407652,M436DRAFT_10710,M436DRAFT_10710,-,-,Unknown,-,hypothetical protein,protein-coding,-,-,-,-,20151104,-
1043004,25407653,M436DRAFT_10717,M436DRAFT_10717,-,-,Unknown,-,hypothetical protein,protein-coding,-,-,-,-,20160917,-
1043004,25407654,M436DRAFT_10729,M436DRAFT_10729,-,-,Unknown,-,hypothetical protein,protein-coding,-,-,-,-,20160917,-
1043004,25407655,M436DRAFT_10735,M436DRAFT_10735,-,-,Unknown,-,putative esterase of the alpha-beta hydrolase superfamily,protein-coding,-,-,-,-,20151212,-
1043004,25407656,M436DRAFT_10765,M436DRAFT_10765,-,-,Unknown,-,acid protease,protein-coding,-,-,-,-,20160325,-
1043004,25407657,M436DRAFT_10771,M436DRAFT_10771,-,-,Unknown,-,hypothetical protein,protein-coding,-,-,-,-,20160917,-
1043004,25407658,M436DRAFT_10791,M436DRAFT_10791,-,-,Unknown,-,hypothetical protein,protein-coding,-,-,-,-,20160917,-
1043004,25407659,M436DRAFT_10840,M436DRAFT_10840,-,-,Unknown,-,hypothetical protein,protein-coding,-,-,-,-,20151104,-
1043004,25407660,M436DRAFT_10853,M436DRAFT_10853,-,-,Unknown,-,hypothetical protein,protein-coding,-,-,-,-,20151104,-
1043004,25407661,M436DRAFT_10866,M436DRAFT_10866,-,-,Unknown,-,hypothetical protein,protein-coding,-,-,-,-,20160917,-
1043004,25407662,M436DRAFT_10867,M436DRAFT_10867,-,-,Unknown,-,ankyrin,protein-coding,-,-,-,-,20160917,-
1043004,25407663,M436DRAFT_10872,M436DRAFT_10872,-,-,Unknown,-,hypothetical protein,protein-coding,-,-,-,-,20151104,-
1043004,25407664,M436DRAFT_10888,M436DRAFT_10888,-,-,Unknown,-,Ca2+:H+ antiporter,protein-coding,-,-,-,-,20160917,-
1043004,25407665,M436DRAFT_10903,M436DRAFT_10903,-,-,Unknown,-,hypothetical protein,protein-coding,-,-,-,-,20151104,-
1043004,25407666,M436DRAFT_10925,M436DRAFT_10925,-,-,Unknown,-,tetratricopeptide repeat domain-containing protein,protein-coding,-,-,-,-,20160917,-
1043004,25407667,M436DRAFT_10929,M436DRAFT_10929,-,-,Unknown,-,synaptobrevin,protein-coding,-,-,-,-,20160917,-
1043004,25407668,M436DRAFT_10930,M436DRAFT_10930,-,-,Unknown,-,hypothetical protein,protein-coding,-,-,-,-,20160917,-
1043004,25407669,M436DRAFT_10973,M436DRAFT_10973,-,-,Unknown,-,hypothetical protein,protein-coding,-,-,-,-,20151212,-
1043004,25407670,M436DRAFT_10982,M436DRAFT_10982,-,-,Unknown,-,hypothetical protein,protein-coding,-,-,-,-,20151104,-
1043004,25407671,M436DRAFT_10997,M436DRAFT_10997,-,-,Unknown,-,RmlC-like cupin,protein-coding,-,-,-,-,20151212,-
1043004,25407672,M436DRAFT_11013,M436DRAFT_11013,-,-,Unknown,-,UDP-Glycosyltransferase/glycogen phosphorylase,protein-coding,-,-,-,-,20151212,-
1043004,25407673,M436DRAFT_11014,M436DRAFT_11014,-,-,Unknown,-,hypothetical protein,protein-coding,-,-,-,-,20151104,-
1043004,25407674,M436DRAFT_11055,M436DRAFT_11055,-,-,Unknown,-,hypothetical protein,protein-coding,-,-,-,-,20151212,-
1043004,25407675,M436DRAFT_11060,M436DRAFT_11060,-,-,Unknown,-,hypothetical protein,protein-coding,-,-,-,-,20160917,-
1043004,25407676,M436DRAFT_11124,M436DRAFT_11124,-,-,Unknown,-,small ubiquitin-like protein,protein-coding,-,-,-,-,20160917,-
1043004,25407677,M436DRAFT_11136,M436DRAFT_11136,-,-,Unknown,-,hypothetical protein,protein-coding,-,-,-,-,20151104,-
1043004,25407678,M436DRAFT_11199,M436DRAFT_11199,-,-,Unknown,-,family 6 glycoside hydrolase,protein-coding,-,-,-,-,20160917,-
1043004,25407679,M436DRAFT_11216,M436DRAFT_11216,-,-,Unknown,-,hypothetical protein,protein-coding,-,-,-,-,20160917,-
1043004,25407680,M436DRAFT_11239,M436DRAFT_11239,-,-,Unknown,-,kinase-like protein,protein-coding,-,-,-,-,20151212,-
1043004,25407681,M436DRAFT_11257,M436DRAFT_11257,-,-,Unknown,-,hypothetical protein,protein-coding,-,-,-,-,20151212,-
1043004,25407682,M436DRAFT_11366,M436DRAFT_11366,-,-,Unknown,-,hypothetical protein,protein-coding,-,-,-,-,20160917,-
1043004,25407683,M436DRAFT_11375,M436DRAFT_11375,-,-,Unknown,-,Rad4-domain-containing protein,protein-coding,-,-,-,-,20160917,-
1043004,25407684,M436DRAFT_11418,M436DRAFT_11418,-,-,Unknown,-,4-coumarate-CoA ligase-like protein,protein-coding,-,-,-,-,20160917,-
1043004,25407685,M436DRAFT_11435,M436DRAFT_11435,-,-,Unknown,-,hypothetical protein,protein-coding,-,-,-,-,20151104,-
1043004,25407686,M436DRAFT_11448,M436DRAFT_11448,-,-,Unknown,-,hypothetical protein,protein-coding,-,-,-,-,20151212,-
1043004,25407687,M436DRAFT_11460,M436DRAFT_11460,-,-,Unknown,-,acyl-CoA dehydrogenase/oxidase C-terminal,protein-coding,-,-,-,-,20160917,-
1043004,25407688,M436DRAFT_11494,M436DRAFT_11494,-,-,Unknown,-,RNI-like protein,protein-coding,-,-,-,-,20160917,-
1043004,25407689,M436DRAFT_11497,M436DRAFT_11497,-,-,Unknown,-,hypothetical protein,protein-coding,-,-,-,-,20160917,-
1043004,25407690,M436DRAFT_11503,M436DRAFT_11503,-,-,Unknown,-,hypothetical protein,protein-coding,-,-,-,-,20160917,-
1043004,25407691,M436DRAFT_11512,M436DRAFT_11512,-,-,Unknown,-,NAD(P)-binding protein,protein-coding,-,-,-,-,20160917,-
1043004,25407692,M436DRAFT_11547,M436DRAFT_11547,-,-,Unknown,-,hypothetical protein,protein-coding,-,-,-,-,20151212,-
1043004,25407693,M436DRAFT_11556,M436DRAFT_11556,-,-,Unknown,-,hypothetical protein,protein-coding,-,-,-,-,20151104,-
1043004,25407694,M436DRAFT_11602,M436DRAFT_11602,-,-,Unknown,-,hypothetical protein,protein-coding,-,-,-,-,20160917,-
1043004,25407695,M436DRAFT_11626,M436DRAFT_11626,-,-,Unknown,-,hypothetical protein,protein-coding,-,-,-,-,20151104,-
1043004,25407696,M436DRAFT_11643,M436DRAFT_11643,-,-,Unknown,-,nucleotide-diphospho-sugar transferase,protein-coding,-,-,-,-,20160917,-
1043004,25407697,M436DRAFT_11716,M436DRAFT_11716,-,-,Unknown,-,hypothetical protein,protein-coding,-,-,-,-,20160917,-
1043004,25407698,M436DRAFT_11725,M436DRAFT_11725,-,-,Unknown,-,Homeodomain-like protein,protein-coding,-,-,-,-,20160917,-
1043004,25407699,M436DRAFT_11726,M436DRAFT_11726,-,-,Unknown,-,glutaredoxin,protein-coding,-,-,-,-,20160325,-
1043004,25407700,M436DRAFT_11780,M436DRAFT_11780,-,-,Unknown,-,hypothetical protein,protein-coding,-,-,-,-,20160917,-
1043004,25407701,M436DRAFT_11784,M436DRAFT_11784,-,-,Unknown,-,ribonuclease M,protein-coding,-,-,-,-,20160917,-
1043004,25407702,M436DRAFT_11790,M436DRAFT_11790,-,-,Unknown,-,hypothetical protein,protein-coding,-,-,-,-,20160917,-
1043004,25407703,M436DRAFT_11829,M436DRAFT_11829,-,-,Unknown,-,UDP-Glycosyltransferase/glycogen phosphorylase,protein-coding,-,-,-,-,20160917,-
1043004,25407704,M436DRAFT_11846,M436DRAFT_11846,-,-,Unknown,-,60S ribosomal protein L19,protein-coding,-,-,-,-,20151212,-
1043004,25407705,M436DRAFT_11943,M436DRAFT_11943,-,-,Unknown,-,DUF572-domain-containing protein,protein-coding,-,-,-,-,20160917,-
1043004,25407706,M436DRAFT_11948,M436DRAFT_11948,-,-,Unknown,-,mitochondrial genome maintenance MGM101,protein-coding,-,-,-,-,20160917,-
1043004,25407707,M436DRAFT_11956,M436DRAFT_11956,-,-,Unknown,-,hypothetical protein,protein-coding,-,-,-,-,20160917,-
1043004,25407708,M436DRAFT_11962,M436DRAFT_11962,-,-,Unknown,-,hypothetical protein,protein-coding,-,-,-,-,20151212,-
1043004,25407709,M436DRAFT_12002,M436DRAFT_12002,-,-,Unknown,-,hypothetical protein,protein-coding,-,-,-,-,20160917,-
1043004,25407710,M436DRAFT_12043,M436DRAFT_12043,-,-,Unknown,-,hypothetical protein,protein-coding,-,-,-,-,20160917,-
1043004,25407711,M436DRAFT_12057,M436DRAFT_12057,-,-,Unknown,-,hypothetical protein,protein-coding,-,-,-,-,20160917,-
1043004,25407712,M436DRAFT_12060,M436DRAFT_12060,-,-,Unknown,-,acid protease,protein-coding,-,-,-,-,20160917,-
1043004,25407713,M436DRAFT_12088,M436DRAFT_12088,-,-,Unknown,-,hypothetical protein,protein-coding,-,-,-,-,20160917,-
1043004,25407714,M436DRAFT_12116,M436DRAFT_12116,-,-,Unknown,-,phytoene desaturase,protein-coding,-,-,-,-,20160917,-
1043004,25407715,M436DRAFT_12125,M436DRAFT_12125,-,-,Unknown,-,hypothetical protein,protein-coding,-,-,-,-,20151212,-
1043004,25407716,M436DRAFT_12172,M436DRAFT_12172,-,-,Unknown,-,hypothetical protein,protein-coding,-,-,-,-,20151104,-
1043004,25407717,M436DRAFT_12295,M436DRAFT_12295,-,-,Unknown,-,aromatic compound dioxygenase,protein-coding,-,-,-,-,20151212,-
1043004,25407718,M436DRAFT_12304,M436DRAFT_12304,-,-,Unknown,-,MOSC-domain-containing protein,protein-coding,-,-,-,-,20160917,-
1043004,25407719,M436DRAFT_12341,M436DRAFT_12341,-,-,Unknown,-,hypothetical protein,protein-coding,-,-,-,-,20160325,-
1043004,25407720,M436DRAFT_12343,M436DRAFT_12343,-,-,Unknown,-,hypothetical protein,protein-coding,-,-,-,-,20151104,-
1043004,25407721,M436DRAFT_12350,M436DRAFT_12350,-,-,Unknown,-,nucleotide-diphospho-sugar transferase,protein-coding,-,-,-,-,20160917,-
1043004,25407722,M436DRAFT_12355,M436DRAFT_12355,-,-,Unknown,-,hypothetical protein,protein-coding,-,-,-,-,20160917,-
1043004,25407723,M436DRAFT_12400,M436DRAFT_12400,-,-,Unknown,-,P-loop containing nucleoside triphosphate hydrolase protein,protein-coding,-,-,-,-,20160917,-
1043004,25407724,M436DRAFT_12417,M436DRAFT_12417,-,-,Unknown,-,hypothetical protein,protein-coding,-,-,-,-,20151104,-
1043004,25407725,M436DRAFT_12451,M436DRAFT_12451,-,-,Unknown,-,AhpC-TSA-domain-containing protein,protein-coding,-,-,-,-,20160917,-
1043004,25407726,M436DRAFT_12459,M436DRAFT_12459,-,-,Unknown,-,exocyst complex subunit Sec15-like protein,protein-coding,-,-,-,-,20160917,-
1043004,25407727,M436DRAFT_12540,M436DRAFT_12540,-,-,Unknown,-,hypothetical protein,protein-coding,-,-,-,-,20160917,-
1043004,25407728,M436DRAFT_12560,M436DRAFT_12560,-,-,Unknown,-,hypothetical protein,protein-coding,-,-,-,-,20160917,-
1043004,25407729,M436DRAFT_12597,M436DRAFT_12597,-,-,Unknown,-,hypothetical protein,protein-coding,-,-,-,-,20160917,-
1043004,25407730,M436DRAFT_12623,M436DRAFT_12623,-,-,Unknown,-,hypothetical protein,protein-coding,-,-,-,-,20160917,-
1043004,25407731,M436DRAFT_12635,M436DRAFT_12635,-,-,Unknown,-,putative tetracycline-efflux transporter,protein-coding,-,-,-,-,20160917,-
1043004,25407732,M436DRAFT_12657,M436DRAFT_12657,-,-,Unknown,-,hypothetical protein,protein-coding,-,-,-,-,20160917,-
1043004,25407733,M436DRAFT_12673,M436DRAFT_12673,-,-,Unknown,-,hypothetical protein,protein-coding,-,-,-,-,20151104,-
1043004,25407734,M436DRAFT_12677,M436DRAFT_12677,-,-,Unknown,-,hypothetical protein,protein-coding,-,-,-,-,20151104,-
1043004,25407735,M436DRAFT_12691,M436DRAFT_12691,-,-,Unknown,-,hypothetical protein,protein-coding,-,-,-,-,20151212,-
1043004,25407736,M436DRAFT_12701,M436DRAFT_12701,-,-,Unknown,-,hypothetical protein,protein-coding,-,-,-,-,20151212,-
1043004,25407737,M436DRAFT_12732,M436DRAFT_12732,-,-,Unknown,-,hypothetical protein,protein-coding,-,-,-,-,20151104,-
1043004,25407738,M436DRAFT_12741,M436DRAFT_12741,-,-,Unknown,-,hypothetical protein,protein-coding,-,-,-,-,20160917,-
1043004,25407739,M436DRAFT_12761,M436DRAFT_12761,-,-,Unknown,-,hypothetical protein,protein-coding,-,-,-,-,20151212,-
1043004,25407740,M436DRAFT_12766,M436DRAFT_12766,-,-,Unknown,-,hypothetical protein,protein-coding,-,-,-,-,20160917,-
1043004,25407741,M436DRAFT_12790,M436DRAFT_12790,-,-,Unknown,-,ribose 5-phosphate isomerase A,protein-coding,-,-,-,-,20151212,-
1043004,25407742,M436DRAFT_12804,M436DRAFT_12804,-,-,Unknown,-,hypothetical protein,protein-coding,-,-,-,-,20160325,-
1043004,25407743,M436DRAFT_12811,M436DRAFT_12811,-,-,Unknown,-,hypothetical protein,protein-coding,-,-,-,-,20160917,-
1043004,25407744,M436DRAFT_12834,M436DRAFT_12834,-,-,Unknown,-,hypothetical protein,protein-coding,-,-,-,-,20160917,-
1043004,25407745,M436DRAFT_12888,M436DRAFT_12888,-,-,Unknown,-,hypothetical protein,protein-coding,-,-,-,-,20160917,-
1043004,25407746,M436DRAFT_12892,M436DRAFT_12892,-,-,Unknown,-,hypothetical protein,protein-coding,-,-,-,-,20170520,-
1043004,25407747,M436DRAFT_12903,M436DRAFT_12903,-,-,Unknown,-,protein yop1,protein-coding,-,-,-,-,20160917,-
1043004,25407748,M436DRAFT_12956,M436DRAFT_12956,-,-,Unknown,-,hypothetical protein,protein-coding,-,-,-,-,20151104,-
1043004,25407749,M436DRAFT_12970,M436DRAFT_12970,-,-,Unknown,-,hypothetical protein,protein-coding,-,-,-,-,20151104,-
1043004,25407750,M436DRAFT_12987,M436DRAFT_12987,-,-,Unknown,-,hypothetical protein,protein-coding,-,-,-,-,20151104,-
1043004,25407751,M436DRAFT_13005,M436DRAFT_13005,-,-,Unknown,-,kinesin family protein-like protein,protein-coding,-,-,-,-,20160917,-
1043004,25407752,M436DRAFT_13020,M436DRAFT_13020,-,-,Unknown,-,hypothetical protein,protein-coding,-,-,-,-,20160917,-
1043004,25407753,M436DRAFT_13027,M436DRAFT_13027,-,-,Unknown,-,hypothetical protein,protein-coding,-,-,-,-,20160917,-
1043004,25407754,M436DRAFT_13030,M436DRAFT_13030,-,-,Unknown,-,hypothetical protein,protein-coding,-,-,-,-,20160917,-
1043004,25407755,M436DRAFT_13053,M436DRAFT_13053,-,-,Unknown,-,hypothetical protein,protein-coding,-,-,-,-,20151212,-
1043004,25407756,M436DRAFT_13063,M436DRAFT_13063,-,-,Unknown,-,Rho GTPase activation protein,protein-coding,-,-,-,-,20160917,-
1043004,25407757,M436DRAFT_13082,M436DRAFT_13082,-,-,Unknown,-,hypothetical protein,protein-coding,-,-,-,-,20160917,-
1043004,25407758,M436DRAFT_13104,M436DRAFT_13104,-,-,Unknown,-,hypothetical protein,protein-coding,-,-,-,-,20160917,-
1043004,25407759,M436DRAFT_13230,M436DRAFT_13230,-,-,Unknown,-,hypothetical protein,protein-coding,-,-,-,-,20151104,-
1043004,25407760,M436DRAFT_13238,M436DRAFT_13238,-,-,Unknown,-,hypothetical protein,protein-coding,-,-,-,-,20160917,-
1043004,25407761,M436DRAFT_13258,M436DRAFT_13258,-,-,Unknown,-,nucleic acid-binding protein,protein-coding,-,-,-,-,20160917,-
1043004,25407762,M436DRAFT_13273,M436DRAFT_13273,-,-,Unknown,-,hypothetical protein,protein-coding,-,-,-,-,20160325,-
1043004,25407763,M436DRAFT_13281,M436DRAFT_13281,-,-,Unknown,-,hypothetical protein,protein-coding,-,-,-,-,20160917,-
1043004,25407764,M436DRAFT_13299,M436DRAFT_13299,-,-,Unknown,-,WD40 repeat-like protein,protein-coding,-,-,-,-,20160917,-
1043004,25407765,M436DRAFT_13314,M436DRAFT_13314,-,-,Unknown,-,hypothetical protein,protein-coding,-,-,-,-,20160917,-
1043004,25407766,M436DRAFT_13319,M436DRAFT_13319,-,-,Unknown,-,hypothetical protein,protein-coding,-,-,-,-,20160917,-
1043004,25407767,M436DRAFT_13334,M436DRAFT_13334,-,-,Unknown,-,heme oxygenase-like protein,protein-coding,-,-,-,-,20160917,-
1043004,25407768,M436DRAFT_13341,M436DRAFT_13341,-,-,Unknown,-,thiolase-like protein,protein-coding,-,-,-,-,20160917,-
1043004,25407769,M436DRAFT_13342,M436DRAFT_13342,-,-,Unknown,-,ubiquitin-like protein,protein-coding,-,-,-,-,20160917,-
1043004,25407770,M436DRAFT_13353,M436DRAFT_13353,-,-,Unknown,-,UBC-like protein,protein-coding,-,-,-,-,20160917,-
1043004,25407771,M436DRAFT_13356,M436DRAFT_13356,-,-,Unknown,-,MED7-domain-containing protein,protein-coding,-,-,-,-,20160917,-
1043004,25407772,M436DRAFT_13392,M436DRAFT_13392,-,-,Unknown,-,hypothetical protein,protein-coding,-,-,-,-,20151104,-
1043004,25407773,M436DRAFT_13406,M436DRAFT_13406,-,-,Unknown,-,hypothetical protein,protein-coding,-,-,-,-,20151104,-
1043004,25407774,M436DRAFT_13418,M436DRAFT_13418,-,-,Unknown,-,hypothetical protein,protein-coding,-,-,-,-,20151104,-
1043004,25407775,M436DRAFT_13430,M436DRAFT_13430,-,-,Unknown,-,P-loop containing nucleoside triphosphate hydrolase protein,protein-coding,-,-,-,-,20151212,-
1043004,25407776,M436DRAFT_13471,M436DRAFT_13471,-,-,Unknown,-,hypothetical protein,protein-coding,-,-,-,-,20160917,-
1043004,25407777,M436DRAFT_13499,M436DRAFT_13499,-,-,Unknown,-,hypothetical protein,protein-coding,-,-,-,-,20151104,-
1043004,25407778,M436DRAFT_13507,M436DRAFT_13507,-,-,Unknown,-,DUF1768-domain-containing protein,protein-coding,-,-,-,-,20160917,-
1043004,25407779,M436DRAFT_13523,M436DRAFT_13523,-,-,Unknown,-,hypothetical protein,protein-coding,-,-,-,-,20151104,-
1043004,25407780,M436DRAFT_13554,M436DRAFT_13554,-,-,Unknown,-,hypothetical protein,protein-coding,-,-,-,-,20151104,-
1043004,25407781,M436DRAFT_13581,M436DRAFT_13581,-,-,Unknown,-,Endopolyphosphatase,protein-coding,-,-,-,-,20151212,-
1043004,25407782,M436DRAFT_13603,M436DRAFT_13603,-,-,Unknown,-,Annexin,protein-coding,-,-,-,-,20160917,-
1043004,25407783,M436DRAFT_13610,M436DRAFT_13610,-,-,Unknown,-,SET domain-containing protein,protein-coding,-,-,-,-,20160917,-
1043004,25407784,M436DRAFT_13631,M436DRAFT_13631,-,-,Unknown,-,hypothetical protein,protein-coding,-,-,-,-,20160917,-
1043004,25407785,M436DRAFT_13652,M436DRAFT_13652,-,-,Unknown,-,hypothetical protein,protein-coding,-,-,-,-,20160917,-
1043004,25407786,M436DRAFT_13663,M436DRAFT_13663,-,-,Unknown,-,SEC7-like protein,protein-coding,-,-,-,-,20160917,-
1043004,25407787,M436DRAFT_13689,M436DRAFT_13689,-,-,Unknown,-,hypothetical protein,protein-coding,-,-,-,-,20160917,-
1043004,25407788,M436DRAFT_13723,M436DRAFT_13723,-,-,Unknown,-,WD40 repeat-like protein,protein-coding,-,-,-,-,20160917,-
1043004,25407789,M436DRAFT_13727,M436DRAFT_13727,-,-,Unknown,-,hypothetical protein,protein-coding,-,-,-,-,20151104,-
1043004,25407790,M436DRAFT_13764,M436DRAFT_13764,-,-,Unknown,-,Clavaminate synthase-like protein,protein-coding,-,-,-,-,20160917,-
1043004,25407791,M436DRAFT_13783,M436DRAFT_13783,-,-,Unknown,-,hypothetical protein,protein-coding,-,-,-,-,20160917,-
1043004,25407792,M436DRAFT_13792,M436DRAFT_13792,-,-,Unknown,-,hypothetical protein,protein-coding,-,-,-,-,20151212,-
1043004,25407793,M436DRAFT_13826,M436DRAFT_13826,-,-,Unknown,-,hypothetical protein,protein-coding,-,-,-,-,20160917,-
1043004,25407794,M436DRAFT_13858,M436DRAFT_13858,-,-,Unknown,-,hypothetical protein,protein-coding,-,-,-,-,20151104,-
1043004,25407795,M436DRAFT_13906,M436DRAFT_13906,-,-,Unknown,-,hypothetical protein,protein-coding,-,-,-,-,20151104,-
1043004,25407796,M436DRAFT_13914,M436DRAFT_13914,-,-,Unknown,-,hypothetical protein,protein-coding,-,-,-,-,20160917,-
1043004,25407797,M436DRAFT_13935,M436DRAFT_13935,-,-,Unknown,-,hypothetical protein,protein-coding,-,-,-,-,20151212,-
1043004,25407798,M436DRAFT_13939,M436DRAFT_13939,-,-,Unknown,-,hypothetical protein,protein-coding,-,-,-,-,20160917,-
1043004,25407799,M436DRAFT_13954,M436DRAFT_13954,-,-,Unknown,-,hypothetical protein,protein-coding,-,-,-,-,20160917,-
1043004,25407800,M436DRAFT_13991,M436DRAFT_13991,-,-,Unknown,-,mRNA triphosphatase CET1,protein-coding,-,-,-,-,20151212,-
1043004,25407801,M436DRAFT_14005,M436DRAFT_14005,-,-,Unknown,-,dnaJ-like protein subfamily B member 6-A-like protein,protein-coding,-,-,-,-,20160917,-
1043004,25407802,M436DRAFT_14031,M436DRAFT_14031,-,-,Unknown,-,hypothetical protein,protein-coding,-,-,-,-,20160325,-
1043004,25407803,M436DRAFT_14055,M436DRAFT_14055,-,-,Unknown,-,DUF618 domain protein,protein-coding,-,-,-,-,20160917,-
1043004,25407804,M436DRAFT_14101,M436DRAFT_14101,-,-,Unknown,-,acyl-CoA N-acyltransferase,protein-coding,-,-,-,-,20160917,-
1043004,25407805,M436DRAFT_14126,M436DRAFT_14126,-,-,Unknown,-,hypothetical protein,protein-coding,-,-,-,-,20160917,-
1043004,25407806,M436DRAFT_14149,M436DRAFT_14149,-,-,Unknown,-,hypothetical protein,protein-coding,-,-,-,-,20160917,-
1043004,25407807,M436DRAFT_14156,M436DRAFT_14156,-,-,Unknown,-,hypothetical protein,protein-coding,-,-,-,-,20151104,-
1043004,25407808,M436DRAFT_14180,M436DRAFT_14180,-,-,Unknown,-,ras-domain-containing protein,protein-coding,-,-,-,-,20160917,-
1043004,25407809,M436DRAFT_14186,M436DRAFT_14186,-,-,Unknown,-,hypothetical protein,protein-coding,-,-,-,-,20160917,-
1043004,25407810,M436DRAFT_14283,M436DRAFT_14283,-,-,Unknown,-,aquaporin,protein-coding,-,-,-,-,20160917,-
1043004,25407811,M436DRAFT_14299,M436DRAFT_14299,-,-,Unknown,-,hypothetical protein,protein-coding,-,-,-,-,20160917,-
1043004,25407812,M436DRAFT_14312,M436DRAFT_14312,-,-,Unknown,-,hypothetical protein,protein-coding,-,-,-,-,20160917,-
1043004,25407813,M436DRAFT_14321,M436DRAFT_14321,-,-,Unknown,-,exocyst complex protein,protein-coding,-,-,-,-,20160917,-
1043004,25407814,M436DRAFT_14331,M436DRAFT_14331,-,-,Unknown,-,hypothetical protein,protein-coding,-,-,-,-,20160917,-
1043004,25407815,M436DRAFT_14347,M436DRAFT_14347,-,-,Unknown,-,peptidyl-prolyl cis-trans isomerase ppi1,protein-coding,-,-,-,-,20160917,-
1043004,25407816,M436DRAFT_14357,M436DRAFT_14357,-,-,Unknown,-,kinase-like protein,protein-coding,-,-,-,-,20160917,-
1043004,25407817,M436DRAFT_14373,M436DRAFT_14373,-,-,Unknown,-,hypothetical protein,protein-coding,-,-,-,-,20160917,-
1043004,25407818,M436DRAFT_14400,M436DRAFT_14400,-,-,Unknown,-,small nucleolar ribonucleo protein-like protein complex subunit,protein-coding,-,-,-,-,20160917,-
1043004,25407819,M436DRAFT_14403,M436DRAFT_14403,-,-,Unknown,-,hypothetical protein,protein-coding,-,-,-,-,20151104,-
1043004,25407820,M436DRAFT_14405,M436DRAFT_14405,-,-,Unknown,-,hypothetical protein,protein-coding,-,-,-,-,20160917,-
1043004,25407821,M436DRAFT_14441,M436DRAFT_14441,-,-,Unknown,-,hypothetical protein,protein-coding,-,-,-,-,20151212,-
1043004,25407822,M436DRAFT_14489,M436DRAFT_14489,-,-,Unknown,-,hypothetical protein,protein-coding,-,-,-,-,20160917,-
1043004,25407823,M436DRAFT_14508,M436DRAFT_14508,-,-,Unknown,-,hypothetical protein,protein-coding,-,-,-,-,20151212,-
1043004,25407824,M436DRAFT_14529,M436DRAFT_14529,-,-,Unknown,-,DUF726-domain-containing protein,protein-coding,-,-,-,-,20160917,-
1043004,25407825,M436DRAFT_14556,M436DRAFT_14556,-,-,Unknown,-,FabD/lysophospholipase-like protein,protein-coding,-,-,-,-,20160325,-
1043004,25407826,M436DRAFT_14560,M436DRAFT_14560,-,-,Unknown,-,hypothetical protein,protein-coding,-,-,-,-,20151104,-
1043004,25407827,M436DRAFT_14575,M436DRAFT_14575,-,-,Unknown,-,hypothetical protein,protein-coding,-,-,-,-,20160917,-
1043004,25407828,M436DRAFT_14578,M436DRAFT_14578,-,-,Unknown,-,ArfGap-domain-containing protein,protein-coding,-,-,-,-,20160917,-
1043004,25407829,M436DRAFT_14591,M436DRAFT_14591,-,-,Unknown,-,glia maturation factor beta,protein-coding,-,-,-,-,20151212,-
1043004,25407830,M436DRAFT_14625,M436DRAFT_14625,-,-,Unknown,-,RhoGAP-domain-containing protein,protein-coding,-,-,-,-,20151212,-
1043004,25407831,M436DRAFT_14626,M436DRAFT_14626,-,-,Unknown,-,hypothetical protein,protein-coding,-,-,-,-,20151212,-
1043004,25407832,M436DRAFT_14631,M436DRAFT_14631,-,-,Unknown,-,hypothetical protein,protein-coding,-,-,-,-,20151104,-
1043004,25407833,M436DRAFT_14634,M436DRAFT_14634,-,-,Unknown,-,hypothetical protein,protein-coding,-,-,-,-,20160917,-
1043004,25407834,M436DRAFT_14668,M436DRAFT_14668,-,-,Unknown,-,hypothetical protein,protein-coding,-,-,-,-,20160917,-
1043004,25407835,M436DRAFT_14672,M436DRAFT_14672,-,-,Unknown,-,hypothetical protein,protein-coding,-,-,-,-,20160917,-
1043004,25407836,M436DRAFT_14681,M436DRAFT_14681,-,-,Unknown,-,hypothetical protein,protein-coding,-,-,-,-,20160917,-
1043004,25407837,M436DRAFT_14686,M436DRAFT_14686,-,-,Unknown,-,"peptidase A22B, signal peptide peptidase",protein-coding,-,-,-,-,20160917,-
1043004,25407838,M436DRAFT_14687,M436DRAFT_14687,-,-,Unknown,-,hypothetical protein,protein-coding,-,-,-,-,20151104,-
1043004,25407839,M436DRAFT_14697,M436DRAFT_14697,-,-,Unknown,-,hypothetical protein,protein-coding,-,-,-,-,20160917,-
1043004,25407840,M436DRAFT_14700,M436DRAFT_14700,-,-,Unknown,-,hypothetical protein,protein-coding,-,-,-,-,20151104,-
1043004,25407841,M436DRAFT_14708,M436DRAFT_14708,-,-,Unknown,-,hypothetical protein,protein-coding,-,-,-,-,20160917,-
1043004,25407842,M436DRAFT_14715,M436DRAFT_14715,-,-,Unknown,-,hypothetical protein,protein-coding,-,-,-,-,20151104,-
1043004,25407843,M436DRAFT_14730,M436DRAFT_14730,-,-,Unknown,-,hypothetical protein,protein-coding,-,-,-,-,20160917,-
1043004,25407844,M436DRAFT_14732,M436DRAFT_14732,-,-,Unknown,-,hypothetical protein,protein-coding,-,-,-,-,20160917,-
1043004,25407845,M436DRAFT_14736,M436DRAFT_14736,-,-,Unknown,-,hypothetical protein,protein-coding,-,-,-,-,20160917,-
1043004,25407846,M436DRAFT_14779,M436DRAFT_14779,-,-,Unknown,-,hypothetical protein,protein-coding,-,-,-,-,20160917,-
1043004,25407847,M436DRAFT_14859,M436DRAFT_14859,-,-,Unknown,-,hypothetical protein,protein-coding,-,-,-,-,20160917,-
1043004,25407848,M436DRAFT_14873,M436DRAFT_14873,-,-,Unknown,-,hypothetical protein,protein-coding,-,-,-,-,20160325,-
1043004,25407849,M436DRAFT_14877,M436DRAFT_14877,-,-,Unknown,-,hypothetical protein,protein-coding,-,-,-,-,20151104,-
1043004,25407850,M436DRAFT_14904,M436DRAFT_14904,-,-,Unknown,-,DUF663-domain-containing protein,protein-coding,-,-,-,-,20160917,-
1043004,25407851,M436DRAFT_14912,M436DRAFT_14912,-,-,Unknown,-,hypothetical protein,protein-coding,-,-,-,-,20160917,-
1043004,25407852,M436DRAFT_14913,M436DRAFT_14913,-,-,Unknown,-,ferredoxin,protein-coding,-,-,-,-,20160917,-
1043004,25407853,M436DRAFT_14944,M436DRAFT_14944,-,-,Unknown,-,S-adenosyl-L-methionine-dependent methyltransferase,protein-coding,-,-,-,-,20160917,-
1043004,25407854,M436DRAFT_14949,M436DRAFT_14949,-,-,Unknown,-,hypothetical protein,protein-coding,-,-,-,-,20160917,-
1043004,25407855,M436DRAFT_15008,M436DRAFT_15008,-,-,Unknown,-,hypothetical protein,protein-coding,-,-,-,-,20151104,-
1043004,25407856,M436DRAFT_15023,M436DRAFT_15023,-,-,Unknown,-,cysteine proteinase,protein-coding,-,-,-,-,20160917,-
1043004,25407857,M436DRAFT_15046,M436DRAFT_15046,-,-,Unknown,-,GrpE nucleotide exchange factor,protein-coding,-,-,-,-,20151212,-
1043004,25407858,M436DRAFT_15100,M436DRAFT_15100,-,-,Unknown,-,RNA-binding domain-containing protein,protein-coding,-,-,-,-,20160917,-
1043004,25407859,M436DRAFT_15103,M436DRAFT_15103,-,-,Unknown,-,RTA1 like protein,protein-coding,-,-,-,-,20160917,-
1043004,25407860,M436DRAFT_15169,M436DRAFT_15169,-,-,Unknown,-,cysteine proteinase,protein-coding,-,-,-,-,20160917,-
1043004,25407861,M436DRAFT_15210,M436DRAFT_15210,-,-,Unknown,-,PIG-P-domain-containing protein,protein-coding,-,-,-,-,20160917,-
1043004,25407862,M436DRAFT_15260,M436DRAFT_15260,-,-,Unknown,-,hypothetical protein,protein-coding,-,-,-,-,20160917,-
1043004,25407863,M436DRAFT_15269,M436DRAFT_15269,-,-,Unknown,-,Het-C-domain-containing protein,protein-coding,-,-,-,-,20160917,-
1043004,25407864,M436DRAFT_15308,M436DRAFT_15308,-,-,Unknown,-,hypothetical protein,protein-coding,-,-,-,-,20160917,-
1043004,25407865,M436DRAFT_15395,M436DRAFT_15395,-,-,Unknown,-,NAD(P)-binding protein,protein-coding,-,-,-,-,20160917,-
1043004,25407866,M436DRAFT_15407,M436DRAFT_15407,-,-,Unknown,-,hypothetical protein,protein-coding,-,-,-,-,20151104,-
1043004,25407867,M436DRAFT_15414,M436DRAFT_15414,-,-,Unknown,-,hypothetical protein,protein-coding,-,-,-,-,20151104,-
1043004,25407868,M436DRAFT_15426,M436DRAFT_15426,-,-,Unknown,-,hypothetical protein,protein-coding,-,-,-,-,20160917,-
1043004,25407869,M436DRAFT_15428,M436DRAFT_15428,-,-,Unknown,-,nucleotide-diphospho-sugar transferase,protein-coding,-,-,-,-,20160917,-
1043004,25407870,M436DRAFT_15482,M436DRAFT_15482,-,-,Unknown,-,hypothetical protein,protein-coding,-,-,-,-,20160917,-
1043004,25407871,M436DRAFT_15504,M436DRAFT_15504,-,-,Unknown,-,hypothetical protein,protein-coding,-,-,-,-,20160917,-
1043004,25407872,M436DRAFT_15508,M436DRAFT_15508,-,-,Unknown,-,hypothetical protein,protein-coding,-,-,-,-,20160917,-
1043004,25407873,M436DRAFT_15562,M436DRAFT_15562,-,-,Unknown,-,hypothetical protein,protein-coding,-,-,-,-,20160917,-
1043004,25407874,M436DRAFT_15597,M436DRAFT_15597,-,-,Unknown,-,hypothetical protein,protein-coding,-,-,-,-,20160917,-
1043004,25407875,M436DRAFT_15621,M436DRAFT_15621,-,-,Unknown,-,ribonuclease III,protein-coding,-,-,-,-,20151212,-
1043004,25407876,M436DRAFT_15628,M436DRAFT_15628,-,-,Unknown,-,winged helix DNA-binding domain-containing protein,protein-coding,-,-,-,-,20160917,-
1043004,25407877,M436DRAFT_15631,M436DRAFT_15631,-,-,Unknown,-,heterokaryon incompatibility Het-C,protein-coding,-,-,-,-,20160917,-
1043004,25407878,M436DRAFT_15646,M436DRAFT_15646,-,-,Unknown,-,hypothetical protein,protein-coding,-,-,-,-,20160917,-
1043004,25407879,M436DRAFT_15669,M436DRAFT_15669,-,-,Unknown,-,hypothetical protein,protein-coding,-,-,-,-,20151212,-
1043004,25407880,M436DRAFT_15678,M436DRAFT_15678,-,-,Unknown,-,hypothetical protein,protein-coding,-,-,-,-,20160917,-
1043004,25407881,M436DRAFT_15691,M436DRAFT_15691,-,-,Unknown,-,SET domain-containing protein,protein-coding,-,-,-,-,20151212,-
1043004,25407882,M436DRAFT_15714,M436DRAFT_15714,-,-,Unknown,-,hypothetical protein,protein-coding,-,-,-,-,20160917,-
1043004,25407883,M436DRAFT_15781,M436DRAFT_15781,-,-,Unknown,-,hypothetical protein,protein-coding,-,-,-,-,20160917,-
1043004,25407884,M436DRAFT_15785,M436DRAFT_15785,-,-,Unknown,-,hypothetical protein,protein-coding,-,-,-,-,20160917,-
1043004,25407885,M436DRAFT_15847,M436DRAFT_15847,-,-,Unknown,-,hypothetical protein,protein-coding,-,-,-,-,20151104,-
1043004,25407886,M436DRAFT_15879,M436DRAFT_15879,-,-,Unknown,-,hypothetical protein,protein-coding,-,-,-,-,20160917,-
1043004,25407887,M436DRAFT_15880,M436DRAFT_15880,-,-,Unknown,-,hypothetical protein,protein-coding,-,-,-,-,20151212,-
1043004,25407888,M436DRAFT_15909,M436DRAFT_15909,-,-,Unknown,-,hypothetical protein,protein-coding,-,-,-,-,20160917,-
1043004,25407889,M436DRAFT_15947,M436DRAFT_15947,-,-,Unknown,-,cysteine proteinase,protein-coding,-,-,-,-,20160917,-
1043004,25407890,M436DRAFT_15959,M436DRAFT_15959,-,-,Unknown,-,phosphotransferase KptA/Tpt1,protein-coding,-,-,-,-,20160917,-
1043004,25407891,M436DRAFT_15984,M436DRAFT_15984,-,-,Unknown,-,DUF1613-domain-containing protein,protein-coding,-,-,-,-,20160325,-
1043004,25407892,M436DRAFT_15995,M436DRAFT_15995,-,-,Unknown,-,golgi membrane protein-like protein,protein-coding,-,-,-,-,20160917,-
1043004,25407893,M436DRAFT_16009,M436DRAFT_16009,-,-,Unknown,-,DUF367-domain-containing protein,protein-coding,-,-,-,-,20160917,-
1043004,25407894,M436DRAFT_16012,M436DRAFT_16012,-,-,Unknown,-,aquaporin,protein-coding,-,-,-,-,20160917,-
1043004,25407895,M436DRAFT_16043,M436DRAFT_16043,-,-,Unknown,-,YjgH family protein,protein-coding,-,-,-,-,20160917,-
1043004,25407896,M436DRAFT_16088,M436DRAFT_16088,-,-,Unknown,-,hypothetical protein,protein-coding,-,-,-,-,20160917,-
1043004,25407897,M436DRAFT_16099,M436DRAFT_16099,-,-,Unknown,-,hypothetical protein,protein-coding,-,-,-,-,20151104,-
1043004,25407898,M436DRAFT_16114,M436DRAFT_16114,-,-,Unknown,-,MRP-L47-domain-containing protein,protein-coding,-,-,-,-,20160917,-
1043004,25407899,M436DRAFT_16138,M436DRAFT_16138,-,-,Unknown,-,hypothetical protein,protein-coding,-,-,-,-,20160917,-
1043004,25407900,M436DRAFT_16139,M436DRAFT_16139,-,-,Unknown,-,hypothetical protein,protein-coding,-,-,-,-,20151104,-
1043004,25407901,M436DRAFT_16164,M436DRAFT_16164,-,-,Unknown,-,LexA/Signal peptidase,protein-coding,-,-,-,-,20151212,-
1043004,25407902,M436DRAFT_16184,M436DRAFT_16184,-,-,Unknown,-,hypothetical protein,protein-coding,-,-,-,-,20160917,-
1043004,25407903,M436DRAFT_16190,M436DRAFT_16190,-,-,Unknown,-,hypothetical protein,protein-coding,-,-,-,-,20160917,-
1043004,25407904,M436DRAFT_16220,M436DRAFT_16220,-,-,Unknown,-,hypothetical protein,protein-coding,-,-,-,-,20160917,-
1043004,25407905,M436DRAFT_16226,M436DRAFT_16226,-,-,Unknown,-,hypothetical protein,protein-coding,-,-,-,-,20151104,-
1043004,25407906,M436DRAFT_16265,M436DRAFT_16265,-,-,Unknown,-,DUF382-domain-containing protein,protein-coding,-,-,-,-,20160917,-
1043004,25407907,M436DRAFT_16349,M436DRAFT_16349,-,-,Unknown,-,hypothetical protein,protein-coding,-,-,-,-,20160917,-
1043004,25407908,M436DRAFT_16367,M436DRAFT_16367,-,-,Unknown,-,BAG domain-containing protein,protein-coding,-,-,-,-,20160917,-
1043004,25407909,M436DRAFT_16374,M436DRAFT_16374,-,-,Unknown,-,DCP2-domain-containing protein,protein-coding,-,-,-,-,20160917,-
1043004,25407910,M436DRAFT_16406,M436DRAFT_16406,-,-,Unknown,-,hypothetical protein,protein-coding,-,-,-,-,20160917,-
1043004,25407911,M436DRAFT_16440,M436DRAFT_16440,-,-,Unknown,-,Phox-like protein,protein-coding,-,-,-,-,20160917,-
1043004,25407912,M436DRAFT_16506,M436DRAFT_16506,-,-,Unknown,-,CheY-like protein,protein-coding,-,-,-,-,20151212,-
1043004,25407913,M436DRAFT_16511,M436DRAFT_16511,-,-,Unknown,-,nucleotide-diphospho-sugar transferase,protein-coding,-,-,-,-,20160917,-
1043004,25407914,M436DRAFT_16524,M436DRAFT_16524,-,-,Unknown,-,hypothetical protein,protein-coding,-,-,-,-,20151212,-
1043004,25407915,M436DRAFT_16533,M436DRAFT_16533,-,-,Unknown,-,Mpp10 protein,protein-coding,-,-,-,-,20151212,-
1043004,25407916,M436DRAFT_16579,M436DRAFT_16579,-,-,Unknown,-,hypothetical protein,protein-coding,-,-,-,-,20160917,-
1043004,25407917,M436DRAFT_16617,M436DRAFT_16617,-,-,Unknown,-,hypothetical protein,protein-coding,-,-,-,-,20151104,-
1043004,25407918,M436DRAFT_16653,M436DRAFT_16653,-,-,Unknown,-,hypothetical protein,protein-coding,-,-,-,-,20160917,-
1043004,25407919,M436DRAFT_16662,M436DRAFT_16662,-,-,Unknown,-,zincin,protein-coding,-,-,-,-,20160917,-
1043004,25407920,M436DRAFT_16680,M436DRAFT_16680,-,-,Unknown,-,alpha/beta-hydrolase,protein-coding,-,-,-,-,20160917,-
1043004,25407921,M436DRAFT_16684,M436DRAFT_16684,-,-,Unknown,-,DUF1000-domain-containing protein,protein-coding,-,-,-,-,20160917,-
1043004,25407922,M436DRAFT_16703,M436DRAFT_16703,-,-,Unknown,-,hypothetical protein,protein-coding,-,-,-,-,20160917,-
1043004,25407923,M436DRAFT_16705,M436DRAFT_16705,-,-,Unknown,-,hypothetical protein,protein-coding,-,-,-,-,20151104,-
1043004,25407924,M436DRAFT_16722,M436DRAFT_16722,-,-,Unknown,-,hypothetical protein,protein-coding,-,-,-,-,20151212,-
1043004,25407925,M436DRAFT_16731,M436DRAFT_16731,-,-,Unknown,-,hypothetical protein,protein-coding,-,-,-,-,20160917,-
1043004,25407926,M436DRAFT_16745,M436DRAFT_16745,-,-,Unknown,-,hypothetical protein,protein-coding,-,-,-,-,20160917,-
1043004,25407927,M436DRAFT_16771,M436DRAFT_16771,-,-,Unknown,-,hypothetical protein,protein-coding,-,-,-,-,20160917,-
1043004,25407928,M436DRAFT_16856,M436DRAFT_16856,-,-,Unknown,-,hypothetical protein,protein-coding,-,-,-,-,20160917,-
1043004,25407929,M436DRAFT_16887,M436DRAFT_16887,-,-,Unknown,-,hypothetical protein,protein-coding,-,-,-,-,20151104,-
1043004,25407930,M436DRAFT_16945,M436DRAFT_16945,-,-,Unknown,-,hypothetical protein,protein-coding,-,-,-,-,20160917,-
1043004,25407931,M436DRAFT_16958,M436DRAFT_16958,-,-,Unknown,-,hypothetical protein,protein-coding,-,-,-,-,20160325,-
1043004,25407932,M436DRAFT_16991,M436DRAFT_16991,-,-,Unknown,-,hypothetical protein,protein-coding,-,-,-,-,20160917,-
1043004,25407933,M436DRAFT_17001,M436DRAFT_17001,-,-,Unknown,-,hypothetical protein,protein-coding,-,-,-,-,20160917,-
1043004,25407934,M436DRAFT_17024,M436DRAFT_17024,-,-,Unknown,-,nucleotide-diphospho-sugar transferase,protein-coding,-,-,-,-,20160917,-
1043004,25407935,M436DRAFT_17065,M436DRAFT_17065,-,-,Unknown,-,hypothetical protein,protein-coding,-,-,-,-,20151212,-
1043004,25407936,M436DRAFT_17105,M436DRAFT_17105,-,-,Unknown,-,hypothetical protein,protein-coding,-,-,-,-,20160917,-
1043004,25407937,M436DRAFT_17123,M436DRAFT_17123,-,-,Unknown,-,hypothetical protein,protein-coding,-,-,-,-,20151212,-
1043004,25407938,M436DRAFT_17128,M436DRAFT_17128,-,-,Unknown,-,hypothetical protein,protein-coding,-,-,-,-,20151104,-
1043004,25407939,M436DRAFT_17137,M436DRAFT_17137,-,-,Unknown,-,Elf1-domain-containing protein,protein-coding,-,-,-,-,20160917,-
1043004,25407940,M436DRAFT_17163,M436DRAFT_17163,-,-,Unknown,-,glycoside hydrolase,protein-coding,-,-,-,-,20160917,-
1043004,25407941,M436DRAFT_17185,M436DRAFT_17185,-,-,Unknown,-,hypothetical protein,protein-coding,-,-,-,-,20160917,-
1043004,25407942,M436DRAFT_17188,M436DRAFT_17188,-,-,Unknown,-,hypothetical protein,protein-coding,-,-,-,-,20160917,-
1043004,25407943,M436DRAFT_17199,M436DRAFT_17199,-,-,Unknown,-,hypothetical protein,protein-coding,-,-,-,-,20151104,-
1043004,25407944,M436DRAFT_17211,M436DRAFT_17211,-,-,Unknown,-,hypothetical protein,protein-coding,-,-,-,-,20160917,-
1043004,25407945,M436DRAFT_17230,M436DRAFT_17230,-,-,Unknown,-,ankyrin,protein-coding,-,-,-,-,20160917,-
1043004,25407946,M436DRAFT_17235,M436DRAFT_17235,-,-,Unknown,-,plasma membrane proteolipid 3,protein-coding,-,-,-,-,20160917,-
1043004,25407947,M436DRAFT_17250,M436DRAFT_17250,-,-,Unknown,-,hypothetical protein,protein-coding,-,-,-,-,20151104,-
1043004,25407948,M436DRAFT_17264,M436DRAFT_17264,-,-,Unknown,-,hypothetical protein,protein-coding,-,-,-,-,20160325,-
1043004,25407949,M436DRAFT_17274,M436DRAFT_17274,-,-,Unknown,-,hypothetical protein,protein-coding,-,-,-,-,20160917,-
1043004,25407950,M436DRAFT_17326,M436DRAFT_17326,-,-,Unknown,-,hypothetical protein,protein-coding,-,-,-,-,20160917,-
1043004,25407951,M436DRAFT_17332,M436DRAFT_17332,-,-,Unknown,-,putative Reticulon-like protein 1,protein-coding,-,-,-,-,20160917,-
1043004,25407952,M436DRAFT_17334,M436DRAFT_17334,-,-,Unknown,-,DUF803-domain-containing protein,protein-coding,-,-,-,-,20160917,-
1043004,25407953,M436DRAFT_17374,M436DRAFT_17374,-,-,Unknown,-,hypothetical protein,protein-coding,-,-,-,-,20151104,-
1043004,25407954,M436DRAFT_17381,M436DRAFT_17381,-,-,Unknown,-,hypothetical protein,protein-coding,-,-,-,-,20160325,-
1043004,25407955,M436DRAFT_17395,M436DRAFT_17395,-,-,Unknown,-,hypothetical protein,protein-coding,-,-,-,-,20151104,-
1043004,25407956,M436DRAFT_17457,M436DRAFT_17457,-,-,Unknown,-,hypothetical protein,protein-coding,-,-,-,-,20160917,-
1043004,25407957,M436DRAFT_17489,M436DRAFT_17489,-,-,Unknown,-,hypothetical protein,protein-coding,-,-,-,-,20160917,-
1043004,25407958,M436DRAFT_17499,M436DRAFT_17499,-,-,Unknown,-,hypothetical protein,protein-coding,-,-,-,-,20160917,-
1043004,25407959,M436DRAFT_17500,M436DRAFT_17500,-,-,Unknown,-,LNS2-domain-containing protein,protein-coding,-,-,-,-,20160917,-
1043004,25407960,M436DRAFT_17505,M436DRAFT_17505,-,-,Unknown,-,hypothetical protein,protein-coding,-,-,-,-,20151104,-
1043004,25407961,M436DRAFT_17531,M436DRAFT_17531,-,-,Unknown,-,phospholipase-like protein A2,protein-coding,-,-,-,-,20151212,-
1043004,25407962,M436DRAFT_17540,M436DRAFT_17540,-,-,Unknown,-,hypothetical protein,protein-coding,-,-,-,-,20160917,-
1043004,25407963,M436DRAFT_17570,M436DRAFT_17570,-,-,Unknown,-,ras small GTPase,protein-coding,-,-,-,-,20160917,-
1043004,25407964,M436DRAFT_17573,M436DRAFT_17573,-,-,Unknown,-,hypothetical protein,protein-coding,-,-,-,-,20151104,-
1043004,25407965,M436DRAFT_17574,M436DRAFT_17574,-,-,Unknown,-,hypothetical protein,protein-coding,-,-,-,-,20151104,-
1043004,25407966,M436DRAFT_17587,M436DRAFT_17587,-,-,Unknown,-,FAD/NAD(P)-binding domain-containing protein,protein-coding,-,-,-,-,20160917,-
1043004,25407967,M436DRAFT_17589,M436DRAFT_17589,-,-,Unknown,-,MFS general substrate transporter,protein-coding,-,-,-,-,20160917,-
1043004,25407968,M436DRAFT_17647,M436DRAFT_17647,-,-,Unknown,-,hypothetical protein,protein-coding,-,-,-,-,20160325,-
1043004,25407969,M436DRAFT_17660,M436DRAFT_17660,-,-,Unknown,-,DUF1768-domain-containing protein,protein-coding,-,-,-,-,20160917,-
1043004,25407970,M436DRAFT_17690,M436DRAFT_17690,-,-,Unknown,-,hypothetical protein,protein-coding,-,-,-,-,20151212,-
1043004,25407971,M436DRAFT_17705,M436DRAFT_17705,-,-,Unknown,-,hypothetical protein,protein-coding,-,-,-,-,20160917,-
1043004,25407972,M436DRAFT_17722,M436DRAFT_17722,-,-,Unknown,-,hypothetical protein,protein-coding,-,-,-,-,20160917,-
1043004,25407973,M436DRAFT_17725,M436DRAFT_17725,-,-,Unknown,-,hypothetical protein,protein-coding,-,-,-,-,20151104,-
1043004,25407974,M436DRAFT_17739,M436DRAFT_17739,-,-,Unknown,-,hypothetical protein,protein-coding,-,-,-,-,20160917,-
1043004,25407975,M436DRAFT_17766,M436DRAFT_17766,-,-,Unknown,-,hypothetical protein,protein-coding,-,-,-,-,20160917,-
1043004,25407976,M436DRAFT_17788,M436DRAFT_17788,-,-,Unknown,-,translational machinery component,protein-coding,-,-,-,-,20160917,-
1043004,25407977,M436DRAFT_17850,M436DRAFT_17850,-,-,Unknown,-,glycosyl hydrolase domain-containing protein,protein-coding,-,-,-,-,20151212,-
1043004,25407978,M436DRAFT_17856,M436DRAFT_17856,-,-,Unknown,-,chalcone isomerase,protein-coding,-,-,-,-,20160917,-
1043004,25407979,M436DRAFT_17859,M436DRAFT_17859,-,-,Unknown,-,kinase-like protein,protein-coding,-,-,-,-,20160917,-
1043004,25407980,M436DRAFT_17864,M436DRAFT_17864,-,-,Unknown,-,kinase-like protein,protein-coding,-,-,-,-,20151212,-
1043004,25407981,M436DRAFT_17887,M436DRAFT_17887,-,-,Unknown,-,high mobility group box,protein-coding,-,-,-,-,20151212,-
1043004,25407982,M436DRAFT_17889,M436DRAFT_17889,-,-,Unknown,-,hypothetical protein,protein-coding,-,-,-,-,20160917,-
1043004,25407983,M436DRAFT_17890,M436DRAFT_17890,-,-,Unknown,-,hypothetical protein,protein-coding,-,-,-,-,20160917,-
1043004,25407984,M436DRAFT_17905,M436DRAFT_17905,-,-,Unknown,-,hypothetical protein,protein-coding,-,-,-,-,20160917,-
1043004,25407985,M436DRAFT_17909,M436DRAFT_17909,-,-,Unknown,-,hypothetical protein,protein-coding,-,-,-,-,20160917,-
1043004,25407986,M436DRAFT_17920,M436DRAFT_17920,-,-,Unknown,-,adenine nucleotide alpha hydrolases-like protein,protein-coding,-,-,-,-,20151212,-
1043004,25407987,M436DRAFT_17923,M436DRAFT_17923,-,-,Unknown,-,hypothetical protein,protein-coding,-,-,-,-,20160917,-
1043004,25407988,M436DRAFT_17934,M436DRAFT_17934,-,-,Unknown,-,hypothetical protein,protein-coding,-,-,-,-,20160917,-
1043004,25407989,M436DRAFT_17937,M436DRAFT_17937,-,-,Unknown,-,phosphoglycerate mutase-like protein,protein-coding,-,-,-,-,20160917,-
1043004,25407990,M436DRAFT_17968,M436DRAFT_17968,-,-,Unknown,-,hypothetical protein,protein-coding,-,-,-,-,20160917,-
1043004,25407991,M436DRAFT_17980,M436DRAFT_17980,-,-,Unknown,-,histone-fold-containing protein,protein-coding,-,-,-,-,20160917,-
1043004,25407992,M436DRAFT_17986,M436DRAFT_17986,-,-,Unknown,-,hypothetical protein,protein-coding,-,-,-,-,20151212,-
1043004,25407993,M436DRAFT_18016,M436DRAFT_18016,-,-,Unknown,-,hypothetical protein,protein-coding,-,-,-,-,20160917,-
1043004,25407994,M436DRAFT_18036,M436DRAFT_18036,-,-,Unknown,-,PAP2-domain-containing protein,protein-coding,-,-,-,-,20160917,-
1043004,25407995,M436DRAFT_18050,M436DRAFT_18050,-,-,Unknown,-,hypothetical protein,protein-coding,-,-,-,-,20160917,-
1043004,25407996,M436DRAFT_18078,M436DRAFT_18078,-,-,Unknown,-,hypothetical protein,protein-coding,-,-,-,-,20160917,-
1043004,25407997,M436DRAFT_18080,M436DRAFT_18080,-,-,Unknown,-,hypothetical protein,protein-coding,-,-,-,-,20160917,-
1043004,25407998,M436DRAFT_18120,M436DRAFT_18120,-,-,Unknown,-,UDP-Glycosyltransferase/glycogen phosphorylase,protein-coding,-,-,-,-,20151212,-
1043004,25407999,M436DRAFT_18129,M436DRAFT_18129,-,-,Unknown,-,hypothetical protein,protein-coding,-,-,-,-,20151104,-
1043004,25408000,M436DRAFT_18158,M436DRAFT_18158,-,-,Unknown,-,hypothetical protein,protein-coding,-,-,-,-,20160917,-
1043004,25408001,M436DRAFT_18162,M436DRAFT_18162,-,-,Unknown,-,hypothetical protein,protein-coding,-,-,-,-,20151104,-
1043004,25408002,M436DRAFT_18169,M436DRAFT_18169,-,-,Unknown,-,hypothetical protein,protein-coding,-,-,-,-,20151104,-
1043004,25408003,M436DRAFT_18220,M436DRAFT_18220,-,-,Unknown,-,DUF1168-domain-containing protein,protein-coding,-,-,-,-,20160917,-
1043004,25408004,M436DRAFT_18234,M436DRAFT_18234,-,-,Unknown,-,hypothetical protein,protein-coding,-,-,-,-,20151104,-
1043004,25408005,M436DRAFT_18320,M436DRAFT_18320,-,-,Unknown,-,glycoside hydrolase,protein-coding,-,-,-,-,20160917,-
1043004,25408006,M436DRAFT_18332,M436DRAFT_18332,-,-,Unknown,-,hypothetical protein,protein-coding,-,-,-,-,20160917,-
1043004,25408007,M436DRAFT_18347,M436DRAFT_18347,-,-,Unknown,-,hypothetical protein,protein-coding,-,-,-,-,20160917,-
1043004,25408008,M436DRAFT_18365,M436DRAFT_18365,-,-,Unknown,-,WD40 repeat-like protein,protein-coding,-,-,-,-,20160917,-
1043004,25408009,M436DRAFT_18392,M436DRAFT_18392,-,-,Unknown,-,hypothetical protein,protein-coding,-,-,-,-,20160917,-
1043004,25408010,M436DRAFT_18396,M436DRAFT_18396,-,-,Unknown,-,ribosomal protein L13,protein-coding,-,-,-,-,20160917,-
1043004,25408011,M436DRAFT_18399,M436DRAFT_18399,-,-,Unknown,-,hypothetical protein,protein-coding,-,-,-,-,20160325,-
1043004,25408012,M436DRAFT_18426,M436DRAFT_18426,-,-,Unknown,-,hypothetical protein,protein-coding,-,-,-,-,20160917,-
1043004,25408013,M436DRAFT_18478,M436DRAFT_18478,-,-,Unknown,-,EF-hand,protein-coding,-,-,-,-,20160917,-
1043004,25408014,M436DRAFT_18491,M436DRAFT_18491,-,-,Unknown,-,hypothetical protein,protein-coding,-,-,-,-,20160917,-
1043004,25408015,M436DRAFT_18527,M436DRAFT_18527,-,-,Unknown,-,hypothetical protein,protein-coding,-,-,-,-,20160917,-
1043004,25408016,M436DRAFT_18528,M436DRAFT_18528,-,-,Unknown,-,hypothetical protein,protein-coding,-,-,-,-,20151104,-
1043004,25408017,M436DRAFT_18534,M436DRAFT_18534,-,-,Unknown,-,hypothetical protein,protein-coding,-,-,-,-,20151104,-
1043004,25408018,M436DRAFT_18611,M436DRAFT_18611,-,-,Unknown,-,hypothetical protein,protein-coding,-,-,-,-,20160917,-
1043004,25408019,M436DRAFT_18612,M436DRAFT_18612,-,-,Unknown,-,hypothetical protein,protein-coding,-,-,-,-,20151104,-
1043004,25408020,M436DRAFT_18617,M436DRAFT_18617,-,-,Unknown,-,thiolase,protein-coding,-,-,-,-,20151212,-
1043004,25408021,M436DRAFT_18667,M436DRAFT_18667,-,-,Unknown,-,hypothetical protein,protein-coding,-,-,-,-,20160917,-
1043004,25408022,M436DRAFT_18697,M436DRAFT_18697,-,-,Unknown,-,hypothetical protein,protein-coding,-,-,-,-,20151104,-
1043004,25408023,M436DRAFT_18792,M436DRAFT_18792,-,-,Unknown,-,hypothetical protein,protein-coding,-,-,-,-,20151212,-
1043004,25408024,M436DRAFT_18997,M436DRAFT_18997,-,-,Unknown,-,hypothetical protein,protein-coding,-,-,-,-,20151104,-
1043004,25408025,M436DRAFT_18998,M436DRAFT_18998,-,-,Unknown,-,hypothetical protein,protein-coding,-,-,-,-,20160917,-
1043004,25408026,M436DRAFT_19126,M436DRAFT_19126,-,-,Unknown,-,hypothetical protein,protein-coding,-,-,-,-,20151104,-
1043004,25408027,M436DRAFT_19231,M436DRAFT_19231,-,-,Unknown,-,alpha/beta-hydrolase,protein-coding,-,-,-,-,20160917,-
1043004,25408028,M436DRAFT_19405,M436DRAFT_19405,-,-,Unknown,-,hypothetical protein,protein-coding,-,-,-,-,20151104,-
1043004,25408029,M436DRAFT_19437,M436DRAFT_19437,-,-,Unknown,-,hypothetical protein,protein-coding,-,-,-,-,20151104,-
1043004,25408030,M436DRAFT_19484,M436DRAFT_19484,-,-,Unknown,-,hypothetical protein,protein-coding,-,-,-,-,20151104,-
1043004,25408031,M436DRAFT_19503,M436DRAFT_19503,-,-,Unknown,-,hypothetical protein,protein-coding,-,-,-,-,20160325,-
1043004,25408032,M436DRAFT_19662,M436DRAFT_19662,-,-,Unknown,-,hypothetical protein,protein-coding,-,-,-,-,20151104,-
1043004,25408033,M436DRAFT_19701,M436DRAFT_19701,-,-,Unknown,-,hypothetical protein,protein-coding,-,-,-,-,20151104,-
1043004,25408034,M436DRAFT_19715,M436DRAFT_19715,-,-,Unknown,-,hypothetical protein,protein-coding,-,-,-,-,20160325,-
1043004,25408035,M436DRAFT_19719,M436DRAFT_19719,-,-,Unknown,-,hypothetical protein,protein-coding,-,-,-,-,20160917,-
1043004,25408036,M436DRAFT_19744,M436DRAFT_19744,-,-,Unknown,-,hypothetical protein,protein-coding,-,-,-,-,20160917,-
1043004,25408037,M436DRAFT_19863,M436DRAFT_19863,-,-,Unknown,-,hypothetical protein,protein-coding,-,-,-,-,20160325,-
1043004,25408038,M436DRAFT_19969,M436DRAFT_19969,-,-,Unknown,-,hypothetical protein,protein-coding,-,-,-,-,20151104,-
1043004,25408039,M436DRAFT_19986,M436DRAFT_19986,-,-,Unknown,-,HSP20-like chaperone,protein-coding,-,-,-,-,20151212,-
1043004,25408040,M436DRAFT_20051,M436DRAFT_20051,-,-,Unknown,-,hypothetical protein,protein-coding,-,-,-,-,20160917,-
1043004,25408041,M436DRAFT_20055,M436DRAFT_20055,-,-,Unknown,-,hypothetical protein,protein-coding,-,-,-,-,20160917,-
1043004,25408042,M436DRAFT_20060,M436DRAFT_20060,-,-,Unknown,-,FAD dependent oxidoreductase,protein-coding,-,-,-,-,20160917,-
1043004,25408043,M436DRAFT_20192,M436DRAFT_20192,-,-,Unknown,-,hypothetical protein,protein-coding,-,-,-,-,20160917,-
1043004,25408044,M436DRAFT_20194,M436DRAFT_20194,-,-,Unknown,-,hypothetical protein,protein-coding,-,-,-,-,20151104,-
1043004,25408045,M436DRAFT_20219,M436DRAFT_20219,-,-,Unknown,-,hypothetical protein,protein-coding,-,-,-,-,20151104,-
1043004,25408046,M436DRAFT_20241,M436DRAFT_20241,-,-,Unknown,-,hypothetical protein,protein-coding,-,-,-,-,20151104,-
1043004,25408047,M436DRAFT_20275,M436DRAFT_20275,-,-,Unknown,-,hypothetical protein,protein-coding,-,-,-,-,20151104,-
1043004,25408048,M436DRAFT_20293,M436DRAFT_20293,-,-,Unknown,-,hypothetical protein,protein-coding,-,-,-,-,20160917,-
1043004,25408049,M436DRAFT_20350,M436DRAFT_20350,-,-,Unknown,-,hypothetical protein,protein-coding,-,-,-,-,20151104,-
1043004,25408050,M436DRAFT_20403,M436DRAFT_20403,-,-,Unknown,-,Fe superoxide dismutase-like protein,protein-coding,-,-,-,-,20160917,-
1043004,25408051,M436DRAFT_20500,M436DRAFT_20500,-,-,Unknown,-,S-adenosyl-L-methionine-dependent methyltransferase,protein-coding,-,-,-,-,20160917,-
1043004,25408052,M436DRAFT_20515,M436DRAFT_20515,-,-,Unknown,-,ribosomal protein L1,protein-coding,-,-,-,-,20151212,-
1043004,25408053,M436DRAFT_20537,M436DRAFT_20537,-,-,Unknown,-,Rpl24ap,protein-coding,-,-,-,-,20160917,-
1043004,25408054,M436DRAFT_20644,M436DRAFT_20644,-,-,Unknown,-,hypothetical protein,protein-coding,-,-,-,-,20151104,-
1043004,25408055,M436DRAFT_20651,M436DRAFT_20651,-,-,Unknown,-,hypothetical protein,protein-coding,-,-,-,-,20160917,-
1043004,25408056,M436DRAFT_20697,M436DRAFT_20697,-,-,Unknown,-,hypothetical protein,protein-coding,-,-,-,-,20160917,-
1043004,25408057,M436DRAFT_20781,M436DRAFT_20781,-,-,Unknown,-,hypothetical protein,protein-coding,-,-,-,-,20160917,-
1043004,25408058,M436DRAFT_20836,M436DRAFT_20836,-,-,Unknown,-,hypothetical protein,protein-coding,-,-,-,-,20160917,-
1043004,25408059,M436DRAFT_20898,M436DRAFT_20898,-,-,Unknown,-,hypothetical protein,protein-coding,-,-,-,-,20151212,-
1043004,25408060,M436DRAFT_20959,M436DRAFT_20959,-,-,Unknown,-,hypothetical protein,protein-coding,-,-,-,-,20170520,-
1043004,25408061,M436DRAFT_20970,M436DRAFT_20970,-,-,Unknown,-,S-adenosyl-L-methionine-dependent methyltransferase,protein-coding,-,-,-,-,20160917,-
1043004,25408062,M436DRAFT_21109,M436DRAFT_21109,-,-,Unknown,-,hypothetical protein,protein-coding,-,-,-,-,20151104,-
1043004,25408063,M436DRAFT_21160,M436DRAFT_21160,-,-,Unknown,-,hypothetical protein,protein-coding,-,-,-,-,20160917,-
1043004,25408064,M436DRAFT_21369,M436DRAFT_21369,-,-,Unknown,-,ankyrin,protein-coding,-,-,-,-,20160917,-
1043004,25408065,M436DRAFT_21392,M436DRAFT_21392,-,-,Unknown,-,hypothetical protein,protein-coding,-,-,-,-,20151212,-
1043004,25408066,M436DRAFT_21405,M436DRAFT_21405,-,-,Unknown,-,hypothetical protein,protein-coding,-,-,-,-,20151104,-
1043004,25408067,M436DRAFT_21519,M436DRAFT_21519,-,-,Unknown,-,hypothetical protein,protein-coding,-,-,-,-,20151104,-
1043004,25408068,M436DRAFT_21547,M436DRAFT_21547,-,-,Unknown,-,hypothetical protein,protein-coding,-,-,-,-,20151104,-
1043004,25408069,M436DRAFT_21590,M436DRAFT_21590,-,-,Unknown,-,HCP-like protein,protein-coding,-,-,-,-,20151104,-
1043004,25408070,M436DRAFT_21602,M436DRAFT_21602,-,-,Unknown,-,hypothetical protein,protein-coding,-,-,-,-,20151104,-
1043004,25408071,M436DRAFT_21814,M436DRAFT_21814,-,-,Unknown,-,hypothetical protein,protein-coding,-,-,-,-,20151104,-
1043004,25408072,M436DRAFT_21899,M436DRAFT_21899,-,-,Unknown,-,hypothetical protein,protein-coding,-,-,-,-,20160917,-
1043004,25408073,M436DRAFT_21951,M436DRAFT_21951,-,-,Unknown,-,hypothetical protein,protein-coding,-,-,-,-,20151104,-
1043004,25408074,M436DRAFT_22010,M436DRAFT_22010,-,-,Unknown,-,hypothetical protein,protein-coding,-,-,-,-,20160325,-
1043004,25408075,M436DRAFT_22099,M436DRAFT_22099,-,-,Unknown,-,hypothetical protein,protein-coding,-,-,-,-,20151104,-
1043004,25408076,M436DRAFT_22184,M436DRAFT_22184,-,-,Unknown,-,hypothetical protein,protein-coding,-,-,-,-,20160917,-
1043004,25408077,M436DRAFT_22206,M436DRAFT_22206,-,-,Unknown,-,hypothetical protein,protein-coding,-,-,-,-,20160917,-
1043004,25408078,M436DRAFT_22245,M436DRAFT_22245,-,-,Unknown,-,hypothetical protein,protein-coding,-,-,-,-,20151104,-
1043004,25408079,M436DRAFT_22322,M436DRAFT_22322,-,-,Unknown,-,hypothetical protein,protein-coding,-,-,-,-,20151212,-
1043004,25408080,M436DRAFT_22393,M436DRAFT_22393,-,-,Unknown,-,histone-fold-containing protein,protein-coding,-,-,-,-,20151212,-
1043004,25408081,M436DRAFT_22430,M436DRAFT_22430,-,-,Unknown,-,hypothetical protein,protein-coding,-,-,-,-,20160917,-
1043004,25408082,M436DRAFT_22488,M436DRAFT_22488,-,-,Unknown,-,hypothetical protein,protein-coding,-,-,-,-,20151104,-
1043004,25408083,M436DRAFT_22517,M436DRAFT_22517,-,-,Unknown,-,hypothetical protein,protein-coding,-,-,-,-,20160917,-
1043004,25408084,M436DRAFT_22550,M436DRAFT_22550,-,-,Unknown,-,heat shock protein DnaJ,protein-coding,-,-,-,-,20160917,-
1043004,25408085,M436DRAFT_22563,M436DRAFT_22563,-,-,Unknown,-,hypothetical protein,protein-coding,-,-,-,-,20160917,-
1043004,25408086,M436DRAFT_22609,M436DRAFT_22609,-,-,Unknown,-,hypothetical protein,protein-coding,-,-,-,-,20151104,-
1043004,25408087,M436DRAFT_22760,M436DRAFT_22760,-,-,Unknown,-,WSC-domain-containing protein,protein-coding,-,-,-,-,20160917,-
1043004,25408088,M436DRAFT_22771,M436DRAFT_22771,-,-,Unknown,-,hypothetical protein,protein-coding,-,-,-,-,20160917,-
1043004,25408089,M436DRAFT_22786,M436DRAFT_22786,-,-,Unknown,-,hypothetical protein,protein-coding,-,-,-,-,20160917,-
1043004,25408090,M436DRAFT_22810,M436DRAFT_22810,-,-,Unknown,-,kinase-like protein,protein-coding,-,-,-,-,20151212,-
1043004,25408091,M436DRAFT_22885,M436DRAFT_22885,-,-,Unknown,-,WSC domain-containing protein,protein-coding,-,-,-,-,20160917,-
1043004,25408092,M436DRAFT_22927,M436DRAFT_22927,-,-,Unknown,-,hypothetical protein,protein-coding,-,-,-,-,20160917,-
1043004,25408093,M436DRAFT_22950,M436DRAFT_22950,-,-,Unknown,-,hypothetical protein,protein-coding,-,-,-,-,20160917,-
1043004,25408094,M436DRAFT_23071,M436DRAFT_23071,-,-,Unknown,-,hypothetical protein,protein-coding,-,-,-,-,20160917,-
1043004,25408095,M436DRAFT_23129,M436DRAFT_23129,-,-,Unknown,-,hypothetical protein,protein-coding,-,-,-,-,20151104,-
1043004,25408096,M436DRAFT_23131,M436DRAFT_23131,-,-,Unknown,-,hypothetical protein,protein-coding,-,-,-,-,20160917,-
1043004,25408097,M436DRAFT_23151,M436DRAFT_23151,-,-,Unknown,-,hypothetical protein,protein-coding,-,-,-,-,20160917,-
1043004,25408098,M436DRAFT_23180,M436DRAFT_23180,-,-,Unknown,-,hypothetical protein,protein-coding,-,-,-,-,20151104,-
1043004,25408099,M436DRAFT_23255,M436DRAFT_23255,-,-,Unknown,-,hypothetical protein,protein-coding,-,-,-,-,20151104,-
1043004,25408100,M436DRAFT_23315,M436DRAFT_23315,-,-,Unknown,-,hypothetical protein,protein-coding,-,-,-,-,20160917,-
1043004,25408101,M436DRAFT_23347,M436DRAFT_23347,-,-,Unknown,-,DnaJ-domain-containing protein,protein-coding,-,-,-,-,20160917,-
1043004,25408102,M436DRAFT_23458,M436DRAFT_23458,-,-,Unknown,-,hypothetical protein,protein-coding,-,-,-,-,20151104,-
1043004,25408103,M436DRAFT_23464,M436DRAFT_23464,-,-,Unknown,-,hypothetical protein,protein-coding,-,-,-,-,20151104,-
1043004,25408104,M436DRAFT_23483,M436DRAFT_23483,-,-,Unknown,-,concanavalin A-like lectin/glucanase,protein-coding,-,-,-,-,20151212,-
1043004,25408105,M436DRAFT_23553,M436DRAFT_23553,-,-,Unknown,-,Formate/nitrite transporter,protein-coding,-,-,-,-,20160917,-
1043004,25408106,M436DRAFT_23572,M436DRAFT_23572,-,-,Unknown,-,hypothetical protein,protein-coding,-,-,-,-,20160917,-
1043004,25408107,M436DRAFT_23576,M436DRAFT_23576,-,-,Unknown,-,hypothetical protein,protein-coding,-,-,-,-,20151104,-
1043004,25408108,M436DRAFT_23581,M436DRAFT_23581,-,-,Unknown,-,hypothetical protein,protein-coding,-,-,-,-,20151104,-
1043004,25408109,M436DRAFT_23633,M436DRAFT_23633,-,-,Unknown,-,zincin,protein-coding,-,-,-,-,20160917,-
1043004,25408110,M436DRAFT_23718,M436DRAFT_23718,-,-,Unknown,-,WSC-domain-containing protein,protein-coding,-,-,-,-,20160917,-
1043004,25408111,M436DRAFT_23740,M436DRAFT_23740,-,-,Unknown,-,hypothetical protein,protein-coding,-,-,-,-,20151104,-
1043004,25408112,M436DRAFT_23766,M436DRAFT_23766,-,-,Unknown,-,hypothetical protein,protein-coding,-,-,-,-,20151104,-
1043004,25408113,M436DRAFT_23805,M436DRAFT_23805,-,-,Unknown,-,hypothetical protein,protein-coding,-,-,-,-,20151104,-
1043004,25408114,M436DRAFT_23904,M436DRAFT_23904,-,-,Unknown,-,hypothetical protein,protein-coding,-,-,-,-,20160917,-
1043004,25408115,M436DRAFT_23963,M436DRAFT_23963,-,-,Unknown,-,hypothetical protein,protein-coding,-,-,-,-,20160917,-
1043004,25408116,M436DRAFT_24027,M436DRAFT_24027,-,-,Unknown,-,hypothetical protein,protein-coding,-,-,-,-,20160917,-
1043004,25408117,M436DRAFT_24071,M436DRAFT_24071,-,-,Unknown,-,hypothetical protein,protein-coding,-,-,-,-,20160325,-
1043004,25408118,M436DRAFT_24100,M436DRAFT_24100,-,-,Unknown,-,hypothetical protein,protein-coding,-,-,-,-,20160917,-
1043004,25408119,M436DRAFT_24241,M436DRAFT_24241,-,-,Unknown,-,Arginase/deacetylase,protein-coding,-,-,-,-,20151212,-
1043004,25408120,M436DRAFT_24251,M436DRAFT_24251,-,-,Unknown,-,hypothetical protein,protein-coding,-,-,-,-,20151104,-
1043004,25408121,M436DRAFT_24311,M436DRAFT_24311,-,-,Unknown,-,glycoside hydrolase,protein-coding,-,-,-,-,20160917,-
1043004,25408122,M436DRAFT_24561,M436DRAFT_24561,-,-,Unknown,-,plant expansin,protein-coding,-,-,-,-,20160917,-
1043004,25408123,M436DRAFT_24623,M436DRAFT_24623,-,-,Unknown,-,hypothetical protein,protein-coding,-,-,-,-,20151104,-
1043004,25408124,M436DRAFT_24661,M436DRAFT_24661,-,-,Unknown,-,hypothetical protein,protein-coding,-,-,-,-,20151212,-
1043004,25408125,M436DRAFT_24687,M436DRAFT_24687,-,-,Unknown,-,hypothetical protein,protein-coding,-,-,-,-,20151104,-
1043004,25408126,M436DRAFT_24688,M436DRAFT_24688,-,-,Unknown,-,hypothetical protein,protein-coding,-,-,-,-,20160917,-
1043004,25408127,M436DRAFT_24837,M436DRAFT_24837,-,-,Unknown,-,hypothetical protein,protein-coding,-,-,-,-,20151104,-
1043004,25408128,M436DRAFT_24869,M436DRAFT_24869,-,-,Unknown,-,hypothetical protein,protein-coding,-,-,-,-,20151104,-
1043004,25408129,M436DRAFT_24939,M436DRAFT_24939,-,-,Unknown,-,hypothetical protein,protein-coding,-,-,-,-,20160917,-
1043004,25408130,M436DRAFT_25020,M436DRAFT_25020,-,-,Unknown,-,hypothetical protein,protein-coding,-,-,-,-,20151212,-
1043004,25408131,M436DRAFT_25061,M436DRAFT_25061,-,-,Unknown,-,hypothetical protein,protein-coding,-,-,-,-,20151104,-
1043004,25408132,M436DRAFT_25101,M436DRAFT_25101,-,-,Unknown,-,hypothetical protein,protein-coding,-,-,-,-,20151104,-
1043004,25408133,M436DRAFT_25181,M436DRAFT_25181,-,-,Unknown,-,hypothetical protein,protein-coding,-,-,-,-,20151212,-
1043004,25408134,M436DRAFT_25226,M436DRAFT_25226,-,-,Unknown,-,hypothetical protein,protein-coding,-,-,-,-,20160917,-
1043004,25408135,M436DRAFT_25235,M436DRAFT_25235,-,-,Unknown,-,hypothetical protein,protein-coding,-,-,-,-,20151104,-
1043004,25408136,M436DRAFT_25260,M436DRAFT_25260,-,-,Unknown,-,hypothetical protein,protein-coding,-,-,-,-,20151104,-
1043004,25408137,M436DRAFT_25309,M436DRAFT_25309,-,-,Unknown,-,hypothetical protein,protein-coding,-,-,-,-,20160325,-
1043004,25408138,M436DRAFT_25323,M436DRAFT_25323,-,-,Unknown,-,hypothetical protein,protein-coding,-,-,-,-,20160917,-
1043004,25408139,M436DRAFT_25342,M436DRAFT_25342,-,-,Unknown,-,RNA-binding domain-containing protein,protein-coding,-,-,-,-,20160917,-
1043004,25408140,M436DRAFT_25350,M436DRAFT_25350,-,-,Unknown,-,hypothetical protein,protein-coding,-,-,-,-,20160325,-
1043004,25408141,M436DRAFT_25395,M436DRAFT_25395,-,-,Unknown,-,hypothetical protein,protein-coding,-,-,-,-,20160917,-
1043004,25408142,M436DRAFT_25434,M436DRAFT_25434,-,-,Unknown,-,hypothetical protein,protein-coding,-,-,-,-,20160917,-
1043004,25408143,M436DRAFT_25506,M436DRAFT_25506,-,-,Unknown,-,SMAD/FHA domain-containing protein,protein-coding,-,-,-,-,20151212,-
1043004,25408144,M436DRAFT_25512,M436DRAFT_25512,-,-,Unknown,-,hypothetical protein,protein-coding,-,-,-,-,20151212,-
1043004,25408145,M436DRAFT_25539,M436DRAFT_25539,-,-,Unknown,-,hypothetical protein,protein-coding,-,-,-,-,20151104,-
1043004,25408146,M436DRAFT_25629,M436DRAFT_25629,-,-,Unknown,-,hypothetical protein,protein-coding,-,-,-,-,20151104,-
1043004,25408147,M436DRAFT_25653,M436DRAFT_25653,-,-,Unknown,-,hypothetical protein,protein-coding,-,-,-,-,20160917,-
1043004,25408148,M436DRAFT_25702,M436DRAFT_25702,-,-,Unknown,-,hypothetical protein,protein-coding,-,-,-,-,20151104,-
1043004,25408149,M436DRAFT_25754,M436DRAFT_25754,-,-,Unknown,-,hypothetical protein,protein-coding,-,-,-,-,20160917,-
1043004,25408150,M436DRAFT_25815,M436DRAFT_25815,-,-,Unknown,-,hypothetical protein,protein-coding,-,-,-,-,20160917,-
1043004,25408151,M436DRAFT_25843,M436DRAFT_25843,-,-,Unknown,-,hypothetical protein,protein-coding,-,-,-,-,20160917,-
1043004,25408152,M436DRAFT_25886,M436DRAFT_25886,-,-,Unknown,-,Cloroperoxidase,protein-coding,-,-,-,-,20160917,-
1043004,25408153,M436DRAFT_26013,M436DRAFT_26013,-,-,Unknown,-,DEAD-domain-containing protein,protein-coding,-,-,-,-,20151212,-
1043004,25408154,M436DRAFT_26027,M436DRAFT_26027,-,-,Unknown,-,hypothetical protein,protein-coding,-,-,-,-,20151104,-
1043004,25408155,M436DRAFT_26045,M436DRAFT_26045,-,-,Unknown,-,DHS-like NAD/FAD-binding domain-containing protein,protein-coding,-,-,-,-,20151212,-
1043004,25408156,M436DRAFT_26114,M436DRAFT_26114,-,-,Unknown,-,hypothetical protein,protein-coding,-,-,-,-,20160917,-
1043004,25408157,M436DRAFT_26141,M436DRAFT_26141,-,-,Unknown,-,hypothetical protein,protein-coding,-,-,-,-,20200919,-
1043004,25408158,M436DRAFT_26146,M436DRAFT_26146,-,-,Unknown,-,hypothetical protein,protein-coding,-,-,-,-,20160917,-
1043004,25408159,M436DRAFT_26265,M436DRAFT_26265,-,-,Unknown,-,hypothetical protein,protein-coding,-,-,-,-,20160917,-
1043004,25408160,M436DRAFT_26272,M436DRAFT_26272,-,-,Unknown,-,hypothetical protein,protein-coding,-,-,-,-,20151104,-
1043004,25408161,M436DRAFT_26282,M436DRAFT_26282,-,-,Unknown,-,hypothetical protein,protein-coding,-,-,-,-,20160917,-
1043004,25408162,M436DRAFT_26306,M436DRAFT_26306,-,-,Unknown,-,hypothetical protein,protein-coding,-,-,-,-,20151104,-
1043004,25408163,M436DRAFT_26450,M436DRAFT_26450,-,-,Unknown,-,RNA-binding domain-containing protein,protein-coding,-,-,-,-,20160917,-
1043004,25408164,M436DRAFT_26526,M436DRAFT_26526,-,-,Unknown,-,hypothetical protein,protein-coding,-,-,-,-,20151104,-
1043004,25408165,M436DRAFT_26535,M436DRAFT_26535,-,-,Unknown,-,hypothetical protein,protein-coding,-,-,-,-,20160917,-
1043004,25408166,M436DRAFT_26573,M436DRAFT_26573,-,-,Unknown,-,hypothetical protein,protein-coding,-,-,-,-,20151212,-
1043004,25408167,M436DRAFT_26578,M436DRAFT_26578,-,-,Unknown,-,phosphoserine phosphatase serb,protein-coding,-,-,-,-,20160917,-
1043004,25408168,M436DRAFT_26626,M436DRAFT_26626,-,-,Unknown,-,hypothetical protein,protein-coding,-,-,-,-,20160917,-
1043004,25408169,M436DRAFT_26642,M436DRAFT_26642,-,-,Unknown,-,hypothetical protein,protein-coding,-,-,-,-,20151104,-
1043004,25408170,M436DRAFT_26662,M436DRAFT_26662,-,-,Unknown,-,hypothetical protein,protein-coding,-,-,-,-,20160917,-
1043004,25408171,M436DRAFT_26748,M436DRAFT_26748,-,-,Unknown,-,hypothetical protein,protein-coding,-,-,-,-,20151104,-
1043004,25408172,M436DRAFT_26812,M436DRAFT_26812,-,-,Unknown,-,hypothetical protein,protein-coding,-,-,-,-,20160917,-
1043004,25408173,M436DRAFT_26929,M436DRAFT_26929,-,-,Unknown,-,hypothetical protein,protein-coding,-,-,-,-,20151212,-
1043004,25408174,M436DRAFT_26975,M436DRAFT_26975,-,-,Unknown,-,TFIID-18kDa-domain-containing protein,protein-coding,-,-,-,-,20151212,-
1043004,25408175,M436DRAFT_26981,M436DRAFT_26981,-,-,Unknown,-,hypothetical protein,protein-coding,-,-,-,-,20151104,-
1043004,25408176,M436DRAFT_27038,M436DRAFT_27038,-,-,Unknown,-,hypothetical protein,protein-coding,-,-,-,-,20160917,-
1043004,25408177,M436DRAFT_27040,M436DRAFT_27040,-,-,Unknown,-,alpha/beta-hydrolase,protein-coding,-,-,-,-,20151104,-
1043004,25408178,M436DRAFT_27045,M436DRAFT_27045,-,-,Unknown,-,hypothetical protein,protein-coding,-,-,-,-,20151104,-
1043004,25408179,M436DRAFT_27119,M436DRAFT_27119,-,-,Unknown,-,hypothetical protein,protein-coding,-,-,-,-,20151104,-
1043004,25408180,M436DRAFT_27181,M436DRAFT_27181,-,-,Unknown,-,hypothetical protein,protein-coding,-,-,-,-,20160325,-
1043004,25408181,M436DRAFT_27189,M436DRAFT_27189,-,-,Unknown,-,hypothetical protein,protein-coding,-,-,-,-,20160917,-
1043004,25408182,M436DRAFT_27196,M436DRAFT_27196,-,-,Unknown,-,hypothetical protein,protein-coding,-,-,-,-,20151104,-
1043004,25408183,M436DRAFT_27274,M436DRAFT_27274,-,-,Unknown,-,Nop14-like protein,protein-coding,-,-,-,-,20160917,-
1043004,25408184,M436DRAFT_27341,M436DRAFT_27341,-,-,Unknown,-,hypothetical protein,protein-coding,-,-,-,-,20151104,-
1043004,25408185,M436DRAFT_27375,M436DRAFT_27375,-,-,Unknown,-,hypothetical protein,protein-coding,-,-,-,-,20160917,-
1043004,25408186,M436DRAFT_27461,M436DRAFT_27461,-,-,Unknown,-,hypothetical protein,protein-coding,-,-,-,-,20151104,-
1043004,25408187,M436DRAFT_27569,M436DRAFT_27569,-,-,Unknown,-,"putative extracellular alpha-1,3-glucanase/mutanase",protein-coding,-,-,-,-,20160917,-
1043004,25408188,M436DRAFT_27573,M436DRAFT_27573,-,-,Unknown,-,kinase-like protein,protein-coding,-,-,-,-,20151212,-
1043004,25408189,M436DRAFT_27624,M436DRAFT_27624,-,-,Unknown,-,hypothetical protein,protein-coding,-,-,-,-,20160917,-
1043004,25408190,M436DRAFT_27650,M436DRAFT_27650,-,-,Unknown,-,glycoside hydrolase,protein-coding,-,-,-,-,20160917,-
1043004,25408191,M436DRAFT_27704,M436DRAFT_27704,-,-,Unknown,-,hypothetical protein,protein-coding,-,-,-,-,20160917,-
1043004,25408192,M436DRAFT_27836,M436DRAFT_27836,-,-,Unknown,-,hypothetical protein,protein-coding,-,-,-,-,20151104,-
1043004,25408193,M436DRAFT_27873,M436DRAFT_27873,-,-,Unknown,-,hypothetical protein,protein-coding,-,-,-,-,20151212,-
1043004,25408194,M436DRAFT_27875,M436DRAFT_27875,-,-,Unknown,-,hypothetical protein,protein-coding,-,-,-,-,20160917,-
1043004,25408195,M436DRAFT_27901,M436DRAFT_27901,-,-,Unknown,-,nucleotide-diphospho-sugar transferase,protein-coding,-,-,-,-,20160917,-
1043004,25408196,M436DRAFT_27909,M436DRAFT_27909,-,-,Unknown,-,hypothetical protein,protein-coding,-,-,-,-,20151104,-
1043004,25408197,M436DRAFT_28027,M436DRAFT_28027,-,-,Unknown,-,hypothetical protein,protein-coding,-,-,-,-,20160917,-
1043004,25408198,M436DRAFT_28034,M436DRAFT_28034,-,-,Unknown,-,hypothetical protein,protein-coding,-,-,-,-,20160917,-
1043004,25408199,M436DRAFT_28101,M436DRAFT_28101,-,-,Unknown,-,hypothetical protein,protein-coding,-,-,-,-,20151104,-
1043004,25408200,M436DRAFT_28120,M436DRAFT_28120,-,-,Unknown,-,kinase-like protein,protein-coding,-,-,-,-,20160917,-
1043004,25408201,M436DRAFT_28226,M436DRAFT_28226,-,-,Unknown,-,hypothetical protein,protein-coding,-,-,-,-,20160917,-
1043004,25408202,M436DRAFT_28342,M436DRAFT_28342,-,-,Unknown,-,hypothetical protein,protein-coding,-,-,-,-,20160917,-
1043004,25408203,M436DRAFT_28528,M436DRAFT_28528,-,-,Unknown,-,hypothetical protein,protein-coding,-,-,-,-,20160917,-
1043004,25408204,M436DRAFT_28595,M436DRAFT_28595,-,-,Unknown,-,kinase-like protein,protein-coding,-,-,-,-,20151212,-
1043004,25408205,M436DRAFT_28696,M436DRAFT_28696,-,-,Unknown,-,DnaJ-domain-containing protein,protein-coding,-,-,-,-,20160917,-
1043004,25408206,M436DRAFT_28777,M436DRAFT_28777,-,-,Unknown,-,hypothetical protein,protein-coding,-,-,-,-,20151104,-
1043004,25408207,M436DRAFT_28814,M436DRAFT_28814,-,-,Unknown,-,ankyrin,protein-coding,-,-,-,-,20160917,-
1043004,25408208,M436DRAFT_28832,M436DRAFT_28832,-,-,Unknown,-,WD40 repeat-like protein,protein-coding,-,-,-,-,20160917,-
1043004,25408209,M436DRAFT_28974,M436DRAFT_28974,-,-,Unknown,-,hypothetical protein,protein-coding,-,-,-,-,20151104,-
1043004,25408210,M436DRAFT_28980,M436DRAFT_28980,-,-,Unknown,-,hypothetical protein,protein-coding,-,-,-,-,20160917,-
1043004,25408211,M436DRAFT_29055,M436DRAFT_29055,-,-,Unknown,-,translation initiation factor eIF4e,protein-coding,-,-,-,-,20160917,-
1043004,25408212,M436DRAFT_29068,M436DRAFT_29068,-,-,Unknown,-,hypothetical protein,protein-coding,-,-,-,-,20151104,-
1043004,25408213,M436DRAFT_29091,M436DRAFT_29091,-,-,Unknown,-,hypothetical protein,protein-coding,-,-,-,-,20151104,-
1043004,25408214,M436DRAFT_29114,M436DRAFT_29114,-,-,Unknown,-,hypothetical protein,protein-coding,-,-,-,-,20151212,-
1043004,25408215,M436DRAFT_29246,M436DRAFT_29246,-,-,Unknown,-,hypothetical protein,protein-coding,-,-,-,-,20160917,-
1043004,25408216,M436DRAFT_29307,M436DRAFT_29307,-,-,Unknown,-,hypothetical protein,protein-coding,-,-,-,-,20160917,-
1043004,25408217,M436DRAFT_29325,M436DRAFT_29325,-,-,Unknown,-,hypothetical protein,protein-coding,-,-,-,-,20151104,-
1043004,25408218,M436DRAFT_29407,M436DRAFT_29407,-,-,Unknown,-,hypothetical protein,protein-coding,-,-,-,-,20160917,-
1043004,25408219,M436DRAFT_29540,M436DRAFT_29540,-,-,Unknown,-,hypothetical protein,protein-coding,-,-,-,-,20160917,-
1043004,25408220,M436DRAFT_29547,M436DRAFT_29547,-,-,Unknown,-,"putative multicopper oxidase, type 1",protein-coding,-,-,-,-,20160325,-
1043004,25408221,M436DRAFT_29668,M436DRAFT_29668,-,-,Unknown,-,hypothetical protein,protein-coding,-,-,-,-,20160917,-
1043004,25408222,M436DRAFT_29677,M436DRAFT_29677,-,-,Unknown,-,PARP-domain-containing protein,protein-coding,-,-,-,-,20160917,-
1043004,25408223,M436DRAFT_29798,M436DRAFT_29798,-,-,Unknown,-,hypothetical protein,protein-coding,-,-,-,-,20160325,-
1043004,25408224,M436DRAFT_29840,M436DRAFT_29840,-,-,Unknown,-,U6 snRNA-associated Sm-like protein LSm2,protein-coding,-,-,-,-,20151212,-
1043004,25408225,M436DRAFT_29959,M436DRAFT_29959,-,-,Unknown,-,hypothetical protein,protein-coding,-,-,-,-,20160917,-
1043004,25408226,M436DRAFT_29969,M436DRAFT_29969,-,-,Unknown,-,hypothetical protein,protein-coding,-,-,-,-,20160917,-
1043004,25408227,M436DRAFT_30030,M436DRAFT_30030,-,-,Unknown,-,SET domain-containing protein,protein-coding,-,-,-,-,20151212,-
1043004,25408228,M436DRAFT_30082,M436DRAFT_30082,-,-,Unknown,-,hypothetical protein,protein-coding,-,-,-,-,20160917,-
1043004,25408229,M436DRAFT_30086,M436DRAFT_30086,-,-,Unknown,-,alpha/beta-hydrolase,protein-coding,-,-,-,-,20160917,-
1043004,25408230,M436DRAFT_30098,M436DRAFT_30098,-,-,Unknown,-,hypothetical protein,protein-coding,-,-,-,-,20160917,-
1043004,25408231,M436DRAFT_30204,M436DRAFT_30204,-,-,Unknown,-,hypothetical protein,protein-coding,-,-,-,-,20151104,-
1043004,25408232,M436DRAFT_30245,M436DRAFT_30245,-,-,Unknown,-,hypothetical protein,protein-coding,-,-,-,-,20151104,-
1043004,25408233,M436DRAFT_30248,M436DRAFT_30248,-,-,Unknown,-,para-hydroxybenzoate-polyprenyltransferase Coq2,protein-coding,-,-,-,-,20160917,-
1043004,25408234,M436DRAFT_30378,M436DRAFT_30378,-,-,Unknown,-,sterol desaturase,protein-coding,-,-,-,-,20160917,-
1043004,25408235,M436DRAFT_30462,M436DRAFT_30462,-,-,Unknown,-,hypothetical protein,protein-coding,-,-,-,-,20151104,-
1043004,25408236,M436DRAFT_30465,M436DRAFT_30465,-,-,Unknown,-,hypothetical protein,protein-coding,-,-,-,-,20151212,-
1043004,25408237,M436DRAFT_30487,M436DRAFT_30487,-,-,Unknown,-,molybdenum cofactor biosynthesis protein C,protein-coding,-,-,-,-,20160917,-
1043004,25408238,M436DRAFT_30600,M436DRAFT_30600,-,-,Unknown,-,hypothetical protein,protein-coding,-,-,-,-,20160917,-
1043004,25408239,M436DRAFT_30650,M436DRAFT_30650,-,-,Unknown,-,DUF862-domain-containing protein,protein-coding,-,-,-,-,20160917,-
1043004,25408240,M436DRAFT_30661,M436DRAFT_30661,-,-,Unknown,-,hypothetical protein,protein-coding,-,-,-,-,20160917,-
1043004,25408241,M436DRAFT_30682,M436DRAFT_30682,-,-,Unknown,-,hypothetical protein,protein-coding,-,-,-,-,20151104,-
1043004,25408242,M436DRAFT_30700,M436DRAFT_30700,-,-,Unknown,-,sugar porter family MFS transporter,protein-coding,-,-,-,-,20160917,-
1043004,25408243,M436DRAFT_30746,M436DRAFT_30746,-,-,Unknown,-,adenine nucleotide alpha hydrolases-like protein,protein-coding,-,-,-,-,20160325,-
1043004,25408244,M436DRAFT_30802,M436DRAFT_30802,-,-,Unknown,-,hypothetical protein,protein-coding,-,-,-,-,20160917,-
1043004,25408245,M436DRAFT_30805,M436DRAFT_30805,-,-,Unknown,-,hypothetical protein,protein-coding,-,-,-,-,20160917,-
1043004,25408246,M436DRAFT_30819,M436DRAFT_30819,-,-,Unknown,-,hypothetical protein,protein-coding,-,-,-,-,20160917,-
1043004,25408247,M436DRAFT_30879,M436DRAFT_30879,-,-,Unknown,-,hypothetical protein,protein-coding,-,-,-,-,20160917,-
1043004,25408248,M436DRAFT_30906,M436DRAFT_30906,-,-,Unknown,-,hypothetical protein,protein-coding,-,-,-,-,20160917,-
1043004,25408249,M436DRAFT_30918,M436DRAFT_30918,-,-,Unknown,-,hypothetical protein,protein-coding,-,-,-,-,20160917,-
1043004,25408250,M436DRAFT_30969,M436DRAFT_30969,-,-,Unknown,-,N-hydroxyarylamine O-acetyltransferase,protein-coding,-,-,-,-,20160917,-
1043004,25408251,M436DRAFT_31012,M436DRAFT_31012,-,-,Unknown,-,hypothetical protein,protein-coding,-,-,-,-,20151104,-
1043004,25408252,M436DRAFT_31127,M436DRAFT_31127,-,-,Unknown,-,hypothetical protein,protein-coding,-,-,-,-,20151104,-
1043004,25408253,M436DRAFT_31275,M436DRAFT_31275,-,-,Unknown,-,hypothetical protein,protein-coding,-,-,-,-,20160917,-
1043004,25408254,M436DRAFT_31277,M436DRAFT_31277,-,-,Unknown,-,nucleotide-diphospho-sugar transferase,protein-coding,-,-,-,-,20160917,-
1043004,25408255,M436DRAFT_31326,M436DRAFT_31326,-,-,Unknown,-,cutinase,protein-coding,-,-,-,-,20160917,-
1043004,25408256,M436DRAFT_31369,M436DRAFT_31369,-,-,Unknown,-,hypothetical protein,protein-coding,-,-,-,-,20160917,-
1043004,25408257,M436DRAFT_31447,M436DRAFT_31447,-,-,Unknown,-,hypothetical protein,protein-coding,-,-,-,-,20160917,-
1043004,25408258,M436DRAFT_31453,M436DRAFT_31453,-,-,Unknown,-,hypothetical protein,protein-coding,-,-,-,-,20160917,-
1043004,25408259,M436DRAFT_31488,M436DRAFT_31488,-,-,Unknown,-,MFS general substrate transporter,protein-coding,-,-,-,-,20160917,-
1043004,25408260,M436DRAFT_31685,M436DRAFT_31685,-,-,Unknown,-,hypothetical protein,protein-coding,-,-,-,-,20160917,-
1043004,25408261,M436DRAFT_31748,M436DRAFT_31748,-,-,Unknown,-,hypothetical protein,protein-coding,-,-,-,-,20151104,-
1043004,25408262,M436DRAFT_31850,M436DRAFT_31850,-,-,Unknown,-,alpha/beta-hydrolase,protein-coding,-,-,-,-,20160917,-
1043004,25408263,M436DRAFT_31868,M436DRAFT_31868,-,-,Unknown,-,EF-hand,protein-coding,-,-,-,-,20160917,-
1043004,25408264,M436DRAFT_31942,M436DRAFT_31942,-,-,Unknown,-,DUF803-domain-containing protein,protein-coding,-,-,-,-,20160917,-
1043004,25408265,M436DRAFT_31977,M436DRAFT_31977,-,-,Unknown,-,UPF0016-domain-containing protein,protein-coding,-,-,-,-,20160917,-
1043004,25408266,M436DRAFT_31988,M436DRAFT_31988,-,-,Unknown,-,hypothetical protein,protein-coding,-,-,-,-,20160325,-
1043004,25408267,M436DRAFT_32015,M436DRAFT_32015,-,-,Unknown,-,hypothetical protein,protein-coding,-,-,-,-,20160917,-
1043004,25408268,M436DRAFT_32018,M436DRAFT_32018,-,-,Unknown,-,hypothetical protein,protein-coding,-,-,-,-,20151212,-
1043004,25408269,M436DRAFT_32029,M436DRAFT_32029,-,-,Unknown,-,hypothetical protein,protein-coding,-,-,-,-,20160917,-
1043004,25408270,M436DRAFT_32035,M436DRAFT_32035,-,-,Unknown,-,Cupredoxin,protein-coding,-,-,-,-,20160917,-
1043004,25408271,M436DRAFT_32157,M436DRAFT_32157,-,-,Unknown,-,hypothetical protein,protein-coding,-,-,-,-,20151104,-
1043004,25408272,M436DRAFT_32292,M436DRAFT_32292,-,-,Unknown,-,hypothetical protein,protein-coding,-,-,-,-,20151104,-
1043004,25408273,M436DRAFT_32297,M436DRAFT_32297,-,-,Unknown,-,asparagine synthase,protein-coding,-,-,-,-,20160917,-
1043004,25408274,M436DRAFT_32312,M436DRAFT_32312,-,-,Unknown,-,hypothetical protein,protein-coding,-,-,-,-,20151104,-
1043004,25408275,M436DRAFT_32361,M436DRAFT_32361,-,-,Unknown,-,hypothetical protein,protein-coding,-,-,-,-,20151104,-
1043004,25408276,M436DRAFT_32393,M436DRAFT_32393,-,-,Unknown,-,hypothetical protein,protein-coding,-,-,-,-,20160917,-
1043004,25408277,M436DRAFT_32454,M436DRAFT_32454,-,-,Unknown,-,hypothetical protein,protein-coding,-,-,-,-,20151104,-
1043004,25408278,M436DRAFT_32476,M436DRAFT_32476,-,-,Unknown,-,hypothetical protein,protein-coding,-,-,-,-,20160917,-
1043004,25408279,M436DRAFT_32496,M436DRAFT_32496,-,-,Unknown,-,hypothetical protein,protein-coding,-,-,-,-,20160917,-
1043004,25408280,M436DRAFT_32509,M436DRAFT_32509,-,-,Unknown,-,hypothetical protein,protein-coding,-,-,-,-,20160917,-
1043004,25408281,M436DRAFT_32526,M436DRAFT_32526,-,-,Unknown,-,Fot5 transposase,protein-coding,-,-,-,-,20160917,-
1043004,25408282,M436DRAFT_32545,M436DRAFT_32545,-,-,Unknown,-,hypothetical protein,protein-coding,-,-,-,-,20160917,-
1043004,25408283,M436DRAFT_32601,M436DRAFT_32601,-,-,Unknown,-,hypothetical protein,protein-coding,-,-,-,-,20160917,-
1043004,25408284,M436DRAFT_32671,M436DRAFT_32671,-,-,Unknown,-,hypothetical protein,protein-coding,-,-,-,-,20151104,-
1043004,25408285,M436DRAFT_32694,M436DRAFT_32694,-,-,Unknown,-,hypothetical protein,protein-coding,-,-,-,-,20151104,-
1043004,25408286,M436DRAFT_32783,M436DRAFT_32783,-,-,Unknown,-,hypothetical protein,protein-coding,-,-,-,-,20160325,-
1043004,25408287,M436DRAFT_32805,M436DRAFT_32805,-,-,Unknown,-,hypothetical protein,protein-coding,-,-,-,-,20151104,-
1043004,25408288,M436DRAFT_32883,M436DRAFT_32883,-,-,Unknown,-,hypothetical protein,protein-coding,-,-,-,-,20160917,-
1043004,25408289,M436DRAFT_32941,M436DRAFT_32941,-,-,Unknown,-,Arabinanase/levansucrase/invertase,protein-coding,-,-,-,-,20160917,-
1043004,25408290,M436DRAFT_32965,M436DRAFT_32965,-,-,Unknown,-,hypothetical protein,protein-coding,-,-,-,-,20151104,-
1043004,25408291,M436DRAFT_33062,M436DRAFT_33062,-,-,Unknown,-,hypothetical protein,protein-coding,-,-,-,-,20160917,-
1043004,25408292,M436DRAFT_33129,M436DRAFT_33129,-,-,Unknown,-,DNA ligase/mRNA capping enzyme,protein-coding,-,-,-,-,20160917,-
1043004,25408293,M436DRAFT_33138,M436DRAFT_33138,-,-,Unknown,-,hypothetical protein,protein-coding,-,-,-,-,20151104,-
1043004,25408294,M436DRAFT_33218,M436DRAFT_33218,-,-,Unknown,-,glycoside hydrolase,protein-coding,-,-,-,-,20160917,-
1043004,25408295,M436DRAFT_33222,M436DRAFT_33222,-,-,Unknown,-,hypothetical protein,protein-coding,-,-,-,-,20151104,-
1043004,25408296,M436DRAFT_33290,M436DRAFT_33290,-,-,Unknown,-,RNA-binding domain-containing protein,protein-coding,-,-,-,-,20160917,-
1043004,25408297,M436DRAFT_33452,M436DRAFT_33452,-,-,Unknown,-,hypothetical protein,protein-coding,-,-,-,-,20160917,-
1043004,25408298,M436DRAFT_33549,M436DRAFT_33549,-,-,Unknown,-,alpha/beta-hydrolase,protein-coding,-,-,-,-,20160917,-
1043004,25408299,M436DRAFT_33557,M436DRAFT_33557,-,-,Unknown,-,hypothetical protein,protein-coding,-,-,-,-,20151212,-
1043004,25408300,M436DRAFT_33630,M436DRAFT_33630,-,-,Unknown,-,hypothetical protein,protein-coding,-,-,-,-,20160917,-
1043004,25408301,M436DRAFT_33653,M436DRAFT_33653,-,-,Unknown,-,glycoside hydrolase,protein-coding,-,-,-,-,20160917,-
1043004,25408302,M436DRAFT_33689,M436DRAFT_33689,-,-,Unknown,-,hypothetical protein,protein-coding,-,-,-,-,20160917,-
1043004,25408303,M436DRAFT_33718,M436DRAFT_33718,-,-,Unknown,-,hypothetical protein,protein-coding,-,-,-,-,20160917,-
1043004,25408304,M436DRAFT_33743,M436DRAFT_33743,-,-,Unknown,-,FAD/NAD(P)-binding domain-containing protein,protein-coding,-,-,-,-,20160917,-
1043004,25408305,M436DRAFT_33824,M436DRAFT_33824,-,-,Unknown,-,hypothetical protein,protein-coding,-,-,-,-,20160917,-
1043004,25408306,M436DRAFT_33831,M436DRAFT_33831,-,-,Unknown,-,hypothetical protein,protein-coding,-,-,-,-,20151104,-
1043004,25408307,M436DRAFT_33908,M436DRAFT_33908,-,-,Unknown,-,hypothetical protein,protein-coding,-,-,-,-,20151104,-
1043004,25408308,M436DRAFT_33947,M436DRAFT_33947,-,-,Unknown,-,hypothetical protein,protein-coding,-,-,-,-,20151104,-
1043004,25408309,M436DRAFT_33960,M436DRAFT_33960,-,-,Unknown,-,dUTP diphosphatase,protein-coding,-,-,-,-,20160917,-
1043004,25408310,M436DRAFT_33990,M436DRAFT_33990,-,-,Unknown,-,hypothetical protein,protein-coding,-,-,-,-,20160917,-
1043004,25408311,M436DRAFT_34116,M436DRAFT_34116,-,-,Unknown,-,hypothetical protein,protein-coding,-,-,-,-,20160917,-
1043004,25408312,M436DRAFT_34152,M436DRAFT_34152,-,-,Unknown,-,hypothetical protein,protein-coding,-,-,-,-,20160917,-
1043004,25408313,M436DRAFT_34159,M436DRAFT_34159,-,-,Unknown,-,hypothetical protein,protein-coding,-,-,-,-,20160917,-
1043004,25408314,M436DRAFT_34433,M436DRAFT_34433,-,-,Unknown,-,hypothetical protein,protein-coding,-,-,-,-,20151104,-
1043004,25408315,M436DRAFT_34457,M436DRAFT_34457,-,-,Unknown,-,alpha/beta-hydrolase,protein-coding,-,-,-,-,20160917,-
1043004,25408316,M436DRAFT_34467,M436DRAFT_34467,-,-,Unknown,-,hypothetical protein,protein-coding,-,-,-,-,20160917,-
1043004,25408317,M436DRAFT_34495,M436DRAFT_34495,-,-,Unknown,-,hypothetical protein,protein-coding,-,-,-,-,20151104,-
1043004,25408318,M436DRAFT_34497,M436DRAFT_34497,-,-,Unknown,-,hypothetical protein,protein-coding,-,-,-,-,20160917,-
1043004,25408319,M436DRAFT_34636,M436DRAFT_34636,-,-,Unknown,-,hypothetical protein,protein-coding,-,-,-,-,20151104,-
1043004,25408320,M436DRAFT_34639,M436DRAFT_34639,-,-,Unknown,-,pyruvate dehydrogenase,protein-coding,-,-,-,-,20151212,-
1043004,25408321,M436DRAFT_34655,M436DRAFT_34655,-,-,Unknown,-,hypothetical protein,protein-coding,-,-,-,-,20160917,-
1043004,25408322,M436DRAFT_34712,M436DRAFT_34712,-,-,Unknown,-,glycoside hydrolase family 79 protein,protein-coding,-,-,-,-,20160917,-
1043004,25408323,M436DRAFT_34715,M436DRAFT_34715,-,-,Unknown,-,ras-related GTP-binding protein-like protein C,protein-coding,-,-,-,-,20160917,-
1043004,25408324,M436DRAFT_34721,M436DRAFT_34721,-,-,Unknown,-,hypothetical protein,protein-coding,-,-,-,-,20160917,-
1043004,25408325,M436DRAFT_34725,M436DRAFT_34725,-,-,Unknown,-,hypothetical protein,protein-coding,-,-,-,-,20160917,-
1043004,25408326,M436DRAFT_34730,M436DRAFT_34730,-,-,Unknown,-,cytochrome P450 monooxygenase,protein-coding,-,-,-,-,20160917,-
1043004,25408327,M436DRAFT_34731,M436DRAFT_34731,-,-,Unknown,-,alpha/beta-hydrolase,protein-coding,-,-,-,-,20160917,-
1043004,25408328,M436DRAFT_34734,M436DRAFT_34734,-,-,Unknown,-,urease accessory protein UreD,protein-coding,-,-,-,-,20160917,-
1043004,25408329,M436DRAFT_34735,M436DRAFT_34735,-,-,Unknown,-,hypothetical protein,protein-coding,-,-,-,-,20160917,-
1043004,25408330,M436DRAFT_34736,M436DRAFT_34736,-,-,Unknown,-,hypothetical protein,protein-coding,-,-,-,-,20151212,-
1043004,25408331,M436DRAFT_34746,M436DRAFT_34746,-,-,Unknown,-,hypothetical protein,protein-coding,-,-,-,-,20160917,-
1043004,25408332,M436DRAFT_34749,M436DRAFT_34749,-,-,Unknown,-,putative MFS polyamine transporter,protein-coding,-,-,-,-,20160917,-
1043004,25408333,M436DRAFT_34751,M436DRAFT_34751,-,-,Unknown,-,hypothetical protein,protein-coding,-,-,-,-,20160917,-
1043004,25408334,M436DRAFT_34752,M436DRAFT_34752,-,-,Unknown,-,hypothetical protein,protein-coding,-,-,-,-,20151104,-
1043004,25408335,M436DRAFT_34758,M436DRAFT_34758,-,-,Unknown,-,hypothetical protein,protein-coding,-,-,-,-,20160917,-
1043004,25408336,M436DRAFT_34760,M436DRAFT_34760,-,-,Unknown,-,Aminomethyltransferase folate-binding domain-containing protein,protein-coding,-,-,-,-,20160917,-
1043004,25408337,M436DRAFT_34778,M436DRAFT_34778,-,-,Unknown,-,"signal recognition particle, SRP19 subunit",protein-coding,-,-,-,-,20160917,-
1043004,25408338,M436DRAFT_34793,M436DRAFT_34793,-,-,Unknown,-,GroES-like protein,protein-coding,-,-,-,-,20151212,-
1043004,25408339,M436DRAFT_34796,M436DRAFT_34796,-,-,Unknown,-,hypothetical protein,protein-coding,-,-,-,-,20160917,-
1043004,25408340,M436DRAFT_34798,M436DRAFT_34798,-,-,Unknown,-,N2227-domain-containing protein,protein-coding,-,-,-,-,20160917,-
1043004,25408341,M436DRAFT_34806,M436DRAFT_34806,-,-,Unknown,-,beta subunit of citrate lyase,protein-coding,-,-,-,-,20151212,-
1043004,25408342,M436DRAFT_34815,M436DRAFT_34815,-,-,Unknown,-,Aldo/keto reductase,protein-coding,-,-,-,-,20151212,-
1043004,25408343,M436DRAFT_34818,M436DRAFT_34818,-,-,Unknown,-,putative mitochondrial aconitate hydratase,protein-coding,-,-,-,-,20160917,-
1043004,25408344,M436DRAFT_34819,M436DRAFT_34819,-,-,Unknown,-,acetyl-CoA synthetase-like protein,protein-coding,-,-,-,-,20160917,-
1043004,25408345,M436DRAFT_34841,M436DRAFT_34841,-,-,Unknown,-,"Cu,Zn superoxide dismutase-like protein",protein-coding,-,-,-,-,20160917,-
1043004,25408346,M436DRAFT_34846,M436DRAFT_34846,-,-,Unknown,-,hypothetical protein,protein-coding,-,-,-,-,20151104,-
1043004,25408347,M436DRAFT_34850,M436DRAFT_34850,-,-,Unknown,-,hypothetical protein,protein-coding,-,-,-,-,20160917,-
1043004,25408348,M436DRAFT_34860,M436DRAFT_34860,-,-,Unknown,-,hypothetical protein,protein-coding,-,-,-,-,20160917,-
1043004,25408349,M436DRAFT_34864,M436DRAFT_34864,-,-,Unknown,-,hypothetical protein,protein-coding,-,-,-,-,20160917,-
1043004,25408350,M436DRAFT_34876,M436DRAFT_34876,-,-,Unknown,-,hypothetical protein,protein-coding,-,-,-,-,20160917,-
1043004,25408351,M436DRAFT_34888,M436DRAFT_34888,-,-,Unknown,-,hypothetical protein,protein-coding,-,-,-,-,20160917,-
1043004,25408352,M436DRAFT_34898,M436DRAFT_34898,-,-,Unknown,-,MFS general substrate transporter,protein-coding,-,-,-,-,20160917,-
1043004,25408353,M436DRAFT_34903,M436DRAFT_34903,-,-,Unknown,-,Thioesterase/thiol ester dehydrase-isomerase,protein-coding,-,-,-,-,20160917,-
1043004,25408354,M436DRAFT_34907,M436DRAFT_34907,-,-,Unknown,-,hypothetical protein,protein-coding,-,-,-,-,20160917,-
1043004,25408355,M436DRAFT_34912,M436DRAFT_34912,-,-,Unknown,-,hypothetical protein,protein-coding,-,-,-,-,20151104,-
1043004,25408356,M436DRAFT_34913,M436DRAFT_34913,-,-,Unknown,-,EXS-domain-containing protein,protein-coding,-,-,-,-,20160917,-
1043004,25408357,M436DRAFT_34916,M436DRAFT_34916,-,-,Unknown,-,Methylthioribulose-1-phosphate dehydratase,protein-coding,-,-,-,-,20191025,-
1043004,25408358,M436DRAFT_34928,M436DRAFT_34928,-,-,Unknown,-,MFS general substrate transporter,protein-coding,-,-,-,-,20160917,-
1043004,25408359,M436DRAFT_34931,M436DRAFT_34931,-,-,Unknown,-,PAB-dependent poly(A)-specific ribonuclease subunit PAN3,protein-coding,-,-,-,-,20151212,-
1043004,25408360,M436DRAFT_34933,M436DRAFT_34933,-,-,Unknown,-,hypothetical protein,protein-coding,-,-,-,-,20160917,-
1043004,25408361,M436DRAFT_34934,M436DRAFT_34934,-,-,Unknown,-,hypothetical protein,protein-coding,-,-,-,-,20151104,-
1043004,25408362,M436DRAFT_34947,M436DRAFT_34947,-,-,Unknown,-,tRNA-dihydrouridine(47) synthase [NAD(P)(+)],protein-coding,-,-,-,-,20151212,-
1043004,25408363,M436DRAFT_34948,M436DRAFT_34948,-,-,Unknown,-,glycoside hydrolase family 10 protein,protein-coding,-,-,-,-,20160917,-
1043004,25408364,M436DRAFT_34959,M436DRAFT_34959,-,-,Unknown,-,fatty acid synthase subunit alpha,protein-coding,-,-,-,-,20151212,-
1043004,25408365,M436DRAFT_34961,M436DRAFT_34961,-,-,Unknown,-,hypothetical protein,protein-coding,-,-,-,-,20151104,-
1043004,25408366,M436DRAFT_34966,M436DRAFT_34966,-,-,Unknown,-,MFS general substrate transporter,protein-coding,-,-,-,-,20160917,-
1043004,25408367,M436DRAFT_34969,M436DRAFT_34969,-,-,Unknown,-,carbonic anhydrase,protein-coding,-,-,-,-,20151212,-
1043004,25408368,M436DRAFT_34975,M436DRAFT_34975,-,-,Unknown,-,mevalonate kinase,protein-coding,-,-,-,-,20160917,-
1043004,25408369,M436DRAFT_34980,M436DRAFT_34980,-,-,Unknown,-,hypothetical protein,protein-coding,-,-,-,-,20160325,-
1043004,25408370,M436DRAFT_34982,M436DRAFT_34982,-,-,Unknown,-,DSPc-domain-containing protein,protein-coding,-,-,-,-,20160917,-
1043004,25408371,M436DRAFT_35008,M436DRAFT_35008,-,-,Unknown,-,trafficking protein-like protein particle complex subunit 2,protein-coding,-,-,-,-,20160917,-
1043004,25408372,M436DRAFT_35013,M436DRAFT_35013,-,-,Unknown,-,WD40 repeat-like protein,protein-coding,-,-,-,-,20160917,-
1043004,25408373,M436DRAFT_35021,M436DRAFT_35021,-,-,Unknown,-,hypothetical protein,protein-coding,-,-,-,-,20160917,-
1043004,25408374,M436DRAFT_35033,M436DRAFT_35033,-,-,Unknown,-,hypothetical protein,protein-coding,-,-,-,-,20160917,-
1043004,25408375,M436DRAFT_35035,M436DRAFT_35035,-,-,Unknown,-,hypothetical protein,protein-coding,-,-,-,-,20160917,-
1043004,25408376,M436DRAFT_35040,M436DRAFT_35040,-,-,Unknown,-,hypothetical protein,protein-coding,-,-,-,-,20151104,-
1043004,25408377,M436DRAFT_35042,M436DRAFT_35042,-,-,Unknown,-,carboxypeptidase Y-like protein A,protein-coding,-,-,-,-,20160917,-
1043004,25408378,M436DRAFT_35049,M436DRAFT_35049,-,-,Unknown,-,hypothetical protein,protein-coding,-,-,-,-,20160917,-
1043004,25408379,M436DRAFT_35060,M436DRAFT_35060,-,-,Unknown,-,hypothetical protein,protein-coding,-,-,-,-,20160917,-
1043004,25408380,M436DRAFT_35062,M436DRAFT_35062,-,-,Unknown,-,hypothetical protein,protein-coding,-,-,-,-,20160917,-
1043004,25408381,M436DRAFT_35067,M436DRAFT_35067,-,-,Unknown,-,hypothetical protein,protein-coding,-,-,-,-,20160917,-
1043004,25408382,M436DRAFT_35069,M436DRAFT_35069,-,-,Unknown,-,WLM-domain-containing protein,protein-coding,-,-,-,-,20160917,-
1043004,25408383,M436DRAFT_35073,M436DRAFT_35073,-,-,Unknown,-,putative quinate permease,protein-coding,-,-,-,-,20160917,-
1043004,25408384,M436DRAFT_35075,M436DRAFT_35075,-,-,Unknown,-,DUF1640-domain-containing protein,protein-coding,-,-,-,-,20160917,-
1043004,25408385,M436DRAFT_35078,M436DRAFT_35078,-,-,Unknown,-,putative NADP-dependent mannitol dehydrogenase,protein-coding,-,-,-,-,20160917,-
1043004,25408386,M436DRAFT_35080,M436DRAFT_35080,-,-,Unknown,-,ribosomal protein S25,protein-coding,-,-,-,-,20160917,-
1043004,25408387,M436DRAFT_35086,M436DRAFT_35086,-,-,Unknown,-,hypothetical protein,protein-coding,-,-,-,-,20160917,-
1043004,25408388,M436DRAFT_35088,M436DRAFT_35088,-,-,Unknown,-,cytochrome P450,protein-coding,-,-,-,-,20151212,-
1043004,25408389,M436DRAFT_35090,M436DRAFT_35090,-,-,Unknown,-,hypothetical protein,protein-coding,-,-,-,-,20160917,-
1043004,25408390,M436DRAFT_35094,M436DRAFT_35094,-,-,Unknown,-,glycoside hydrolase,protein-coding,-,-,-,-,20160917,-
1043004,25408391,M436DRAFT_35100,M436DRAFT_35100,-,-,Unknown,-,Pkinase-domain-containing protein,protein-coding,-,-,-,-,20151212,-
1043004,25408392,M436DRAFT_35110,M436DRAFT_35110,-,-,Unknown,-,hypothetical protein,protein-coding,-,-,-,-,20160917,-
1043004,25408393,M436DRAFT_35121,M436DRAFT_35121,-,-,Unknown,-,phospholipase D/nuclease,protein-coding,-,-,-,-,20160917,-
1043004,25408394,M436DRAFT_35124,M436DRAFT_35124,-,-,Unknown,-,U4/U6.U5 tri-snRNP-associated protein,protein-coding,-,-,-,-,20160917,-
1043004,25408395,M436DRAFT_35130,M436DRAFT_35130,-,-,Unknown,-,hypothetical protein,protein-coding,-,-,-,-,20160917,-
1043004,25408396,M436DRAFT_35135,M436DRAFT_35135,-,-,Unknown,-,hypothetical protein,protein-coding,-,-,-,-,20151104,-
1043004,25408397,M436DRAFT_35142,M436DRAFT_35142,-,-,Unknown,-,PalH-domain-containing protein,protein-coding,-,-,-,-,20160917,-
1043004,25408398,M436DRAFT_35165,M436DRAFT_35165,-,-,Unknown,-,NAD(P)-binding protein,protein-coding,-,-,-,-,20160917,-
1043004,25408399,M436DRAFT_35171,M436DRAFT_35171,-,-,Unknown,-,ABC bile acid transporter,protein-coding,-,-,-,-,20160917,-
1043004,25408400,M436DRAFT_35178,M436DRAFT_35178,-,-,Unknown,-,hypothetical protein,protein-coding,-,-,-,-,20151104,-
1043004,25408401,M436DRAFT_35187,M436DRAFT_35187,-,-,Unknown,-,hypothetical protein,protein-coding,-,-,-,-,20151104,-
1043004,25408402,M436DRAFT_35194,M436DRAFT_35194,-,-,Unknown,-,mitochondrial carrier,protein-coding,-,-,-,-,20160917,-
1043004,25408403,M436DRAFT_35202,M436DRAFT_35202,-,-,Unknown,-,hypothetical protein,protein-coding,-,-,-,-,20160917,-
1043004,25408404,M436DRAFT_35209,M436DRAFT_35209,-,-,Unknown,-,hypothetical protein,protein-coding,-,-,-,-,20151104,-
1043004,25408405,M436DRAFT_35210,M436DRAFT_35210,-,-,Unknown,-,cystathionine gamma-lyase,protein-coding,-,-,-,-,20160917,-
1043004,25408406,M436DRAFT_35211,M436DRAFT_35211,-,-,Unknown,-,hypothetical protein,protein-coding,-,-,-,-,20160917,-
1043004,25408407,M436DRAFT_35215,M436DRAFT_35215,-,-,Unknown,-,oligosaccharyl transferase subunit beta,protein-coding,-,-,-,-,20160917,-
1043004,25408408,M436DRAFT_35218,M436DRAFT_35218,-,-,Unknown,-,hypothetical protein,protein-coding,-,-,-,-,20160917,-
1043004,25408409,M436DRAFT_35226,M436DRAFT_35226,-,-,Unknown,-,transmembrane protein,protein-coding,-,-,-,-,20160917,-
1043004,25408410,M436DRAFT_35229,M436DRAFT_35229,-,-,Unknown,-,hypothetical protein,protein-coding,-,-,-,-,20151212,-
1043004,25408411,M436DRAFT_35232,M436DRAFT_35232,-,-,Unknown,-,hypothetical protein,protein-coding,-,-,-,-,20160917,-
1043004,25408412,M436DRAFT_35235,M436DRAFT_35235,-,-,Unknown,-,hypothetical protein,protein-coding,-,-,-,-,20160325,-
1043004,25408413,M436DRAFT_35238,M436DRAFT_35238,-,-,Unknown,-,hypothetical protein,protein-coding,-,-,-,-,20160917,-
1043004,25408414,M436DRAFT_35241,M436DRAFT_35241,-,-,Unknown,-,hypothetical protein,protein-coding,-,-,-,-,20160917,-
1043004,25408415,M436DRAFT_35245,M436DRAFT_35245,-,-,Unknown,-,ribosomal protein S7,protein-coding,-,-,-,-,20151212,-
1043004,25408416,M436DRAFT_35246,M436DRAFT_35246,-,-,Unknown,-,hypothetical protein,protein-coding,-,-,-,-,20160917,-
1043004,25408417,M436DRAFT_35250,M436DRAFT_35250,-,-,Unknown,-,hypothetical protein,protein-coding,-,-,-,-,20160917,-
1043004,25408418,M436DRAFT_35266,M436DRAFT_35266,-,-,Unknown,-,hypothetical protein,protein-coding,-,-,-,-,20151104,-
1043004,25408419,M436DRAFT_35268,M436DRAFT_35268,-,-,Unknown,-,hypothetical protein,protein-coding,-,-,-,-,20160917,-
1043004,25408420,M436DRAFT_35269,M436DRAFT_35269,-,-,Unknown,-,hypothetical protein,protein-coding,-,-,-,-,20151212,-
1043004,25408421,M436DRAFT_35271,M436DRAFT_35271,-,-,Unknown,-,P-loop containing nucleoside triphosphate hydrolase protein,protein-coding,-,-,-,-,20160917,-
1043004,25408422,M436DRAFT_35272,M436DRAFT_35272,-,-,Unknown,-,Pkinase-domain-containing protein,protein-coding,-,-,-,-,20151212,-
1043004,25408423,M436DRAFT_35275,M436DRAFT_35275,-,-,Unknown,-,P-loop containing nucleoside triphosphate hydrolase protein,protein-coding,-,-,-,-,20160917,-
1043004,25408424,M436DRAFT_35276,M436DRAFT_35276,-,-,Unknown,-,peptidase C14,protein-coding,-,-,-,-,20160917,-
1043004,25408425,M436DRAFT_35284,M436DRAFT_35284,-,-,Unknown,-,concanavalin A-like lectin/glucanase,protein-coding,-,-,-,-,20151212,-
1043004,25408426,M436DRAFT_35286,M436DRAFT_35286,-,-,Unknown,-,N-terminal nucleophile aminohydrolase,protein-coding,-,-,-,-,20160325,-
1043004,25408427,M436DRAFT_35290,M436DRAFT_35290,-,-,Unknown,-,hypothetical protein,protein-coding,-,-,-,-,20151104,-
1043004,25408428,M436DRAFT_35296,M436DRAFT_35296,-,-,Unknown,-,DEAD/DEAH box helicase,protein-coding,-,-,-,-,20160917,-
1043004,25408429,M436DRAFT_35300,M436DRAFT_35300,-,-,Unknown,-,60S ribosome subunit biogenesis protein NIP7,protein-coding,-,-,-,-,20160325,-
1043004,25408430,M436DRAFT_35317,M436DRAFT_35317,-,-,Unknown,-,glutamate-rich WD repeat-containing protein-like protein 1,protein-coding,-,-,-,-,20160917,-
1043004,25408431,M436DRAFT_35321,M436DRAFT_35321,-,-,Unknown,-,hypothetical protein,protein-coding,-,-,-,-,20160917,-
1043004,25408432,M436DRAFT_35330,M436DRAFT_35330,-,-,Unknown,-,hypothetical protein,protein-coding,-,-,-,-,20160917,-
1043004,25408433,M436DRAFT_35332,M436DRAFT_35332,-,-,Unknown,-,pectin lyase-like protein,protein-coding,-,-,-,-,20160917,-
1043004,25408434,M436DRAFT_35333,M436DRAFT_35333,-,-,Unknown,-,hypothetical protein,protein-coding,-,-,-,-,20151104,-
1043004,25408435,M436DRAFT_35335,M436DRAFT_35335,-,-,Unknown,-,MFS general substrate transporter,protein-coding,-,-,-,-,20160917,-
1043004,25408436,M436DRAFT_35345,M436DRAFT_35345,-,-,Unknown,-,ribosomal protein S1,protein-coding,-,-,-,-,20210424,-
1043004,25408437,M436DRAFT_35346,M436DRAFT_35346,-,-,Unknown,-,DUF125-domain-containing protein,protein-coding,-,-,-,-,20151212,-
1043004,25408438,M436DRAFT_35355,M436DRAFT_35355,-,-,Unknown,-,hypothetical protein,protein-coding,-,-,-,-,20151212,-
1043004,25408439,M436DRAFT_35359,M436DRAFT_35359,-,-,Unknown,-,glutaredoxin,protein-coding,-,-,-,-,20151212,-
1043004,25408440,M436DRAFT_35360,M436DRAFT_35360,-,-,Unknown,-,hypothetical protein,protein-coding,-,-,-,-,20151104,-
1043004,25408441,M436DRAFT_35372,M436DRAFT_35372,-,-,Unknown,-,hypothetical protein,protein-coding,-,-,-,-,20151104,-
1043004,25408442,M436DRAFT_35386,M436DRAFT_35386,-,-,Unknown,-,hypothetical protein,protein-coding,-,-,-,-,20160917,-
1043004,25408443,M436DRAFT_35391,M436DRAFT_35391,-,-,Unknown,-,hypothetical protein,protein-coding,-,-,-,-,20160917,-
1043004,25408444,M436DRAFT_35392,M436DRAFT_35392,-,-,Unknown,-,RhoGAP-domain-containing protein,protein-coding,-,-,-,-,20160917,-
1043004,25408445,M436DRAFT_35396,M436DRAFT_35396,-,-,Unknown,-,hypothetical protein,protein-coding,-,-,-,-,20151104,-
1043004,25408446,M436DRAFT_35400,M436DRAFT_35400,-,-,Unknown,-,calmodulin-like protein,protein-coding,-,-,-,-,20151212,-
1043004,25408447,M436DRAFT_35403,M436DRAFT_35403,-,-,Unknown,-,hypothetical protein,protein-coding,-,-,-,-,20151212,-
1043004,25408448,M436DRAFT_35405,M436DRAFT_35405,-,-,Unknown,-,hypothetical protein,protein-coding,-,-,-,-,20151212,-
1043004,25408449,M436DRAFT_35407,M436DRAFT_35407,-,-,Unknown,-,putative aspartate transaminase,protein-coding,-,-,-,-,20160917,-
1043004,25408450,M436DRAFT_35414,M436DRAFT_35414,-,-,Unknown,-,hypothetical protein,protein-coding,-,-,-,-,20160917,-
1043004,25408451,M436DRAFT_35416,M436DRAFT_35416,-,-,Unknown,-,hypothetical protein,protein-coding,-,-,-,-,20151104,-
1043004,25408452,M436DRAFT_35444,M436DRAFT_35444,-,-,Unknown,-,c6 zinc finger domain-containing protein,protein-coding,-,-,-,-,20151212,-
1043004,25408453,M436DRAFT_35447,M436DRAFT_35447,-,-,Unknown,-,hypothetical protein,protein-coding,-,-,-,-,20151104,-
1043004,25408454,M436DRAFT_35452,M436DRAFT_35452,-,-,Unknown,-,D-lactate dehydrogenase,protein-coding,-,-,-,-,20160917,-
1043004,25408455,M436DRAFT_35462,M436DRAFT_35462,-,-,Unknown,-,ras-domain-containing protein,protein-coding,-,-,-,-,20160917,-
1043004,25408456,M436DRAFT_35470,M436DRAFT_35470,-,-,Unknown,-,hypothetical protein,protein-coding,-,-,-,-,20151104,-
1043004,25408457,M436DRAFT_35478,M436DRAFT_35478,-,-,Unknown,-,hypothetical protein,protein-coding,-,-,-,-,20160917,-
1043004,25408458,M436DRAFT_35489,M436DRAFT_35489,-,-,Unknown,-,peroxisomal biogenesis factor 2,protein-coding,-,-,-,-,20160917,-
1043004,25408459,M436DRAFT_35495,M436DRAFT_35495,-,-,Unknown,-,mitochondrial carrier,protein-coding,-,-,-,-,20160917,-
1043004,25408460,M436DRAFT_35516,M436DRAFT_35516,-,-,Unknown,-,hypothetical protein,protein-coding,-,-,-,-,20151212,-
1043004,25408461,M436DRAFT_35520,M436DRAFT_35520,-,-,Unknown,-,SEN34 subunit of tRNA-splicing endonuclease,protein-coding,-,-,-,-,20160917,-
1043004,25408462,M436DRAFT_35521,M436DRAFT_35521,-,-,Unknown,-,hypothetical protein,protein-coding,-,-,-,-,20160917,-
1043004,25408463,M436DRAFT_35534,M436DRAFT_35534,-,-,Unknown,-,ubiquitin related modifier 1,protein-coding,-,-,-,-,20160917,-
1043004,25408464,M436DRAFT_35543,M436DRAFT_35543,-,-,Unknown,-,glutamyl-tRNA amidotransferas-like protein subunit A,protein-coding,-,-,-,-,20160917,-
1043004,25408465,M436DRAFT_35545,M436DRAFT_35545,-,-,Unknown,-,hypothetical protein,protein-coding,-,-,-,-,20160917,-
1043004,25408466,M436DRAFT_35547,M436DRAFT_35547,-,-,Unknown,-,hypothetical protein,protein-coding,-,-,-,-,20160917,-
1043004,25408467,M436DRAFT_35549,M436DRAFT_35549,-,-,Unknown,-,P-loop containing nucleoside triphosphate hydrolase protein,protein-coding,-,-,-,-,20160917,-
1043004,25408468,M436DRAFT_35550,M436DRAFT_35550,-,-,Unknown,-,cyclin-related 2,protein-coding,-,-,-,-,20160917,-
1043004,25408469,M436DRAFT_35561,M436DRAFT_35561,-,-,Unknown,-,hypothetical protein,protein-coding,-,-,-,-,20160917,-
1043004,25408470,M436DRAFT_35568,M436DRAFT_35568,-,-,Unknown,-,hypothetical protein,protein-coding,-,-,-,-,20160917,-
1043004,25408471,M436DRAFT_35571,M436DRAFT_35571,-,-,Unknown,-,ribosomal protein S13,protein-coding,-,-,-,-,20191025,-
1043004,25408472,M436DRAFT_35581,M436DRAFT_35581,-,-,Unknown,-,AAA-domain-containing protein,protein-coding,-,-,-,-,20160917,-
1043004,25408473,M436DRAFT_35583,M436DRAFT_35583,-,-,Unknown,-,MAP kinase,protein-coding,-,-,-,-,20151212,-
1043004,25408474,M436DRAFT_35586,M436DRAFT_35586,-,-,Unknown,-,hypothetical protein,protein-coding,-,-,-,-,20160917,-
1043004,25408475,M436DRAFT_35589,M436DRAFT_35589,-,-,Unknown,-,hypothetical protein,protein-coding,-,-,-,-,20160917,-
1043004,25408476,M436DRAFT_35612,M436DRAFT_35612,-,-,Unknown,-,hypothetical protein,protein-coding,-,-,-,-,20160917,-
1043004,25408477,M436DRAFT_35616,M436DRAFT_35616,-,-,Unknown,-,hypothetical protein,protein-coding,-,-,-,-,20160917,-
1043004,25408478,M436DRAFT_35617,M436DRAFT_35617,-,-,Unknown,-,hypothetical protein,protein-coding,-,-,-,-,20160917,-
1043004,25408479,M436DRAFT_35620,M436DRAFT_35620,-,-,Unknown,-,ribosomal protein S5 domain 2-like protein,protein-coding,-,-,-,-,20160917,-
1043004,25408480,M436DRAFT_35627,M436DRAFT_35627,-,-,Unknown,-,hypothetical protein,protein-coding,-,-,-,-,20151212,-
1043004,25408481,M436DRAFT_35629,M436DRAFT_35629,-,-,Unknown,-,putative FRE ferric reductase-like transmembrane component,protein-coding,-,-,-,-,20160917,-
1043004,25408482,M436DRAFT_35633,M436DRAFT_35633,-,-,Unknown,-,mannose 6-phosphate receptor domain-containing protein,protein-coding,-,-,-,-,20160917,-
1043004,25408483,M436DRAFT_35636,M436DRAFT_35636,-,-,Unknown,-,hypothetical protein,protein-coding,-,-,-,-,20151104,-
1043004,25408484,M436DRAFT_35640,M436DRAFT_35640,-,-,Unknown,-,hypothetical protein,protein-coding,-,-,-,-,20160917,-
1043004,25408485,M436DRAFT_35641,M436DRAFT_35641,-,-,Unknown,-,hypothetical protein,protein-coding,-,-,-,-,20160917,-
1043004,25408486,M436DRAFT_35642,M436DRAFT_35642,-,-,Unknown,-,small oligopeptide transporter,protein-coding,-,-,-,-,20160917,-
1043004,25408487,M436DRAFT_35649,M436DRAFT_35649,-,-,Unknown,-,Shwachman-Bodian-diamond syndrome protein,protein-coding,-,-,-,-,20160917,-
1043004,25408488,M436DRAFT_35653,M436DRAFT_35653,-,-,Unknown,-,UDP-N-acetyl-D-mannosamine 6-dehydrogenase,protein-coding,-,-,-,-,20160917,-
1043004,25408489,M436DRAFT_35657,M436DRAFT_35657,-,-,Unknown,-,hypothetical protein,protein-coding,-,-,-,-,20160325,-
1043004,25408490,M436DRAFT_35662,M436DRAFT_35662,-,-,Unknown,-,WSC-domain-containing protein,protein-coding,-,-,-,-,20160917,-
1043004,25408491,M436DRAFT_35672,M436DRAFT_35672,-,-,Unknown,-,MFS general substrate transporter,protein-coding,-,-,-,-,20160917,-
1043004,25408492,M436DRAFT_35673,M436DRAFT_35673,-,-,Unknown,-,choline dehydrogenase,protein-coding,-,-,-,-,20160917,-
1043004,25408493,M436DRAFT_35677,M436DRAFT_35677,-,-,Unknown,-,hypothetical protein,protein-coding,-,-,-,-,20160917,-
1043004,25408494,M436DRAFT_35682,M436DRAFT_35682,-,-,Unknown,-,integral membrane protein-like protein,protein-coding,-,-,-,-,20160917,-
1043004,25408495,M436DRAFT_35692,M436DRAFT_35692,-,-,Unknown,-,hypothetical protein,protein-coding,-,-,-,-,20160917,-
1043004,25408496,M436DRAFT_35700,M436DRAFT_35700,-,-,Unknown,-,WD40 repeat-like protein,protein-coding,-,-,-,-,20160917,-
1043004,25408497,M436DRAFT_35701,M436DRAFT_35701,-,-,Unknown,-,quinone oxidoreductase,protein-coding,-,-,-,-,20151212,-
1043004,25408498,M436DRAFT_35702,M436DRAFT_35702,-,-,Unknown,-,CBS-domain-containing protein,protein-coding,-,-,-,-,20151212,-
1043004,25408499,M436DRAFT_35712,M436DRAFT_35712,-,-,Unknown,-,putative disulfide isomerase,protein-coding,-,-,-,-,20160917,-
1043004,25408500,M436DRAFT_35725,M436DRAFT_35725,-,-,Unknown,-,hypothetical protein,protein-coding,-,-,-,-,20160917,-
1043004,25408501,M436DRAFT_35732,M436DRAFT_35732,-,-,Unknown,-,FAD/NAD(P)-binding domain-containing protein,protein-coding,-,-,-,-,20160917,-
1043004,25408502,M436DRAFT_35741,M436DRAFT_35741,-,-,Unknown,-,aromatic amino acid aminotransferase,protein-coding,-,-,-,-,20151212,-
1043004,25408503,M436DRAFT_35745,M436DRAFT_35745,-,-,Unknown,-,hypothetical protein,protein-coding,-,-,-,-,20160917,-
1043004,25408504,M436DRAFT_35746,M436DRAFT_35746,-,-,Unknown,-,hypothetical protein,protein-coding,-,-,-,-,20160917,-
1043004,25408505,M436DRAFT_35754,M436DRAFT_35754,-,-,Unknown,-,Clavaminate synthase-like protein,protein-coding,-,-,-,-,20151212,-
1043004,25408506,M436DRAFT_35756,M436DRAFT_35756,-,-,Unknown,-,MFS general substrate transporter,protein-coding,-,-,-,-,20160917,-
1043004,25408507,M436DRAFT_35757,M436DRAFT_35757,-,-,Unknown,-,kinase-like protein,protein-coding,-,-,-,-,20160917,-
1043004,25408508,M436DRAFT_35759,M436DRAFT_35759,-,-,Unknown,-,DUF423-domain-containing protein,protein-coding,-,-,-,-,20160917,-
1043004,25408509,M436DRAFT_35761,M436DRAFT_35761,-,-,Unknown,-,WD40 repeat-like protein,protein-coding,-,-,-,-,20160917,-
1043004,25408510,M436DRAFT_35765,M436DRAFT_35765,-,-,Unknown,-,DNA polymerase alpha 70 kDa subunit,protein-coding,-,-,-,-,20160917,-
1043004,25408511,M436DRAFT_35771,M436DRAFT_35771,-,-,Unknown,-,hypothetical protein,protein-coding,-,-,-,-,20160917,-
1043004,25408512,M436DRAFT_35773,M436DRAFT_35773,-,-,Unknown,-,cutinase,protein-coding,-,-,-,-,20160917,-
1043004,25408513,M436DRAFT_35782,M436DRAFT_35782,-,-,Unknown,-,putative serine peptidase,protein-coding,-,-,-,-,20160917,-
1043004,25408514,M436DRAFT_35786,M436DRAFT_35786,-,-,Unknown,-,hypothetical protein,protein-coding,-,-,-,-,20160917,-
1043004,25408515,M436DRAFT_35790,M436DRAFT_35790,-,-,Unknown,-,hypothetical protein,protein-coding,-,-,-,-,20160325,-
1043004,25408516,M436DRAFT_35793,M436DRAFT_35793,-,-,Unknown,-,vacuolar protein sorting-associated protein 73,protein-coding,-,-,-,-,20160917,-
1043004,25408517,M436DRAFT_35822,M436DRAFT_35822,-,-,Unknown,-,GroES-like protein,protein-coding,-,-,-,-,20151212,-
1043004,25408518,M436DRAFT_35826,M436DRAFT_35826,-,-,Unknown,-,hypothetical protein,protein-coding,-,-,-,-,20160917,-
1043004,25408519,M436DRAFT_35833,M436DRAFT_35833,-,-,Unknown,-,hypothetical protein,protein-coding,-,-,-,-,20160917,-
1043004,25408520,M436DRAFT_35850,M436DRAFT_35850,-,-,Unknown,-,nucleic acid-binding protein,protein-coding,-,-,-,-,20151212,-
1043004,25408521,M436DRAFT_35855,M436DRAFT_35855,-,-,Unknown,-,MFS general substrate transporter,protein-coding,-,-,-,-,20160917,-
1043004,25408522,M436DRAFT_35874,M436DRAFT_35874,-,-,Unknown,-,ubiquitin-conjugating enzyme,protein-coding,-,-,-,-,20160917,-
1043004,25408523,M436DRAFT_35889,M436DRAFT_35889,-,-,Unknown,-,amino acid permease,protein-coding,-,-,-,-,20151212,-
1043004,25408524,M436DRAFT_35897,M436DRAFT_35897,-,-,Unknown,-,hypothetical protein,protein-coding,-,-,-,-,20151104,-
1043004,25408525,M436DRAFT_35900,M436DRAFT_35900,-,-,Unknown,-,hypothetical protein,protein-coding,-,-,-,-,20151104,-
1043004,25408526,M436DRAFT_35901,M436DRAFT_35901,-,-,Unknown,-,hypothetical protein,protein-coding,-,-,-,-,20151104,-
1043004,25408527,M436DRAFT_35909,M436DRAFT_35909,-,-,Unknown,-,bacterial luciferase-like protein,protein-coding,-,-,-,-,20151212,-
1043004,25408528,M436DRAFT_35911,M436DRAFT_35911,-,-,Unknown,-,MFS general substrate transporter,protein-coding,-,-,-,-,20151212,-
1043004,25408529,M436DRAFT_35925,M436DRAFT_35925,-,-,Unknown,-,zf-CHY-domain-containing protein,protein-coding,-,-,-,-,20160917,-
1043004,25408530,M436DRAFT_35929,M436DRAFT_35929,-,-,Unknown,-,pisatin demethylase,protein-coding,-,-,-,-,20160917,-
1043004,25408531,M436DRAFT_35937,M436DRAFT_35937,-,-,Unknown,-,Flavocytochrome c,protein-coding,-,-,-,-,20160917,-
1043004,25408532,M436DRAFT_35938,M436DRAFT_35938,-,-,Unknown,-,hypothetical protein,protein-coding,-,-,-,-,20160917,-
1043004,25408533,M436DRAFT_35944,M436DRAFT_35944,-,-,Unknown,-,hypothetical protein,protein-coding,-,-,-,-,20160917,-
1043004,25408534,M436DRAFT_35954,M436DRAFT_35954,-,-,Unknown,-,orotidine-5'-phosphate decarboxylase,protein-coding,-,-,-,-,20160917,-
1043004,25408535,M436DRAFT_35956,M436DRAFT_35956,-,-,Unknown,-,acid phosphatase,protein-coding,-,-,-,-,20160917,-
1043004,25408536,M436DRAFT_35964,M436DRAFT_35964,-,-,Unknown,-,phospholipase D/nuclease,protein-coding,-,-,-,-,20160917,-
1043004,25408537,M436DRAFT_35971,M436DRAFT_35971,-,-,Unknown,-,hypothetical protein,protein-coding,-,-,-,-,20151104,-
1043004,25408538,M436DRAFT_35974,M436DRAFT_35974,-,-,Unknown,-,Cloroperoxidase,protein-coding,-,-,-,-,20160917,-
1043004,25408539,M436DRAFT_35982,M436DRAFT_35982,-,-,Unknown,-,hypothetical protein,protein-coding,-,-,-,-,20160917,-
1043004,25408540,M436DRAFT_35984,M436DRAFT_35984,-,-,Unknown,-,hypothetical protein,protein-coding,-,-,-,-,20160917,-
1043004,25408541,M436DRAFT_35993,M436DRAFT_35993,-,-,Unknown,-,PLC-like phosphodiesterase,protein-coding,-,-,-,-,20160917,-
1043004,25408542,M436DRAFT_36004,M436DRAFT_36004,-,-,Unknown,-,hypothetical protein,protein-coding,-,-,-,-,20151104,-
1043004,25408543,M436DRAFT_36007,M436DRAFT_36007,-,-,Unknown,-,hypothetical protein,protein-coding,-,-,-,-,20170520,-
1043004,25408544,M436DRAFT_36010,M436DRAFT_36010,-,-,Unknown,-,calcineurin regulatory beta sub-unit,protein-coding,-,-,-,-,20151212,-
1043004,25408545,M436DRAFT_36011,M436DRAFT_36011,-,-,Unknown,-,hypothetical protein,protein-coding,-,-,-,-,20160917,-
1043004,25408546,M436DRAFT_36016,M436DRAFT_36016,-,-,Unknown,-,SAICAR synthase-like protein,protein-coding,-,-,-,-,20151212,-
1043004,25408547,M436DRAFT_36018,M436DRAFT_36018,-,-,Unknown,-,RmlC-like cupin,protein-coding,-,-,-,-,20151212,-
1043004,25408548,M436DRAFT_36034,M436DRAFT_36034,-,-,Unknown,-,DUF605-domain-containing protein,protein-coding,-,-,-,-,20160917,-
1043004,25408549,M436DRAFT_36040,M436DRAFT_36040,-,-,Unknown,-,ubiquinone biosynthesis hydrox,protein-coding,-,-,-,-,20160917,-
1043004,25408550,M436DRAFT_36049,M436DRAFT_36049,-,-,Unknown,-,hypothetical protein,protein-coding,-,-,-,-,20160917,-
1043004,25408551,M436DRAFT_36050,M436DRAFT_36050,-,-,Unknown,-,IF-2B-domain-containing protein,protein-coding,-,-,-,-,20160917,-
1043004,25408552,M436DRAFT_36051,M436DRAFT_36051,-,-,Unknown,-,transcription factor Cmr1,protein-coding,-,-,-,-,20160917,-
1043004,25408553,M436DRAFT_36056,M436DRAFT_36056,-,-,Unknown,-,hypothetical protein,protein-coding,-,-,-,-,20160917,-
1043004,25408554,M436DRAFT_36067,M436DRAFT_36067,-,-,Unknown,-,hypothetical protein,protein-coding,-,-,-,-,20151104,-
1043004,25408555,M436DRAFT_36080,M436DRAFT_36080,-,-,Unknown,-,DUF1740-domain-containing protein,protein-coding,-,-,-,-,20160917,-
1043004,25408556,M436DRAFT_36085,M436DRAFT_36085,-,-,Unknown,-,phenylacetyl-CoA ligase-like protein,protein-coding,-,-,-,-,20160917,-
1043004,25408557,M436DRAFT_36087,M436DRAFT_36087,-,-,Unknown,-,hypothetical protein,protein-coding,-,-,-,-,20151104,-
1043004,25408558,M436DRAFT_36094,M436DRAFT_36094,-,-,Unknown,-,putative ATP-dependent RNA helicase,protein-coding,-,-,-,-,20160917,-
1043004,25408559,M436DRAFT_36095,M436DRAFT_36095,-,-,Unknown,-,hypothetical protein,protein-coding,-,-,-,-,20160917,-
1043004,25408560,M436DRAFT_36097,M436DRAFT_36097,-,-,Unknown,-,putative mitochondrial cation transporter,protein-coding,-,-,-,-,20160917,-
1043004,25408561,M436DRAFT_36112,M436DRAFT_36112,-,-,Unknown,-,"serine/threonine protein kinase, CMGC family, CDC2/CDK subfamily",protein-coding,-,-,-,-,20151212,-
1043004,25408562,M436DRAFT_36113,M436DRAFT_36113,-,-,Unknown,-,hypothetical protein,protein-coding,-,-,-,-,20160917,-
1043004,25408563,M436DRAFT_36114,M436DRAFT_36114,-,-,Unknown,-,putative 3-hydroxyacyl-CoA dehydrogenase,protein-coding,-,-,-,-,20160917,-
1043004,25408564,M436DRAFT_36121,M436DRAFT_36121,-,-,Unknown,-,hypothetical protein,protein-coding,-,-,-,-,20151212,-
1043004,25408565,M436DRAFT_36124,M436DRAFT_36124,-,-,Unknown,-,ribosomal protein S6,protein-coding,-,-,-,-,20151212,-
1043004,25408566,M436DRAFT_36125,M436DRAFT_36125,-,-,Unknown,-,hypothetical protein,protein-coding,-,-,-,-,20160917,-
1043004,25408567,M436DRAFT_36137,M436DRAFT_36137,-,-,Unknown,-,Zinc/iron permease,protein-coding,-,-,-,-,20160917,-
1043004,25408568,M436DRAFT_36153,M436DRAFT_36153,-,-,Unknown,-,hypothetical protein,protein-coding,-,-,-,-,20160917,-
1043004,25408569,M436DRAFT_36159,M436DRAFT_36159,-,-,Unknown,-,DUF1770-domain-containing protein,protein-coding,-,-,-,-,20160917,-
1043004,25408570,M436DRAFT_36161,M436DRAFT_36161,-,-,Unknown,-,putative pantothenate transporter,protein-coding,-,-,-,-,20160917,-
1043004,25408571,M436DRAFT_36162,M436DRAFT_36162,-,-,Unknown,-,PQ-loop-domain-containing protein,protein-coding,-,-,-,-,20160917,-
1043004,25408572,M436DRAFT_36163,M436DRAFT_36163,-,-,Unknown,-,lipase 3 precursor,protein-coding,-,-,-,-,20160917,-
1043004,25408573,M436DRAFT_36164,M436DRAFT_36164,-,-,Unknown,-,HPC2-domain-containing protein,protein-coding,-,-,-,-,20160917,-
1043004,25408574,M436DRAFT_36167,M436DRAFT_36167,-,-,Unknown,-,LSM-domain-containing protein,protein-coding,-,-,-,-,20151212,-
1043004,25408575,M436DRAFT_36168,M436DRAFT_36168,-,-,Unknown,-,hypothetical protein,protein-coding,-,-,-,-,20160325,-
1043004,25408576,M436DRAFT_36176,M436DRAFT_36176,-,-,Unknown,-,glycoside hydrolase,protein-coding,-,-,-,-,20151212,-
1043004,25408577,M436DRAFT_36178,M436DRAFT_36178,-,-,Unknown,-,acid phosphatase,protein-coding,-,-,-,-,20160917,-
1043004,25408578,M436DRAFT_36185,M436DRAFT_36185,-,-,Unknown,-,pectin lyase-like protein,protein-coding,-,-,-,-,20160917,-
1043004,25408579,M436DRAFT_36188,M436DRAFT_36188,-,-,Unknown,-,"glucan 1,4-alpha-maltohexaosidase precursor",protein-coding,-,-,-,-,20160917,-
1043004,25408580,M436DRAFT_36205,M436DRAFT_36205,-,-,Unknown,-,bacterial alpha-L-rhamnosidase domain-containing protein,protein-coding,-,-,-,-,20160917,-
1043004,25408581,M436DRAFT_36208,M436DRAFT_36208,-,-,Unknown,-,hypothetical protein,protein-coding,-,-,-,-,20151212,-
1043004,25408582,M436DRAFT_36210,M436DRAFT_36210,-,-,Unknown,-,Clavaminate synthase-like protein,protein-coding,-,-,-,-,20160917,-
1043004,25408583,M436DRAFT_36211,M436DRAFT_36211,-,-,Unknown,-,putative NADH-ubiquinone oxidoreductase 39 kDa subunit,protein-coding,-,-,-,-,20151212,-
1043004,25408584,M436DRAFT_36220,M436DRAFT_36220,-,-,Unknown,-,NAD(P)-binding protein,protein-coding,-,-,-,-,20151212,-
1043004,25408585,M436DRAFT_36222,M436DRAFT_36222,-,-,Unknown,-,hypothetical protein,protein-coding,-,-,-,-,20160917,-
1043004,25408586,M436DRAFT_36224,M436DRAFT_36224,-,-,Unknown,-,hypothetical protein,protein-coding,-,-,-,-,20151212,-
1043004,25408587,M436DRAFT_36228,M436DRAFT_36228,-,-,Unknown,-,acetyl-CoA synthetase-like protein,protein-coding,-,-,-,-,20160917,-
1043004,25408588,M436DRAFT_36229,M436DRAFT_36229,-,-,Unknown,-,hypothetical protein,protein-coding,-,-,-,-,20151104,-
1043004,25408589,M436DRAFT_36237,M436DRAFT_36237,-,-,Unknown,-,plasma membrane iron permease-like protein,protein-coding,-,-,-,-,20151212,-
1043004,25408590,M436DRAFT_36257,M436DRAFT_36257,-,-,Unknown,-,U-box-domain-containing protein,protein-coding,-,-,-,-,20160917,-
1043004,25408591,M436DRAFT_36258,M436DRAFT_36258,-,-,Unknown,-,hypothetical protein,protein-coding,-,-,-,-,20151104,-
1043004,25408592,M436DRAFT_36269,M436DRAFT_36269,-,-,Unknown,-,glucose oxidase,protein-coding,-,-,-,-,20160917,-
1043004,25408593,M436DRAFT_36278,M436DRAFT_36278,-,-,Unknown,-,hypothetical protein,protein-coding,-,-,-,-,20160917,-
1043004,25408594,M436DRAFT_36292,M436DRAFT_36292,-,-,Unknown,-,Na+/H+ antiporter,protein-coding,-,-,-,-,20160917,-
1043004,25408595,M436DRAFT_36296,M436DRAFT_36296,-,-,Unknown,-,hypothetical protein,protein-coding,-,-,-,-,20160917,-
1043004,25408596,M436DRAFT_36298,M436DRAFT_36298,-,-,Unknown,-,putative Xaa-Pro aminopeptidase,protein-coding,-,-,-,-,20151212,-
1043004,25408597,M436DRAFT_36299,M436DRAFT_36299,-,-,Unknown,-,hypothetical protein,protein-coding,-,-,-,-,20160917,-
1043004,25408598,M436DRAFT_36308,M436DRAFT_36308,-,-,Unknown,-,Phosphodiest-domain-containing protein,protein-coding,-,-,-,-,20160917,-
1043004,25408599,M436DRAFT_36310,M436DRAFT_36310,-,-,Unknown,-,hypothetical protein,protein-coding,-,-,-,-,20151104,-
1043004,25408600,M436DRAFT_36318,M436DRAFT_36318,-,-,Unknown,-,hypothetical protein,protein-coding,-,-,-,-,20151104,-
1043004,25408601,M436DRAFT_36337,M436DRAFT_36337,-,-,Unknown,-,uracil-5-carboxylate decarboxylase,protein-coding,-,-,-,-,20160917,-
1043004,25408602,M436DRAFT_36339,M436DRAFT_36339,-,-,Unknown,-,"COMPASS, Set1C complex protein",protein-coding,-,-,-,-,20160917,-
1043004,25408603,M436DRAFT_36340,M436DRAFT_36340,-,-,Unknown,-,nuclear pore complex subunit Nup192,protein-coding,-,-,-,-,20160917,-
1043004,25408604,M436DRAFT_36357,M436DRAFT_36357,-,-,Unknown,-,hypothetical protein,protein-coding,-,-,-,-,20151104,-
1043004,25408605,M436DRAFT_36362,M436DRAFT_36362,-,-,Unknown,-,cation diffusion facilitator 1,protein-coding,-,-,-,-,20160917,-
1043004,25408606,M436DRAFT_36366,M436DRAFT_36366,-,-,Unknown,-,hypothetical protein,protein-coding,-,-,-,-,20160917,-
1043004,25408607,M436DRAFT_36369,M436DRAFT_36369,-,-,Unknown,-,hypothetical protein,protein-coding,-,-,-,-,20151104,-
1043004,25408608,M436DRAFT_36371,M436DRAFT_36371,-,-,Unknown,-,hypothetical protein,protein-coding,-,-,-,-,20160917,-
1043004,25408609,M436DRAFT_36372,M436DRAFT_36372,-,-,Unknown,-,NAD(P)-binding protein,protein-coding,-,-,-,-,20160917,-
1043004,25408610,M436DRAFT_36375,M436DRAFT_36375,-,-,Unknown,-,hypothetical protein,protein-coding,-,-,-,-,20160917,-
1043004,25408611,M436DRAFT_36380,M436DRAFT_36380,-,-,Unknown,-,diacylglycerol O-acyltransferas-like protein 2B,protein-coding,-,-,-,-,20160917,-
1043004,25408612,M436DRAFT_36382,M436DRAFT_36382,-,-,Unknown,-,hypothetical protein,protein-coding,-,-,-,-,20160917,-
1043004,25408613,M436DRAFT_36391,M436DRAFT_36391,-,-,Unknown,-,hypothetical protein,protein-coding,-,-,-,-,20160917,-
1043004,25408614,M436DRAFT_36392,M436DRAFT_36392,-,-,Unknown,-,hypothetical protein,protein-coding,-,-,-,-,20160917,-
1043004,25408615,M436DRAFT_36397,M436DRAFT_36397,-,-,Unknown,-,Inositolphosphorylceramide-B hydroxylase,protein-coding,-,-,-,-,20160917,-
1043004,25408616,M436DRAFT_36398,M436DRAFT_36398,-,-,Unknown,-,hypothetical protein,protein-coding,-,-,-,-,20151104,-
1043004,25408617,M436DRAFT_36404,M436DRAFT_36404,-,-,Unknown,-,hypothetical protein,protein-coding,-,-,-,-,20160917,-
1043004,25408618,M436DRAFT_36406,M436DRAFT_36406,-,-,Unknown,-,hypothetical protein,protein-coding,-,-,-,-,20160325,-
1043004,25408619,M436DRAFT_36409,M436DRAFT_36409,-,-,Unknown,-,alpha/beta hydrolase,protein-coding,-,-,-,-,20160917,-
1043004,25408620,M436DRAFT_36411,M436DRAFT_36411,-,-,Unknown,-,putative autophagy protein Atg20,protein-coding,-,-,-,-,20160917,-
1043004,25408621,M436DRAFT_36413,M436DRAFT_36413,-,-,Unknown,-,nuclear distribution protein PAC1,protein-coding,-,-,-,-,20160917,-
1043004,25408622,M436DRAFT_36428,M436DRAFT_36428,-,-,Unknown,-,Aldo/keto reductase,protein-coding,-,-,-,-,20160917,-
1043004,25408623,M436DRAFT_36430,M436DRAFT_36430,-,-,Unknown,-,Aldo/keto reductase,protein-coding,-,-,-,-,20151212,-
1043004,25408624,M436DRAFT_36432,M436DRAFT_36432,-,-,Unknown,-,hypothetical protein,protein-coding,-,-,-,-,20151104,-
1043004,25408625,M436DRAFT_36434,M436DRAFT_36434,-,-,Unknown,-,thioredoxin-like protein,protein-coding,-,-,-,-,20160917,-
1043004,25408626,M436DRAFT_36451,M436DRAFT_36451,-,-,Unknown,-,hypothetical protein,protein-coding,-,-,-,-,20160917,-
1043004,25408627,M436DRAFT_36456,M436DRAFT_36456,-,-,Unknown,-,hypothetical protein,protein-coding,-,-,-,-,20151212,-
1043004,25408628,M436DRAFT_36459,M436DRAFT_36459,-,-,Unknown,-,pseudouridine synthase,protein-coding,-,-,-,-,20151212,-
1043004,25408629,M436DRAFT_36464,M436DRAFT_36464,-,-,Unknown,-,hypothetical protein,protein-coding,-,-,-,-,20170520,-
1043004,25408630,M436DRAFT_36474,M436DRAFT_36474,-,-,Unknown,-,UPF0052-domain-containing protein,protein-coding,-,-,-,-,20151212,-
1043004,25408631,M436DRAFT_36481,M436DRAFT_36481,-,-,Unknown,-,seven-hairpin glycosidase,protein-coding,-,-,-,-,20160917,-
1043004,25408632,M436DRAFT_36482,M436DRAFT_36482,-,-,Unknown,-,Arabinanase/levansucrase/invertase,protein-coding,-,-,-,-,20160917,-
1043004,25408633,M436DRAFT_36484,M436DRAFT_36484,-,-,Unknown,-,hypothetical protein,protein-coding,-,-,-,-,20151104,-
1043004,25408634,M436DRAFT_36485,M436DRAFT_36485,-,-,Unknown,-,putative alpha-galactosidase,protein-coding,-,-,-,-,20160917,-
1043004,25408635,M436DRAFT_36486,M436DRAFT_36486,-,-,Unknown,-,hypothetical protein,protein-coding,-,-,-,-,20160917,-
1043004,25408636,M436DRAFT_36489,M436DRAFT_36489,-,-,Unknown,-,PLP-dependent transferase,protein-coding,-,-,-,-,20160917,-
1043004,25408637,M436DRAFT_36491,M436DRAFT_36491,-,-,Unknown,-,transcription factor Opi1,protein-coding,-,-,-,-,20160917,-
1043004,25408638,M436DRAFT_36492,M436DRAFT_36492,-,-,Unknown,-,hypothetical protein,protein-coding,-,-,-,-,20151212,-
1043004,25408639,M436DRAFT_36493,M436DRAFT_36493,-,-,Unknown,-,glutamate 5-kinase,protein-coding,-,-,-,-,20160917,-
1043004,25408640,M436DRAFT_36496,M436DRAFT_36496,-,-,Unknown,-,26S protease-like protein regulatory subunit 6B,protein-coding,-,-,-,-,20160917,-
1043004,25408641,M436DRAFT_36497,M436DRAFT_36497,-,-,Unknown,-,phospholipid-translocating P-type ATPase,protein-coding,-,-,-,-,20160917,-
1043004,25408642,M436DRAFT_36499,M436DRAFT_36499,-,-,Unknown,-,hypothetical protein,protein-coding,-,-,-,-,20151104,-
1043004,25408643,M436DRAFT_36503,M436DRAFT_36503,-,-,Unknown,-,hypothetical protein,protein-coding,-,-,-,-,20160917,-
1043004,25408644,M436DRAFT_36504,M436DRAFT_36504,-,-,Unknown,-,hypothetical protein,protein-coding,-,-,-,-,20160917,-
1043004,25408645,M436DRAFT_36514,M436DRAFT_36514,-,-,Unknown,-,hypothetical protein,protein-coding,-,-,-,-,20160917,-
1043004,25408646,M436DRAFT_36523,M436DRAFT_36523,-,-,Unknown,-,NAD(P)-binding protein,protein-coding,-,-,-,-,20160917,-
1043004,25408647,M436DRAFT_36529,M436DRAFT_36529,-,-,Unknown,-,hypothetical protein,protein-coding,-,-,-,-,20151104,-
1043004,25408648,M436DRAFT_36533,M436DRAFT_36533,-,-,Unknown,-,hypothetical protein,protein-coding,-,-,-,-,20160917,-
1043004,25408649,M436DRAFT_36538,M436DRAFT_36538,-,-,Unknown,-,ribosomal protein L4,protein-coding,-,-,-,-,20160917,-
1043004,25408650,M436DRAFT_36539,M436DRAFT_36539,-,-,Unknown,-,LmbE-like protein,protein-coding,-,-,-,-,20160917,-
1043004,25408651,M436DRAFT_36543,M436DRAFT_36543,-,-,Unknown,-,hypothetical protein,protein-coding,-,-,-,-,20160917,-
1043004,25408652,M436DRAFT_36550,M436DRAFT_36550,-,-,Unknown,-,RNA polymerase II second largest subunit,protein-coding,-,-,-,-,20160917,-
1043004,25408653,M436DRAFT_36559,M436DRAFT_36559,-,-,Unknown,-,Six-hairpin glycosidase,protein-coding,-,-,-,-,20160917,-
1043004,25408654,M436DRAFT_36566,M436DRAFT_36566,-,-,Unknown,-,molybdenum cofactor biosynthesis prote,protein-coding,-,-,-,-,20160917,-
1043004,25408655,M436DRAFT_36571,M436DRAFT_36571,-,-,Unknown,-,hypothetical protein,protein-coding,-,-,-,-,20151104,-
1043004,25408656,M436DRAFT_36575,M436DRAFT_36575,-,-,Unknown,-,hypothetical protein,protein-coding,-,-,-,-,20151212,-
1043004,25408657,M436DRAFT_36580,M436DRAFT_36580,-,-,Unknown,-,AAA-domain-containing protein,protein-coding,-,-,-,-,20160917,-
1043004,25408658,M436DRAFT_36584,M436DRAFT_36584,-,-,Unknown,-,kinase-like protein,protein-coding,-,-,-,-,20160917,-
1043004,25408659,M436DRAFT_36588,M436DRAFT_36588,-,-,Unknown,-,hypothetical protein,protein-coding,-,-,-,-,20151212,-
1043004,25408660,M436DRAFT_36595,M436DRAFT_36595,-,-,Unknown,-,putative glutathione-dependent formaldehyde-activating enzyme,protein-coding,-,-,-,-,20160917,-
1043004,25408661,M436DRAFT_36609,M436DRAFT_36609,-,-,Unknown,-,hypothetical protein,protein-coding,-,-,-,-,20151104,-
1043004,25408662,M436DRAFT_36611,M436DRAFT_36611,-,-,Unknown,-,hypothetical protein,protein-coding,-,-,-,-,20160917,-
1043004,25408663,M436DRAFT_36616,M436DRAFT_36616,-,-,Unknown,-,guanine deaminase,protein-coding,-,-,-,-,20160917,-
1043004,25408664,M436DRAFT_36618,M436DRAFT_36618,-,-,Unknown,-,ras GEF,protein-coding,-,-,-,-,20160917,-
1043004,25408665,M436DRAFT_36622,M436DRAFT_36622,-,-,Unknown,-,hypothetical protein,protein-coding,-,-,-,-,20151212,-
1043004,25408666,M436DRAFT_36633,M436DRAFT_36633,-,-,Unknown,-,hypothetical protein,protein-coding,-,-,-,-,20160917,-
1043004,25408667,M436DRAFT_36643,M436DRAFT_36643,-,-,Unknown,-,hypothetical protein,protein-coding,-,-,-,-,20151212,-
1043004,25408668,M436DRAFT_36650,M436DRAFT_36650,-,-,Unknown,-,hypothetical protein,protein-coding,-,-,-,-,20160917,-
1043004,25408669,M436DRAFT_36653,M436DRAFT_36653,-,-,Unknown,-,P-loop containing nucleoside triphosphate hydrolase protein,protein-coding,-,-,-,-,20160917,-
1043004,25408670,M436DRAFT_36654,M436DRAFT_36654,-,-,Unknown,-,hypothetical protein,protein-coding,-,-,-,-,20160917,-
1043004,25408671,M436DRAFT_36658,M436DRAFT_36658,-,-,Unknown,-,hypothetical protein,protein-coding,-,-,-,-,20160917,-
1043004,25408672,M436DRAFT_36670,M436DRAFT_36670,-,-,Unknown,-,serine palmitoyltransferase,protein-coding,-,-,-,-,20160917,-
1043004,25408673,M436DRAFT_36671,M436DRAFT_36671,-,-,Unknown,-,mitochondrial protein-like protein Fmp25,protein-coding,-,-,-,-,20160917,-
1043004,25408674,M436DRAFT_36672,M436DRAFT_36672,-,-,Unknown,-,mitochondrial carrier,protein-coding,-,-,-,-,20160917,-
1043004,25408675,M436DRAFT_36685,M436DRAFT_36685,-,-,Unknown,-,hypothetical protein,protein-coding,-,-,-,-,20151104,-
1043004,25408676,M436DRAFT_36689,M436DRAFT_36689,-,-,Unknown,-,pectin lyase-like protein,protein-coding,-,-,-,-,20160917,-
1043004,25408677,M436DRAFT_36695,M436DRAFT_36695,-,-,Unknown,-,dihydroxyacetone kinase,protein-coding,-,-,-,-,20160917,-
1043004,25408678,M436DRAFT_36696,M436DRAFT_36696,-,-,Unknown,-,hypothetical protein,protein-coding,-,-,-,-,20151104,-
1043004,25408679,M436DRAFT_36700,M436DRAFT_36700,-,-,Unknown,-,guanine-nucleotide dissociation stimulator CDC25,protein-coding,-,-,-,-,20160917,-
1043004,25408680,M436DRAFT_36703,M436DRAFT_36703,-,-,Unknown,-,MFS general substrate transporter,protein-coding,-,-,-,-,20160917,-
1043004,25408681,M436DRAFT_36708,M436DRAFT_36708,-,-,Unknown,-,SDA1-domain-containing protein,protein-coding,-,-,-,-,20160917,-
1043004,25408682,M436DRAFT_36711,M436DRAFT_36711,-,-,Unknown,-,hypothetical protein,protein-coding,-,-,-,-,20160917,-
1043004,25408683,M436DRAFT_36712,M436DRAFT_36712,-,-,Unknown,-,hypothetical protein,protein-coding,-,-,-,-,20151104,-
1043004,25408684,M436DRAFT_36716,M436DRAFT_36716,-,-,Unknown,-,hypothetical protein,protein-coding,-,-,-,-,20160917,-
1043004,25408685,M436DRAFT_36725,M436DRAFT_36725,-,-,Unknown,-,catalase 3 precursor,protein-coding,-,-,-,-,20160917,-
1043004,25408686,M436DRAFT_36726,M436DRAFT_36726,-,-,Unknown,-,kinase-like protein,protein-coding,-,-,-,-,20160917,-
1043004,25408687,M436DRAFT_36729,M436DRAFT_36729,-,-,Unknown,-,hypothetical protein,protein-coding,-,-,-,-,20160917,-
1043004,25408688,M436DRAFT_36735,M436DRAFT_36735,-,-,Unknown,-,hypothetical protein,protein-coding,-,-,-,-,20151104,-
1043004,25408689,M436DRAFT_36739,M436DRAFT_36739,-,-,Unknown,-,hypothetical protein,protein-coding,-,-,-,-,20151212,-
1043004,25408690,M436DRAFT_36741,M436DRAFT_36741,-,-,Unknown,-,ATP-dependent DNA ligase,protein-coding,-,-,-,-,20160917,-
1043004,25408691,M436DRAFT_36761,M436DRAFT_36761,-,-,Unknown,-,L-asparaginase,protein-coding,-,-,-,-,20160917,-
1043004,25408692,M436DRAFT_36762,M436DRAFT_36762,-,-,Unknown,-,cyclin-dependent kinase regulatory subunit,protein-coding,-,-,-,-,20200919,-
1043004,25408693,M436DRAFT_36763,M436DRAFT_36763,-,-,Unknown,-,hypothetical protein,protein-coding,-,-,-,-,20160917,-
1043004,25408694,M436DRAFT_36769,M436DRAFT_36769,-,-,Unknown,-,PLP-dependent transferase,protein-coding,-,-,-,-,20160917,-
1043004,25408695,M436DRAFT_36771,M436DRAFT_36771,-,-,Unknown,-,hypothetical protein,protein-coding,-,-,-,-,20160917,-
1043004,25408696,M436DRAFT_36778,M436DRAFT_36778,-,-,Unknown,-,hypothetical protein,protein-coding,-,-,-,-,20151104,-
1043004,25408697,M436DRAFT_36785,M436DRAFT_36785,-,-,Unknown,-,glutathione S-transferase,protein-coding,-,-,-,-,20160917,-
1043004,25408698,M436DRAFT_36788,M436DRAFT_36788,-,-,Unknown,-,acyl-CoA-binding protein,protein-coding,-,-,-,-,20210424,-
1043004,25408699,M436DRAFT_36801,M436DRAFT_36801,-,-,Unknown,-,DUF155-domain-containing protein,protein-coding,-,-,-,-,20160917,-
1043004,25408700,M436DRAFT_36803,M436DRAFT_36803,-,-,Unknown,-,alpha-amylase,protein-coding,-,-,-,-,20160917,-
1043004,25408701,M436DRAFT_36805,M436DRAFT_36805,-,-,Unknown,-,hypothetical protein,protein-coding,-,-,-,-,20160917,-
1043004,25408702,M436DRAFT_36807,M436DRAFT_36807,-,-,Unknown,-,acetyl-CoA synthetase-like protein,protein-coding,-,-,-,-,20160917,-
1043004,25408703,M436DRAFT_36815,M436DRAFT_36815,-,-,Unknown,-,RNI-like protein,protein-coding,-,-,-,-,20151212,-
1043004,25408704,M436DRAFT_36816,M436DRAFT_36816,-,-,Unknown,-,GroES-like protein,protein-coding,-,-,-,-,20151212,-
1043004,25408705,M436DRAFT_36829,M436DRAFT_36829,-,-,Unknown,-,hypothetical protein,protein-coding,-,-,-,-,20151104,-
1043004,25408706,M436DRAFT_36833,M436DRAFT_36833,-,-,Unknown,-,NAD(P)-binding protein,protein-coding,-,-,-,-,20151212,-
1043004,25408707,M436DRAFT_36835,M436DRAFT_36835,-,-,Unknown,-,hypothetical protein,protein-coding,-,-,-,-,20151104,-
1043004,25408708,M436DRAFT_36836,M436DRAFT_36836,-,-,Unknown,-,hypothetical protein,protein-coding,-,-,-,-,20151212,-
1043004,25408709,M436DRAFT_36839,M436DRAFT_36839,-,-,Unknown,-,hypothetical protein,protein-coding,-,-,-,-,20160917,-
1043004,25408710,M436DRAFT_36844,M436DRAFT_36844,-,-,Unknown,-,hypothetical protein,protein-coding,-,-,-,-,20151104,-
1043004,25408711,M436DRAFT_36846,M436DRAFT_36846,-,-,Unknown,-,galactose oxidase,protein-coding,-,-,-,-,20160917,-
1043004,25408712,M436DRAFT_36856,M436DRAFT_36856,-,-,Unknown,-,methionyl-tRNA synthetase,protein-coding,-,-,-,-,20160917,-
1043004,25408713,M436DRAFT_36869,M436DRAFT_36869,-,-,Unknown,-,TPR-like protein,protein-coding,-,-,-,-,20160917,-
1043004,25408714,M436DRAFT_36870,M436DRAFT_36870,-,-,Unknown,-,V-type ATPase,protein-coding,-,-,-,-,20160917,-
1043004,25408715,M436DRAFT_36876,M436DRAFT_36876,-,-,Unknown,-,hypothetical protein,protein-coding,-,-,-,-,20160917,-
1043004,25408716,M436DRAFT_36877,M436DRAFT_36877,-,-,Unknown,-,kinase-like protein,protein-coding,-,-,-,-,20160917,-
1043004,25408717,M436DRAFT_36886,M436DRAFT_36886,-,-,Unknown,-,hypothetical protein,protein-coding,-,-,-,-,20160917,-
1043004,25408718,M436DRAFT_36889,M436DRAFT_36889,-,-,Unknown,-,hypothetical protein,protein-coding,-,-,-,-,20160917,-
1043004,25408719,M436DRAFT_36891,M436DRAFT_36891,-,-,Unknown,-,hypothetical protein,protein-coding,-,-,-,-,20151104,-
1043004,25408720,M436DRAFT_36893,M436DRAFT_36893,-,-,Unknown,-,hypothetical protein,protein-coding,-,-,-,-,20151104,-
1043004,25408721,M436DRAFT_36899,M436DRAFT_36899,-,-,Unknown,-,hypothetical protein,protein-coding,-,-,-,-,20160325,-
1043004,25408722,M436DRAFT_36903,M436DRAFT_36903,-,-,Unknown,-,hypothetical protein,protein-coding,-,-,-,-,20151104,-
1043004,25408723,M436DRAFT_36905,M436DRAFT_36905,-,-,Unknown,-,hypothetical protein,protein-coding,-,-,-,-,20151104,-
1043004,25408724,M436DRAFT_36908,M436DRAFT_36908,-,-,Unknown,-,ARM repeat-containing protein,protein-coding,-,-,-,-,20160917,-
1043004,25408725,M436DRAFT_36916,M436DRAFT_36916,-,-,Unknown,-,hypothetical protein,protein-coding,-,-,-,-,20160917,-
1043004,25408726,M436DRAFT_36921,M436DRAFT_36921,-,-,Unknown,-,hypothetical protein,protein-coding,-,-,-,-,20151104,-
1043004,25408727,M436DRAFT_36926,M436DRAFT_36926,-,-,Unknown,-,DUF396-domain-containing protein,protein-coding,-,-,-,-,20160917,-
1043004,25408728,M436DRAFT_36928,M436DRAFT_36928,-,-,Unknown,-,hypothetical protein,protein-coding,-,-,-,-,20160917,-
1043004,25408729,M436DRAFT_36933,M436DRAFT_36933,-,-,Unknown,-,Cullin-domain-containing protein,protein-coding,-,-,-,-,20160917,-
1043004,25408730,M436DRAFT_36940,M436DRAFT_36940,-,-,Unknown,-,hypothetical protein,protein-coding,-,-,-,-,20151104,-
1043004,25408731,M436DRAFT_36952,M436DRAFT_36952,-,-,Unknown,-,hypothetical protein,protein-coding,-,-,-,-,20151212,-
1043004,25408732,M436DRAFT_36956,M436DRAFT_36956,-,-,Unknown,-,putative MFS glucose transporter,protein-coding,-,-,-,-,20160917,-
1043004,25408733,M436DRAFT_36958,M436DRAFT_36958,-,-,Unknown,-,kinase-like protein,protein-coding,-,-,-,-,20160917,-
1043004,25408734,M436DRAFT_36960,M436DRAFT_36960,-,-,Unknown,-,2-isopropylmalate synthase,protein-coding,-,-,-,-,20151212,-
1043004,25408735,M436DRAFT_36963,M436DRAFT_36963,-,-,Unknown,-,hypothetical protein,protein-coding,-,-,-,-,20160917,-
1043004,25408736,M436DRAFT_36981,M436DRAFT_36981,-,-,Unknown,-,RNA polymerase I-specific transcription initiation factor RRN3,protein-coding,-,-,-,-,20160917,-
1043004,25408737,M436DRAFT_36983,M436DRAFT_36983,-,-,Unknown,-,hypothetical protein,protein-coding,-,-,-,-,20151104,-
1043004,25408738,M436DRAFT_36984,M436DRAFT_36984,-,-,Unknown,-,hypothetical protein,protein-coding,-,-,-,-,20151104,-
1043004,25408739,M436DRAFT_36985,M436DRAFT_36985,-,-,Unknown,-,putative sugar transporter,protein-coding,-,-,-,-,20151212,-
1043004,25408740,M436DRAFT_37009,M436DRAFT_37009,-,-,Unknown,-,DUF1620-domain-containing protein,protein-coding,-,-,-,-,20160917,-
1043004,25408741,M436DRAFT_37013,M436DRAFT_37013,-,-,Unknown,-,FAS1 domain-containing protein,protein-coding,-,-,-,-,20160917,-
1043004,25408742,M436DRAFT_37020,M436DRAFT_37020,-,-,Unknown,-,serine/threonine kinase,protein-coding,-,-,-,-,20160917,-
1043004,25408743,M436DRAFT_37022,M436DRAFT_37022,-,-,Unknown,-,hypothetical protein,protein-coding,-,-,-,-,20160917,-
1043004,25408744,M436DRAFT_37035,M436DRAFT_37035,-,-,Unknown,-,hypothetical protein,protein-coding,-,-,-,-,20160325,-
1043004,25408745,M436DRAFT_37036,M436DRAFT_37036,-,-,Unknown,-,Metallo-dependent phosphatase,protein-coding,-,-,-,-,20160917,-
1043004,25408746,M436DRAFT_37041,M436DRAFT_37041,-,-,Unknown,-,citron like protein,protein-coding,-,-,-,-,20160917,-
1043004,25408747,M436DRAFT_37048,M436DRAFT_37048,-,-,Unknown,-,hypothetical protein,protein-coding,-,-,-,-,20160917,-
1043004,25408748,M436DRAFT_37050,M436DRAFT_37050,-,-,Unknown,-,guanyl-specific ribonuclease F1,protein-coding,-,-,-,-,20151212,-
1043004,25408749,M436DRAFT_37060,M436DRAFT_37060,-,-,Unknown,-,hypothetical protein,protein-coding,-,-,-,-,20160917,-
1043004,25408750,M436DRAFT_37062,M436DRAFT_37062,-,-,Unknown,-,general substrate transporter,protein-coding,-,-,-,-,20160917,-
1043004,25408751,M436DRAFT_37080,M436DRAFT_37080,-,-,Unknown,-,"putative glycine cleavage system H protein, mitochondrial precursor",protein-coding,-,-,-,-,20160917,-
1043004,25408752,M436DRAFT_37083,M436DRAFT_37083,-,-,Unknown,-,hypothetical protein,protein-coding,-,-,-,-,20151104,-
1043004,25408753,M436DRAFT_37089,M436DRAFT_37089,-,-,Unknown,-,CRAL/TRIO domain-containing protein,protein-coding,-,-,-,-,20160917,-
1043004,25408754,M436DRAFT_37090,M436DRAFT_37090,-,-,Unknown,-,hypothetical protein,protein-coding,-,-,-,-,20151104,-
1043004,25408755,M436DRAFT_37092,M436DRAFT_37092,-,-,Unknown,-,WD40 repeat-like protein,protein-coding,-,-,-,-,20160917,-
1043004,25408756,M436DRAFT_37095,M436DRAFT_37095,-,-,Unknown,-,phosphoglycerate mutase-like protein,protein-coding,-,-,-,-,20160917,-
1043004,25408757,M436DRAFT_37096,M436DRAFT_37096,-,-,Unknown,-,1-acylglycerol-3-phosphate O,protein-coding,-,-,-,-,20160917,-
1043004,25408758,M436DRAFT_37098,M436DRAFT_37098,-,-,Unknown,-,hypothetical protein,protein-coding,-,-,-,-,20151212,-
1043004,25408759,M436DRAFT_37100,M436DRAFT_37100,-,-,Unknown,-,ABC transporter domain-containing protein,protein-coding,-,-,-,-,20160917,-
1043004,25408760,M436DRAFT_37105,M436DRAFT_37105,-,-,Unknown,-,hypothetical protein,protein-coding,-,-,-,-,20160917,-
1043004,25408761,M436DRAFT_37108,M436DRAFT_37108,-,-,Unknown,-,3-hydroxyisobutyryl-CoA hydrolase mitochondrial precursor,protein-coding,-,-,-,-,20160917,-
1043004,25408762,M436DRAFT_37109,M436DRAFT_37109,-,-,Unknown,-,rhomboid protein 2,protein-coding,-,-,-,-,20160917,-
1043004,25408763,M436DRAFT_37110,M436DRAFT_37110,-,-,Unknown,-,hypothetical protein,protein-coding,-,-,-,-,20160917,-
1043004,25408764,M436DRAFT_37116,M436DRAFT_37116,-,-,Unknown,-,hypothetical protein,protein-coding,-,-,-,-,20160917,-
1043004,25408765,M436DRAFT_37124,M436DRAFT_37124,-,-,Unknown,-,hypothetical protein,protein-coding,-,-,-,-,20151104,-
1043004,25408766,M436DRAFT_37128,M436DRAFT_37128,-,-,Unknown,-,hypothetical protein,protein-coding,-,-,-,-,20151104,-
1043004,25408767,M436DRAFT_37141,M436DRAFT_37141,-,-,Unknown,-,"Osmotin, thaumatin-like protein",protein-coding,-,-,-,-,20160917,-
1043004,25408768,M436DRAFT_37142,M436DRAFT_37142,-,-,Unknown,-,DNA repair exonuclease rad1,protein-coding,-,-,-,-,20160917,-
1043004,25408769,M436DRAFT_37154,M436DRAFT_37154,-,-,Unknown,-,hypothetical protein,protein-coding,-,-,-,-,20151104,-
1043004,25408770,M436DRAFT_37158,M436DRAFT_37158,-,-,Unknown,-,hypothetical protein,protein-coding,-,-,-,-,20151104,-
1043004,25408771,M436DRAFT_37160,M436DRAFT_37160,-,-,Unknown,-,hypothetical protein,protein-coding,-,-,-,-,20151212,-
1043004,25408772,M436DRAFT_37165,M436DRAFT_37165,-,-,Unknown,-,galactose-binding like protein,protein-coding,-,-,-,-,20151212,-
1043004,25408773,M436DRAFT_37168,M436DRAFT_37168,-,-,Unknown,-,hypothetical protein,protein-coding,-,-,-,-,20160917,-
1043004,25408774,M436DRAFT_37171,M436DRAFT_37171,-,-,Unknown,-,hypothetical protein,protein-coding,-,-,-,-,20151212,-
1043004,25408775,M436DRAFT_37172,M436DRAFT_37172,-,-,Unknown,-,hypothetical protein,protein-coding,-,-,-,-,20160917,-
1043004,25408776,M436DRAFT_37177,M436DRAFT_37177,-,-,Unknown,-,OPT superfamily oligopeptide transporter,protein-coding,-,-,-,-,20160917,-
1043004,25408777,M436DRAFT_37179,M436DRAFT_37179,-,-,Unknown,-,hypothetical protein,protein-coding,-,-,-,-,20151104,-
1043004,25408778,M436DRAFT_37184,M436DRAFT_37184,-,-,Unknown,-,hypothetical protein,protein-coding,-,-,-,-,20160917,-
1043004,25408779,M436DRAFT_37185,M436DRAFT_37185,-,-,Unknown,-,DUF221-domain-containing protein,protein-coding,-,-,-,-,20160917,-
1043004,25408780,M436DRAFT_37191,M436DRAFT_37191,-,-,Unknown,-,NAD(P)-binding protein,protein-coding,-,-,-,-,20160917,-
1043004,25408781,M436DRAFT_37193,M436DRAFT_37193,-,-,Unknown,-,Thioesterase/thiol ester dehydrase-isomerase,protein-coding,-,-,-,-,20160325,-
1043004,25408782,M436DRAFT_37194,M436DRAFT_37194,-,-,Unknown,-,hypothetical protein,protein-coding,-,-,-,-,20151212,-
1043004,25408783,M436DRAFT_37197,M436DRAFT_37197,-,-,Unknown,-,"cytochrome c oxidase-assembly factor COX23, mitochondrial",protein-coding,-,-,-,-,20160917,-
1043004,25408784,M436DRAFT_37199,M436DRAFT_37199,-,-,Unknown,-,ribosome recycling factor,protein-coding,-,-,-,-,20160917,-
1043004,25408785,M436DRAFT_37203,M436DRAFT_37203,-,-,Unknown,-,phosphoglycerate mutase family protein-like protein,protein-coding,-,-,-,-,20160917,-
1043004,25408786,M436DRAFT_37204,M436DRAFT_37204,-,-,Unknown,-,hypothetical protein,protein-coding,-,-,-,-,20160917,-
1043004,25408787,M436DRAFT_37206,M436DRAFT_37206,-,-,Unknown,-,STAG-domain-containing protein,protein-coding,-,-,-,-,20160917,-
1043004,25408788,M436DRAFT_37209,M436DRAFT_37209,-,-,Unknown,-,hypothetical protein,protein-coding,-,-,-,-,20151104,-
1043004,25408789,M436DRAFT_37211,M436DRAFT_37211,-,-,Unknown,-,carboxylesterase family protein-like protein,protein-coding,-,-,-,-,20160917,-
1043004,25408790,M436DRAFT_37213,M436DRAFT_37213,-,-,Unknown,-,hypothetical protein,protein-coding,-,-,-,-,20151212,-
1043004,25408791,M436DRAFT_37219,M436DRAFT_37219,-,-,Unknown,-,hypothetical protein,protein-coding,-,-,-,-,20160917,-
1043004,25408792,M436DRAFT_37220,M436DRAFT_37220,-,-,Unknown,-,hypothetical protein,protein-coding,-,-,-,-,20151212,-
1043004,25408793,M436DRAFT_37227,M436DRAFT_37227,-,-,Unknown,-,histone H4,protein-coding,-,-,-,-,20180203,-
1043004,25408794,M436DRAFT_37246,M436DRAFT_37246,-,-,Unknown,-,hypothetical protein,protein-coding,-,-,-,-,20160917,-
1043004,25408795,M436DRAFT_37247,M436DRAFT_37247,-,-,Unknown,-,short-chain dehydrogenase/ reductase-like protein,protein-coding,-,-,-,-,20160917,-
1043004,25408796,M436DRAFT_37249,M436DRAFT_37249,-,-,Unknown,-,hypothetical protein,protein-coding,-,-,-,-,20160917,-
1043004,25408797,M436DRAFT_37251,M436DRAFT_37251,-,-,Unknown,-,hypothetical protein,protein-coding,-,-,-,-,20160917,-
1043004,25408798,M436DRAFT_37258,M436DRAFT_37258,-,-,Unknown,-,hypothetical protein,protein-coding,-,-,-,-,20151212,-
1043004,25408799,M436DRAFT_37260,M436DRAFT_37260,-,-,Unknown,-,amino acid transporter,protein-coding,-,-,-,-,20160917,-
1043004,25408800,M436DRAFT_37263,M436DRAFT_37263,-,-,Unknown,-,putative C4-dicarboxylate/malic acid transporter,protein-coding,-,-,-,-,20151212,-
1043004,25408801,M436DRAFT_37265,M436DRAFT_37265,-,-,Unknown,-,molecular chaperone and allergen Mod-E/Hsp90/Hsp1,protein-coding,-,-,-,-,20160917,-
1043004,25408802,M436DRAFT_37270,M436DRAFT_37270,-,-,Unknown,-,Creatinase/aminopeptidase,protein-coding,-,-,-,-,20160917,-
1043004,25408803,M436DRAFT_37272,M436DRAFT_37272,-,-,Unknown,-,hypothetical protein,protein-coding,-,-,-,-,20151104,-
1043004,25408804,M436DRAFT_37273,M436DRAFT_37273,-,-,Unknown,-,hypothetical protein,protein-coding,-,-,-,-,20160917,-
1043004,25408805,M436DRAFT_37278,M436DRAFT_37278,-,-,Unknown,-,protein phosphatase methylesteras-like protein 1,protein-coding,-,-,-,-,20160917,-
1043004,25408806,M436DRAFT_37281,M436DRAFT_37281,-,-,Unknown,-,hypothetical protein,protein-coding,-,-,-,-,20151104,-
1043004,25408807,M436DRAFT_37282,M436DRAFT_37282,-,-,Unknown,-,hypothetical protein,protein-coding,-,-,-,-,20160917,-
1043004,25408808,M436DRAFT_37291,M436DRAFT_37291,-,-,Unknown,-,cysteine proteinase,protein-coding,-,-,-,-,20160917,-
1043004,25408809,M436DRAFT_37295,M436DRAFT_37295,-,-,Unknown,-,Annexin,protein-coding,-,-,-,-,20160917,-
1043004,25408810,M436DRAFT_37298,M436DRAFT_37298,-,-,Unknown,-,hypothetical protein,protein-coding,-,-,-,-,20160917,-
1043004,25408811,M436DRAFT_37302,M436DRAFT_37302,-,-,Unknown,-,hypothetical protein,protein-coding,-,-,-,-,20160917,-
1043004,25408812,M436DRAFT_37303,M436DRAFT_37303,-,-,Unknown,-,aquaporin-like protein,protein-coding,-,-,-,-,20160917,-
1043004,25408813,M436DRAFT_37309,M436DRAFT_37309,-,-,Unknown,-,hypothetical protein,protein-coding,-,-,-,-,20160917,-
1043004,25408814,M436DRAFT_37321,M436DRAFT_37321,-,-,Unknown,-,MFS general substrate transporter,protein-coding,-,-,-,-,20160917,-
1043004,25408815,M436DRAFT_37328,M436DRAFT_37328,-,-,Unknown,-,hypothetical protein,protein-coding,-,-,-,-,20151104,-
1043004,25408816,M436DRAFT_37333,M436DRAFT_37333,-,-,Unknown,-,hypothetical protein,protein-coding,-,-,-,-,20160917,-
1043004,25408817,M436DRAFT_37338,M436DRAFT_37338,-,-,Unknown,-,acid protease,protein-coding,-,-,-,-,20160917,-
1043004,25408818,M436DRAFT_37340,M436DRAFT_37340,-,-,Unknown,-,Hus1-like protein,protein-coding,-,-,-,-,20160917,-
1043004,25408819,M436DRAFT_37349,M436DRAFT_37349,-,-,Unknown,-,hypothetical protein,protein-coding,-,-,-,-,20160917,-
1043004,25408820,M436DRAFT_37350,M436DRAFT_37350,-,-,Unknown,-,SET domain-containing protein,protein-coding,-,-,-,-,20160917,-
1043004,25408821,M436DRAFT_37351,M436DRAFT_37351,-,-,Unknown,-,hypothetical protein,protein-coding,-,-,-,-,20160917,-
1043004,25408822,M436DRAFT_37353,M436DRAFT_37353,-,-,Unknown,-,gamma-glutamyltranspeptidase,protein-coding,-,-,-,-,20160917,-
1043004,25408823,M436DRAFT_37355,M436DRAFT_37355,-,-,Unknown,-,hypothetical protein,protein-coding,-,-,-,-,20151104,-
1043004,25408824,M436DRAFT_37376,M436DRAFT_37376,-,-,Unknown,-,TIP49-domain-containing protein,protein-coding,-,-,-,-,20160917,-
1043004,25408825,M436DRAFT_37378,M436DRAFT_37378,-,-,Unknown,-,hypothetical protein,protein-coding,-,-,-,-,20151104,-
1043004,25408826,M436DRAFT_37382,M436DRAFT_37382,-,-,Unknown,-,hypothetical protein,protein-coding,-,-,-,-,20160917,-
1043004,25408827,M436DRAFT_37387,M436DRAFT_37387,-,-,Unknown,-,"2,3-diketo-5-methylthio-1-phosphopentane phosphatase",protein-coding,-,-,-,-,20160917,-
1043004,25408828,M436DRAFT_37389,M436DRAFT_37389,-,-,Unknown,-,gamma-aminobutyric acid transaminase,protein-coding,-,-,-,-,20160917,-
1043004,25408829,M436DRAFT_37404,M436DRAFT_37404,-,-,Unknown,-,isocitrate lyase,protein-coding,-,-,-,-,20160917,-
1043004,25408830,M436DRAFT_37407,M436DRAFT_37407,-,-,Unknown,-,Isochorismatase hydrolase,protein-coding,-,-,-,-,20160917,-
1043004,25408831,M436DRAFT_37408,M436DRAFT_37408,-,-,Unknown,-,hypothetical protein,protein-coding,-,-,-,-,20160917,-
1043004,25408832,M436DRAFT_37410,M436DRAFT_37410,-,-,Unknown,-,pyrophosphatase-domain-containing protein,protein-coding,-,-,-,-,20160917,-
1043004,25408833,M436DRAFT_37414,M436DRAFT_37414,-,-,Unknown,-,Sec1-like protein,protein-coding,-,-,-,-,20160917,-
1043004,25408834,M436DRAFT_37420,M436DRAFT_37420,-,-,Unknown,-,phosphoglycerate mutase family protein,protein-coding,-,-,-,-,20151212,-
1043004,25408835,M436DRAFT_37423,M436DRAFT_37423,-,-,Unknown,-,hypothetical protein,protein-coding,-,-,-,-,20160917,-
1043004,25408836,M436DRAFT_37426,M436DRAFT_37426,-,-,Unknown,-,hypothetical protein,protein-coding,-,-,-,-,20160917,-
1043004,25408837,M436DRAFT_37429,M436DRAFT_37429,-,-,Unknown,-,hypothetical protein,protein-coding,-,-,-,-,20160917,-
1043004,25408838,M436DRAFT_37431,M436DRAFT_37431,-,-,Unknown,-,hypothetical protein,protein-coding,-,-,-,-,20160917,-
1043004,25408839,M436DRAFT_37432,M436DRAFT_37432,-,-,Unknown,-,hypothetical protein,protein-coding,-,-,-,-,20160917,-
1043004,25408840,M436DRAFT_37442,M436DRAFT_37442,-,-,Unknown,-,hypothetical protein,protein-coding,-,-,-,-,20160917,-
1043004,25408841,M436DRAFT_37443,M436DRAFT_37443,-,-,Unknown,-,glutathione S-transferase,protein-coding,-,-,-,-,20160917,-
1043004,25408842,M436DRAFT_37446,M436DRAFT_37446,-,-,Unknown,-,DUF339-domain-containing protein,protein-coding,-,-,-,-,20160917,-
1043004,25408843,M436DRAFT_37450,M436DRAFT_37450,-,-,Unknown,-,glutathione synthetase ATP-binding domain-like protein,protein-coding,-,-,-,-,20160917,-
1043004,25408844,M436DRAFT_37453,M436DRAFT_37453,-,-,Unknown,-,Clavaminate synthase-like protein,protein-coding,-,-,-,-,20160917,-
1043004,25408845,M436DRAFT_37465,M436DRAFT_37465,-,-,Unknown,-,"chitin synthase, class IV",protein-coding,-,-,-,-,20160917,-
1043004,25408846,M436DRAFT_37469,M436DRAFT_37469,-,-,Unknown,-,dolichyl phosphate-D-mannose:protein O-D-mannosyltransferas-like protein,protein-coding,-,-,-,-,20160917,-
1043004,25408847,M436DRAFT_37477,M436DRAFT_37477,-,-,Unknown,-,hypothetical protein,protein-coding,-,-,-,-,20160325,-
1043004,25408848,M436DRAFT_37482,M436DRAFT_37482,-,-,Unknown,-,flavo protein WrbA,protein-coding,-,-,-,-,20160917,-
1043004,25408849,M436DRAFT_37483,M436DRAFT_37483,-,-,Unknown,-,acyl-CoA dehydrogenase,protein-coding,-,-,-,-,20160917,-
1043004,25408850,M436DRAFT_37488,M436DRAFT_37488,-,-,Unknown,-,taurine dioxygenase family protein,protein-coding,-,-,-,-,20160917,-
1043004,25408851,M436DRAFT_37489,M436DRAFT_37489,-,-,Unknown,-,hypothetical protein,protein-coding,-,-,-,-,20151104,-
1043004,25408852,M436DRAFT_37493,M436DRAFT_37493,-,-,Unknown,-,hypothetical protein,protein-coding,-,-,-,-,20151104,-
1043004,25408853,M436DRAFT_37502,M436DRAFT_37502,-,-,Unknown,-,DNA primase large subunit,protein-coding,-,-,-,-,20151212,-
1043004,25408854,M436DRAFT_37512,M436DRAFT_37512,-,-,Unknown,-,hypothetical protein,protein-coding,-,-,-,-,20151212,-
1043004,25408855,M436DRAFT_37520,M436DRAFT_37520,-,-,Unknown,-,Diaminopimelate epimerase-like protein,protein-coding,-,-,-,-,20160917,-
1043004,25408856,M436DRAFT_37521,M436DRAFT_37521,-,-,Unknown,-,ras-domain-containing protein,protein-coding,-,-,-,-,20191025,-
1043004,25408857,M436DRAFT_37522,M436DRAFT_37522,-,-,Unknown,-,calcium-binding mitochondrial carrier protein Aralar1,protein-coding,-,-,-,-,20160917,-
1043004,25408858,M436DRAFT_37528,M436DRAFT_37528,-,-,Unknown,-,meiotically up-regulated gene 182 protein,protein-coding,-,-,-,-,20160917,-
1043004,25408859,M436DRAFT_37555,M436DRAFT_37555,-,-,Unknown,-,hypothetical protein,protein-coding,-,-,-,-,20151104,-
1043004,25408860,M436DRAFT_37559,M436DRAFT_37559,-,-,Unknown,-,hypothetical protein,protein-coding,-,-,-,-,20160917,-
1043004,25408861,M436DRAFT_37561,M436DRAFT_37561,-,-,Unknown,-,allantoin,protein-coding,-,-,-,-,20160917,-
1043004,25408862,M436DRAFT_37562,M436DRAFT_37562,-,-,Unknown,-,hypothetical protein,protein-coding,-,-,-,-,20151104,-
1043004,25408863,M436DRAFT_37570,M436DRAFT_37570,-,-,Unknown,-,seven-hairpin glycosidase,protein-coding,-,-,-,-,20160917,-
1043004,25408864,M436DRAFT_37574,M436DRAFT_37574,-,-,Unknown,-,hypothetical protein,protein-coding,-,-,-,-,20160917,-
1043004,25408865,M436DRAFT_37576,M436DRAFT_37576,-,-,Unknown,-,hypothetical protein,protein-coding,-,-,-,-,20151104,-
1043004,25408866,M436DRAFT_37581,M436DRAFT_37581,-,-,Unknown,-,mitochondrial distribution and morphology protein 34,protein-coding,-,-,-,-,20160917,-
1043004,25408867,M436DRAFT_37592,M436DRAFT_37592,-,-,Unknown,-,Zinc/iron permease,protein-coding,-,-,-,-,20160917,-
1043004,25408868,M436DRAFT_37601,M436DRAFT_37601,-,-,Unknown,-,quinate permease,protein-coding,-,-,-,-,20160917,-
1043004,25408869,M436DRAFT_37604,M436DRAFT_37604,-,-,Unknown,-,hypothetical protein,protein-coding,-,-,-,-,20160917,-
1043004,25408870,M436DRAFT_37606,M436DRAFT_37606,-,-,Unknown,-,putative Pumilio like protein,protein-coding,-,-,-,-,20160325,-
1043004,25408871,M436DRAFT_37607,M436DRAFT_37607,-,-,Unknown,-,Fe2+/Zn2+ regulated transporter,protein-coding,-,-,-,-,20160917,-
1043004,25408872,M436DRAFT_37608,M436DRAFT_37608,-,-,Unknown,-,cleft lip and palate transmembrane 1,protein-coding,-,-,-,-,20160917,-
1043004,25408873,M436DRAFT_37623,M436DRAFT_37623,-,-,Unknown,-,Trs120-domain-containing protein,protein-coding,-,-,-,-,20160917,-
1043004,25408874,M436DRAFT_37624,M436DRAFT_37624,-,-,Unknown,-,HCP-like protein,protein-coding,-,-,-,-,20160917,-
1043004,25408875,M436DRAFT_37625,M436DRAFT_37625,-,-,Unknown,-,MAP kinase,protein-coding,-,-,-,-,20151212,-
1043004,25408876,M436DRAFT_37632,M436DRAFT_37632,-,-,Unknown,-,concanavalin A-like lectin/glucanase,protein-coding,-,-,-,-,20151212,-
1043004,25408877,M436DRAFT_37634,M436DRAFT_37634,-,-,Unknown,-,ribosomal protein S16,protein-coding,-,-,-,-,20160917,-
1043004,25408878,M436DRAFT_37636,M436DRAFT_37636,-,-,Unknown,-,PR-1-like protein,protein-coding,-,-,-,-,20160917,-
1043004,25408879,M436DRAFT_37641,M436DRAFT_37641,-,-,Unknown,-,hypothetical protein,protein-coding,-,-,-,-,20160917,-
1043004,25408880,M436DRAFT_37651,M436DRAFT_37651,-,-,Unknown,-,alpha tubulin,protein-coding,-,-,-,-,20151212,-
1043004,25408881,M436DRAFT_37668,M436DRAFT_37668,-,-,Unknown,-,hypothetical protein,protein-coding,-,-,-,-,20151104,-
1043004,25408882,M436DRAFT_37675,M436DRAFT_37675,-,-,Unknown,-,hypothetical protein,protein-coding,-,-,-,-,20160917,-
1043004,25408883,M436DRAFT_37680,M436DRAFT_37680,-,-,Unknown,-,putative bis-tetraphosphatase,protein-coding,-,-,-,-,20160917,-
1043004,25408884,M436DRAFT_37683,M436DRAFT_37683,-,-,Unknown,-,hypothetical protein,protein-coding,-,-,-,-,20160325,-
1043004,25408885,M436DRAFT_37684,M436DRAFT_37684,-,-,Unknown,-,Hydroxyisourate hydrolase,protein-coding,-,-,-,-,20160917,-
1043004,25408886,M436DRAFT_37705,M436DRAFT_37705,-,-,Unknown,-,DUF1692-domain-containing protein,protein-coding,-,-,-,-,20160917,-
1043004,25408887,M436DRAFT_37712,M436DRAFT_37712,-,-,Unknown,-,palmitoyltransferase with autoacylation activity Pfa4,protein-coding,-,-,-,-,20160917,-
1043004,25408888,M436DRAFT_37714,M436DRAFT_37714,-,-,Unknown,-,MOSC-domain-containing protein,protein-coding,-,-,-,-,20160917,-
1043004,25408889,M436DRAFT_37718,M436DRAFT_37718,-,-,Unknown,-,hypothetical protein,protein-coding,-,-,-,-,20160917,-
1043004,25408890,M436DRAFT_37723,M436DRAFT_37723,-,-,Unknown,-,DUF1682-domain-containing protein,protein-coding,-,-,-,-,20160917,-
1043004,25408891,M436DRAFT_37727,M436DRAFT_37727,-,-,Unknown,-,hypothetical protein,protein-coding,-,-,-,-,20151104,-
1043004,25408892,M436DRAFT_37732,M436DRAFT_37732,-,-,Unknown,-,Dihydroorotase,protein-coding,-,-,-,-,20160917,-
1043004,25408893,M436DRAFT_37733,M436DRAFT_37733,-,-,Unknown,-,"atrB, ABC transporter",protein-coding,-,-,-,-,20160917,-
1043004,25408894,M436DRAFT_37738,M436DRAFT_37738,-,-,Unknown,-,"ClpX, ATPase regulatory subunit",protein-coding,-,-,-,-,20160917,-
1043004,25408895,M436DRAFT_37742,M436DRAFT_37742,-,-,Unknown,-,hypothetical protein,protein-coding,-,-,-,-,20160917,-
1043004,25408896,M436DRAFT_37747,M436DRAFT_37747,-,-,Unknown,-,hypothetical protein,protein-coding,-,-,-,-,20160917,-
1043004,25408897,M436DRAFT_37748,M436DRAFT_37748,-,-,Unknown,-,spindle pole body interacting protein,protein-coding,-,-,-,-,20160917,-
1043004,25408898,M436DRAFT_37749,M436DRAFT_37749,-,-,Unknown,-,cell cycle control protein Cdc123,protein-coding,-,-,-,-,20160917,-
1043004,25408899,M436DRAFT_37751,M436DRAFT_37751,-,-,Unknown,-,acyl-CoA binding protein,protein-coding,-,-,-,-,20160917,-
1043004,25408900,M436DRAFT_37755,M436DRAFT_37755,-,-,Unknown,-,YjgF-like protein,protein-coding,-,-,-,-,20160917,-
1043004,25408901,M436DRAFT_37772,M436DRAFT_37772,-,-,Unknown,-,camp-dependent protein kinase A regulatory subunit,protein-coding,-,-,-,-,20151212,-
1043004,25408902,M436DRAFT_37788,M436DRAFT_37788,-,-,Unknown,-,P-loop containing nucleoside triphosphate hydrolase protein,protein-coding,-,-,-,-,20160917,-
1043004,25408903,M436DRAFT_37790,M436DRAFT_37790,-,-,Unknown,-,hypothetical protein,protein-coding,-,-,-,-,20160917,-
1043004,25408904,M436DRAFT_37792,M436DRAFT_37792,-,-,Unknown,-,hypothetical protein,protein-coding,-,-,-,-,20151104,-
1043004,25408905,M436DRAFT_37797,M436DRAFT_37797,-,-,Unknown,-,quinate dehydrogenase,protein-coding,-,-,-,-,20160917,-
1043004,25408906,M436DRAFT_37802,M436DRAFT_37802,-,-,Unknown,-,hypothetical protein,protein-coding,-,-,-,-,20151212,-
1043004,25408907,M436DRAFT_37807,M436DRAFT_37807,-,-,Unknown,-,hypothetical protein,protein-coding,-,-,-,-,20160325,-
1043004,25408908,M436DRAFT_37823,M436DRAFT_37823,-,-,Unknown,-,MFS general substrate transporter,protein-coding,-,-,-,-,20151212,-
1043004,25408909,M436DRAFT_37829,M436DRAFT_37829,-,-,Unknown,-,aquaporin-like protein,protein-coding,-,-,-,-,20160917,-
1043004,25408910,M436DRAFT_37835,M436DRAFT_37835,-,-,Unknown,-,hypothetical protein,protein-coding,-,-,-,-,20160325,-
1043004,25408911,M436DRAFT_37839,M436DRAFT_37839,-,-,Unknown,-,hypothetical protein,protein-coding,-,-,-,-,20160917,-
1043004,25408912,M436DRAFT_37845,M436DRAFT_37845,-,-,Unknown,-,"oxalate decarboxylase, secreted",protein-coding,-,-,-,-,20160917,-
1043004,25408913,M436DRAFT_37848,M436DRAFT_37848,-,-,Unknown,-,hypothetical protein,protein-coding,-,-,-,-,20151104,-
1043004,25408914,M436DRAFT_37849,M436DRAFT_37849,-,-,Unknown,-,TLC domain-containing protein,protein-coding,-,-,-,-,20160917,-
1043004,25408915,M436DRAFT_37851,M436DRAFT_37851,-,-,Unknown,-,hypothetical protein,protein-coding,-,-,-,-,20160917,-
1043004,25408916,M436DRAFT_37868,M436DRAFT_37868,-,-,Unknown,-,glutathione S-transferase,protein-coding,-,-,-,-,20160917,-
1043004,25408917,M436DRAFT_37875,M436DRAFT_37875,-,-,Unknown,-,AAA-domain-containing protein,protein-coding,-,-,-,-,20160917,-
1043004,25408918,M436DRAFT_37884,M436DRAFT_37884,-,-,Unknown,-,hypothetical protein,protein-coding,-,-,-,-,20151212,-
1043004,25408919,M436DRAFT_37887,M436DRAFT_37887,-,-,Unknown,-,hypothetical protein,protein-coding,-,-,-,-,20160917,-
1043004,25408920,M436DRAFT_37893,M436DRAFT_37893,-,-,Unknown,-,hypothetical protein,protein-coding,-,-,-,-,20160917,-
1043004,25408921,M436DRAFT_37898,M436DRAFT_37898,-,-,Unknown,-,Mak16 protein,protein-coding,-,-,-,-,20160917,-
1043004,25408922,M436DRAFT_37903,M436DRAFT_37903,-,-,Unknown,-,hypothetical protein,protein-coding,-,-,-,-,20151104,-
1043004,25408923,M436DRAFT_37908,M436DRAFT_37908,-,-,Unknown,-,WD40 repeat-like protein,protein-coding,-,-,-,-,20160917,-
1043004,25408924,M436DRAFT_37919,M436DRAFT_37919,-,-,Unknown,-,hypothetical protein,protein-coding,-,-,-,-,20151104,-
1043004,25408925,M436DRAFT_37930,M436DRAFT_37930,-,-,Unknown,-,WD domain-containing protein,protein-coding,-,-,-,-,20160917,-
1043004,25408926,M436DRAFT_37931,M436DRAFT_37931,-,-,Unknown,-,hypothetical protein,protein-coding,-,-,-,-,20151104,-
1043004,25408927,M436DRAFT_37944,M436DRAFT_37944,-,-,Unknown,-,aminotriazole resistance protein,protein-coding,-,-,-,-,20160917,-
1043004,25408928,M436DRAFT_37945,M436DRAFT_37945,-,-,Unknown,-,cytochrome P450 monooxygenase-like protein,protein-coding,-,-,-,-,20160917,-
1043004,25408929,M436DRAFT_37950,M436DRAFT_37950,-,-,Unknown,-,hypothetical protein,protein-coding,-,-,-,-,20160917,-
1043004,25408930,M436DRAFT_37951,M436DRAFT_37951,-,-,Unknown,-,mitogen-activated protein kinase spm1,protein-coding,-,-,-,-,20160325,-
1043004,25408931,M436DRAFT_37955,M436DRAFT_37955,-,-,Unknown,-,amidase,protein-coding,-,-,-,-,20160917,-
1043004,25408932,M436DRAFT_37962,M436DRAFT_37962,-,-,Unknown,-,hypothetical protein,protein-coding,-,-,-,-,20160917,-
1043004,25408933,M436DRAFT_37964,M436DRAFT_37964,-,-,Unknown,-,hypothetical protein,protein-coding,-,-,-,-,20160917,-
1043004,25408934,M436DRAFT_37967,M436DRAFT_37967,-,-,Unknown,-,glycoside hydrolase,protein-coding,-,-,-,-,20160917,-
1043004,25408935,M436DRAFT_37971,M436DRAFT_37971,-,-,Unknown,-,FAS1 domain-containing protein,protein-coding,-,-,-,-,20151104,-
1043004,25408936,M436DRAFT_37978,M436DRAFT_37978,-,-,Unknown,-,oxidoreductase-like protein,protein-coding,-,-,-,-,20160917,-
1043004,25408937,M436DRAFT_37986,M436DRAFT_37986,-,-,Unknown,-,hypothetical protein,protein-coding,-,-,-,-,20160917,-
1043004,25408938,M436DRAFT_37992,M436DRAFT_37992,-,-,Unknown,-,Cupredoxin,protein-coding,-,-,-,-,20151212,-
1043004,25408939,M436DRAFT_37994,M436DRAFT_37994,-,-,Unknown,-,zinc/iron transporter,protein-coding,-,-,-,-,20160917,-
1043004,25408940,M436DRAFT_37997,M436DRAFT_37997,-,-,Unknown,-,para-aminobenzoate synthase,protein-coding,-,-,-,-,20160917,-
1043004,25408941,M436DRAFT_38007,M436DRAFT_38007,-,-,Unknown,-,acyltransferase ChoActase/COT/CPT,protein-coding,-,-,-,-,20160917,-
1043004,25408942,M436DRAFT_38013,M436DRAFT_38013,-,-,Unknown,-,Aldo/keto reductase,protein-coding,-,-,-,-,20160917,-
1043004,25408943,M436DRAFT_38016,M436DRAFT_38016,-,-,Unknown,-,COP9 signalosome-like protein complex subunit 1,protein-coding,-,-,-,-,20160917,-
1043004,25408944,M436DRAFT_38017,M436DRAFT_38017,-,-,Unknown,-,hypothetical protein,protein-coding,-,-,-,-,20160917,-
1043004,25408945,M436DRAFT_38024,M436DRAFT_38024,-,-,Unknown,-,hypothetical protein,protein-coding,-,-,-,-,20151212,-
1043004,25408946,M436DRAFT_38029,M436DRAFT_38029,-,-,Unknown,-,citrate synthase,protein-coding,-,-,-,-,20151212,-
1043004,25408947,M436DRAFT_38033,M436DRAFT_38033,-,-,Unknown,-,ARM repeat-containing protein,protein-coding,-,-,-,-,20160917,-
1043004,25408948,M436DRAFT_38038,M436DRAFT_38038,-,-,Unknown,-,hypothetical protein,protein-coding,-,-,-,-,20160917,-
1043004,25408949,M436DRAFT_38053,M436DRAFT_38053,-,-,Unknown,-,hypothetical protein,protein-coding,-,-,-,-,20151212,-
1043004,25408950,M436DRAFT_38065,M436DRAFT_38065,-,-,Unknown,-,hypothetical protein,protein-coding,-,-,-,-,20160917,-
1043004,25408951,M436DRAFT_38072,M436DRAFT_38072,-,-,Unknown,-,nucleotide-diphospho-sugar transferase,protein-coding,-,-,-,-,20160917,-
1043004,25408952,M436DRAFT_38074,M436DRAFT_38074,-,-,Unknown,-,putative delta-12 desaturase,protein-coding,-,-,-,-,20160917,-
1043004,25408953,M436DRAFT_38078,M436DRAFT_38078,-,-,Unknown,-,FAD/NAD(P)-binding domain-containing protein,protein-coding,-,-,-,-,20160917,-
1043004,25408954,M436DRAFT_38082,M436DRAFT_38082,-,-,Unknown,-,UROD/MetE-like protein,protein-coding,-,-,-,-,20151212,-
1043004,25408955,M436DRAFT_38083,M436DRAFT_38083,-,-,Unknown,-,hypothetical protein,protein-coding,-,-,-,-,20160917,-
1043004,25408956,M436DRAFT_38106,M436DRAFT_38106,-,-,Unknown,-,MIF4G-domain-containing protein,protein-coding,-,-,-,-,20160917,-
1043004,25408957,M436DRAFT_38109,M436DRAFT_38109,-,-,Unknown,-,esterase D,protein-coding,-,-,-,-,20160917,-
1043004,25408958,M436DRAFT_38122,M436DRAFT_38122,-,-,Unknown,-,hypothetical protein,protein-coding,-,-,-,-,20151104,-
1043004,25408959,M436DRAFT_38128,M436DRAFT_38128,-,-,Unknown,-,chromatin-remodeling complex ATPase-like protein,protein-coding,-,-,-,-,20160917,-
1043004,25408960,M436DRAFT_38129,M436DRAFT_38129,-,-,Unknown,-,amino acid transporter,protein-coding,-,-,-,-,20160917,-
1043004,25408961,M436DRAFT_38131,M436DRAFT_38131,-,-,Unknown,-,hypothetical protein,protein-coding,-,-,-,-,20160917,-
1043004,25408962,M436DRAFT_38143,M436DRAFT_38143,-,-,Unknown,-,hypothetical protein,protein-coding,-,-,-,-,20151104,-
1043004,25408963,M436DRAFT_38150,M436DRAFT_38150,-,-,Unknown,-,putative D-Xylulose kinase,protein-coding,-,-,-,-,20151212,-
1043004,25408964,M436DRAFT_38155,M436DRAFT_38155,-,-,Unknown,-,mitochondrial precursor protein-like protein import receptor tom70,protein-coding,-,-,-,-,20160917,-
1043004,25408965,M436DRAFT_38158,M436DRAFT_38158,-,-,Unknown,-,hypothetical protein,protein-coding,-,-,-,-,20160917,-
1043004,25408966,M436DRAFT_38178,M436DRAFT_38178,-,-,Unknown,-,peptidyl-prolyl cis-trans isomerase 1,protein-coding,-,-,-,-,20160917,-
1043004,25408967,M436DRAFT_38181,M436DRAFT_38181,-,-,Unknown,-,hypothetical protein,protein-coding,-,-,-,-,20160917,-
1043004,25408968,M436DRAFT_38182,M436DRAFT_38182,-,-,Unknown,-,hypothetical protein,protein-coding,-,-,-,-,20151104,-
1043004,25408969,M436DRAFT_38183,M436DRAFT_38183,-,-,Unknown,-,hypothetical protein,protein-coding,-,-,-,-,20160917,-
1043004,25408970,M436DRAFT_38190,M436DRAFT_38190,-,-,Unknown,-,hypothetical protein,protein-coding,-,-,-,-,20160917,-
1043004,25408971,M436DRAFT_38191,M436DRAFT_38191,-,-,Unknown,-,alpha/beta-hydrolase,protein-coding,-,-,-,-,20160917,-
1043004,25408972,M436DRAFT_38192,M436DRAFT_38192,-,-,Unknown,-,UDP-glucoronosyl and UDP-glucosyl transferase family protein,protein-coding,-,-,-,-,20151212,-
1043004,25408973,M436DRAFT_38199,M436DRAFT_38199,-,-,Unknown,-,S-adenosyl-L-methionine-dependent methyltransferase,protein-coding,-,-,-,-,20160917,-
1043004,25408974,M436DRAFT_38206,M436DRAFT_38206,-,-,Unknown,-,MSF1-domain-containing protein,protein-coding,-,-,-,-,20160917,-
1043004,25408975,M436DRAFT_38216,M436DRAFT_38216,-,-,Unknown,-,Sec63-domain-containing protein,protein-coding,-,-,-,-,20160917,-
1043004,25408976,M436DRAFT_38219,M436DRAFT_38219,-,-,Unknown,-,ARM repeat-containing protein,protein-coding,-,-,-,-,20160917,-
1043004,25408977,M436DRAFT_38221,M436DRAFT_38221,-,-,Unknown,-,hypothetical protein,protein-coding,-,-,-,-,20160917,-
1043004,25408978,M436DRAFT_38230,M436DRAFT_38230,-,-,Unknown,-,COQ7-domain-containing protein,protein-coding,-,-,-,-,20160917,-
1043004,25408979,M436DRAFT_38238,M436DRAFT_38238,-,-,Unknown,-,hypothetical protein,protein-coding,-,-,-,-,20160917,-
1043004,25408980,M436DRAFT_38244,M436DRAFT_38244,-,-,Unknown,-,cytochrome P450,protein-coding,-,-,-,-,20160917,-
1043004,25408981,M436DRAFT_38247,M436DRAFT_38247,-,-,Unknown,-,hypothetical protein,protein-coding,-,-,-,-,20160917,-
1043004,25408982,M436DRAFT_38255,M436DRAFT_38255,-,-,Unknown,-,hypothetical protein,protein-coding,-,-,-,-,20151104,-
1043004,25408983,M436DRAFT_38260,M436DRAFT_38260,-,-,Unknown,-,Pkinase-domain-containing protein,protein-coding,-,-,-,-,20160917,-
1043004,25408984,M436DRAFT_38267,M436DRAFT_38267,-,-,Unknown,-,hypothetical protein,protein-coding,-,-,-,-,20160917,-
1043004,25408985,M436DRAFT_38269,M436DRAFT_38269,-,-,Unknown,-,hypothetical protein,protein-coding,-,-,-,-,20160917,-
1043004,25408986,M436DRAFT_38270,M436DRAFT_38270,-,-,Unknown,-,APG6-domain-containing protein,protein-coding,-,-,-,-,20160917,-
1043004,25408987,M436DRAFT_38273,M436DRAFT_38273,-,-,Unknown,-,hypothetical protein,protein-coding,-,-,-,-,20151104,-
1043004,25408988,M436DRAFT_38277,M436DRAFT_38277,-,-,Unknown,-,hypothetical protein,protein-coding,-,-,-,-,20151104,-
1043004,25408989,M436DRAFT_38281,M436DRAFT_38281,-,-,Unknown,-,hypothetical protein,protein-coding,-,-,-,-,20151104,-
1043004,25408990,M436DRAFT_38283,M436DRAFT_38283,-,-,Unknown,-,putative MFS allantoate transporter,protein-coding,-,-,-,-,20160325,-
1043004,25408991,M436DRAFT_38292,M436DRAFT_38292,-,-,Unknown,-,hypothetical protein,protein-coding,-,-,-,-,20160917,-
1043004,25408992,M436DRAFT_38294,M436DRAFT_38294,-,-,Unknown,-,hypothetical protein,protein-coding,-,-,-,-,20160917,-
1043004,25408993,M436DRAFT_38297,M436DRAFT_38297,-,-,Unknown,-,hypothetical protein,protein-coding,-,-,-,-,20160917,-
1043004,25408994,M436DRAFT_38300,M436DRAFT_38300,-,-,Unknown,-,short chain dehydrogenase,protein-coding,-,-,-,-,20160917,-
1043004,25408995,M436DRAFT_38305,M436DRAFT_38305,-,-,Unknown,-,WD40 repeat-like protein,protein-coding,-,-,-,-,20160917,-
1043004,25408996,M436DRAFT_38308,M436DRAFT_38308,-,-,Unknown,-,kinase-like protein,protein-coding,-,-,-,-,20160917,-
1043004,25408997,M436DRAFT_38324,M436DRAFT_38324,-,-,Unknown,-,hypothetical protein,protein-coding,-,-,-,-,20160917,-
1043004,25408998,M436DRAFT_38326,M436DRAFT_38326,-,-,Unknown,-,hypothetical protein,protein-coding,-,-,-,-,20151104,-
1043004,25408999,M436DRAFT_38329,M436DRAFT_38329,-,-,Unknown,-,hypothetical protein,protein-coding,-,-,-,-,20151104,-
1043004,25409000,M436DRAFT_38338,M436DRAFT_38338,-,-,Unknown,-,hypothetical protein,protein-coding,-,-,-,-,20160917,-
1043004,25409001,M436DRAFT_38356,M436DRAFT_38356,-,-,Unknown,-,hypothetical protein,protein-coding,-,-,-,-,20160917,-
1043004,25409002,M436DRAFT_38358,M436DRAFT_38358,-,-,Unknown,-,hypothetical protein,protein-coding,-,-,-,-,20160917,-
1043004,25409003,M436DRAFT_38365,M436DRAFT_38365,-,-,Unknown,-,glycoside hydrolase family 43 protein,protein-coding,-,-,-,-,20151212,-
1043004,25409004,M436DRAFT_38369,M436DRAFT_38369,-,-,Unknown,-,hypothetical protein,protein-coding,-,-,-,-,20160917,-
1043004,25409005,M436DRAFT_38375,M436DRAFT_38375,-,-,Unknown,-,FMN-linked oxidoreductase,protein-coding,-,-,-,-,20151212,-
1043004,25409006,M436DRAFT_38376,M436DRAFT_38376,-,-,Unknown,-,putative Separin,protein-coding,-,-,-,-,20160917,-
1043004,25409007,M436DRAFT_38380,M436DRAFT_38380,-,-,Unknown,-,eukaryotic translation initiation factor 6,protein-coding,-,-,-,-,20160917,-
1043004,25409008,M436DRAFT_38381,M436DRAFT_38381,-,-,Unknown,-,hypothetical protein,protein-coding,-,-,-,-,20160917,-
1043004,25409009,M436DRAFT_38394,M436DRAFT_38394,-,-,Unknown,-,hypothetical protein,protein-coding,-,-,-,-,20151104,-
1043004,25409010,M436DRAFT_38400,M436DRAFT_38400,-,-,Unknown,-,hypothetical protein,protein-coding,-,-,-,-,20160917,-
1043004,25409011,M436DRAFT_38402,M436DRAFT_38402,-,-,Unknown,-,"peptidase M22, glycoprotease",protein-coding,-,-,-,-,20160917,-
1043004,25409012,M436DRAFT_38414,M436DRAFT_38414,-,-,Unknown,-,DUF1680-domain-containing protein,protein-coding,-,-,-,-,20160917,-
1043004,25409013,M436DRAFT_38429,M436DRAFT_38429,-,-,Unknown,-,hypothetical protein,protein-coding,-,-,-,-,20160917,-
1043004,25409014,M436DRAFT_38437,M436DRAFT_38437,-,-,Unknown,-,"putative 1,4-glycogen branching enzyme",protein-coding,-,-,-,-,20160917,-
1043004,25409015,M436DRAFT_38439,M436DRAFT_38439,-,-,Unknown,-,hypothetical protein,protein-coding,-,-,-,-,20151212,-
1043004,25409016,M436DRAFT_38444,M436DRAFT_38444,-,-,Unknown,-,defender against death DAD protein,protein-coding,-,-,-,-,20160917,-
1043004,25409017,M436DRAFT_38445,M436DRAFT_38445,-,-,Unknown,-,hypothetical protein,protein-coding,-,-,-,-,20160917,-
1043004,25409018,M436DRAFT_38447,M436DRAFT_38447,-,-,Unknown,-,beta and beta-prime subunits of DNA dependent RNA-polymerase,protein-coding,-,-,-,-,20160917,-
1043004,25409019,M436DRAFT_38451,M436DRAFT_38451,-,-,Unknown,-,MutS2 protein,protein-coding,-,-,-,-,20160917,-
1043004,25409020,M436DRAFT_38455,M436DRAFT_38455,-,-,Unknown,-,hypothetical protein,protein-coding,-,-,-,-,20160917,-
1043004,25409021,M436DRAFT_38459,M436DRAFT_38459,-,-,Unknown,-,hypothetical protein,protein-coding,-,-,-,-,20160917,-
1043004,25409022,M436DRAFT_38462,M436DRAFT_38462,-,-,Unknown,-,glutaminase,protein-coding,-,-,-,-,20160917,-
1043004,25409023,M436DRAFT_38469,M436DRAFT_38469,-,-,Unknown,-,WD40 repeat-like protein,protein-coding,-,-,-,-,20160917,-
1043004,25409024,M436DRAFT_38470,M436DRAFT_38470,-,-,Unknown,-,coproporphyrinogen III oxidase,protein-coding,-,-,-,-,20160917,-
1043004,25409025,M436DRAFT_38471,M436DRAFT_38471,-,-,Unknown,-,transcription elongation factor,protein-coding,-,-,-,-,20160917,-
1043004,25409026,M436DRAFT_38474,M436DRAFT_38474,-,-,Unknown,-,hypothetical protein,protein-coding,-,-,-,-,20160917,-
1043004,25409027,M436DRAFT_38479,M436DRAFT_38479,-,-,Unknown,-,general substrate transporter,protein-coding,-,-,-,-,20151212,-
1043004,25409028,M436DRAFT_38486,M436DRAFT_38486,-,-,Unknown,-,drug resistance protein,protein-coding,-,-,-,-,20160917,-
1043004,25409029,M436DRAFT_38501,M436DRAFT_38501,-,-,Unknown,-,NAD(P)-binding protein,protein-coding,-,-,-,-,20160917,-
1043004,25409030,M436DRAFT_38504,M436DRAFT_38504,-,-,Unknown,-,hypothetical protein,protein-coding,-,-,-,-,20160325,-
1043004,25409031,M436DRAFT_38510,M436DRAFT_38510,-,-,Unknown,-,hypothetical protein,protein-coding,-,-,-,-,20151104,-
1043004,25409032,M436DRAFT_38519,M436DRAFT_38519,-,-,Unknown,-,hypothetical protein,protein-coding,-,-,-,-,20160917,-
1043004,25409033,M436DRAFT_38522,M436DRAFT_38522,-,-,Unknown,-,MED6-domain-containing protein,protein-coding,-,-,-,-,20160917,-
1043004,25409034,M436DRAFT_38532,M436DRAFT_38532,-,-,Unknown,-,hypothetical protein,protein-coding,-,-,-,-,20160917,-
1043004,25409035,M436DRAFT_38536,M436DRAFT_38536,-,-,Unknown,-,amino acid permease-like protein,protein-coding,-,-,-,-,20160917,-
1043004,25409036,M436DRAFT_38553,M436DRAFT_38553,-,-,Unknown,-,rhamnogalacturonate lyase,protein-coding,-,-,-,-,20160917,-
1043004,25409037,M436DRAFT_38557,M436DRAFT_38557,-,-,Unknown,-,acetyl-CoA acetyltransferase IB,protein-coding,-,-,-,-,20151212,-
1043004,25409038,M436DRAFT_38558,M436DRAFT_38558,-,-,Unknown,-,DUF159-domain-containing protein,protein-coding,-,-,-,-,20160917,-
1043004,25409039,M436DRAFT_38559,M436DRAFT_38559,-,-,Unknown,-,heat shock 70 kDa protein,protein-coding,-,-,-,-,20151212,-
1043004,25409040,M436DRAFT_38561,M436DRAFT_38561,-,-,Unknown,-,hypothetical protein,protein-coding,-,-,-,-,20160917,-
1043004,25409041,M436DRAFT_38564,M436DRAFT_38564,-,-,Unknown,-,retinol dehydrogenase 12,protein-coding,-,-,-,-,20160917,-
1043004,25409042,M436DRAFT_38570,M436DRAFT_38570,-,-,Unknown,-,HORMA domain-containing protein,protein-coding,-,-,-,-,20160917,-
1043004,25409043,M436DRAFT_38571,M436DRAFT_38571,-,-,Unknown,-,WD40 repeat-like protein,protein-coding,-,-,-,-,20160917,-
1043004,25409044,M436DRAFT_38585,M436DRAFT_38585,-,-,Unknown,-,TBC-domain-containing protein,protein-coding,-,-,-,-,20160917,-
1043004,25409045,M436DRAFT_38586,M436DRAFT_38586,-,-,Unknown,-,hypothetical protein,protein-coding,-,-,-,-,20160917,-
1043004,25409046,M436DRAFT_38592,M436DRAFT_38592,-,-,Unknown,-,hypothetical protein,protein-coding,-,-,-,-,20160917,-
1043004,25409047,M436DRAFT_38594,M436DRAFT_38594,-,-,Unknown,-,hypothetical protein,protein-coding,-,-,-,-,20151212,-
1043004,25409048,M436DRAFT_38597,M436DRAFT_38597,-,-,Unknown,-,hypothetical protein,protein-coding,-,-,-,-,20151212,-
1043004,25409049,M436DRAFT_38598,M436DRAFT_38598,-,-,Unknown,-,hypothetical protein,protein-coding,-,-,-,-,20160917,-
1043004,25409050,M436DRAFT_38603,M436DRAFT_38603,-,-,Unknown,-,hypothetical protein,protein-coding,-,-,-,-,20160917,-
1043004,25409051,M436DRAFT_38615,M436DRAFT_38615,-,-,Unknown,-,YebC-like protein,protein-coding,-,-,-,-,20160917,-
1043004,25409052,M436DRAFT_38618,M436DRAFT_38618,-,-,Unknown,-,ORMDL family protein,protein-coding,-,-,-,-,20210424,-
1043004,25409053,M436DRAFT_38623,M436DRAFT_38623,-,-,Unknown,-,APH-domain-containing protein,protein-coding,-,-,-,-,20160917,-
1043004,25409054,M436DRAFT_38630,M436DRAFT_38630,-,-,Unknown,-,glutamate synthase-like protein,protein-coding,-,-,-,-,20160917,-
1043004,25409055,M436DRAFT_38634,M436DRAFT_38634,-,-,Unknown,-,hypothetical protein,protein-coding,-,-,-,-,20151212,-
1043004,25409056,M436DRAFT_38638,M436DRAFT_38638,-,-,Unknown,-,Vps5-domain-containing protein,protein-coding,-,-,-,-,20160917,-
1043004,25409057,M436DRAFT_38655,M436DRAFT_38655,-,-,Unknown,-,amino acid transporter,protein-coding,-,-,-,-,20160917,-
1043004,25409058,M436DRAFT_38657,M436DRAFT_38657,-,-,Unknown,-,hypothetical protein,protein-coding,-,-,-,-,20160917,-
1043004,25409059,M436DRAFT_38667,M436DRAFT_38667,-,-,Unknown,-,alpha/beta-hydrolase,protein-coding,-,-,-,-,20160917,-
1043004,25409060,M436DRAFT_38675,M436DRAFT_38675,-,-,Unknown,-,MFS general substrate transporter,protein-coding,-,-,-,-,20160917,-
1043004,25409061,M436DRAFT_38706,M436DRAFT_38706,-,-,Unknown,-,UPF0061-domain-containing protein,protein-coding,-,-,-,-,20151212,-
1043004,25409062,M436DRAFT_38709,M436DRAFT_38709,-,-,Unknown,-,root hair defective 3 GTP-binding protein,protein-coding,-,-,-,-,20160917,-
1043004,25409063,M436DRAFT_38717,M436DRAFT_38717,-,-,Unknown,-,amino acid transporter,protein-coding,-,-,-,-,20160917,-
1043004,25409064,M436DRAFT_38719,M436DRAFT_38719,-,-,Unknown,-,"methionine aminopeptidase, type II",protein-coding,-,-,-,-,20151212,-
1043004,25409065,M436DRAFT_38728,M436DRAFT_38728,-,-,Unknown,-,inositol monophosphatase,protein-coding,-,-,-,-,20151212,-
1043004,25409066,M436DRAFT_38740,M436DRAFT_38740,-,-,Unknown,-,putative alcohol dehydrogenase,protein-coding,-,-,-,-,20151212,-
1043004,25409067,M436DRAFT_38741,M436DRAFT_38741,-,-,Unknown,-,hypothetical protein,protein-coding,-,-,-,-,20151212,-
1043004,25409068,M436DRAFT_38742,M436DRAFT_38742,-,-,Unknown,-,replication factor C subunit 2-like protein,protein-coding,-,-,-,-,20160917,-
1043004,25409069,M436DRAFT_38748,M436DRAFT_38748,-,-,Unknown,-,hypothetical protein,protein-coding,-,-,-,-,20151212,-
1043004,25409070,M436DRAFT_38757,M436DRAFT_38757,-,-,Unknown,-,hypothetical protein,protein-coding,-,-,-,-,20160917,-
1043004,25409071,M436DRAFT_38759,M436DRAFT_38759,-,-,Unknown,-,NAD(P)-binding protein,protein-coding,-,-,-,-,20160917,-
1043004,25409072,M436DRAFT_38766,M436DRAFT_38766,-,-,Unknown,-,Snf7-domain-containing protein,protein-coding,-,-,-,-,20160917,-
1043004,25409073,M436DRAFT_38781,M436DRAFT_38781,-,-,Unknown,-,WD40 repeat-like protein,protein-coding,-,-,-,-,20160917,-
1043004,25409074,M436DRAFT_38782,M436DRAFT_38782,-,-,Unknown,-,transcription elongation factor SPT6,protein-coding,-,-,-,-,20160917,-
1043004,25409075,M436DRAFT_38783,M436DRAFT_38783,-,-,Unknown,-,MFS general substrate transporter,protein-coding,-,-,-,-,20151212,-
1043004,25409076,M436DRAFT_38785,M436DRAFT_38785,-,-,Unknown,-,hypothetical protein,protein-coding,-,-,-,-,20160917,-
1043004,25409077,M436DRAFT_38788,M436DRAFT_38788,-,-,Unknown,-,NAD(P)-binding protein,protein-coding,-,-,-,-,20151212,-
1043004,25409078,M436DRAFT_38794,M436DRAFT_38794,-,-,Unknown,-,cytochrome P450,protein-coding,-,-,-,-,20160917,-
1043004,25409079,M436DRAFT_38795,M436DRAFT_38795,-,-,Unknown,-,arginyl-tRNA synthetase,protein-coding,-,-,-,-,20151212,-
1043004,25409080,M436DRAFT_38802,M436DRAFT_38802,-,-,Unknown,-,hypothetical protein,protein-coding,-,-,-,-,20151104,-
1043004,25409081,M436DRAFT_38806,M436DRAFT_38806,-,-,Unknown,-,hypothetical protein,protein-coding,-,-,-,-,20160917,-
1043004,25409082,M436DRAFT_38811,M436DRAFT_38811,-,-,Unknown,-,hypothetical protein,protein-coding,-,-,-,-,20151104,-
1043004,25409083,M436DRAFT_38816,M436DRAFT_38816,-,-,Unknown,-,WLM-domain-containing protein,protein-coding,-,-,-,-,20160917,-
1043004,25409084,M436DRAFT_38817,M436DRAFT_38817,-,-,Unknown,-,phospholipase D,protein-coding,-,-,-,-,20160917,-
1043004,25409085,M436DRAFT_38823,M436DRAFT_38823,-,-,Unknown,-,chromosome segregation protein-like protein,protein-coding,-,-,-,-,20160917,-
1043004,25409086,M436DRAFT_38825,M436DRAFT_38825,-,-,Unknown,-,hypothetical protein,protein-coding,-,-,-,-,20160917,-
1043004,25409087,M436DRAFT_38830,M436DRAFT_38830,-,-,Unknown,-,putative sugar transporter,protein-coding,-,-,-,-,20160917,-
1043004,25409088,M436DRAFT_38834,M436DRAFT_38834,-,-,Unknown,-,acid protease,protein-coding,-,-,-,-,20160917,-
1043004,25409089,M436DRAFT_38839,M436DRAFT_38839,-,-,Unknown,-,hypothetical protein,protein-coding,-,-,-,-,20160917,-
1043004,25409090,M436DRAFT_38841,M436DRAFT_38841,-,-,Unknown,-,mitochondrial carrier,protein-coding,-,-,-,-,20160917,-
1043004,25409091,M436DRAFT_38843,M436DRAFT_38843,-,-,Unknown,-,hypothetical protein,protein-coding,-,-,-,-,20151212,-
1043004,25409092,M436DRAFT_38850,M436DRAFT_38850,-,-,Unknown,-,hypothetical protein,protein-coding,-,-,-,-,20151212,-
1043004,25409093,M436DRAFT_38857,M436DRAFT_38857,-,-,Unknown,-,putative major facilitator superfamily transporter,protein-coding,-,-,-,-,20160325,-
1043004,25409094,M436DRAFT_38874,M436DRAFT_38874,-,-,Unknown,-,hypothetical protein,protein-coding,-,-,-,-,20160917,-
1043004,25409095,M436DRAFT_38875,M436DRAFT_38875,-,-,Unknown,-,branched-chain amino acid aminotransferase II,protein-coding,-,-,-,-,20160917,-
1043004,25409096,M436DRAFT_38878,M436DRAFT_38878,-,-,Unknown,-,ER lumen protein retaining receptor,protein-coding,-,-,-,-,20160917,-
1043004,25409097,M436DRAFT_38879,M436DRAFT_38879,-,-,Unknown,-,hypothetical protein,protein-coding,-,-,-,-,20151104,-
1043004,25409098,M436DRAFT_38884,M436DRAFT_38884,-,-,Unknown,-,"clathrin adaptor, mu subunit",protein-coding,-,-,-,-,20160917,-
1043004,25409099,M436DRAFT_38891,M436DRAFT_38891,-,-,Unknown,-,hypothetical protein,protein-coding,-,-,-,-,20160917,-
1043004,25409100,M436DRAFT_38895,M436DRAFT_38895,-,-,Unknown,-,hypothetical protein,protein-coding,-,-,-,-,20151212,-
1043004,25409101,M436DRAFT_38896,M436DRAFT_38896,-,-,Unknown,-,hypothetical protein,protein-coding,-,-,-,-,20151104,-
1043004,25409102,M436DRAFT_38901,M436DRAFT_38901,-,-,Unknown,-,hypothetical protein,protein-coding,-,-,-,-,20160917,-
1043004,25409103,M436DRAFT_38904,M436DRAFT_38904,-,-,Unknown,-,HAD-like protein,protein-coding,-,-,-,-,20160917,-
1043004,25409104,M436DRAFT_38905,M436DRAFT_38905,-,-,Unknown,-,ARM repeat-containing protein,protein-coding,-,-,-,-,20160917,-
1043004,25409105,M436DRAFT_38908,M436DRAFT_38908,-,-,Unknown,-,ARM repeat-containing protein,protein-coding,-,-,-,-,20151212,-
1043004,25409106,M436DRAFT_38916,M436DRAFT_38916,-,-,Unknown,-,P-loop containing nucleoside triphosphate hydrolase protein,protein-coding,-,-,-,-,20160917,-
1043004,25409107,M436DRAFT_38932,M436DRAFT_38932,-,-,Unknown,-,hypothetical protein,protein-coding,-,-,-,-,20151212,-
1043004,25409108,M436DRAFT_38934,M436DRAFT_38934,-,-,Unknown,-,"chitin synthase, class",protein-coding,-,-,-,-,20160917,-
1043004,25409109,M436DRAFT_38936,M436DRAFT_38936,-,-,Unknown,-,hypothetical protein,protein-coding,-,-,-,-,20151104,-
1043004,25409110,M436DRAFT_38949,M436DRAFT_38949,-,-,Unknown,-,microtubule-associated protein,protein-coding,-,-,-,-,20151212,-
1043004,25409111,M436DRAFT_38972,M436DRAFT_38972,-,-,Unknown,-,MRS7 family protein-like protein,protein-coding,-,-,-,-,20160917,-
1043004,25409112,M436DRAFT_38973,M436DRAFT_38973,-,-,Unknown,-,carboxylesterase,protein-coding,-,-,-,-,20151212,-
1043004,25409113,M436DRAFT_38974,M436DRAFT_38974,-,-,Unknown,-,tryptophan synthase beta subunit-like PLP-dependent enzyme,protein-coding,-,-,-,-,20160325,-
1043004,25409114,M436DRAFT_38977,M436DRAFT_38977,-,-,Unknown,-,Di-copper centre-containing protein,protein-coding,-,-,-,-,20160917,-
1043004,25409115,M436DRAFT_38980,M436DRAFT_38980,-,-,Unknown,-,hypothetical protein,protein-coding,-,-,-,-,20160917,-
1043004,25409116,M436DRAFT_38983,M436DRAFT_38983,-,-,Unknown,-,putative alpha-amylase,protein-coding,-,-,-,-,20160917,-
1043004,25409117,M436DRAFT_39002,M436DRAFT_39002,-,-,Unknown,-,hypothetical protein,protein-coding,-,-,-,-,20151104,-
1043004,25409118,M436DRAFT_39004,M436DRAFT_39004,-,-,Unknown,-,NAD(P)-binding protein,protein-coding,-,-,-,-,20151212,-
1043004,25409119,M436DRAFT_39010,M436DRAFT_39010,-,-,Unknown,-,cysteine synthase,protein-coding,-,-,-,-,20160917,-
1043004,25409120,M436DRAFT_39012,M436DRAFT_39012,-,-,Unknown,-,putative 26S proteasome regulatory particle subunit Rpn8,protein-coding,-,-,-,-,20151212,-
1043004,25409121,M436DRAFT_39016,M436DRAFT_39016,-,-,Unknown,-,phytanoyl-CoA dioxygenase family protein,protein-coding,-,-,-,-,20160917,-
1043004,25409122,M436DRAFT_39023,M436DRAFT_39023,-,-,Unknown,-,RWD-domain-containing protein,protein-coding,-,-,-,-,20160917,-
1043004,25409123,M436DRAFT_39027,M436DRAFT_39027,-,-,Unknown,-,inorganic phosphate transporter,protein-coding,-,-,-,-,20160917,-
1043004,25409124,M436DRAFT_39029,M436DRAFT_39029,-,-,Unknown,-,FH2-domain-containing protein,protein-coding,-,-,-,-,20160917,-
1043004,25409125,M436DRAFT_39032,M436DRAFT_39032,-,-,Unknown,-,ketol-acid reductoisomerase,protein-coding,-,-,-,-,20160917,-
1043004,25409126,M436DRAFT_39033,M436DRAFT_39033,-,-,Unknown,-,TPT-domain-containing protein,protein-coding,-,-,-,-,20160917,-
1043004,25409127,M436DRAFT_39035,M436DRAFT_39035,-,-,Unknown,-,nitrilase,protein-coding,-,-,-,-,20151212,-
1043004,25409128,M436DRAFT_39037,M436DRAFT_39037,-,-,Unknown,-,DUF185-domain-containing protein,protein-coding,-,-,-,-,20160917,-
1043004,25409129,M436DRAFT_39042,M436DRAFT_39042,-,-,Unknown,-,hypothetical protein,protein-coding,-,-,-,-,20160917,-
1043004,25409130,M436DRAFT_39045,M436DRAFT_39045,-,-,Unknown,-,"putative cytochrome c oxidase polypeptide 5, mitochondrial",protein-coding,-,-,-,-,20160917,-
1043004,25409131,M436DRAFT_39050,M436DRAFT_39050,-,-,Unknown,-,mitochondrial carrier,protein-coding,-,-,-,-,20160917,-
1043004,25409132,M436DRAFT_39051,M436DRAFT_39051,-,-,Unknown,-,Nucleotidylyl transferase,protein-coding,-,-,-,-,20160917,-
1043004,25409133,M436DRAFT_39053,M436DRAFT_39053,-,-,Unknown,-,hypothetical protein,protein-coding,-,-,-,-,20160325,-
1043004,25409134,M436DRAFT_39064,M436DRAFT_39064,-,-,Unknown,-,hypothetical protein,protein-coding,-,-,-,-,20151212,-
1043004,25409135,M436DRAFT_39071,M436DRAFT_39071,-,-,Unknown,-,TRP-domain-containing protein,protein-coding,-,-,-,-,20160917,-
1043004,25409136,M436DRAFT_39072,M436DRAFT_39072,-,-,Unknown,-,RraA-like protein,protein-coding,-,-,-,-,20160917,-
1043004,25409137,M436DRAFT_39077,M436DRAFT_39077,-,-,Unknown,-,hypothetical protein,protein-coding,-,-,-,-,20160917,-
1043004,25409138,M436DRAFT_39085,M436DRAFT_39085,-,-,Unknown,-,"peptidase M18, aminopeptidase I",protein-coding,-,-,-,-,20151212,-
1043004,25409139,M436DRAFT_39088,M436DRAFT_39088,-,-,Unknown,-,hypothetical protein,protein-coding,-,-,-,-,20160917,-
1043004,25409140,M436DRAFT_39089,M436DRAFT_39089,-,-,Unknown,-,MFS general substrate transporter,protein-coding,-,-,-,-,20160917,-
1043004,25409141,M436DRAFT_39095,M436DRAFT_39095,-,-,Unknown,-,hypothetical protein,protein-coding,-,-,-,-,20160917,-
1043004,25409142,M436DRAFT_39097,M436DRAFT_39097,-,-,Unknown,-,hypothetical protein,protein-coding,-,-,-,-,20160917,-
1043004,25409143,M436DRAFT_39102,M436DRAFT_39102,-,-,Unknown,-,hypothetical protein,protein-coding,-,-,-,-,20160917,-
1043004,25409144,M436DRAFT_39104,M436DRAFT_39104,-,-,Unknown,-,EF-hand,protein-coding,-,-,-,-,20151212,-
1043004,25409145,M436DRAFT_39105,M436DRAFT_39105,-,-,Unknown,-,PR-1-like protein,protein-coding,-,-,-,-,20160917,-
1043004,25409146,M436DRAFT_39110,M436DRAFT_39110,-,-,Unknown,-,hypothetical protein,protein-coding,-,-,-,-,20160917,-
1043004,25409147,M436DRAFT_39127,M436DRAFT_39127,-,-,Unknown,-,hypothetical protein,protein-coding,-,-,-,-,20160917,-
1043004,25409148,M436DRAFT_39130,M436DRAFT_39130,-,-,Unknown,-,hypothetical protein,protein-coding,-,-,-,-,20151212,-
1043004,25409149,M436DRAFT_39133,M436DRAFT_39133,-,-,Unknown,-,SET domain-containing protein,protein-coding,-,-,-,-,20160917,-
1043004,25409150,M436DRAFT_39144,M436DRAFT_39144,-,-,Unknown,-,glycoside hydrolase family 39 protein,protein-coding,-,-,-,-,20151104,-
1043004,25409151,M436DRAFT_39145,M436DRAFT_39145,-,-,Unknown,-,hypothetical protein,protein-coding,-,-,-,-,20160917,-
1043004,25409152,M436DRAFT_39152,M436DRAFT_39152,-,-,Unknown,-,hypothetical protein,protein-coding,-,-,-,-,20160917,-
1043004,25409153,M436DRAFT_39171,M436DRAFT_39171,-,-,Unknown,-,FTHFS-domain-containing protein,protein-coding,-,-,-,-,20160917,-
1043004,25409154,M436DRAFT_39172,M436DRAFT_39172,-,-,Unknown,-,beta and beta-prime subunits of DNA dependent RNA-polymerase,protein-coding,-,-,-,-,20160917,-
1043004,25409155,M436DRAFT_39179,M436DRAFT_39179,-,-,Unknown,-,DUF1708-domain-containing protein,protein-coding,-,-,-,-,20160917,-
1043004,25409156,M436DRAFT_39180,M436DRAFT_39180,-,-,Unknown,-,hypothetical protein,protein-coding,-,-,-,-,20160917,-
1043004,25409157,M436DRAFT_39181,M436DRAFT_39181,-,-,Unknown,-,lysine decarboxylase-like protein-like protein,protein-coding,-,-,-,-,20160917,-
1043004,25409158,M436DRAFT_39183,M436DRAFT_39183,-,-,Unknown,-,histone deacetylase clr3,protein-coding,-,-,-,-,20160917,-
1043004,25409159,M436DRAFT_39189,M436DRAFT_39189,-,-,Unknown,-,hypothetical protein,protein-coding,-,-,-,-,20160325,-
1043004,25409160,M436DRAFT_39190,M436DRAFT_39190,-,-,Unknown,-,hypothetical protein,protein-coding,-,-,-,-,20151104,-
1043004,25409161,M436DRAFT_39202,M436DRAFT_39202,-,-,Unknown,-,general substrate transporter,protein-coding,-,-,-,-,20160917,-
1043004,25409162,M436DRAFT_39208,M436DRAFT_39208,-,-,Unknown,-,actin-like protein,protein-coding,-,-,-,-,20160917,-
1043004,25409163,M436DRAFT_39210,M436DRAFT_39210,-,-,Unknown,-,Sir2 family protein,protein-coding,-,-,-,-,20160917,-
1043004,25409164,M436DRAFT_39217,M436DRAFT_39217,-,-,Unknown,-,hypothetical protein,protein-coding,-,-,-,-,20151212,-
1043004,25409165,M436DRAFT_39220,M436DRAFT_39220,-,-,Unknown,-,hypothetical protein,protein-coding,-,-,-,-,20151104,-
1043004,25409166,M436DRAFT_39232,M436DRAFT_39232,-,-,Unknown,-,RNA-binding domain-containing protein,protein-coding,-,-,-,-,20160917,-
1043004,25409167,M436DRAFT_39243,M436DRAFT_39243,-,-,Unknown,-,hypothetical protein,protein-coding,-,-,-,-,20160917,-
1043004,25409168,M436DRAFT_39245,M436DRAFT_39245,-,-,Unknown,-,Nucleotidylyl transferase,protein-coding,-,-,-,-,20151212,-
1043004,25409169,M436DRAFT_39248,M436DRAFT_39248,-,-,Unknown,-,acetyltransferase SidF,protein-coding,-,-,-,-,20160917,-
1043004,25409170,M436DRAFT_39251,M436DRAFT_39251,-,-,Unknown,-,fructosyl amine:oxygen oxidoreductase,protein-coding,-,-,-,-,20160917,-
1043004,25409171,M436DRAFT_39253,M436DRAFT_39253,-,-,Unknown,-,hypothetical protein,protein-coding,-,-,-,-,20151104,-
1043004,25409172,M436DRAFT_39264,M436DRAFT_39264,-,-,Unknown,-,hypothetical protein,protein-coding,-,-,-,-,20151104,-
1043004,25409173,M436DRAFT_39285,M436DRAFT_39285,-,-,Unknown,-,hypothetical protein,protein-coding,-,-,-,-,20160917,-
1043004,25409174,M436DRAFT_39296,M436DRAFT_39296,-,-,Unknown,-,NAD(P)-binding protein,protein-coding,-,-,-,-,20151212,-
1043004,25409175,M436DRAFT_39308,M436DRAFT_39308,-,-,Unknown,-,fatty-acid amide hydrolase,protein-coding,-,-,-,-,20160917,-
1043004,25409176,M436DRAFT_39310,M436DRAFT_39310,-,-,Unknown,-,sugar transporter STL1,protein-coding,-,-,-,-,20160917,-
1043004,25409177,M436DRAFT_39316,M436DRAFT_39316,-,-,Unknown,-,putative P450 monooxygenase,protein-coding,-,-,-,-,20160917,-
1043004,25409178,M436DRAFT_39318,M436DRAFT_39318,-,-,Unknown,-,Pkinase-domain-containing protein,protein-coding,-,-,-,-,20160917,-
1043004,25409179,M436DRAFT_39323,M436DRAFT_39323,-,-,Unknown,-,hypothetical protein,protein-coding,-,-,-,-,20160917,-
1043004,25409180,M436DRAFT_39325,M436DRAFT_39325,-,-,Unknown,-,N-acetylglutamate synthase,protein-coding,-,-,-,-,20160917,-
1043004,25409181,M436DRAFT_39331,M436DRAFT_39331,-,-,Unknown,-,hypothetical protein,protein-coding,-,-,-,-,20151212,-
1043004,25409182,M436DRAFT_39336,M436DRAFT_39336,-,-,Unknown,-,concanavalin A-like lectin/glucanase,protein-coding,-,-,-,-,20160325,-
1043004,25409183,M436DRAFT_39343,M436DRAFT_39343,-,-,Unknown,-,acetyl-CoA synthetase-like protein,protein-coding,-,-,-,-,20160917,-
1043004,25409184,M436DRAFT_39344,M436DRAFT_39344,-,-,Unknown,-,TFIIB-domain-containing protein,protein-coding,-,-,-,-,20160917,-
1043004,25409185,M436DRAFT_39345,M436DRAFT_39345,-,-,Unknown,-,hypothetical protein,protein-coding,-,-,-,-,20160917,-
1043004,25409186,M436DRAFT_39347,M436DRAFT_39347,-,-,Unknown,-,uracil phosphoribosyltransferase,protein-coding,-,-,-,-,20160917,-
1043004,25409187,M436DRAFT_39350,M436DRAFT_39350,-,-,Unknown,-,WD40 repeat-like protein,protein-coding,-,-,-,-,20160917,-
1043004,25409188,M436DRAFT_39355,M436DRAFT_39355,-,-,Unknown,-,cell division control protein,protein-coding,-,-,-,-,20160917,-
1043004,25409189,M436DRAFT_39373,M436DRAFT_39373,-,-,Unknown,-,hypothetical protein,protein-coding,-,-,-,-,20160917,-
1043004,25409190,M436DRAFT_39381,M436DRAFT_39381,-,-,Unknown,-,aromatic compound dioxygenase,protein-coding,-,-,-,-,20160917,-
1043004,25409191,M436DRAFT_39398,M436DRAFT_39398,-,-,Unknown,-,hypothetical protein,protein-coding,-,-,-,-,20160917,-
1043004,25409192,M436DRAFT_39405,M436DRAFT_39405,-,-,Unknown,-,hypothetical protein,protein-coding,-,-,-,-,20160917,-
1043004,25409193,M436DRAFT_39407,M436DRAFT_39407,-,-,Unknown,-,signal recognition particle protein,protein-coding,-,-,-,-,20160917,-
1043004,25409194,M436DRAFT_39415,M436DRAFT_39415,-,-,Unknown,-,NAD(P)-binding protein,protein-coding,-,-,-,-,20160917,-
1043004,25409195,M436DRAFT_39422,M436DRAFT_39422,-,-,Unknown,-,actin-like ATPase domain-containing protein,protein-coding,-,-,-,-,20160917,-
1043004,25409196,M436DRAFT_39432,M436DRAFT_39432,-,-,Unknown,-,hypothetical protein,protein-coding,-,-,-,-,20160325,-
1043004,25409197,M436DRAFT_39436,M436DRAFT_39436,-,-,Unknown,-,MFS general substrate transporter,protein-coding,-,-,-,-,20151212,-
1043004,25409198,M436DRAFT_39442,M436DRAFT_39442,-,-,Unknown,-,hypothetical protein,protein-coding,-,-,-,-,20151212,-
1043004,25409199,M436DRAFT_39457,M436DRAFT_39457,-,-,Unknown,-,chloride channel protein,protein-coding,-,-,-,-,20160917,-
1043004,25409200,M436DRAFT_39459,M436DRAFT_39459,-,-,Unknown,-,ribosomal protein L37ae,protein-coding,-,-,-,-,20151212,-
1043004,25409201,M436DRAFT_39464,M436DRAFT_39464,-,-,Unknown,-,MFS general substrate transporter,protein-coding,-,-,-,-,20160917,-
1043004,25409202,M436DRAFT_39477,M436DRAFT_39477,-,-,Unknown,-,hypothetical protein,protein-coding,-,-,-,-,20160917,-
1043004,25409203,M436DRAFT_39485,M436DRAFT_39485,-,-,Unknown,-,amino acid transporter,protein-coding,-,-,-,-,20160917,-
1043004,25409204,M436DRAFT_39489,M436DRAFT_39489,-,-,Unknown,-,hypothetical protein,protein-coding,-,-,-,-,20160917,-
1043004,25409205,M436DRAFT_39491,M436DRAFT_39491,-,-,Unknown,-,argininosuccinate lyase,protein-coding,-,-,-,-,20151212,-
1043004,25409206,M436DRAFT_39497,M436DRAFT_39497,-,-,Unknown,-,general substrate transporter,protein-coding,-,-,-,-,20160917,-
1043004,25409207,M436DRAFT_39501,M436DRAFT_39501,-,-,Unknown,-,hypothetical protein,protein-coding,-,-,-,-,20151212,-
1043004,25409208,M436DRAFT_39504,M436DRAFT_39504,-,-,Unknown,-,hypothetical protein,protein-coding,-,-,-,-,20160917,-
1043004,25409209,M436DRAFT_39509,M436DRAFT_39509,-,-,Unknown,-,tRNA isopentenyltransferas-like protein,protein-coding,-,-,-,-,20160917,-
1043004,25409210,M436DRAFT_39513,M436DRAFT_39513,-,-,Unknown,-,ATP-binding cassette glutathione S-conjugate transporter,protein-coding,-,-,-,-,20160917,-
1043004,25409211,M436DRAFT_39519,M436DRAFT_39519,-,-,Unknown,-,putative SNF2 family helicase,protein-coding,-,-,-,-,20160917,-
1043004,25409212,M436DRAFT_39521,M436DRAFT_39521,-,-,Unknown,-,hypothetical protein,protein-coding,-,-,-,-,20160917,-
1043004,25409213,M436DRAFT_39527,M436DRAFT_39527,-,-,Unknown,-,PRP38-domain-containing protein,protein-coding,-,-,-,-,20160917,-
1043004,25409214,M436DRAFT_39529,M436DRAFT_39529,-,-,Unknown,-,hypothetical protein,protein-coding,-,-,-,-,20160917,-
1043004,25409215,M436DRAFT_39534,M436DRAFT_39534,-,-,Unknown,-,MFS general substrate transporter,protein-coding,-,-,-,-,20160917,-
1043004,25409216,M436DRAFT_39536,M436DRAFT_39536,-,-,Unknown,-,phosphoserine aminotransferase,protein-coding,-,-,-,-,20160917,-
1043004,25409217,M436DRAFT_39538,M436DRAFT_39538,-,-,Unknown,-,hypothetical protein,protein-coding,-,-,-,-,20160917,-
1043004,25409218,M436DRAFT_39553,M436DRAFT_39553,-,-,Unknown,-,ARM repeat-containing protein,protein-coding,-,-,-,-,20160917,-
1043004,25409219,M436DRAFT_39556,M436DRAFT_39556,-,-,Unknown,-,alpha/beta-hydrolase,protein-coding,-,-,-,-,20160917,-
1043004,25409220,M436DRAFT_39562,M436DRAFT_39562,-,-,Unknown,-,cytoplasmic dynein 1 intermediate chain 1,protein-coding,-,-,-,-,20160917,-
1043004,25409221,M436DRAFT_39566,M436DRAFT_39566,-,-,Unknown,-,hypothetical protein,protein-coding,-,-,-,-,20160917,-
1043004,25409222,M436DRAFT_39575,M436DRAFT_39575,-,-,Unknown,-,hypothetical protein,protein-coding,-,-,-,-,20160325,-
1043004,25409223,M436DRAFT_39583,M436DRAFT_39583,-,-,Unknown,-,hypothetical protein,protein-coding,-,-,-,-,20160917,-
1043004,25409224,M436DRAFT_39589,M436DRAFT_39589,-,-,Unknown,-,hypothetical protein,protein-coding,-,-,-,-,20160917,-
1043004,25409225,M436DRAFT_39604,M436DRAFT_39604,-,-,Unknown,-,mitochondrial distribution and morphology protein family 31/32,protein-coding,-,-,-,-,20160917,-
1043004,25409226,M436DRAFT_39610,M436DRAFT_39610,-,-,Unknown,-,hypothetical protein,protein-coding,-,-,-,-,20151104,-
1043004,25409227,M436DRAFT_39617,M436DRAFT_39617,-,-,Unknown,-,histone-fold-containing protein,protein-coding,-,-,-,-,20160917,-
1043004,25409228,M436DRAFT_39627,M436DRAFT_39627,-,-,Unknown,-,Trm112p-domain-containing protein,protein-coding,-,-,-,-,20151104,-
1043004,25409229,M436DRAFT_39630,M436DRAFT_39630,-,-,Unknown,-,acetyl-CoA synthetase-like protein,protein-coding,-,-,-,-,20151212,-
1043004,25409230,M436DRAFT_39633,M436DRAFT_39633,-,-,Unknown,-,26S protease regulatory subunit 4,protein-coding,-,-,-,-,20160917,-
1043004,25409231,M436DRAFT_39641,M436DRAFT_39641,-,-,Unknown,-,homoserine acetyltransferase family protein-like protein,protein-coding,-,-,-,-,20160917,-
1043004,25409232,M436DRAFT_39642,M436DRAFT_39642,-,-,Unknown,-,acyl-CoA thioesterase II,protein-coding,-,-,-,-,20160917,-
1043004,25409233,M436DRAFT_39646,M436DRAFT_39646,-,-,Unknown,-,PQ loop repeat protein,protein-coding,-,-,-,-,20160917,-
1043004,25409234,M436DRAFT_39656,M436DRAFT_39656,-,-,Unknown,-,putative vacuolar segregation protein,protein-coding,-,-,-,-,20160917,-
1043004,25409235,M436DRAFT_39662,M436DRAFT_39662,-,-,Unknown,-,phytanoyl-CoA dioxygenase,protein-coding,-,-,-,-,20160917,-
1043004,25409236,M436DRAFT_39665,M436DRAFT_39665,-,-,Unknown,-,SGT1-domain-containing protein,protein-coding,-,-,-,-,20160917,-
1043004,25409237,M436DRAFT_39666,M436DRAFT_39666,-,-,Unknown,-,hypothetical protein,protein-coding,-,-,-,-,20160917,-
1043004,25409238,M436DRAFT_39669,M436DRAFT_39669,-,-,Unknown,-,hypothetical protein,protein-coding,-,-,-,-,20151104,-
1043004,25409239,M436DRAFT_39674,M436DRAFT_39674,-,-,Unknown,-,hypothetical protein,protein-coding,-,-,-,-,20160917,-
1043004,25409240,M436DRAFT_39677,M436DRAFT_39677,-,-,Unknown,-,putative major facilitator superfamily transporter,protein-coding,-,-,-,-,20160917,-
1043004,25409241,M436DRAFT_39683,M436DRAFT_39683,-,-,Unknown,-,Arabinanase/levansucrase/invertase,protein-coding,-,-,-,-,20151212,-
1043004,25409242,M436DRAFT_39687,M436DRAFT_39687,-,-,Unknown,-,putative MFS transporter,protein-coding,-,-,-,-,20160325,-
1043004,25409243,M436DRAFT_39688,M436DRAFT_39688,-,-,Unknown,-,hypothetical protein,protein-coding,-,-,-,-,20151104,-
1043004,25409244,M436DRAFT_39691,M436DRAFT_39691,-,-,Unknown,-,TMP-TENI-domain-containing protein,protein-coding,-,-,-,-,20160917,-
1043004,25409245,M436DRAFT_39694,M436DRAFT_39694,-,-,Unknown,-,hypothetical protein,protein-coding,-,-,-,-,20160917,-
1043004,25409246,M436DRAFT_39703,M436DRAFT_39703,-,-,Unknown,-,"RNase P/MRP, p29 subunit",protein-coding,-,-,-,-,20160917,-
1043004,25409247,M436DRAFT_39708,M436DRAFT_39708,-,-,Unknown,-,14-alpha sterol demethylase Cyp51B,protein-coding,-,-,-,-,20160917,-
1043004,25409248,M436DRAFT_39724,M436DRAFT_39724,-,-,Unknown,-,WD40 repeat-like protein,protein-coding,-,-,-,-,20160917,-
1043004,25409249,M436DRAFT_39742,M436DRAFT_39742,-,-,Unknown,-,NAD(P)-binding protein,protein-coding,-,-,-,-,20160917,-
1043004,25409250,M436DRAFT_39744,M436DRAFT_39744,-,-,Unknown,-,hypothetical protein,protein-coding,-,-,-,-,20151212,-
1043004,25409251,M436DRAFT_39745,M436DRAFT_39745,-,-,Unknown,-,ribosomal protein S28e,protein-coding,-,-,-,-,20191025,-
1043004,25409252,M436DRAFT_39752,M436DRAFT_39752,-,-,Unknown,-,putative component of NuA3 histone acetyltransferase complex,protein-coding,-,-,-,-,20160917,-
1043004,25409253,M436DRAFT_39756,M436DRAFT_39756,-,-,Unknown,-,hypothetical protein,protein-coding,-,-,-,-,20151212,-
1043004,25409254,M436DRAFT_39759,M436DRAFT_39759,-,-,Unknown,-,hypothetical protein,protein-coding,-,-,-,-,20160917,-
1043004,25409255,M436DRAFT_39761,M436DRAFT_39761,-,-,Unknown,-,hypothetical protein,protein-coding,-,-,-,-,20151104,-
1043004,25409256,M436DRAFT_39762,M436DRAFT_39762,-,-,Unknown,-,amino acid transporter,protein-coding,-,-,-,-,20160917,-
1043004,25409257,M436DRAFT_39764,M436DRAFT_39764,-,-,Unknown,-,hypothetical protein,protein-coding,-,-,-,-,20151104,-
1043004,25409258,M436DRAFT_39766,M436DRAFT_39766,-,-,Unknown,-,DUF410-domain-containing protein,protein-coding,-,-,-,-,20160917,-
1043004,25409259,M436DRAFT_39769,M436DRAFT_39769,-,-,Unknown,-,hypothetical protein,protein-coding,-,-,-,-,20160917,-
1043004,25409260,M436DRAFT_39784,M436DRAFT_39784,-,-,Unknown,-,FolC bifunctional protein,protein-coding,-,-,-,-,20160917,-
1043004,25409261,M436DRAFT_39788,M436DRAFT_39788,-,-,Unknown,-,WD repeat protein,protein-coding,-,-,-,-,20160917,-
1043004,25409262,M436DRAFT_39790,M436DRAFT_39790,-,-,Unknown,-,homoserine O-acetyltransferase,protein-coding,-,-,-,-,20160917,-
1043004,25409263,M436DRAFT_39791,M436DRAFT_39791,-,-,Unknown,-,mitochondrial import protein Pam17,protein-coding,-,-,-,-,20160917,-
1043004,25409264,M436DRAFT_39795,M436DRAFT_39795,-,-,Unknown,-,translation initiation factor eIF3 subunit,protein-coding,-,-,-,-,20160917,-
1043004,25409265,M436DRAFT_39803,M436DRAFT_39803,-,-,Unknown,-,WD40 repeat-like protein,protein-coding,-,-,-,-,20160917,-
1043004,25409266,M436DRAFT_39805,M436DRAFT_39805,-,-,Unknown,-,hypothetical protein,protein-coding,-,-,-,-,20151104,-
1043004,25409267,M436DRAFT_39818,M436DRAFT_39818,-,-,Unknown,-,glycoside hydrolase,protein-coding,-,-,-,-,20160917,-
1043004,25409268,M436DRAFT_39824,M436DRAFT_39824,-,-,Unknown,-,hypothetical protein,protein-coding,-,-,-,-,20160917,-
1043004,25409269,M436DRAFT_39826,M436DRAFT_39826,-,-,Unknown,-,Metallo-hydrolase/oxidoreductase,protein-coding,-,-,-,-,20160917,-
1043004,25409270,M436DRAFT_39828,M436DRAFT_39828,-,-,Unknown,-,DnaJ-domain-containing protein,protein-coding,-,-,-,-,20160917,-
1043004,25409271,M436DRAFT_39832,M436DRAFT_39832,-,-,Unknown,-,hypothetical protein,protein-coding,-,-,-,-,20160917,-
1043004,25409272,M436DRAFT_39835,M436DRAFT_39835,-,-,Unknown,-,hypothetical protein,protein-coding,-,-,-,-,20160917,-
1043004,25409273,M436DRAFT_39844,M436DRAFT_39844,-,-,Unknown,-,hypothetical protein,protein-coding,-,-,-,-,20160917,-
1043004,25409274,M436DRAFT_39847,M436DRAFT_39847,-,-,Unknown,-,hypothetical protein,protein-coding,-,-,-,-,20151104,-
1043004,25409275,M436DRAFT_39848,M436DRAFT_39848,-,-,Unknown,-,serine-tRNA ligase,protein-coding,-,-,-,-,20160917,-
1043004,25409276,M436DRAFT_39853,M436DRAFT_39853,-,-,Unknown,-,hypothetical protein,protein-coding,-,-,-,-,20151104,-
1043004,25409277,M436DRAFT_39858,M436DRAFT_39858,-,-,Unknown,-,"ALG6, ALG8 glycosyltransferase",protein-coding,-,-,-,-,20160917,-
1043004,25409278,M436DRAFT_39862,M436DRAFT_39862,-,-,Unknown,-,glycoside hydrolase family 65 protein,protein-coding,-,-,-,-,20160917,-
1043004,25409279,M436DRAFT_39866,M436DRAFT_39866,-,-,Unknown,-,AAA-domain-containing protein,protein-coding,-,-,-,-,20160917,-
1043004,25409280,M436DRAFT_39874,M436DRAFT_39874,-,-,Unknown,-,hypothetical protein,protein-coding,-,-,-,-,20160917,-
1043004,25409281,M436DRAFT_39877,M436DRAFT_39877,-,-,Unknown,-,hypothetical protein,protein-coding,-,-,-,-,20160917,-
1043004,25409282,M436DRAFT_39878,M436DRAFT_39878,-,-,Unknown,-,"MFS transporter, MCP family, solute carrier family 16, member 10",protein-coding,-,-,-,-,20160325,-
1043004,25409283,M436DRAFT_39885,M436DRAFT_39885,-,-,Unknown,-,ras-domain-containing protein,protein-coding,-,-,-,-,20151212,-
1043004,25409284,M436DRAFT_39891,M436DRAFT_39891,-,-,Unknown,-,glycoside hydrolase,protein-coding,-,-,-,-,20160917,-
1043004,25409285,M436DRAFT_39898,M436DRAFT_39898,-,-,Unknown,-,protein serine/threonine phosphatase 2C,protein-coding,-,-,-,-,20160325,-
1043004,25409286,M436DRAFT_39902,M436DRAFT_39902,-,-,Unknown,-,putative eukaryotic translation initiation factor 5,protein-coding,-,-,-,-,20160917,-
1043004,25409287,M436DRAFT_39909,M436DRAFT_39909,-,-,Unknown,-,protein phosphatase PP2A regulatory subunit A,protein-coding,-,-,-,-,20160917,-
1043004,25409288,M436DRAFT_39911,M436DRAFT_39911,-,-,Unknown,-,acetyl-CoA synthetase-like protein,protein-coding,-,-,-,-,20160917,-
1043004,25409289,M436DRAFT_39912,M436DRAFT_39912,-,-,Unknown,-,hypothetical protein,protein-coding,-,-,-,-,20160917,-
1043004,25409290,M436DRAFT_39916,M436DRAFT_39916,-,-,Unknown,-,aspartate kinase,protein-coding,-,-,-,-,20160917,-
1043004,25409291,M436DRAFT_39921,M436DRAFT_39921,-,-,Unknown,-,hypothetical protein,protein-coding,-,-,-,-,20160917,-
1043004,25409292,M436DRAFT_39931,M436DRAFT_39931,-,-,Unknown,-,MFS general substrate transporter,protein-coding,-,-,-,-,20160917,-
1043004,25409293,M436DRAFT_39938,M436DRAFT_39938,-,-,Unknown,-,putative dipeptidyl-aminopeptidase B,protein-coding,-,-,-,-,20160917,-
1043004,25409294,M436DRAFT_39939,M436DRAFT_39939,-,-,Unknown,-,small nucleolar ribonucleo protein-like protein complex subunit,protein-coding,-,-,-,-,20160917,-
1043004,25409295,M436DRAFT_39955,M436DRAFT_39955,-,-,Unknown,-,hypothetical protein,protein-coding,-,-,-,-,20151104,-
1043004,25409296,M436DRAFT_39964,M436DRAFT_39964,-,-,Unknown,-,Rho GTPase activation protein,protein-coding,-,-,-,-,20160917,-
1043004,25409297,M436DRAFT_39976,M436DRAFT_39976,-,-,Unknown,-,hypothetical protein,protein-coding,-,-,-,-,20160917,-
1043004,25409298,M436DRAFT_39984,M436DRAFT_39984,-,-,Unknown,-,hypothetical protein,protein-coding,-,-,-,-,20160917,-
1043004,25409299,M436DRAFT_39987,M436DRAFT_39987,-,-,Unknown,-,exoribonuclease family protein,protein-coding,-,-,-,-,20151212,-
1043004,25409300,M436DRAFT_39998,M436DRAFT_39998,-,-,Unknown,-,hypothetical protein,protein-coding,-,-,-,-,20160917,-
1043004,25409301,M436DRAFT_40001,M436DRAFT_40001,-,-,Unknown,-,hypothetical protein,protein-coding,-,-,-,-,20160917,-
1043004,25409302,M436DRAFT_40003,M436DRAFT_40003,-,-,Unknown,-,hypothetical protein,protein-coding,-,-,-,-,20151104,-
1043004,25409303,M436DRAFT_40004,M436DRAFT_40004,-,-,Unknown,-,SOH1-domain-containing protein,protein-coding,-,-,-,-,20160917,-
1043004,25409304,M436DRAFT_40006,M436DRAFT_40006,-,-,Unknown,-,MAGE-domain-containing protein,protein-coding,-,-,-,-,20160917,-
1043004,25409305,M436DRAFT_40007,M436DRAFT_40007,-,-,Unknown,-,FAD/NAD(P)-binding domain-containing protein,protein-coding,-,-,-,-,20160917,-
1043004,25409306,M436DRAFT_40016,M436DRAFT_40016,-,-,Unknown,-,hypothetical protein,protein-coding,-,-,-,-,20151104,-
1043004,25409307,M436DRAFT_40023,M436DRAFT_40023,-,-,Unknown,-,Sec1-like protein,protein-coding,-,-,-,-,20160917,-
1043004,25409308,M436DRAFT_40024,M436DRAFT_40024,-,-,Unknown,-,hypothetical protein,protein-coding,-,-,-,-,20160917,-
1043004,25409309,M436DRAFT_40026,M436DRAFT_40026,-,-,Unknown,-,kinase-like protein,protein-coding,-,-,-,-,20160917,-
1043004,25409310,M436DRAFT_40028,M436DRAFT_40028,-,-,Unknown,-,hypothetical protein,protein-coding,-,-,-,-,20151104,-
1043004,25409311,M436DRAFT_40033,M436DRAFT_40033,-,-,Unknown,-,hypothetical protein,protein-coding,-,-,-,-,20160917,-
1043004,25409312,M436DRAFT_40037,M436DRAFT_40037,-,-,Unknown,-,hypothetical protein,protein-coding,-,-,-,-,20160917,-
1043004,25409313,M436DRAFT_40048,M436DRAFT_40048,-,-,Unknown,-,eEF1-gamma domain-containing protein,protein-coding,-,-,-,-,20160917,-
1043004,25409314,M436DRAFT_40052,M436DRAFT_40052,-,-,Unknown,-,hypothetical protein,protein-coding,-,-,-,-,20160917,-
1043004,25409315,M436DRAFT_40054,M436DRAFT_40054,-,-,Unknown,-,hypothetical protein,protein-coding,-,-,-,-,20160917,-
1043004,25409316,M436DRAFT_40068,M436DRAFT_40068,-,-,Unknown,-,AMP-binding enzyme,protein-coding,-,-,-,-,20160917,-
1043004,25409317,M436DRAFT_40070,M436DRAFT_40070,-,-,Unknown,-,hypothetical protein,protein-coding,-,-,-,-,20160917,-
1043004,25409318,M436DRAFT_40079,M436DRAFT_40079,-,-,Unknown,-,hypothetical protein,protein-coding,-,-,-,-,20160917,-
1043004,25409319,M436DRAFT_40084,M436DRAFT_40084,-,-,Unknown,-,hypothetical protein,protein-coding,-,-,-,-,20151104,-
1043004,25409320,M436DRAFT_40087,M436DRAFT_40087,-,-,Unknown,-,TGF-beta-inducible nuclear protein-like protein 1,protein-coding,-,-,-,-,20160917,-
1043004,25409321,M436DRAFT_40088,M436DRAFT_40088,-,-,Unknown,-,ankyrin,protein-coding,-,-,-,-,20160917,-
1043004,25409322,M436DRAFT_40094,M436DRAFT_40094,-,-,Unknown,-,hypothetical protein,protein-coding,-,-,-,-,20160917,-
1043004,25409323,M436DRAFT_40095,M436DRAFT_40095,-,-,Unknown,-,cytochrome P450 monooxygenase-like protein,protein-coding,-,-,-,-,20160917,-
1043004,25409324,M436DRAFT_40102,M436DRAFT_40102,-,-,Unknown,-,hypothetical protein,protein-coding,-,-,-,-,20160917,-
1043004,25409325,M436DRAFT_40108,M436DRAFT_40108,-,-,Unknown,-,RNA-binding domain-containing protein,protein-coding,-,-,-,-,20151212,-
1043004,25409326,M436DRAFT_40119,M436DRAFT_40119,-,-,Unknown,-,hypothetical protein,protein-coding,-,-,-,-,20151104,-
1043004,25409327,M436DRAFT_40131,M436DRAFT_40131,-,-,Unknown,-,hypothetical protein,protein-coding,-,-,-,-,20160917,-
1043004,25409328,M436DRAFT_40137,M436DRAFT_40137,-,-,Unknown,-,hypothetical protein,protein-coding,-,-,-,-,20160917,-
1043004,25409329,M436DRAFT_40142,M436DRAFT_40142,-,-,Unknown,-,kinase-like protein,protein-coding,-,-,-,-,20151212,-
1043004,25409330,M436DRAFT_40143,M436DRAFT_40143,-,-,Unknown,-,hypothetical protein,protein-coding,-,-,-,-,20151104,-
1043004,25409331,M436DRAFT_40154,M436DRAFT_40154,-,-,Unknown,-,HLA class III protein Dom3z,protein-coding,-,-,-,-,20160917,-
1043004,25409332,M436DRAFT_40161,M436DRAFT_40161,-,-,Unknown,-,UDP-Glycosyltransferase/glycogen phosphorylase,protein-coding,-,-,-,-,20151212,-
1043004,25409333,M436DRAFT_40164,M436DRAFT_40164,-,-,Unknown,-,nonribosomal peptide synthase SidD,protein-coding,-,-,-,-,20160917,-
1043004,25409334,M436DRAFT_40168,M436DRAFT_40168,-,-,Unknown,-,hypothetical protein,protein-coding,-,-,-,-,20160917,-
1043004,25409335,M436DRAFT_40170,M436DRAFT_40170,-,-,Unknown,-,hypothetical protein,protein-coding,-,-,-,-,20160917,-
1043004,25409336,M436DRAFT_40171,M436DRAFT_40171,-,-,Unknown,-,Bromodomain-containing protein,protein-coding,-,-,-,-,20151212,-
1043004,25409337,M436DRAFT_40173,M436DRAFT_40173,-,-,Unknown,-,hypothetical protein,protein-coding,-,-,-,-,20151104,-
1043004,25409338,M436DRAFT_40185,M436DRAFT_40185,-,-,Unknown,-,hypothetical protein,protein-coding,-,-,-,-,20160917,-
1043004,25409339,M436DRAFT_40186,M436DRAFT_40186,-,-,Unknown,-,Clavaminate synthase-like protein,protein-coding,-,-,-,-,20160917,-
1043004,25409340,M436DRAFT_40191,M436DRAFT_40191,-,-,Unknown,-,mitochondrial carrier,protein-coding,-,-,-,-,20160917,-
1043004,25409341,M436DRAFT_40196,M436DRAFT_40196,-,-,Unknown,-,L30e-like protein,protein-coding,-,-,-,-,20160917,-
1043004,25409342,M436DRAFT_40216,M436DRAFT_40216,-,-,Unknown,-,MFS general substrate transporter,protein-coding,-,-,-,-,20160917,-
1043004,25409343,M436DRAFT_40232,M436DRAFT_40232,-,-,Unknown,-,putative flavo protein,protein-coding,-,-,-,-,20160917,-
1043004,25409344,M436DRAFT_40239,M436DRAFT_40239,-,-,Unknown,-,hypothetical protein,protein-coding,-,-,-,-,20151104,-
1043004,25409345,M436DRAFT_40251,M436DRAFT_40251,-,-,Unknown,-,Co-chaperone Hsc20,protein-coding,-,-,-,-,20160917,-
1043004,25409346,M436DRAFT_40262,M436DRAFT_40262,-,-,Unknown,-,hypothetical protein,protein-coding,-,-,-,-,20151104,-
1043004,25409347,M436DRAFT_40265,M436DRAFT_40265,-,-,Unknown,-,hypothetical protein,protein-coding,-,-,-,-,20160917,-
1043004,25409348,M436DRAFT_40273,M436DRAFT_40273,-,-,Unknown,-,hypothetical protein,protein-coding,-,-,-,-,20160917,-
1043004,25409349,M436DRAFT_40286,M436DRAFT_40286,-,-,Unknown,-,pyridoxamine 5'-phosphate oxidase,protein-coding,-,-,-,-,20160917,-
1043004,25409350,M436DRAFT_40289,M436DRAFT_40289,-,-,Unknown,-,fungal-specific transcription factor,protein-coding,-,-,-,-,20151212,-
1043004,25409351,M436DRAFT_40295,M436DRAFT_40295,-,-,Unknown,-,hypothetical protein,protein-coding,-,-,-,-,20151104,-
1043004,25409352,M436DRAFT_40298,M436DRAFT_40298,-,-,Unknown,-,DNA repair family protein-like protein,protein-coding,-,-,-,-,20160917,-
1043004,25409353,M436DRAFT_40315,M436DRAFT_40315,-,-,Unknown,-,hypothetical protein,protein-coding,-,-,-,-,20160917,-
1043004,25409354,M436DRAFT_40318,M436DRAFT_40318,-,-,Unknown,-,hypothetical protein,protein-coding,-,-,-,-,20151104,-
1043004,25409355,M436DRAFT_40327,M436DRAFT_40327,-,-,Unknown,-,hypothetical protein,protein-coding,-,-,-,-,20160917,-
1043004,25409356,M436DRAFT_40334,M436DRAFT_40334,-,-,Unknown,-,hypothetical protein,protein-coding,-,-,-,-,20160917,-
1043004,25409357,M436DRAFT_40341,M436DRAFT_40341,-,-,Unknown,-,hypothetical protein,protein-coding,-,-,-,-,20160917,-
1043004,25409358,M436DRAFT_40343,M436DRAFT_40343,-,-,Unknown,-,amidase signature enzyme,protein-coding,-,-,-,-,20160917,-
1043004,25409359,M436DRAFT_40354,M436DRAFT_40354,-,-,Unknown,-,alpha/beta-hydrolase,protein-coding,-,-,-,-,20160917,-
1043004,25409360,M436DRAFT_40355,M436DRAFT_40355,-,-,Unknown,-,hypothetical protein,protein-coding,-,-,-,-,20160917,-
1043004,25409361,M436DRAFT_40359,M436DRAFT_40359,-,-,Unknown,-,hypothetical protein,protein-coding,-,-,-,-,20160917,-
1043004,25409362,M436DRAFT_40367,M436DRAFT_40367,-,-,Unknown,-,hypothetical protein,protein-coding,-,-,-,-,20160917,-
1043004,25409363,M436DRAFT_40389,M436DRAFT_40389,-,-,Unknown,-,WD40 repeat-like protein,protein-coding,-,-,-,-,20160917,-
1043004,25409364,M436DRAFT_40391,M436DRAFT_40391,-,-,Unknown,-,"elongation factor G 1, mitochondrial precursor",protein-coding,-,-,-,-,20160917,-
1043004,25409365,M436DRAFT_40399,M436DRAFT_40399,-,-,Unknown,-,hypothetical protein,protein-coding,-,-,-,-,20160325,-
1043004,25409366,M436DRAFT_40404,M436DRAFT_40404,-,-,Unknown,-,hypothetical protein,protein-coding,-,-,-,-,20160917,-
1043004,25409367,M436DRAFT_40412,M436DRAFT_40412,-,-,Unknown,-,NAD(P)-binding protein,protein-coding,-,-,-,-,20160917,-
1043004,25409368,M436DRAFT_40417,M436DRAFT_40417,-,-,Unknown,-,glycoside hydrolase family 30 protein,protein-coding,-,-,-,-,20160917,-
1043004,25409369,M436DRAFT_40421,M436DRAFT_40421,-,-,Unknown,-,putative ribosome biogenesis protein ytm1,protein-coding,-,-,-,-,20160917,-
1043004,25409370,M436DRAFT_40424,M436DRAFT_40424,-,-,Unknown,-,alcohol dehydrogenase,protein-coding,-,-,-,-,20151212,-
1043004,25409371,M436DRAFT_40445,M436DRAFT_40445,-,-,Unknown,-,hypothetical protein,protein-coding,-,-,-,-,20160917,-
1043004,25409372,M436DRAFT_40449,M436DRAFT_40449,-,-,Unknown,-,ribosomal protein L15,protein-coding,-,-,-,-,20160917,-
1043004,25409373,M436DRAFT_40465,M436DRAFT_40465,-,-,Unknown,-,hypothetical protein,protein-coding,-,-,-,-,20160917,-
1043004,25409374,M436DRAFT_40468,M436DRAFT_40468,-,-,Unknown,-,Sm-like ribonucleo protein,protein-coding,-,-,-,-,20151212,-
1043004,25409375,M436DRAFT_40471,M436DRAFT_40471,-,-,Unknown,-,SPRY-domain-containing protein,protein-coding,-,-,-,-,20160917,-
1043004,25409376,M436DRAFT_40474,M436DRAFT_40474,-,-,Unknown,-,mRNA turnover protein-like protein 4,protein-coding,-,-,-,-,20151212,-
1043004,25409377,M436DRAFT_40480,M436DRAFT_40480,-,-,Unknown,-,Zinc/iron permease,protein-coding,-,-,-,-,20160917,-
1043004,25409378,M436DRAFT_40482,M436DRAFT_40482,-,-,Unknown,-,hypothetical protein,protein-coding,-,-,-,-,20160917,-
1043004,25409379,M436DRAFT_40485,M436DRAFT_40485,-,-,Unknown,-,"alpha-1,3-mannosyltransferas-like protein ALG2",protein-coding,-,-,-,-,20151212,-
1043004,25409380,M436DRAFT_40488,M436DRAFT_40488,-,-,Unknown,-,hypothetical protein,protein-coding,-,-,-,-,20151104,-
1043004,25409381,M436DRAFT_40492,M436DRAFT_40492,-,-,Unknown,-,hypothetical protein,protein-coding,-,-,-,-,20151104,-
1043004,25409382,M436DRAFT_40494,M436DRAFT_40494,-,-,Unknown,-,hypothetical protein,protein-coding,-,-,-,-,20160917,-
1043004,25409383,M436DRAFT_40502,M436DRAFT_40502,-,-,Unknown,-,type-2 protein geranylgeranyltransferase subunit beta,protein-coding,-,-,-,-,20151212,-
1043004,25409384,M436DRAFT_40509,M436DRAFT_40509,-,-,Unknown,-,DNA mismatch repair protein MutL,protein-coding,-,-,-,-,20160917,-
1043004,25409385,M436DRAFT_40520,M436DRAFT_40520,-,-,Unknown,-,hypothetical protein,protein-coding,-,-,-,-,20160325,-
1043004,25409386,M436DRAFT_40521,M436DRAFT_40521,-,-,Unknown,-,Arylsulphatase,protein-coding,-,-,-,-,20160917,-
1043004,25409387,M436DRAFT_40524,M436DRAFT_40524,-,-,Unknown,-,UreF urease accessory protein,protein-coding,-,-,-,-,20160917,-
1043004,25409388,M436DRAFT_40526,M436DRAFT_40526,-,-,Unknown,-,ribulose-phosphate 3-epimerase,protein-coding,-,-,-,-,20160917,-
1043004,25409389,M436DRAFT_40528,M436DRAFT_40528,-,-,Unknown,-,GroES-like protein,protein-coding,-,-,-,-,20160917,-
1043004,25409390,M436DRAFT_40529,M436DRAFT_40529,-,-,Unknown,-,hypothetical protein,protein-coding,-,-,-,-,20160917,-
1043004,25409391,M436DRAFT_40532,M436DRAFT_40532,-,-,Unknown,-,centromere/microtubule-binding protein CBF5,protein-coding,-,-,-,-,20160917,-
1043004,25409392,M436DRAFT_40539,M436DRAFT_40539,-,-,Unknown,-,ABC transporter-like protein,protein-coding,-,-,-,-,20160917,-
1043004,25409393,M436DRAFT_40540,M436DRAFT_40540,-,-,Unknown,-,hypothetical protein,protein-coding,-,-,-,-,20160917,-
1043004,25409394,M436DRAFT_40541,M436DRAFT_40541,-,-,Unknown,-,cobW-domain-containing protein,protein-coding,-,-,-,-,20160917,-
1043004,25409395,M436DRAFT_40550,M436DRAFT_40550,-,-,Unknown,-,hypothetical protein,protein-coding,-,-,-,-,20160917,-
1043004,25409396,M436DRAFT_40559,M436DRAFT_40559,-,-,Unknown,-,UV radiation resistance-associated gene protein,protein-coding,-,-,-,-,20160917,-
1043004,25409397,M436DRAFT_40568,M436DRAFT_40568,-,-,Unknown,-,hypothetical protein,protein-coding,-,-,-,-,20151212,-
1043004,25409398,M436DRAFT_40571,M436DRAFT_40571,-,-,Unknown,-,putative siderophore transporter,protein-coding,-,-,-,-,20151212,-
1043004,25409399,M436DRAFT_40594,M436DRAFT_40594,-,-,Unknown,-,hypothetical protein,protein-coding,-,-,-,-,20160917,-
1043004,25409400,M436DRAFT_40596,M436DRAFT_40596,-,-,Unknown,-,putative MFS phosphate transporter,protein-coding,-,-,-,-,20151212,-
1043004,25409401,M436DRAFT_40597,M436DRAFT_40597,-,-,Unknown,-,hypothetical protein,protein-coding,-,-,-,-,20160917,-
1043004,25409402,M436DRAFT_40599,M436DRAFT_40599,-,-,Unknown,-,putative NRPS-like enzyme,protein-coding,-,-,-,-,20160917,-
1043004,25409403,M436DRAFT_40608,M436DRAFT_40608,-,-,Unknown,-,putative ABC transporter,protein-coding,-,-,-,-,20151212,-
1043004,25409404,M436DRAFT_40613,M436DRAFT_40613,-,-,Unknown,-,heavy metal translocatin,protein-coding,-,-,-,-,20160917,-
1043004,25409405,M436DRAFT_40620,M436DRAFT_40620,-,-,Unknown,-,YjeF domain-containing protein,protein-coding,-,-,-,-,20160325,-
1043004,25409406,M436DRAFT_40621,M436DRAFT_40621,-,-,Unknown,-,hypothetical protein,protein-coding,-,-,-,-,20151104,-
1043004,25409407,M436DRAFT_40634,M436DRAFT_40634,-,-,Unknown,-,membrane protein,protein-coding,-,-,-,-,20160917,-
1043004,25409408,M436DRAFT_40635,M436DRAFT_40635,-,-,Unknown,-,dolichyldiphosphatase,protein-coding,-,-,-,-,20160325,-
1043004,25409409,M436DRAFT_40642,M436DRAFT_40642,-,-,Unknown,-,kinase-like protein,protein-coding,-,-,-,-,20160917,-
1043004,25409410,M436DRAFT_40649,M436DRAFT_40649,-,-,Unknown,-,eukaryotic translation initiation factor 2 gamma subunit,protein-coding,-,-,-,-,20160917,-
1043004,25409411,M436DRAFT_40660,M436DRAFT_40660,-,-,Unknown,-,hypothetical protein,protein-coding,-,-,-,-,20160325,-
1043004,25409412,M436DRAFT_40662,M436DRAFT_40662,-,-,Unknown,-,MFS general substrate transporter,protein-coding,-,-,-,-,20160917,-
1043004,25409413,M436DRAFT_40664,M436DRAFT_40664,-,-,Unknown,-,"mannan endo-1,6-alpha-mannosidase",protein-coding,-,-,-,-,20160917,-
1043004,25409414,M436DRAFT_40665,M436DRAFT_40665,-,-,Unknown,-,putative mannitol 2-dehydrogenase,protein-coding,-,-,-,-,20160917,-
1043004,25409415,M436DRAFT_40667,M436DRAFT_40667,-,-,Unknown,-,alpha/beta-hydrolase,protein-coding,-,-,-,-,20160917,-
1043004,25409416,M436DRAFT_40668,M436DRAFT_40668,-,-,Unknown,-,HlyIII-domain-containing protein,protein-coding,-,-,-,-,20160917,-
1043004,25409417,M436DRAFT_40669,M436DRAFT_40669,-,-,Unknown,-,hypothetical protein,protein-coding,-,-,-,-,20160917,-
1043004,25409418,M436DRAFT_40680,M436DRAFT_40680,-,-,Unknown,-,amino acid transporter,protein-coding,-,-,-,-,20160917,-
1043004,25409419,M436DRAFT_40686,M436DRAFT_40686,-,-,Unknown,-,mitochondrial carrier,protein-coding,-,-,-,-,20160917,-
1043004,25409420,M436DRAFT_40688,M436DRAFT_40688,-,-,Unknown,-,26S proteasome non-ATPase regulatory subunit 9,protein-coding,-,-,-,-,20151212,-
1043004,25409421,M436DRAFT_40693,M436DRAFT_40693,-,-,Unknown,-,DUF1742-domain-containing protein,protein-coding,-,-,-,-,20160917,-
1043004,25409422,M436DRAFT_40694,M436DRAFT_40694,-,-,Unknown,-,Metallo-dependent hydrolase,protein-coding,-,-,-,-,20160917,-
1043004,25409423,M436DRAFT_40699,M436DRAFT_40699,-,-,Unknown,-,18S rRNA biogenesis protein,protein-coding,-,-,-,-,20151212,-
1043004,25409424,M436DRAFT_40703,M436DRAFT_40703,-,-,Unknown,-,"sterol delta 5,6-desaturase ERG3",protein-coding,-,-,-,-,20160917,-
1043004,25409425,M436DRAFT_40706,M436DRAFT_40706,-,-,Unknown,-,hypothetical protein,protein-coding,-,-,-,-,20160325,-
1043004,25409426,M436DRAFT_40709,M436DRAFT_40709,-,-,Unknown,-,hypothetical protein,protein-coding,-,-,-,-,20160917,-
1043004,25409427,M436DRAFT_40710,M436DRAFT_40710,-,-,Unknown,-,hypothetical protein,protein-coding,-,-,-,-,20160917,-
1043004,25409428,M436DRAFT_40714,M436DRAFT_40714,-,-,Unknown,-,hypothetical protein,protein-coding,-,-,-,-,20160917,-
1043004,25409429,M436DRAFT_40716,M436DRAFT_40716,-,-,Unknown,-,WD40 repeat-like protein,protein-coding,-,-,-,-,20160917,-
1043004,25409430,M436DRAFT_40717,M436DRAFT_40717,-,-,Unknown,-,acyltransferase,protein-coding,-,-,-,-,20151212,-
1043004,25409431,M436DRAFT_40720,M436DRAFT_40720,-,-,Unknown,-,hypothetical protein,protein-coding,-,-,-,-,20160917,-
1043004,25409432,M436DRAFT_40721,M436DRAFT_40721,-,-,Unknown,-,NAD(P)-binding protein,protein-coding,-,-,-,-,20160917,-
1043004,25409433,M436DRAFT_40723,M436DRAFT_40723,-,-,Unknown,-,carbohydrate esterase family 4 protein,protein-coding,-,-,-,-,20160917,-
1043004,25409434,M436DRAFT_40724,M436DRAFT_40724,-,-,Unknown,-,AMP deaminase,protein-coding,-,-,-,-,20160917,-
1043004,25409435,M436DRAFT_40729,M436DRAFT_40729,-,-,Unknown,-,Di-copper centre-containing protein,protein-coding,-,-,-,-,20160917,-
1043004,25409436,M436DRAFT_40732,M436DRAFT_40732,-,-,Unknown,-,hypothetical protein,protein-coding,-,-,-,-,20160917,-
1043004,25409437,M436DRAFT_40760,M436DRAFT_40760,-,-,Unknown,-,hypothetical protein,protein-coding,-,-,-,-,20151104,-
1043004,25409438,M436DRAFT_40766,M436DRAFT_40766,-,-,Unknown,-,ATP-dependent protease La,protein-coding,-,-,-,-,20160917,-
1043004,25409439,M436DRAFT_40775,M436DRAFT_40775,-,-,Unknown,-,DUF1760-domain-containing protein,protein-coding,-,-,-,-,20160917,-
1043004,25409440,M436DRAFT_40794,M436DRAFT_40794,-,-,Unknown,-,MFS monocarboxylate transporter-like protein,protein-coding,-,-,-,-,20160917,-
1043004,25409441,M436DRAFT_40795,M436DRAFT_40795,-,-,Unknown,-,hypothetical protein,protein-coding,-,-,-,-,20160917,-
1043004,25409442,M436DRAFT_40800,M436DRAFT_40800,-,-,Unknown,-,cyanamide hydratase,protein-coding,-,-,-,-,20160917,-
1043004,25409443,M436DRAFT_40804,M436DRAFT_40804,-,-,Unknown,-,AMP-binding enzyme,protein-coding,-,-,-,-,20160917,-
1043004,25409444,M436DRAFT_40808,M436DRAFT_40808,-,-,Unknown,-,folic acid synthesis protein,protein-coding,-,-,-,-,20160917,-
1043004,25409445,M436DRAFT_40810,M436DRAFT_40810,-,-,Unknown,-,hypothetical protein,protein-coding,-,-,-,-,20151104,-
1043004,25409446,M436DRAFT_40818,M436DRAFT_40818,-,-,Unknown,-,concanavalin A-like lectin/glucanase,protein-coding,-,-,-,-,20151212,-
1043004,25409447,M436DRAFT_40820,M436DRAFT_40820,-,-,Unknown,-,hypothetical protein,protein-coding,-,-,-,-,20151104,-
1043004,25409448,M436DRAFT_40821,M436DRAFT_40821,-,-,Unknown,-,leukotriene A-4 hydrolase,protein-coding,-,-,-,-,20160917,-
1043004,25409449,M436DRAFT_40826,M436DRAFT_40826,-,-,Unknown,-,sugar porter family MFS transporter,protein-coding,-,-,-,-,20151212,-
1043004,25409450,M436DRAFT_40827,M436DRAFT_40827,-,-,Unknown,-,hypothetical protein,protein-coding,-,-,-,-,20160917,-
1043004,25409451,M436DRAFT_40828,M436DRAFT_40828,-,-,Unknown,-,hypothetical protein,protein-coding,-,-,-,-,20160917,-
1043004,25409452,M436DRAFT_40837,M436DRAFT_40837,-,-,Unknown,-,major facilitator superfamily transporter,protein-coding,-,-,-,-,20160917,-
1043004,25409453,M436DRAFT_40838,M436DRAFT_40838,-,-,Unknown,-,RGS-domain-containing protein,protein-coding,-,-,-,-,20151212,-
1043004,25409454,M436DRAFT_40846,M436DRAFT_40846,-,-,Unknown,-,rhomboid-domain-containing protein,protein-coding,-,-,-,-,20160917,-
1043004,25409455,M436DRAFT_40848,M436DRAFT_40848,-,-,Unknown,-,RNI-like protein,protein-coding,-,-,-,-,20151212,-
1043004,25409456,M436DRAFT_40856,M436DRAFT_40856,-,-,Unknown,-,protein arginine N-methyltransferase,protein-coding,-,-,-,-,20160917,-
1043004,25409457,M436DRAFT_40857,M436DRAFT_40857,-,-,Unknown,-,cytochrome p450 benzoate 4-monooxygenase,protein-coding,-,-,-,-,20160917,-
1043004,25409458,M436DRAFT_40861,M436DRAFT_40861,-,-,Unknown,-,hypothetical protein,protein-coding,-,-,-,-,20160917,-
1043004,25409459,M436DRAFT_40862,M436DRAFT_40862,-,-,Unknown,-,S-adenosyl-L-methionine-dependent methyltransferase,protein-coding,-,-,-,-,20160917,-
1043004,25409460,M436DRAFT_40870,M436DRAFT_40870,-,-,Unknown,-,hypothetical protein,protein-coding,-,-,-,-,20160917,-
1043004,25409461,M436DRAFT_40874,M436DRAFT_40874,-,-,Unknown,-,alkaline ceramidase,protein-coding,-,-,-,-,20160917,-
1043004,25409462,M436DRAFT_40875,M436DRAFT_40875,-,-,Unknown,-,hypothetical protein,protein-coding,-,-,-,-,20160917,-
1043004,25409463,M436DRAFT_40887,M436DRAFT_40887,-,-,Unknown,-,MFS general substrate transporter,protein-coding,-,-,-,-,20151212,-
1043004,25409464,M436DRAFT_40898,M436DRAFT_40898,-,-,Unknown,-,beta-lactamase/transpeptidase-like protein,protein-coding,-,-,-,-,20160917,-
1043004,25409465,M436DRAFT_40903,M436DRAFT_40903,-,-,Unknown,-,hypothetical protein,protein-coding,-,-,-,-,20160917,-
1043004,25409466,M436DRAFT_40904,M436DRAFT_40904,-,-,Unknown,-,hypothetical protein,protein-coding,-,-,-,-,20160917,-
1043004,25409467,M436DRAFT_40907,M436DRAFT_40907,-,-,Unknown,-,hypothetical protein,protein-coding,-,-,-,-,20151104,-
1043004,25409468,M436DRAFT_40913,M436DRAFT_40913,-,-,Unknown,-,hypothetical protein,protein-coding,-,-,-,-,20160917,-
1043004,25409469,M436DRAFT_40914,M436DRAFT_40914,-,-,Unknown,-,hypothetical protein,protein-coding,-,-,-,-,20160917,-
1043004,25409470,M436DRAFT_40919,M436DRAFT_40919,-,-,Unknown,-,hypothetical protein,protein-coding,-,-,-,-,20160917,-
1043004,25409471,M436DRAFT_40928,M436DRAFT_40928,-,-,Unknown,-,undecaprenyl diphosphate synthase family protein-like protein,protein-coding,-,-,-,-,20160325,-
1043004,25409472,M436DRAFT_40933,M436DRAFT_40933,-,-,Unknown,-,P-loop containing nucleoside triphosphate hydrolase protein,protein-coding,-,-,-,-,20160917,-
1043004,25409473,M436DRAFT_40936,M436DRAFT_40936,-,-,Unknown,-,hypothetical protein,protein-coding,-,-,-,-,20160917,-
1043004,25409474,M436DRAFT_40946,M436DRAFT_40946,-,-,Unknown,-,MYG1 protein-like protein,protein-coding,-,-,-,-,20160917,-
1043004,25409475,M436DRAFT_40949,M436DRAFT_40949,-,-,Unknown,-,amino acid transporter,protein-coding,-,-,-,-,20160917,-
1043004,25409476,M436DRAFT_40958,M436DRAFT_40958,-,-,Unknown,-,"1,2-dihydroxy-3-keto-5-methylthiopentene dioxygenase",protein-coding,-,-,-,-,20160917,-
1043004,25409477,M436DRAFT_40966,M436DRAFT_40966,-,-,Unknown,-,putative biotin synthase,protein-coding,-,-,-,-,20151212,-
1043004,25409478,M436DRAFT_40971,M436DRAFT_40971,-,-,Unknown,-,saccharopine reductase,protein-coding,-,-,-,-,20160917,-
1043004,25409479,M436DRAFT_40981,M436DRAFT_40981,-,-,Unknown,-,hypothetical protein,protein-coding,-,-,-,-,20151212,-
1043004,25409480,M436DRAFT_40982,M436DRAFT_40982,-,-,Unknown,-,hypothetical protein,protein-coding,-,-,-,-,20160917,-
1043004,25409481,M436DRAFT_40995,M436DRAFT_40995,-,-,Unknown,-,putative MFS multidrug transporter,protein-coding,-,-,-,-,20160917,-
1043004,25409482,M436DRAFT_40996,M436DRAFT_40996,-,-,Unknown,-,hydantoinase B/oxoprolinase,protein-coding,-,-,-,-,20160917,-
1043004,25409483,M436DRAFT_40999,M436DRAFT_40999,-,-,Unknown,-,hypothetical protein,protein-coding,-,-,-,-,20160917,-
1043004,25409484,M436DRAFT_41002,M436DRAFT_41002,-,-,Unknown,-,hypothetical protein,protein-coding,-,-,-,-,20160917,-
1043004,25409485,M436DRAFT_41007,M436DRAFT_41007,-,-,Unknown,-,hypothetical protein,protein-coding,-,-,-,-,20160917,-
1043004,25409486,M436DRAFT_41015,M436DRAFT_41015,-,-,Unknown,-,hypothetical protein,protein-coding,-,-,-,-,20160917,-
1043004,25409487,M436DRAFT_41016,M436DRAFT_41016,-,-,Unknown,-,hypothetical protein,protein-coding,-,-,-,-,20160917,-
1043004,25409488,M436DRAFT_41019,M436DRAFT_41019,-,-,Unknown,-,hypothetical protein,protein-coding,-,-,-,-,20160917,-
1043004,25409489,M436DRAFT_41021,M436DRAFT_41021,-,-,Unknown,-,ABC1-domain-containing protein,protein-coding,-,-,-,-,20151212,-
1043004,25409490,M436DRAFT_41025,M436DRAFT_41025,-,-,Unknown,-,hypothetical protein,protein-coding,-,-,-,-,20151104,-
1043004,25409491,M436DRAFT_41030,M436DRAFT_41030,-,-,Unknown,-,hypothetical protein,protein-coding,-,-,-,-,20160325,-
1043004,25409492,M436DRAFT_41034,M436DRAFT_41034,-,-,Unknown,-,FAD/NAD(P)-binding domain-containing protein,protein-coding,-,-,-,-,20151212,-
1043004,25409493,M436DRAFT_41045,M436DRAFT_41045,-,-,Unknown,-,MFS general substrate transporter,protein-coding,-,-,-,-,20151212,-
1043004,25409494,M436DRAFT_41052,M436DRAFT_41052,-,-,Unknown,-,hypothetical protein,protein-coding,-,-,-,-,20160917,-
1043004,25409495,M436DRAFT_41057,M436DRAFT_41057,-,-,Unknown,-,PH-domain-containing protein,protein-coding,-,-,-,-,20160917,-
1043004,25409496,M436DRAFT_41066,M436DRAFT_41066,-,-,Unknown,-,hypothetical protein,protein-coding,-,-,-,-,20160917,-
1043004,25409497,M436DRAFT_41087,M436DRAFT_41087,-,-,Unknown,-,hypothetical protein,protein-coding,-,-,-,-,20151104,-
1043004,25409498,M436DRAFT_41091,M436DRAFT_41091,-,-,Unknown,-,dihydroorotate dehydrogenase,protein-coding,-,-,-,-,20160917,-
1043004,25409499,M436DRAFT_41092,M436DRAFT_41092,-,-,Unknown,-,MFS general substrate transporter,protein-coding,-,-,-,-,20160917,-
1043004,25409500,M436DRAFT_41093,M436DRAFT_41093,-,-,Unknown,-,MFS general substrate transporter,protein-coding,-,-,-,-,20151212,-
1043004,25409501,M436DRAFT_41095,M436DRAFT_41095,-,-,Unknown,-,PLC-like phosphodiesterase,protein-coding,-,-,-,-,20160917,-
1043004,25409502,M436DRAFT_41097,M436DRAFT_41097,-,-,Unknown,-,hypothetical protein,protein-coding,-,-,-,-,20151104,-
1043004,25409503,M436DRAFT_41102,M436DRAFT_41102,-,-,Unknown,-,hypothetical protein,protein-coding,-,-,-,-,20151104,-
1043004,25409504,M436DRAFT_41121,M436DRAFT_41121,-,-,Unknown,-,amidase,protein-coding,-,-,-,-,20160917,-
1043004,25409505,M436DRAFT_41123,M436DRAFT_41123,-,-,Unknown,-,hypothetical protein,protein-coding,-,-,-,-,20151212,-
1043004,25409506,M436DRAFT_41132,M436DRAFT_41132,-,-,Unknown,-,methylenetetrahydrofolate reduct,protein-coding,-,-,-,-,20160917,-
1043004,25409507,M436DRAFT_41143,M436DRAFT_41143,-,-,Unknown,-,MFS general substrate transporter,protein-coding,-,-,-,-,20151212,-
1043004,25409508,M436DRAFT_41147,M436DRAFT_41147,-,-,Unknown,-,hypothetical protein,protein-coding,-,-,-,-,20160917,-
1043004,25409509,M436DRAFT_41157,M436DRAFT_41157,-,-,Unknown,-,AFG1-like ATPase,protein-coding,-,-,-,-,20160917,-
1043004,25409510,M436DRAFT_41158,M436DRAFT_41158,-,-,Unknown,-,hypothetical protein,protein-coding,-,-,-,-,20151104,-
1043004,25409511,M436DRAFT_41166,M436DRAFT_41166,-,-,Unknown,-,ATP-dependent metallopeptidase Hfl,protein-coding,-,-,-,-,20160917,-
1043004,25409512,M436DRAFT_41168,M436DRAFT_41168,-,-,Unknown,-,hypothetical protein,protein-coding,-,-,-,-,20160917,-
1043004,25409513,M436DRAFT_41170,M436DRAFT_41170,-,-,Unknown,-,hypothetical protein,protein-coding,-,-,-,-,20151212,-
1043004,25409514,M436DRAFT_41173,M436DRAFT_41173,-,-,Unknown,-,P-loop containing nucleoside triphosphate hydrolase protein,protein-coding,-,-,-,-,20160917,-
1043004,25409515,M436DRAFT_41174,M436DRAFT_41174,-,-,Unknown,-,2-oxoglutarate dehydrogenase-like protein E1 component,protein-coding,-,-,-,-,20160917,-
1043004,25409516,M436DRAFT_41177,M436DRAFT_41177,-,-,Unknown,-,mandelate racemase/muconate lactonizing enzyme family protein,protein-coding,-,-,-,-,20151212,-
1043004,25409517,M436DRAFT_41180,M436DRAFT_41180,-,-,Unknown,-,hypothetical protein,protein-coding,-,-,-,-,20151212,-
1043004,25409518,M436DRAFT_41182,M436DRAFT_41182,-,-,Unknown,-,hypothetical protein,protein-coding,-,-,-,-,20160917,-
1043004,25409519,M436DRAFT_41193,M436DRAFT_41193,-,-,Unknown,-,hypothetical protein,protein-coding,-,-,-,-,20151104,-
1043004,25409520,M436DRAFT_41199,M436DRAFT_41199,-,-,Unknown,-,hypothetical protein,protein-coding,-,-,-,-,20160917,-
1043004,25409521,M436DRAFT_41201,M436DRAFT_41201,-,-,Unknown,-,Arv1-like protein,protein-coding,-,-,-,-,20160917,-
1043004,25409522,M436DRAFT_41203,M436DRAFT_41203,-,-,Unknown,-,putative delta-9 desaturase,protein-coding,-,-,-,-,20160917,-
1043004,25409523,M436DRAFT_41205,M436DRAFT_41205,-,-,Unknown,-,mediator of RNA polymerase II transcription subunit 10,protein-coding,-,-,-,-,20160917,-
1043004,25409524,M436DRAFT_41206,M436DRAFT_41206,-,-,Unknown,-,hypothetical protein,protein-coding,-,-,-,-,20151104,-
1043004,25409525,M436DRAFT_41211,M436DRAFT_41211,-,-,Unknown,-,zinc-binding protein of the histidine triad,protein-coding,-,-,-,-,20151212,-
1043004,25409526,M436DRAFT_41212,M436DRAFT_41212,-,-,Unknown,-,P-loop containing nucleoside triphosphate hydrolase protein,protein-coding,-,-,-,-,20160917,-
1043004,25409527,M436DRAFT_41217,M436DRAFT_41217,-,-,Unknown,-,Triosephosphate isomerase,protein-coding,-,-,-,-,20151212,-
1043004,25409528,M436DRAFT_41243,M436DRAFT_41243,-,-,Unknown,-,bis-tetraphosphatase,protein-coding,-,-,-,-,20151212,-
1043004,25409529,M436DRAFT_41245,M436DRAFT_41245,-,-,Unknown,-,NAD(P)-binding protein,protein-coding,-,-,-,-,20160917,-
1043004,25409530,M436DRAFT_41252,M436DRAFT_41252,-,-,Unknown,-,vacuolar protein sorting-associated protein 16,protein-coding,-,-,-,-,20160917,-
1043004,25409531,M436DRAFT_41261,M436DRAFT_41261,-,-,Unknown,-,ROT1-like protein,protein-coding,-,-,-,-,20160917,-
1043004,25409532,M436DRAFT_41266,M436DRAFT_41266,-,-,Unknown,-,hypothetical protein,protein-coding,-,-,-,-,20160917,-
1043004,25409533,M436DRAFT_41269,M436DRAFT_41269,-,-,Unknown,-,methionyl-tRNA synthetase,protein-coding,-,-,-,-,20151212,-
1043004,25409534,M436DRAFT_41278,M436DRAFT_41278,-,-,Unknown,-,PH domain-like protein,protein-coding,-,-,-,-,20160325,-
1043004,25409535,M436DRAFT_41282,M436DRAFT_41282,-,-,Unknown,-,hypothetical protein,protein-coding,-,-,-,-,20151104,-
1043004,25409536,M436DRAFT_41289,M436DRAFT_41289,-,-,Unknown,-,transcription initiation factor IIE subunit beta,protein-coding,-,-,-,-,20160917,-
1043004,25409537,M436DRAFT_41293,M436DRAFT_41293,-,-,Unknown,-,hypothetical protein,protein-coding,-,-,-,-,20160917,-
1043004,25409538,M436DRAFT_41303,M436DRAFT_41303,-,-,Unknown,-,S-adenosyl-L-methionine-dependent methyltransferase,protein-coding,-,-,-,-,20160917,-
1043004,25409539,M436DRAFT_41306,M436DRAFT_41306,-,-,Unknown,-,hypothetical protein,protein-coding,-,-,-,-,20160917,-
1043004,25409540,M436DRAFT_41307,M436DRAFT_41307,-,-,Unknown,-,major facilitator superfamily transporter,protein-coding,-,-,-,-,20151212,-
1043004,25409541,M436DRAFT_41309,M436DRAFT_41309,-,-,Unknown,-,hypothetical protein,protein-coding,-,-,-,-,20160917,-
1043004,25409542,M436DRAFT_41312,M436DRAFT_41312,-,-,Unknown,-,WD40 repeat-like protein,protein-coding,-,-,-,-,20160917,-
1043004,25409543,M436DRAFT_41318,M436DRAFT_41318,-,-,Unknown,-,glutathione S-transferase domain-containing protein,protein-coding,-,-,-,-,20160917,-
1043004,25409544,M436DRAFT_41331,M436DRAFT_41331,-,-,Unknown,-,PLP-dependent transferase,protein-coding,-,-,-,-,20160917,-
1043004,25409545,M436DRAFT_41332,M436DRAFT_41332,-,-,Unknown,-,hypothetical protein,protein-coding,-,-,-,-,20151104,-
1043004,25409546,M436DRAFT_41337,M436DRAFT_41337,-,-,Unknown,-,sterol glucosyltransferase,protein-coding,-,-,-,-,20160917,-
1043004,25409547,M436DRAFT_41353,M436DRAFT_41353,-,-,Unknown,-,"mannan endo-1,6-alpha-mannosidase DCW1 precursor",protein-coding,-,-,-,-,20160917,-
1043004,25409548,M436DRAFT_41365,M436DRAFT_41365,-,-,Unknown,-,monooxygenase,protein-coding,-,-,-,-,20160917,-
1043004,25409549,M436DRAFT_41367,M436DRAFT_41367,-,-,Unknown,-,alpha/beta-hydrolase,protein-coding,-,-,-,-,20160917,-
1043004,25409550,M436DRAFT_41375,M436DRAFT_41375,-,-,Unknown,-,alpha/beta-hydrolase,protein-coding,-,-,-,-,20160917,-
1043004,25409551,M436DRAFT_41377,M436DRAFT_41377,-,-,Unknown,-,NAD(P)-binding protein,protein-coding,-,-,-,-,20160325,-
1043004,25409552,M436DRAFT_41383,M436DRAFT_41383,-,-,Unknown,-,arsenical-resistance protein,protein-coding,-,-,-,-,20160917,-
1043004,25409553,M436DRAFT_41385,M436DRAFT_41385,-,-,Unknown,-,putative tRNA threonylcarbamoyladenosine biosynthesis protein KAE1,protein-coding,-,-,-,-,20160917,-
1043004,25409554,M436DRAFT_41391,M436DRAFT_41391,-,-,Unknown,-,hypothetical protein,protein-coding,-,-,-,-,20160917,-
1043004,25409555,M436DRAFT_41392,M436DRAFT_41392,-,-,Unknown,-,DUF676-domain-containing protein,protein-coding,-,-,-,-,20160917,-
1043004,25409556,M436DRAFT_41410,M436DRAFT_41410,-,-,Unknown,-,general substrate transporter,protein-coding,-,-,-,-,20160917,-
1043004,25409557,M436DRAFT_41412,M436DRAFT_41412,-,-,Unknown,-,catechol dioxygenase,protein-coding,-,-,-,-,20151212,-
1043004,25409558,M436DRAFT_41420,M436DRAFT_41420,-,-,Unknown,-,hypothetical protein,protein-coding,-,-,-,-,20160917,-
1043004,25409559,M436DRAFT_41423,M436DRAFT_41423,-,-,Unknown,-,xylanase,protein-coding,-,-,-,-,20160917,-
1043004,25409560,M436DRAFT_41426,M436DRAFT_41426,-,-,Unknown,-,DUF1749-domain-containing protein,protein-coding,-,-,-,-,20160917,-
1043004,25409561,M436DRAFT_41428,M436DRAFT_41428,-,-,Unknown,-,methyltransferase-like protein-like protein 10,protein-coding,-,-,-,-,20160917,-
1043004,25409562,M436DRAFT_41437,M436DRAFT_41437,-,-,Unknown,-,hypothetical protein,protein-coding,-,-,-,-,20160917,-
1043004,25409563,M436DRAFT_41442,M436DRAFT_41442,-,-,Unknown,-,hypothetical protein,protein-coding,-,-,-,-,20160917,-
1043004,25409564,M436DRAFT_41450,M436DRAFT_41450,-,-,Unknown,-,Utp14-domain-containing protein,protein-coding,-,-,-,-,20160917,-
1043004,25409565,M436DRAFT_41451,M436DRAFT_41451,-,-,Unknown,-,glycogen synthase,protein-coding,-,-,-,-,20160917,-
1043004,25409566,M436DRAFT_41462,M436DRAFT_41462,-,-,Unknown,-,ankyrin repeat protein,protein-coding,-,-,-,-,20160917,-
1043004,25409567,M436DRAFT_41469,M436DRAFT_41469,-,-,Unknown,-,hypothetical protein,protein-coding,-,-,-,-,20160917,-
1043004,25409568,M436DRAFT_41472,M436DRAFT_41472,-,-,Unknown,-,hypothetical protein,protein-coding,-,-,-,-,20151104,-
1043004,25409569,M436DRAFT_41476,M436DRAFT_41476,-,-,Unknown,-,WSC-domain-containing protein,protein-coding,-,-,-,-,20160917,-
1043004,25409570,M436DRAFT_41487,M436DRAFT_41487,-,-,Unknown,-,hypothetical protein,protein-coding,-,-,-,-,20160917,-
1043004,25409571,M436DRAFT_41498,M436DRAFT_41498,-,-,Unknown,-,hypothetical protein,protein-coding,-,-,-,-,20160325,-
1043004,25409572,M436DRAFT_41504,M436DRAFT_41504,-,-,Unknown,-,succinyl-CoA:3-ketoacid-coenzyme A transferas-like protein,protein-coding,-,-,-,-,20160917,-
1043004,25409573,M436DRAFT_41510,M436DRAFT_41510,-,-,Unknown,-,hypothetical protein,protein-coding,-,-,-,-,20160917,-
1043004,25409574,M436DRAFT_41512,M436DRAFT_41512,-,-,Unknown,-,hypothetical protein,protein-coding,-,-,-,-,20160917,-
1043004,25409575,M436DRAFT_41517,M436DRAFT_41517,-,-,Unknown,-,hypothetical protein,protein-coding,-,-,-,-,20160917,-
1043004,25409576,M436DRAFT_41550,M436DRAFT_41550,-,-,Unknown,-,hypothetical protein,protein-coding,-,-,-,-,20160917,-
1043004,25409577,M436DRAFT_41553,M436DRAFT_41553,-,-,Unknown,-,NAD kinase,protein-coding,-,-,-,-,20160917,-
1043004,25409578,M436DRAFT_41556,M436DRAFT_41556,-,-,Unknown,-,hypothetical protein,protein-coding,-,-,-,-,20160917,-
1043004,25409579,M436DRAFT_41567,M436DRAFT_41567,-,-,Unknown,-,hypothetical protein,protein-coding,-,-,-,-,20151104,-
1043004,25409580,M436DRAFT_41573,M436DRAFT_41573,-,-,Unknown,-,cysteine dioxygenase type I,protein-coding,-,-,-,-,20160917,-
1043004,25409581,M436DRAFT_41576,M436DRAFT_41576,-,-,Unknown,-,"putative beta-1,3-glucan-binding protein",protein-coding,-,-,-,-,20160917,-
1043004,25409582,M436DRAFT_41585,M436DRAFT_41585,-,-,Unknown,-,hypothetical protein,protein-coding,-,-,-,-,20151104,-
1043004,25409583,M436DRAFT_41590,M436DRAFT_41590,-,-,Unknown,-,hypothetical protein,protein-coding,-,-,-,-,20151104,-
1043004,25409584,M436DRAFT_41591,M436DRAFT_41591,-,-,Unknown,-,Metallo-dependent phosphatase,protein-coding,-,-,-,-,20151212,-
1043004,25409585,M436DRAFT_41596,M436DRAFT_41596,-,-,Unknown,-,hypothetical protein,protein-coding,-,-,-,-,20160917,-
1043004,25409586,M436DRAFT_41599,M436DRAFT_41599,-,-,Unknown,-,hypothetical protein,protein-coding,-,-,-,-,20151104,-
1043004,25409587,M436DRAFT_41601,M436DRAFT_41601,-,-,Unknown,-,multifunctional beta-oxidation protein-like protein,protein-coding,-,-,-,-,20151212,-
1043004,25409588,M436DRAFT_41604,M436DRAFT_41604,-,-,Unknown,-,cobW-domain-containing protein,protein-coding,-,-,-,-,20160917,-
1043004,25409589,M436DRAFT_41610,M436DRAFT_41610,-,-,Unknown,-,hypothetical protein,protein-coding,-,-,-,-,20160917,-
1043004,25409590,M436DRAFT_41615,M436DRAFT_41615,-,-,Unknown,-,hypothetical protein,protein-coding,-,-,-,-,20160917,-
1043004,25409591,M436DRAFT_41616,M436DRAFT_41616,-,-,Unknown,-,nor-1,protein-coding,-,-,-,-,20160917,-
1043004,25409592,M436DRAFT_41631,M436DRAFT_41631,-,-,Unknown,-,hypothetical protein,protein-coding,-,-,-,-,20160917,-
1043004,25409593,M436DRAFT_41635,M436DRAFT_41635,-,-,Unknown,-,WD40 repeat-like protein,protein-coding,-,-,-,-,20160917,-
1043004,25409594,M436DRAFT_41637,M436DRAFT_41637,-,-,Unknown,-,hypothetical protein,protein-coding,-,-,-,-,20160325,-
1043004,25409595,M436DRAFT_41638,M436DRAFT_41638,-,-,Unknown,-,DUF1766-domain-containing protein,protein-coding,-,-,-,-,20160917,-
1043004,25409596,M436DRAFT_41639,M436DRAFT_41639,-,-,Unknown,-,hypothetical protein,protein-coding,-,-,-,-,20160917,-
1043004,25409597,M436DRAFT_41642,M436DRAFT_41642,-,-,Unknown,-,"putative eukaryotic translation initiation factor 3, gamma subunit",protein-coding,-,-,-,-,20160917,-
1043004,25409598,M436DRAFT_41649,M436DRAFT_41649,-,-,Unknown,-,hypothetical protein,protein-coding,-,-,-,-,20160917,-
1043004,25409599,M436DRAFT_41654,M436DRAFT_41654,-,-,Unknown,-,nuclear pore complex protein Nup155,protein-coding,-,-,-,-,20160917,-
1043004,25409600,M436DRAFT_41658,M436DRAFT_41658,-,-,Unknown,-,formyl-coenzyme A transferase,protein-coding,-,-,-,-,20151212,-
1043004,25409601,M436DRAFT_41668,M436DRAFT_41668,-,-,Unknown,-,hypothetical protein,protein-coding,-,-,-,-,20160917,-
1043004,25409602,M436DRAFT_41683,M436DRAFT_41683,-,-,Unknown,-,Pet127-domain-containing protein,protein-coding,-,-,-,-,20160917,-
1043004,25409603,M436DRAFT_41689,M436DRAFT_41689,-,-,Unknown,-,hypothetical protein,protein-coding,-,-,-,-,20160917,-
1043004,25409604,M436DRAFT_41696,M436DRAFT_41696,-,-,Unknown,-,hypothetical protein,protein-coding,-,-,-,-,20160917,-
1043004,25409605,M436DRAFT_41702,M436DRAFT_41702,-,-,Unknown,-,ubiquinone biosynthesis O-methyltransferase,protein-coding,-,-,-,-,20160917,-
1043004,25409606,M436DRAFT_41703,M436DRAFT_41703,-,-,Unknown,-,hypothetical protein,protein-coding,-,-,-,-,20160917,-
1043004,25409607,M436DRAFT_41709,M436DRAFT_41709,-,-,Unknown,-,hypothetical protein,protein-coding,-,-,-,-,20151104,-
1043004,25409608,M436DRAFT_41711,M436DRAFT_41711,-,-,Unknown,-,RCC1/BLIP-II protein,protein-coding,-,-,-,-,20160917,-
1043004,25409609,M436DRAFT_41713,M436DRAFT_41713,-,-,Unknown,-,hypothetical protein,protein-coding,-,-,-,-,20151104,-
1043004,25409610,M436DRAFT_41714,M436DRAFT_41714,-,-,Unknown,-,hypothetical protein,protein-coding,-,-,-,-,20160917,-
1043004,25409611,M436DRAFT_41720,M436DRAFT_41720,-,-,Unknown,-,putative heavy metal ion transporter,protein-coding,-,-,-,-,20151212,-
1043004,25409612,M436DRAFT_41722,M436DRAFT_41722,-,-,Unknown,-,fungal transcriptional regulatory protein,protein-coding,-,-,-,-,20160917,-
1043004,25409613,M436DRAFT_41728,M436DRAFT_41728,-,-,Unknown,-,putative MFS transporter,protein-coding,-,-,-,-,20160917,-
1043004,25409614,M436DRAFT_41733,M436DRAFT_41733,-,-,Unknown,-,hypothetical protein,protein-coding,-,-,-,-,20160325,-
1043004,25409615,M436DRAFT_41739,M436DRAFT_41739,-,-,Unknown,-,hypothetical protein,protein-coding,-,-,-,-,20160917,-
1043004,25409616,M436DRAFT_41740,M436DRAFT_41740,-,-,Unknown,-,putative zinc metalloprotease,protein-coding,-,-,-,-,20160917,-
1043004,25409617,M436DRAFT_41742,M436DRAFT_41742,-,-,Unknown,-,putative 2-methylcitrate dehydratase,protein-coding,-,-,-,-,20151212,-
1043004,25409618,M436DRAFT_41749,M436DRAFT_41749,-,-,Unknown,-,FAD/NAD(P)-binding domain-containing protein,protein-coding,-,-,-,-,20160917,-
1043004,25409619,M436DRAFT_41755,M436DRAFT_41755,-,-,Unknown,-,hypothetical protein,protein-coding,-,-,-,-,20151104,-
1043004,25409620,M436DRAFT_41756,M436DRAFT_41756,-,-,Unknown,-,hypothetical protein,protein-coding,-,-,-,-,20160917,-
1043004,25409621,M436DRAFT_41761,M436DRAFT_41761,-,-,Unknown,-,thioredoxin-like protein,protein-coding,-,-,-,-,20151212,-
1043004,25409622,M436DRAFT_41771,M436DRAFT_41771,-,-,Unknown,-,hypothetical protein,protein-coding,-,-,-,-,20160917,-
1043004,25409623,M436DRAFT_41785,M436DRAFT_41785,-,-,Unknown,-,hypothetical protein,protein-coding,-,-,-,-,20160917,-
1043004,25409624,M436DRAFT_41787,M436DRAFT_41787,-,-,Unknown,-,MFS general substrate transporter,protein-coding,-,-,-,-,20160917,-
1043004,25409625,M436DRAFT_41797,M436DRAFT_41797,-,-,Unknown,-,hypothetical protein,protein-coding,-,-,-,-,20160917,-
1043004,25409626,M436DRAFT_41808,M436DRAFT_41808,-,-,Unknown,-,hypothetical protein,protein-coding,-,-,-,-,20151104,-
1043004,25409627,M436DRAFT_41809,M436DRAFT_41809,-,-,Unknown,-,hypothetical protein,protein-coding,-,-,-,-,20151104,-
1043004,25409628,M436DRAFT_41814,M436DRAFT_41814,-,-,Unknown,-,DER1-domain-containing protein,protein-coding,-,-,-,-,20160917,-
1043004,25409629,M436DRAFT_41819,M436DRAFT_41819,-,-,Unknown,-,P-loop containing nucleoside triphosphate hydrolase protein,protein-coding,-,-,-,-,20151212,-
1043004,25409630,M436DRAFT_41823,M436DRAFT_41823,-,-,Unknown,-,hypothetical protein,protein-coding,-,-,-,-,20160917,-
1043004,25409631,M436DRAFT_41831,M436DRAFT_41831,-,-,Unknown,-,hypothetical protein,protein-coding,-,-,-,-,20160917,-
1043004,25409632,M436DRAFT_41835,M436DRAFT_41835,-,-,Unknown,-,hypothetical protein,protein-coding,-,-,-,-,20160917,-
1043004,25409633,M436DRAFT_41840,M436DRAFT_41840,-,-,Unknown,-,FAD/NAD(P)-binding domain-containing protein,protein-coding,-,-,-,-,20160917,-
1043004,25409634,M436DRAFT_41842,M436DRAFT_41842,-,-,Unknown,-,Metallo-dependent phosphatase,protein-coding,-,-,-,-,20151212,-
1043004,25409635,M436DRAFT_41843,M436DRAFT_41843,-,-,Unknown,-,mannosyltransferase,protein-coding,-,-,-,-,20160917,-
1043004,25409636,M436DRAFT_41853,M436DRAFT_41853,-,-,Unknown,-,phospholipase D/nuclease,protein-coding,-,-,-,-,20160917,-
1043004,25409637,M436DRAFT_41855,M436DRAFT_41855,-,-,Unknown,-,hypothetical protein,protein-coding,-,-,-,-,20160325,-
1043004,25409638,M436DRAFT_41856,M436DRAFT_41856,-,-,Unknown,-,hypothetical protein,protein-coding,-,-,-,-,20151104,-
1043004,25409639,M436DRAFT_41870,M436DRAFT_41870,-,-,Unknown,-,hypothetical protein,protein-coding,-,-,-,-,20151104,-
1043004,25409640,M436DRAFT_41872,M436DRAFT_41872,-,-,Unknown,-,small nuclear ribonucleo protein E,protein-coding,-,-,-,-,20151212,-
1043004,25409641,M436DRAFT_41874,M436DRAFT_41874,-,-,Unknown,-,putative spermidine synthase,protein-coding,-,-,-,-,20160917,-
1043004,25409642,M436DRAFT_41875,M436DRAFT_41875,-,-,Unknown,-,adenine nucleotide alpha hydrolases-like protein,protein-coding,-,-,-,-,20160917,-
1043004,25409643,M436DRAFT_41879,M436DRAFT_41879,-,-,Unknown,-,hypothetical protein,protein-coding,-,-,-,-,20151104,-
1043004,25409644,M436DRAFT_41893,M436DRAFT_41893,-,-,Unknown,-,O-methyltransferas-like protein family 3,protein-coding,-,-,-,-,20160917,-
1043004,25409645,M436DRAFT_41895,M436DRAFT_41895,-,-,Unknown,-,hypothetical protein,protein-coding,-,-,-,-,20151104,-
1043004,25409646,M436DRAFT_41898,M436DRAFT_41898,-,-,Unknown,-,calcium-dependent phosphotriesterase,protein-coding,-,-,-,-,20160917,-
1043004,25409647,M436DRAFT_41901,M436DRAFT_41901,-,-,Unknown,-,hypothetical protein,protein-coding,-,-,-,-,20160917,-
1043004,25409648,M436DRAFT_41911,M436DRAFT_41911,-,-,Unknown,-,DENN-domain-containing protein,protein-coding,-,-,-,-,20160917,-
1043004,25409649,M436DRAFT_41919,M436DRAFT_41919,-,-,Unknown,-,HAD-like protein,protein-coding,-,-,-,-,20160917,-
1043004,25409650,M436DRAFT_41923,M436DRAFT_41923,-,-,Unknown,-,heme oxygenase-like protein,protein-coding,-,-,-,-,20160917,-
1043004,25409651,M436DRAFT_41934,M436DRAFT_41934,-,-,Unknown,-,hypothetical protein,protein-coding,-,-,-,-,20151104,-
1043004,25409652,M436DRAFT_41936,M436DRAFT_41936,-,-,Unknown,-,hypothetical protein,protein-coding,-,-,-,-,20160917,-
1043004,25409653,M436DRAFT_41945,M436DRAFT_41945,-,-,Unknown,-,hypothetical protein,protein-coding,-,-,-,-,20160917,-
1043004,25409654,M436DRAFT_41948,M436DRAFT_41948,-,-,Unknown,-,arad-like aldolase/epimerase,protein-coding,-,-,-,-,20160917,-
1043004,25409655,M436DRAFT_41950,M436DRAFT_41950,-,-,Unknown,-,ATP-binding cassette sub-family F member 2,protein-coding,-,-,-,-,20160917,-
1043004,25409656,M436DRAFT_41954,M436DRAFT_41954,-,-,Unknown,-,kinase-like protein,protein-coding,-,-,-,-,20151212,-
1043004,25409657,M436DRAFT_41957,M436DRAFT_41957,-,-,Unknown,-,hypothetical protein,protein-coding,-,-,-,-,20151104,-
1043004,25409658,M436DRAFT_41962,M436DRAFT_41962,-,-,Unknown,-,hypothetical protein,protein-coding,-,-,-,-,20160917,-
1043004,25409659,M436DRAFT_41965,M436DRAFT_41965,-,-,Unknown,-,NAD(P)-binding protein,protein-coding,-,-,-,-,20160917,-
1043004,25409660,M436DRAFT_41972,M436DRAFT_41972,-,-,Unknown,-,major facilitator superfamily transporter,protein-coding,-,-,-,-,20160325,-
1043004,25409661,M436DRAFT_41973,M436DRAFT_41973,-,-,Unknown,-,hypothetical protein,protein-coding,-,-,-,-,20151104,-
1043004,25409662,M436DRAFT_41981,M436DRAFT_41981,-,-,Unknown,-,putative alcohol dehydrogenase,protein-coding,-,-,-,-,20151212,-
1043004,25409663,M436DRAFT_41987,M436DRAFT_41987,-,-,Unknown,-,hypothetical protein,protein-coding,-,-,-,-,20160917,-
1043004,25409664,M436DRAFT_41988,M436DRAFT_41988,-,-,Unknown,-,hypothetical protein,protein-coding,-,-,-,-,20160917,-
1043004,25409665,M436DRAFT_41996,M436DRAFT_41996,-,-,Unknown,-,hypothetical protein,protein-coding,-,-,-,-,20160917,-
1043004,25409666,M436DRAFT_42009,M436DRAFT_42009,-,-,Unknown,-,hypothetical protein,protein-coding,-,-,-,-,20151104,-
1043004,25409667,M436DRAFT_42011,M436DRAFT_42011,-,-,Unknown,-,histone-fold-containing protein,protein-coding,-,-,-,-,20160917,-
1043004,25409668,M436DRAFT_42012,M436DRAFT_42012,-,-,Unknown,-,hypothetical protein,protein-coding,-,-,-,-,20160917,-
1043004,25409669,M436DRAFT_42018,M436DRAFT_42018,-,-,Unknown,-,cytochrome c peroxidase-like protein,protein-coding,-,-,-,-,20160917,-
1043004,25409670,M436DRAFT_42025,M436DRAFT_42025,-,-,Unknown,-,hypothetical protein,protein-coding,-,-,-,-,20160917,-
1043004,25409671,M436DRAFT_42040,M436DRAFT_42040,-,-,Unknown,-,MFS general substrate transporter,protein-coding,-,-,-,-,20160917,-
1043004,25409672,M436DRAFT_42046,M436DRAFT_42046,-,-,Unknown,-,hypothetical protein,protein-coding,-,-,-,-,20151104,-
1043004,25409673,M436DRAFT_42061,M436DRAFT_42061,-,-,Unknown,-,hypothetical protein,protein-coding,-,-,-,-,20160917,-
1043004,25409674,M436DRAFT_42062,M436DRAFT_42062,-,-,Unknown,-,aldehyde dehydrogenase,protein-coding,-,-,-,-,20151212,-
1043004,25409675,M436DRAFT_42072,M436DRAFT_42072,-,-,Unknown,-,hypothetical protein,protein-coding,-,-,-,-,20160917,-
1043004,25409676,M436DRAFT_42078,M436DRAFT_42078,-,-,Unknown,-,hypothetical protein,protein-coding,-,-,-,-,20160917,-
1043004,25409677,M436DRAFT_42080,M436DRAFT_42080,-,-,Unknown,-,FAD/NAD(P)-binding domain-containing protein,protein-coding,-,-,-,-,20160917,-
1043004,25409678,M436DRAFT_42085,M436DRAFT_42085,-,-,Unknown,-,Rhodanese-like protein,protein-coding,-,-,-,-,20160917,-
1043004,25409679,M436DRAFT_42090,M436DRAFT_42090,-,-,Unknown,-,ARM repeat-containing protein,protein-coding,-,-,-,-,20160917,-
1043004,25409680,M436DRAFT_42093,M436DRAFT_42093,-,-,Unknown,-,kinase-like protein,protein-coding,-,-,-,-,20160917,-
1043004,25409681,M436DRAFT_42095,M436DRAFT_42095,-,-,Unknown,-,sterol C-22 desaturase,protein-coding,-,-,-,-,20151212,-
1043004,25409682,M436DRAFT_42111,M436DRAFT_42111,-,-,Unknown,-,AAA ATPase,protein-coding,-,-,-,-,20160917,-
1043004,25409683,M436DRAFT_42114,M436DRAFT_42114,-,-,Unknown,-,hypothetical protein,protein-coding,-,-,-,-,20151104,-
1043004,25409684,M436DRAFT_42115,M436DRAFT_42115,-,-,Unknown,-,DNA replication licensing factor mcm5,protein-coding,-,-,-,-,20160917,-
1043004,25409685,M436DRAFT_42131,M436DRAFT_42131,-,-,Unknown,-,hypothetical protein,protein-coding,-,-,-,-,20160917,-
1043004,25409686,M436DRAFT_42133,M436DRAFT_42133,-,-,Unknown,-,hypothetical protein,protein-coding,-,-,-,-,20151104,-
1043004,25409687,M436DRAFT_42136,M436DRAFT_42136,-,-,Unknown,-,RNase III domain protein,protein-coding,-,-,-,-,20160917,-
1043004,25409688,M436DRAFT_42140,M436DRAFT_42140,-,-,Unknown,-,glycoside hydrolase family 62 protein,protein-coding,-,-,-,-,20160917,-
1043004,25409689,M436DRAFT_42142,M436DRAFT_42142,-,-,Unknown,-,hypothetical protein,protein-coding,-,-,-,-,20160917,-
1043004,25409690,M436DRAFT_42149,M436DRAFT_42149,-,-,Unknown,-,hypothetical protein,protein-coding,-,-,-,-,20151104,-
1043004,25409691,M436DRAFT_42151,M436DRAFT_42151,-,-,Unknown,-,Pkinase-domain-containing protein,protein-coding,-,-,-,-,20151212,-
1043004,25409692,M436DRAFT_42154,M436DRAFT_42154,-,-,Unknown,-,alpha/beta-hydrolase,protein-coding,-,-,-,-,20160917,-
1043004,25409693,M436DRAFT_42170,M436DRAFT_42170,-,-,Unknown,-,HAD-superfamily phosphatase,protein-coding,-,-,-,-,20160917,-
1043004,25409694,M436DRAFT_42174,M436DRAFT_42174,-,-,Unknown,-,hypothetical protein,protein-coding,-,-,-,-,20151212,-
1043004,25409695,M436DRAFT_42180,M436DRAFT_42180,-,-,Unknown,-,oxalate/formate antiporter,protein-coding,-,-,-,-,20160917,-
1043004,25409696,M436DRAFT_42183,M436DRAFT_42183,-,-,Unknown,-,FtsJ-domain-containing protein,protein-coding,-,-,-,-,20151212,-
1043004,25409697,M436DRAFT_42188,M436DRAFT_42188,-,-,Unknown,-,hypothetical protein,protein-coding,-,-,-,-,20160325,-
1043004,25409698,M436DRAFT_42192,M436DRAFT_42192,-,-,Unknown,-,hypothetical protein,protein-coding,-,-,-,-,20151212,-
1043004,25409699,M436DRAFT_42195,M436DRAFT_42195,-,-,Unknown,-,sulfite oxidase-like protein,protein-coding,-,-,-,-,20160917,-
1043004,25409700,M436DRAFT_42196,M436DRAFT_42196,-,-,Unknown,-,hypothetical protein,protein-coding,-,-,-,-,20160325,-
1043004,25409701,M436DRAFT_42197,M436DRAFT_42197,-,-,Unknown,-,GroES-like protein,protein-coding,-,-,-,-,20151212,-
1043004,25409702,M436DRAFT_42198,M436DRAFT_42198,-,-,Unknown,-,hypothetical protein,protein-coding,-,-,-,-,20151104,-
1043004,25409703,M436DRAFT_42201,M436DRAFT_42201,-,-,Unknown,-,arginine N-methyltransferase 2,protein-coding,-,-,-,-,20160917,-
1043004,25409704,M436DRAFT_42203,M436DRAFT_42203,-,-,Unknown,-,"histone cluster 1, H3g protein",protein-coding,-,-,-,-,20170908,-
1043004,25409705,M436DRAFT_42205,M436DRAFT_42205,-,-,Unknown,-,hypothetical protein,protein-coding,-,-,-,-,20160917,-
1043004,25409706,M436DRAFT_42217,M436DRAFT_42217,-,-,Unknown,-,pyruvate dehydrogenase kinase,protein-coding,-,-,-,-,20160917,-
1043004,25409707,M436DRAFT_42220,M436DRAFT_42220,-,-,Unknown,-,tRNA methyltransferase complex GCD14 subunit,protein-coding,-,-,-,-,20160917,-
1043004,25409708,M436DRAFT_42222,M436DRAFT_42222,-,-,Unknown,-,GARP complex component,protein-coding,-,-,-,-,20160917,-
1043004,25409709,M436DRAFT_42223,M436DRAFT_42223,-,-,Unknown,-,ribosome biogenesis protein Nop10,protein-coding,-,-,-,-,20160917,-
1043004,25409710,M436DRAFT_42232,M436DRAFT_42232,-,-,Unknown,-,DEAD/DEAH box helicase-like protein,protein-coding,-,-,-,-,20160917,-
1043004,25409711,M436DRAFT_42234,M436DRAFT_42234,-,-,Unknown,-,Dak kinase,protein-coding,-,-,-,-,20160917,-
1043004,25409712,M436DRAFT_42240,M436DRAFT_42240,-,-,Unknown,-,haloacid dehalogenase,protein-coding,-,-,-,-,20160917,-
1043004,25409713,M436DRAFT_42243,M436DRAFT_42243,-,-,Unknown,-,hypothetical protein,protein-coding,-,-,-,-,20160917,-
1043004,25409714,M436DRAFT_42245,M436DRAFT_42245,-,-,Unknown,-,hypothetical protein,protein-coding,-,-,-,-,20160917,-
1043004,25409715,M436DRAFT_42248,M436DRAFT_42248,-,-,Unknown,-,Pkinase-domain-containing protein,protein-coding,-,-,-,-,20151212,-
1043004,25409716,M436DRAFT_42251,M436DRAFT_42251,-,-,Unknown,-,hypothetical protein,protein-coding,-,-,-,-,20160917,-
1043004,25409717,M436DRAFT_42252,M436DRAFT_42252,-,-,Unknown,-,hypothetical protein,protein-coding,-,-,-,-,20160917,-
1043004,25409718,M436DRAFT_42256,M436DRAFT_42256,-,-,Unknown,-,GTP-binding protein GTR1,protein-coding,-,-,-,-,20160917,-
1043004,25409719,M436DRAFT_42259,M436DRAFT_42259,-,-,Unknown,-,Metallo-dependent phosphatase,protein-coding,-,-,-,-,20160917,-
1043004,25409720,M436DRAFT_42261,M436DRAFT_42261,-,-,Unknown,-,RmlC-like cupin,protein-coding,-,-,-,-,20160917,-
1043004,25409721,M436DRAFT_42282,M436DRAFT_42282,-,-,Unknown,-,hypothetical protein,protein-coding,-,-,-,-,20160917,-
1043004,25409722,M436DRAFT_42283,M436DRAFT_42283,-,-,Unknown,-,hypothetical protein,protein-coding,-,-,-,-,20160917,-
1043004,25409723,M436DRAFT_42294,M436DRAFT_42294,-,-,Unknown,-,S-adenosylmethionine decarboxylase proenzyme,protein-coding,-,-,-,-,20160917,-
1043004,25409724,M436DRAFT_42296,M436DRAFT_42296,-,-,Unknown,-,disulfide isomerase,protein-coding,-,-,-,-,20160917,-
1043004,25409725,M436DRAFT_42299,M436DRAFT_42299,-,-,Unknown,-,serine/threonine protein phosphatase 2A,protein-coding,-,-,-,-,20160917,-
1043004,25409726,M436DRAFT_42300,M436DRAFT_42300,-,-,Unknown,-,hypothetical protein,protein-coding,-,-,-,-,20160917,-
1043004,25409727,M436DRAFT_42303,M436DRAFT_42303,-,-,Unknown,-,hypothetical protein,protein-coding,-,-,-,-,20160917,-
1043004,25409728,M436DRAFT_42304,M436DRAFT_42304,-,-,Unknown,-,hypothetical protein,protein-coding,-,-,-,-,20151104,-
1043004,25409729,M436DRAFT_42317,M436DRAFT_42317,-,-,Unknown,-,DNA repair helicase rad25,protein-coding,-,-,-,-,20160917,-
1043004,25409730,M436DRAFT_42318,M436DRAFT_42318,-,-,Unknown,-,hypothetical protein,protein-coding,-,-,-,-,20151104,-
1043004,25409731,M436DRAFT_42324,M436DRAFT_42324,-,-,Unknown,-,hypothetical protein,protein-coding,-,-,-,-,20160917,-
1043004,25409732,M436DRAFT_42330,M436DRAFT_42330,-,-,Unknown,-,asparaginyl-tRNA synthetase,protein-coding,-,-,-,-,20151212,-
1043004,25409733,M436DRAFT_42331,M436DRAFT_42331,-,-,Unknown,-,hypothetical protein,protein-coding,-,-,-,-,20160917,-
1043004,25409734,M436DRAFT_42332,M436DRAFT_42332,-,-,Unknown,-,hypothetical protein,protein-coding,-,-,-,-,20151212,-
1043004,25409735,M436DRAFT_42338,M436DRAFT_42338,-,-,Unknown,-,ERG20 farnesyl diphosphate synthase,protein-coding,-,-,-,-,20160917,-
1043004,25409736,M436DRAFT_42339,M436DRAFT_42339,-,-,Unknown,-,adenylate cyclase protein,protein-coding,-,-,-,-,20160917,-
1043004,25409737,M436DRAFT_42340,M436DRAFT_42340,-,-,Unknown,-,concanavalin A-like lectin/glucanase,protein-coding,-,-,-,-,20160325,-
1043004,25409738,M436DRAFT_42347,M436DRAFT_42347,-,-,Unknown,-,COG4-domain-containing protein,protein-coding,-,-,-,-,20160917,-
1043004,25409739,M436DRAFT_42350,M436DRAFT_42350,-,-,Unknown,-,hypothetical protein,protein-coding,-,-,-,-,20151104,-
1043004,25409740,M436DRAFT_42355,M436DRAFT_42355,-,-,Unknown,-,hypothetical protein,protein-coding,-,-,-,-,20160325,-
1043004,25409741,M436DRAFT_42356,M436DRAFT_42356,-,-,Unknown,-,hypothetical protein,protein-coding,-,-,-,-,20151104,-
1043004,25409742,M436DRAFT_42357,M436DRAFT_42357,-,-,Unknown,-,hypothetical protein,protein-coding,-,-,-,-,20151104,-
1043004,25409743,M436DRAFT_42371,M436DRAFT_42371,-,-,Unknown,-,hypothetical protein,protein-coding,-,-,-,-,20160917,-
1043004,25409744,M436DRAFT_42372,M436DRAFT_42372,-,-,Unknown,-,hypothetical protein,protein-coding,-,-,-,-,20160917,-
1043004,25409745,M436DRAFT_42375,M436DRAFT_42375,-,-,Unknown,-,NAD(P)-binding protein,protein-coding,-,-,-,-,20160917,-
1043004,25409746,M436DRAFT_42377,M436DRAFT_42377,-,-,Unknown,-,glutamyl-tRNA synthetase,protein-coding,-,-,-,-,20160917,-
1043004,25409747,M436DRAFT_42378,M436DRAFT_42378,-,-,Unknown,-,ARM repeat-containing protein,protein-coding,-,-,-,-,20160917,-
1043004,25409748,M436DRAFT_42384,M436DRAFT_42384,-,-,Unknown,-,aldehyde dehydrogenase,protein-coding,-,-,-,-,20160917,-
1043004,25409749,M436DRAFT_42385,M436DRAFT_42385,-,-,Unknown,-,putative PHD transcription factor,protein-coding,-,-,-,-,20160917,-
1043004,25409750,M436DRAFT_42387,M436DRAFT_42387,-,-,Unknown,-,amidase signature enzyme,protein-coding,-,-,-,-,20160917,-
1043004,25409751,M436DRAFT_42390,M436DRAFT_42390,-,-,Unknown,-,mitochondrial carrier protein,protein-coding,-,-,-,-,20160917,-
1043004,25409752,M436DRAFT_42393,M436DRAFT_42393,-,-,Unknown,-,hypothetical protein,protein-coding,-,-,-,-,20160917,-
1043004,25409753,M436DRAFT_42396,M436DRAFT_42396,-,-,Unknown,-,cytochrome P450,protein-coding,-,-,-,-,20160917,-
1043004,25409754,M436DRAFT_42398,M436DRAFT_42398,-,-,Unknown,-,PLP-dependent transferase,protein-coding,-,-,-,-,20160917,-
1043004,25409755,M436DRAFT_42405,M436DRAFT_42405,-,-,Unknown,-,malate dehydrogenase,protein-coding,-,-,-,-,20151212,-
1043004,25409756,M436DRAFT_42409,M436DRAFT_42409,-,-,Unknown,-,hypothetical protein,protein-coding,-,-,-,-,20160917,-
1043004,25409757,M436DRAFT_42419,M436DRAFT_42419,-,-,Unknown,-,hypothetical protein,protein-coding,-,-,-,-,20151104,-
1043004,25409758,M436DRAFT_42425,M436DRAFT_42425,-,-,Unknown,-,Sm-like ribonucleo protein,protein-coding,-,-,-,-,20151212,-
1043004,25409759,M436DRAFT_42436,M436DRAFT_42436,-,-,Unknown,-,kinase-like protein,protein-coding,-,-,-,-,20151212,-
1043004,25409760,M436DRAFT_42438,M436DRAFT_42438,-,-,Unknown,-,Ebp2-domain-containing protein,protein-coding,-,-,-,-,20160917,-
1043004,25409761,M436DRAFT_42446,M436DRAFT_42446,-,-,Unknown,-,hypothetical protein,protein-coding,-,-,-,-,20160917,-
1043004,25409762,M436DRAFT_42449,M436DRAFT_42449,-,-,Unknown,-,hypothetical protein,protein-coding,-,-,-,-,20160917,-
1043004,25409763,M436DRAFT_42450,M436DRAFT_42450,-,-,Unknown,-,hypothetical protein,protein-coding,-,-,-,-,20160917,-
1043004,25409764,M436DRAFT_42452,M436DRAFT_42452,-,-,Unknown,-,hypothetical protein,protein-coding,-,-,-,-,20160917,-
1043004,25409765,M436DRAFT_42456,M436DRAFT_42456,-,-,Unknown,-,hypothetical protein,protein-coding,-,-,-,-,20160917,-
1043004,25409766,M436DRAFT_42470,M436DRAFT_42470,-,-,Unknown,-,P-loop containing nucleoside triphosphate hydrolase protein,protein-coding,-,-,-,-,20160917,-
1043004,25409767,M436DRAFT_42481,M436DRAFT_42481,-,-,Unknown,-,hypothetical protein,protein-coding,-,-,-,-,20151104,-
1043004,25409768,M436DRAFT_42482,M436DRAFT_42482,-,-,Unknown,-,hypothetical protein,protein-coding,-,-,-,-,20151212,-
1043004,25409769,M436DRAFT_42484,M436DRAFT_42484,-,-,Unknown,-,hypothetical protein,protein-coding,-,-,-,-,20151104,-
1043004,25409770,M436DRAFT_42487,M436DRAFT_42487,-,-,Unknown,-,translation factor,protein-coding,-,-,-,-,20160917,-
1043004,25409771,M436DRAFT_42496,M436DRAFT_42496,-,-,Unknown,-,hypothetical protein,protein-coding,-,-,-,-,20160917,-
1043004,25409772,M436DRAFT_42503,M436DRAFT_42503,-,-,Unknown,-,hypothetical protein,protein-coding,-,-,-,-,20160917,-
1043004,25409773,M436DRAFT_42505,M436DRAFT_42505,-,-,Unknown,-,hypothetical protein,protein-coding,-,-,-,-,20151104,-
1043004,25409774,M436DRAFT_42508,M436DRAFT_42508,-,-,Unknown,-,hypothetical protein,protein-coding,-,-,-,-,20151212,-
1043004,25409775,M436DRAFT_42522,M436DRAFT_42522,-,-,Unknown,-,hypothetical protein,protein-coding,-,-,-,-,20151212,-
1043004,25409776,M436DRAFT_42526,M436DRAFT_42526,-,-,Unknown,-,monocarboxylate transporter,protein-coding,-,-,-,-,20160917,-
1043004,25409777,M436DRAFT_42531,M436DRAFT_42531,-,-,Unknown,-,methylenetetrahydrofolate reduct,protein-coding,-,-,-,-,20160917,-
1043004,25409778,M436DRAFT_42536,M436DRAFT_42536,-,-,Unknown,-,Dak phosphatase,protein-coding,-,-,-,-,20160917,-
1043004,25409779,M436DRAFT_42537,M436DRAFT_42537,-,-,Unknown,-,hypothetical protein,protein-coding,-,-,-,-,20160917,-
1043004,25409780,M436DRAFT_42552,M436DRAFT_42552,-,-,Unknown,-,hypothetical protein,protein-coding,-,-,-,-,20160917,-
1043004,25409781,M436DRAFT_42562,M436DRAFT_42562,-,-,Unknown,-,A1pp-domain-containing protein,protein-coding,-,-,-,-,20160917,-
1043004,25409782,M436DRAFT_42564,M436DRAFT_42564,-,-,Unknown,-,hypothetical protein,protein-coding,-,-,-,-,20151104,-
1043004,25409783,M436DRAFT_42566,M436DRAFT_42566,-,-,Unknown,-,general substrate transporter,protein-coding,-,-,-,-,20160917,-
1043004,25409784,M436DRAFT_42567,M436DRAFT_42567,-,-,Unknown,-,4-coumarate-CoA ligase,protein-coding,-,-,-,-,20151212,-
1043004,25409785,M436DRAFT_42578,M436DRAFT_42578,-,-,Unknown,-,hypothetical protein,protein-coding,-,-,-,-,20160917,-
1043004,25409786,M436DRAFT_42579,M436DRAFT_42579,-,-,Unknown,-,hypothetical protein,protein-coding,-,-,-,-,20160917,-
1043004,25409787,M436DRAFT_42585,M436DRAFT_42585,-,-,Unknown,-,hypothetical protein,protein-coding,-,-,-,-,20160917,-
1043004,25409788,M436DRAFT_42588,M436DRAFT_42588,-,-,Unknown,-,Mo25-like protein,protein-coding,-,-,-,-,20160917,-
1043004,25409789,M436DRAFT_42591,M436DRAFT_42591,-,-,Unknown,-,aromatic amino acid aminotransferas-like protein,protein-coding,-,-,-,-,20151212,-
1043004,25409790,M436DRAFT_42596,M436DRAFT_42596,-,-,Unknown,-,hydroxymethylglutaryl-CoA synthase,protein-coding,-,-,-,-,20160917,-
1043004,25409791,M436DRAFT_42597,M436DRAFT_42597,-,-,Unknown,-,MFS general substrate transporter,protein-coding,-,-,-,-,20160917,-
1043004,25409792,M436DRAFT_42599,M436DRAFT_42599,-,-,Unknown,-,hypothetical protein,protein-coding,-,-,-,-,20160917,-
1043004,25409793,M436DRAFT_42600,M436DRAFT_42600,-,-,Unknown,-,rhodanese domain-containing protein,protein-coding,-,-,-,-,20151212,-
1043004,25409794,M436DRAFT_42609,M436DRAFT_42609,-,-,Unknown,-,hypothetical protein,protein-coding,-,-,-,-,20151212,-
1043004,25409795,M436DRAFT_42610,M436DRAFT_42610,-,-,Unknown,-,YCII-related domain protein,protein-coding,-,-,-,-,20160917,-
1043004,25409796,M436DRAFT_42612,M436DRAFT_42612,-,-,Unknown,-,WD40 repeat-like protein,protein-coding,-,-,-,-,20160917,-
1043004,25409797,M436DRAFT_42629,M436DRAFT_42629,-,-,Unknown,-,hypothetical protein,protein-coding,-,-,-,-,20160917,-
1043004,25409798,M436DRAFT_42631,M436DRAFT_42631,-,-,Unknown,-,MFS general substrate transporter,protein-coding,-,-,-,-,20151212,-
1043004,25409799,M436DRAFT_42632,M436DRAFT_42632,-,-,Unknown,-,hypothetical protein,protein-coding,-,-,-,-,20160917,-
1043004,25409800,M436DRAFT_42640,M436DRAFT_42640,-,-,Unknown,-,FAD-binding domain-containing protein,protein-coding,-,-,-,-,20160917,-
1043004,25409801,M436DRAFT_42642,M436DRAFT_42642,-,-,Unknown,-,TIP120-domain-containing protein,protein-coding,-,-,-,-,20160917,-
1043004,25409802,M436DRAFT_42643,M436DRAFT_42643,-,-,Unknown,-,glutaminyl-tRNA synthetase,protein-coding,-,-,-,-,20160917,-
1043004,25409803,M436DRAFT_42651,M436DRAFT_42651,-,-,Unknown,-,hypothetical protein,protein-coding,-,-,-,-,20160917,-
1043004,25409804,M436DRAFT_42654,M436DRAFT_42654,-,-,Unknown,-,GABA permease,protein-coding,-,-,-,-,20160917,-
1043004,25409805,M436DRAFT_42658,M436DRAFT_42658,-,-,Unknown,-,serine/threonine kinase 16,protein-coding,-,-,-,-,20160917,-
1043004,25409806,M436DRAFT_42659,M436DRAFT_42659,-,-,Unknown,-,hypothetical protein,protein-coding,-,-,-,-,20160325,-
1043004,25409807,M436DRAFT_42667,M436DRAFT_42667,-,-,Unknown,-,hypothetical protein,protein-coding,-,-,-,-,20151104,-
1043004,25409808,M436DRAFT_42673,M436DRAFT_42673,-,-,Unknown,-,hypothetical protein,protein-coding,-,-,-,-,20151104,-
1043004,25409809,M436DRAFT_42675,M436DRAFT_42675,-,-,Unknown,-,hypothetical protein,protein-coding,-,-,-,-,20160917,-
1043004,25409810,M436DRAFT_42678,M436DRAFT_42678,-,-,Unknown,-,arylsulfatase,protein-coding,-,-,-,-,20160917,-
1043004,25409811,M436DRAFT_42684,M436DRAFT_42684,-,-,Unknown,-,hypothetical protein,protein-coding,-,-,-,-,20151104,-
1043004,25409812,M436DRAFT_42708,M436DRAFT_42708,-,-,Unknown,-,TPR-like protein,protein-coding,-,-,-,-,20160917,-
1043004,25409813,M436DRAFT_42721,M436DRAFT_42721,-,-,Unknown,-,hypothetical protein,protein-coding,-,-,-,-,20151104,-
1043004,25409814,M436DRAFT_42723,M436DRAFT_42723,-,-,Unknown,-,putative maltose permease,protein-coding,-,-,-,-,20151212,-
1043004,25409815,M436DRAFT_42734,M436DRAFT_42734,-,-,Unknown,-,glycoside hydrolase,protein-coding,-,-,-,-,20160917,-
1043004,25409816,M436DRAFT_42736,M436DRAFT_42736,-,-,Unknown,-,SGS-domain-containing protein,protein-coding,-,-,-,-,20160917,-
1043004,25409817,M436DRAFT_42740,M436DRAFT_42740,-,-,Unknown,-,putative xylosidase,protein-coding,-,-,-,-,20151212,-
1043004,25409818,M436DRAFT_42741,M436DRAFT_42741,-,-,Unknown,-,putative alpha-amylase,protein-coding,-,-,-,-,20151212,-
1043004,25409819,M436DRAFT_42742,M436DRAFT_42742,-,-,Unknown,-,NAD-dependent deacetylase sirtuin-2,protein-coding,-,-,-,-,20151212,-
1043004,25409820,M436DRAFT_42757,M436DRAFT_42757,-,-,Unknown,-,glutathione S-transferase Ure2-like protein,protein-coding,-,-,-,-,20160917,-
1043004,25409821,M436DRAFT_42770,M436DRAFT_42770,-,-,Unknown,-,hypothetical protein,protein-coding,-,-,-,-,20160917,-
1043004,25409822,M436DRAFT_42777,M436DRAFT_42777,-,-,Unknown,-,hypothetical protein,protein-coding,-,-,-,-,20160917,-
1043004,25409823,M436DRAFT_42779,M436DRAFT_42779,-,-,Unknown,-,hypothetical protein,protein-coding,-,-,-,-,20160917,-
1043004,25409824,M436DRAFT_42784,M436DRAFT_42784,-,-,Unknown,-,hypothetical protein,protein-coding,-,-,-,-,20151104,-
1043004,25409825,M436DRAFT_42786,M436DRAFT_42786,-,-,Unknown,-,kinase-like protein,protein-coding,-,-,-,-,20160917,-
1043004,25409826,M436DRAFT_42788,M436DRAFT_42788,-,-,Unknown,-,hypothetical protein,protein-coding,-,-,-,-,20160917,-
1043004,25409827,M436DRAFT_42789,M436DRAFT_42789,-,-,Unknown,-,hypothetical protein,protein-coding,-,-,-,-,20151104,-
1043004,25409828,M436DRAFT_42796,M436DRAFT_42796,-,-,Unknown,-,hypothetical protein,protein-coding,-,-,-,-,20151212,-
1043004,25409829,M436DRAFT_42810,M436DRAFT_42810,-,-,Unknown,-,dihydrolipoamide dehydrogenase,protein-coding,-,-,-,-,20160917,-
1043004,25409830,M436DRAFT_42811,M436DRAFT_42811,-,-,Unknown,-,ubiquinol-cytochrome c reductase complex 14 kDa protein,protein-coding,-,-,-,-,20160917,-
1043004,25409831,M436DRAFT_42812,M436DRAFT_42812,-,-,Unknown,-,hypothetical protein,protein-coding,-,-,-,-,20151104,-
1043004,25409832,M436DRAFT_42814,M436DRAFT_42814,-,-,Unknown,-,hypothetical protein,protein-coding,-,-,-,-,20160917,-
1043004,25409833,M436DRAFT_42819,M436DRAFT_42819,-,-,Unknown,-,ras small monomeric GTPase-like protein RasB,protein-coding,-,-,-,-,20160917,-
1043004,25409834,M436DRAFT_42832,M436DRAFT_42832,-,-,Unknown,-,alpha/beta-hydrolase,protein-coding,-,-,-,-,20160917,-
1043004,25409835,M436DRAFT_42837,M436DRAFT_42837,-,-,Unknown,-,hypothetical protein,protein-coding,-,-,-,-,20151212,-
1043004,25409836,M436DRAFT_42852,M436DRAFT_42852,-,-,Unknown,-,hypothetical protein,protein-coding,-,-,-,-,20151104,-
1043004,25409837,M436DRAFT_42854,M436DRAFT_42854,-,-,Unknown,-,hypothetical protein,protein-coding,-,-,-,-,20160917,-
1043004,25409838,M436DRAFT_42860,M436DRAFT_42860,-,-,Unknown,-,acetyl-CoA synthetase-like protein,protein-coding,-,-,-,-,20160917,-
1043004,25409839,M436DRAFT_42863,M436DRAFT_42863,-,-,Unknown,-,hypothetical protein,protein-coding,-,-,-,-,20160917,-
1043004,25409840,M436DRAFT_42864,M436DRAFT_42864,-,-,Unknown,-,hypothetical protein,protein-coding,-,-,-,-,20151104,-
1043004,25409841,M436DRAFT_42870,M436DRAFT_42870,-,-,Unknown,-,alpha/beta-hydrolase,protein-coding,-,-,-,-,20160917,-
1043004,25409842,M436DRAFT_42879,M436DRAFT_42879,-,-,Unknown,-,DUF292-domain-containing protein,protein-coding,-,-,-,-,20160917,-
1043004,25409843,M436DRAFT_42881,M436DRAFT_42881,-,-,Unknown,-,ubiquitin carboxyl-terminal hydrolase 2,protein-coding,-,-,-,-,20151212,-
1043004,25409844,M436DRAFT_42883,M436DRAFT_42883,-,-,Unknown,-,hypothetical protein,protein-coding,-,-,-,-,20160917,-
1043004,25409845,M436DRAFT_42885,M436DRAFT_42885,-,-,Unknown,-,hypothetical protein,protein-coding,-,-,-,-,20160917,-
1043004,25409846,M436DRAFT_42889,M436DRAFT_42889,-,-,Unknown,-,acetyl-CoA synthetase-like protein,protein-coding,-,-,-,-,20160917,-
1043004,25409847,M436DRAFT_42890,M436DRAFT_42890,-,-,Unknown,-,putative ZIP zinc transporter,protein-coding,-,-,-,-,20160917,-
1043004,25409848,M436DRAFT_42900,M436DRAFT_42900,-,-,Unknown,-,cdc12 like protein,protein-coding,-,-,-,-,20200919,-
1043004,25409849,M436DRAFT_42902,M436DRAFT_42902,-,-,Unknown,-,exopolyphosphatase-like protein,protein-coding,-,-,-,-,20160917,-
1043004,25409850,M436DRAFT_42904,M436DRAFT_42904,-,-,Unknown,-,ribosomal protein L27,protein-coding,-,-,-,-,20160917,-
1043004,25409851,M436DRAFT_42907,M436DRAFT_42907,-,-,Unknown,-,glycosyltransferase family 15 protein,protein-coding,-,-,-,-,20160917,-
1043004,25409852,M436DRAFT_42909,M436DRAFT_42909,-,-,Unknown,-,Rrp15p-domain-containing protein,protein-coding,-,-,-,-,20160917,-
1043004,25409853,M436DRAFT_42910,M436DRAFT_42910,-,-,Unknown,-,CFEM domain-containing protein,protein-coding,-,-,-,-,20160917,-
1043004,25409854,M436DRAFT_42916,M436DRAFT_42916,-,-,Unknown,-,hypothetical protein,protein-coding,-,-,-,-,20151104,-
1043004,25409855,M436DRAFT_42920,M436DRAFT_42920,-,-,Unknown,-,hypothetical protein,protein-coding,-,-,-,-,20151104,-
1043004,25409856,M436DRAFT_42921,M436DRAFT_42921,-,-,Unknown,-,NCS1 family nucleobase:cation symporter-1,protein-coding,-,-,-,-,20160917,-
1043004,25409857,M436DRAFT_42934,M436DRAFT_42934,-,-,Unknown,-,bifunctional catalase/peroxidase,protein-coding,-,-,-,-,20151212,-
1043004,25409858,M436DRAFT_42941,M436DRAFT_42941,-,-,Unknown,-,D-site 20S pre-rRNA nuclease,protein-coding,-,-,-,-,20160917,-
1043004,25409859,M436DRAFT_42943,M436DRAFT_42943,-,-,Unknown,-,hypothetical protein,protein-coding,-,-,-,-,20160917,-
1043004,25409860,M436DRAFT_42946,M436DRAFT_42946,-,-,Unknown,-,hypothetical protein,protein-coding,-,-,-,-,20160917,-
1043004,25409861,M436DRAFT_42947,M436DRAFT_42947,-,-,Unknown,-,putative mitochondrial 2-oxodicarboxylate carrier protein,protein-coding,-,-,-,-,20160917,-
1043004,25409862,M436DRAFT_42951,M436DRAFT_42951,-,-,Unknown,-,adenosine/AMP deaminase family protein,protein-coding,-,-,-,-,20151212,-
1043004,25409863,M436DRAFT_42958,M436DRAFT_42958,-,-,Unknown,-,histone H4,protein-coding,-,-,-,-,20180203,-
1043004,25409864,M436DRAFT_42962,M436DRAFT_42962,-,-,Unknown,-,tRNA-guanine transglycosylase,protein-coding,-,-,-,-,20160917,-
1043004,25409865,M436DRAFT_42973,M436DRAFT_42973,-,-,Unknown,-,ribosomal protein L1,protein-coding,-,-,-,-,20151212,-
1043004,25409866,M436DRAFT_42987,M436DRAFT_42987,-,-,Unknown,-,hypothetical protein,protein-coding,-,-,-,-,20170520,-
1043004,25409867,M436DRAFT_42990,M436DRAFT_42990,-,-,Unknown,-,hypothetical protein,protein-coding,-,-,-,-,20160917,-
1043004,25409868,M436DRAFT_42992,M436DRAFT_42992,-,-,Unknown,-,hypothetical protein,protein-coding,-,-,-,-,20160917,-
1043004,25409869,M436DRAFT_42998,M436DRAFT_42998,-,-,Unknown,-,MFS general substrate transporter,protein-coding,-,-,-,-,20160917,-
1043004,25409870,M436DRAFT_42999,M436DRAFT_42999,-,-,Unknown,-,hydroxymethylglutaryl-CoA reductase,protein-coding,-,-,-,-,20151212,-
1043004,25409871,M436DRAFT_43006,M436DRAFT_43006,-,-,Unknown,-,hypothetical protein,protein-coding,-,-,-,-,20160917,-
1043004,25409872,M436DRAFT_43008,M436DRAFT_43008,-,-,Unknown,-,hypothetical protein,protein-coding,-,-,-,-,20160917,-
1043004,25409873,M436DRAFT_43013,M436DRAFT_43013,-,-,Unknown,-,hypothetical protein,protein-coding,-,-,-,-,20160917,-
1043004,25409874,M436DRAFT_43015,M436DRAFT_43015,-,-,Unknown,-,hypothetical protein,protein-coding,-,-,-,-,20160917,-
1043004,25409875,M436DRAFT_43019,M436DRAFT_43019,-,-,Unknown,-,hypothetical protein,protein-coding,-,-,-,-,20160917,-
1043004,25409876,M436DRAFT_43026,M436DRAFT_43026,-,-,Unknown,-,cut9 interacting protein-like protein Scn1,protein-coding,-,-,-,-,20160917,-
1043004,25409877,M436DRAFT_43045,M436DRAFT_43045,-,-,Unknown,-,hypothetical protein,protein-coding,-,-,-,-,20151104,-
1043004,25409878,M436DRAFT_43046,M436DRAFT_43046,-,-,Unknown,-,hypothetical protein,protein-coding,-,-,-,-,20160917,-
1043004,25409879,M436DRAFT_43049,M436DRAFT_43049,-,-,Unknown,-,dihydrolipoamide acetyltransferase component of pyruvate dehydrogenase,protein-coding,-,-,-,-,20160917,-
1043004,25409880,M436DRAFT_43056,M436DRAFT_43056,-,-,Unknown,-,DNA mismatch repair protein MutL,protein-coding,-,-,-,-,20151212,-
1043004,25409881,M436DRAFT_43057,M436DRAFT_43057,-,-,Unknown,-,"CHS5 chitin synthase, class V",protein-coding,-,-,-,-,20160917,-
1043004,25409882,M436DRAFT_43068,M436DRAFT_43068,-,-,Unknown,-,hypothetical protein,protein-coding,-,-,-,-,20160917,-
1043004,25409883,M436DRAFT_43069,M436DRAFT_43069,-,-,Unknown,-,signal recognition particle protein,protein-coding,-,-,-,-,20160917,-
1043004,25409884,M436DRAFT_43072,M436DRAFT_43072,-,-,Unknown,-,terpene synthase,protein-coding,-,-,-,-,20151212,-
1043004,25409885,M436DRAFT_43080,M436DRAFT_43080,-,-,Unknown,-,2-polyprenyl-6-methoxyphenol hydroxylase-like oxidoreductase,protein-coding,-,-,-,-,20160917,-
1043004,25409886,M436DRAFT_43081,M436DRAFT_43081,-,-,Unknown,-,hypothetical protein,protein-coding,-,-,-,-,20160325,-
1043004,25409887,M436DRAFT_43089,M436DRAFT_43089,-,-,Unknown,-,hypothetical protein,protein-coding,-,-,-,-,20160917,-
1043004,25409888,M436DRAFT_43092,M436DRAFT_43092,-,-,Unknown,-,putative beta-Fructufuranosidase,protein-coding,-,-,-,-,20160917,-
1043004,25409889,M436DRAFT_43093,M436DRAFT_43093,-,-,Unknown,-,putative beta-glucosidase D,protein-coding,-,-,-,-,20160917,-
1043004,25409890,M436DRAFT_43095,M436DRAFT_43095,-,-,Unknown,-,N-terminal nucleophile aminohydrolase,protein-coding,-,-,-,-,20160917,-
1043004,25409891,M436DRAFT_43111,M436DRAFT_43111,-,-,Unknown,-,hypothetical protein,protein-coding,-,-,-,-,20160917,-
1043004,25409892,M436DRAFT_43119,M436DRAFT_43119,-,-,Unknown,-,putative amino acid permease,protein-coding,-,-,-,-,20151212,-
1043004,25409893,M436DRAFT_43121,M436DRAFT_43121,-,-,Unknown,-,GDSL lipase/acylhydrolase family protein,protein-coding,-,-,-,-,20151212,-
1043004,25409894,M436DRAFT_43126,M436DRAFT_43126,-,-,Unknown,-,hypothetical protein,protein-coding,-,-,-,-,20151212,-
1043004,25409895,M436DRAFT_43136,M436DRAFT_43136,-,-,Unknown,-,hypothetical protein,protein-coding,-,-,-,-,20151104,-
1043004,25409896,M436DRAFT_43139,M436DRAFT_43139,-,-,Unknown,-,"DNA topoisomerase IV, alpha subunit",protein-coding,-,-,-,-,20160917,-
1043004,25409897,M436DRAFT_43141,M436DRAFT_43141,-,-,Unknown,-,thymidylate kinase,protein-coding,-,-,-,-,20160917,-
1043004,25409898,M436DRAFT_43143,M436DRAFT_43143,-,-,Unknown,-,hypothetical protein,protein-coding,-,-,-,-,20160917,-
1043004,25409899,M436DRAFT_43163,M436DRAFT_43163,-,-,Unknown,-,hypothetical protein,protein-coding,-,-,-,-,20151104,-
1043004,25409900,M436DRAFT_43175,M436DRAFT_43175,-,-,Unknown,-,ubiquitin-conjugating enzyme,protein-coding,-,-,-,-,20160917,-
1043004,25409901,M436DRAFT_43193,M436DRAFT_43193,-,-,Unknown,-,NAD(P)-binding protein,protein-coding,-,-,-,-,20151212,-
1043004,25409902,M436DRAFT_43194,M436DRAFT_43194,-,-,Unknown,-,hypothetical protein,protein-coding,-,-,-,-,20160917,-
1043004,25409903,M436DRAFT_43195,M436DRAFT_43195,-,-,Unknown,-,hypothetical protein,protein-coding,-,-,-,-,20160917,-
1043004,25409904,M436DRAFT_43200,M436DRAFT_43200,-,-,Unknown,-,hypothetical protein,protein-coding,-,-,-,-,20160917,-
1043004,25409905,M436DRAFT_43202,M436DRAFT_43202,-,-,Unknown,-,putative mitochondrial import inner membrane translocase subunit,protein-coding,-,-,-,-,20160917,-
1043004,25409906,M436DRAFT_43205,M436DRAFT_43205,-,-,Unknown,-,elongation of fatty acids protein 3,protein-coding,-,-,-,-,20160917,-
1043004,25409907,M436DRAFT_43207,M436DRAFT_43207,-,-,Unknown,-,WD domain-containing protein,protein-coding,-,-,-,-,20160917,-
1043004,25409908,M436DRAFT_43215,M436DRAFT_43215,-,-,Unknown,-,DNA glycosylase,protein-coding,-,-,-,-,20151212,-
1043004,25409909,M436DRAFT_43226,M436DRAFT_43226,-,-,Unknown,-,Formyltransferase,protein-coding,-,-,-,-,20160325,-
1043004,25409910,M436DRAFT_43231,M436DRAFT_43231,-,-,Unknown,-,hypothetical protein,protein-coding,-,-,-,-,20160917,-
1043004,25409911,M436DRAFT_43253,M436DRAFT_43253,-,-,Unknown,-,hypothetical protein,protein-coding,-,-,-,-,20151104,-
1043004,25409912,M436DRAFT_43255,M436DRAFT_43255,-,-,Unknown,-,hypothetical protein,protein-coding,-,-,-,-,20151212,-
1043004,25409913,M436DRAFT_43262,M436DRAFT_43262,-,-,Unknown,-,putative small nuclear ribonucleo protein Sm D3,protein-coding,-,-,-,-,20151212,-
1043004,25409914,M436DRAFT_43267,M436DRAFT_43267,-,-,Unknown,-,"sulfide,quinone oxidoreductase/flavo-binding protein",protein-coding,-,-,-,-,20151212,-
1043004,25409915,M436DRAFT_43273,M436DRAFT_43273,-,-,Unknown,-,alcohol oxidase,protein-coding,-,-,-,-,20160917,-
1043004,25409916,M436DRAFT_43285,M436DRAFT_43285,-,-,Unknown,-,hypothetical protein,protein-coding,-,-,-,-,20160917,-
1043004,25409917,M436DRAFT_43286,M436DRAFT_43286,-,-,Unknown,-,sorbose reductase SOU1,protein-coding,-,-,-,-,20160917,-
1043004,25409918,M436DRAFT_43287,M436DRAFT_43287,-,-,Unknown,-,NmrA-domain-containing protein,protein-coding,-,-,-,-,20160917,-
1043004,25409919,M436DRAFT_43290,M436DRAFT_43290,-,-,Unknown,-,hypothetical protein,protein-coding,-,-,-,-,20151104,-
1043004,25409920,M436DRAFT_43292,M436DRAFT_43292,-,-,Unknown,-,hypothetical protein,protein-coding,-,-,-,-,20151104,-
1043004,25409921,M436DRAFT_43293,M436DRAFT_43293,-,-,Unknown,-,hypothetical protein,protein-coding,-,-,-,-,20160917,-
1043004,25409922,M436DRAFT_43296,M436DRAFT_43296,-,-,Unknown,-,periplasmic binding protein-like II,protein-coding,-,-,-,-,20160917,-
1043004,25409923,M436DRAFT_43303,M436DRAFT_43303,-,-,Unknown,-,hypothetical protein,protein-coding,-,-,-,-,20160917,-
1043004,25409924,M436DRAFT_43308,M436DRAFT_43308,-,-,Unknown,-,NAD(P)-binding protein,protein-coding,-,-,-,-,20160917,-
1043004,25409925,M436DRAFT_43318,M436DRAFT_43318,-,-,Unknown,-,hypothetical protein,protein-coding,-,-,-,-,20160917,-
1043004,25409926,M436DRAFT_43322,M436DRAFT_43322,-,-,Unknown,-,alcohol oxidase,protein-coding,-,-,-,-,20160917,-
1043004,25409927,M436DRAFT_43326,M436DRAFT_43326,-,-,Unknown,-,FtsJ-domain-containing protein,protein-coding,-,-,-,-,20151212,-
1043004,25409928,M436DRAFT_43330,M436DRAFT_43330,-,-,Unknown,-,hypothetical protein,protein-coding,-,-,-,-,20160917,-
1043004,25409929,M436DRAFT_43332,M436DRAFT_43332,-,-,Unknown,-,GPI2-domain-containing protein,protein-coding,-,-,-,-,20160917,-
1043004,25409930,M436DRAFT_43334,M436DRAFT_43334,-,-,Unknown,-,hypothetical protein,protein-coding,-,-,-,-,20160917,-
1043004,25409931,M436DRAFT_43338,M436DRAFT_43338,-,-,Unknown,-,TRAUB-domain-containing protein,protein-coding,-,-,-,-,20160917,-
1043004,25409932,M436DRAFT_43351,M436DRAFT_43351,-,-,Unknown,-,C6 transcription factor,protein-coding,-,-,-,-,20160917,-
1043004,25409933,M436DRAFT_43364,M436DRAFT_43364,-,-,Unknown,-,hypothetical protein,protein-coding,-,-,-,-,20151104,-
1043004,25409934,M436DRAFT_43372,M436DRAFT_43372,-,-,Unknown,-,hypothetical protein,protein-coding,-,-,-,-,20160917,-
1043004,25409935,M436DRAFT_43377,M436DRAFT_43377,-,-,Unknown,-,hypothetical protein,protein-coding,-,-,-,-,20160917,-
1043004,25409936,M436DRAFT_43379,M436DRAFT_43379,-,-,Unknown,-,hypothetical protein,protein-coding,-,-,-,-,20160917,-
1043004,25409937,M436DRAFT_43396,M436DRAFT_43396,-,-,Unknown,-,P-loop containing nucleoside triphosphate hydrolase protein,protein-coding,-,-,-,-,20160917,-
1043004,25409938,M436DRAFT_43407,M436DRAFT_43407,-,-,Unknown,-,hypothetical protein,protein-coding,-,-,-,-,20160917,-
1043004,25409939,M436DRAFT_43413,M436DRAFT_43413,-,-,Unknown,-,hypothetical protein,protein-coding,-,-,-,-,20151104,-
1043004,25409940,M436DRAFT_43415,M436DRAFT_43415,-,-,Unknown,-,cysteine proteinase,protein-coding,-,-,-,-,20160917,-
1043004,25409941,M436DRAFT_43428,M436DRAFT_43428,-,-,Unknown,-,P-loop containing nucleoside triphosphate hydrolase protein,protein-coding,-,-,-,-,20160917,-
1043004,25409942,M436DRAFT_43429,M436DRAFT_43429,-,-,Unknown,-,hypothetical protein,protein-coding,-,-,-,-,20160917,-
1043004,25409943,M436DRAFT_43432,M436DRAFT_43432,-,-,Unknown,-,phenol 2-monooxygenase,protein-coding,-,-,-,-,20160917,-
1043004,25409944,M436DRAFT_43453,M436DRAFT_43453,-,-,Unknown,-,serine/threonine kinase 16,protein-coding,-,-,-,-,20160917,-
1043004,25409945,M436DRAFT_43456,M436DRAFT_43456,-,-,Unknown,-,putative agmatinase 3,protein-coding,-,-,-,-,20160917,-
1043004,25409946,M436DRAFT_43462,M436DRAFT_43462,-,-,Unknown,-,hypothetical protein,protein-coding,-,-,-,-,20160325,-
1043004,25409947,M436DRAFT_43463,M436DRAFT_43463,-,-,Unknown,-,rho-like GTPase,protein-coding,-,-,-,-,20160917,-
1043004,25409948,M436DRAFT_43469,M436DRAFT_43469,-,-,Unknown,-,hypothetical protein,protein-coding,-,-,-,-,20151104,-
1043004,25409949,M436DRAFT_43474,M436DRAFT_43474,-,-,Unknown,-,beta-lactamase/transpeptidase-like protein,protein-coding,-,-,-,-,20160917,-
1043004,25409950,M436DRAFT_43478,M436DRAFT_43478,-,-,Unknown,-,hypothetical protein,protein-coding,-,-,-,-,20151104,-
1043004,25409951,M436DRAFT_43480,M436DRAFT_43480,-,-,Unknown,-,hypothetical protein,protein-coding,-,-,-,-,20160917,-
1043004,25409952,M436DRAFT_43484,M436DRAFT_43484,-,-,Unknown,-,hypothetical protein,protein-coding,-,-,-,-,20160917,-
1043004,25409953,M436DRAFT_43485,M436DRAFT_43485,-,-,Unknown,-,hypothetical protein,protein-coding,-,-,-,-,20160917,-
1043004,25409954,M436DRAFT_43490,M436DRAFT_43490,-,-,Unknown,-,Cloroperoxidase,protein-coding,-,-,-,-,20160917,-
1043004,25409955,M436DRAFT_43493,M436DRAFT_43493,-,-,Unknown,-,30S ribosomal protein S8,protein-coding,-,-,-,-,20160917,-
1043004,25409956,M436DRAFT_43503,M436DRAFT_43503,-,-,Unknown,-,hypothetical protein,protein-coding,-,-,-,-,20160917,-
1043004,25409957,M436DRAFT_43507,M436DRAFT_43507,-,-,Unknown,-,hypothetical protein,protein-coding,-,-,-,-,20151104,-
1043004,25409958,M436DRAFT_43509,M436DRAFT_43509,-,-,Unknown,-,hypothetical protein,protein-coding,-,-,-,-,20160917,-
1043004,25409959,M436DRAFT_43514,M436DRAFT_43514,-,-,Unknown,-,hypothetical protein,protein-coding,-,-,-,-,20151212,-
1043004,25409960,M436DRAFT_43515,M436DRAFT_43515,-,-,Unknown,-,putative 2-deoxy-D-gluconate 3-dehydrogenase,protein-coding,-,-,-,-,20160917,-
1043004,25409961,M436DRAFT_43516,M436DRAFT_43516,-,-,Unknown,-,hypothetical protein,protein-coding,-,-,-,-,20160917,-
1043004,25409962,M436DRAFT_43521,M436DRAFT_43521,-,-,Unknown,-,hypothetical protein,protein-coding,-,-,-,-,20160917,-
1043004,25409963,M436DRAFT_43534,M436DRAFT_43534,-,-,Unknown,-,MFS general substrate transporter,protein-coding,-,-,-,-,20160917,-
1043004,25409964,M436DRAFT_43540,M436DRAFT_43540,-,-,Unknown,-,hypothetical protein,protein-coding,-,-,-,-,20160917,-
1043004,25409965,M436DRAFT_43544,M436DRAFT_43544,-,-,Unknown,-,hypothetical protein,protein-coding,-,-,-,-,20160917,-
1043004,25409966,M436DRAFT_43545,M436DRAFT_43545,-,-,Unknown,-,hypothetical protein,protein-coding,-,-,-,-,20160917,-
1043004,25409967,M436DRAFT_43547,M436DRAFT_43547,-,-,Unknown,-,hypothetical protein,protein-coding,-,-,-,-,20151212,-
1043004,25409968,M436DRAFT_43548,M436DRAFT_43548,-,-,Unknown,-,hypothetical protein,protein-coding,-,-,-,-,20151212,-
1043004,25409969,M436DRAFT_43550,M436DRAFT_43550,-,-,Unknown,-,hypothetical protein,protein-coding,-,-,-,-,20160325,-
1043004,25409970,M436DRAFT_43558,M436DRAFT_43558,-,-,Unknown,-,hypothetical protein,protein-coding,-,-,-,-,20151104,-
1043004,25409971,M436DRAFT_43560,M436DRAFT_43560,-,-,Unknown,-,hypothetical protein,protein-coding,-,-,-,-,20160917,-
1043004,25409972,M436DRAFT_43562,M436DRAFT_43562,-,-,Unknown,-,hypothetical protein,protein-coding,-,-,-,-,20160917,-
1043004,25409973,M436DRAFT_43568,M436DRAFT_43568,-,-,Unknown,-,hypothetical protein,protein-coding,-,-,-,-,20160917,-
1043004,25409974,M436DRAFT_43569,M436DRAFT_43569,-,-,Unknown,-,hypothetical protein,protein-coding,-,-,-,-,20151104,-
1043004,25409975,M436DRAFT_43577,M436DRAFT_43577,-,-,Unknown,-,shikimate-5-dehydrogenase,protein-coding,-,-,-,-,20160917,-
1043004,25409976,M436DRAFT_43582,M436DRAFT_43582,-,-,Unknown,-,MFS general substrate transporter,protein-coding,-,-,-,-,20160917,-
1043004,25409977,M436DRAFT_43589,M436DRAFT_43589,-,-,Unknown,-,hypothetical protein,protein-coding,-,-,-,-,20151104,-
1043004,25409978,M436DRAFT_43591,M436DRAFT_43591,-,-,Unknown,-,hypothetical protein,protein-coding,-,-,-,-,20160917,-
1043004,25409979,M436DRAFT_43605,M436DRAFT_43605,-,-,Unknown,-,ubiquitin-like protein,protein-coding,-,-,-,-,20200919,-
1043004,25409980,M436DRAFT_43609,M436DRAFT_43609,-,-,Unknown,-,glycoside hydrolase family 72 protein,protein-coding,-,-,-,-,20160917,-
1043004,25409981,M436DRAFT_43616,M436DRAFT_43616,-,-,Unknown,-,maleylacetate reductase,protein-coding,-,-,-,-,20151212,-
1043004,25409982,M436DRAFT_43627,M436DRAFT_43627,-,-,Unknown,-,concanavalin A-like lectin/glucanase,protein-coding,-,-,-,-,20151212,-
1043004,25409983,M436DRAFT_43634,M436DRAFT_43634,-,-,Unknown,-,NAD(P)-binding protein,protein-coding,-,-,-,-,20151212,-
1043004,25409984,M436DRAFT_43640,M436DRAFT_43640,-,-,Unknown,-,oxidoreductase,protein-coding,-,-,-,-,20160917,-
1043004,25409985,M436DRAFT_43648,M436DRAFT_43648,-,-,Unknown,-,putative 14-3-3 family protein ArtA,protein-coding,-,-,-,-,20200919,-
1043004,25409986,M436DRAFT_43656,M436DRAFT_43656,-,-,Unknown,-,hypothetical protein,protein-coding,-,-,-,-,20151104,-
1043004,25409987,M436DRAFT_43662,M436DRAFT_43662,-,-,Unknown,-,putative phenol monooxygenase,protein-coding,-,-,-,-,20160917,-
1043004,25409988,M436DRAFT_43667,M436DRAFT_43667,-,-,Unknown,-,carbon-nitrogen hydrolase,protein-coding,-,-,-,-,20151212,-
1043004,25409989,M436DRAFT_43672,M436DRAFT_43672,-,-,Unknown,-,hypothetical protein,protein-coding,-,-,-,-,20160917,-
1043004,25409990,M436DRAFT_43677,M436DRAFT_43677,-,-,Unknown,-,hypothetical protein,protein-coding,-,-,-,-,20151104,-
1043004,25409991,M436DRAFT_43687,M436DRAFT_43687,-,-,Unknown,-,Translin,protein-coding,-,-,-,-,20160917,-
1043004,25409992,M436DRAFT_43704,M436DRAFT_43704,-,-,Unknown,-,hypothetical protein,protein-coding,-,-,-,-,20160325,-
1043004,25409993,M436DRAFT_43705,M436DRAFT_43705,-,-,Unknown,-,mitochondrial import inner membrane translocase subunit tim-17,protein-coding,-,-,-,-,20160917,-
1043004,25409994,M436DRAFT_43711,M436DRAFT_43711,-,-,Unknown,-,hypothetical protein,protein-coding,-,-,-,-,20160917,-
1043004,25409995,M436DRAFT_43713,M436DRAFT_43713,-,-,Unknown,-,MFS general substrate transporter,protein-coding,-,-,-,-,20160917,-
1043004,25409996,M436DRAFT_43717,M436DRAFT_43717,-,-,Unknown,-,MFS general substrate transporter,protein-coding,-,-,-,-,20151212,-
1043004,25409997,M436DRAFT_43720,M436DRAFT_43720,-,-,Unknown,-,hypothetical protein,protein-coding,-,-,-,-,20160917,-
1043004,25409998,M436DRAFT_43722,M436DRAFT_43722,-,-,Unknown,-,histidine biosynthesis trifunctional protein,protein-coding,-,-,-,-,20160917,-
1043004,25409999,M436DRAFT_43726,M436DRAFT_43726,-,-,Unknown,-,cytochrome P450 oxidoreductase,protein-coding,-,-,-,-,20160917,-
1043004,25410000,M436DRAFT_43744,M436DRAFT_43744,-,-,Unknown,-,"cathecol 1,2-dioxygenase",protein-coding,-,-,-,-,20151212,-
1043004,25410001,M436DRAFT_43759,M436DRAFT_43759,-,-,Unknown,-,ferredoxin reductase-like protein,protein-coding,-,-,-,-,20151212,-
1043004,25410002,M436DRAFT_43766,M436DRAFT_43766,-,-,Unknown,-,putative short chain dehydrogenase/reductase,protein-coding,-,-,-,-,20160917,-
1043004,25410003,M436DRAFT_43770,M436DRAFT_43770,-,-,Unknown,-,hypothetical protein,protein-coding,-,-,-,-,20160917,-
1043004,25410004,M436DRAFT_43783,M436DRAFT_43783,-,-,Unknown,-,hypothetical protein,protein-coding,-,-,-,-,20151104,-
1043004,25410005,M436DRAFT_43785,M436DRAFT_43785,-,-,Unknown,-,putative MFS maltose transporter,protein-coding,-,-,-,-,20151212,-
1043004,25410006,M436DRAFT_43787,M436DRAFT_43787,-,-,Unknown,-,CDC45-like protein,protein-coding,-,-,-,-,20160917,-
1043004,25410007,M436DRAFT_43791,M436DRAFT_43791,-,-,Unknown,-,hypothetical protein,protein-coding,-,-,-,-,20151212,-
1043004,25410008,M436DRAFT_43805,M436DRAFT_43805,-,-,Unknown,-,hypothetical protein,protein-coding,-,-,-,-,20160917,-
1043004,25410009,M436DRAFT_43809,M436DRAFT_43809,-,-,Unknown,-,hypothetical protein,protein-coding,-,-,-,-,20160917,-
1043004,25410010,M436DRAFT_43815,M436DRAFT_43815,-,-,Unknown,-,histidinol-phosphate aminotransferase,protein-coding,-,-,-,-,20160917,-
1043004,25410011,M436DRAFT_43816,M436DRAFT_43816,-,-,Unknown,-,shikimate,protein-coding,-,-,-,-,20160917,-
1043004,25410012,M436DRAFT_43818,M436DRAFT_43818,-,-,Unknown,-,hypothetical protein,protein-coding,-,-,-,-,20160917,-
1043004,25410013,M436DRAFT_43819,M436DRAFT_43819,-,-,Unknown,-,putative L-PSP endoribonuclease family protein,protein-coding,-,-,-,-,20160917,-
1043004,25410014,M436DRAFT_43820,M436DRAFT_43820,-,-,Unknown,-,hypothetical protein,protein-coding,-,-,-,-,20151104,-
1043004,25410015,M436DRAFT_43822,M436DRAFT_43822,-,-,Unknown,-,hypothetical protein,protein-coding,-,-,-,-,20151104,-
1043004,25410016,M436DRAFT_43838,M436DRAFT_43838,-,-,Unknown,-,hypothetical protein,protein-coding,-,-,-,-,20160917,-
1043004,25410017,M436DRAFT_43851,M436DRAFT_43851,-,-,Unknown,-,hypothetical protein,protein-coding,-,-,-,-,20160917,-
1043004,25410018,M436DRAFT_43864,M436DRAFT_43864,-,-,Unknown,-,hypothetical protein,protein-coding,-,-,-,-,20151104,-
1043004,25410019,M436DRAFT_43867,M436DRAFT_43867,-,-,Unknown,-,hypothetical protein,protein-coding,-,-,-,-,20151212,-
1043004,25410020,M436DRAFT_43872,M436DRAFT_43872,-,-,Unknown,-,actin-like ATPase domain-containing protein,protein-coding,-,-,-,-,20151212,-
1043004,25410021,M436DRAFT_43873,M436DRAFT_43873,-,-,Unknown,-,tannase and feruloyl esterase,protein-coding,-,-,-,-,20160917,-
1043004,25410022,M436DRAFT_43874,M436DRAFT_43874,-,-,Unknown,-,DUF747-domain-containing protein,protein-coding,-,-,-,-,20160917,-
1043004,25410023,M436DRAFT_43880,M436DRAFT_43880,-,-,Unknown,-,DUF21-domain-containing protein,protein-coding,-,-,-,-,20160917,-
1043004,25410024,M436DRAFT_43881,M436DRAFT_43881,-,-,Unknown,-,kinase-like protein,protein-coding,-,-,-,-,20151212,-
1043004,25410025,M436DRAFT_43884,M436DRAFT_43884,-,-,Unknown,-,hypothetical protein,protein-coding,-,-,-,-,20160917,-
1043004,25410026,M436DRAFT_43885,M436DRAFT_43885,-,-,Unknown,-,hypothetical protein,protein-coding,-,-,-,-,20160917,-
1043004,25410027,M436DRAFT_43886,M436DRAFT_43886,-,-,Unknown,-,cytochrome P450,protein-coding,-,-,-,-,20160917,-
1043004,25410028,M436DRAFT_43888,M436DRAFT_43888,-,-,Unknown,-,hypothetical protein,protein-coding,-,-,-,-,20160917,-
1043004,25410029,M436DRAFT_43890,M436DRAFT_43890,-,-,Unknown,-,hypothetical protein,protein-coding,-,-,-,-,20160917,-
1043004,25410030,M436DRAFT_43891,M436DRAFT_43891,-,-,Unknown,-,hypothetical protein,protein-coding,-,-,-,-,20160917,-
1043004,25410031,M436DRAFT_43895,M436DRAFT_43895,-,-,Unknown,-,hypothetical protein,protein-coding,-,-,-,-,20151104,-
1043004,25410032,M436DRAFT_43901,M436DRAFT_43901,-,-,Unknown,-,GPI anchored cell wall protein,protein-coding,-,-,-,-,20160917,-
1043004,25410033,M436DRAFT_43904,M436DRAFT_43904,-,-,Unknown,-,hypothetical protein,protein-coding,-,-,-,-,20151104,-
1043004,25410034,M436DRAFT_43918,M436DRAFT_43918,-,-,Unknown,-,GDP-mannose pyrophosphorylase A,protein-coding,-,-,-,-,20160917,-
1043004,25410035,M436DRAFT_43920,M436DRAFT_43920,-,-,Unknown,-,hypothetical protein,protein-coding,-,-,-,-,20160917,-
1043004,25410036,M436DRAFT_43924,M436DRAFT_43924,-,-,Unknown,-,t-complex protein 1 subunit gamma,protein-coding,-,-,-,-,20160917,-
1043004,25410037,M436DRAFT_43927,M436DRAFT_43927,-,-,Unknown,-,GroES-like protein,protein-coding,-,-,-,-,20151212,-
1043004,25410038,M436DRAFT_43928,M436DRAFT_43928,-,-,Unknown,-,hypothetical protein,protein-coding,-,-,-,-,20151212,-
1043004,25410039,M436DRAFT_43933,M436DRAFT_43933,-,-,Unknown,-,hypothetical protein,protein-coding,-,-,-,-,20160917,-
1043004,25410040,M436DRAFT_43935,M436DRAFT_43935,-,-,Unknown,-,hypothetical protein,protein-coding,-,-,-,-,20151104,-
1043004,25410041,M436DRAFT_43949,M436DRAFT_43949,-,-,Unknown,-,GPI-anchored wall transfer protein 1,protein-coding,-,-,-,-,20160917,-
1043004,25410042,M436DRAFT_43950,M436DRAFT_43950,-,-,Unknown,-,hypothetical protein,protein-coding,-,-,-,-,20160917,-
1043004,25410043,M436DRAFT_43953,M436DRAFT_43953,-,-,Unknown,-,purine and uridine phosphorylase,protein-coding,-,-,-,-,20160917,-
1043004,25410044,M436DRAFT_43954,M436DRAFT_43954,-,-,Unknown,-,FAD dependent oxidoreductase,protein-coding,-,-,-,-,20160917,-
1043004,25410045,M436DRAFT_43955,M436DRAFT_43955,-,-,Unknown,-,hypothetical protein,protein-coding,-,-,-,-,20160917,-
1043004,25410046,M436DRAFT_43956,M436DRAFT_43956,-,-,Unknown,-,seryl-tRNA synthetase,protein-coding,-,-,-,-,20160917,-
1043004,25410047,M436DRAFT_43957,M436DRAFT_43957,-,-,Unknown,-,WD40 repeat-like protein,protein-coding,-,-,-,-,20160917,-
1043004,25410048,M436DRAFT_43961,M436DRAFT_43961,-,-,Unknown,-,putative major facilitator superfamily transporter,protein-coding,-,-,-,-,20160917,-
1043004,25410049,M436DRAFT_43965,M436DRAFT_43965,-,-,Unknown,-,GPI transamidase component Gpi16,protein-coding,-,-,-,-,20160917,-
1043004,25410050,M436DRAFT_43982,M436DRAFT_43982,-,-,Unknown,-,hypothetical protein,protein-coding,-,-,-,-,20160917,-
1043004,25410051,M436DRAFT_43987,M436DRAFT_43987,-,-,Unknown,-,homocysteine S-methyltransferase,protein-coding,-,-,-,-,20151212,-
1043004,25410052,M436DRAFT_43994,M436DRAFT_43994,-,-,Unknown,-,hypothetical protein,protein-coding,-,-,-,-,20160917,-
1043004,25410053,M436DRAFT_44001,M436DRAFT_44001,-,-,Unknown,-,general substrate transporter,protein-coding,-,-,-,-,20160917,-
1043004,25410054,M436DRAFT_44004,M436DRAFT_44004,-,-,Unknown,-,hypothetical protein,protein-coding,-,-,-,-,20160917,-
1043004,25410055,M436DRAFT_44009,M436DRAFT_44009,-,-,Unknown,-,2-dehydropantoate 2-reductase,protein-coding,-,-,-,-,20160917,-
1043004,25410056,M436DRAFT_44023,M436DRAFT_44023,-,-,Unknown,-,"immunoglobulin heavy chain-binding protein, KAR2",protein-coding,-,-,-,-,20160917,-
1043004,25410057,M436DRAFT_44024,M436DRAFT_44024,-,-,Unknown,-,hypothetical protein,protein-coding,-,-,-,-,20151104,-
1043004,25410058,M436DRAFT_44028,M436DRAFT_44028,-,-,Unknown,-,hypothetical protein,protein-coding,-,-,-,-,20160917,-
1043004,25410059,M436DRAFT_44029,M436DRAFT_44029,-,-,Unknown,-,hypothetical protein,protein-coding,-,-,-,-,20151212,-
1043004,25410060,M436DRAFT_44036,M436DRAFT_44036,-,-,Unknown,-,DNA/RNA polymerase,protein-coding,-,-,-,-,20151212,-
1043004,25410061,M436DRAFT_44037,M436DRAFT_44037,-,-,Unknown,-,BSD-domain-containing protein,protein-coding,-,-,-,-,20160917,-
1043004,25410062,M436DRAFT_44038,M436DRAFT_44038,-,-,Unknown,-,putative MFS phospholipid transporter,protein-coding,-,-,-,-,20160917,-
1043004,25410063,M436DRAFT_44040,M436DRAFT_44040,-,-,Unknown,-,WD40 repeat-like protein,protein-coding,-,-,-,-,20160917,-
1043004,25410064,M436DRAFT_44047,M436DRAFT_44047,-,-,Unknown,-,hypothetical protein,protein-coding,-,-,-,-,20160917,-
1043004,25410065,M436DRAFT_44050,M436DRAFT_44050,-,-,Unknown,-,MFS general substrate transporter,protein-coding,-,-,-,-,20160917,-
1043004,25410066,M436DRAFT_44069,M436DRAFT_44069,-,-,Unknown,-,zf-C3HC-domain-containing protein,protein-coding,-,-,-,-,20160917,-
1043004,25410067,M436DRAFT_44071,M436DRAFT_44071,-,-,Unknown,-,purine nucleoside permease,protein-coding,-,-,-,-,20160917,-
1043004,25410068,M436DRAFT_44078,M436DRAFT_44078,-,-,Unknown,-,Aminoacid dehydrogenase-like protein,protein-coding,-,-,-,-,20160917,-
1043004,25410069,M436DRAFT_44080,M436DRAFT_44080,-,-,Unknown,-,hypothetical protein,protein-coding,-,-,-,-,20160917,-
1043004,25410070,M436DRAFT_44082,M436DRAFT_44082,-,-,Unknown,-,hypothetical protein,protein-coding,-,-,-,-,20160917,-
1043004,25410071,M436DRAFT_44083,M436DRAFT_44083,-,-,Unknown,-,xylose isomerase-like protein,protein-coding,-,-,-,-,20160917,-
1043004,25410072,M436DRAFT_44091,M436DRAFT_44091,-,-,Unknown,-,MFS general substrate transporter,protein-coding,-,-,-,-,20160917,-
1043004,25410073,M436DRAFT_44092,M436DRAFT_44092,-,-,Unknown,-,hypothetical protein,protein-coding,-,-,-,-,20160917,-
1043004,25410074,M436DRAFT_44093,M436DRAFT_44093,-,-,Unknown,-,hypothetical protein,protein-coding,-,-,-,-,20151212,-
1043004,25410075,M436DRAFT_44095,M436DRAFT_44095,-,-,Unknown,-,Cupredoxin,protein-coding,-,-,-,-,20160917,-
1043004,25410076,M436DRAFT_44097,M436DRAFT_44097,-,-,Unknown,-,hypothetical protein,protein-coding,-,-,-,-,20151104,-
1043004,25410077,M436DRAFT_44101,M436DRAFT_44101,-,-,Unknown,-,hypothetical protein,protein-coding,-,-,-,-,20151104,-
1043004,25410078,M436DRAFT_44104,M436DRAFT_44104,-,-,Unknown,-,NAD(P)-binding protein,protein-coding,-,-,-,-,20160917,-
1043004,25410079,M436DRAFT_44107,M436DRAFT_44107,-,-,Unknown,-,hypothetical protein,protein-coding,-,-,-,-,20151104,-
1043004,25410080,M436DRAFT_44109,M436DRAFT_44109,-,-,Unknown,-,aquaporin,protein-coding,-,-,-,-,20160917,-
1043004,25410081,M436DRAFT_44110,M436DRAFT_44110,-,-,Unknown,-,hypothetical protein,protein-coding,-,-,-,-,20160917,-
1043004,25410082,M436DRAFT_44113,M436DRAFT_44113,-,-,Unknown,-,cytochrome P450,protein-coding,-,-,-,-,20160917,-
1043004,25410083,M436DRAFT_44116,M436DRAFT_44116,-,-,Unknown,-,hypothetical protein,protein-coding,-,-,-,-,20151104,-
1043004,25410084,M436DRAFT_44120,M436DRAFT_44120,-,-,Unknown,-,DAO-domain-containing protein,protein-coding,-,-,-,-,20160917,-
1043004,25410085,M436DRAFT_44127,M436DRAFT_44127,-,-,Unknown,-,WD40 repeat-like protein,protein-coding,-,-,-,-,20160917,-
1043004,25410086,M436DRAFT_44140,M436DRAFT_44140,-,-,Unknown,-,hypothetical protein,protein-coding,-,-,-,-,20160917,-
1043004,25410087,M436DRAFT_44142,M436DRAFT_44142,-,-,Unknown,-,putative mitochondrial 54S ribosomal protein YmL16,protein-coding,-,-,-,-,20160917,-
1043004,25410088,M436DRAFT_44146,M436DRAFT_44146,-,-,Unknown,-,hypothetical protein,protein-coding,-,-,-,-,20151104,-
1043004,25410089,M436DRAFT_44148,M436DRAFT_44148,-,-,Unknown,-,DUF757-domain-containing protein,protein-coding,-,-,-,-,20160917,-
1043004,25410090,M436DRAFT_44155,M436DRAFT_44155,-,-,Unknown,-,"putative homogentisate 1,2-dioxygenase",protein-coding,-,-,-,-,20160917,-
1043004,25410091,M436DRAFT_44156,M436DRAFT_44156,-,-,Unknown,-,glutathione S-transferase,protein-coding,-,-,-,-,20160917,-
1043004,25410092,M436DRAFT_44161,M436DRAFT_44161,-,-,Unknown,-,hypothetical protein,protein-coding,-,-,-,-,20160325,-
1043004,25410093,M436DRAFT_44162,M436DRAFT_44162,-,-,Unknown,-,hypothetical protein,protein-coding,-,-,-,-,20151104,-
1043004,25410094,M436DRAFT_44178,M436DRAFT_44178,-,-,Unknown,-,"putative alpha 1,3 glucan synthase",protein-coding,-,-,-,-,20160917,-
1043004,25410095,M436DRAFT_44181,M436DRAFT_44181,-,-,Unknown,-,hypothetical protein,protein-coding,-,-,-,-,20160917,-
1043004,25410096,M436DRAFT_44182,M436DRAFT_44182,-,-,Unknown,-,hypothetical protein,protein-coding,-,-,-,-,20151104,-
1043004,25410097,M436DRAFT_44184,M436DRAFT_44184,-,-,Unknown,-,hypothetical protein,protein-coding,-,-,-,-,20160917,-
1043004,25410098,M436DRAFT_44197,M436DRAFT_44197,-,-,Unknown,-,quinate permease,protein-coding,-,-,-,-,20160917,-
1043004,25410099,M436DRAFT_44198,M436DRAFT_44198,-,-,Unknown,-,PLP-dependent transferase,protein-coding,-,-,-,-,20151212,-
1043004,25410100,M436DRAFT_44215,M436DRAFT_44215,-,-,Unknown,-,hypothetical protein,protein-coding,-,-,-,-,20160917,-
1043004,25410101,M436DRAFT_44216,M436DRAFT_44216,-,-,Unknown,-,actin depolymerizing protein,protein-coding,-,-,-,-,20151212,-
1043004,25410102,M436DRAFT_44217,M436DRAFT_44217,-,-,Unknown,-,hypothetical protein,protein-coding,-,-,-,-,20151104,-
1043004,25410103,M436DRAFT_44221,M436DRAFT_44221,-,-,Unknown,-,hypothetical protein,protein-coding,-,-,-,-,20151104,-
1043004,25410104,M436DRAFT_44225,M436DRAFT_44225,-,-,Unknown,-,cell division cycle protein-like protein Cdc20,protein-coding,-,-,-,-,20160917,-
1043004,25410105,M436DRAFT_44237,M436DRAFT_44237,-,-,Unknown,-,putative ketopantoate reductase family protein,protein-coding,-,-,-,-,20160917,-
1043004,25410106,M436DRAFT_44238,M436DRAFT_44238,-,-,Unknown,-,hypothetical protein,protein-coding,-,-,-,-,20151104,-
1043004,25410107,M436DRAFT_44240,M436DRAFT_44240,-,-,Unknown,-,heavy metal translocating P-type ATPase,protein-coding,-,-,-,-,20160917,-
1043004,25410108,M436DRAFT_44263,M436DRAFT_44263,-,-,Unknown,-,hypothetical protein,protein-coding,-,-,-,-,20160917,-
1043004,25410109,M436DRAFT_44268,M436DRAFT_44268,-,-,Unknown,-,hypothetical protein,protein-coding,-,-,-,-,20160917,-
1043004,25410110,M436DRAFT_44272,M436DRAFT_44272,-,-,Unknown,-,hypothetical protein,protein-coding,-,-,-,-,20160917,-
1043004,25410111,M436DRAFT_44276,M436DRAFT_44276,-,-,Unknown,-,hypothetical protein,protein-coding,-,-,-,-,20151104,-
1043004,25410112,M436DRAFT_44280,M436DRAFT_44280,-,-,Unknown,-,PAP2 domain protein,protein-coding,-,-,-,-,20160917,-
1043004,25410113,M436DRAFT_44287,M436DRAFT_44287,-,-,Unknown,-,hypothetical protein,protein-coding,-,-,-,-,20151104,-
1043004,25410114,M436DRAFT_44290,M436DRAFT_44290,-,-,Unknown,-,hypothetical protein,protein-coding,-,-,-,-,20151104,-
1043004,25410115,M436DRAFT_44292,M436DRAFT_44292,-,-,Unknown,-,putative aryl-alcohol dehydrogenase Aad14,protein-coding,-,-,-,-,20160917,-
1043004,25410116,M436DRAFT_44308,M436DRAFT_44308,-,-,Unknown,-,hypothetical protein,protein-coding,-,-,-,-,20151104,-
1043004,25410117,M436DRAFT_44309,M436DRAFT_44309,-,-,Unknown,-,hypothetical protein,protein-coding,-,-,-,-,20160917,-
1043004,25410118,M436DRAFT_44312,M436DRAFT_44312,-,-,Unknown,-,hypothetical protein,protein-coding,-,-,-,-,20160917,-
1043004,25410119,M436DRAFT_44313,M436DRAFT_44313,-,-,Unknown,-,hypothetical protein,protein-coding,-,-,-,-,20160917,-
1043004,25410120,M436DRAFT_44317,M436DRAFT_44317,-,-,Unknown,-,putative alpha-amylase,protein-coding,-,-,-,-,20151212,-
1043004,25410121,M436DRAFT_44326,M436DRAFT_44326,-,-,Unknown,-,hypothetical protein,protein-coding,-,-,-,-,20151104,-
1043004,25410122,M436DRAFT_44341,M436DRAFT_44341,-,-,Unknown,-,aldolase,protein-coding,-,-,-,-,20151212,-
1043004,25410123,M436DRAFT_44345,M436DRAFT_44345,-,-,Unknown,-,hypothetical protein,protein-coding,-,-,-,-,20160917,-
1043004,25410124,M436DRAFT_44361,M436DRAFT_44361,-,-,Unknown,-,N-terminal nucleophile aminohydrolase,protein-coding,-,-,-,-,20151212,-
1043004,25410125,M436DRAFT_44364,M436DRAFT_44364,-,-,Unknown,-,WD repeat protein,protein-coding,-,-,-,-,20160917,-
1043004,25410126,M436DRAFT_44365,M436DRAFT_44365,-,-,Unknown,-,hypothetical protein,protein-coding,-,-,-,-,20151104,-
1043004,25410127,M436DRAFT_44366,M436DRAFT_44366,-,-,Unknown,-,hypothetical protein,protein-coding,-,-,-,-,20151104,-
1043004,25410128,M436DRAFT_44376,M436DRAFT_44376,-,-,Unknown,-,P-loop containing nucleoside triphosphate hydrolase protein,protein-coding,-,-,-,-,20160917,-
1043004,25410129,M436DRAFT_44377,M436DRAFT_44377,-,-,Unknown,-,Methylthioadenosine phosphorylase,protein-coding,-,-,-,-,20160917,-
1043004,25410130,M436DRAFT_44378,M436DRAFT_44378,-,-,Unknown,-,hypothetical protein,protein-coding,-,-,-,-,20160917,-
1043004,25410131,M436DRAFT_44385,M436DRAFT_44385,-,-,Unknown,-,MFS multidrug transporter-like protein,protein-coding,-,-,-,-,20160917,-
1043004,25410132,M436DRAFT_44386,M436DRAFT_44386,-,-,Unknown,-,hypothetical protein,protein-coding,-,-,-,-,20160325,-
1043004,25410133,M436DRAFT_44400,M436DRAFT_44400,-,-,Unknown,-,zf-DHHC-domain-containing protein,protein-coding,-,-,-,-,20160917,-
1043004,25410134,M436DRAFT_44402,M436DRAFT_44402,-,-,Unknown,-,LUC7-domain-containing protein,protein-coding,-,-,-,-,20160917,-
1043004,25410135,M436DRAFT_44410,M436DRAFT_44410,-,-,Unknown,-,hypothetical protein,protein-coding,-,-,-,-,20160917,-
1043004,25410136,M436DRAFT_44414,M436DRAFT_44414,-,-,Unknown,-,hypothetical protein,protein-coding,-,-,-,-,20160917,-
1043004,25410137,M436DRAFT_44415,M436DRAFT_44415,-,-,Unknown,-,hypothetical protein,protein-coding,-,-,-,-,20160917,-
1043004,25410138,M436DRAFT_44416,M436DRAFT_44416,-,-,Unknown,-,hypothetical protein,protein-coding,-,-,-,-,20160325,-
1043004,25410139,M436DRAFT_44417,M436DRAFT_44417,-,-,Unknown,-,hypothetical protein,protein-coding,-,-,-,-,20151104,-
1043004,25410140,M436DRAFT_44419,M436DRAFT_44419,-,-,Unknown,-,hypothetical protein,protein-coding,-,-,-,-,20151104,-
1043004,25410141,M436DRAFT_44429,M436DRAFT_44429,-,-,Unknown,-,"AROM pentafunctional protein, ARO1",protein-coding,-,-,-,-,20160917,-
1043004,25410142,M436DRAFT_44435,M436DRAFT_44435,-,-,Unknown,-,family A G protein-coupled receptor-like protein,protein-coding,-,-,-,-,20151212,-
1043004,25410143,M436DRAFT_44439,M436DRAFT_44439,-,-,Unknown,-,hypothetical protein,protein-coding,-,-,-,-,20151212,-
1043004,25410144,M436DRAFT_44442,M436DRAFT_44442,-,-,Unknown,-,CDK-activating kinase assembly factor,protein-coding,-,-,-,-,20160917,-
1043004,25410145,M436DRAFT_44445,M436DRAFT_44445,-,-,Unknown,-,cell division control protein 2 serine/threonine protein kinase,protein-coding,-,-,-,-,20151212,-
1043004,25410146,M436DRAFT_44446,M436DRAFT_44446,-,-,Unknown,-,glycoside hydrolase,protein-coding,-,-,-,-,20160917,-
1043004,25410147,M436DRAFT_44451,M436DRAFT_44451,-,-,Unknown,-,FabD/lysophospholipase-like protein,protein-coding,-,-,-,-,20160917,-
1043004,25410148,M436DRAFT_44457,M436DRAFT_44457,-,-,Unknown,-,cyclophilin-like protein,protein-coding,-,-,-,-,20160917,-
1043004,25410149,M436DRAFT_44458,M436DRAFT_44458,-,-,Unknown,-,hypothetical protein,protein-coding,-,-,-,-,20160917,-
1043004,25410150,M436DRAFT_44464,M436DRAFT_44464,-,-,Unknown,-,hypothetical protein,protein-coding,-,-,-,-,20160917,-
1043004,25410151,M436DRAFT_44467,M436DRAFT_44467,-,-,Unknown,-,hypothetical protein,protein-coding,-,-,-,-,20160917,-
1043004,25410152,M436DRAFT_44469,M436DRAFT_44469,-,-,Unknown,-,ubiquitin-conjugating enzyme,protein-coding,-,-,-,-,20160917,-
1043004,25410153,M436DRAFT_44485,M436DRAFT_44485,-,-,Unknown,-,hypothetical protein,protein-coding,-,-,-,-,20151212,-
1043004,25410154,M436DRAFT_44491,M436DRAFT_44491,-,-,Unknown,-,regulator of gluconeogenesis Rmd5,protein-coding,-,-,-,-,20160917,-
1043004,25410155,M436DRAFT_44496,M436DRAFT_44496,-,-,Unknown,-,hypothetical protein,protein-coding,-,-,-,-,20160325,-
1043004,25410156,M436DRAFT_44498,M436DRAFT_44498,-,-,Unknown,-,hypothetical protein,protein-coding,-,-,-,-,20151212,-
1043004,25410157,M436DRAFT_44501,M436DRAFT_44501,-,-,Unknown,-,hypothetical protein,protein-coding,-,-,-,-,20160917,-
1043004,25410158,M436DRAFT_44502,M436DRAFT_44502,-,-,Unknown,-,DUF1716-domain-containing protein,protein-coding,-,-,-,-,20160917,-
1043004,25410159,M436DRAFT_44505,M436DRAFT_44505,-,-,Unknown,-,PH domain-containing protein,protein-coding,-,-,-,-,20160917,-
1043004,25410160,M436DRAFT_44511,M436DRAFT_44511,-,-,Unknown,-,NAD-dependent deacetylase sirtuin-5,protein-coding,-,-,-,-,20151212,-
1043004,25410161,M436DRAFT_44512,M436DRAFT_44512,-,-,Unknown,-,putative ABC transporter,protein-coding,-,-,-,-,20160917,-
1043004,25410162,M436DRAFT_44517,M436DRAFT_44517,-,-,Unknown,-,hypothetical protein,protein-coding,-,-,-,-,20151104,-
1043004,25410163,M436DRAFT_44521,M436DRAFT_44521,-,-,Unknown,-,riboflavin kinase,protein-coding,-,-,-,-,20160917,-
1043004,25410164,M436DRAFT_44522,M436DRAFT_44522,-,-,Unknown,-,hypothetical protein,protein-coding,-,-,-,-,20160917,-
1043004,25410165,M436DRAFT_44525,M436DRAFT_44525,-,-,Unknown,-,RabGAP/TBC,protein-coding,-,-,-,-,20151212,-
1043004,25410166,M436DRAFT_44528,M436DRAFT_44528,-,-,Unknown,-,major facilitator superfamily transporter,protein-coding,-,-,-,-,20160917,-
1043004,25410167,M436DRAFT_44529,M436DRAFT_44529,-,-,Unknown,-,hypothetical protein,protein-coding,-,-,-,-,20160917,-
1043004,25410168,M436DRAFT_44530,M436DRAFT_44530,-,-,Unknown,-,kinase-like protein,protein-coding,-,-,-,-,20160917,-
1043004,25410169,M436DRAFT_44532,M436DRAFT_44532,-,-,Unknown,-,hypothetical protein,protein-coding,-,-,-,-,20160917,-
1043004,25410170,M436DRAFT_44539,M436DRAFT_44539,-,-,Unknown,-,hypothetical protein,protein-coding,-,-,-,-,20151212,-
1043004,25410171,M436DRAFT_44545,M436DRAFT_44545,-,-,Unknown,-,putative TfdA family taurine dioxygenase,protein-coding,-,-,-,-,20160917,-
1043004,25410172,M436DRAFT_44550,M436DRAFT_44550,-,-,Unknown,-,hypothetical protein,protein-coding,-,-,-,-,20160917,-
1043004,25410173,M436DRAFT_44576,M436DRAFT_44576,-,-,Unknown,-,hypothetical protein,protein-coding,-,-,-,-,20151212,-
1043004,25410174,M436DRAFT_44577,M436DRAFT_44577,-,-,Unknown,-,Aldo/keto reductase,protein-coding,-,-,-,-,20151212,-
1043004,25410175,M436DRAFT_44582,M436DRAFT_44582,-,-,Unknown,-,S1/P1 nuclease,protein-coding,-,-,-,-,20160917,-
1043004,25410176,M436DRAFT_44593,M436DRAFT_44593,-,-,Unknown,-,hypothetical protein,protein-coding,-,-,-,-,20151104,-
1043004,25410177,M436DRAFT_44594,M436DRAFT_44594,-,-,Unknown,-,thioredoxin,protein-coding,-,-,-,-,20151212,-
1043004,25410178,M436DRAFT_44598,M436DRAFT_44598,-,-,Unknown,-,hypothetical protein,protein-coding,-,-,-,-,20160325,-
1043004,25410179,M436DRAFT_44604,M436DRAFT_44604,-,-,Unknown,-,phenylalanine ammonia-lyase,protein-coding,-,-,-,-,20160917,-
1043004,25410180,M436DRAFT_44605,M436DRAFT_44605,-,-,Unknown,-,hypothetical protein,protein-coding,-,-,-,-,20151104,-
1043004,25410181,M436DRAFT_44606,M436DRAFT_44606,-,-,Unknown,-,Pcc1-domain-containing protein,protein-coding,-,-,-,-,20160917,-
1043004,25410182,M436DRAFT_44618,M436DRAFT_44618,-,-,Unknown,-,oxidoreductase,protein-coding,-,-,-,-,20151212,-
1043004,25410183,M436DRAFT_44619,M436DRAFT_44619,-,-,Unknown,-,epsin-1,protein-coding,-,-,-,-,20160917,-
1043004,25410184,M436DRAFT_44624,M436DRAFT_44624,-,-,Unknown,-,Las1-domain-containing protein,protein-coding,-,-,-,-,20160917,-
1043004,25410185,M436DRAFT_44629,M436DRAFT_44629,-,-,Unknown,-,serine palmitoyl transferase subunit 2,protein-coding,-,-,-,-,20160917,-
1043004,25410186,M436DRAFT_44632,M436DRAFT_44632,-,-,Unknown,-,FAD dependent oxidoreductase,protein-coding,-,-,-,-,20160917,-
1043004,25410187,M436DRAFT_44634,M436DRAFT_44634,-,-,Unknown,-,porphobilinogen deaminase,protein-coding,-,-,-,-,20151212,-
1043004,25410188,M436DRAFT_44638,M436DRAFT_44638,-,-,Unknown,-,DUF1264-domain-containing protein,protein-coding,-,-,-,-,20160917,-
1043004,25410189,M436DRAFT_44646,M436DRAFT_44646,-,-,Unknown,-,hypothetical protein,protein-coding,-,-,-,-,20160917,-
1043004,25410190,M436DRAFT_44649,M436DRAFT_44649,-,-,Unknown,-,"histone H3 methyltransferase complex and RNA cleavage factor II complex, subunit SWD2",protein-coding,-,-,-,-,20160917,-
1043004,25410191,M436DRAFT_44650,M436DRAFT_44650,-,-,Unknown,-,hypothetical protein,protein-coding,-,-,-,-,20160917,-
1043004,25410192,M436DRAFT_44654,M436DRAFT_44654,-,-,Unknown,-,hypothetical protein,protein-coding,-,-,-,-,20160917,-
1043004,25410193,M436DRAFT_44658,M436DRAFT_44658,-,-,Unknown,-,PAP2-domain-containing protein,protein-coding,-,-,-,-,20151212,-
1043004,25410194,M436DRAFT_44663,M436DRAFT_44663,-,-,Unknown,-,geranylgeranyl diphosphate synthase 1,protein-coding,-,-,-,-,20160917,-
1043004,25410195,M436DRAFT_44666,M436DRAFT_44666,-,-,Unknown,-,membrane transporter,protein-coding,-,-,-,-,20160917,-
1043004,25410196,M436DRAFT_44670,M436DRAFT_44670,-,-,Unknown,-,hypothetical protein,protein-coding,-,-,-,-,20151104,-
1043004,25410197,M436DRAFT_44678,M436DRAFT_44678,-,-,Unknown,-,aldolase,protein-coding,-,-,-,-,20151212,-
1043004,25410198,M436DRAFT_44679,M436DRAFT_44679,-,-,Unknown,-,TRAPP I complex,protein-coding,-,-,-,-,20160325,-
1043004,25410199,M436DRAFT_44681,M436DRAFT_44681,-,-,Unknown,-,hypothetical protein,protein-coding,-,-,-,-,20160917,-
1043004,25410200,M436DRAFT_44684,M436DRAFT_44684,-,-,Unknown,-,ATP-NAD kinase,protein-coding,-,-,-,-,20160917,-
1043004,25410201,M436DRAFT_44685,M436DRAFT_44685,-,-,Unknown,-,general substrate transporter,protein-coding,-,-,-,-,20160917,-
1043004,25410202,M436DRAFT_44694,M436DRAFT_44694,-,-,Unknown,-,hypothetical protein,protein-coding,-,-,-,-,20151212,-
1043004,25410203,M436DRAFT_44701,M436DRAFT_44701,-,-,Unknown,-,polysaccharide deacetylase,protein-coding,-,-,-,-,20151212,-
1043004,25410204,M436DRAFT_44702,M436DRAFT_44702,-,-,Unknown,-,FKBP-like protein,protein-coding,-,-,-,-,20160917,-
1043004,25410205,M436DRAFT_44704,M436DRAFT_44704,-,-,Unknown,-,hypothetical protein,protein-coding,-,-,-,-,20151104,-
1043004,25410206,M436DRAFT_44705,M436DRAFT_44705,-,-,Unknown,-,hypothetical protein,protein-coding,-,-,-,-,20160917,-
1043004,25410207,M436DRAFT_44713,M436DRAFT_44713,-,-,Unknown,-,amidase signature enzyme,protein-coding,-,-,-,-,20151212,-
1043004,25410208,M436DRAFT_44719,M436DRAFT_44719,-,-,Unknown,-,hypothetical protein,protein-coding,-,-,-,-,20160917,-
1043004,25410209,M436DRAFT_44723,M436DRAFT_44723,-,-,Unknown,-,BRCT domain-containing protein,protein-coding,-,-,-,-,20160917,-
1043004,25410210,M436DRAFT_44725,M436DRAFT_44725,-,-,Unknown,-,DUF1690-domain-containing protein,protein-coding,-,-,-,-,20160917,-
1043004,25410211,M436DRAFT_44726,M436DRAFT_44726,-,-,Unknown,-,nucleoside phosphatase GDA1/CD39,protein-coding,-,-,-,-,20160917,-
1043004,25410212,M436DRAFT_44742,M436DRAFT_44742,-,-,Unknown,-,hypothetical protein,protein-coding,-,-,-,-,20160917,-
1043004,25410213,M436DRAFT_44751,M436DRAFT_44751,-,-,Unknown,-,hypothetical protein,protein-coding,-,-,-,-,20160917,-
1043004,25410214,M436DRAFT_44755,M436DRAFT_44755,-,-,Unknown,-,hypothetical protein,protein-coding,-,-,-,-,20151104,-
1043004,25410215,M436DRAFT_44760,M436DRAFT_44760,-,-,Unknown,-,trimeric LpxA-like protein,protein-coding,-,-,-,-,20160917,-
1043004,25410216,M436DRAFT_44762,M436DRAFT_44762,-,-,Unknown,-,MFS general substrate transporter,protein-coding,-,-,-,-,20160917,-
1043004,25410217,M436DRAFT_44765,M436DRAFT_44765,-,-,Unknown,-,phosphoglycerate mutase-like protein,protein-coding,-,-,-,-,20151212,-
1043004,25410218,M436DRAFT_44769,M436DRAFT_44769,-,-,Unknown,-,hypothetical protein,protein-coding,-,-,-,-,20160917,-
1043004,25410219,M436DRAFT_44771,M436DRAFT_44771,-,-,Unknown,-,hypothetical protein,protein-coding,-,-,-,-,20151104,-
1043004,25410220,M436DRAFT_44783,M436DRAFT_44783,-,-,Unknown,-,DNA/RNA polymerase,protein-coding,-,-,-,-,20160917,-
1043004,25410221,M436DRAFT_44790,M436DRAFT_44790,-,-,Unknown,-,hypothetical protein,protein-coding,-,-,-,-,20160917,-
1043004,25410222,M436DRAFT_44809,M436DRAFT_44809,-,-,Unknown,-,hypothetical protein,protein-coding,-,-,-,-,20151104,-
1043004,25410223,M436DRAFT_44817,M436DRAFT_44817,-,-,Unknown,-,hypothetical protein,protein-coding,-,-,-,-,20151104,-
1043004,25410224,M436DRAFT_44823,M436DRAFT_44823,-,-,Unknown,-,mitochondrial phosphate carrier protein,protein-coding,-,-,-,-,20160917,-
1043004,25410225,M436DRAFT_44825,M436DRAFT_44825,-,-,Unknown,-,hypothetical protein,protein-coding,-,-,-,-,20151104,-
1043004,25410226,M436DRAFT_44830,M436DRAFT_44830,-,-,Unknown,-,heat shock protein 78,protein-coding,-,-,-,-,20160917,-
1043004,25410227,M436DRAFT_44831,M436DRAFT_44831,-,-,Unknown,-,hypothetical protein,protein-coding,-,-,-,-,20151104,-
1043004,25410228,M436DRAFT_44845,M436DRAFT_44845,-,-,Unknown,-,DUF862-domain-containing protein,protein-coding,-,-,-,-,20160917,-
1043004,25410229,M436DRAFT_44858,M436DRAFT_44858,-,-,Unknown,-,NAD(P)-binding protein,protein-coding,-,-,-,-,20160917,-
1043004,25410230,M436DRAFT_44860,M436DRAFT_44860,-,-,Unknown,-,fungal transcriptional regulatory protein,protein-coding,-,-,-,-,20160917,-
1043004,25410231,M436DRAFT_44863,M436DRAFT_44863,-,-,Unknown,-,hypothetical protein,protein-coding,-,-,-,-,20160917,-
1043004,25410232,M436DRAFT_44872,M436DRAFT_44872,-,-,Unknown,-,FAD-binding domain-containing protein,protein-coding,-,-,-,-,20160917,-
1043004,25410233,M436DRAFT_44873,M436DRAFT_44873,-,-,Unknown,-,DNA topoisomerase,protein-coding,-,-,-,-,20151212,-
1043004,25410234,M436DRAFT_44878,M436DRAFT_44878,-,-,Unknown,-,hypothetical protein,protein-coding,-,-,-,-,20151104,-
1043004,25410235,M436DRAFT_44884,M436DRAFT_44884,-,-,Unknown,-,dynein heavy chain,protein-coding,-,-,-,-,20160917,-
1043004,25410236,M436DRAFT_44887,M436DRAFT_44887,-,-,Unknown,-,P-loop containing nucleoside triphosphate hydrolase protein,protein-coding,-,-,-,-,20160917,-
1043004,25410237,M436DRAFT_44896,M436DRAFT_44896,-,-,Unknown,-,hypothetical protein,protein-coding,-,-,-,-,20160917,-
1043004,25410238,M436DRAFT_44901,M436DRAFT_44901,-,-,Unknown,-,DNA-binding domain of Mlu1-box binding protein MBP1,protein-coding,-,-,-,-,20160325,-
1043004,25410239,M436DRAFT_44904,M436DRAFT_44904,-,-,Unknown,-,hypothetical protein,protein-coding,-,-,-,-,20160917,-
1043004,25410240,M436DRAFT_44906,M436DRAFT_44906,-,-,Unknown,-,hypothetical protein,protein-coding,-,-,-,-,20160917,-
1043004,25410241,M436DRAFT_44908,M436DRAFT_44908,-,-,Unknown,-,RCC1/BLIP-II protein,protein-coding,-,-,-,-,20160325,-
1043004,25410242,M436DRAFT_44915,M436DRAFT_44915,-,-,Unknown,-,hypothetical protein,protein-coding,-,-,-,-,20151104,-
1043004,25410243,M436DRAFT_44916,M436DRAFT_44916,-,-,Unknown,-,pseudouridine synthase,protein-coding,-,-,-,-,20151212,-
1043004,25410244,M436DRAFT_44923,M436DRAFT_44923,-,-,Unknown,-,hypothetical protein,protein-coding,-,-,-,-,20151104,-
1043004,25410245,M436DRAFT_44927,M436DRAFT_44927,-,-,Unknown,-,NAD(P)-binding protein,protein-coding,-,-,-,-,20160917,-
1043004,25410246,M436DRAFT_44929,M436DRAFT_44929,-,-,Unknown,-,hypothetical protein,protein-coding,-,-,-,-,20160917,-
1043004,25410247,M436DRAFT_44931,M436DRAFT_44931,-,-,Unknown,-,hypothetical protein,protein-coding,-,-,-,-,20160917,-
1043004,25410248,M436DRAFT_44936,M436DRAFT_44936,-,-,Unknown,-,nucleolar,protein-coding,-,-,-,-,20160917,-
1043004,25410249,M436DRAFT_44941,M436DRAFT_44941,-,-,Unknown,-,hypothetical protein,protein-coding,-,-,-,-,20151212,-
1043004,25410250,M436DRAFT_44943,M436DRAFT_44943,-,-,Unknown,-,hypothetical protein,protein-coding,-,-,-,-,20200919,-
1043004,25410251,M436DRAFT_44961,M436DRAFT_44961,-,-,Unknown,-,hypothetical protein,protein-coding,-,-,-,-,20151104,-
1043004,25410252,M436DRAFT_44962,M436DRAFT_44962,-,-,Unknown,-,hypothetical protein,protein-coding,-,-,-,-,20160917,-
1043004,25410253,M436DRAFT_44965,M436DRAFT_44965,-,-,Unknown,-,hypothetical protein,protein-coding,-,-,-,-,20160917,-
1043004,25410254,M436DRAFT_44967,M436DRAFT_44967,-,-,Unknown,-,MFS general substrate transporter,protein-coding,-,-,-,-,20160917,-
1043004,25410255,M436DRAFT_44977,M436DRAFT_44977,-,-,Unknown,-,carbohydrate kinase,protein-coding,-,-,-,-,20160917,-
1043004,25410256,M436DRAFT_44981,M436DRAFT_44981,-,-,Unknown,-,putative MFS sugar transporter,protein-coding,-,-,-,-,20160917,-
1043004,25410257,M436DRAFT_44982,M436DRAFT_44982,-,-,Unknown,-,mitochondrial carrier,protein-coding,-,-,-,-,20160917,-
1043004,25410258,M436DRAFT_44986,M436DRAFT_44986,-,-,Unknown,-,glutamate dehydrogenase,protein-coding,-,-,-,-,20160917,-
1043004,25410259,M436DRAFT_44998,M436DRAFT_44998,-,-,Unknown,-,MFS general substrate transporter,protein-coding,-,-,-,-,20160917,-
1043004,25410260,M436DRAFT_45005,M436DRAFT_45005,-,-,Unknown,-,MFS general substrate transporter,protein-coding,-,-,-,-,20160917,-
1043004,25410261,M436DRAFT_45006,M436DRAFT_45006,-,-,Unknown,-,"fructose-BISphosphate ALDOLASE, class II",protein-coding,-,-,-,-,20160325,-
1043004,25410262,M436DRAFT_45015,M436DRAFT_45015,-,-,Unknown,-,hypothetical protein,protein-coding,-,-,-,-,20160917,-
1043004,25410263,M436DRAFT_45031,M436DRAFT_45031,-,-,Unknown,-,hypothetical protein,protein-coding,-,-,-,-,20151104,-
1043004,25410264,M436DRAFT_45066,M436DRAFT_45066,-,-,Unknown,-,hypothetical protein,protein-coding,-,-,-,-,20160917,-
1043004,25410265,M436DRAFT_45068,M436DRAFT_45068,-,-,Unknown,-,calcium transporting P-type ATPase-like protein,protein-coding,-,-,-,-,20160917,-
1043004,25410266,M436DRAFT_45069,M436DRAFT_45069,-,-,Unknown,-,Aldo/keto reductase,protein-coding,-,-,-,-,20160917,-
1043004,25410267,M436DRAFT_45085,M436DRAFT_45085,-,-,Unknown,-,hypothetical protein,protein-coding,-,-,-,-,20151212,-
1043004,25410268,M436DRAFT_45096,M436DRAFT_45096,-,-,Unknown,-,hypothetical protein,protein-coding,-,-,-,-,20160917,-
1043004,25410269,M436DRAFT_45106,M436DRAFT_45106,-,-,Unknown,-,BAR domain-containing protein,protein-coding,-,-,-,-,20151212,-
1043004,25410270,M436DRAFT_45111,M436DRAFT_45111,-,-,Unknown,-,hypothetical protein,protein-coding,-,-,-,-,20160917,-
1043004,25410271,M436DRAFT_45119,M436DRAFT_45119,-,-,Unknown,-,hypothetical protein,protein-coding,-,-,-,-,20170520,-
1043004,25410272,M436DRAFT_45125,M436DRAFT_45125,-,-,Unknown,-,hypothetical protein,protein-coding,-,-,-,-,20151212,-
1043004,25410273,M436DRAFT_45127,M436DRAFT_45127,-,-,Unknown,-,DNA replication complex GINS protein-like protein psf3,protein-coding,-,-,-,-,20160917,-
1043004,25410274,M436DRAFT_45132,M436DRAFT_45132,-,-,Unknown,-,hypothetical protein,protein-coding,-,-,-,-,20151104,-
1043004,25410275,M436DRAFT_45137,M436DRAFT_45137,-,-,Unknown,-,hypothetical protein,protein-coding,-,-,-,-,20151104,-
1043004,25410276,M436DRAFT_45141,M436DRAFT_45141,-,-,Unknown,-,hypothetical protein,protein-coding,-,-,-,-,20151104,-
1043004,25410277,M436DRAFT_45160,M436DRAFT_45160,-,-,Unknown,-,glycoside hydrolase family 92 protein,protein-coding,-,-,-,-,20160917,-
1043004,25410278,M436DRAFT_45164,M436DRAFT_45164,-,-,Unknown,-,hypothetical protein,protein-coding,-,-,-,-,20160325,-
1043004,25410279,M436DRAFT_45170,M436DRAFT_45170,-,-,Unknown,-,hypothetical protein,protein-coding,-,-,-,-,20151104,-
1043004,25410280,M436DRAFT_45179,M436DRAFT_45179,-,-,Unknown,-,hypothetical protein,protein-coding,-,-,-,-,20160917,-
1043004,25410281,M436DRAFT_45182,M436DRAFT_45182,-,-,Unknown,-,hypothetical protein,protein-coding,-,-,-,-,20151104,-
1043004,25410282,M436DRAFT_45185,M436DRAFT_45185,-,-,Unknown,-,hypothetical protein,protein-coding,-,-,-,-,20160917,-
1043004,25410283,M436DRAFT_45189,M436DRAFT_45189,-,-,Unknown,-,kinase-like protein,protein-coding,-,-,-,-,20151212,-
1043004,25410284,M436DRAFT_45196,M436DRAFT_45196,-,-,Unknown,-,Med5-domain-containing protein,protein-coding,-,-,-,-,20160917,-
1043004,25410285,M436DRAFT_45200,M436DRAFT_45200,-,-,Unknown,-,alpha/beta-hydrolase,protein-coding,-,-,-,-,20160917,-
1043004,25410286,M436DRAFT_45203,M436DRAFT_45203,-,-,Unknown,-,HAD-like protein,protein-coding,-,-,-,-,20160917,-
1043004,25410287,M436DRAFT_45210,M436DRAFT_45210,-,-,Unknown,-,hypothetical protein,protein-coding,-,-,-,-,20160917,-
1043004,25410288,M436DRAFT_45211,M436DRAFT_45211,-,-,Unknown,-,vacuolar protein sorting-associated protein 13,protein-coding,-,-,-,-,20160917,-
1043004,25410289,M436DRAFT_45212,M436DRAFT_45212,-,-,Unknown,-,uracil permease,protein-coding,-,-,-,-,20151212,-
1043004,25410290,M436DRAFT_45214,M436DRAFT_45214,-,-,Unknown,-,hypothetical protein,protein-coding,-,-,-,-,20151104,-
1043004,25410291,M436DRAFT_45223,M436DRAFT_45223,-,-,Unknown,-,hypothetical protein,protein-coding,-,-,-,-,20160917,-
1043004,25410292,M436DRAFT_45224,M436DRAFT_45224,-,-,Unknown,-,putative cell cycle control protein,protein-coding,-,-,-,-,20160917,-
1043004,25410293,M436DRAFT_45226,M436DRAFT_45226,-,-,Unknown,-,kinetochore protein Spc25,protein-coding,-,-,-,-,20160917,-
1043004,25410294,M436DRAFT_45228,M436DRAFT_45228,-,-,Unknown,-,glycerol kinase,protein-coding,-,-,-,-,20151212,-
1043004,25410295,M436DRAFT_45241,M436DRAFT_45241,-,-,Unknown,-,hypothetical protein,protein-coding,-,-,-,-,20151212,-
1043004,25410296,M436DRAFT_45243,M436DRAFT_45243,-,-,Unknown,-,hypothetical protein,protein-coding,-,-,-,-,20160917,-
1043004,25410297,M436DRAFT_45244,M436DRAFT_45244,-,-,Unknown,-,hypothetical protein,protein-coding,-,-,-,-,20160917,-
1043004,25410298,M436DRAFT_45246,M436DRAFT_45246,-,-,Unknown,-,hypothetical protein,protein-coding,-,-,-,-,20151212,-
1043004,25410299,M436DRAFT_45247,M436DRAFT_45247,-,-,Unknown,-,hypothetical protein,protein-coding,-,-,-,-,20160917,-
1043004,25410300,M436DRAFT_45249,M436DRAFT_45249,-,-,Unknown,-,putative vesicle transport v-SNARE protein Gos1,protein-coding,-,-,-,-,20160917,-
1043004,25410301,M436DRAFT_45253,M436DRAFT_45253,-,-,Unknown,-,nucleoside hydrolase,protein-coding,-,-,-,-,20160917,-
1043004,25410302,M436DRAFT_45259,M436DRAFT_45259,-,-,Unknown,-,MAP kinase,protein-coding,-,-,-,-,20151212,-
1043004,25410303,M436DRAFT_45261,M436DRAFT_45261,-,-,Unknown,-,Aldo/keto reductase,protein-coding,-,-,-,-,20160917,-
1043004,25410304,M436DRAFT_45263,M436DRAFT_45263,-,-,Unknown,-,chord-domain-containing protein,protein-coding,-,-,-,-,20160917,-
1043004,25410305,M436DRAFT_45268,M436DRAFT_45268,-,-,Unknown,-,hypothetical protein,protein-coding,-,-,-,-,20151212,-
1043004,25410306,M436DRAFT_45269,M436DRAFT_45269,-,-,Unknown,-,hypothetical protein,protein-coding,-,-,-,-,20160917,-
1043004,25410307,M436DRAFT_45276,M436DRAFT_45276,-,-,Unknown,-,hypothetical protein,protein-coding,-,-,-,-,20151104,-
1043004,25410308,M436DRAFT_45283,M436DRAFT_45283,-,-,Unknown,-,histone-fold-containing protein,protein-coding,-,-,-,-,20160917,-
1043004,25410309,M436DRAFT_45284,M436DRAFT_45284,-,-,Unknown,-,beta-glucanosyltransferase,protein-coding,-,-,-,-,20160917,-
1043004,25410310,M436DRAFT_45286,M436DRAFT_45286,-,-,Unknown,-,SET domain-containing protein,protein-coding,-,-,-,-,20151104,-
1043004,25410311,M436DRAFT_45301,M436DRAFT_45301,-,-,Unknown,-,hypothetical protein,protein-coding,-,-,-,-,20160917,-
1043004,25410312,M436DRAFT_45302,M436DRAFT_45302,-,-,Unknown,-,hypothetical protein,protein-coding,-,-,-,-,20151104,-
1043004,25410313,M436DRAFT_45303,M436DRAFT_45303,-,-,Unknown,-,hypothetical protein,protein-coding,-,-,-,-,20160917,-
1043004,25410314,M436DRAFT_45305,M436DRAFT_45305,-,-,Unknown,-,hypothetical protein,protein-coding,-,-,-,-,20160917,-
1043004,25410315,M436DRAFT_45311,M436DRAFT_45311,-,-,Unknown,-,hypothetical protein,protein-coding,-,-,-,-,20160917,-
1043004,25410316,M436DRAFT_45312,M436DRAFT_45312,-,-,Unknown,-,"ESCRT-II complex, vps25 subunit",protein-coding,-,-,-,-,20160917,-
1043004,25410317,M436DRAFT_45313,M436DRAFT_45313,-,-,Unknown,-,phospholipase A2,protein-coding,-,-,-,-,20160917,-
1043004,25410318,M436DRAFT_45318,M436DRAFT_45318,-,-,Unknown,-,hypothetical protein,protein-coding,-,-,-,-,20151104,-
1043004,25410319,M436DRAFT_45320,M436DRAFT_45320,-,-,Unknown,-,p53-like transcription factor,protein-coding,-,-,-,-,20160917,-
1043004,25410320,M436DRAFT_45324,M436DRAFT_45324,-,-,Unknown,-,hypothetical protein,protein-coding,-,-,-,-,20151104,-
1043004,25410321,M436DRAFT_45326,M436DRAFT_45326,-,-,Unknown,-,Nop domain-containing protein,protein-coding,-,-,-,-,20160917,-
1043004,25410322,M436DRAFT_45339,M436DRAFT_45339,-,-,Unknown,-,hypothetical protein,protein-coding,-,-,-,-,20151104,-
1043004,25410323,M436DRAFT_45343,M436DRAFT_45343,-,-,Unknown,-,TPR domain protein,protein-coding,-,-,-,-,20160917,-
1043004,25410324,M436DRAFT_45345,M436DRAFT_45345,-,-,Unknown,-,PTPLA-domain-containing protein,protein-coding,-,-,-,-,20160917,-
1043004,25410325,M436DRAFT_45352,M436DRAFT_45352,-,-,Unknown,-,ras family protein,protein-coding,-,-,-,-,20160917,-
1043004,25410326,M436DRAFT_45354,M436DRAFT_45354,-,-,Unknown,-,hypothetical protein,protein-coding,-,-,-,-,20151104,-
1043004,25410327,M436DRAFT_45362,M436DRAFT_45362,-,-,Unknown,-,putative MFS alpha-glucoside transporter,protein-coding,-,-,-,-,20160917,-
1043004,25410328,M436DRAFT_45367,M436DRAFT_45367,-,-,Unknown,-,hypothetical protein,protein-coding,-,-,-,-,20151212,-
1043004,25410329,M436DRAFT_45369,M436DRAFT_45369,-,-,Unknown,-,putative glucokinase,protein-coding,-,-,-,-,20160917,-
1043004,25410330,M436DRAFT_45373,M436DRAFT_45373,-,-,Unknown,-,hypothetical protein,protein-coding,-,-,-,-,20160917,-
1043004,25410331,M436DRAFT_45374,M436DRAFT_45374,-,-,Unknown,-,hypothetical protein,protein-coding,-,-,-,-,20160917,-
1043004,25410332,M436DRAFT_45382,M436DRAFT_45382,-,-,Unknown,-,hypothetical protein,protein-coding,-,-,-,-,20151104,-
1043004,25410333,M436DRAFT_45387,M436DRAFT_45387,-,-,Unknown,-,DUF1212-domain-containing protein,protein-coding,-,-,-,-,20160917,-
1043004,25410334,M436DRAFT_45392,M436DRAFT_45392,-,-,Unknown,-,hypothetical protein,protein-coding,-,-,-,-,20160917,-
1043004,25410335,M436DRAFT_45400,M436DRAFT_45400,-,-,Unknown,-,RNA-binding domain-containing protein,protein-coding,-,-,-,-,20160917,-
1043004,25410336,M436DRAFT_45404,M436DRAFT_45404,-,-,Unknown,-,putative methyltransferase,protein-coding,-,-,-,-,20160917,-
1043004,25410337,M436DRAFT_45415,M436DRAFT_45415,-,-,Unknown,-,hypothetical protein,protein-coding,-,-,-,-,20151104,-
1043004,25410338,M436DRAFT_45427,M436DRAFT_45427,-,-,Unknown,-,hypothetical protein,protein-coding,-,-,-,-,20151212,-
1043004,25410339,M436DRAFT_45441,M436DRAFT_45441,-,-,Unknown,-,hypothetical protein,protein-coding,-,-,-,-,20160917,-
1043004,25410340,M436DRAFT_45443,M436DRAFT_45443,-,-,Unknown,-,hypothetical protein,protein-coding,-,-,-,-,20160917,-
1043004,25410341,M436DRAFT_45458,M436DRAFT_45458,-,-,Unknown,-,magnesium-dependent phosphatase-1,protein-coding,-,-,-,-,20160917,-
1043004,25410342,M436DRAFT_45470,M436DRAFT_45470,-,-,Unknown,-,hypothetical protein,protein-coding,-,-,-,-,20151104,-
1043004,25410343,M436DRAFT_45474,M436DRAFT_45474,-,-,Unknown,-,translation elongation factor 1 subunit beta,protein-coding,-,-,-,-,20160917,-
1043004,25410344,M436DRAFT_45476,M436DRAFT_45476,-,-,Unknown,-,hypothetical protein,protein-coding,-,-,-,-,20160325,-
1043004,25410345,M436DRAFT_45482,M436DRAFT_45482,-,-,Unknown,-,hypothetical protein,protein-coding,-,-,-,-,20160917,-
1043004,25410346,M436DRAFT_45486,M436DRAFT_45486,-,-,Unknown,-,putative secretory pathway protein Ssp120,protein-coding,-,-,-,-,20160917,-
1043004,25410347,M436DRAFT_45506,M436DRAFT_45506,-,-,Unknown,-,MFS general substrate transporter,protein-coding,-,-,-,-,20160325,-
1043004,25410348,M436DRAFT_45508,M436DRAFT_45508,-,-,Unknown,-,hypothetical protein,protein-coding,-,-,-,-,20160917,-
1043004,25410349,M436DRAFT_45511,M436DRAFT_45511,-,-,Unknown,-,NAD(P)-binding protein,protein-coding,-,-,-,-,20151212,-
1043004,25410350,M436DRAFT_45515,M436DRAFT_45515,-,-,Unknown,-,glycoside hydrolase,protein-coding,-,-,-,-,20160917,-
1043004,25410351,M436DRAFT_45521,M436DRAFT_45521,-,-,Unknown,-,choline dehydrogenase,protein-coding,-,-,-,-,20160917,-
1043004,25410352,M436DRAFT_45523,M436DRAFT_45523,-,-,Unknown,-,ammonium transporter,protein-coding,-,-,-,-,20151212,-
1043004,25410353,M436DRAFT_45533,M436DRAFT_45533,-,-,Unknown,-,hypothetical protein,protein-coding,-,-,-,-,20151212,-
1043004,25410354,M436DRAFT_45534,M436DRAFT_45534,-,-,Unknown,-,hypothetical protein,protein-coding,-,-,-,-,20160917,-
1043004,25410355,M436DRAFT_45535,M436DRAFT_45535,-,-,Unknown,-,glutathione S-transferase,protein-coding,-,-,-,-,20160917,-
1043004,25410356,M436DRAFT_45536,M436DRAFT_45536,-,-,Unknown,-,"putative glucan 1,3-beta-glucosidase",protein-coding,-,-,-,-,20160917,-
1043004,25410357,M436DRAFT_45550,M436DRAFT_45550,-,-,Unknown,-,DNA polymerase lambda,protein-coding,-,-,-,-,20160917,-
1043004,25410358,M436DRAFT_45562,M436DRAFT_45562,-,-,Unknown,-,MFS general substrate transporter,protein-coding,-,-,-,-,20151212,-
1043004,25410359,M436DRAFT_45571,M436DRAFT_45571,-,-,Unknown,-,hypothetical protein,protein-coding,-,-,-,-,20160917,-
1043004,25410360,M436DRAFT_45572,M436DRAFT_45572,-,-,Unknown,-,hypothetical protein,protein-coding,-,-,-,-,20160917,-
1043004,25410361,M436DRAFT_45576,M436DRAFT_45576,-,-,Unknown,-,putative membrane copper amine oxidase,protein-coding,-,-,-,-,20160917,-
1043004,25410362,M436DRAFT_45591,M436DRAFT_45591,-,-,Unknown,-,hypothetical protein,protein-coding,-,-,-,-,20160917,-
1043004,25410363,M436DRAFT_45592,M436DRAFT_45592,-,-,Unknown,-,Dak1-domain-containing protein,protein-coding,-,-,-,-,20160917,-
1043004,25410364,M436DRAFT_45598,M436DRAFT_45598,-,-,Unknown,-,hypothetical protein,protein-coding,-,-,-,-,20160325,-
1043004,25410365,M436DRAFT_45601,M436DRAFT_45601,-,-,Unknown,-,TPR-like protein,protein-coding,-,-,-,-,20160917,-
1043004,25410366,M436DRAFT_45609,M436DRAFT_45609,-,-,Unknown,-,vacuolar protein sorting-associated protein 26,protein-coding,-,-,-,-,20210424,-
1043004,25410367,M436DRAFT_45611,M436DRAFT_45611,-,-,Unknown,-,hypothetical protein,protein-coding,-,-,-,-,20160325,-
1043004,25410368,M436DRAFT_45617,M436DRAFT_45617,-,-,Unknown,-,glycoside hydrolase,protein-coding,-,-,-,-,20160917,-
1043004,25410369,M436DRAFT_45627,M436DRAFT_45627,-,-,Unknown,-,hypothetical protein,protein-coding,-,-,-,-,20160917,-
1043004,25410370,M436DRAFT_45630,M436DRAFT_45630,-,-,Unknown,-,tRNA(m5U54)methyltransferase,protein-coding,-,-,-,-,20160917,-
1043004,25410371,M436DRAFT_45632,M436DRAFT_45632,-,-,Unknown,-,hypothetical protein,protein-coding,-,-,-,-,20151104,-
1043004,25410372,M436DRAFT_45634,M436DRAFT_45634,-,-,Unknown,-,hypothetical protein,protein-coding,-,-,-,-,20160917,-
1043004,25410373,M436DRAFT_45648,M436DRAFT_45648,-,-,Unknown,-,hypothetical protein,protein-coding,-,-,-,-,20160917,-
1043004,25410374,M436DRAFT_45656,M436DRAFT_45656,-,-,Unknown,-,hypothetical protein,protein-coding,-,-,-,-,20160917,-
1043004,25410375,M436DRAFT_45659,M436DRAFT_45659,-,-,Unknown,-,transketolase,protein-coding,-,-,-,-,20160917,-
1043004,25410376,M436DRAFT_45661,M436DRAFT_45661,-,-,Unknown,-,hypothetical protein,protein-coding,-,-,-,-,20160917,-
1043004,25410377,M436DRAFT_45662,M436DRAFT_45662,-,-,Unknown,-,hypothetical protein,protein-coding,-,-,-,-,20160917,-
1043004,25410378,M436DRAFT_45664,M436DRAFT_45664,-,-,Unknown,-,ARF/SAR superfamily,protein-coding,-,-,-,-,20210424,-
1043004,25410379,M436DRAFT_45667,M436DRAFT_45667,-,-,Unknown,-,hypothetical protein,protein-coding,-,-,-,-,20160917,-
1043004,25410380,M436DRAFT_45674,M436DRAFT_45674,-,-,Unknown,-,alpha/beta-hydrolase,protein-coding,-,-,-,-,20160917,-
1043004,25410381,M436DRAFT_45681,M436DRAFT_45681,-,-,Unknown,-,Sedlin,protein-coding,-,-,-,-,20160917,-
1043004,25410382,M436DRAFT_45688,M436DRAFT_45688,-,-,Unknown,-,Arabinanase/levansucrase/invertase,protein-coding,-,-,-,-,20151212,-
1043004,25410383,M436DRAFT_45698,M436DRAFT_45698,-,-,Unknown,-,hypothetical protein,protein-coding,-,-,-,-,20160917,-
1043004,25410384,M436DRAFT_45720,M436DRAFT_45720,-,-,Unknown,-,hypothetical protein,protein-coding,-,-,-,-,20160917,-
1043004,25410385,M436DRAFT_45727,M436DRAFT_45727,-,-,Unknown,-,external NADH-ubiquinone oxidoreductase-like protein,protein-coding,-,-,-,-,20160917,-
1043004,25410386,M436DRAFT_45732,M436DRAFT_45732,-,-,Unknown,-,TIM44 subunit of mitochondria import inner membrane translocase,protein-coding,-,-,-,-,20160917,-
1043004,25410387,M436DRAFT_45735,M436DRAFT_45735,-,-,Unknown,-,hypothetical protein,protein-coding,-,-,-,-,20160917,-
1043004,25410388,M436DRAFT_45742,M436DRAFT_45742,-,-,Unknown,-,hypothetical protein,protein-coding,-,-,-,-,20151104,-
1043004,25410389,M436DRAFT_45744,M436DRAFT_45744,-,-,Unknown,-,hypothetical protein,protein-coding,-,-,-,-,20160917,-
1043004,25410390,M436DRAFT_45749,M436DRAFT_45749,-,-,Unknown,-,hypothetical protein,protein-coding,-,-,-,-,20151212,-
1043004,25410391,M436DRAFT_45754,M436DRAFT_45754,-,-,Unknown,-,hypothetical protein,protein-coding,-,-,-,-,20151104,-
1043004,25410392,M436DRAFT_45762,M436DRAFT_45762,-,-,Unknown,-,MFS general substrate transporter,protein-coding,-,-,-,-,20151212,-
1043004,25410393,M436DRAFT_45765,M436DRAFT_45765,-,-,Unknown,-,TPR-like protein,protein-coding,-,-,-,-,20160917,-
1043004,25410394,M436DRAFT_45767,M436DRAFT_45767,-,-,Unknown,-,hypothetical protein,protein-coding,-,-,-,-,20160917,-
1043004,25410395,M436DRAFT_45788,M436DRAFT_45788,-,-,Unknown,-,DNA glycosylase,protein-coding,-,-,-,-,20160917,-
1043004,25410396,M436DRAFT_45792,M436DRAFT_45792,-,-,Unknown,-,Asp-domain-containing protein,protein-coding,-,-,-,-,20160917,-
1043004,25410397,M436DRAFT_45809,M436DRAFT_45809,-,-,Unknown,-,exoribonuclease family protein,protein-coding,-,-,-,-,20160917,-
1043004,25410398,M436DRAFT_45817,M436DRAFT_45817,-,-,Unknown,-,mPR-typeG-protein-coupled receptor,protein-coding,-,-,-,-,20160917,-
1043004,25410399,M436DRAFT_45818,M436DRAFT_45818,-,-,Unknown,-,hypothetical protein,protein-coding,-,-,-,-,20160917,-
1043004,25410400,M436DRAFT_45820,M436DRAFT_45820,-,-,Unknown,-,hypothetical protein,protein-coding,-,-,-,-,20160917,-
1043004,25410401,M436DRAFT_45832,M436DRAFT_45832,-,-,Unknown,-,hypothetical protein,protein-coding,-,-,-,-,20151104,-
1043004,25410402,M436DRAFT_45840,M436DRAFT_45840,-,-,Unknown,-,hypothetical protein,protein-coding,-,-,-,-,20151104,-
1043004,25410403,M436DRAFT_45841,M436DRAFT_45841,-,-,Unknown,-,60S ribosomal protein L9,protein-coding,-,-,-,-,20160917,-
1043004,25410404,M436DRAFT_45844,M436DRAFT_45844,-,-,Unknown,-,hypothetical protein,protein-coding,-,-,-,-,20160917,-
1043004,25410405,M436DRAFT_45850,M436DRAFT_45850,-,-,Unknown,-,RTA1-domain-containing protein,protein-coding,-,-,-,-,20160917,-
1043004,25410406,M436DRAFT_45863,M436DRAFT_45863,-,-,Unknown,-,hypothetical protein,protein-coding,-,-,-,-,20151104,-
1043004,25410407,M436DRAFT_45867,M436DRAFT_45867,-,-,Unknown,-,S-adenosyl-L-methionine-dependent methyltransferase,protein-coding,-,-,-,-,20160917,-
1043004,25410408,M436DRAFT_45872,M436DRAFT_45872,-,-,Unknown,-,ubiquitin carboxyl-terminal hydrolase 14,protein-coding,-,-,-,-,20160917,-
1043004,25410409,M436DRAFT_45879,M436DRAFT_45879,-,-,Unknown,-,hypothetical protein,protein-coding,-,-,-,-,20151104,-
1043004,25410410,M436DRAFT_45896,M436DRAFT_45896,-,-,Unknown,-,hypothetical protein,protein-coding,-,-,-,-,20160917,-
1043004,25410411,M436DRAFT_45897,M436DRAFT_45897,-,-,Unknown,-,hypothetical protein,protein-coding,-,-,-,-,20151104,-
1043004,25410412,M436DRAFT_45898,M436DRAFT_45898,-,-,Unknown,-,Cut8-domain-containing protein,protein-coding,-,-,-,-,20160917,-
1043004,25410413,M436DRAFT_45901,M436DRAFT_45901,-,-,Unknown,-,"tetrapyrrole biosynthesis, uroporphyrinogen III synthase",protein-coding,-,-,-,-,20151212,-
1043004,25410414,M436DRAFT_45922,M436DRAFT_45922,-,-,Unknown,-,eukaryotic translation initiation factor 3 subunit F,protein-coding,-,-,-,-,20151212,-
1043004,25410415,M436DRAFT_45934,M436DRAFT_45934,-,-,Unknown,-,bicyclomycin resistance protein,protein-coding,-,-,-,-,20160917,-
1043004,25410416,M436DRAFT_45956,M436DRAFT_45956,-,-,Unknown,-,hypothetical protein,protein-coding,-,-,-,-,20160917,-
1043004,25410417,M436DRAFT_45960,M436DRAFT_45960,-,-,Unknown,-,cytochrome P450,protein-coding,-,-,-,-,20160917,-
1043004,25410418,M436DRAFT_45964,M436DRAFT_45964,-,-,Unknown,-,hypothetical protein,protein-coding,-,-,-,-,20160917,-
1043004,25410419,M436DRAFT_45976,M436DRAFT_45976,-,-,Unknown,-,ARM repeat-containing protein,protein-coding,-,-,-,-,20160917,-
1043004,25410420,M436DRAFT_45981,M436DRAFT_45981,-,-,Unknown,-,hypothetical protein,protein-coding,-,-,-,-,20151104,-
1043004,25410421,M436DRAFT_45984,M436DRAFT_45984,-,-,Unknown,-,PSP1-domain-containing protein,protein-coding,-,-,-,-,20160917,-
1043004,25410422,M436DRAFT_45986,M436DRAFT_45986,-,-,Unknown,-,hypothetical protein,protein-coding,-,-,-,-,20160917,-
1043004,25410423,M436DRAFT_45999,M436DRAFT_45999,-,-,Unknown,-,cyclin-domain-containing protein,protein-coding,-,-,-,-,20160917,-
1043004,25410424,M436DRAFT_46004,M436DRAFT_46004,-,-,Unknown,-,hypothetical protein,protein-coding,-,-,-,-,20160325,-
1043004,25410425,M436DRAFT_46005,M436DRAFT_46005,-,-,Unknown,-,hypothetical protein,protein-coding,-,-,-,-,20151104,-
1043004,25410426,M436DRAFT_46009,M436DRAFT_46009,-,-,Unknown,-,hypothetical protein,protein-coding,-,-,-,-,20151104,-
1043004,25410427,M436DRAFT_46010,M436DRAFT_46010,-,-,Unknown,-,RabGAP/TBC,protein-coding,-,-,-,-,20160917,-
1043004,25410428,M436DRAFT_46011,M436DRAFT_46011,-,-,Unknown,-,hypothetical protein,protein-coding,-,-,-,-,20151104,-
1043004,25410429,M436DRAFT_46012,M436DRAFT_46012,-,-,Unknown,-,hypothetical protein,protein-coding,-,-,-,-,20160917,-
1043004,25410430,M436DRAFT_46014,M436DRAFT_46014,-,-,Unknown,-,mitochondrial 54S ribosomal protein YmL9,protein-coding,-,-,-,-,20160325,-
1043004,25410431,M436DRAFT_46017,M436DRAFT_46017,-,-,Unknown,-,ketopantoate hydroxymethyltransferase,protein-coding,-,-,-,-,20160917,-
1043004,25410432,M436DRAFT_46021,M436DRAFT_46021,-,-,Unknown,-,hypothetical protein,protein-coding,-,-,-,-,20160917,-
1043004,25410433,M436DRAFT_46025,M436DRAFT_46025,-,-,Unknown,-,hypothetical protein,protein-coding,-,-,-,-,20160917,-
1043004,25410434,M436DRAFT_46028,M436DRAFT_46028,-,-,Unknown,-,FMN-dependent alpha-hydroxy acid dehydrogenase,protein-coding,-,-,-,-,20160917,-
1043004,25410435,M436DRAFT_46029,M436DRAFT_46029,-,-,Unknown,-,WD40 repeat-like protein,protein-coding,-,-,-,-,20160917,-
1043004,25410436,M436DRAFT_46030,M436DRAFT_46030,-,-,Unknown,-,"replication factor A 1, rfa1",protein-coding,-,-,-,-,20160917,-
1043004,25410437,M436DRAFT_46033,M436DRAFT_46033,-,-,Unknown,-,hypothetical protein,protein-coding,-,-,-,-,20160917,-
1043004,25410438,M436DRAFT_46040,M436DRAFT_46040,-,-,Unknown,-,isoleucyl-tRNA synthetase,protein-coding,-,-,-,-,20160917,-
1043004,25410439,M436DRAFT_46043,M436DRAFT_46043,-,-,Unknown,-,acid protease,protein-coding,-,-,-,-,20160917,-
1043004,25410440,M436DRAFT_46045,M436DRAFT_46045,-,-,Unknown,-,myo-inositol transporter Itr1,protein-coding,-,-,-,-,20160917,-
1043004,25410441,M436DRAFT_46049,M436DRAFT_46049,-,-,Unknown,-,antiviral helicase,protein-coding,-,-,-,-,20160917,-
1043004,25410442,M436DRAFT_46054,M436DRAFT_46054,-,-,Unknown,-,SNF7 family protein-like protein,protein-coding,-,-,-,-,20160917,-
1043004,25410443,M436DRAFT_46056,M436DRAFT_46056,-,-,Unknown,-,hypothetical protein,protein-coding,-,-,-,-,20160917,-
1043004,25410444,M436DRAFT_46064,M436DRAFT_46064,-,-,Unknown,-,cytochrome P450 alkane hydroxylase-like protein,protein-coding,-,-,-,-,20160917,-
1043004,25410445,M436DRAFT_46074,M436DRAFT_46074,-,-,Unknown,-,hypothetical protein,protein-coding,-,-,-,-,20160917,-
1043004,25410446,M436DRAFT_46079,M436DRAFT_46079,-,-,Unknown,-,hypothetical protein,protein-coding,-,-,-,-,20151104,-
1043004,25410447,M436DRAFT_46080,M436DRAFT_46080,-,-,Unknown,-,hypothetical protein,protein-coding,-,-,-,-,20160917,-
1043004,25410448,M436DRAFT_46081,M436DRAFT_46081,-,-,Unknown,-,hypothetical protein,protein-coding,-,-,-,-,20160917,-
1043004,25410449,M436DRAFT_46101,M436DRAFT_46101,-,-,Unknown,-,cutinase,protein-coding,-,-,-,-,20160917,-
1043004,25410450,M436DRAFT_46102,M436DRAFT_46102,-,-,Unknown,-,hypothetical protein,protein-coding,-,-,-,-,20151104,-
1043004,25410451,M436DRAFT_46110,M436DRAFT_46110,-,-,Unknown,-,hypothetical protein,protein-coding,-,-,-,-,20160917,-
1043004,25410452,M436DRAFT_46112,M436DRAFT_46112,-,-,Unknown,-,hypothetical protein,protein-coding,-,-,-,-,20151104,-
1043004,25410453,M436DRAFT_46125,M436DRAFT_46125,-,-,Unknown,-,glycosyl hydrolase 53,protein-coding,-,-,-,-,20160917,-
1043004,25410454,M436DRAFT_46126,M436DRAFT_46126,-,-,Unknown,-,Sfi1 spindle body,protein-coding,-,-,-,-,20160917,-
1043004,25410455,M436DRAFT_46127,M436DRAFT_46127,-,-,Unknown,-,acetolactate synthase small subunit,protein-coding,-,-,-,-,20160917,-
1043004,25410456,M436DRAFT_46128,M436DRAFT_46128,-,-,Unknown,-,MOSC-domain-containing protein,protein-coding,-,-,-,-,20160917,-
1043004,25410457,M436DRAFT_46131,M436DRAFT_46131,-,-,Unknown,-,Ctr copper transporter,protein-coding,-,-,-,-,20160917,-
1043004,25410458,M436DRAFT_46132,M436DRAFT_46132,-,-,Unknown,-,Metallo-dependent phosphatase,protein-coding,-,-,-,-,20151212,-
1043004,25410459,M436DRAFT_46133,M436DRAFT_46133,-,-,Unknown,-,hypothetical protein,protein-coding,-,-,-,-,20160917,-
1043004,25410460,M436DRAFT_46138,M436DRAFT_46138,-,-,Unknown,-,FeS cluster assembly scaffold IscU,protein-coding,-,-,-,-,20160917,-
1043004,25410461,M436DRAFT_46142,M436DRAFT_46142,-,-,Unknown,-,hypothetical protein,protein-coding,-,-,-,-,20160917,-
1043004,25410462,M436DRAFT_46157,M436DRAFT_46157,-,-,Unknown,-,glutaredoxin,protein-coding,-,-,-,-,20151212,-
1043004,25410463,M436DRAFT_46161,M436DRAFT_46161,-,-,Unknown,-,hypothetical protein,protein-coding,-,-,-,-,20151104,-
1043004,25410464,M436DRAFT_46170,M436DRAFT_46170,-,-,Unknown,-,hypothetical protein,protein-coding,-,-,-,-,20151104,-
1043004,25410465,M436DRAFT_46174,M436DRAFT_46174,-,-,Unknown,-,glycoside hydrolase,protein-coding,-,-,-,-,20160917,-
1043004,25410466,M436DRAFT_46177,M436DRAFT_46177,-,-,Unknown,-,chromate transporter,protein-coding,-,-,-,-,20160917,-
1043004,25410467,M436DRAFT_46179,M436DRAFT_46179,-,-,Unknown,-,kinase-like protein,protein-coding,-,-,-,-,20160917,-
1043004,25410468,M436DRAFT_46181,M436DRAFT_46181,-,-,Unknown,-,Pkinase-domain-containing protein,protein-coding,-,-,-,-,20160917,-
1043004,25410469,M436DRAFT_46183,M436DRAFT_46183,-,-,Unknown,-,MFS general substrate transporter,protein-coding,-,-,-,-,20160917,-
1043004,25410470,M436DRAFT_46189,M436DRAFT_46189,-,-,Unknown,-,hypothetical protein,protein-coding,-,-,-,-,20160325,-
1043004,25410471,M436DRAFT_46195,M436DRAFT_46195,-,-,Unknown,-,DUF647-domain-containing protein,protein-coding,-,-,-,-,20160917,-
1043004,25410472,M436DRAFT_46206,M436DRAFT_46206,-,-,Unknown,-,hypothetical protein,protein-coding,-,-,-,-,20151104,-
1043004,25410473,M436DRAFT_46216,M436DRAFT_46216,-,-,Unknown,-,putative MFS transporter,protein-coding,-,-,-,-,20160917,-
1043004,25410474,M436DRAFT_46218,M436DRAFT_46218,-,-,Unknown,-,hypothetical protein,protein-coding,-,-,-,-,20160917,-
1043004,25410475,M436DRAFT_46231,M436DRAFT_46231,-,-,Unknown,-,citrate synthase,protein-coding,-,-,-,-,20160917,-
1043004,25410476,M436DRAFT_46233,M436DRAFT_46233,-,-,Unknown,-,hypothetical protein,protein-coding,-,-,-,-,20151212,-
1043004,25410477,M436DRAFT_46234,M436DRAFT_46234,-,-,Unknown,-,FMN-linked oxidoreductase,protein-coding,-,-,-,-,20160917,-
1043004,25410478,M436DRAFT_46236,M436DRAFT_46236,-,-,Unknown,-,Pfs domain protein,protein-coding,-,-,-,-,20151212,-
1043004,25410479,M436DRAFT_46240,M436DRAFT_46240,-,-,Unknown,-,phosphoglycerate mutase-like protein,protein-coding,-,-,-,-,20160917,-
1043004,25410480,M436DRAFT_46241,M436DRAFT_46241,-,-,Unknown,-,hypothetical protein,protein-coding,-,-,-,-,20151104,-
1043004,25410481,M436DRAFT_46242,M436DRAFT_46242,-,-,Unknown,-,RNA-binding domain-containing protein,protein-coding,-,-,-,-,20160917,-
1043004,25410482,M436DRAFT_46244,M436DRAFT_46244,-,-,Unknown,-,NAD(P)-binding protein,protein-coding,-,-,-,-,20160917,-
1043004,25410483,M436DRAFT_46246,M436DRAFT_46246,-,-,Unknown,-,glucose-methanol-choline oxidoreductase-like protein,protein-coding,-,-,-,-,20160917,-
1043004,25410484,M436DRAFT_46250,M436DRAFT_46250,-,-,Unknown,-,hypothetical protein,protein-coding,-,-,-,-,20151212,-
1043004,25410485,M436DRAFT_46259,M436DRAFT_46259,-,-,Unknown,-,NAD(P)-binding protein,protein-coding,-,-,-,-,20160917,-
1043004,25410486,M436DRAFT_46262,M436DRAFT_46262,-,-,Unknown,-,cell division control protein 10,protein-coding,-,-,-,-,20151212,-
1043004,25410487,M436DRAFT_46263,M436DRAFT_46263,-,-,Unknown,-,hypothetical protein,protein-coding,-,-,-,-,20160325,-
1043004,25410488,M436DRAFT_46270,M436DRAFT_46270,-,-,Unknown,-,hypothetical protein,protein-coding,-,-,-,-,20151212,-
1043004,25410489,M436DRAFT_46272,M436DRAFT_46272,-,-,Unknown,-,glycoside hydrolase,protein-coding,-,-,-,-,20160917,-
1043004,25410490,M436DRAFT_46275,M436DRAFT_46275,-,-,Unknown,-,Arabinanase/levansucrase/invertase,protein-coding,-,-,-,-,20151212,-
1043004,25410491,M436DRAFT_46276,M436DRAFT_46276,-,-,Unknown,-,DNA repair protein,protein-coding,-,-,-,-,20160917,-
1043004,25410492,M436DRAFT_46278,M436DRAFT_46278,-,-,Unknown,-,5-methyltetrahydropteroyltriglutamate-homocysteine methyltransferase,protein-coding,-,-,-,-,20151212,-
1043004,25410493,M436DRAFT_46279,M436DRAFT_46279,-,-,Unknown,-,hypothetical protein,protein-coding,-,-,-,-,20160325,-
1043004,25410494,M436DRAFT_46280,M436DRAFT_46280,-,-,Unknown,-,hypothetical protein,protein-coding,-,-,-,-,20151212,-
1043004,25410495,M436DRAFT_46287,M436DRAFT_46287,-,-,Unknown,-,glucose 1-dehydrogenase,protein-coding,-,-,-,-,20151212,-
1043004,25410496,M436DRAFT_46290,M436DRAFT_46290,-,-,Unknown,-,alpha-ketoglutarate-dependent taurine dioxygenase,protein-coding,-,-,-,-,20160917,-
1043004,25410497,M436DRAFT_46293,M436DRAFT_46293,-,-,Unknown,-,peptidyl-prolyl cis-trans isomerase ppi1,protein-coding,-,-,-,-,20160917,-
1043004,25410498,M436DRAFT_46296,M436DRAFT_46296,-,-,Unknown,-,Pkinase-domain-containing protein,protein-coding,-,-,-,-,20151212,-
1043004,25410499,M436DRAFT_46299,M436DRAFT_46299,-,-,Unknown,-,hypothetical protein,protein-coding,-,-,-,-,20160917,-
1043004,25410500,M436DRAFT_46303,M436DRAFT_46303,-,-,Unknown,-,putative MFS transporter Liz1/Seo1,protein-coding,-,-,-,-,20160917,-
1043004,25410501,M436DRAFT_46305,M436DRAFT_46305,-,-,Unknown,-,Calcium/proton exchanger,protein-coding,-,-,-,-,20160917,-
1043004,25410502,M436DRAFT_46308,M436DRAFT_46308,-,-,Unknown,-,hypothetical protein,protein-coding,-,-,-,-,20151212,-
1043004,25410503,M436DRAFT_46319,M436DRAFT_46319,-,-,Unknown,-,alpha/beta hydrolase,protein-coding,-,-,-,-,20160917,-
1043004,25410504,M436DRAFT_46327,M436DRAFT_46327,-,-,Unknown,-,putative Translin-1,protein-coding,-,-,-,-,20151212,-
1043004,25410505,M436DRAFT_46328,M436DRAFT_46328,-,-,Unknown,-,mitochondrial import inner membrane translocase-like protein subunit tim9,protein-coding,-,-,-,-,20160917,-
1043004,25410506,M436DRAFT_46329,M436DRAFT_46329,-,-,Unknown,-,"DASH complex, subunit Dad3",protein-coding,-,-,-,-,20160917,-
1043004,25410507,M436DRAFT_46339,M436DRAFT_46339,-,-,Unknown,-,Diaminopimelate epimerase-like protein,protein-coding,-,-,-,-,20160917,-
1043004,25410508,M436DRAFT_46363,M436DRAFT_46363,-,-,Unknown,-,maleylacetoacetate isomerase,protein-coding,-,-,-,-,20160917,-
1043004,25410509,M436DRAFT_46375,M436DRAFT_46375,-,-,Unknown,-,hypothetical protein,protein-coding,-,-,-,-,20160917,-
1043004,25410510,M436DRAFT_46378,M436DRAFT_46378,-,-,Unknown,-,hypothetical protein,protein-coding,-,-,-,-,20160917,-
1043004,25410511,M436DRAFT_46386,M436DRAFT_46386,-,-,Unknown,-,ATP-dependent DNA helicase,protein-coding,-,-,-,-,20160917,-
1043004,25410512,M436DRAFT_46390,M436DRAFT_46390,-,-,Unknown,-,hypothetical protein,protein-coding,-,-,-,-,20151104,-
1043004,25410513,M436DRAFT_46391,M436DRAFT_46391,-,-,Unknown,-,RIO1-domain-containing protein,protein-coding,-,-,-,-,20160917,-
1043004,25410514,M436DRAFT_46394,M436DRAFT_46394,-,-,Unknown,-,WD40 repeat protein,protein-coding,-,-,-,-,20160917,-
1043004,25410515,M436DRAFT_46398,M436DRAFT_46398,-,-,Unknown,-,Erg28 protein,protein-coding,-,-,-,-,20160917,-
1043004,25410516,M436DRAFT_46400,M436DRAFT_46400,-,-,Unknown,-,"26S proteasome regulatory complex, non-ATPase subcomplex, Rpn1 subunit",protein-coding,-,-,-,-,20160917,-
1043004,25410517,M436DRAFT_46407,M436DRAFT_46407,-,-,Unknown,-,Sodium/hydrogen exchanger,protein-coding,-,-,-,-,20160917,-
1043004,25410518,M436DRAFT_46410,M436DRAFT_46410,-,-,Unknown,-,NADH-ubiquinone oxidoreductase,protein-coding,-,-,-,-,20160917,-
1043004,25410519,M436DRAFT_46411,M436DRAFT_46411,-,-,Unknown,-,hypothetical protein,protein-coding,-,-,-,-,20160917,-
1043004,25410520,M436DRAFT_46423,M436DRAFT_46423,-,-,Unknown,-,ankyrin,protein-coding,-,-,-,-,20160917,-
1043004,25410521,M436DRAFT_46424,M436DRAFT_46424,-,-,Unknown,-,hypothetical protein,protein-coding,-,-,-,-,20160917,-
1043004,25410522,M436DRAFT_46432,M436DRAFT_46432,-,-,Unknown,-,hypothetical protein,protein-coding,-,-,-,-,20160917,-
1043004,25410523,M436DRAFT_46434,M436DRAFT_46434,-,-,Unknown,-,"indoleamine 2,3-dioxygenase subfamily",protein-coding,-,-,-,-,20160917,-
1043004,25410524,M436DRAFT_46439,M436DRAFT_46439,-,-,Unknown,-,hypothetical protein,protein-coding,-,-,-,-,20151104,-
1043004,25410525,M436DRAFT_46452,M436DRAFT_46452,-,-,Unknown,-,oligopeptide transporter-like protein,protein-coding,-,-,-,-,20160917,-
1043004,25410526,M436DRAFT_46454,M436DRAFT_46454,-,-,Unknown,-,phosphoglycerate mutase-like protein,protein-coding,-,-,-,-,20160917,-
1043004,25410527,M436DRAFT_46456,M436DRAFT_46456,-,-,Unknown,-,TRP-domain-containing protein,protein-coding,-,-,-,-,20160917,-
1043004,25410528,M436DRAFT_46461,M436DRAFT_46461,-,-,Unknown,-,hypothetical protein,protein-coding,-,-,-,-,20151104,-
1043004,25410529,M436DRAFT_46463,M436DRAFT_46463,-,-,Unknown,-,regulator of G protein signaling superfamily,protein-coding,-,-,-,-,20160917,-
1043004,25410530,M436DRAFT_46469,M436DRAFT_46469,-,-,Unknown,-,hypothetical protein,protein-coding,-,-,-,-,20160325,-
1043004,25410531,M436DRAFT_46474,M436DRAFT_46474,-,-,Unknown,-,NAF1-domain-containing protein,protein-coding,-,-,-,-,20160917,-
1043004,25410532,M436DRAFT_46477,M436DRAFT_46477,-,-,Unknown,-,E1-like protein-activating,protein-coding,-,-,-,-,20160917,-
1043004,25410533,M436DRAFT_46479,M436DRAFT_46479,-,-,Unknown,-,ubiquitin-conjugating enzyme,protein-coding,-,-,-,-,20160917,-
1043004,25410534,M436DRAFT_46487,M436DRAFT_46487,-,-,Unknown,-,hypothetical protein,protein-coding,-,-,-,-,20160917,-
1043004,25410535,M436DRAFT_46497,M436DRAFT_46497,-,-,Unknown,-,RNA-binding domain-containing protein,protein-coding,-,-,-,-,20160917,-
1043004,25410536,M436DRAFT_46500,M436DRAFT_46500,-,-,Unknown,-,hypothetical protein,protein-coding,-,-,-,-,20151104,-
1043004,25410537,M436DRAFT_46505,M436DRAFT_46505,-,-,Unknown,-,hypothetical protein,protein-coding,-,-,-,-,20151104,-
1043004,25410538,M436DRAFT_46509,M436DRAFT_46509,-,-,Unknown,-,kinetochore protein nuf2,protein-coding,-,-,-,-,20160917,-
1043004,25410539,M436DRAFT_46517,M436DRAFT_46517,-,-,Unknown,-,hypothetical protein,protein-coding,-,-,-,-,20160917,-
1043004,25410540,M436DRAFT_46519,M436DRAFT_46519,-,-,Unknown,-,D-xylulose 5-phosphate/D-fructose 6-phosphate phosphoketolase,protein-coding,-,-,-,-,20160917,-
1043004,25410541,M436DRAFT_46522,M436DRAFT_46522,-,-,Unknown,-,DWNN-domain-containing protein,protein-coding,-,-,-,-,20160917,-
1043004,25410542,M436DRAFT_46528,M436DRAFT_46528,-,-,Unknown,-,hypothetical protein,protein-coding,-,-,-,-,20160917,-
1043004,25410543,M436DRAFT_46535,M436DRAFT_46535,-,-,Unknown,-,DUF1753-domain-containing protein,protein-coding,-,-,-,-,20160917,-
1043004,25410544,M436DRAFT_46541,M436DRAFT_46541,-,-,Unknown,-,hypothetical protein,protein-coding,-,-,-,-,20151104,-
1043004,25410545,M436DRAFT_46542,M436DRAFT_46542,-,-,Unknown,-,RNA-binding domain-containing protein,protein-coding,-,-,-,-,20160917,-
1043004,25410546,M436DRAFT_46545,M436DRAFT_46545,-,-,Unknown,-,hypothetical protein,protein-coding,-,-,-,-,20151212,-
1043004,25410547,M436DRAFT_46558,M436DRAFT_46558,-,-,Unknown,-,P-loop containing nucleoside triphosphate hydrolase protein,protein-coding,-,-,-,-,20160917,-
1043004,25410548,M436DRAFT_46564,M436DRAFT_46564,-,-,Unknown,-,hypothetical protein,protein-coding,-,-,-,-,20160917,-
1043004,25410549,M436DRAFT_46567,M436DRAFT_46567,-,-,Unknown,-,hypothetical protein,protein-coding,-,-,-,-,20151104,-
1043004,25410550,M436DRAFT_46574,M436DRAFT_46574,-,-,Unknown,-,hypothetical protein,protein-coding,-,-,-,-,20160325,-
1043004,25410551,M436DRAFT_46576,M436DRAFT_46576,-,-,Unknown,-,terpenoid cyclases/Protein prenyltransferase,protein-coding,-,-,-,-,20151212,-
1043004,25410552,M436DRAFT_46586,M436DRAFT_46586,-,-,Unknown,-,hypothetical protein,protein-coding,-,-,-,-,20151104,-
1043004,25410553,M436DRAFT_46591,M436DRAFT_46591,-,-,Unknown,-,AIP3-domain-containing protein,protein-coding,-,-,-,-,20160917,-
1043004,25410554,M436DRAFT_46595,M436DRAFT_46595,-,-,Unknown,-,"beta ketoadipate:succinyl-CoA transferase, TR1",protein-coding,-,-,-,-,20160917,-
1043004,25410555,M436DRAFT_46597,M436DRAFT_46597,-,-,Unknown,-,oxidoreductase,protein-coding,-,-,-,-,20160917,-
1043004,25410556,M436DRAFT_46604,M436DRAFT_46604,-,-,Unknown,-,trimeric LpxA-like protein,protein-coding,-,-,-,-,20160917,-
1043004,25410557,M436DRAFT_46615,M436DRAFT_46615,-,-,Unknown,-,putative metalloreductase,protein-coding,-,-,-,-,20160917,-
1043004,25410558,M436DRAFT_46627,M436DRAFT_46627,-,-,Unknown,-,DUF250 domain membrane protein,protein-coding,-,-,-,-,20160917,-
1043004,25410559,M436DRAFT_46629,M436DRAFT_46629,-,-,Unknown,-,tetratricopeptide repeat protein,protein-coding,-,-,-,-,20160917,-
1043004,25410560,M436DRAFT_46631,M436DRAFT_46631,-,-,Unknown,-,hypothetical protein,protein-coding,-,-,-,-,20160917,-
1043004,25410561,M436DRAFT_46635,M436DRAFT_46635,-,-,Unknown,-,FabD/lysophospholipase-like protein,protein-coding,-,-,-,-,20151212,-
1043004,25410562,M436DRAFT_46640,M436DRAFT_46640,-,-,Unknown,-,MFS general substrate transporter,protein-coding,-,-,-,-,20160917,-
1043004,25410563,M436DRAFT_46642,M436DRAFT_46642,-,-,Unknown,-,hypothetical protein,protein-coding,-,-,-,-,20151104,-
1043004,25410564,M436DRAFT_46645,M436DRAFT_46645,-,-,Unknown,-,NAD(P)-binding protein,protein-coding,-,-,-,-,20160917,-
1043004,25410565,M436DRAFT_46649,M436DRAFT_46649,-,-,Unknown,-,hypothetical protein,protein-coding,-,-,-,-,20160917,-
1043004,25410566,M436DRAFT_46654,M436DRAFT_46654,-,-,Unknown,-,"chitin synthase, class II",protein-coding,-,-,-,-,20160917,-
1043004,25410567,M436DRAFT_46656,M436DRAFT_46656,-,-,Unknown,-,NAD(P)-binding protein,protein-coding,-,-,-,-,20151212,-
1043004,25410568,M436DRAFT_46665,M436DRAFT_46665,-,-,Unknown,-,hypothetical protein,protein-coding,-,-,-,-,20151104,-
1043004,25410569,M436DRAFT_46670,M436DRAFT_46670,-,-,Unknown,-,putative zinc-binding alcohol dehydrogenase domain-containing protein cipB,protein-coding,-,-,-,-,20151212,-
1043004,25410570,M436DRAFT_46678,M436DRAFT_46678,-,-,Unknown,-,hypothetical protein,protein-coding,-,-,-,-,20160917,-
1043004,25410571,M436DRAFT_46685,M436DRAFT_46685,-,-,Unknown,-,hypothetical protein,protein-coding,-,-,-,-,20160917,-
1043004,25410572,M436DRAFT_46690,M436DRAFT_46690,-,-,Unknown,-,putative potassium transporter,protein-coding,-,-,-,-,20160917,-
1043004,25410573,M436DRAFT_46702,M436DRAFT_46702,-,-,Unknown,-,XAP5-domain-containing protein,protein-coding,-,-,-,-,20160917,-
1043004,25410574,M436DRAFT_46708,M436DRAFT_46708,-,-,Unknown,-,hypothetical protein,protein-coding,-,-,-,-,20160917,-
1043004,25410575,M436DRAFT_46709,M436DRAFT_46709,-,-,Unknown,-,hypothetical protein,protein-coding,-,-,-,-,20160917,-
1043004,25410576,M436DRAFT_46712,M436DRAFT_46712,-,-,Unknown,-,hypothetical protein,protein-coding,-,-,-,-,20160917,-
1043004,25410577,M436DRAFT_46717,M436DRAFT_46717,-,-,Unknown,-,acyl-CoA N-acyltransferase,protein-coding,-,-,-,-,20160917,-
1043004,25410578,M436DRAFT_46721,M436DRAFT_46721,-,-,Unknown,-,hypothetical protein,protein-coding,-,-,-,-,20151212,-
1043004,25410579,M436DRAFT_46747,M436DRAFT_46747,-,-,Unknown,-,zinc-binding dehydrogenase,protein-coding,-,-,-,-,20151212,-
1043004,25410580,M436DRAFT_46757,M436DRAFT_46757,-,-,Unknown,-,nagb/rpia/CoA transferase-like protein,protein-coding,-,-,-,-,20151212,-
1043004,25410581,M436DRAFT_46758,M436DRAFT_46758,-,-,Unknown,-,GPR1/FUN34/YaaH-class plasma membrane protein-like protein,protein-coding,-,-,-,-,20160917,-
1043004,25410582,M436DRAFT_46767,M436DRAFT_46767,-,-,Unknown,-,P-loop containing nucleoside triphosphate hydrolase protein,protein-coding,-,-,-,-,20160917,-
1043004,25410583,M436DRAFT_46776,M436DRAFT_46776,-,-,Unknown,-,S-adenosyl-L-methionine-dependent methyltransferase,protein-coding,-,-,-,-,20160917,-
1043004,25410584,M436DRAFT_46779,M436DRAFT_46779,-,-,Unknown,-,hypothetical protein,protein-coding,-,-,-,-,20151212,-
1043004,25410585,M436DRAFT_46784,M436DRAFT_46784,-,-,Unknown,-,hypothetical protein,protein-coding,-,-,-,-,20151104,-
1043004,25410586,M436DRAFT_46787,M436DRAFT_46787,-,-,Unknown,-,hypothetical protein,protein-coding,-,-,-,-,20151104,-
1043004,25410587,M436DRAFT_46794,M436DRAFT_46794,-,-,Unknown,-,X-Pro dipeptidase,protein-coding,-,-,-,-,20160917,-
1043004,25410588,M436DRAFT_46797,M436DRAFT_46797,-,-,Unknown,-,60S ribosomal protein L22,protein-coding,-,-,-,-,20160917,-
1043004,25410589,M436DRAFT_46798,M436DRAFT_46798,-,-,Unknown,-,putative beta-galactosidase,protein-coding,-,-,-,-,20160917,-
1043004,25410590,M436DRAFT_46799,M436DRAFT_46799,-,-,Unknown,-,hypothetical protein,protein-coding,-,-,-,-,20160325,-
1043004,25410591,M436DRAFT_46800,M436DRAFT_46800,-,-,Unknown,-,ras GEF,protein-coding,-,-,-,-,20160917,-
1043004,25410592,M436DRAFT_46806,M436DRAFT_46806,-,-,Unknown,-,ornithine carbamoyltransferase,protein-coding,-,-,-,-,20160917,-
1043004,25410593,M436DRAFT_46817,M436DRAFT_46817,-,-,Unknown,-,MFS general substrate transporter,protein-coding,-,-,-,-,20160325,-
1043004,25410594,M436DRAFT_46848,M436DRAFT_46848,-,-,Unknown,-,acetylornithine deacetylase/succinyldiaminopimelate desuccinylase-like deacylase,protein-coding,-,-,-,-,20151212,-
1043004,25410595,M436DRAFT_46854,M436DRAFT_46854,-,-,Unknown,-,hypothetical protein,protein-coding,-,-,-,-,20160917,-
1043004,25410596,M436DRAFT_46856,M436DRAFT_46856,-,-,Unknown,-,hypothetical protein,protein-coding,-,-,-,-,20160325,-
1043004,25410597,M436DRAFT_46861,M436DRAFT_46861,-,-,Unknown,-,hypothetical protein,protein-coding,-,-,-,-,20160917,-
1043004,25410598,M436DRAFT_46864,M436DRAFT_46864,-,-,Unknown,-,putative FRE ferric reductase-like transmembrane component,protein-coding,-,-,-,-,20160917,-
1043004,25410599,M436DRAFT_46866,M436DRAFT_46866,-,-,Unknown,-,Pkinase-domain-containing protein,protein-coding,-,-,-,-,20160917,-
1043004,25410600,M436DRAFT_46879,M436DRAFT_46879,-,-,Unknown,-,hypothetical protein,protein-coding,-,-,-,-,20151212,-
1043004,25410601,M436DRAFT_46880,M436DRAFT_46880,-,-,Unknown,-,small secreted protein,protein-coding,-,-,-,-,20151104,-
1043004,25410602,M436DRAFT_46883,M436DRAFT_46883,-,-,Unknown,-,survival factor 1,protein-coding,-,-,-,-,20160917,-
1043004,25410603,M436DRAFT_46884,M436DRAFT_46884,-,-,Unknown,-,hypothetical protein,protein-coding,-,-,-,-,20160917,-
1043004,25410604,M436DRAFT_46900,M436DRAFT_46900,-,-,Unknown,-,S-nitrosoglutathione reductase,protein-coding,-,-,-,-,20151212,-
1043004,25410605,M436DRAFT_46915,M436DRAFT_46915,-,-,Unknown,-,hypothetical protein,protein-coding,-,-,-,-,20160917,-
1043004,25410606,M436DRAFT_46916,M436DRAFT_46916,-,-,Unknown,-,MFS general substrate transporter,protein-coding,-,-,-,-,20151212,-
1043004,25410607,M436DRAFT_46917,M436DRAFT_46917,-,-,Unknown,-,stress responsive A/B barrel domain-containing protein,protein-coding,-,-,-,-,20151212,-
1043004,25410608,M436DRAFT_46918,M436DRAFT_46918,-,-,Unknown,-,Thioesterase/thiol ester dehydrase-isomerase,protein-coding,-,-,-,-,20151212,-
1043004,25410609,M436DRAFT_46922,M436DRAFT_46922,-,-,Unknown,-,phosphoglycerate mutase-like protein,protein-coding,-,-,-,-,20160917,-
1043004,25410610,M436DRAFT_46933,M436DRAFT_46933,-,-,Unknown,-,hypothetical protein,protein-coding,-,-,-,-,20151104,-
1043004,25410611,M436DRAFT_46937,M436DRAFT_46937,-,-,Unknown,-,hypothetical protein,protein-coding,-,-,-,-,20151104,-
1043004,25410612,M436DRAFT_46941,M436DRAFT_46941,-,-,Unknown,-,hypothetical protein,protein-coding,-,-,-,-,20160917,-
1043004,25410613,M436DRAFT_46951,M436DRAFT_46951,-,-,Unknown,-,arad-like aldolase/epimerase,protein-coding,-,-,-,-,20160917,-
1043004,25410614,M436DRAFT_46960,M436DRAFT_46960,-,-,Unknown,-,"3-carboxy-cis,cis-mucoante lactonizing enzyme",protein-coding,-,-,-,-,20160917,-
1043004,25410615,M436DRAFT_46961,M436DRAFT_46961,-,-,Unknown,-,ammonium transporter,protein-coding,-,-,-,-,20151212,-
1043004,25410616,M436DRAFT_46967,M436DRAFT_46967,-,-,Unknown,-,DNA helicase,protein-coding,-,-,-,-,20160917,-
1043004,25410617,M436DRAFT_46972,M436DRAFT_46972,-,-,Unknown,-,hypothetical protein,protein-coding,-,-,-,-,20151104,-
1043004,25410618,M436DRAFT_46973,M436DRAFT_46973,-,-,Unknown,-,hypothetical protein,protein-coding,-,-,-,-,20160917,-
1043004,25410619,M436DRAFT_46984,M436DRAFT_46984,-,-,Unknown,-,histone H4,protein-coding,-,-,-,-,20160917,-
1043004,25410620,M436DRAFT_46986,M436DRAFT_46986,-,-,Unknown,-,2-dehydropantoate 2-reductase family protein,protein-coding,-,-,-,-,20160917,-
1043004,25410621,M436DRAFT_46987,M436DRAFT_46987,-,-,Unknown,-,growth hormone-induced protein,protein-coding,-,-,-,-,20160917,-
1043004,25410622,M436DRAFT_46990,M436DRAFT_46990,-,-,Unknown,-,hypothetical protein,protein-coding,-,-,-,-,20151104,-
1043004,25410623,M436DRAFT_46996,M436DRAFT_46996,-,-,Unknown,-,uridine-cytidine kinase-like protein-like 1,protein-coding,-,-,-,-,20160917,-
1043004,25410624,M436DRAFT_46997,M436DRAFT_46997,-,-,Unknown,-,histone deacetylase,protein-coding,-,-,-,-,20160917,-
1043004,25410625,M436DRAFT_47021,M436DRAFT_47021,-,-,Unknown,-,hypothetical protein,protein-coding,-,-,-,-,20151104,-
1043004,25410626,M436DRAFT_47025,M436DRAFT_47025,-,-,Unknown,-,ubiquitin carboxyl-terminal hydrolase 6,protein-coding,-,-,-,-,20160917,-
1043004,25410627,M436DRAFT_47026,M436DRAFT_47026,-,-,Unknown,-,streptomycin biosynthesis protein StrI,protein-coding,-,-,-,-,20160917,-
1043004,25410628,M436DRAFT_47034,M436DRAFT_47034,-,-,Unknown,-,hypothetical protein,protein-coding,-,-,-,-,20160917,-
1043004,25410629,M436DRAFT_47038,M436DRAFT_47038,-,-,Unknown,-,bifunctional carbamoylphosphate synthetase/aspartate transcarbamylase,protein-coding,-,-,-,-,20160917,-
1043004,25410630,M436DRAFT_47040,M436DRAFT_47040,-,-,Unknown,-,Phospholipase/carboxylesterase,protein-coding,-,-,-,-,20160917,-
1043004,25410631,M436DRAFT_47044,M436DRAFT_47044,-,-,Unknown,-,GroES-like protein,protein-coding,-,-,-,-,20151212,-
1043004,25410632,M436DRAFT_47050,M436DRAFT_47050,-,-,Unknown,-,hypothetical protein,protein-coding,-,-,-,-,20160917,-
1043004,25410633,M436DRAFT_47051,M436DRAFT_47051,-,-,Unknown,-,Metallo-dependent phosphatase,protein-coding,-,-,-,-,20160325,-
1043004,25410634,M436DRAFT_47053,M436DRAFT_47053,-,-,Unknown,-,hypothetical protein,protein-coding,-,-,-,-,20160917,-
1043004,25410635,M436DRAFT_47054,M436DRAFT_47054,-,-,Unknown,-,fumarate hydratase,protein-coding,-,-,-,-,20151212,-
1043004,25410636,M436DRAFT_47056,M436DRAFT_47056,-,-,Unknown,-,ALDH-like protein,protein-coding,-,-,-,-,20160325,-
1043004,25410637,M436DRAFT_47061,M436DRAFT_47061,-,-,Unknown,-,hypothetical protein,protein-coding,-,-,-,-,20160917,-
1043004,25410638,M436DRAFT_47065,M436DRAFT_47065,-,-,Unknown,-,seven-hairpin glycosidase,protein-coding,-,-,-,-,20160917,-
1043004,25410639,M436DRAFT_47066,M436DRAFT_47066,-,-,Unknown,-,hypothetical protein,protein-coding,-,-,-,-,20160917,-
1043004,25410640,M436DRAFT_47069,M436DRAFT_47069,-,-,Unknown,-,PROCN-domain-containing protein,protein-coding,-,-,-,-,20160917,-
1043004,25410641,M436DRAFT_47076,M436DRAFT_47076,-,-,Unknown,-,purine and uridine phosphorylase,protein-coding,-,-,-,-,20160917,-
1043004,25410642,M436DRAFT_47093,M436DRAFT_47093,-,-,Unknown,-,hypothetical protein,protein-coding,-,-,-,-,20151104,-
1043004,25410643,M436DRAFT_47096,M436DRAFT_47096,-,-,Unknown,-,choline dehydrogenase-like protein,protein-coding,-,-,-,-,20160917,-
1043004,25410644,M436DRAFT_47097,M436DRAFT_47097,-,-,Unknown,-,hypothetical protein,protein-coding,-,-,-,-,20160917,-
1043004,25410645,M436DRAFT_47101,M436DRAFT_47101,-,-,Unknown,-,PLC-like phosphodiesterase,protein-coding,-,-,-,-,20151212,-
1043004,25410646,M436DRAFT_47103,M436DRAFT_47103,-,-,Unknown,-,pectate lyase,protein-coding,-,-,-,-,20160917,-
1043004,25410647,M436DRAFT_47111,M436DRAFT_47111,-,-,Unknown,-,hypothetical protein,protein-coding,-,-,-,-,20151104,-
1043004,25410648,M436DRAFT_47112,M436DRAFT_47112,-,-,Unknown,-,hypothetical protein,protein-coding,-,-,-,-,20160917,-
1043004,25410649,M436DRAFT_47115,M436DRAFT_47115,-,-,Unknown,-,hypothetical protein,protein-coding,-,-,-,-,20151104,-
1043004,25410650,M436DRAFT_47128,M436DRAFT_47128,-,-,Unknown,-,hypothetical protein,protein-coding,-,-,-,-,20160917,-
1043004,25410651,M436DRAFT_47130,M436DRAFT_47130,-,-,Unknown,-,NAD(P)-binding protein,protein-coding,-,-,-,-,20160917,-
1043004,25410652,M436DRAFT_47134,M436DRAFT_47134,-,-,Unknown,-,aquaporin-like protein,protein-coding,-,-,-,-,20151212,-
1043004,25410653,M436DRAFT_47138,M436DRAFT_47138,-,-,Unknown,-,UPF0041-domain-containing protein,protein-coding,-,-,-,-,20160917,-
1043004,25410654,M436DRAFT_47140,M436DRAFT_47140,-,-,Unknown,-,hypothetical protein,protein-coding,-,-,-,-,20160917,-
1043004,25410655,M436DRAFT_47145,M436DRAFT_47145,-,-,Unknown,-,P-loop containing nucleoside triphosphate hydrolase protein,protein-coding,-,-,-,-,20160917,-
1043004,25410656,M436DRAFT_47150,M436DRAFT_47150,-,-,Unknown,-,DJ-1 protein,protein-coding,-,-,-,-,20160325,-
1043004,25410657,M436DRAFT_47152,M436DRAFT_47152,-,-,Unknown,-,ENTH-domain-containing protein,protein-coding,-,-,-,-,20160917,-
1043004,25410658,M436DRAFT_47156,M436DRAFT_47156,-,-,Unknown,-,hypothetical protein,protein-coding,-,-,-,-,20151104,-
1043004,25410659,M436DRAFT_47158,M436DRAFT_47158,-,-,Unknown,-,hypothetical protein,protein-coding,-,-,-,-,20160325,-
1043004,25410660,M436DRAFT_47160,M436DRAFT_47160,-,-,Unknown,-,putative threonine dehydratase,protein-coding,-,-,-,-,20160917,-
1043004,25410661,M436DRAFT_47164,M436DRAFT_47164,-,-,Unknown,-,L-asparaginase II,protein-coding,-,-,-,-,20160917,-
1043004,25410662,M436DRAFT_47168,M436DRAFT_47168,-,-,Unknown,-,extracellular GDSL-like lipase/acylhydrolase,protein-coding,-,-,-,-,20151212,-
1043004,25410663,M436DRAFT_47172,M436DRAFT_47172,-,-,Unknown,-,alpha/beta-hydrolase,protein-coding,-,-,-,-,20160917,-
1043004,25410664,M436DRAFT_47177,M436DRAFT_47177,-,-,Unknown,-,cytochrome P450,protein-coding,-,-,-,-,20160917,-
1043004,25410665,M436DRAFT_47179,M436DRAFT_47179,-,-,Unknown,-,hypothetical protein,protein-coding,-,-,-,-,20160917,-
1043004,25410666,M436DRAFT_47184,M436DRAFT_47184,-,-,Unknown,-,actin-like ATPase domain-containing protein,protein-coding,-,-,-,-,20160917,-
1043004,25410667,M436DRAFT_47186,M436DRAFT_47186,-,-,Unknown,-,hypothetical protein,protein-coding,-,-,-,-,20151104,-
1043004,25410668,M436DRAFT_47188,M436DRAFT_47188,-,-,Unknown,-,hypothetical protein,protein-coding,-,-,-,-,20160917,-
1043004,25410669,M436DRAFT_47200,M436DRAFT_47200,-,-,Unknown,-,L domain-like protein,protein-coding,-,-,-,-,20151104,-
1043004,25410670,M436DRAFT_47201,M436DRAFT_47201,-,-,Unknown,-,hypothetical protein,protein-coding,-,-,-,-,20160917,-
1043004,25410671,M436DRAFT_47208,M436DRAFT_47208,-,-,Unknown,-,hypothetical protein,protein-coding,-,-,-,-,20160917,-
1043004,25410672,M436DRAFT_47211,M436DRAFT_47211,-,-,Unknown,-,NAD(P)-binding protein,protein-coding,-,-,-,-,20151212,-
1043004,25410673,M436DRAFT_47212,M436DRAFT_47212,-,-,Unknown,-,alpha/beta-hydrolase,protein-coding,-,-,-,-,20160917,-
1043004,25410674,M436DRAFT_47217,M436DRAFT_47217,-,-,Unknown,-,nucleosome assembly protein NAP-1,protein-coding,-,-,-,-,20160917,-
1043004,25410675,M436DRAFT_47218,M436DRAFT_47218,-,-,Unknown,-,hypothetical protein,protein-coding,-,-,-,-,20160917,-
1043004,25410676,M436DRAFT_47224,M436DRAFT_47224,-,-,Unknown,-,AhpC/TSA family protein-like protein,protein-coding,-,-,-,-,20160325,-
1043004,25410677,M436DRAFT_47229,M436DRAFT_47229,-,-,Unknown,-,hypothetical protein,protein-coding,-,-,-,-,20160917,-
1043004,25410678,M436DRAFT_47234,M436DRAFT_47234,-,-,Unknown,-,cysteine proteinase,protein-coding,-,-,-,-,20160917,-
1043004,25410679,M436DRAFT_47240,M436DRAFT_47240,-,-,Unknown,-,Cupredoxin,protein-coding,-,-,-,-,20160917,-
1043004,25410680,M436DRAFT_47245,M436DRAFT_47245,-,-,Unknown,-,hypothetical protein,protein-coding,-,-,-,-,20160917,-
1043004,25410681,M436DRAFT_47246,M436DRAFT_47246,-,-,Unknown,-,putative proteasome subunit alpha type-2,protein-coding,-,-,-,-,20191025,-
1043004,25410682,M436DRAFT_47251,M436DRAFT_47251,-,-,Unknown,-,inositol monophosphatase,protein-coding,-,-,-,-,20151212,-
1043004,25410683,M436DRAFT_47267,M436DRAFT_47267,-,-,Unknown,-,Zn-dependent exopeptidase,protein-coding,-,-,-,-,20151212,-
1043004,25410684,M436DRAFT_47278,M436DRAFT_47278,-,-,Unknown,-,adenine nucleotide alpha hydrolases-like protein,protein-coding,-,-,-,-,20151212,-
1043004,25410685,M436DRAFT_47279,M436DRAFT_47279,-,-,Unknown,-,putative sugar transporter,protein-coding,-,-,-,-,20160917,-
1043004,25410686,M436DRAFT_47288,M436DRAFT_47288,-,-,Unknown,-,hypothetical protein,protein-coding,-,-,-,-,20160917,-
1043004,25410687,M436DRAFT_47293,M436DRAFT_47293,-,-,Unknown,-,hypothetical protein,protein-coding,-,-,-,-,20151212,-
1043004,25410688,M436DRAFT_47296,M436DRAFT_47296,-,-,Unknown,-,MFS multidrug transporter-like protein,protein-coding,-,-,-,-,20160917,-
1043004,25410689,M436DRAFT_47299,M436DRAFT_47299,-,-,Unknown,-,cysteine proteinase,protein-coding,-,-,-,-,20160917,-
1043004,25410690,M436DRAFT_47300,M436DRAFT_47300,-,-,Unknown,-,hypothetical protein,protein-coding,-,-,-,-,20151104,-
1043004,25410691,M436DRAFT_47301,M436DRAFT_47301,-,-,Unknown,-,hypothetical protein,protein-coding,-,-,-,-,20151104,-
1043004,25410692,M436DRAFT_47303,M436DRAFT_47303,-,-,Unknown,-,TTL-domain-containing protein,protein-coding,-,-,-,-,20160917,-
1043004,25410693,M436DRAFT_47305,M436DRAFT_47305,-,-,Unknown,-,translation initiation factor-like protein eIF-2B subunit alpha,protein-coding,-,-,-,-,20160917,-
1043004,25410694,M436DRAFT_47306,M436DRAFT_47306,-,-,Unknown,-,hypothetical protein,protein-coding,-,-,-,-,20151212,-
1043004,25410695,M436DRAFT_47308,M436DRAFT_47308,-,-,Unknown,-,MFS general substrate transporter,protein-coding,-,-,-,-,20160917,-
1043004,25410696,M436DRAFT_47316,M436DRAFT_47316,-,-,Unknown,-,hypothetical protein,protein-coding,-,-,-,-,20160917,-
1043004,25410697,M436DRAFT_47331,M436DRAFT_47331,-,-,Unknown,-,"nascent polypeptide-associated complex, alpha subunit",protein-coding,-,-,-,-,20160917,-
1043004,25410698,M436DRAFT_47339,M436DRAFT_47339,-,-,Unknown,-,hypothetical protein,protein-coding,-,-,-,-,20160917,-
1043004,25410699,M436DRAFT_47340,M436DRAFT_47340,-,-,Unknown,-,adaptin ear-binding coat-associated protein 2,protein-coding,-,-,-,-,20160917,-
1043004,25410700,M436DRAFT_47344,M436DRAFT_47344,-,-,Unknown,-,hypothetical protein,protein-coding,-,-,-,-,20160917,-
1043004,25410701,M436DRAFT_47349,M436DRAFT_47349,-,-,Unknown,-,hypothetical protein,protein-coding,-,-,-,-,20151104,-
1043004,25410702,M436DRAFT_47355,M436DRAFT_47355,-,-,Unknown,-,hypothetical protein,protein-coding,-,-,-,-,20160917,-
1043004,25410703,M436DRAFT_47358,M436DRAFT_47358,-,-,Unknown,-,alcohol oxidase,protein-coding,-,-,-,-,20160917,-
1043004,25410704,M436DRAFT_47362,M436DRAFT_47362,-,-,Unknown,-,S-adenosyl-L-methionine-dependent methyltransferase,protein-coding,-,-,-,-,20151212,-
1043004,25410705,M436DRAFT_47365,M436DRAFT_47365,-,-,Unknown,-,DNase I-like protein,protein-coding,-,-,-,-,20160917,-
1043004,25410706,M436DRAFT_47377,M436DRAFT_47377,-,-,Unknown,-,26S proteasome regulatory subunit,protein-coding,-,-,-,-,20151212,-
1043004,25410707,M436DRAFT_47378,M436DRAFT_47378,-,-,Unknown,-,Ca2+/calmodulin-dependent protein kinase,protein-coding,-,-,-,-,20151212,-
1043004,25410708,M436DRAFT_47384,M436DRAFT_47384,-,-,Unknown,-,pectin lyase-like protein,protein-coding,-,-,-,-,20160917,-
1043004,25410709,M436DRAFT_47402,M436DRAFT_47402,-,-,Unknown,-,CHR9/SNF2/SWI2 protein,protein-coding,-,-,-,-,20160917,-
1043004,25410710,M436DRAFT_47411,M436DRAFT_47411,-,-,Unknown,-,hypothetical protein,protein-coding,-,-,-,-,20160917,-
1043004,25410711,M436DRAFT_47412,M436DRAFT_47412,-,-,Unknown,-,RNA polymerase II subunit A C-terminal domain phosphatase SSU72,protein-coding,-,-,-,-,20160917,-
1043004,25410712,M436DRAFT_47422,M436DRAFT_47422,-,-,Unknown,-,hypothetical protein,protein-coding,-,-,-,-,20151212,-
1043004,25410713,M436DRAFT_47424,M436DRAFT_47424,-,-,Unknown,-,hypothetical protein,protein-coding,-,-,-,-,20160917,-
1043004,25410714,M436DRAFT_47432,M436DRAFT_47432,-,-,Unknown,-,hypothetical protein,protein-coding,-,-,-,-,20151104,-
1043004,25410715,M436DRAFT_47438,M436DRAFT_47438,-,-,Unknown,-,hypothetical protein,protein-coding,-,-,-,-,20160917,-
1043004,25410716,M436DRAFT_47452,M436DRAFT_47452,-,-,Unknown,-,"NADH dehydrogenase, alpha subcomplex, subunit 2",protein-coding,-,-,-,-,20160325,-
1043004,25410717,M436DRAFT_47453,M436DRAFT_47453,-,-,Unknown,-,hypothetical protein,protein-coding,-,-,-,-,20160917,-
1043004,25410718,M436DRAFT_47465,M436DRAFT_47465,-,-,Unknown,-,hypothetical protein,protein-coding,-,-,-,-,20160917,-
1043004,25410719,M436DRAFT_47469,M436DRAFT_47469,-,-,Unknown,-,hypothetical protein,protein-coding,-,-,-,-,20160917,-
1043004,25410720,M436DRAFT_47473,M436DRAFT_47473,-,-,Unknown,-,hypothetical protein,protein-coding,-,-,-,-,20151212,-
1043004,25410721,M436DRAFT_47474,M436DRAFT_47474,-,-,Unknown,-,alkaline serine protease,protein-coding,-,-,-,-,20160917,-
1043004,25410722,M436DRAFT_47475,M436DRAFT_47475,-,-,Unknown,-,NAD(P)-binding protein,protein-coding,-,-,-,-,20160917,-
1043004,25410723,M436DRAFT_47477,M436DRAFT_47477,-,-,Unknown,-,GroES-like protein,protein-coding,-,-,-,-,20151212,-
1043004,25410724,M436DRAFT_47483,M436DRAFT_47483,-,-,Unknown,-,hypothetical protein,protein-coding,-,-,-,-,20151104,-
1043004,25410725,M436DRAFT_47486,M436DRAFT_47486,-,-,Unknown,-,SNF2 family DNA-dependent ATPase domain-containing protein,protein-coding,-,-,-,-,20160917,-
1043004,25410726,M436DRAFT_47491,M436DRAFT_47491,-,-,Unknown,-,hypothetical protein,protein-coding,-,-,-,-,20151104,-
1043004,25410727,M436DRAFT_47498,M436DRAFT_47498,-,-,Unknown,-,hypothetical protein,protein-coding,-,-,-,-,20151104,-
1043004,25410728,M436DRAFT_47506,M436DRAFT_47506,-,-,Unknown,-,"endo alpha-1,4 polygalactosaminidase precursor",protein-coding,-,-,-,-,20160917,-
1043004,25410729,M436DRAFT_47522,M436DRAFT_47522,-,-,Unknown,-,NADPH-dependent medium chain alcohol dehydrogenase,protein-coding,-,-,-,-,20151212,-
1043004,25410730,M436DRAFT_47526,M436DRAFT_47526,-,-,Unknown,-,Arabinanase/levansucrase/invertase,protein-coding,-,-,-,-,20160917,-
1043004,25410731,M436DRAFT_47528,M436DRAFT_47528,-,-,Unknown,-,BING4CT-domain-containing protein,protein-coding,-,-,-,-,20160917,-
1043004,25410732,M436DRAFT_47538,M436DRAFT_47538,-,-,Unknown,-,hypothetical protein,protein-coding,-,-,-,-,20160917,-
1043004,25410733,M436DRAFT_47551,M436DRAFT_47551,-,-,Unknown,-,aromatic ring-opening dioxygenase LigB subunit,protein-coding,-,-,-,-,20151212,-
1043004,25410734,M436DRAFT_47552,M436DRAFT_47552,-,-,Unknown,-,hypothetical protein,protein-coding,-,-,-,-,20160917,-
1043004,25410735,M436DRAFT_47563,M436DRAFT_47563,-,-,Unknown,-,hypothetical protein,protein-coding,-,-,-,-,20151104,-
1043004,25410736,M436DRAFT_47564,M436DRAFT_47564,-,-,Unknown,-,hypothetical protein,protein-coding,-,-,-,-,20160917,-
1043004,25410737,M436DRAFT_47565,M436DRAFT_47565,-,-,Unknown,-,ribosomal protein S12,protein-coding,-,-,-,-,20160917,-
1043004,25410738,M436DRAFT_47567,M436DRAFT_47567,-,-,Unknown,-,glycoside hydrolase,protein-coding,-,-,-,-,20160917,-
1043004,25410739,M436DRAFT_47580,M436DRAFT_47580,-,-,Unknown,-,Lipoxygenase,protein-coding,-,-,-,-,20160917,-
1043004,25410740,M436DRAFT_47586,M436DRAFT_47586,-,-,Unknown,-,hypothetical protein,protein-coding,-,-,-,-,20160917,-
1043004,25410741,M436DRAFT_47588,M436DRAFT_47588,-,-,Unknown,-,putative NADPH-cytochrome P450 reductase,protein-coding,-,-,-,-,20160917,-
1043004,25410742,M436DRAFT_47598,M436DRAFT_47598,-,-,Unknown,-,hypothetical protein,protein-coding,-,-,-,-,20160917,-
1043004,25410743,M436DRAFT_47600,M436DRAFT_47600,-,-,Unknown,-,hypothetical protein,protein-coding,-,-,-,-,20151104,-
1043004,25410744,M436DRAFT_47606,M436DRAFT_47606,-,-,Unknown,-,hypothetical protein,protein-coding,-,-,-,-,20160917,-
1043004,25410745,M436DRAFT_47619,M436DRAFT_47619,-,-,Unknown,-,peptidyl-tRNA hydrolase,protein-coding,-,-,-,-,20151212,-
1043004,25410746,M436DRAFT_47628,M436DRAFT_47628,-,-,Unknown,-,hypothetical protein,protein-coding,-,-,-,-,20151104,-
1043004,25410747,M436DRAFT_47629,M436DRAFT_47629,-,-,Unknown,-,WD40 repeat-like protein,protein-coding,-,-,-,-,20160917,-
1043004,25410748,M436DRAFT_47636,M436DRAFT_47636,-,-,Unknown,-,hypothetical protein,protein-coding,-,-,-,-,20151212,-
1043004,25410749,M436DRAFT_47659,M436DRAFT_47659,-,-,Unknown,-,hypothetical protein,protein-coding,-,-,-,-,20151104,-
1043004,25410750,M436DRAFT_47663,M436DRAFT_47663,-,-,Unknown,-,hypothetical protein,protein-coding,-,-,-,-,20151212,-
1043004,25410751,M436DRAFT_47664,M436DRAFT_47664,-,-,Unknown,-,RNA polymerase Rpc34,protein-coding,-,-,-,-,20160917,-
1043004,25410752,M436DRAFT_47676,M436DRAFT_47676,-,-,Unknown,-,hypothetical protein,protein-coding,-,-,-,-,20151104,-
1043004,25410753,M436DRAFT_47680,M436DRAFT_47680,-,-,Unknown,-,Clavaminate synthase-like protein,protein-coding,-,-,-,-,20160917,-
1043004,25410754,M436DRAFT_47688,M436DRAFT_47688,-,-,Unknown,-,hypothetical protein,protein-coding,-,-,-,-,20160917,-
1043004,25410755,M436DRAFT_47689,M436DRAFT_47689,-,-,Unknown,-,UPF0057-domain-containing protein,protein-coding,-,-,-,-,20160917,-
1043004,25410756,M436DRAFT_47708,M436DRAFT_47708,-,-,Unknown,-,hypothetical protein,protein-coding,-,-,-,-,20151212,-
1043004,25410757,M436DRAFT_47713,M436DRAFT_47713,-,-,Unknown,-,Per1-like protein,protein-coding,-,-,-,-,20160917,-
1043004,25410758,M436DRAFT_47715,M436DRAFT_47715,-,-,Unknown,-,proline iminopeptidase,protein-coding,-,-,-,-,20160917,-
1043004,25410759,M436DRAFT_47721,M436DRAFT_47721,-,-,Unknown,-,hypothetical protein,protein-coding,-,-,-,-,20151104,-
1043004,25410760,M436DRAFT_47722,M436DRAFT_47722,-,-,Unknown,-,cystathionine gamma-synthase,protein-coding,-,-,-,-,20151212,-
1043004,25410761,M436DRAFT_47725,M436DRAFT_47725,-,-,Unknown,-,putative poly(A)+ RNA transport protein,protein-coding,-,-,-,-,20160917,-
1043004,25410762,M436DRAFT_47726,M436DRAFT_47726,-,-,Unknown,-,general substrate transporter,protein-coding,-,-,-,-,20160917,-
1043004,25410763,M436DRAFT_47729,M436DRAFT_47729,-,-,Unknown,-,DUF1348-domain-containing protein,protein-coding,-,-,-,-,20160917,-
1043004,25410764,M436DRAFT_47751,M436DRAFT_47751,-,-,Unknown,-,general substrate transporter,protein-coding,-,-,-,-,20160917,-
1043004,25410765,M436DRAFT_47780,M436DRAFT_47780,-,-,Unknown,-,flavohemo protein,protein-coding,-,-,-,-,20151212,-
1043004,25410766,M436DRAFT_47787,M436DRAFT_47787,-,-,Unknown,-,hypothetical protein,protein-coding,-,-,-,-,20160917,-
1043004,25410767,M436DRAFT_47817,M436DRAFT_47817,-,-,Unknown,-,NAD(P)-binding protein,protein-coding,-,-,-,-,20160917,-
1043004,25410768,M436DRAFT_47828,M436DRAFT_47828,-,-,Unknown,-,hypothetical protein,protein-coding,-,-,-,-,20160917,-
1043004,25410769,M436DRAFT_47846,M436DRAFT_47846,-,-,Unknown,-,DUF1671-domain-containing protein,protein-coding,-,-,-,-,20160917,-
1043004,25410770,M436DRAFT_47848,M436DRAFT_47848,-,-,Unknown,-,hypothetical protein,protein-coding,-,-,-,-,20160917,-
1043004,25410771,M436DRAFT_47850,M436DRAFT_47850,-,-,Unknown,-,MFS general substrate transporter,protein-coding,-,-,-,-,20151212,-
1043004,25410772,M436DRAFT_47860,M436DRAFT_47860,-,-,Unknown,-,peptidyl-prolyl cis-trans isomerase H,protein-coding,-,-,-,-,20160917,-
1043004,25410773,M436DRAFT_47876,M436DRAFT_47876,-,-,Unknown,-,Isochorismatase hydrolase,protein-coding,-,-,-,-,20151212,-
1043004,25410774,M436DRAFT_47883,M436DRAFT_47883,-,-,Unknown,-,hypothetical protein,protein-coding,-,-,-,-,20151212,-
1043004,25410775,M436DRAFT_47884,M436DRAFT_47884,-,-,Unknown,-,DUF1793-domain-containing protein,protein-coding,-,-,-,-,20160917,-
1043004,25410776,M436DRAFT_47886,M436DRAFT_47886,-,-,Unknown,-,"mannan endo-1,6-alpha-mannosidase",protein-coding,-,-,-,-,20160917,-
1043004,25410777,M436DRAFT_47891,M436DRAFT_47891,-,-,Unknown,-,poly A polymerase C-terminal region-like protein,protein-coding,-,-,-,-,20160917,-
1043004,25410778,M436DRAFT_47894,M436DRAFT_47894,-,-,Unknown,-,hypothetical protein,protein-coding,-,-,-,-,20160917,-
1043004,25410779,M436DRAFT_47896,M436DRAFT_47896,-,-,Unknown,-,structural maintenance of chromosomes 5 smc5,protein-coding,-,-,-,-,20160325,-
1043004,25410780,M436DRAFT_47898,M436DRAFT_47898,-,-,Unknown,-,hypothetical protein,protein-coding,-,-,-,-,20160917,-
1043004,25410781,M436DRAFT_47906,M436DRAFT_47906,-,-,Unknown,-,actin-like ATPase domain-containing protein,protein-coding,-,-,-,-,20151212,-
1043004,25410782,M436DRAFT_47907,M436DRAFT_47907,-,-,Unknown,-,hypothetical protein,protein-coding,-,-,-,-,20160917,-
1043004,25410783,M436DRAFT_47910,M436DRAFT_47910,-,-,Unknown,-,hypothetical protein,protein-coding,-,-,-,-,20160917,-
1043004,25410784,M436DRAFT_47911,M436DRAFT_47911,-,-,Unknown,-,tripeptidyl peptidase A,protein-coding,-,-,-,-,20160917,-
1043004,25410785,M436DRAFT_47917,M436DRAFT_47917,-,-,Unknown,-,MFS general substrate transporter,protein-coding,-,-,-,-,20151212,-
1043004,25410786,M436DRAFT_47922,M436DRAFT_47922,-,-,Unknown,-,alcohol dehydrogenase,protein-coding,-,-,-,-,20151212,-
1043004,25410787,M436DRAFT_47924,M436DRAFT_47924,-,-,Unknown,-,proline oxidase PrnD,protein-coding,-,-,-,-,20160917,-
1043004,25410788,M436DRAFT_47925,M436DRAFT_47925,-,-,Unknown,-,hypothetical protein,protein-coding,-,-,-,-,20160917,-
1043004,25410789,M436DRAFT_47930,M436DRAFT_47930,-,-,Unknown,-,HCP-like protein,protein-coding,-,-,-,-,20160917,-
1043004,25410790,M436DRAFT_47936,M436DRAFT_47936,-,-,Unknown,-,extracellular GDSL-like lipase/acylhydrolase,protein-coding,-,-,-,-,20151212,-
1043004,25410791,M436DRAFT_47938,M436DRAFT_47938,-,-,Unknown,-,hypothetical protein,protein-coding,-,-,-,-,20151104,-
1043004,25410792,M436DRAFT_47943,M436DRAFT_47943,-,-,Unknown,-,hypothetical protein,protein-coding,-,-,-,-,20151212,-
1043004,25410793,M436DRAFT_47944,M436DRAFT_47944,-,-,Unknown,-,P-loop containing nucleoside triphosphate hydrolase protein,protein-coding,-,-,-,-,20160917,-
1043004,25410794,M436DRAFT_47947,M436DRAFT_47947,-,-,Unknown,-,oligopeptide transporter,protein-coding,-,-,-,-,20160917,-
1043004,25410795,M436DRAFT_47952,M436DRAFT_47952,-,-,Unknown,-,hypothetical protein,protein-coding,-,-,-,-,20160917,-
1043004,25410796,M436DRAFT_47955,M436DRAFT_47955,-,-,Unknown,-,hypothetical protein,protein-coding,-,-,-,-,20160917,-
1043004,25410797,M436DRAFT_47966,M436DRAFT_47966,-,-,Unknown,-,UBC-like protein,protein-coding,-,-,-,-,20160917,-
1043004,25410798,M436DRAFT_47967,M436DRAFT_47967,-,-,Unknown,-,amino acid permease,protein-coding,-,-,-,-,20160917,-
1043004,25410799,M436DRAFT_47968,M436DRAFT_47968,-,-,Unknown,-,uridine permease-like protein Fui1,protein-coding,-,-,-,-,20151212,-
1043004,25410800,M436DRAFT_47974,M436DRAFT_47974,-,-,Unknown,-,hypothetical protein,protein-coding,-,-,-,-,20160917,-
1043004,25410801,M436DRAFT_47978,M436DRAFT_47978,-,-,Unknown,-,lactonohydrolase,protein-coding,-,-,-,-,20160917,-
1043004,25410802,M436DRAFT_47985,M436DRAFT_47985,-,-,Unknown,-,hypothetical protein,protein-coding,-,-,-,-,20160917,-
1043004,25410803,M436DRAFT_47994,M436DRAFT_47994,-,-,Unknown,-,Nucleotidyltransferase,protein-coding,-,-,-,-,20160917,-
1043004,25410804,M436DRAFT_48009,M436DRAFT_48009,-,-,Unknown,-,TBC-domain-containing protein,protein-coding,-,-,-,-,20160917,-
1043004,25410805,M436DRAFT_48010,M436DRAFT_48010,-,-,Unknown,-,molybdopterin synthase large subunit,protein-coding,-,-,-,-,20160917,-
1043004,25410806,M436DRAFT_48022,M436DRAFT_48022,-,-,Unknown,-,beta-lactamase family protein,protein-coding,-,-,-,-,20160917,-
1043004,25410807,M436DRAFT_48024,M436DRAFT_48024,-,-,Unknown,-,hypothetical protein,protein-coding,-,-,-,-,20151104,-
1043004,25410808,M436DRAFT_48032,M436DRAFT_48032,-,-,Unknown,-,ThiJ/PfpI family protein,protein-coding,-,-,-,-,20151212,-
1043004,25410809,M436DRAFT_48035,M436DRAFT_48035,-,-,Unknown,-,PCI-domain-containing protein,protein-coding,-,-,-,-,20151212,-
1043004,25410810,M436DRAFT_48042,M436DRAFT_48042,-,-,Unknown,-,hypothetical protein,protein-coding,-,-,-,-,20151104,-
1043004,25410811,M436DRAFT_48045,M436DRAFT_48045,-,-,Unknown,-,Metallo-dependent phosphatase,protein-coding,-,-,-,-,20151212,-
1043004,25410812,M436DRAFT_48047,M436DRAFT_48047,-,-,Unknown,-,putative MFS allantoate transporter,protein-coding,-,-,-,-,20151212,-
1043004,25410813,M436DRAFT_48053,M436DRAFT_48053,-,-,Unknown,-,hypothetical protein,protein-coding,-,-,-,-,20151104,-
1043004,25410814,M436DRAFT_48057,M436DRAFT_48057,-,-,Unknown,-,DUF171-domain-containing protein,protein-coding,-,-,-,-,20160917,-
1043004,25410815,M436DRAFT_48064,M436DRAFT_48064,-,-,Unknown,-,putative short-chain dehydrogenase/reductase,protein-coding,-,-,-,-,20160917,-
1043004,25410816,M436DRAFT_48068,M436DRAFT_48068,-,-,Unknown,-,hypothetical protein,protein-coding,-,-,-,-,20151104,-
1043004,25410817,M436DRAFT_48073,M436DRAFT_48073,-,-,Unknown,-,hypothetical protein,protein-coding,-,-,-,-,20151104,-
1043004,25410818,M436DRAFT_48077,M436DRAFT_48077,-,-,Unknown,-,MFS general substrate transporter,protein-coding,-,-,-,-,20160917,-
1043004,25410819,M436DRAFT_48094,M436DRAFT_48094,-,-,Unknown,-,RING/U-box,protein-coding,-,-,-,-,20160917,-
1043004,25410820,M436DRAFT_48096,M436DRAFT_48096,-,-,Unknown,-,40S ribosomal protein S9,protein-coding,-,-,-,-,20191025,-
1043004,25410821,M436DRAFT_48102,M436DRAFT_48102,-,-,Unknown,-,TPT-domain-containing protein,protein-coding,-,-,-,-,20160917,-
1043004,25410822,M436DRAFT_48105,M436DRAFT_48105,-,-,Unknown,-,SCO1 protein,protein-coding,-,-,-,-,20151212,-
1043004,25410823,M436DRAFT_48113,M436DRAFT_48113,-,-,Unknown,-,competence/damage-inducible CinA family protein,protein-coding,-,-,-,-,20160917,-
1043004,25410824,M436DRAFT_48126,M436DRAFT_48126,-,-,Unknown,-,hypothetical protein,protein-coding,-,-,-,-,20160917,-
1043004,25410825,M436DRAFT_48136,M436DRAFT_48136,-,-,Unknown,-,FAD binding domain protein,protein-coding,-,-,-,-,20160917,-
1043004,25410826,M436DRAFT_48138,M436DRAFT_48138,-,-,Unknown,-,hypothetical protein,protein-coding,-,-,-,-,20160917,-
1043004,25410827,M436DRAFT_48140,M436DRAFT_48140,-,-,Unknown,-,hypothetical protein,protein-coding,-,-,-,-,20160917,-
1043004,25410828,M436DRAFT_48147,M436DRAFT_48147,-,-,Unknown,-,MFS general substrate transporter,protein-coding,-,-,-,-,20151212,-
1043004,25410829,M436DRAFT_48154,M436DRAFT_48154,-,-,Unknown,-,hypothetical protein,protein-coding,-,-,-,-,20160917,-
1043004,25410830,M436DRAFT_48160,M436DRAFT_48160,-,-,Unknown,-,hypothetical protein,protein-coding,-,-,-,-,20160917,-
1043004,25410831,M436DRAFT_48161,M436DRAFT_48161,-,-,Unknown,-,hypothetical protein,protein-coding,-,-,-,-,20160917,-
1043004,25410832,M436DRAFT_48163,M436DRAFT_48163,-,-,Unknown,-,hypothetical protein,protein-coding,-,-,-,-,20151212,-
1043004,25410833,M436DRAFT_48165,M436DRAFT_48165,-,-,Unknown,-,hypothetical protein,protein-coding,-,-,-,-,20160917,-
1043004,25410834,M436DRAFT_48175,M436DRAFT_48175,-,-,Unknown,-,hypothetical protein,protein-coding,-,-,-,-,20160917,-
1043004,25410835,M436DRAFT_48184,M436DRAFT_48184,-,-,Unknown,-,hypothetical protein,protein-coding,-,-,-,-,20151212,-
1043004,25410836,M436DRAFT_48190,M436DRAFT_48190,-,-,Unknown,-,hypothetical protein,protein-coding,-,-,-,-,20151104,-
1043004,25410837,M436DRAFT_48198,M436DRAFT_48198,-,-,Unknown,-,hypothetical protein,protein-coding,-,-,-,-,20151212,-
1043004,25410838,M436DRAFT_48209,M436DRAFT_48209,-,-,Unknown,-,hypothetical protein,protein-coding,-,-,-,-,20151104,-
1043004,25410839,M436DRAFT_48214,M436DRAFT_48214,-,-,Unknown,-,hypothetical protein,protein-coding,-,-,-,-,20160917,-
1043004,25410840,M436DRAFT_48226,M436DRAFT_48226,-,-,Unknown,-,Fic-domain-containing protein,protein-coding,-,-,-,-,20160917,-
1043004,25410841,M436DRAFT_48231,M436DRAFT_48231,-,-,Unknown,-,hypothetical protein,protein-coding,-,-,-,-,20160917,-
1043004,25410842,M436DRAFT_48236,M436DRAFT_48236,-,-,Unknown,-,ThiF family protein,protein-coding,-,-,-,-,20160917,-
1043004,25410843,M436DRAFT_48240,M436DRAFT_48240,-,-,Unknown,-,hypothetical protein,protein-coding,-,-,-,-,20151104,-
1043004,25410844,M436DRAFT_48242,M436DRAFT_48242,-,-,Unknown,-,hypothetical protein,protein-coding,-,-,-,-,20160917,-
1043004,25410845,M436DRAFT_48247,M436DRAFT_48247,-,-,Unknown,-,DUF924-domain-containing protein,protein-coding,-,-,-,-,20160917,-
1043004,25410846,M436DRAFT_48253,M436DRAFT_48253,-,-,Unknown,-,mitochondrial carrier,protein-coding,-,-,-,-,20160917,-
1043004,25410847,M436DRAFT_48268,M436DRAFT_48268,-,-,Unknown,-,hypothetical protein,protein-coding,-,-,-,-,20151104,-
1043004,25410848,M436DRAFT_48274,M436DRAFT_48274,-,-,Unknown,-,hypothetical protein,protein-coding,-,-,-,-,20151212,-
1043004,25410849,M436DRAFT_48276,M436DRAFT_48276,-,-,Unknown,-,hypothetical protein,protein-coding,-,-,-,-,20151104,-
1043004,25410850,M436DRAFT_48278,M436DRAFT_48278,-,-,Unknown,-,hypothetical protein,protein-coding,-,-,-,-,20151212,-
1043004,25410851,M436DRAFT_48289,M436DRAFT_48289,-,-,Unknown,-,nonsense-mediated mRNA decay protein 3,protein-coding,-,-,-,-,20160917,-
1043004,25410852,M436DRAFT_48292,M436DRAFT_48292,-,-,Unknown,-,hypothetical protein,protein-coding,-,-,-,-,20160917,-
1043004,25410853,M436DRAFT_48311,M436DRAFT_48311,-,-,Unknown,-,hypothetical protein,protein-coding,-,-,-,-,20151212,-
1043004,25410854,M436DRAFT_48312,M436DRAFT_48312,-,-,Unknown,-,hypothetical protein,protein-coding,-,-,-,-,20151212,-
1043004,25410855,M436DRAFT_48316,M436DRAFT_48316,-,-,Unknown,-,P-loop containing nucleoside triphosphate hydrolase protein,protein-coding,-,-,-,-,20160917,-
1043004,25410856,M436DRAFT_48327,M436DRAFT_48327,-,-,Unknown,-,SLA2 Src like adaptor 2,protein-coding,-,-,-,-,20160917,-
1043004,25410857,M436DRAFT_48333,M436DRAFT_48333,-,-,Unknown,-,mitochondrial carrier,protein-coding,-,-,-,-,20160917,-
1043004,25410858,M436DRAFT_48349,M436DRAFT_48349,-,-,Unknown,-,protein arginine N-methyltransferase HSL7,protein-coding,-,-,-,-,20160917,-
1043004,25410859,M436DRAFT_48351,M436DRAFT_48351,-,-,Unknown,-,hypothetical protein,protein-coding,-,-,-,-,20151104,-
1043004,25410860,M436DRAFT_48362,M436DRAFT_48362,-,-,Unknown,-,hypothetical protein,protein-coding,-,-,-,-,20151104,-
1043004,25410861,M436DRAFT_48370,M436DRAFT_48370,-,-,Unknown,-,lipoyl synthase,protein-coding,-,-,-,-,20160917,-
1043004,25410862,M436DRAFT_48383,M436DRAFT_48383,-,-,Unknown,-,oxidoreductase-like protein,protein-coding,-,-,-,-,20160325,-
1043004,25410863,M436DRAFT_48390,M436DRAFT_48390,-,-,Unknown,-,pyridoxamine phosphate oxidase family protein,protein-coding,-,-,-,-,20151104,-
1043004,25410864,M436DRAFT_48396,M436DRAFT_48396,-,-,Unknown,-,glycoside hydrolase,protein-coding,-,-,-,-,20160917,-
1043004,25410865,M436DRAFT_48407,M436DRAFT_48407,-,-,Unknown,-,WD40 repeat-like protein,protein-coding,-,-,-,-,20160917,-
1043004,25410866,M436DRAFT_48412,M436DRAFT_48412,-,-,Unknown,-,hypothetical protein,protein-coding,-,-,-,-,20160917,-
1043004,25410867,M436DRAFT_48415,M436DRAFT_48415,-,-,Unknown,-,hypothetical protein,protein-coding,-,-,-,-,20151104,-
1043004,25410868,M436DRAFT_48416,M436DRAFT_48416,-,-,Unknown,-,"muconate cycloisomerase I, MLE",protein-coding,-,-,-,-,20160917,-
1043004,25410869,M436DRAFT_48420,M436DRAFT_48420,-,-,Unknown,-,hypothetical protein,protein-coding,-,-,-,-,20151104,-
1043004,25410870,M436DRAFT_48423,M436DRAFT_48423,-,-,Unknown,-,hypothetical protein,protein-coding,-,-,-,-,20160917,-
1043004,25410871,M436DRAFT_48424,M436DRAFT_48424,-,-,Unknown,-,hypothetical protein,protein-coding,-,-,-,-,20151104,-
1043004,25410872,M436DRAFT_48425,M436DRAFT_48425,-,-,Unknown,-,CIA30-domain-containing protein,protein-coding,-,-,-,-,20160917,-
1043004,25410873,M436DRAFT_48435,M436DRAFT_48435,-,-,Unknown,-,hypothetical protein,protein-coding,-,-,-,-,20151104,-
1043004,25410874,M436DRAFT_48437,M436DRAFT_48437,-,-,Unknown,-,hypothetical protein,protein-coding,-,-,-,-,20160917,-
1043004,25410875,M436DRAFT_48439,M436DRAFT_48439,-,-,Unknown,-,hypothetical protein,protein-coding,-,-,-,-,20160917,-
1043004,25410876,M436DRAFT_48455,M436DRAFT_48455,-,-,Unknown,-,histidine acid phytase,protein-coding,-,-,-,-,20151212,-
1043004,25410877,M436DRAFT_48460,M436DRAFT_48460,-,-,Unknown,-,hypothetical protein,protein-coding,-,-,-,-,20151212,-
1043004,25410878,M436DRAFT_48479,M436DRAFT_48479,-,-,Unknown,-,hypothetical protein,protein-coding,-,-,-,-,20151104,-
1043004,25410879,M436DRAFT_48506,M436DRAFT_48506,-,-,Unknown,-,FabD/lysophospholipase-like protein,protein-coding,-,-,-,-,20160917,-
1043004,25410880,M436DRAFT_48516,M436DRAFT_48516,-,-,Unknown,-,calcium-dependent phosphotriesterase,protein-coding,-,-,-,-,20160917,-
1043004,25410881,M436DRAFT_48517,M436DRAFT_48517,-,-,Unknown,-,phosphoglycerate mutase-like protein,protein-coding,-,-,-,-,20160917,-
1043004,25410882,M436DRAFT_48523,M436DRAFT_48523,-,-,Unknown,-,putative MFS transporter,protein-coding,-,-,-,-,20160325,-
1043004,25410883,M436DRAFT_48527,M436DRAFT_48527,-,-,Unknown,-,NTF2-like protein,protein-coding,-,-,-,-,20160917,-
1043004,25410884,M436DRAFT_48538,M436DRAFT_48538,-,-,Unknown,-,ARM repeat-containing protein,protein-coding,-,-,-,-,20160917,-
1043004,25410885,M436DRAFT_48539,M436DRAFT_48539,-,-,Unknown,-,t-SNARE,protein-coding,-,-,-,-,20160917,-
1043004,25410886,M436DRAFT_48541,M436DRAFT_48541,-,-,Unknown,-,aspergillopepsin I,protein-coding,-,-,-,-,20160917,-
1043004,25410887,M436DRAFT_48549,M436DRAFT_48549,-,-,Unknown,-,high-affinity nicotinic acid transporter,protein-coding,-,-,-,-,20160917,-
1043004,25410888,M436DRAFT_48552,M436DRAFT_48552,-,-,Unknown,-,hypothetical protein,protein-coding,-,-,-,-,20160917,-
1043004,25410889,M436DRAFT_48555,M436DRAFT_48555,-,-,Unknown,-,hypothetical protein,protein-coding,-,-,-,-,20151104,-
1043004,25410890,M436DRAFT_48558,M436DRAFT_48558,-,-,Unknown,-,mitochondrial dicarboxylate transporter,protein-coding,-,-,-,-,20160917,-
1043004,25410891,M436DRAFT_48560,M436DRAFT_48560,-,-,Unknown,-,putative 4-hydroxy-2-oxovalerate aldolase,protein-coding,-,-,-,-,20160917,-
1043004,25410892,M436DRAFT_48564,M436DRAFT_48564,-,-,Unknown,-,hypothetical protein,protein-coding,-,-,-,-,20151104,-
1043004,25410893,M436DRAFT_48571,M436DRAFT_48571,-,-,Unknown,-,peptide chain release factor eRF/aRF subunit 1,protein-coding,-,-,-,-,20160917,-
1043004,25410894,M436DRAFT_48576,M436DRAFT_48576,-,-,Unknown,-,cytochrome P450,protein-coding,-,-,-,-,20160917,-
1043004,25410895,M436DRAFT_48581,M436DRAFT_48581,-,-,Unknown,-,hypothetical protein,protein-coding,-,-,-,-,20160917,-
1043004,25410896,M436DRAFT_48587,M436DRAFT_48587,-,-,Unknown,-,voltage-gated potassium channel,protein-coding,-,-,-,-,20160917,-
1043004,25410897,M436DRAFT_48595,M436DRAFT_48595,-,-,Unknown,-,seven-hairpin glycosidase,protein-coding,-,-,-,-,20160917,-
1043004,25410898,M436DRAFT_48597,M436DRAFT_48597,-,-,Unknown,-,fungal-specific transcription factor domain-containing protein,protein-coding,-,-,-,-,20160917,-
1043004,25410899,M436DRAFT_48599,M436DRAFT_48599,-,-,Unknown,-,DUF221-domain-containing protein,protein-coding,-,-,-,-,20160917,-
1043004,25410900,M436DRAFT_48601,M436DRAFT_48601,-,-,Unknown,-,hypothetical protein,protein-coding,-,-,-,-,20160917,-
1043004,25410901,M436DRAFT_48614,M436DRAFT_48614,-,-,Unknown,-,SCA7-domain-containing protein,protein-coding,-,-,-,-,20160917,-
1043004,25410902,M436DRAFT_48620,M436DRAFT_48620,-,-,Unknown,-,putative D-3-phosphoglycerate dehydrogenase,protein-coding,-,-,-,-,20160917,-
1043004,25410903,M436DRAFT_48622,M436DRAFT_48622,-,-,Unknown,-,lipoyltransferase,protein-coding,-,-,-,-,20160917,-
1043004,25410904,M436DRAFT_48624,M436DRAFT_48624,-,-,Unknown,-,acetate kinase,protein-coding,-,-,-,-,20160917,-
1043004,25410905,M436DRAFT_48637,M436DRAFT_48637,-,-,Unknown,-,PIG-X-domain-containing protein,protein-coding,-,-,-,-,20160917,-
1043004,25410906,M436DRAFT_48641,M436DRAFT_48641,-,-,Unknown,-,P-loop containing nucleoside triphosphate hydrolase protein,protein-coding,-,-,-,-,20160917,-
1043004,25410907,M436DRAFT_48643,M436DRAFT_48643,-,-,Unknown,-,hypothetical protein,protein-coding,-,-,-,-,20151212,-
1043004,25410908,M436DRAFT_48647,M436DRAFT_48647,-,-,Unknown,-,Allantoicase,protein-coding,-,-,-,-,20160917,-
1043004,25410909,M436DRAFT_48663,M436DRAFT_48663,-,-,Unknown,-,NUDIX family hydrolase,protein-coding,-,-,-,-,20160917,-
1043004,25410910,M436DRAFT_48668,M436DRAFT_48668,-,-,Unknown,-,hypothetical protein,protein-coding,-,-,-,-,20160917,-
1043004,25410911,M436DRAFT_48672,M436DRAFT_48672,-,-,Unknown,-,hypothetical protein,protein-coding,-,-,-,-,20160917,-
1043004,25410912,M436DRAFT_48678,M436DRAFT_48678,-,-,Unknown,-,hypothetical protein,protein-coding,-,-,-,-,20151104,-
1043004,25410913,M436DRAFT_48680,M436DRAFT_48680,-,-,Unknown,-,MFS transporter,protein-coding,-,-,-,-,20160917,-
1043004,25410914,M436DRAFT_48685,M436DRAFT_48685,-,-,Unknown,-,hypothetical protein,protein-coding,-,-,-,-,20151104,-
1043004,25410915,M436DRAFT_48686,M436DRAFT_48686,-,-,Unknown,-,FAD/NAD(P)-binding domain-containing protein,protein-coding,-,-,-,-,20160917,-
1043004,25410916,M436DRAFT_48688,M436DRAFT_48688,-,-,Unknown,-,hypothetical protein,protein-coding,-,-,-,-,20160917,-
1043004,25410917,M436DRAFT_48690,M436DRAFT_48690,-,-,Unknown,-,hypothetical protein,protein-coding,-,-,-,-,20151212,-
1043004,25410918,M436DRAFT_48697,M436DRAFT_48697,-,-,Unknown,-,MFS general substrate transporter,protein-coding,-,-,-,-,20160917,-
1043004,25410919,M436DRAFT_48702,M436DRAFT_48702,-,-,Unknown,-,pyrroline-5-carboxylate reductase,protein-coding,-,-,-,-,20160917,-
1043004,25410920,M436DRAFT_48709,M436DRAFT_48709,-,-,Unknown,-,alcohol oxidase,protein-coding,-,-,-,-,20160917,-
1043004,25410921,M436DRAFT_48713,M436DRAFT_48713,-,-,Unknown,-,hypothetical protein,protein-coding,-,-,-,-,20160917,-
1043004,25410922,M436DRAFT_48715,M436DRAFT_48715,-,-,Unknown,-,hypothetical protein,protein-coding,-,-,-,-,20160917,-
1043004,25410923,M436DRAFT_48727,M436DRAFT_48727,-,-,Unknown,-,dihydroxy-acid and 6-phosphogluconate dehydratase,protein-coding,-,-,-,-,20160917,-
1043004,25410924,M436DRAFT_48734,M436DRAFT_48734,-,-,Unknown,-,2-dehydropantoate 2-reductase,protein-coding,-,-,-,-,20160917,-
1043004,25410925,M436DRAFT_48735,M436DRAFT_48735,-,-,Unknown,-,putative ubiquitin C-terminal hydrolase,protein-coding,-,-,-,-,20160917,-
1043004,25410926,M436DRAFT_48736,M436DRAFT_48736,-,-,Unknown,-,hypothetical protein,protein-coding,-,-,-,-,20151104,-
1043004,25410927,M436DRAFT_48768,M436DRAFT_48768,-,-,Unknown,-,DNA-binding protein,protein-coding,-,-,-,-,20160917,-
1043004,25410928,M436DRAFT_48772,M436DRAFT_48772,-,-,Unknown,-,hypothetical protein,protein-coding,-,-,-,-,20160917,-
1043004,25410929,M436DRAFT_48782,M436DRAFT_48782,-,-,Unknown,-,multidrug resistance protein,protein-coding,-,-,-,-,20160917,-
1043004,25410930,M436DRAFT_48793,M436DRAFT_48793,-,-,Unknown,-,hypothetical protein,protein-coding,-,-,-,-,20151104,-
1043004,25410931,M436DRAFT_48794,M436DRAFT_48794,-,-,Unknown,-,putative Rho GTPase activator,protein-coding,-,-,-,-,20160917,-
1043004,25410932,M436DRAFT_48795,M436DRAFT_48795,-,-,Unknown,-,NAD(P)-binding protein,protein-coding,-,-,-,-,20160917,-
1043004,25410933,M436DRAFT_48802,M436DRAFT_48802,-,-,Unknown,-,dihydrofolate reductase,protein-coding,-,-,-,-,20160917,-
1043004,25410934,M436DRAFT_48804,M436DRAFT_48804,-,-,Unknown,-,dolichyl glycosyltransferase,protein-coding,-,-,-,-,20160917,-
1043004,25410935,M436DRAFT_48806,M436DRAFT_48806,-,-,Unknown,-,MFS transporter,protein-coding,-,-,-,-,20160917,-
1043004,25410936,M436DRAFT_48808,M436DRAFT_48808,-,-,Unknown,-,GroES-like protein,protein-coding,-,-,-,-,20151212,-
1043004,25410937,M436DRAFT_48818,M436DRAFT_48818,-,-,Unknown,-,Nucleotidyltransferase,protein-coding,-,-,-,-,20151212,-
1043004,25410938,M436DRAFT_48830,M436DRAFT_48830,-,-,Unknown,-,thioredoxin-like protein,protein-coding,-,-,-,-,20151212,-
1043004,25410939,M436DRAFT_48831,M436DRAFT_48831,-,-,Unknown,-,hypothetical protein,protein-coding,-,-,-,-,20160917,-
1043004,25410940,M436DRAFT_48839,M436DRAFT_48839,-,-,Unknown,-,pyrroline-5-carboxylate reductase,protein-coding,-,-,-,-,20160917,-
1043004,25410941,M436DRAFT_48848,M436DRAFT_48848,-,-,Unknown,-,hypothetical protein,protein-coding,-,-,-,-,20160917,-
1043004,25410942,M436DRAFT_48851,M436DRAFT_48851,-,-,Unknown,-,phosphotransferase enzyme family protein,protein-coding,-,-,-,-,20160917,-
1043004,25410943,M436DRAFT_48852,M436DRAFT_48852,-,-,Unknown,-,hypothetical protein,protein-coding,-,-,-,-,20151104,-
1043004,25410944,M436DRAFT_48855,M436DRAFT_48855,-,-,Unknown,-,hexose carrier protein,protein-coding,-,-,-,-,20160917,-
1043004,25410945,M436DRAFT_48856,M436DRAFT_48856,-,-,Unknown,-,putative polygalacturonase 2,protein-coding,-,-,-,-,20160917,-
1043004,25410946,M436DRAFT_48861,M436DRAFT_48861,-,-,Unknown,-,NAD(P)-binding protein,protein-coding,-,-,-,-,20151212,-
1043004,25410947,M436DRAFT_48864,M436DRAFT_48864,-,-,Unknown,-,hypothetical protein,protein-coding,-,-,-,-,20160917,-
1043004,25410948,M436DRAFT_48870,M436DRAFT_48870,-,-,Unknown,-,hypothetical protein,protein-coding,-,-,-,-,20160325,-
1043004,25410949,M436DRAFT_48871,M436DRAFT_48871,-,-,Unknown,-,hypothetical protein,protein-coding,-,-,-,-,20151104,-
1043004,25410950,M436DRAFT_48877,M436DRAFT_48877,-,-,Unknown,-,DUF1115 domain protein,protein-coding,-,-,-,-,20160917,-
1043004,25410951,M436DRAFT_48884,M436DRAFT_48884,-,-,Unknown,-,BAR-domain-containing protein,protein-coding,-,-,-,-,20160325,-
1043004,25410952,M436DRAFT_48887,M436DRAFT_48887,-,-,Unknown,-,hypothetical protein,protein-coding,-,-,-,-,20151104,-
1043004,25410953,M436DRAFT_48890,M436DRAFT_48890,-,-,Unknown,-,hypothetical protein,protein-coding,-,-,-,-,20151212,-
1043004,25410954,M436DRAFT_48895,M436DRAFT_48895,-,-,Unknown,-,"small oligopeptide transporter, OPT family",protein-coding,-,-,-,-,20160917,-
1043004,25410955,M436DRAFT_48909,M436DRAFT_48909,-,-,Unknown,-,putative histidine kinase-like protein M3YPp,protein-coding,-,-,-,-,20160917,-
1043004,25410956,M436DRAFT_48913,M436DRAFT_48913,-,-,Unknown,-,BRE1-domain-containing protein,protein-coding,-,-,-,-,20160917,-
1043004,25410957,M436DRAFT_48919,M436DRAFT_48919,-,-,Unknown,-,hypothetical protein,protein-coding,-,-,-,-,20160917,-
1043004,25410958,M436DRAFT_48921,M436DRAFT_48921,-,-,Unknown,-,hypothetical protein,protein-coding,-,-,-,-,20151212,-
1043004,25410959,M436DRAFT_48926,M436DRAFT_48926,-,-,Unknown,-,metal-dependent amidase/aminoacylase/carboxypeptidase,protein-coding,-,-,-,-,20151212,-
1043004,25410960,M436DRAFT_48927,M436DRAFT_48927,-,-,Unknown,-,hypothetical protein,protein-coding,-,-,-,-,20151104,-
1043004,25410961,M436DRAFT_48930,M436DRAFT_48930,-,-,Unknown,-,hypothetical protein,protein-coding,-,-,-,-,20151212,-
1043004,25410962,M436DRAFT_48936,M436DRAFT_48936,-,-,Unknown,-,hypothetical protein,protein-coding,-,-,-,-,20160917,-
1043004,25410963,M436DRAFT_48939,M436DRAFT_48939,-,-,Unknown,-,hypothetical protein,protein-coding,-,-,-,-,20151104,-
1043004,25410964,M436DRAFT_48941,M436DRAFT_48941,-,-,Unknown,-,putative ABC transporter,protein-coding,-,-,-,-,20160917,-
1043004,25410965,M436DRAFT_48969,M436DRAFT_48969,-,-,Unknown,-,APN2 DNA lyase apurinic/apyrimidinic,protein-coding,-,-,-,-,20160325,-
1043004,25410966,M436DRAFT_48973,M436DRAFT_48973,-,-,Unknown,-,hypothetical protein,protein-coding,-,-,-,-,20160917,-
1043004,25410967,M436DRAFT_48982,M436DRAFT_48982,-,-,Unknown,-,hypothetical protein,protein-coding,-,-,-,-,20151212,-
1043004,25410968,M436DRAFT_48986,M436DRAFT_48986,-,-,Unknown,-,kinase-like protein,protein-coding,-,-,-,-,20160917,-
1043004,25410969,M436DRAFT_48993,M436DRAFT_48993,-,-,Unknown,-,alpha/beta-hydrolase,protein-coding,-,-,-,-,20160917,-
1043004,25410970,M436DRAFT_48994,M436DRAFT_48994,-,-,Unknown,-,hypothetical protein,protein-coding,-,-,-,-,20160917,-
1043004,25410971,M436DRAFT_49002,M436DRAFT_49002,-,-,Unknown,-,hypothetical protein,protein-coding,-,-,-,-,20160325,-
1043004,25410972,M436DRAFT_49004,M436DRAFT_49004,-,-,Unknown,-,hypothetical protein,protein-coding,-,-,-,-,20151104,-
1043004,25410973,M436DRAFT_49007,M436DRAFT_49007,-,-,Unknown,-,hypothetical protein,protein-coding,-,-,-,-,20160917,-
1043004,25410974,M436DRAFT_49011,M436DRAFT_49011,-,-,Unknown,-,hypothetical protein,protein-coding,-,-,-,-,20160917,-
1043004,25410975,M436DRAFT_49013,M436DRAFT_49013,-,-,Unknown,-,hypothetical protein,protein-coding,-,-,-,-,20160917,-
1043004,25410976,M436DRAFT_49015,M436DRAFT_49015,-,-,Unknown,-,hypothetical protein,protein-coding,-,-,-,-,20160917,-
1043004,25410977,M436DRAFT_49019,M436DRAFT_49019,-,-,Unknown,-,DUF1768-domain-containing protein,protein-coding,-,-,-,-,20160917,-
1043004,25410978,M436DRAFT_49029,M436DRAFT_49029,-,-,Unknown,-,P-loop containing nucleoside triphosphate hydrolase protein,protein-coding,-,-,-,-,20160917,-
1043004,25410979,M436DRAFT_49036,M436DRAFT_49036,-,-,Unknown,-,hypothetical protein,protein-coding,-,-,-,-,20160917,-
1043004,25410980,M436DRAFT_49037,M436DRAFT_49037,-,-,Unknown,-,hypothetical protein,protein-coding,-,-,-,-,20160917,-
1043004,25410981,M436DRAFT_49039,M436DRAFT_49039,-,-,Unknown,-,hypothetical protein,protein-coding,-,-,-,-,20160917,-
1043004,25410982,M436DRAFT_49057,M436DRAFT_49057,-,-,Unknown,-,putative alternative oxidase,protein-coding,-,-,-,-,20160917,-
1043004,25410983,M436DRAFT_49062,M436DRAFT_49062,-,-,Unknown,-,hypothetical protein,protein-coding,-,-,-,-,20160917,-
1043004,25410984,M436DRAFT_49063,M436DRAFT_49063,-,-,Unknown,-,hypothetical protein,protein-coding,-,-,-,-,20151104,-
1043004,25410985,M436DRAFT_49064,M436DRAFT_49064,-,-,Unknown,-,hypothetical protein,protein-coding,-,-,-,-,20160917,-
1043004,25410986,M436DRAFT_49069,M436DRAFT_49069,-,-,Unknown,-,MFS multidrug transporter,protein-coding,-,-,-,-,20160917,-
1043004,25410987,M436DRAFT_49070,M436DRAFT_49070,-,-,Unknown,-,MFS general substrate transporter,protein-coding,-,-,-,-,20160917,-
1043004,25410988,M436DRAFT_49071,M436DRAFT_49071,-,-,Unknown,-,ARM repeat-containing protein,protein-coding,-,-,-,-,20160917,-
1043004,25410989,M436DRAFT_49075,M436DRAFT_49075,-,-,Unknown,-,putative ribosome biogenesis protein Erb1,protein-coding,-,-,-,-,20160917,-
1043004,25410990,M436DRAFT_49077,M436DRAFT_49077,-,-,Unknown,-,glutaryl-CoA dehydrogenase-like protein,protein-coding,-,-,-,-,20151212,-
1043004,25410991,M436DRAFT_49081,M436DRAFT_49081,-,-,Unknown,-,hypothetical protein,protein-coding,-,-,-,-,20160325,-
1043004,25410992,M436DRAFT_49089,M436DRAFT_49089,-,-,Unknown,-,hypothetical protein,protein-coding,-,-,-,-,20160917,-
1043004,25410993,M436DRAFT_49090,M436DRAFT_49090,-,-,Unknown,-,MFS general substrate transporter,protein-coding,-,-,-,-,20151212,-
1043004,25410994,M436DRAFT_49095,M436DRAFT_49095,-,-,Unknown,-,hypothetical protein,protein-coding,-,-,-,-,20151104,-
1043004,25410995,M436DRAFT_49096,M436DRAFT_49096,-,-,Unknown,-,hypothetical protein,protein-coding,-,-,-,-,20160917,-
1043004,25410996,M436DRAFT_49098,M436DRAFT_49098,-,-,Unknown,-,hypothetical protein,protein-coding,-,-,-,-,20160917,-
1043004,25410997,M436DRAFT_49103,M436DRAFT_49103,-,-,Unknown,-,hypothetical protein,protein-coding,-,-,-,-,20151104,-
1043004,25410998,M436DRAFT_49109,M436DRAFT_49109,-,-,Unknown,-,hypothetical protein,protein-coding,-,-,-,-,20160917,-
1043004,25410999,M436DRAFT_49110,M436DRAFT_49110,-,-,Unknown,-,MFS general substrate transporter,protein-coding,-,-,-,-,20151212,-
1043004,25411000,M436DRAFT_49111,M436DRAFT_49111,-,-,Unknown,-,Ureohydrolase,protein-coding,-,-,-,-,20160917,-
1043004,25411001,M436DRAFT_49114,M436DRAFT_49114,-,-,Unknown,-,CIA30-domain-containing protein,protein-coding,-,-,-,-,20160917,-
1043004,25411002,M436DRAFT_49125,M436DRAFT_49125,-,-,Unknown,-,hypothetical protein,protein-coding,-,-,-,-,20160917,-
1043004,25411003,M436DRAFT_49126,M436DRAFT_49126,-,-,Unknown,-,Sm-like ribonucleo protein,protein-coding,-,-,-,-,20151212,-
1043004,25411004,M436DRAFT_49130,M436DRAFT_49130,-,-,Unknown,-,ribosomal protein S18,protein-coding,-,-,-,-,20151212,-
1043004,25411005,M436DRAFT_49145,M436DRAFT_49145,-,-,Unknown,-,mitochondrial carrier,protein-coding,-,-,-,-,20160917,-
1043004,25411006,M436DRAFT_49147,M436DRAFT_49147,-,-,Unknown,-,hypothetical protein,protein-coding,-,-,-,-,20151104,-
1043004,25411007,M436DRAFT_49148,M436DRAFT_49148,-,-,Unknown,-,putative alpha-L-rhamnosidase C,protein-coding,-,-,-,-,20160917,-
1043004,25411008,M436DRAFT_49153,M436DRAFT_49153,-,-,Unknown,-,hypothetical protein,protein-coding,-,-,-,-,20160325,-
1043004,25411009,M436DRAFT_49154,M436DRAFT_49154,-,-,Unknown,-,SNF5-domain-containing protein,protein-coding,-,-,-,-,20160917,-
1043004,25411010,M436DRAFT_49156,M436DRAFT_49156,-,-,Unknown,-,hypothetical protein,protein-coding,-,-,-,-,20151104,-
1043004,25411011,M436DRAFT_49157,M436DRAFT_49157,-,-,Unknown,-,CBF-domain-containing protein,protein-coding,-,-,-,-,20160917,-
1043004,25411012,M436DRAFT_49164,M436DRAFT_49164,-,-,Unknown,-,WD40 repeat-like protein,protein-coding,-,-,-,-,20160917,-
1043004,25411013,M436DRAFT_49176,M436DRAFT_49176,-,-,Unknown,-,hypothetical protein,protein-coding,-,-,-,-,20151104,-
1043004,25411014,M436DRAFT_49177,M436DRAFT_49177,-,-,Unknown,-,DUF907 domain protein,protein-coding,-,-,-,-,20160917,-
1043004,25411015,M436DRAFT_49179,M436DRAFT_49179,-,-,Unknown,-,hypothetical protein,protein-coding,-,-,-,-,20160917,-
1043004,25411016,M436DRAFT_49180,M436DRAFT_49180,-,-,Unknown,-,P-loop containing nucleoside triphosphate hydrolase protein,protein-coding,-,-,-,-,20160917,-
1043004,25411017,M436DRAFT_49181,M436DRAFT_49181,-,-,Unknown,-,putative nuclear serine protease HtrA2/Nma111,protein-coding,-,-,-,-,20160917,-
1043004,25411018,M436DRAFT_49191,M436DRAFT_49191,-,-,Unknown,-,FAD-binding domain-containing protein,protein-coding,-,-,-,-,20160917,-
1043004,25411019,M436DRAFT_49201,M436DRAFT_49201,-,-,Unknown,-,hypothetical protein,protein-coding,-,-,-,-,20160917,-
1043004,25411020,M436DRAFT_49202,M436DRAFT_49202,-,-,Unknown,-,hypothetical protein,protein-coding,-,-,-,-,20151212,-
1043004,25411021,M436DRAFT_49208,M436DRAFT_49208,-,-,Unknown,-,hypothetical protein,protein-coding,-,-,-,-,20160917,-
1043004,25411022,M436DRAFT_49209,M436DRAFT_49209,-,-,Unknown,-,respiratory-chain NADH dehydrogenase 24 kDa subunit,protein-coding,-,-,-,-,20160917,-
1043004,25411023,M436DRAFT_49211,M436DRAFT_49211,-,-,Unknown,-,Di-copper centre-containing protein,protein-coding,-,-,-,-,20160917,-
1043004,25411024,M436DRAFT_49212,M436DRAFT_49212,-,-,Unknown,-,alpha-glucosidase,protein-coding,-,-,-,-,20160917,-
1043004,25411025,M436DRAFT_49216,M436DRAFT_49216,-,-,Unknown,-,hypothetical protein,protein-coding,-,-,-,-,20160917,-
1043004,25411026,M436DRAFT_49219,M436DRAFT_49219,-,-,Unknown,-,hypothetical protein,protein-coding,-,-,-,-,20160917,-
1043004,25411027,M436DRAFT_49226,M436DRAFT_49226,-,-,Unknown,-,SIR2-domain-containing protein,protein-coding,-,-,-,-,20160917,-
1043004,25411028,M436DRAFT_49241,M436DRAFT_49241,-,-,Unknown,-,ubiquitin-conjugating enzyme,protein-coding,-,-,-,-,20160917,-
1043004,25411029,M436DRAFT_49242,M436DRAFT_49242,-,-,Unknown,-,hypothetical protein,protein-coding,-,-,-,-,20151104,-
1043004,25411030,M436DRAFT_49251,M436DRAFT_49251,-,-,Unknown,-,hypothetical protein,protein-coding,-,-,-,-,20160917,-
1043004,25411031,M436DRAFT_49252,M436DRAFT_49252,-,-,Unknown,-,hypothetical protein,protein-coding,-,-,-,-,20160917,-
1043004,25411032,M436DRAFT_49256,M436DRAFT_49256,-,-,Unknown,-,hypothetical protein,protein-coding,-,-,-,-,20151104,-
1043004,25411033,M436DRAFT_49257,M436DRAFT_49257,-,-,Unknown,-,hypothetical protein,protein-coding,-,-,-,-,20160917,-
1043004,25411034,M436DRAFT_49259,M436DRAFT_49259,-,-,Unknown,-,hypothetical protein,protein-coding,-,-,-,-,20160917,-
1043004,25411035,M436DRAFT_49263,M436DRAFT_49263,-,-,Unknown,-,oxidoreductase,protein-coding,-,-,-,-,20151212,-
1043004,25411036,M436DRAFT_49268,M436DRAFT_49268,-,-,Unknown,-,hypothetical protein,protein-coding,-,-,-,-,20160917,-
1043004,25411037,M436DRAFT_49270,M436DRAFT_49270,-,-,Unknown,-,hypothetical protein,protein-coding,-,-,-,-,20151104,-
1043004,25411038,M436DRAFT_49279,M436DRAFT_49279,-,-,Unknown,-,hypothetical protein,protein-coding,-,-,-,-,20160917,-
1043004,25411039,M436DRAFT_49281,M436DRAFT_49281,-,-,Unknown,-,GPP34-domain-containing protein,protein-coding,-,-,-,-,20160917,-
1043004,25411040,M436DRAFT_49316,M436DRAFT_49316,-,-,Unknown,-,putative alkaline serine protease AorO,protein-coding,-,-,-,-,20160917,-
1043004,25411041,M436DRAFT_49317,M436DRAFT_49317,-,-,Unknown,-,Arginase/deacetylase,protein-coding,-,-,-,-,20151212,-
1043004,25411042,M436DRAFT_49320,M436DRAFT_49320,-,-,Unknown,-,hypothetical protein,protein-coding,-,-,-,-,20160917,-
1043004,25411043,M436DRAFT_49341,M436DRAFT_49341,-,-,Unknown,-,ubiquitin-conjugating enzyme,protein-coding,-,-,-,-,20210123,-
1043004,25411044,M436DRAFT_49348,M436DRAFT_49348,-,-,Unknown,-,TPT-domain-containing protein,protein-coding,-,-,-,-,20160917,-
1043004,25411045,M436DRAFT_49355,M436DRAFT_49355,-,-,Unknown,-,hypothetical protein,protein-coding,-,-,-,-,20160917,-
1043004,25411046,M436DRAFT_49356,M436DRAFT_49356,-,-,Unknown,-,cytochrome P450,protein-coding,-,-,-,-,20160917,-
1043004,25411047,M436DRAFT_49357,M436DRAFT_49357,-,-,Unknown,-,hypothetical protein,protein-coding,-,-,-,-,20160917,-
1043004,25411048,M436DRAFT_49359,M436DRAFT_49359,-,-,Unknown,-,Malate/L-lactate dehydrogenase,protein-coding,-,-,-,-,20160917,-
1043004,25411049,M436DRAFT_49364,M436DRAFT_49364,-,-,Unknown,-,hypothetical protein,protein-coding,-,-,-,-,20151212,-
1043004,25411050,M436DRAFT_49368,M436DRAFT_49368,-,-,Unknown,-,hypothetical protein,protein-coding,-,-,-,-,20151212,-
1043004,25411051,M436DRAFT_49376,M436DRAFT_49376,-,-,Unknown,-,MFS general substrate transporter,protein-coding,-,-,-,-,20160917,-
1043004,25411052,M436DRAFT_49379,M436DRAFT_49379,-,-,Unknown,-,hypothetical protein,protein-coding,-,-,-,-,20160917,-
1043004,25411053,M436DRAFT_49380,M436DRAFT_49380,-,-,Unknown,-,hypothetical protein,protein-coding,-,-,-,-,20160917,-
1043004,25411054,M436DRAFT_49390,M436DRAFT_49390,-,-,Unknown,-,cytochrome P450 phenylacetate 2-hydroxylase,protein-coding,-,-,-,-,20160917,-
1043004,25411055,M436DRAFT_49397,M436DRAFT_49397,-,-,Unknown,-,hypothetical protein,protein-coding,-,-,-,-,20160917,-
1043004,25411056,M436DRAFT_49398,M436DRAFT_49398,-,-,Unknown,-,CBD9-like protein,protein-coding,-,-,-,-,20151212,-
1043004,25411057,M436DRAFT_49407,M436DRAFT_49407,-,-,Unknown,-,hypothetical protein,protein-coding,-,-,-,-,20160917,-
1043004,25411058,M436DRAFT_49411,M436DRAFT_49411,-,-,Unknown,-,Arginase/deacetylase,protein-coding,-,-,-,-,20151212,-
1043004,25411059,M436DRAFT_49412,M436DRAFT_49412,-,-,Unknown,-,acetyl-CoA synthetase-like protein,protein-coding,-,-,-,-,20160917,-
1043004,25411060,M436DRAFT_49414,M436DRAFT_49414,-,-,Unknown,-,"glucan 1,4-alpha-glucosidase-like protein",protein-coding,-,-,-,-,20160917,-
1043004,25411061,M436DRAFT_49415,M436DRAFT_49415,-,-,Unknown,-,threonine dehydratase,protein-coding,-,-,-,-,20160917,-
1043004,25411062,M436DRAFT_49418,M436DRAFT_49418,-,-,Unknown,-,hexokinase,protein-coding,-,-,-,-,20160917,-
1043004,25411063,M436DRAFT_49425,M436DRAFT_49425,-,-,Unknown,-,Rhodanese-like protein,protein-coding,-,-,-,-,20151212,-
1043004,25411064,M436DRAFT_49429,M436DRAFT_49429,-,-,Unknown,-,karyogamy protein,protein-coding,-,-,-,-,20160917,-
1043004,25411065,M436DRAFT_49433,M436DRAFT_49433,-,-,Unknown,-,hypothetical protein,protein-coding,-,-,-,-,20160917,-
1043004,25411066,M436DRAFT_49443,M436DRAFT_49443,-,-,Unknown,-,hypothetical protein,protein-coding,-,-,-,-,20160917,-
1043004,25411067,M436DRAFT_49444,M436DRAFT_49444,-,-,Unknown,-,NADPH-dependent medium chain alcohol dehydrogenase,protein-coding,-,-,-,-,20151212,-
1043004,25411068,M436DRAFT_49450,M436DRAFT_49450,-,-,Unknown,-,hypothetical protein,protein-coding,-,-,-,-,20160917,-
1043004,25411069,M436DRAFT_49461,M436DRAFT_49461,-,-,Unknown,-,hypothetical protein,protein-coding,-,-,-,-,20160917,-
1043004,25411070,M436DRAFT_49464,M436DRAFT_49464,-,-,Unknown,-,hypothetical protein,protein-coding,-,-,-,-,20151104,-
1043004,25411071,M436DRAFT_49469,M436DRAFT_49469,-,-,Unknown,-,hypothetical protein,protein-coding,-,-,-,-,20160917,-
1043004,25411072,M436DRAFT_49476,M436DRAFT_49476,-,-,Unknown,-,hypothetical protein,protein-coding,-,-,-,-,20160917,-
1043004,25411073,M436DRAFT_49480,M436DRAFT_49480,-,-,Unknown,-,hypothetical protein,protein-coding,-,-,-,-,20160917,-
1043004,25411074,M436DRAFT_49484,M436DRAFT_49484,-,-,Unknown,-,DNA replication complex GINS protein SLD5,protein-coding,-,-,-,-,20160917,-
1043004,25411075,M436DRAFT_49489,M436DRAFT_49489,-,-,Unknown,-,hypothetical protein,protein-coding,-,-,-,-,20160917,-
1043004,25411076,M436DRAFT_49493,M436DRAFT_49493,-,-,Unknown,-,hypothetical protein,protein-coding,-,-,-,-,20151212,-
1043004,25411077,M436DRAFT_49499,M436DRAFT_49499,-,-,Unknown,-,putative ferulic acid Esterase/Feruloyl esterase,protein-coding,-,-,-,-,20160917,-
1043004,25411078,M436DRAFT_49503,M436DRAFT_49503,-,-,Unknown,-,hypothetical protein,protein-coding,-,-,-,-,20160917,-
1043004,25411079,M436DRAFT_49505,M436DRAFT_49505,-,-,Unknown,-,hypothetical protein,protein-coding,-,-,-,-,20170520,-
1043004,25411080,M436DRAFT_49509,M436DRAFT_49509,-,-,Unknown,-,hypothetical protein,protein-coding,-,-,-,-,20160917,-
1043004,25411081,M436DRAFT_49513,M436DRAFT_49513,-,-,Unknown,-,hypothetical protein,protein-coding,-,-,-,-,20160917,-
1043004,25411082,M436DRAFT_49525,M436DRAFT_49525,-,-,Unknown,-,cytochrome b5,protein-coding,-,-,-,-,20160917,-
1043004,25411083,M436DRAFT_49531,M436DRAFT_49531,-,-,Unknown,-,hypothetical protein,protein-coding,-,-,-,-,20160917,-
1043004,25411084,M436DRAFT_49535,M436DRAFT_49535,-,-,Unknown,-,"putative integral membrane protein, Mpv17/PMP22 family",protein-coding,-,-,-,-,20160917,-
1043004,25411085,M436DRAFT_49538,M436DRAFT_49538,-,-,Unknown,-,hypothetical protein,protein-coding,-,-,-,-,20160917,-
1043004,25411086,M436DRAFT_49543,M436DRAFT_49543,-,-,Unknown,-,hypothetical protein,protein-coding,-,-,-,-,20160917,-
1043004,25411087,M436DRAFT_49547,M436DRAFT_49547,-,-,Unknown,-,EF-hand,protein-coding,-,-,-,-,20160917,-
1043004,25411088,M436DRAFT_49551,M436DRAFT_49551,-,-,Unknown,-,WD40 repeat-like protein,protein-coding,-,-,-,-,20160917,-
1043004,25411089,M436DRAFT_49554,M436DRAFT_49554,-,-,Unknown,-,hypothetical protein,protein-coding,-,-,-,-,20160917,-
1043004,25411090,M436DRAFT_49555,M436DRAFT_49555,-,-,Unknown,-,ribonuclease R,protein-coding,-,-,-,-,20160917,-
1043004,25411091,M436DRAFT_49559,M436DRAFT_49559,-,-,Unknown,-,putative toxin biosynthesis protein,protein-coding,-,-,-,-,20160917,-
1043004,25411092,M436DRAFT_49561,M436DRAFT_49561,-,-,Unknown,-,UDP-glucose:glyco protein glucosyltransferase precursor,protein-coding,-,-,-,-,20160917,-
1043004,25411093,M436DRAFT_49570,M436DRAFT_49570,-,-,Unknown,-,NADH-ubiquinone oxidoreductase subunit,protein-coding,-,-,-,-,20160917,-
1043004,25411094,M436DRAFT_49576,M436DRAFT_49576,-,-,Unknown,-,hypothetical protein,protein-coding,-,-,-,-,20160917,-
1043004,25411095,M436DRAFT_49592,M436DRAFT_49592,-,-,Unknown,-,secreted carboxypeptidase-like protein,protein-coding,-,-,-,-,20160917,-
1043004,25411096,M436DRAFT_49593,M436DRAFT_49593,-,-,Unknown,-,polyketide synthase,protein-coding,-,-,-,-,20160917,-
1043004,25411097,M436DRAFT_49605,M436DRAFT_49605,-,-,Unknown,-,SEP-domain-containing protein,protein-coding,-,-,-,-,20160917,-
1043004,25411098,M436DRAFT_49607,M436DRAFT_49607,-,-,Unknown,-,a-pheromone processing metallopeptidase Ste23,protein-coding,-,-,-,-,20160917,-
1043004,25411099,M436DRAFT_49609,M436DRAFT_49609,-,-,Unknown,-,hypothetical protein,protein-coding,-,-,-,-,20160917,-
1043004,25411100,M436DRAFT_49617,M436DRAFT_49617,-,-,Unknown,-,hypothetical protein,protein-coding,-,-,-,-,20160917,-
1043004,25411101,M436DRAFT_49620,M436DRAFT_49620,-,-,Unknown,-,Fumarylacetoacetase,protein-coding,-,-,-,-,20160917,-
1043004,25411102,M436DRAFT_49624,M436DRAFT_49624,-,-,Unknown,-,SNF5-domain-containing protein,protein-coding,-,-,-,-,20160917,-
1043004,25411103,M436DRAFT_49625,M436DRAFT_49625,-,-,Unknown,-,hypothetical protein,protein-coding,-,-,-,-,20151104,-
1043004,25411104,M436DRAFT_49632,M436DRAFT_49632,-,-,Unknown,-,apses-domain-containing protein,protein-coding,-,-,-,-,20160917,-
1043004,25411105,M436DRAFT_49639,M436DRAFT_49639,-,-,Unknown,-,alpha/beta-hydrolase,protein-coding,-,-,-,-,20160917,-
1043004,25411106,M436DRAFT_49647,M436DRAFT_49647,-,-,Unknown,-,NAD(P)-binding protein,protein-coding,-,-,-,-,20160917,-
1043004,25411107,M436DRAFT_49651,M436DRAFT_49651,-,-,Unknown,-,P-loop containing nucleoside triphosphate hydrolase protein,protein-coding,-,-,-,-,20160917,-
1043004,25411108,M436DRAFT_49652,M436DRAFT_49652,-,-,Unknown,-,dimethyladenosine transferase,protein-coding,-,-,-,-,20160917,-
1043004,25411109,M436DRAFT_49662,M436DRAFT_49662,-,-,Unknown,-,2-dehydropantoate 2-reductase,protein-coding,-,-,-,-,20160917,-
1043004,25411110,M436DRAFT_49663,M436DRAFT_49663,-,-,Unknown,-,hypothetical protein,protein-coding,-,-,-,-,20151104,-
1043004,25411111,M436DRAFT_49666,M436DRAFT_49666,-,-,Unknown,-,DEAD-domain-containing protein,protein-coding,-,-,-,-,20160917,-
1043004,25411112,M436DRAFT_49674,M436DRAFT_49674,-,-,Unknown,-,hypothetical protein,protein-coding,-,-,-,-,20160917,-
1043004,25411113,M436DRAFT_49680,M436DRAFT_49680,-,-,Unknown,-,hypothetical protein,protein-coding,-,-,-,-,20151104,-
1043004,25411114,M436DRAFT_49684,M436DRAFT_49684,-,-,Unknown,-,hypothetical protein,protein-coding,-,-,-,-,20160917,-
1043004,25411115,M436DRAFT_49687,M436DRAFT_49687,-,-,Unknown,-,hypothetical protein,protein-coding,-,-,-,-,20151104,-
1043004,25411116,M436DRAFT_49689,M436DRAFT_49689,-,-,Unknown,-,hypothetical protein,protein-coding,-,-,-,-,20160917,-
1043004,25411117,M436DRAFT_49692,M436DRAFT_49692,-,-,Unknown,-,peroxiredoxin,protein-coding,-,-,-,-,20160917,-
1043004,25411118,M436DRAFT_49697,M436DRAFT_49697,-,-,Unknown,-,hypothetical protein,protein-coding,-,-,-,-,20151104,-
1043004,25411119,M436DRAFT_49698,M436DRAFT_49698,-,-,Unknown,-,hypothetical protein,protein-coding,-,-,-,-,20160917,-
1043004,25411120,M436DRAFT_49701,M436DRAFT_49701,-,-,Unknown,-,putative AP-2 adaptor complex subunit sigma,protein-coding,-,-,-,-,20191025,-
1043004,25411121,M436DRAFT_49710,M436DRAFT_49710,-,-,Unknown,-,Prefoldin alpha subunit,protein-coding,-,-,-,-,20160917,-
1043004,25411122,M436DRAFT_49721,M436DRAFT_49721,-,-,Unknown,-,Acetamidase/Formamidase,protein-coding,-,-,-,-,20160917,-
1043004,25411123,M436DRAFT_49729,M436DRAFT_49729,-,-,Unknown,-,PC4-domain-containing protein,protein-coding,-,-,-,-,20160917,-
1043004,25411124,M436DRAFT_49730,M436DRAFT_49730,-,-,Unknown,-,methionine adenosyltransferase,protein-coding,-,-,-,-,20160917,-
1043004,25411125,M436DRAFT_49741,M436DRAFT_49741,-,-,Unknown,-,GLE1-domain-containing protein,protein-coding,-,-,-,-,20160917,-
1043004,25411126,M436DRAFT_49742,M436DRAFT_49742,-,-,Unknown,-,alpha/beta-hydrolase,protein-coding,-,-,-,-,20160917,-
1043004,25411127,M436DRAFT_49743,M436DRAFT_49743,-,-,Unknown,-,DUF1750-domain-containing protein,protein-coding,-,-,-,-,20160917,-
1043004,25411128,M436DRAFT_49751,M436DRAFT_49751,-,-,Unknown,-,hypothetical protein,protein-coding,-,-,-,-,20151104,-
1043004,25411129,M436DRAFT_49761,M436DRAFT_49761,-,-,Unknown,-,hypothetical protein,protein-coding,-,-,-,-,20151104,-
1043004,25411130,M436DRAFT_49763,M436DRAFT_49763,-,-,Unknown,-,hypothetical protein,protein-coding,-,-,-,-,20151212,-
1043004,25411131,M436DRAFT_49776,M436DRAFT_49776,-,-,Unknown,-,kinase-like protein,protein-coding,-,-,-,-,20151212,-
1043004,25411132,M436DRAFT_49780,M436DRAFT_49780,-,-,Unknown,-,hypothetical protein,protein-coding,-,-,-,-,20160917,-
1043004,25411133,M436DRAFT_49785,M436DRAFT_49785,-,-,Unknown,-,P-loop containing nucleoside triphosphate hydrolase protein,protein-coding,-,-,-,-,20160917,-
1043004,25411134,M436DRAFT_49786,M436DRAFT_49786,-,-,Unknown,-,protein bli-3,protein-coding,-,-,-,-,20160917,-
1043004,25411135,M436DRAFT_49800,M436DRAFT_49800,-,-,Unknown,-,hypothetical protein,protein-coding,-,-,-,-,20160917,-
1043004,25411136,M436DRAFT_49807,M436DRAFT_49807,-,-,Unknown,-,hypothetical protein,protein-coding,-,-,-,-,20160917,-
1043004,25411137,M436DRAFT_49812,M436DRAFT_49812,-,-,Unknown,-,hypothetical protein,protein-coding,-,-,-,-,20160917,-
1043004,25411138,M436DRAFT_49814,M436DRAFT_49814,-,-,Unknown,-,hypothetical protein,protein-coding,-,-,-,-,20160917,-
1043004,25411139,M436DRAFT_49817,M436DRAFT_49817,-,-,Unknown,-,hypothetical protein,protein-coding,-,-,-,-,20151104,-
1043004,25411140,M436DRAFT_49819,M436DRAFT_49819,-,-,Unknown,-,UDP-glucose dehydrogenase,protein-coding,-,-,-,-,20160917,-
1043004,25411141,M436DRAFT_49823,M436DRAFT_49823,-,-,Unknown,-,imidazole glycerol phosphate synthase HisHF,protein-coding,-,-,-,-,20160917,-
1043004,25411142,M436DRAFT_49824,M436DRAFT_49824,-,-,Unknown,-,hypothetical protein,protein-coding,-,-,-,-,20151104,-
1043004,25411143,M436DRAFT_49832,M436DRAFT_49832,-,-,Unknown,-,Rox3-domain-containing protein,protein-coding,-,-,-,-,20160917,-
1043004,25411144,M436DRAFT_49845,M436DRAFT_49845,-,-,Unknown,-,aquaporin-like protein,protein-coding,-,-,-,-,20151212,-
1043004,25411145,M436DRAFT_49856,M436DRAFT_49856,-,-,Unknown,-,SET domain-containing protein,protein-coding,-,-,-,-,20160917,-
1043004,25411146,M436DRAFT_49867,M436DRAFT_49867,-,-,Unknown,-,hypothetical protein,protein-coding,-,-,-,-,20151212,-
1043004,25411147,M436DRAFT_49875,M436DRAFT_49875,-,-,Unknown,-,hypothetical protein,protein-coding,-,-,-,-,20151104,-
1043004,25411148,M436DRAFT_49877,M436DRAFT_49877,-,-,Unknown,-,hypothetical protein,protein-coding,-,-,-,-,20160917,-
1043004,25411149,M436DRAFT_49880,M436DRAFT_49880,-,-,Unknown,-,glycoside hydrolase family 3 protein,protein-coding,-,-,-,-,20160917,-
1043004,25411150,M436DRAFT_49881,M436DRAFT_49881,-,-,Unknown,-,AP endonuclease,protein-coding,-,-,-,-,20160917,-
1043004,25411151,M436DRAFT_49884,M436DRAFT_49884,-,-,Unknown,-,TPT-domain-containing protein,protein-coding,-,-,-,-,20160917,-
1043004,25411152,M436DRAFT_49885,M436DRAFT_49885,-,-,Unknown,-,hypothetical protein,protein-coding,-,-,-,-,20160917,-
1043004,25411153,M436DRAFT_49888,M436DRAFT_49888,-,-,Unknown,-,translation initiation factor-like protein eif-2b epsilon subunit,protein-coding,-,-,-,-,20151212,-
1043004,25411154,M436DRAFT_49890,M436DRAFT_49890,-,-,Unknown,-,thioredoxin-like protein,protein-coding,-,-,-,-,20160325,-
1043004,25411155,M436DRAFT_49894,M436DRAFT_49894,-,-,Unknown,-,hypothetical protein,protein-coding,-,-,-,-,20160917,-
1043004,25411156,M436DRAFT_49896,M436DRAFT_49896,-,-,Unknown,-,hypothetical protein,protein-coding,-,-,-,-,20151104,-
1043004,25411157,M436DRAFT_49900,M436DRAFT_49900,-,-,Unknown,-,"signal recognition particle, SRP9/SRP14 subunit",protein-coding,-,-,-,-,20160917,-
1043004,25411158,M436DRAFT_49910,M436DRAFT_49910,-,-,Unknown,-,WD40 repeat-like protein,protein-coding,-,-,-,-,20160917,-
1043004,25411159,M436DRAFT_49918,M436DRAFT_49918,-,-,Unknown,-,hypothetical protein,protein-coding,-,-,-,-,20151104,-
1043004,25411160,M436DRAFT_49919,M436DRAFT_49919,-,-,Unknown,-,hypothetical protein,protein-coding,-,-,-,-,20160917,-
1043004,25411161,M436DRAFT_49923,M436DRAFT_49923,-,-,Unknown,-,RNB-domain-containing protein,protein-coding,-,-,-,-,20160917,-
1043004,25411162,M436DRAFT_49925,M436DRAFT_49925,-,-,Unknown,-,hypothetical protein,protein-coding,-,-,-,-,20160917,-
1043004,25411163,M436DRAFT_49932,M436DRAFT_49932,-,-,Unknown,-,alpha/beta-hydrolase,protein-coding,-,-,-,-,20160917,-
1043004,25411164,M436DRAFT_49933,M436DRAFT_49933,-,-,Unknown,-,putative carnitine transport protein,protein-coding,-,-,-,-,20151212,-
1043004,25411165,M436DRAFT_49940,M436DRAFT_49940,-,-,Unknown,-,kinase-like protein,protein-coding,-,-,-,-,20160917,-
1043004,25411166,M436DRAFT_49941,M436DRAFT_49941,-,-,Unknown,-,hypothetical protein,protein-coding,-,-,-,-,20160917,-
1043004,25411167,M436DRAFT_49942,M436DRAFT_49942,-,-,Unknown,-,DUF336-domain-containing protein,protein-coding,-,-,-,-,20160917,-
1043004,25411168,M436DRAFT_49944,M436DRAFT_49944,-,-,Unknown,-,prolyl-tRNA synthetase,protein-coding,-,-,-,-,20151212,-
1043004,25411169,M436DRAFT_49945,M436DRAFT_49945,-,-,Unknown,-,hypothetical protein,protein-coding,-,-,-,-,20151104,-
1043004,25411170,M436DRAFT_49947,M436DRAFT_49947,-,-,Unknown,-,phospholipid methyltransferase,protein-coding,-,-,-,-,20160917,-
1043004,25411171,M436DRAFT_49955,M436DRAFT_49955,-,-,Unknown,-,hypothetical protein,protein-coding,-,-,-,-,20151104,-
1043004,25411172,M436DRAFT_49963,M436DRAFT_49963,-,-,Unknown,-,arad-like aldolase/epimerase,protein-coding,-,-,-,-,20160917,-
1043004,25411173,M436DRAFT_49971,M436DRAFT_49971,-,-,Unknown,-,branched-chain amino acid aminotransferase II,protein-coding,-,-,-,-,20151212,-
1043004,25411174,M436DRAFT_49986,M436DRAFT_49986,-,-,Unknown,-,oligomeric complex COG6,protein-coding,-,-,-,-,20160917,-
1043004,25411175,M436DRAFT_49987,M436DRAFT_49987,-,-,Unknown,-,hypothetical protein,protein-coding,-,-,-,-,20160917,-
1043004,25411176,M436DRAFT_49989,M436DRAFT_49989,-,-,Unknown,-,hypothetical protein,protein-coding,-,-,-,-,20160917,-
1043004,25411177,M436DRAFT_50002,M436DRAFT_50002,-,-,Unknown,-,Anp1-domain-containing protein,protein-coding,-,-,-,-,20160917,-
1043004,25411178,M436DRAFT_50004,M436DRAFT_50004,-,-,Unknown,-,hypothetical protein,protein-coding,-,-,-,-,20160917,-
1043004,25411179,M436DRAFT_50006,M436DRAFT_50006,-,-,Unknown,-,Clp1-domain-containing protein,protein-coding,-,-,-,-,20160917,-
1043004,25411180,M436DRAFT_50010,M436DRAFT_50010,-,-,Unknown,-,hypothetical protein,protein-coding,-,-,-,-,20160917,-
1043004,25411181,M436DRAFT_50018,M436DRAFT_50018,-,-,Unknown,-,hypothetical protein,protein-coding,-,-,-,-,20151104,-
1043004,25411182,M436DRAFT_50027,M436DRAFT_50027,-,-,Unknown,-,Pkinase-domain-containing protein,protein-coding,-,-,-,-,20160917,-
1043004,25411183,M436DRAFT_50032,M436DRAFT_50032,-,-,Unknown,-,ATP-dependent protease La,protein-coding,-,-,-,-,20160917,-
1043004,25411184,M436DRAFT_50037,M436DRAFT_50037,-,-,Unknown,-,scavenger mRNA decapping enzyme,protein-coding,-,-,-,-,20160917,-
1043004,25411185,M436DRAFT_50040,M436DRAFT_50040,-,-,Unknown,-,hypothetical protein,protein-coding,-,-,-,-,20160917,-
1043004,25411186,M436DRAFT_50054,M436DRAFT_50054,-,-,Unknown,-,hypothetical protein,protein-coding,-,-,-,-,20160917,-
1043004,25411187,M436DRAFT_50066,M436DRAFT_50066,-,-,Unknown,-,RNA-binding domain-containing protein,protein-coding,-,-,-,-,20160917,-
1043004,25411188,M436DRAFT_50068,M436DRAFT_50068,-,-,Unknown,-,"histone acetyltransferase, MYST family",protein-coding,-,-,-,-,20160917,-
1043004,25411189,M436DRAFT_50074,M436DRAFT_50074,-,-,Unknown,-,hypothetical protein,protein-coding,-,-,-,-,20160917,-
1043004,25411190,M436DRAFT_50085,M436DRAFT_50085,-,-,Unknown,-,hypothetical protein,protein-coding,-,-,-,-,20151104,-
1043004,25411191,M436DRAFT_50100,M436DRAFT_50100,-,-,Unknown,-,hypothetical protein,protein-coding,-,-,-,-,20160917,-
1043004,25411192,M436DRAFT_50101,M436DRAFT_50101,-,-,Unknown,-,POPLD-domain-containing protein,protein-coding,-,-,-,-,20160917,-
1043004,25411193,M436DRAFT_50103,M436DRAFT_50103,-,-,Unknown,-,NAD(P)-binding protein,protein-coding,-,-,-,-,20151212,-
1043004,25411194,M436DRAFT_50119,M436DRAFT_50119,-,-,Unknown,-,hypothetical protein,protein-coding,-,-,-,-,20160917,-
1043004,25411195,M436DRAFT_50121,M436DRAFT_50121,-,-,Unknown,-,SAPS-domain-containing protein,protein-coding,-,-,-,-,20160917,-
1043004,25411196,M436DRAFT_50138,M436DRAFT_50138,-,-,Unknown,-,hypothetical protein,protein-coding,-,-,-,-,20151212,-
1043004,25411197,M436DRAFT_50140,M436DRAFT_50140,-,-,Unknown,-,hypothetical protein,protein-coding,-,-,-,-,20160325,-
1043004,25411198,M436DRAFT_50152,M436DRAFT_50152,-,-,Unknown,-,hypothetical protein,protein-coding,-,-,-,-,20151104,-
1043004,25411199,M436DRAFT_50164,M436DRAFT_50164,-,-,Unknown,-,DUF1917-domain-containing protein,protein-coding,-,-,-,-,20160917,-
1043004,25411200,M436DRAFT_50166,M436DRAFT_50166,-,-,Unknown,-,Metallo-dependent phosphatase,protein-coding,-,-,-,-,20160917,-
1043004,25411201,M436DRAFT_50167,M436DRAFT_50167,-,-,Unknown,-,hypothetical protein,protein-coding,-,-,-,-,20160917,-
1043004,25411202,M436DRAFT_50179,M436DRAFT_50179,-,-,Unknown,-,hypothetical protein,protein-coding,-,-,-,-,20160917,-
1043004,25411203,M436DRAFT_50182,M436DRAFT_50182,-,-,Unknown,-,natural resistance-associated macrophage protein,protein-coding,-,-,-,-,20160917,-
1043004,25411204,M436DRAFT_50185,M436DRAFT_50185,-,-,Unknown,-,NAD(P)-binding protein,protein-coding,-,-,-,-,20160917,-
1043004,25411205,M436DRAFT_50189,M436DRAFT_50189,-,-,Unknown,-,hypothetical protein,protein-coding,-,-,-,-,20160917,-
1043004,25411206,M436DRAFT_50194,M436DRAFT_50194,-,-,Unknown,-,hypothetical protein,protein-coding,-,-,-,-,20151104,-
1043004,25411207,M436DRAFT_50202,M436DRAFT_50202,-,-,Unknown,-,t-SNARE,protein-coding,-,-,-,-,20160917,-
1043004,25411208,M436DRAFT_50226,M436DRAFT_50226,-,-,Unknown,-,MFS general substrate transporter,protein-coding,-,-,-,-,20151212,-
1043004,25411209,M436DRAFT_50227,M436DRAFT_50227,-,-,Unknown,-,ClpP/crotonase,protein-coding,-,-,-,-,20160917,-
1043004,25411210,M436DRAFT_50228,M436DRAFT_50228,-,-,Unknown,-,hypothetical protein,protein-coding,-,-,-,-,20160917,-
1043004,25411211,M436DRAFT_50236,M436DRAFT_50236,-,-,Unknown,-,WD40 repeat-like protein,protein-coding,-,-,-,-,20160917,-
1043004,25411212,M436DRAFT_50253,M436DRAFT_50253,-,-,Unknown,-,hypothetical protein,protein-coding,-,-,-,-,20160917,-
1043004,25411213,M436DRAFT_50257,M436DRAFT_50257,-,-,Unknown,-,PIN domain-like protein,protein-coding,-,-,-,-,20160917,-
1043004,25411214,M436DRAFT_50262,M436DRAFT_50262,-,-,Unknown,-,alcohol oxidase p68,protein-coding,-,-,-,-,20160917,-
1043004,25411215,M436DRAFT_50267,M436DRAFT_50267,-,-,Unknown,-,hypothetical protein,protein-coding,-,-,-,-,20151104,-
1043004,25411216,M436DRAFT_50270,M436DRAFT_50270,-,-,Unknown,-,hypothetical protein,protein-coding,-,-,-,-,20160917,-
1043004,25411217,M436DRAFT_50278,M436DRAFT_50278,-,-,Unknown,-,SET domain-containing protein,protein-coding,-,-,-,-,20160325,-
1043004,25411218,M436DRAFT_50291,M436DRAFT_50291,-,-,Unknown,-,phosphoglucomutase-2,protein-coding,-,-,-,-,20151212,-
1043004,25411219,M436DRAFT_50314,M436DRAFT_50314,-,-,Unknown,-,NGG1p interacting factor 3,protein-coding,-,-,-,-,20160917,-
1043004,25411220,M436DRAFT_50315,M436DRAFT_50315,-,-,Unknown,-,pheromone processing carboxypeptidase-like protein Kex1,protein-coding,-,-,-,-,20160917,-
1043004,25411221,M436DRAFT_50319,M436DRAFT_50319,-,-,Unknown,-,hypothetical protein,protein-coding,-,-,-,-,20160917,-
1043004,25411222,M436DRAFT_50322,M436DRAFT_50322,-,-,Unknown,-,Nucleotidylyl transferase,protein-coding,-,-,-,-,20160917,-
1043004,25411223,M436DRAFT_50324,M436DRAFT_50324,-,-,Unknown,-,DUF814-domain-containing protein,protein-coding,-,-,-,-,20160917,-
1043004,25411224,M436DRAFT_50334,M436DRAFT_50334,-,-,Unknown,-,protein serine/threonine phosphatase 2C,protein-coding,-,-,-,-,20151212,-
1043004,25411225,M436DRAFT_50338,M436DRAFT_50338,-,-,Unknown,-,hypothetical protein,protein-coding,-,-,-,-,20160917,-
1043004,25411226,M436DRAFT_50341,M436DRAFT_50341,-,-,Unknown,-,putative rab GTPase Vps21/Ypt51,protein-coding,-,-,-,-,20160917,-
1043004,25411227,M436DRAFT_50344,M436DRAFT_50344,-,-,Unknown,-,Rho GTPase activation protein,protein-coding,-,-,-,-,20160917,-
1043004,25411228,M436DRAFT_50348,M436DRAFT_50348,-,-,Unknown,-,APG9-domain-containing protein,protein-coding,-,-,-,-,20160917,-
1043004,25411229,M436DRAFT_50351,M436DRAFT_50351,-,-,Unknown,-,fatty-acid amide hydrolase,protein-coding,-,-,-,-,20160917,-
1043004,25411230,M436DRAFT_50356,M436DRAFT_50356,-,-,Unknown,-,MFS general substrate transporter,protein-coding,-,-,-,-,20151212,-
1043004,25411231,M436DRAFT_50357,M436DRAFT_50357,-,-,Unknown,-,hypothetical protein,protein-coding,-,-,-,-,20151104,-
1043004,25411232,M436DRAFT_50370,M436DRAFT_50370,-,-,Unknown,-,hypothetical protein,protein-coding,-,-,-,-,20160917,-
1043004,25411233,M436DRAFT_50375,M436DRAFT_50375,-,-,Unknown,-,tyrosine-protein phosphatase CDC14,protein-coding,-,-,-,-,20160917,-
1043004,25411234,M436DRAFT_50379,M436DRAFT_50379,-,-,Unknown,-,hypothetical protein,protein-coding,-,-,-,-,20160917,-
1043004,25411235,M436DRAFT_50380,M436DRAFT_50380,-,-,Unknown,-,"IDI1, isopentenyl diphosphate:dimethylallyl diphosphate isomerase",protein-coding,-,-,-,-,20160917,-
1043004,25411236,M436DRAFT_50388,M436DRAFT_50388,-,-,Unknown,-,kinesin-domain-containing protein,protein-coding,-,-,-,-,20160917,-
1043004,25411237,M436DRAFT_50394,M436DRAFT_50394,-,-,Unknown,-,cora-domain-containing protein,protein-coding,-,-,-,-,20160917,-
1043004,25411238,M436DRAFT_50397,M436DRAFT_50397,-,-,Unknown,-,carbonic anhydrase,protein-coding,-,-,-,-,20151212,-
1043004,25411239,M436DRAFT_50404,M436DRAFT_50404,-,-,Unknown,-,NAD-dependent glutamate dehydrogenase,protein-coding,-,-,-,-,20160917,-
1043004,25411240,M436DRAFT_50406,M436DRAFT_50406,-,-,Unknown,-,galactose mutarotase-like protein,protein-coding,-,-,-,-,20160325,-
1043004,25411241,M436DRAFT_50408,M436DRAFT_50408,-,-,Unknown,-,hypothetical protein,protein-coding,-,-,-,-,20151104,-
1043004,25411242,M436DRAFT_50413,M436DRAFT_50413,-,-,Unknown,-,hypothetical protein,protein-coding,-,-,-,-,20160917,-
1043004,25411243,M436DRAFT_50414,M436DRAFT_50414,-,-,Unknown,-,WD40 repeat-like protein,protein-coding,-,-,-,-,20160917,-
1043004,25411244,M436DRAFT_50417,M436DRAFT_50417,-,-,Unknown,-,chorismate synthase,protein-coding,-,-,-,-,20160917,-
1043004,25411245,M436DRAFT_50419,M436DRAFT_50419,-,-,Unknown,-,hypothetical protein,protein-coding,-,-,-,-,20160917,-
1043004,25411246,M436DRAFT_50424,M436DRAFT_50424,-,-,Unknown,-,hypothetical protein,protein-coding,-,-,-,-,20160917,-
1043004,25411247,M436DRAFT_50425,M436DRAFT_50425,-,-,Unknown,-,MFS general substrate transporter,protein-coding,-,-,-,-,20151212,-
1043004,25411248,M436DRAFT_50432,M436DRAFT_50432,-,-,Unknown,-,26S proteasome non-ATPase regulatory subunit 3,protein-coding,-,-,-,-,20160917,-
1043004,25411249,M436DRAFT_50440,M436DRAFT_50440,-,-,Unknown,-,hypothetical protein,protein-coding,-,-,-,-,20151104,-
1043004,25411250,M436DRAFT_50449,M436DRAFT_50449,-,-,Unknown,-,hypothetical protein,protein-coding,-,-,-,-,20160917,-
1043004,25411251,M436DRAFT_50450,M436DRAFT_50450,-,-,Unknown,-,sphingolipid delta4-desaturase,protein-coding,-,-,-,-,20160917,-
1043004,25411252,M436DRAFT_50452,M436DRAFT_50452,-,-,Unknown,-,MCM-domain-containing protein,protein-coding,-,-,-,-,20160917,-
1043004,25411253,M436DRAFT_50454,M436DRAFT_50454,-,-,Unknown,-,hypothetical protein,protein-coding,-,-,-,-,20151104,-
1043004,25411254,M436DRAFT_50459,M436DRAFT_50459,-,-,Unknown,-,acyl-CoA N-acyltransferase,protein-coding,-,-,-,-,20160917,-
1043004,25411255,M436DRAFT_50462,M436DRAFT_50462,-,-,Unknown,-,transcriptional coactivator/pterin dehydratase,protein-coding,-,-,-,-,20160917,-
1043004,25411256,M436DRAFT_50468,M436DRAFT_50468,-,-,Unknown,-,hypothetical protein,protein-coding,-,-,-,-,20160917,-
1043004,25411257,M436DRAFT_50482,M436DRAFT_50482,-,-,Unknown,-,hypothetical protein,protein-coding,-,-,-,-,20160917,-
1043004,25411258,M436DRAFT_50510,M436DRAFT_50510,-,-,Unknown,-,WD40 repeat-like protein,protein-coding,-,-,-,-,20160917,-
1043004,25411259,M436DRAFT_50513,M436DRAFT_50513,-,-,Unknown,-,hypothetical protein,protein-coding,-,-,-,-,20151212,-
1043004,25411260,M436DRAFT_50518,M436DRAFT_50518,-,-,Unknown,-,pre-rRNA processing protein,protein-coding,-,-,-,-,20160917,-
1043004,25411261,M436DRAFT_50521,M436DRAFT_50521,-,-,Unknown,-,xylanase G1,protein-coding,-,-,-,-,20160917,-
1043004,25411262,M436DRAFT_50527,M436DRAFT_50527,-,-,Unknown,-,60S ribosomal protein L15,protein-coding,-,-,-,-,20200919,-
1043004,25411263,M436DRAFT_50534,M436DRAFT_50534,-,-,Unknown,-,hypothetical protein,protein-coding,-,-,-,-,20160325,-
1043004,25411264,M436DRAFT_50539,M436DRAFT_50539,-,-,Unknown,-,hypothetical protein,protein-coding,-,-,-,-,20160917,-
1043004,25411265,M436DRAFT_50543,M436DRAFT_50543,-,-,Unknown,-,PNK3P-domain-containing protein,protein-coding,-,-,-,-,20160917,-
1043004,25411266,M436DRAFT_50545,M436DRAFT_50545,-,-,Unknown,-,hypothetical protein,protein-coding,-,-,-,-,20160917,-
1043004,25411267,M436DRAFT_50549,M436DRAFT_50549,-,-,Unknown,-,hypothetical protein,protein-coding,-,-,-,-,20151104,-
1043004,25411268,M436DRAFT_50555,M436DRAFT_50555,-,-,Unknown,-,SAICAR synthase-like protein,protein-coding,-,-,-,-,20160917,-
1043004,25411269,M436DRAFT_50556,M436DRAFT_50556,-,-,Unknown,-,ubiquinone biosynthesis protein COQ9,protein-coding,-,-,-,-,20160917,-
1043004,25411270,M436DRAFT_50559,M436DRAFT_50559,-,-,Unknown,-,hypothetical protein,protein-coding,-,-,-,-,20151212,-
1043004,25411271,M436DRAFT_50561,M436DRAFT_50561,-,-,Unknown,-,hypothetical protein,protein-coding,-,-,-,-,20160917,-
1043004,25411272,M436DRAFT_50564,M436DRAFT_50564,-,-,Unknown,-,hypothetical protein,protein-coding,-,-,-,-,20160917,-
1043004,25411273,M436DRAFT_50575,M436DRAFT_50575,-,-,Unknown,-,serine/threonine-protein phosphatase PP2A catalytic subunit,protein-coding,-,-,-,-,20151212,-
1043004,25411274,M436DRAFT_50586,M436DRAFT_50586,-,-,Unknown,-,hypothetical protein,protein-coding,-,-,-,-,20151104,-
1043004,25411275,M436DRAFT_50590,M436DRAFT_50590,-,-,Unknown,-,hypothetical protein,protein-coding,-,-,-,-,20160917,-
1043004,25411276,M436DRAFT_50592,M436DRAFT_50592,-,-,Unknown,-,hypothetical protein,protein-coding,-,-,-,-,20160917,-
1043004,25411277,M436DRAFT_50597,M436DRAFT_50597,-,-,Unknown,-,MCM-domain-containing protein,protein-coding,-,-,-,-,20160917,-
1043004,25411278,M436DRAFT_50601,M436DRAFT_50601,-,-,Unknown,-,hypothetical protein,protein-coding,-,-,-,-,20160917,-
1043004,25411279,M436DRAFT_50619,M436DRAFT_50619,-,-,Unknown,-,hypothetical protein,protein-coding,-,-,-,-,20160917,-
1043004,25411280,M436DRAFT_50622,M436DRAFT_50622,-,-,Unknown,-,hypothetical protein,protein-coding,-,-,-,-,20160917,-
1043004,25411281,M436DRAFT_50630,M436DRAFT_50630,-,-,Unknown,-,hypothetical protein,protein-coding,-,-,-,-,20160917,-
1043004,25411282,M436DRAFT_50634,M436DRAFT_50634,-,-,Unknown,-,putative exocyst complex component Exo84,protein-coding,-,-,-,-,20160917,-
1043004,25411283,M436DRAFT_50638,M436DRAFT_50638,-,-,Unknown,-,hypothetical protein,protein-coding,-,-,-,-,20160917,-
1043004,25411284,M436DRAFT_50639,M436DRAFT_50639,-,-,Unknown,-,hypothetical protein,protein-coding,-,-,-,-,20160917,-
1043004,25411285,M436DRAFT_50641,M436DRAFT_50641,-,-,Unknown,-,hypothetical protein,protein-coding,-,-,-,-,20160917,-
1043004,25411286,M436DRAFT_50648,M436DRAFT_50648,-,-,Unknown,-,hypothetical protein,protein-coding,-,-,-,-,20151212,-
1043004,25411287,M436DRAFT_50652,M436DRAFT_50652,-,-,Unknown,-,cell morphogenesis protein-like protein,protein-coding,-,-,-,-,20160917,-
1043004,25411288,M436DRAFT_50660,M436DRAFT_50660,-,-,Unknown,-,hypothetical protein,protein-coding,-,-,-,-,20160917,-
1043004,25411289,M436DRAFT_50663,M436DRAFT_50663,-,-,Unknown,-,putative Golgi matrix protein,protein-coding,-,-,-,-,20160917,-
1043004,25411290,M436DRAFT_50668,M436DRAFT_50668,-,-,Unknown,-,hypothetical protein,protein-coding,-,-,-,-,20160917,-
1043004,25411291,M436DRAFT_50669,M436DRAFT_50669,-,-,Unknown,-,NCS1 nucleoside transporter family protein-like protein,protein-coding,-,-,-,-,20151212,-
1043004,25411292,M436DRAFT_50684,M436DRAFT_50684,-,-,Unknown,-,hypothetical protein,protein-coding,-,-,-,-,20160917,-
1043004,25411293,M436DRAFT_50685,M436DRAFT_50685,-,-,Unknown,-,MFS transporter-like protein,protein-coding,-,-,-,-,20160917,-
1043004,25411294,M436DRAFT_50689,M436DRAFT_50689,-,-,Unknown,-,fatty acid desaturase,protein-coding,-,-,-,-,20160917,-
1043004,25411295,M436DRAFT_50695,M436DRAFT_50695,-,-,Unknown,-,putative prohibitin-1,protein-coding,-,-,-,-,20160917,-
1043004,25411296,M436DRAFT_50703,M436DRAFT_50703,-,-,Unknown,-,acyltransferase-domain-containing protein,protein-coding,-,-,-,-,20160917,-
1043004,25411297,M436DRAFT_50708,M436DRAFT_50708,-,-,Unknown,-,acyl-CoA dehydrogenase,protein-coding,-,-,-,-,20151212,-
1043004,25411298,M436DRAFT_50713,M436DRAFT_50713,-,-,Unknown,-,glyoxylate reductase,protein-coding,-,-,-,-,20151212,-
1043004,25411299,M436DRAFT_50716,M436DRAFT_50716,-,-,Unknown,-,hypothetical protein,protein-coding,-,-,-,-,20151104,-
1043004,25411300,M436DRAFT_50728,M436DRAFT_50728,-,-,Unknown,-,putative monooxygenase,protein-coding,-,-,-,-,20160917,-
1043004,25411301,M436DRAFT_50729,M436DRAFT_50729,-,-,Unknown,-,cyclopropane-fatty-acyl-phospholipid synthase,protein-coding,-,-,-,-,20160917,-
1043004,25411302,M436DRAFT_50744,M436DRAFT_50744,-,-,Unknown,-,hypothetical protein,protein-coding,-,-,-,-,20160917,-
1043004,25411303,M436DRAFT_50753,M436DRAFT_50753,-,-,Unknown,-,general substrate transporter,protein-coding,-,-,-,-,20160917,-
1043004,25411304,M436DRAFT_50761,M436DRAFT_50761,-,-,Unknown,-,HECT-domain-containing protein,protein-coding,-,-,-,-,20151212,-
1043004,25411305,M436DRAFT_50769,M436DRAFT_50769,-,-,Unknown,-,hypothetical protein,protein-coding,-,-,-,-,20151212,-
1043004,25411306,M436DRAFT_50770,M436DRAFT_50770,-,-,Unknown,-,Pkinase-domain-containing protein,protein-coding,-,-,-,-,20151212,-
1043004,25411307,M436DRAFT_50773,M436DRAFT_50773,-,-,Unknown,-,hypothetical protein,protein-coding,-,-,-,-,20160917,-
1043004,25411308,M436DRAFT_50781,M436DRAFT_50781,-,-,Unknown,-,hypothetical protein,protein-coding,-,-,-,-,20151104,-
1043004,25411309,M436DRAFT_50791,M436DRAFT_50791,-,-,Unknown,-,pantothenate transporter-like protein,protein-coding,-,-,-,-,20160917,-
1043004,25411310,M436DRAFT_50792,M436DRAFT_50792,-,-,Unknown,-,aldolase,protein-coding,-,-,-,-,20160917,-
1043004,25411311,M436DRAFT_50793,M436DRAFT_50793,-,-,Unknown,-,DUF654-domain-containing protein,protein-coding,-,-,-,-,20160917,-
1043004,25411312,M436DRAFT_50794,M436DRAFT_50794,-,-,Unknown,-,hypothetical protein,protein-coding,-,-,-,-,20151104,-
1043004,25411313,M436DRAFT_50798,M436DRAFT_50798,-,-,Unknown,-,hypothetical protein,protein-coding,-,-,-,-,20151104,-
1043004,25411314,M436DRAFT_50799,M436DRAFT_50799,-,-,Unknown,-,hypothetical protein,protein-coding,-,-,-,-,20160917,-
1043004,25411315,M436DRAFT_50815,M436DRAFT_50815,-,-,Unknown,-,hypothetical protein,protein-coding,-,-,-,-,20151104,-
1043004,25411316,M436DRAFT_50816,M436DRAFT_50816,-,-,Unknown,-,prim-pol domain-containing protein,protein-coding,-,-,-,-,20151212,-
1043004,25411317,M436DRAFT_50821,M436DRAFT_50821,-,-,Unknown,-,hypothetical protein,protein-coding,-,-,-,-,20160917,-
1043004,25411318,M436DRAFT_50823,M436DRAFT_50823,-,-,Unknown,-,hypothetical protein,protein-coding,-,-,-,-,20160917,-
1043004,25411319,M436DRAFT_50844,M436DRAFT_50844,-,-,Unknown,-,cysteine proteinase,protein-coding,-,-,-,-,20160917,-
1043004,25411320,M436DRAFT_50845,M436DRAFT_50845,-,-,Unknown,-,thiolase,protein-coding,-,-,-,-,20160325,-
1043004,25411321,M436DRAFT_50847,M436DRAFT_50847,-,-,Unknown,-,H/K ATPase alpha subunit,protein-coding,-,-,-,-,20160917,-
1043004,25411322,M436DRAFT_50855,M436DRAFT_50855,-,-,Unknown,-,DUF887-domain-containing protein,protein-coding,-,-,-,-,20160917,-
1043004,25411323,M436DRAFT_50858,M436DRAFT_50858,-,-,Unknown,-,putative sphinganine-1-phosphate aldolase BST1,protein-coding,-,-,-,-,20160917,-
1043004,25411324,M436DRAFT_50860,M436DRAFT_50860,-,-,Unknown,-,"serine/threonine protein kinase, CMGC family, CDC2/CDK subfamily",protein-coding,-,-,-,-,20160917,-
1043004,25411325,M436DRAFT_50862,M436DRAFT_50862,-,-,Unknown,-,amino acid transporter,protein-coding,-,-,-,-,20160917,-
1043004,25411326,M436DRAFT_50865,M436DRAFT_50865,-,-,Unknown,-,hypothetical protein,protein-coding,-,-,-,-,20151104,-
1043004,25411327,M436DRAFT_50868,M436DRAFT_50868,-,-,Unknown,-,hypothetical protein,protein-coding,-,-,-,-,20160917,-
1043004,25411328,M436DRAFT_50874,M436DRAFT_50874,-,-,Unknown,-,hypothetical protein,protein-coding,-,-,-,-,20160917,-
1043004,25411329,M436DRAFT_50875,M436DRAFT_50875,-,-,Unknown,-,hypothetical protein,protein-coding,-,-,-,-,20160917,-
1043004,25411330,M436DRAFT_50878,M436DRAFT_50878,-,-,Unknown,-,2-polyprenyl-6-methoxyphenol hydroxylase-like oxidoreductase,protein-coding,-,-,-,-,20160917,-
1043004,25411331,M436DRAFT_50883,M436DRAFT_50883,-,-,Unknown,-,hypothetical protein,protein-coding,-,-,-,-,20160917,-
1043004,25411332,M436DRAFT_50884,M436DRAFT_50884,-,-,Unknown,-,hypothetical protein,protein-coding,-,-,-,-,20160917,-
1043004,25411333,M436DRAFT_50885,M436DRAFT_50885,-,-,Unknown,-,ribosomal biogenesis regulatory protein,protein-coding,-,-,-,-,20160917,-
1043004,25411334,M436DRAFT_50886,M436DRAFT_50886,-,-,Unknown,-,SPX domain-containing protein,protein-coding,-,-,-,-,20160917,-
1043004,25411335,M436DRAFT_50888,M436DRAFT_50888,-,-,Unknown,-,hypothetical protein,protein-coding,-,-,-,-,20160917,-
1043004,25411336,M436DRAFT_50890,M436DRAFT_50890,-,-,Unknown,-,MAP kinase-like protein,protein-coding,-,-,-,-,20160917,-
1043004,25411337,M436DRAFT_50896,M436DRAFT_50896,-,-,Unknown,-,hypothetical protein,protein-coding,-,-,-,-,20160917,-
1043004,25411338,M436DRAFT_50908,M436DRAFT_50908,-,-,Unknown,-,branched-chain amino acid aminotransferase II,protein-coding,-,-,-,-,20151212,-
1043004,25411339,M436DRAFT_50914,M436DRAFT_50914,-,-,Unknown,-,PIG-U-domain-containing protein,protein-coding,-,-,-,-,20160917,-
1043004,25411340,M436DRAFT_50917,M436DRAFT_50917,-,-,Unknown,-,hypothetical protein,protein-coding,-,-,-,-,20160325,-
1043004,25411341,M436DRAFT_50926,M436DRAFT_50926,-,-,Unknown,-,NmrA-like family protein,protein-coding,-,-,-,-,20160917,-
1043004,25411342,M436DRAFT_50928,M436DRAFT_50928,-,-,Unknown,-,hypothetical protein,protein-coding,-,-,-,-,20160917,-
1043004,25411343,M436DRAFT_50934,M436DRAFT_50934,-,-,Unknown,-,Adaptor protein complex AP-3 delta subunit,protein-coding,-,-,-,-,20160917,-
1043004,25411344,M436DRAFT_50937,M436DRAFT_50937,-,-,Unknown,-,transcriptional adaptor 2,protein-coding,-,-,-,-,20160917,-
1043004,25411345,M436DRAFT_50941,M436DRAFT_50941,-,-,Unknown,-,hypothetical protein,protein-coding,-,-,-,-,20151104,-
1043004,25411346,M436DRAFT_50948,M436DRAFT_50948,-,-,Unknown,-,extracellular lipase,protein-coding,-,-,-,-,20160325,-
1043004,25411347,M436DRAFT_50958,M436DRAFT_50958,-,-,Unknown,-,hypothetical protein,protein-coding,-,-,-,-,20160917,-
1043004,25411348,M436DRAFT_50960,M436DRAFT_50960,-,-,Unknown,-,hypothetical protein,protein-coding,-,-,-,-,20160917,-
1043004,25411349,M436DRAFT_50966,M436DRAFT_50966,-,-,Unknown,-,pectin lyase-like protein,protein-coding,-,-,-,-,20160917,-
1043004,25411350,M436DRAFT_50967,M436DRAFT_50967,-,-,Unknown,-,B subunit of putative V-type ATPase,protein-coding,-,-,-,-,20160917,-
1043004,25411351,M436DRAFT_50970,M436DRAFT_50970,-,-,Unknown,-,leucyl-tRNA synthetase,protein-coding,-,-,-,-,20160917,-
1043004,25411352,M436DRAFT_50976,M436DRAFT_50976,-,-,Unknown,-,SGNH hydrolase,protein-coding,-,-,-,-,20160917,-
1043004,25411353,M436DRAFT_50987,M436DRAFT_50987,-,-,Unknown,-,MFS general substrate transporter,protein-coding,-,-,-,-,20151212,-
1043004,25411354,M436DRAFT_50991,M436DRAFT_50991,-,-,Unknown,-,Yip1-domain-containing protein,protein-coding,-,-,-,-,20160917,-
1043004,25411355,M436DRAFT_50992,M436DRAFT_50992,-,-,Unknown,-,hypothetical protein,protein-coding,-,-,-,-,20151104,-
1043004,25411356,M436DRAFT_50995,M436DRAFT_50995,-,-,Unknown,-,hypothetical protein,protein-coding,-,-,-,-,20160917,-
1043004,25411357,M436DRAFT_50997,M436DRAFT_50997,-,-,Unknown,-,WD40 repeat-like protein,protein-coding,-,-,-,-,20160917,-
1043004,25411358,M436DRAFT_51012,M436DRAFT_51012,-,-,Unknown,-,phosphoribosyl pyrophosphokinase,protein-coding,-,-,-,-,20160917,-
1043004,25411359,M436DRAFT_51017,M436DRAFT_51017,-,-,Unknown,-,hypothetical protein,protein-coding,-,-,-,-,20160917,-
1043004,25411360,M436DRAFT_51022,M436DRAFT_51022,-,-,Unknown,-,Thiamin pyrophosphokinase,protein-coding,-,-,-,-,20160325,-
1043004,25411361,M436DRAFT_51029,M436DRAFT_51029,-,-,Unknown,-,P-loop containing nucleoside triphosphate hydrolase protein,protein-coding,-,-,-,-,20160917,-
1043004,25411362,M436DRAFT_51031,M436DRAFT_51031,-,-,Unknown,-,phospholipase D/nuclease,protein-coding,-,-,-,-,20151212,-
1043004,25411363,M436DRAFT_51032,M436DRAFT_51032,-,-,Unknown,-,hypothetical protein,protein-coding,-,-,-,-,20160325,-
1043004,25411364,M436DRAFT_51045,M436DRAFT_51045,-,-,Unknown,-,hypothetical protein,protein-coding,-,-,-,-,20160917,-
1043004,25411365,M436DRAFT_51046,M436DRAFT_51046,-,-,Unknown,-,diphthamide biosynthesis protein 3,protein-coding,-,-,-,-,20160917,-
1043004,25411366,M436DRAFT_51056,M436DRAFT_51056,-,-,Unknown,-,hypothetical protein,protein-coding,-,-,-,-,20160917,-
1043004,25411367,M436DRAFT_51062,M436DRAFT_51062,-,-,Unknown,-,hypothetical protein,protein-coding,-,-,-,-,20160917,-
1043004,25411368,M436DRAFT_51069,M436DRAFT_51069,-,-,Unknown,-,hypothetical protein,protein-coding,-,-,-,-,20151104,-
1043004,25411369,M436DRAFT_51086,M436DRAFT_51086,-,-,Unknown,-,hypothetical protein,protein-coding,-,-,-,-,20151212,-
1043004,25411370,M436DRAFT_51092,M436DRAFT_51092,-,-,Unknown,-,hypothetical protein,protein-coding,-,-,-,-,20151104,-
1043004,25411371,M436DRAFT_51093,M436DRAFT_51093,-,-,Unknown,-,hypothetical protein,protein-coding,-,-,-,-,20160917,-
1043004,25411372,M436DRAFT_51094,M436DRAFT_51094,-,-,Unknown,-,hypothetical protein,protein-coding,-,-,-,-,20151104,-
1043004,25411373,M436DRAFT_51107,M436DRAFT_51107,-,-,Unknown,-,ATP-dependent rRNA helicase SPB4,protein-coding,-,-,-,-,20160917,-
1043004,25411374,M436DRAFT_51108,M436DRAFT_51108,-,-,Unknown,-,"BcRCN1, regulator of calcineurin",protein-coding,-,-,-,-,20160917,-
1043004,25411375,M436DRAFT_51110,M436DRAFT_51110,-,-,Unknown,-,septin-7,protein-coding,-,-,-,-,20160917,-
1043004,25411376,M436DRAFT_51113,M436DRAFT_51113,-,-,Unknown,-,ARM repeat-containing protein,protein-coding,-,-,-,-,20160917,-
1043004,25411377,M436DRAFT_51115,M436DRAFT_51115,-,-,Unknown,-,alpha/beta-hydrolase,protein-coding,-,-,-,-,20160917,-
1043004,25411378,M436DRAFT_51124,M436DRAFT_51124,-,-,Unknown,-,hypothetical protein,protein-coding,-,-,-,-,20151104,-
1043004,25411379,M436DRAFT_51127,M436DRAFT_51127,-,-,Unknown,-,hypothetical protein,protein-coding,-,-,-,-,20151212,-
1043004,25411380,M436DRAFT_51131,M436DRAFT_51131,-,-,Unknown,-,PLP-dependent transferase,protein-coding,-,-,-,-,20160917,-
1043004,25411381,M436DRAFT_51133,M436DRAFT_51133,-,-,Unknown,-,hypothetical protein,protein-coding,-,-,-,-,20160917,-
1043004,25411382,M436DRAFT_51154,M436DRAFT_51154,-,-,Unknown,-,putative alcohol dehydrogenase,protein-coding,-,-,-,-,20151212,-
1043004,25411383,M436DRAFT_51164,M436DRAFT_51164,-,-,Unknown,-,3-oxoacyl-reductase,protein-coding,-,-,-,-,20160325,-
1043004,25411384,M436DRAFT_51169,M436DRAFT_51169,-,-,Unknown,-,hypothetical protein,protein-coding,-,-,-,-,20151104,-
1043004,25411385,M436DRAFT_51178,M436DRAFT_51178,-,-,Unknown,-,hypothetical protein,protein-coding,-,-,-,-,20160917,-
1043004,25411386,M436DRAFT_51188,M436DRAFT_51188,-,-,Unknown,-,hypothetical protein,protein-coding,-,-,-,-,20160917,-
1043004,25411387,M436DRAFT_51191,M436DRAFT_51191,-,-,Unknown,-,hypothetical protein,protein-coding,-,-,-,-,20160917,-
1043004,25411388,M436DRAFT_51196,M436DRAFT_51196,-,-,Unknown,-,DEAD-domain-containing protein,protein-coding,-,-,-,-,20160917,-
1043004,25411389,M436DRAFT_51203,M436DRAFT_51203,-,-,Unknown,-,glycosyl transferase,protein-coding,-,-,-,-,20151212,-
1043004,25411390,M436DRAFT_51204,M436DRAFT_51204,-,-,Unknown,-,uroporphyrin-III C-methyltransferas-like protein,protein-coding,-,-,-,-,20160917,-
1043004,25411391,M436DRAFT_51206,M436DRAFT_51206,-,-,Unknown,-,PIN domain-like protein,protein-coding,-,-,-,-,20151212,-
1043004,25411392,M436DRAFT_51208,M436DRAFT_51208,-,-,Unknown,-,serine/threonine protein kinase-like protein,protein-coding,-,-,-,-,20160917,-
1043004,25411393,M436DRAFT_51211,M436DRAFT_51211,-,-,Unknown,-,hypothetical protein,protein-coding,-,-,-,-,20151212,-
1043004,25411394,M436DRAFT_51217,M436DRAFT_51217,-,-,Unknown,-,UvrD-helicase-domain-containing protein,protein-coding,-,-,-,-,20160917,-
1043004,25411395,M436DRAFT_51221,M436DRAFT_51221,-,-,Unknown,-,hypothetical protein,protein-coding,-,-,-,-,20151212,-
1043004,25411396,M436DRAFT_51231,M436DRAFT_51231,-,-,Unknown,-,hypothetical protein,protein-coding,-,-,-,-,20151212,-
1043004,25411397,M436DRAFT_51242,M436DRAFT_51242,-,-,Unknown,-,hypothetical protein,protein-coding,-,-,-,-,20160917,-
1043004,25411398,M436DRAFT_51243,M436DRAFT_51243,-,-,Unknown,-,FAD/NAD(P)-binding domain-containing protein,protein-coding,-,-,-,-,20160917,-
1043004,25411399,M436DRAFT_51246,M436DRAFT_51246,-,-,Unknown,-,DUF453-domain-containing protein,protein-coding,-,-,-,-,20151212,-
1043004,25411400,M436DRAFT_51247,M436DRAFT_51247,-,-,Unknown,-,"hmg1, hmg-CoA reductase",protein-coding,-,-,-,-,20160917,-
1043004,25411401,M436DRAFT_51252,M436DRAFT_51252,-,-,Unknown,-,hypothetical protein,protein-coding,-,-,-,-,20160917,-
1043004,25411402,M436DRAFT_51253,M436DRAFT_51253,-,-,Unknown,-,hypothetical protein,protein-coding,-,-,-,-,20160917,-
1043004,25411403,M436DRAFT_51256,M436DRAFT_51256,-,-,Unknown,-,general substrate transporter,protein-coding,-,-,-,-,20160917,-
1043004,25411404,M436DRAFT_51257,M436DRAFT_51257,-,-,Unknown,-,hypothetical protein,protein-coding,-,-,-,-,20160917,-
1043004,25411405,M436DRAFT_51263,M436DRAFT_51263,-,-,Unknown,-,MFS general substrate transporter,protein-coding,-,-,-,-,20151212,-
1043004,25411406,M436DRAFT_51270,M436DRAFT_51270,-,-,Unknown,-,hypothetical protein,protein-coding,-,-,-,-,20151104,-
1043004,25411407,M436DRAFT_51283,M436DRAFT_51283,-,-,Unknown,-,UDP-GlcNAc-1-phosphate transferase,protein-coding,-,-,-,-,20151212,-
1043004,25411408,M436DRAFT_51286,M436DRAFT_51286,-,-,Unknown,-,putative nuclear condensin complex subunit Smc2,protein-coding,-,-,-,-,20160917,-
1043004,25411409,M436DRAFT_51297,M436DRAFT_51297,-,-,Unknown,-,hypothetical protein,protein-coding,-,-,-,-,20160917,-
1043004,25411410,M436DRAFT_51300,M436DRAFT_51300,-,-,Unknown,-,TPT-domain-containing protein,protein-coding,-,-,-,-,20160917,-
1043004,25411411,M436DRAFT_51301,M436DRAFT_51301,-,-,Unknown,-,hypothetical protein,protein-coding,-,-,-,-,20160917,-
1043004,25411412,M436DRAFT_51305,M436DRAFT_51305,-,-,Unknown,-,aldo-keto reductase,protein-coding,-,-,-,-,20160917,-
1043004,25411413,M436DRAFT_51319,M436DRAFT_51319,-,-,Unknown,-,putative salicylate hydroxylase,protein-coding,-,-,-,-,20160917,-
1043004,25411414,M436DRAFT_51348,M436DRAFT_51348,-,-,Unknown,-,hypothetical protein,protein-coding,-,-,-,-,20151104,-
1043004,25411415,M436DRAFT_51359,M436DRAFT_51359,-,-,Unknown,-,hypothetical protein,protein-coding,-,-,-,-,20160917,-
1043004,25411416,M436DRAFT_51370,M436DRAFT_51370,-,-,Unknown,-,hypothetical protein,protein-coding,-,-,-,-,20160917,-
1043004,25411417,M436DRAFT_51371,M436DRAFT_51371,-,-,Unknown,-,"arabinogalactan endo-1,4-beta-galactosidase",protein-coding,-,-,-,-,20151212,-
1043004,25411418,M436DRAFT_51372,M436DRAFT_51372,-,-,Unknown,-,putative metallo-beta-lactamase domain protein,protein-coding,-,-,-,-,20160917,-
1043004,25411419,M436DRAFT_51377,M436DRAFT_51377,-,-,Unknown,-,Metallo-hydrolase/oxidoreductase,protein-coding,-,-,-,-,20160917,-
1043004,25411420,M436DRAFT_51378,M436DRAFT_51378,-,-,Unknown,-,glucose-6-phosphate isomeras-like protein,protein-coding,-,-,-,-,20151212,-
1043004,25411421,M436DRAFT_51379,M436DRAFT_51379,-,-,Unknown,-,FAD/NAD(P)-binding domain-containing protein,protein-coding,-,-,-,-,20160917,-
1043004,25411422,M436DRAFT_51386,M436DRAFT_51386,-,-,Unknown,-,hypothetical protein,protein-coding,-,-,-,-,20160917,-
1043004,25411423,M436DRAFT_51396,M436DRAFT_51396,-,-,Unknown,-,hypothetical protein,protein-coding,-,-,-,-,20160917,-
1043004,25411424,M436DRAFT_51399,M436DRAFT_51399,-,-,Unknown,-,integral membrane protein,protein-coding,-,-,-,-,20160917,-
1043004,25411425,M436DRAFT_51412,M436DRAFT_51412,-,-,Unknown,-,RhoGAP-domain-containing protein,protein-coding,-,-,-,-,20160917,-
1043004,25411426,M436DRAFT_51416,M436DRAFT_51416,-,-,Unknown,-,UV-endonuclease UvdE,protein-coding,-,-,-,-,20160917,-
1043004,25411427,M436DRAFT_51424,M436DRAFT_51424,-,-,Unknown,-,hypothetical protein,protein-coding,-,-,-,-,20160917,-
1043004,25411428,M436DRAFT_51431,M436DRAFT_51431,-,-,Unknown,-,secretory pathway gdp dissociation inhibitor,protein-coding,-,-,-,-,20160917,-
1043004,25411429,M436DRAFT_51433,M436DRAFT_51433,-,-,Unknown,-,hypothetical protein,protein-coding,-,-,-,-,20151104,-
1043004,25411430,M436DRAFT_51441,M436DRAFT_51441,-,-,Unknown,-,deoxyribose-phosphate aldolase,protein-coding,-,-,-,-,20160917,-
1043004,25411431,M436DRAFT_51455,M436DRAFT_51455,-,-,Unknown,-,carboxylic acid transporter protein-like protein,protein-coding,-,-,-,-,20151212,-
1043004,25411432,M436DRAFT_51476,M436DRAFT_51476,-,-,Unknown,-,putative 3-dehydroshikimate dehydratase,protein-coding,-,-,-,-,20160917,-
1043004,25411433,M436DRAFT_51478,M436DRAFT_51478,-,-,Unknown,-,ribosomal protein S6e,protein-coding,-,-,-,-,20160917,-
1043004,25411434,M436DRAFT_51489,M436DRAFT_51489,-,-,Unknown,-,hypothetical protein,protein-coding,-,-,-,-,20151212,-
1043004,25411435,M436DRAFT_51491,M436DRAFT_51491,-,-,Unknown,-,cornichon,protein-coding,-,-,-,-,20160917,-
1043004,25411436,M436DRAFT_51496,M436DRAFT_51496,-,-,Unknown,-,WD40 repeat-like protein,protein-coding,-,-,-,-,20160917,-
1043004,25411437,M436DRAFT_51500,M436DRAFT_51500,-,-,Unknown,-,homoserine acetyltransferase,protein-coding,-,-,-,-,20160917,-
1043004,25411438,M436DRAFT_51507,M436DRAFT_51507,-,-,Unknown,-,hypothetical protein,protein-coding,-,-,-,-,20151104,-
1043004,25411439,M436DRAFT_51518,M436DRAFT_51518,-,-,Unknown,-,ABC multidrug transporter-like protein,protein-coding,-,-,-,-,20160917,-
1043004,25411440,M436DRAFT_51524,M436DRAFT_51524,-,-,Unknown,-,MRG-domain-containing protein,protein-coding,-,-,-,-,20160917,-
1043004,25411441,M436DRAFT_51531,M436DRAFT_51531,-,-,Unknown,-,hypothetical protein,protein-coding,-,-,-,-,20160917,-
1043004,25411442,M436DRAFT_51537,M436DRAFT_51537,-,-,Unknown,-,hypothetical protein,protein-coding,-,-,-,-,20160917,-
1043004,25411443,M436DRAFT_51539,M436DRAFT_51539,-,-,Unknown,-,mitochondrial carrier,protein-coding,-,-,-,-,20160917,-
1043004,25411444,M436DRAFT_51540,M436DRAFT_51540,-,-,Unknown,-,WD40 repeat-like protein,protein-coding,-,-,-,-,20160917,-
1043004,25411445,M436DRAFT_51542,M436DRAFT_51542,-,-,Unknown,-,hypothetical protein,protein-coding,-,-,-,-,20160917,-
1043004,25411446,M436DRAFT_51548,M436DRAFT_51548,-,-,Unknown,-,hypothetical protein,protein-coding,-,-,-,-,20160917,-
1043004,25411447,M436DRAFT_51555,M436DRAFT_51555,-,-,Unknown,-,general substrate transporter,protein-coding,-,-,-,-,20160917,-
1043004,25411448,M436DRAFT_51557,M436DRAFT_51557,-,-,Unknown,-,ABC1-domain-containing protein,protein-coding,-,-,-,-,20151212,-
1043004,25411449,M436DRAFT_51565,M436DRAFT_51565,-,-,Unknown,-,hypothetical protein,protein-coding,-,-,-,-,20160917,-
1043004,25411450,M436DRAFT_51574,M436DRAFT_51574,-,-,Unknown,-,hypothetical protein,protein-coding,-,-,-,-,20151104,-
1043004,25411451,M436DRAFT_51578,M436DRAFT_51578,-,-,Unknown,-,electron transfer flavo protein-like protein subunit alpha,protein-coding,-,-,-,-,20160917,-
1043004,25411452,M436DRAFT_51581,M436DRAFT_51581,-,-,Unknown,-,DUF427-domain-containing protein,protein-coding,-,-,-,-,20160917,-
1043004,25411453,M436DRAFT_51582,M436DRAFT_51582,-,-,Unknown,-,hypothetical protein,protein-coding,-,-,-,-,20151104,-
1043004,25411454,M436DRAFT_51593,M436DRAFT_51593,-,-,Unknown,-,hypothetical protein,protein-coding,-,-,-,-,20151104,-
1043004,25411455,M436DRAFT_51609,M436DRAFT_51609,-,-,Unknown,-,elongation factor 3,protein-coding,-,-,-,-,20160917,-
1043004,25411456,M436DRAFT_51611,M436DRAFT_51611,-,-,Unknown,-,hypothetical protein,protein-coding,-,-,-,-,20160917,-
1043004,25411457,M436DRAFT_51614,M436DRAFT_51614,-,-,Unknown,-,intermembrane space import and assembly protein 40,protein-coding,-,-,-,-,20160917,-
1043004,25411458,M436DRAFT_51619,M436DRAFT_51619,-,-,Unknown,-,hypothetical protein,protein-coding,-,-,-,-,20160917,-
1043004,25411459,M436DRAFT_51627,M436DRAFT_51627,-,-,Unknown,-,peroxisomal biogenesis factor 11,protein-coding,-,-,-,-,20160917,-
1043004,25411460,M436DRAFT_51628,M436DRAFT_51628,-,-,Unknown,-,hypothetical protein,protein-coding,-,-,-,-,20160917,-
1043004,25411461,M436DRAFT_51629,M436DRAFT_51629,-,-,Unknown,-,OSCP-domain-containing protein,protein-coding,-,-,-,-,20160917,-
1043004,25411462,M436DRAFT_51647,M436DRAFT_51647,-,-,Unknown,-,hypothetical protein,protein-coding,-,-,-,-,20160917,-
1043004,25411463,M436DRAFT_51655,M436DRAFT_51655,-,-,Unknown,-,autophagy protein 5,protein-coding,-,-,-,-,20160917,-
1043004,25411464,M436DRAFT_51657,M436DRAFT_51657,-,-,Unknown,-,meiotic expression up-regulated protein 14,protein-coding,-,-,-,-,20160917,-
1043004,25411465,M436DRAFT_51661,M436DRAFT_51661,-,-,Unknown,-,hypothetical protein,protein-coding,-,-,-,-,20160917,-
1043004,25411466,M436DRAFT_51688,M436DRAFT_51688,-,-,Unknown,-,FAD/NAD(P)-binding domain-containing protein,protein-coding,-,-,-,-,20160917,-
1043004,25411467,M436DRAFT_51697,M436DRAFT_51697,-,-,Unknown,-,hypothetical protein,protein-coding,-,-,-,-,20151104,-
1043004,25411468,M436DRAFT_51705,M436DRAFT_51705,-,-,Unknown,-,hypothetical protein,protein-coding,-,-,-,-,20160917,-
1043004,25411469,M436DRAFT_51709,M436DRAFT_51709,-,-,Unknown,-,hypothetical protein,protein-coding,-,-,-,-,20160325,-
1043004,25411470,M436DRAFT_51713,M436DRAFT_51713,-,-,Unknown,-,hypothetical protein,protein-coding,-,-,-,-,20160917,-
1043004,25411471,M436DRAFT_51714,M436DRAFT_51714,-,-,Unknown,-,putative sugar transporter,protein-coding,-,-,-,-,20160917,-
1043004,25411472,M436DRAFT_51728,M436DRAFT_51728,-,-,Unknown,-,hypothetical protein,protein-coding,-,-,-,-,20151104,-
1043004,25411473,M436DRAFT_51730,M436DRAFT_51730,-,-,Unknown,-,hypothetical protein,protein-coding,-,-,-,-,20160917,-
1043004,25411474,M436DRAFT_51735,M436DRAFT_51735,-,-,Unknown,-,MFS general substrate transporter,protein-coding,-,-,-,-,20160917,-
1043004,25411475,M436DRAFT_51736,M436DRAFT_51736,-,-,Unknown,-,COX1 assembly protein,protein-coding,-,-,-,-,20160917,-
1043004,25411476,M436DRAFT_51743,M436DRAFT_51743,-,-,Unknown,-,NAD(P)-binding protein,protein-coding,-,-,-,-,20151212,-
1043004,25411477,M436DRAFT_51751,M436DRAFT_51751,-,-,Unknown,-,histone acetyltransferase ELP3,protein-coding,-,-,-,-,20160917,-
1043004,25411478,M436DRAFT_51756,M436DRAFT_51756,-,-,Unknown,-,hypothetical protein,protein-coding,-,-,-,-,20160917,-
1043004,25411479,M436DRAFT_51762,M436DRAFT_51762,-,-,Unknown,-,putative P450 monooxygenase,protein-coding,-,-,-,-,20160917,-
1043004,25411480,M436DRAFT_51763,M436DRAFT_51763,-,-,Unknown,-,FAD binding domain-containing protein,protein-coding,-,-,-,-,20160917,-
1043004,25411481,M436DRAFT_51764,M436DRAFT_51764,-,-,Unknown,-,glutathione S-transferase,protein-coding,-,-,-,-,20160917,-
1043004,25411482,M436DRAFT_51768,M436DRAFT_51768,-,-,Unknown,-,TPR-like protein,protein-coding,-,-,-,-,20160917,-
1043004,25411483,M436DRAFT_51779,M436DRAFT_51779,-,-,Unknown,-,ATP-sulfurylase,protein-coding,-,-,-,-,20151212,-
1043004,25411484,M436DRAFT_51785,M436DRAFT_51785,-,-,Unknown,-,RNP domain protein,protein-coding,-,-,-,-,20160917,-
1043004,25411485,M436DRAFT_51786,M436DRAFT_51786,-,-,Unknown,-,cytochrome P450,protein-coding,-,-,-,-,20160917,-
1043004,25411486,M436DRAFT_51788,M436DRAFT_51788,-,-,Unknown,-,hypothetical protein,protein-coding,-,-,-,-,20160325,-
1043004,25411487,M436DRAFT_51797,M436DRAFT_51797,-,-,Unknown,-,BAR-domain-containing protein,protein-coding,-,-,-,-,20160917,-
1043004,25411488,M436DRAFT_51799,M436DRAFT_51799,-,-,Unknown,-,NAD(P)-binding protein,protein-coding,-,-,-,-,20151212,-
1043004,25411489,M436DRAFT_51800,M436DRAFT_51800,-,-,Unknown,-,ARM repeat-containing protein,protein-coding,-,-,-,-,20160325,-
1043004,25411490,M436DRAFT_51804,M436DRAFT_51804,-,-,Unknown,-,ORC2-domain-containing protein,protein-coding,-,-,-,-,20160917,-
1043004,25411491,M436DRAFT_51809,M436DRAFT_51809,-,-,Unknown,-,hypothetical protein,protein-coding,-,-,-,-,20160917,-
1043004,25411492,M436DRAFT_51813,M436DRAFT_51813,-,-,Unknown,-,glycoside hydrolase,protein-coding,-,-,-,-,20160917,-
1043004,25411493,M436DRAFT_51826,M436DRAFT_51826,-,-,Unknown,-,Pkinase-domain-containing protein,protein-coding,-,-,-,-,20160917,-
1043004,25411494,M436DRAFT_51828,M436DRAFT_51828,-,-,Unknown,-,hypothetical protein,protein-coding,-,-,-,-,20160917,-
1043004,25411495,M436DRAFT_51845,M436DRAFT_51845,-,-,Unknown,-,hypothetical protein,protein-coding,-,-,-,-,20160917,-
1043004,25411496,M436DRAFT_51847,M436DRAFT_51847,-,-,Unknown,-,NADH:flavin oxidoreductase/NADH oxidase family protein,protein-coding,-,-,-,-,20160917,-
1043004,25411497,M436DRAFT_51851,M436DRAFT_51851,-,-,Unknown,-,hypothetical protein,protein-coding,-,-,-,-,20160917,-
1043004,25411498,M436DRAFT_51855,M436DRAFT_51855,-,-,Unknown,-,DFP-domain-containing protein,protein-coding,-,-,-,-,20160917,-
1043004,25411499,M436DRAFT_51867,M436DRAFT_51867,-,-,Unknown,-,glycoside hydrolase family 43 protein,protein-coding,-,-,-,-,20160917,-
1043004,25411500,M436DRAFT_51872,M436DRAFT_51872,-,-,Unknown,-,"ATP-dependent RNA helicase mrh-4, mitochondrial",protein-coding,-,-,-,-,20160917,-
1043004,25411501,M436DRAFT_51880,M436DRAFT_51880,-,-,Unknown,-,hypothetical protein,protein-coding,-,-,-,-,20160917,-
1043004,25411502,M436DRAFT_51882,M436DRAFT_51882,-,-,Unknown,-,putative multidrug resistance protein,protein-coding,-,-,-,-,20160917,-
1043004,25411503,M436DRAFT_51883,M436DRAFT_51883,-,-,Unknown,-,hypothetical protein,protein-coding,-,-,-,-,20160917,-
1043004,25411504,M436DRAFT_51884,M436DRAFT_51884,-,-,Unknown,-,L-aminopeptidase/D-esterase,protein-coding,-,-,-,-,20151212,-
1043004,25411505,M436DRAFT_51911,M436DRAFT_51911,-,-,Unknown,-,hypothetical protein,protein-coding,-,-,-,-,20160917,-
1043004,25411506,M436DRAFT_51912,M436DRAFT_51912,-,-,Unknown,-,putative MFS phospholipid transporter,protein-coding,-,-,-,-,20160917,-
1043004,25411507,M436DRAFT_51915,M436DRAFT_51915,-,-,Unknown,-,acid protease,protein-coding,-,-,-,-,20160917,-
1043004,25411508,M436DRAFT_51928,M436DRAFT_51928,-,-,Unknown,-,putative cell cycle control protein Cwf14,protein-coding,-,-,-,-,20160917,-
1043004,25411509,M436DRAFT_51937,M436DRAFT_51937,-,-,Unknown,-,amino acid permease,protein-coding,-,-,-,-,20160325,-
1043004,25411510,M436DRAFT_51938,M436DRAFT_51938,-,-,Unknown,-,aldehyde reductase,protein-coding,-,-,-,-,20160917,-
1043004,25411511,M436DRAFT_51949,M436DRAFT_51949,-,-,Unknown,-,putative cation diffusion facilitator family metal ion transporter,protein-coding,-,-,-,-,20160917,-
1043004,25411512,M436DRAFT_51957,M436DRAFT_51957,-,-,Unknown,-,DUF155-domain-containing protein,protein-coding,-,-,-,-,20160325,-
1043004,25411513,M436DRAFT_51958,M436DRAFT_51958,-,-,Unknown,-,putative Xaa-pro aminopeptidase P,protein-coding,-,-,-,-,20160917,-
1043004,25411514,M436DRAFT_51963,M436DRAFT_51963,-,-,Unknown,-,hypothetical protein,protein-coding,-,-,-,-,20160917,-
1043004,25411515,M436DRAFT_51964,M436DRAFT_51964,-,-,Unknown,-,amino acid transporter,protein-coding,-,-,-,-,20160917,-
1043004,25411516,M436DRAFT_51965,M436DRAFT_51965,-,-,Unknown,-,hypothetical protein,protein-coding,-,-,-,-,20160917,-
1043004,25411517,M436DRAFT_51969,M436DRAFT_51969,-,-,Unknown,-,high-affinity nickel transport protein-like protein,protein-coding,-,-,-,-,20151212,-
1043004,25411518,M436DRAFT_51982,M436DRAFT_51982,-,-,Unknown,-,STE3-domain-containing protein,protein-coding,-,-,-,-,20160917,-
1043004,25411519,M436DRAFT_51999,M436DRAFT_51999,-,-,Unknown,-,Low temperature viability protein,protein-coding,-,-,-,-,20160917,-
1043004,25411520,M436DRAFT_52002,M436DRAFT_52002,-,-,Unknown,-,hypothetical protein,protein-coding,-,-,-,-,20160917,-
1043004,25411521,M436DRAFT_52005,M436DRAFT_52005,-,-,Unknown,-,pyridoxine biosynthesis protein PDX1,protein-coding,-,-,-,-,20160917,-
1043004,25411522,M436DRAFT_52007,M436DRAFT_52007,-,-,Unknown,-,glutathione S-transferase,protein-coding,-,-,-,-,20160917,-
1043004,25411523,M436DRAFT_52011,M436DRAFT_52011,-,-,Unknown,-,hypothetical protein,protein-coding,-,-,-,-,20151104,-
1043004,25411524,M436DRAFT_52016,M436DRAFT_52016,-,-,Unknown,-,SET domain-containing protein,protein-coding,-,-,-,-,20160917,-
1043004,25411525,M436DRAFT_52021,M436DRAFT_52021,-,-,Unknown,-,Isochorismatase hydrolase,protein-coding,-,-,-,-,20160917,-
1043004,25411526,M436DRAFT_52026,M436DRAFT_52026,-,-,Unknown,-,"putative multicopper oxidase, type 1",protein-coding,-,-,-,-,20151212,-
1043004,25411527,M436DRAFT_52031,M436DRAFT_52031,-,-,Unknown,-,hypothetical protein,protein-coding,-,-,-,-,20160917,-
1043004,25411528,M436DRAFT_52035,M436DRAFT_52035,-,-,Unknown,-,MGSUL7 PAPS reductase,protein-coding,-,-,-,-,20160917,-
1043004,25411529,M436DRAFT_52041,M436DRAFT_52041,-,-,Unknown,-,peptidyl-tRNA hydrolase,protein-coding,-,-,-,-,20160325,-
1043004,25411530,M436DRAFT_52042,M436DRAFT_52042,-,-,Unknown,-,RNA-binding domain-containing protein,protein-coding,-,-,-,-,20160917,-
1043004,25411531,M436DRAFT_52047,M436DRAFT_52047,-,-,Unknown,-,hypothetical protein,protein-coding,-,-,-,-,20160917,-
1043004,25411532,M436DRAFT_52078,M436DRAFT_52078,-,-,Unknown,-,"putative 37S ribosomal protein MRP2, mitochondrial",protein-coding,-,-,-,-,20160917,-
1043004,25411533,M436DRAFT_52081,M436DRAFT_52081,-,-,Unknown,-,alpha-acetolactate decarboxylase,protein-coding,-,-,-,-,20160917,-
1043004,25411534,M436DRAFT_52100,M436DRAFT_52100,-,-,Unknown,-,hypothetical protein,protein-coding,-,-,-,-,20160917,-
1043004,25411535,M436DRAFT_52106,M436DRAFT_52106,-,-,Unknown,-,hypothetical protein,protein-coding,-,-,-,-,20160917,-
1043004,25411536,M436DRAFT_52107,M436DRAFT_52107,-,-,Unknown,-,Clavaminate synthase-like protein,protein-coding,-,-,-,-,20160917,-
1043004,25411537,M436DRAFT_52113,M436DRAFT_52113,-,-,Unknown,-,aquaglyceroporin like protein,protein-coding,-,-,-,-,20160917,-
1043004,25411538,M436DRAFT_52118,M436DRAFT_52118,-,-,Unknown,-,hypothetical protein,protein-coding,-,-,-,-,20151104,-
1043004,25411539,M436DRAFT_52121,M436DRAFT_52121,-,-,Unknown,-,ferrochelatase,protein-coding,-,-,-,-,20160917,-
1043004,25411540,M436DRAFT_52125,M436DRAFT_52125,-,-,Unknown,-,Lycopene beta-cyclase,protein-coding,-,-,-,-,20160917,-
1043004,25411541,M436DRAFT_52129,M436DRAFT_52129,-,-,Unknown,-,hypothetical protein,protein-coding,-,-,-,-,20160917,-
1043004,25411542,M436DRAFT_52131,M436DRAFT_52131,-,-,Unknown,-,hypothetical protein,protein-coding,-,-,-,-,20151104,-
1043004,25411543,M436DRAFT_52141,M436DRAFT_52141,-,-,Unknown,-,hypothetical protein,protein-coding,-,-,-,-,20151212,-
1043004,25411544,M436DRAFT_52142,M436DRAFT_52142,-,-,Unknown,-,hypothetical protein,protein-coding,-,-,-,-,20160917,-
1043004,25411545,M436DRAFT_52155,M436DRAFT_52155,-,-,Unknown,-,hypothetical protein,protein-coding,-,-,-,-,20160917,-
1043004,25411546,M436DRAFT_52161,M436DRAFT_52161,-,-,Unknown,-,hypothetical protein,protein-coding,-,-,-,-,20151104,-
1043004,25411547,M436DRAFT_52169,M436DRAFT_52169,-,-,Unknown,-,MFS multidrug transporter,protein-coding,-,-,-,-,20160917,-
1043004,25411548,M436DRAFT_52171,M436DRAFT_52171,-,-,Unknown,-,hypothetical protein,protein-coding,-,-,-,-,20151104,-
1043004,25411549,M436DRAFT_52204,M436DRAFT_52204,-,-,Unknown,-,protein-S-isoprenylcysteine O-methyltransferase,protein-coding,-,-,-,-,20160325,-
1043004,25411550,M436DRAFT_52205,M436DRAFT_52205,-,-,Unknown,-,hypothetical protein,protein-coding,-,-,-,-,20160917,-
1043004,25411551,M436DRAFT_52213,M436DRAFT_52213,-,-,Unknown,-,putative gibberellin 20 oxidase,protein-coding,-,-,-,-,20160917,-
1043004,25411552,M436DRAFT_52218,M436DRAFT_52218,-,-,Unknown,-,hypothetical protein,protein-coding,-,-,-,-,20160917,-
1043004,25411553,M436DRAFT_52219,M436DRAFT_52219,-,-,Unknown,-,FMN-linked oxidoreductase,protein-coding,-,-,-,-,20160917,-
1043004,25411554,M436DRAFT_52223,M436DRAFT_52223,-,-,Unknown,-,37S ribosomal protein S24,protein-coding,-,-,-,-,20151212,-
1043004,25411555,M436DRAFT_52224,M436DRAFT_52224,-,-,Unknown,-,STE-domain-containing protein,protein-coding,-,-,-,-,20160917,-
1043004,25411556,M436DRAFT_52229,M436DRAFT_52229,-,-,Unknown,-,alpha/beta-hydrolase,protein-coding,-,-,-,-,20160917,-
1043004,25411557,M436DRAFT_52233,M436DRAFT_52233,-,-,Unknown,-,opsin-like protein,protein-coding,-,-,-,-,20151212,-
1043004,25411558,M436DRAFT_52248,M436DRAFT_52248,-,-,Unknown,-,cyclohexanone monooxygenase,protein-coding,-,-,-,-,20160917,-
1043004,25411559,M436DRAFT_52251,M436DRAFT_52251,-,-,Unknown,-,nucleoside hydrolase,protein-coding,-,-,-,-,20160917,-
1043004,25411560,M436DRAFT_52266,M436DRAFT_52266,-,-,Unknown,-,carotenoid oxygenase,protein-coding,-,-,-,-,20160917,-
1043004,25411561,M436DRAFT_52268,M436DRAFT_52268,-,-,Unknown,-,hypothetical protein,protein-coding,-,-,-,-,20151104,-
1043004,25411562,M436DRAFT_52269,M436DRAFT_52269,-,-,Unknown,-,hypothetical protein,protein-coding,-,-,-,-,20151104,-
1043004,25411563,M436DRAFT_52271,M436DRAFT_52271,-,-,Unknown,-,D-isomer-specific 2-hydroxyacid dehydrogenase family protein,protein-coding,-,-,-,-,20151212,-
1043004,25411564,M436DRAFT_52276,M436DRAFT_52276,-,-,Unknown,-,DUF1649-domain-containing protein,protein-coding,-,-,-,-,20160917,-
1043004,25411565,M436DRAFT_52291,M436DRAFT_52291,-,-,Unknown,-,hypothetical protein,protein-coding,-,-,-,-,20160917,-
1043004,25411566,M436DRAFT_52295,M436DRAFT_52295,-,-,Unknown,-,DUF1900-domain-containing protein,protein-coding,-,-,-,-,20160917,-
1043004,25411567,M436DRAFT_52300,M436DRAFT_52300,-,-,Unknown,-,hypothetical protein,protein-coding,-,-,-,-,20160917,-
1043004,25411568,M436DRAFT_52309,M436DRAFT_52309,-,-,Unknown,-,mitochondrial carrier,protein-coding,-,-,-,-,20160917,-
1043004,25411569,M436DRAFT_52311,M436DRAFT_52311,-,-,Unknown,-,hypothetical protein,protein-coding,-,-,-,-,20160325,-
1043004,25411570,M436DRAFT_52323,M436DRAFT_52323,-,-,Unknown,-,putative mitochondrial F1F0 ATP synthase subunit Atp18,protein-coding,-,-,-,-,20160917,-
1043004,25411571,M436DRAFT_52324,M436DRAFT_52324,-,-,Unknown,-,FabD/lysophospholipase-like protein,protein-coding,-,-,-,-,20160917,-
1043004,25411572,M436DRAFT_52325,M436DRAFT_52325,-,-,Unknown,-,NOL1/NOP2/sun family putative RNA met,protein-coding,-,-,-,-,20160917,-
1043004,25411573,M436DRAFT_52329,M436DRAFT_52329,-,-,Unknown,-,hypothetical protein,protein-coding,-,-,-,-,20160917,-
1043004,25411574,M436DRAFT_52332,M436DRAFT_52332,-,-,Unknown,-,putative negative regulation of gluconeogenesis,protein-coding,-,-,-,-,20160917,-
1043004,25411575,M436DRAFT_52333,M436DRAFT_52333,-,-,Unknown,-,hypothetical protein,protein-coding,-,-,-,-,20160325,-
1043004,25411576,M436DRAFT_52336,M436DRAFT_52336,-,-,Unknown,-,hypothetical protein,protein-coding,-,-,-,-,20160917,-
1043004,25411577,M436DRAFT_52341,M436DRAFT_52341,-,-,Unknown,-,P-loop containing nucleoside triphosphate hydrolase protein,protein-coding,-,-,-,-,20151212,-
1043004,25411578,M436DRAFT_52343,M436DRAFT_52343,-,-,Unknown,-,hypothetical protein,protein-coding,-,-,-,-,20160917,-
1043004,25411579,M436DRAFT_52344,M436DRAFT_52344,-,-,Unknown,-,rhamnose mutarotase,protein-coding,-,-,-,-,20160917,-
1043004,25411580,M436DRAFT_52347,M436DRAFT_52347,-,-,Unknown,-,aldolase,protein-coding,-,-,-,-,20160917,-
1043004,25411581,M436DRAFT_52349,M436DRAFT_52349,-,-,Unknown,-,hypothetical protein,protein-coding,-,-,-,-,20151104,-
1043004,25411582,M436DRAFT_52351,M436DRAFT_52351,-,-,Unknown,-,chromatin remodeling complex SWI/SNF component SWI2,protein-coding,-,-,-,-,20160917,-
1043004,25411583,M436DRAFT_52362,M436DRAFT_52362,-,-,Unknown,-,hypothetical protein,protein-coding,-,-,-,-,20160917,-
1043004,25411584,M436DRAFT_52367,M436DRAFT_52367,-,-,Unknown,-,phosphoribosylamine-glycine ligase,protein-coding,-,-,-,-,20160917,-
1043004,25411585,M436DRAFT_52369,M436DRAFT_52369,-,-,Unknown,-,putative C-8 sterol isomerase (Erg-1),protein-coding,-,-,-,-,20160917,-
1043004,25411586,M436DRAFT_52372,M436DRAFT_52372,-,-,Unknown,-,WSC-domain-containing protein,protein-coding,-,-,-,-,20160917,-
1043004,25411587,M436DRAFT_52374,M436DRAFT_52374,-,-,Unknown,-,peptidyl-prolyl cis/trans isomerase,protein-coding,-,-,-,-,20160917,-
1043004,25411588,M436DRAFT_52375,M436DRAFT_52375,-,-,Unknown,-,hypothetical protein,protein-coding,-,-,-,-,20160917,-
1043004,25411589,M436DRAFT_52380,M436DRAFT_52380,-,-,Unknown,-,polyketide synthetase PksP,protein-coding,-,-,-,-,20160917,-
1043004,25411590,M436DRAFT_52392,M436DRAFT_52392,-,-,Unknown,-,Pkinase-domain-containing protein,protein-coding,-,-,-,-,20151212,-
1043004,25411591,M436DRAFT_52395,M436DRAFT_52395,-,-,Unknown,-,hypothetical protein,protein-coding,-,-,-,-,20160917,-
1043004,25411592,M436DRAFT_52397,M436DRAFT_52397,-,-,Unknown,-,Arginine biosynthesis bifunctional protein ArgJ beta chain,protein-coding,-,-,-,-,20160917,-
1043004,25411593,M436DRAFT_52403,M436DRAFT_52403,-,-,Unknown,-,hypothetical protein,protein-coding,-,-,-,-,20160917,-
1043004,25411594,M436DRAFT_52405,M436DRAFT_52405,-,-,Unknown,-,ARM repeat-containing protein,protein-coding,-,-,-,-,20151104,-
1043004,25411595,M436DRAFT_52413,M436DRAFT_52413,-,-,Unknown,-,hypothetical protein,protein-coding,-,-,-,-,20160325,-
1043004,25411596,M436DRAFT_52416,M436DRAFT_52416,-,-,Unknown,-,hypothetical protein,protein-coding,-,-,-,-,20151212,-
1043004,25411597,M436DRAFT_52418,M436DRAFT_52418,-,-,Unknown,-,hypothetical protein,protein-coding,-,-,-,-,20151212,-
1043004,25411598,M436DRAFT_52433,M436DRAFT_52433,-,-,Unknown,-,"Ku DNA-binding complex, Ku70 subunit",protein-coding,-,-,-,-,20160917,-
1043004,25411599,M436DRAFT_52437,M436DRAFT_52437,-,-,Unknown,-,hypothetical protein,protein-coding,-,-,-,-,20160917,-
1043004,25411600,M436DRAFT_52441,M436DRAFT_52441,-,-,Unknown,-,NIF-domain-containing protein,protein-coding,-,-,-,-,20151212,-
1043004,25411601,M436DRAFT_52451,M436DRAFT_52451,-,-,Unknown,-,hypothetical protein,protein-coding,-,-,-,-,20160917,-
1043004,25411602,M436DRAFT_52453,M436DRAFT_52453,-,-,Unknown,-,hypothetical protein,protein-coding,-,-,-,-,20160917,-
1043004,25411603,M436DRAFT_52456,M436DRAFT_52456,-,-,Unknown,-,hypothetical protein,protein-coding,-,-,-,-,20151212,-
1043004,25411604,M436DRAFT_52459,M436DRAFT_52459,-,-,Unknown,-,epoxide hydrolase,protein-coding,-,-,-,-,20160917,-
1043004,25411605,M436DRAFT_52461,M436DRAFT_52461,-,-,Unknown,-,NAD(P)-binding protein,protein-coding,-,-,-,-,20151212,-
1043004,25411606,M436DRAFT_52464,M436DRAFT_52464,-,-,Unknown,-,WD40 repeat-like protein,protein-coding,-,-,-,-,20160917,-
1043004,25411607,M436DRAFT_52479,M436DRAFT_52479,-,-,Unknown,-,RBP11-like subunits of RNA polymerase,protein-coding,-,-,-,-,20160917,-
1043004,25411608,M436DRAFT_52481,M436DRAFT_52481,-,-,Unknown,-,DUF1929-domain-containing protein,protein-coding,-,-,-,-,20160917,-
1043004,25411609,M436DRAFT_52485,M436DRAFT_52485,-,-,Unknown,-,mitochondrial nuclease,protein-coding,-,-,-,-,20160917,-
1043004,25411610,M436DRAFT_52506,M436DRAFT_52506,-,-,Unknown,-,hypothetical protein,protein-coding,-,-,-,-,20160917,-
1043004,25411611,M436DRAFT_52507,M436DRAFT_52507,-,-,Unknown,-,hypothetical protein,protein-coding,-,-,-,-,20160917,-
1043004,25411612,M436DRAFT_52509,M436DRAFT_52509,-,-,Unknown,-,isoamyl acetate-hydrolyzing esterase,protein-coding,-,-,-,-,20160325,-
1043004,25411613,M436DRAFT_52520,M436DRAFT_52520,-,-,Unknown,-,alpha/beta-hydrolase,protein-coding,-,-,-,-,20160917,-
1043004,25411614,M436DRAFT_52523,M436DRAFT_52523,-,-,Unknown,-,DNA repair protein,protein-coding,-,-,-,-,20160917,-
1043004,25411615,M436DRAFT_52525,M436DRAFT_52525,-,-,Unknown,-,hypothetical protein,protein-coding,-,-,-,-,20160917,-
1043004,25411616,M436DRAFT_52540,M436DRAFT_52540,-,-,Unknown,-,hypothetical protein,protein-coding,-,-,-,-,20160917,-
1043004,25411617,M436DRAFT_52543,M436DRAFT_52543,-,-,Unknown,-,trimeric LpxA-like protein,protein-coding,-,-,-,-,20151212,-
1043004,25411618,M436DRAFT_52544,M436DRAFT_52544,-,-,Unknown,-,alkaline phosphatase-like protein,protein-coding,-,-,-,-,20160917,-
1043004,25411619,M436DRAFT_52545,M436DRAFT_52545,-,-,Unknown,-,Cwf15/Cwc15 cell cycle control protein,protein-coding,-,-,-,-,20160917,-
1043004,25411620,M436DRAFT_52551,M436DRAFT_52551,-,-,Unknown,-,hypothetical protein,protein-coding,-,-,-,-,20151212,-
1043004,25411621,M436DRAFT_52552,M436DRAFT_52552,-,-,Unknown,-,hypothetical protein,protein-coding,-,-,-,-,20151104,-
1043004,25411622,M436DRAFT_52555,M436DRAFT_52555,-,-,Unknown,-,FAD/NAD(P)-binding domain-containing protein,protein-coding,-,-,-,-,20160917,-
1043004,25411623,M436DRAFT_52556,M436DRAFT_52556,-,-,Unknown,-,hypothetical protein,protein-coding,-,-,-,-,20151104,-
1043004,25411624,M436DRAFT_52557,M436DRAFT_52557,-,-,Unknown,-,Sec8 exocyst complex component,protein-coding,-,-,-,-,20160917,-
1043004,25411625,M436DRAFT_52579,M436DRAFT_52579,-,-,Unknown,-,NAD(P)-binding protein,protein-coding,-,-,-,-,20160917,-
1043004,25411626,M436DRAFT_52581,M436DRAFT_52581,-,-,Unknown,-,YjgF-like protein,protein-coding,-,-,-,-,20151212,-
1043004,25411627,M436DRAFT_52586,M436DRAFT_52586,-,-,Unknown,-,hypothetical protein,protein-coding,-,-,-,-,20160917,-
1043004,25411628,M436DRAFT_52589,M436DRAFT_52589,-,-,Unknown,-,hypothetical protein,protein-coding,-,-,-,-,20151104,-
1043004,25411629,M436DRAFT_52592,M436DRAFT_52592,-,-,Unknown,-,"mannan endo-1,6-alpha-mannosidase",protein-coding,-,-,-,-,20160917,-
1043004,25411630,M436DRAFT_52597,M436DRAFT_52597,-,-,Unknown,-,G-protein alpha subunit,protein-coding,-,-,-,-,20151212,-
1043004,25411631,M436DRAFT_52604,M436DRAFT_52604,-,-,Unknown,-,DNA mismatch repair protein Msh6,protein-coding,-,-,-,-,20160917,-
1043004,25411632,M436DRAFT_52612,M436DRAFT_52612,-,-,Unknown,-,hypothetical protein,protein-coding,-,-,-,-,20160325,-
1043004,25411633,M436DRAFT_52614,M436DRAFT_52614,-,-,Unknown,-,hypothetical protein,protein-coding,-,-,-,-,20151104,-
1043004,25411634,M436DRAFT_52615,M436DRAFT_52615,-,-,Unknown,-,putative GARP complex subunit,protein-coding,-,-,-,-,20160917,-
1043004,25411635,M436DRAFT_52623,M436DRAFT_52623,-,-,Unknown,-,hypothetical protein,protein-coding,-,-,-,-,20160917,-
1043004,25411636,M436DRAFT_52635,M436DRAFT_52635,-,-,Unknown,-,phosphoglycerate mutase-like protein,protein-coding,-,-,-,-,20160917,-
1043004,25411637,M436DRAFT_52642,M436DRAFT_52642,-,-,Unknown,-,kinetochore protein spc24,protein-coding,-,-,-,-,20160917,-
1043004,25411638,M436DRAFT_52651,M436DRAFT_52651,-,-,Unknown,-,hypothetical protein,protein-coding,-,-,-,-,20160325,-
1043004,25411639,M436DRAFT_52652,M436DRAFT_52652,-,-,Unknown,-,NUDIX domain-containing protein,protein-coding,-,-,-,-,20160917,-
1043004,25411640,M436DRAFT_52665,M436DRAFT_52665,-,-,Unknown,-,NAD(P)-binding protein,protein-coding,-,-,-,-,20160917,-
1043004,25411641,M436DRAFT_52673,M436DRAFT_52673,-,-,Unknown,-,hypothetical protein,protein-coding,-,-,-,-,20160917,-
1043004,25411642,M436DRAFT_52682,M436DRAFT_52682,-,-,Unknown,-,mannose-P-dolichol utilization defect 1 protein,protein-coding,-,-,-,-,20160917,-
1043004,25411643,M436DRAFT_52687,M436DRAFT_52687,-,-,Unknown,-,gamma-glutamyltransferase,protein-coding,-,-,-,-,20160917,-
1043004,25411644,M436DRAFT_52702,M436DRAFT_52702,-,-,Unknown,-,P-loop containing nucleoside triphosphate hydrolase protein,protein-coding,-,-,-,-,20160917,-
1043004,25411645,M436DRAFT_52712,M436DRAFT_52712,-,-,Unknown,-,hypothetical protein,protein-coding,-,-,-,-,20151104,-
1043004,25411646,M436DRAFT_52714,M436DRAFT_52714,-,-,Unknown,-,amidohydrolase,protein-coding,-,-,-,-,20160917,-
1043004,25411647,M436DRAFT_52718,M436DRAFT_52718,-,-,Unknown,-,putative TPA: Low-affinity zinc transporter of the plasma membrane,protein-coding,-,-,-,-,20160917,-
1043004,25411648,M436DRAFT_52720,M436DRAFT_52720,-,-,Unknown,-,hypothetical protein,protein-coding,-,-,-,-,20151104,-
1043004,25411649,M436DRAFT_52723,M436DRAFT_52723,-,-,Unknown,-,hypothetical protein,protein-coding,-,-,-,-,20151104,-
1043004,25411650,M436DRAFT_52738,M436DRAFT_52738,-,-,Unknown,-,hypothetical protein,protein-coding,-,-,-,-,20151104,-
1043004,25411651,M436DRAFT_52756,M436DRAFT_52756,-,-,Unknown,-,hypothetical protein,protein-coding,-,-,-,-,20160917,-
1043004,25411652,M436DRAFT_52761,M436DRAFT_52761,-,-,Unknown,-,hypothetical protein,protein-coding,-,-,-,-,20160325,-
1043004,25411653,M436DRAFT_52763,M436DRAFT_52763,-,-,Unknown,-,CNVH-domain-containing protein,protein-coding,-,-,-,-,20160917,-
1043004,25411654,M436DRAFT_52768,M436DRAFT_52768,-,-,Unknown,-,heme-dependent catalase,protein-coding,-,-,-,-,20160917,-
1043004,25411655,M436DRAFT_52771,M436DRAFT_52771,-,-,Unknown,-,RNI-like protein,protein-coding,-,-,-,-,20160917,-
1043004,25411656,M436DRAFT_52787,M436DRAFT_52787,-,-,Unknown,-,NAD(P)-binding protein,protein-coding,-,-,-,-,20160917,-
1043004,25411657,M436DRAFT_52788,M436DRAFT_52788,-,-,Unknown,-,hypothetical protein,protein-coding,-,-,-,-,20151104,-
1043004,25411658,M436DRAFT_52805,M436DRAFT_52805,-,-,Unknown,-,FAD/NAD(P)-binding domain-containing protein,protein-coding,-,-,-,-,20160917,-
1043004,25411659,M436DRAFT_52817,M436DRAFT_52817,-,-,Unknown,-,hypothetical protein,protein-coding,-,-,-,-,20151104,-
1043004,25411660,M436DRAFT_52841,M436DRAFT_52841,-,-,Unknown,-,hypothetical protein,protein-coding,-,-,-,-,20160917,-
1043004,25411661,M436DRAFT_52843,M436DRAFT_52843,-,-,Unknown,-,Shr3 amino acid permease chaperone,protein-coding,-,-,-,-,20160917,-
1043004,25411662,M436DRAFT_52844,M436DRAFT_52844,-,-,Unknown,-,beta-lactamase/transpeptidase-like protein,protein-coding,-,-,-,-,20160917,-
1043004,25411663,M436DRAFT_52850,M436DRAFT_52850,-,-,Unknown,-,glycoside hydrolase,protein-coding,-,-,-,-,20160917,-
1043004,25411664,M436DRAFT_52853,M436DRAFT_52853,-,-,Unknown,-,kinesin-domain-containing protein,protein-coding,-,-,-,-,20151212,-
1043004,25411665,M436DRAFT_52856,M436DRAFT_52856,-,-,Unknown,-,40S ribosomal protein S2,protein-coding,-,-,-,-,20160917,-
1043004,25411666,M436DRAFT_52859,M436DRAFT_52859,-,-,Unknown,-,MFS multidrug transporter-like protein,protein-coding,-,-,-,-,20160917,-
1043004,25411667,M436DRAFT_52868,M436DRAFT_52868,-,-,Unknown,-,eukaryotic translation initiation factor 5A-2,protein-coding,-,-,-,-,20160917,-
1043004,25411668,M436DRAFT_52869,M436DRAFT_52869,-,-,Unknown,-,hypothetical protein,protein-coding,-,-,-,-,20160917,-
1043004,25411669,M436DRAFT_52872,M436DRAFT_52872,-,-,Unknown,-,NAD(P)-binding protein,protein-coding,-,-,-,-,20160917,-
1043004,25411670,M436DRAFT_52873,M436DRAFT_52873,-,-,Unknown,-,hypothetical protein,protein-coding,-,-,-,-,20160917,-
1043004,25411671,M436DRAFT_52874,M436DRAFT_52874,-,-,Unknown,-,carboxypeptidase S,protein-coding,-,-,-,-,20151212,-
1043004,25411672,M436DRAFT_52879,M436DRAFT_52879,-,-,Unknown,-,putative kynurenine 3-monooxygenase,protein-coding,-,-,-,-,20160917,-
1043004,25411673,M436DRAFT_52881,M436DRAFT_52881,-,-,Unknown,-,cyclophilin-type peptidyl-prolyl cis-trans isomerase,protein-coding,-,-,-,-,20160917,-
1043004,25411674,M436DRAFT_52888,M436DRAFT_52888,-,-,Unknown,-,hypothetical protein,protein-coding,-,-,-,-,20160917,-
1043004,25411675,M436DRAFT_52914,M436DRAFT_52914,-,-,Unknown,-,hypothetical protein,protein-coding,-,-,-,-,20160917,-
1043004,25411676,M436DRAFT_52917,M436DRAFT_52917,-,-,Unknown,-,UPF0183-domain-containing protein,protein-coding,-,-,-,-,20160917,-
1043004,25411677,M436DRAFT_52924,M436DRAFT_52924,-,-,Unknown,-,DUF221-domain-containing protein,protein-coding,-,-,-,-,20160917,-
1043004,25411678,M436DRAFT_52925,M436DRAFT_52925,-,-,Unknown,-,nucleotide-binding domain-containing protein,protein-coding,-,-,-,-,20160917,-
1043004,25411679,M436DRAFT_52927,M436DRAFT_52927,-,-,Unknown,-,cellobiohydrolaseI,protein-coding,-,-,-,-,20160917,-
1043004,25411680,M436DRAFT_52933,M436DRAFT_52933,-,-,Unknown,-,methionine aminopeptidase 1A,protein-coding,-,-,-,-,20160917,-
1043004,25411681,M436DRAFT_52941,M436DRAFT_52941,-,-,Unknown,-,hypothetical protein,protein-coding,-,-,-,-,20151104,-
1043004,25411682,M436DRAFT_52949,M436DRAFT_52949,-,-,Unknown,-,hypothetical protein,protein-coding,-,-,-,-,20160917,-
1043004,25411683,M436DRAFT_52950,M436DRAFT_52950,-,-,Unknown,-,hypothetical protein,protein-coding,-,-,-,-,20151104,-
1043004,25411684,M436DRAFT_52958,M436DRAFT_52958,-,-,Unknown,-,Spc7-domain-containing protein,protein-coding,-,-,-,-,20160917,-
1043004,25411685,M436DRAFT_52959,M436DRAFT_52959,-,-,Unknown,-,hypothetical protein,protein-coding,-,-,-,-,20160917,-
1043004,25411686,M436DRAFT_52960,M436DRAFT_52960,-,-,Unknown,-,DUF300-domain-containing protein,protein-coding,-,-,-,-,20160917,-
1043004,25411687,M436DRAFT_52965,M436DRAFT_52965,-,-,Unknown,-,hypothetical protein,protein-coding,-,-,-,-,20160917,-
1043004,25411688,M436DRAFT_52970,M436DRAFT_52970,-,-,Unknown,-,hypothetical protein,protein-coding,-,-,-,-,20151104,-
1043004,25411689,M436DRAFT_52976,M436DRAFT_52976,-,-,Unknown,-,hypothetical protein,protein-coding,-,-,-,-,20151104,-
1043004,25411690,M436DRAFT_52980,M436DRAFT_52980,-,-,Unknown,-,hypothetical protein,protein-coding,-,-,-,-,20160917,-
1043004,25411691,M436DRAFT_52982,M436DRAFT_52982,-,-,Unknown,-,hypothetical protein,protein-coding,-,-,-,-,20160917,-
1043004,25411692,M436DRAFT_52983,M436DRAFT_52983,-,-,Unknown,-,tannase and feruloyl esterase,protein-coding,-,-,-,-,20160917,-
1043004,25411693,M436DRAFT_52989,M436DRAFT_52989,-,-,Unknown,-,hypothetical protein,protein-coding,-,-,-,-,20160917,-
1043004,25411694,M436DRAFT_52998,M436DRAFT_52998,-,-,Unknown,-,nucleotide-diphospho-sugar transferase,protein-coding,-,-,-,-,20151212,-
1043004,25411695,M436DRAFT_52999,M436DRAFT_52999,-,-,Unknown,-,hypothetical protein,protein-coding,-,-,-,-,20160325,-
1043004,25411696,M436DRAFT_53003,M436DRAFT_53003,-,-,Unknown,-,NAD(P)-binding protein,protein-coding,-,-,-,-,20160917,-
1043004,25411697,M436DRAFT_53008,M436DRAFT_53008,-,-,Unknown,-,hypothetical protein,protein-coding,-,-,-,-,20160917,-
1043004,25411698,M436DRAFT_53009,M436DRAFT_53009,-,-,Unknown,-,UMP-CMP kinase-like protein,protein-coding,-,-,-,-,20160325,-
1043004,25411699,M436DRAFT_53024,M436DRAFT_53024,-,-,Unknown,-,glycoside hydrolase,protein-coding,-,-,-,-,20160917,-
1043004,25411700,M436DRAFT_53026,M436DRAFT_53026,-,-,Unknown,-,translocation protein,protein-coding,-,-,-,-,20160917,-
1043004,25411701,M436DRAFT_53041,M436DRAFT_53041,-,-,Unknown,-,hypothetical protein,protein-coding,-,-,-,-,20160917,-
1043004,25411702,M436DRAFT_53042,M436DRAFT_53042,-,-,Unknown,-,hypothetical protein,protein-coding,-,-,-,-,20151104,-
1043004,25411703,M436DRAFT_53043,M436DRAFT_53043,-,-,Unknown,-,neutral protease,protein-coding,-,-,-,-,20160917,-
1043004,25411704,M436DRAFT_53047,M436DRAFT_53047,-,-,Unknown,-,hypothetical protein,protein-coding,-,-,-,-,20151212,-
1043004,25411705,M436DRAFT_53066,M436DRAFT_53066,-,-,Unknown,-,hypothetical protein,protein-coding,-,-,-,-,20151104,-
1043004,25411706,M436DRAFT_53069,M436DRAFT_53069,-,-,Unknown,-,eukaryotic translation initiation factor 2 subunit alpha,protein-coding,-,-,-,-,20160917,-
1043004,25411707,M436DRAFT_53076,M436DRAFT_53076,-,-,Unknown,-,NmrA-domain-containing protein,protein-coding,-,-,-,-,20151212,-
1043004,25411708,M436DRAFT_53079,M436DRAFT_53079,-,-,Unknown,-,Cryptochrome/photolyase FAD-binding domain-containing protein,protein-coding,-,-,-,-,20160917,-
1043004,25411709,M436DRAFT_53080,M436DRAFT_53080,-,-,Unknown,-,monooxygenase,protein-coding,-,-,-,-,20160917,-
1043004,25411710,M436DRAFT_53085,M436DRAFT_53085,-,-,Unknown,-,MCM-domain-containing protein,protein-coding,-,-,-,-,20160917,-
1043004,25411711,M436DRAFT_53093,M436DRAFT_53093,-,-,Unknown,-,hypothetical protein,protein-coding,-,-,-,-,20151104,-
1043004,25411712,M436DRAFT_53094,M436DRAFT_53094,-,-,Unknown,-,acetyl-CoA synthetase-like protein,protein-coding,-,-,-,-,20151212,-
1043004,25411713,M436DRAFT_53096,M436DRAFT_53096,-,-,Unknown,-,hypothetical protein,protein-coding,-,-,-,-,20160917,-
1043004,25411714,M436DRAFT_53110,M436DRAFT_53110,-,-,Unknown,-,26S protease subunit rpt4,protein-coding,-,-,-,-,20160917,-
1043004,25411715,M436DRAFT_53111,M436DRAFT_53111,-,-,Unknown,-,serine/threonine-protein phosphatase PP-Z,protein-coding,-,-,-,-,20160917,-
1043004,25411716,M436DRAFT_53112,M436DRAFT_53112,-,-,Unknown,-,eukaryotic translation initiation factor 4E,protein-coding,-,-,-,-,20160917,-
1043004,25411717,M436DRAFT_53115,M436DRAFT_53115,-,-,Unknown,-,heme peroxidase,protein-coding,-,-,-,-,20160917,-
1043004,25411718,M436DRAFT_53120,M436DRAFT_53120,-,-,Unknown,-,hypothetical protein,protein-coding,-,-,-,-,20160917,-
1043004,25411719,M436DRAFT_53122,M436DRAFT_53122,-,-,Unknown,-,hypothetical protein,protein-coding,-,-,-,-,20151212,-
1043004,25411720,M436DRAFT_53128,M436DRAFT_53128,-,-,Unknown,-,SWIB-domain-containing protein,protein-coding,-,-,-,-,20160917,-
1043004,25411721,M436DRAFT_53132,M436DRAFT_53132,-,-,Unknown,-,hypothetical protein,protein-coding,-,-,-,-,20160917,-
1043004,25411722,M436DRAFT_53147,M436DRAFT_53147,-,-,Unknown,-,hypothetical protein,protein-coding,-,-,-,-,20160917,-
1043004,25411723,M436DRAFT_53156,M436DRAFT_53156,-,-,Unknown,-,hypothetical protein,protein-coding,-,-,-,-,20160917,-
1043004,25411724,M436DRAFT_53166,M436DRAFT_53166,-,-,Unknown,-,FAD/NAD(P)-binding domain-containing protein,protein-coding,-,-,-,-,20160917,-
1043004,25411725,M436DRAFT_53178,M436DRAFT_53178,-,-,Unknown,-,hypothetical protein,protein-coding,-,-,-,-,20160917,-
1043004,25411726,M436DRAFT_53181,M436DRAFT_53181,-,-,Unknown,-,BSP-domain-containing protein,protein-coding,-,-,-,-,20160917,-
1043004,25411727,M436DRAFT_53183,M436DRAFT_53183,-,-,Unknown,-,hypothetical protein,protein-coding,-,-,-,-,20160917,-
1043004,25411728,M436DRAFT_53189,M436DRAFT_53189,-,-,Unknown,-,TMS membrane protein/tumor differentially expressed protein,protein-coding,-,-,-,-,20160917,-
1043004,25411729,M436DRAFT_53193,M436DRAFT_53193,-,-,Unknown,-,hypothetical protein,protein-coding,-,-,-,-,20160917,-
1043004,25411730,M436DRAFT_53201,M436DRAFT_53201,-,-,Unknown,-,hypothetical protein,protein-coding,-,-,-,-,20151104,-
1043004,25411731,M436DRAFT_53202,M436DRAFT_53202,-,-,Unknown,-,hypothetical protein,protein-coding,-,-,-,-,20160917,-
1043004,25411732,M436DRAFT_53206,M436DRAFT_53206,-,-,Unknown,-,hypothetical protein,protein-coding,-,-,-,-,20160917,-
1043004,25411733,M436DRAFT_53207,M436DRAFT_53207,-,-,Unknown,-,hypothetical protein,protein-coding,-,-,-,-,20151104,-
1043004,25411734,M436DRAFT_53215,M436DRAFT_53215,-,-,Unknown,-,hypothetical protein,protein-coding,-,-,-,-,20151104,-
1043004,25411735,M436DRAFT_53220,M436DRAFT_53220,-,-,Unknown,-,"ERG9, squalene synthase",protein-coding,-,-,-,-,20160917,-
1043004,25411736,M436DRAFT_53228,M436DRAFT_53228,-,-,Unknown,-,60S ribosome biogenesis protein-like protein Mak11,protein-coding,-,-,-,-,20160917,-
1043004,25411737,M436DRAFT_53231,M436DRAFT_53231,-,-,Unknown,-,hypothetical protein,protein-coding,-,-,-,-,20151104,-
1043004,25411738,M436DRAFT_53232,M436DRAFT_53232,-,-,Unknown,-,TPR-like protein,protein-coding,-,-,-,-,20160917,-
1043004,25411739,M436DRAFT_53237,M436DRAFT_53237,-,-,Unknown,-,kinesin-domain-containing protein,protein-coding,-,-,-,-,20160917,-
1043004,25411740,M436DRAFT_53240,M436DRAFT_53240,-,-,Unknown,-,hypothetical protein,protein-coding,-,-,-,-,20160917,-
1043004,25411741,M436DRAFT_53251,M436DRAFT_53251,-,-,Unknown,-,hypothetical protein,protein-coding,-,-,-,-,20160917,-
1043004,25411742,M436DRAFT_53253,M436DRAFT_53253,-,-,Unknown,-,FAD dependent oxidoreductase,protein-coding,-,-,-,-,20160917,-
1043004,25411743,M436DRAFT_53254,M436DRAFT_53254,-,-,Unknown,-,hypothetical protein,protein-coding,-,-,-,-,20160917,-
1043004,25411744,M436DRAFT_53258,M436DRAFT_53258,-,-,Unknown,-,WSC-domain-containing protein,protein-coding,-,-,-,-,20160917,-
1043004,25411745,M436DRAFT_53259,M436DRAFT_53259,-,-,Unknown,-,hypothetical protein,protein-coding,-,-,-,-,20160917,-
1043004,25411746,M436DRAFT_53273,M436DRAFT_53273,-,-,Unknown,-,MFS general substrate transporter,protein-coding,-,-,-,-,20160917,-
1043004,25411747,M436DRAFT_53275,M436DRAFT_53275,-,-,Unknown,-,DUF55-domain-containing protein,protein-coding,-,-,-,-,20160917,-
1043004,25411748,M436DRAFT_53276,M436DRAFT_53276,-,-,Unknown,-,glycolipid anchored surface protein GAS1,protein-coding,-,-,-,-,20160917,-
1043004,25411749,M436DRAFT_53283,M436DRAFT_53283,-,-,Unknown,-,hypothetical protein,protein-coding,-,-,-,-,20151104,-
1043004,25411750,M436DRAFT_53288,M436DRAFT_53288,-,-,Unknown,-,hypothetical protein,protein-coding,-,-,-,-,20151104,-
1043004,25411751,M436DRAFT_53294,M436DRAFT_53294,-,-,Unknown,-,hypothetical protein,protein-coding,-,-,-,-,20160917,-
1043004,25411752,M436DRAFT_53297,M436DRAFT_53297,-,-,Unknown,-,hypothetical protein,protein-coding,-,-,-,-,20151104,-
1043004,25411753,M436DRAFT_53302,M436DRAFT_53302,-,-,Unknown,-,CobW domain protein,protein-coding,-,-,-,-,20160917,-
1043004,25411754,M436DRAFT_53313,M436DRAFT_53313,-,-,Unknown,-,P-loop containing nucleoside triphosphate hydrolase protein,protein-coding,-,-,-,-,20160917,-
1043004,25411755,M436DRAFT_53315,M436DRAFT_53315,-,-,Unknown,-,hypothetical protein,protein-coding,-,-,-,-,20160917,-
1043004,25411756,M436DRAFT_53318,M436DRAFT_53318,-,-,Unknown,-,DNA-directed RNA polymerases N/8 kDa subunit superfamily,protein-coding,-,-,-,-,20160917,-
1043004,25411757,M436DRAFT_53320,M436DRAFT_53320,-,-,Unknown,-,hypothetical protein,protein-coding,-,-,-,-,20151104,-
1043004,25411758,M436DRAFT_53322,M436DRAFT_53322,-,-,Unknown,-,transporter auxin efflux carrier-like protein,protein-coding,-,-,-,-,20160917,-
1043004,25411759,M436DRAFT_53326,M436DRAFT_53326,-,-,Unknown,-,hypothetical protein,protein-coding,-,-,-,-,20160917,-
1043004,25411760,M436DRAFT_53334,M436DRAFT_53334,-,-,Unknown,-,putative pseudouridine synthase TruD/Pus7,protein-coding,-,-,-,-,20151212,-
1043004,25411761,M436DRAFT_53337,M436DRAFT_53337,-,-,Unknown,-,hypothetical protein,protein-coding,-,-,-,-,20160917,-
1043004,25411762,M436DRAFT_53347,M436DRAFT_53347,-,-,Unknown,-,hypothetical protein,protein-coding,-,-,-,-,20151104,-
1043004,25411763,M436DRAFT_53350,M436DRAFT_53350,-,-,Unknown,-,hypothetical protein,protein-coding,-,-,-,-,20160917,-
1043004,25411764,M436DRAFT_53354,M436DRAFT_53354,-,-,Unknown,-,MFS general substrate transporter,protein-coding,-,-,-,-,20160917,-
1043004,25411765,M436DRAFT_53355,M436DRAFT_53355,-,-,Unknown,-,putative Ran exchange factor Prp20/Pim1,protein-coding,-,-,-,-,20160917,-
1043004,25411766,M436DRAFT_53360,M436DRAFT_53360,-,-,Unknown,-,hypothetical protein,protein-coding,-,-,-,-,20151104,-
1043004,25411767,M436DRAFT_53366,M436DRAFT_53366,-,-,Unknown,-,hypothetical protein,protein-coding,-,-,-,-,20151212,-
1043004,25411768,M436DRAFT_53376,M436DRAFT_53376,-,-,Unknown,-,kinase-like protein,protein-coding,-,-,-,-,20151212,-
1043004,25411769,M436DRAFT_53384,M436DRAFT_53384,-,-,Unknown,-,DUF590-domain-containing protein,protein-coding,-,-,-,-,20160917,-
1043004,25411770,M436DRAFT_53392,M436DRAFT_53392,-,-,Unknown,-,inosine guanosine and,protein-coding,-,-,-,-,20151212,-
1043004,25411771,M436DRAFT_53400,M436DRAFT_53400,-,-,Unknown,-,hypothetical protein,protein-coding,-,-,-,-,20151212,-
1043004,25411772,M436DRAFT_53405,M436DRAFT_53405,-,-,Unknown,-,DUF602-domain-containing protein,protein-coding,-,-,-,-,20160917,-
1043004,25411773,M436DRAFT_53409,M436DRAFT_53409,-,-,Unknown,-,hypothetical protein,protein-coding,-,-,-,-,20151104,-
1043004,25411774,M436DRAFT_53419,M436DRAFT_53419,-,-,Unknown,-,hypothetical protein,protein-coding,-,-,-,-,20160917,-
1043004,25411775,M436DRAFT_53427,M436DRAFT_53427,-,-,Unknown,-,kinase-like protein,protein-coding,-,-,-,-,20160917,-
1043004,25411776,M436DRAFT_53428,M436DRAFT_53428,-,-,Unknown,-,hypothetical protein,protein-coding,-,-,-,-,20151104,-
1043004,25411777,M436DRAFT_53432,M436DRAFT_53432,-,-,Unknown,-,DUF1765-domain-containing protein,protein-coding,-,-,-,-,20160917,-
1043004,25411778,M436DRAFT_53433,M436DRAFT_53433,-,-,Unknown,-,"endo-1,4-beta-glucanase precursor",protein-coding,-,-,-,-,20160917,-
1043004,25411779,M436DRAFT_53441,M436DRAFT_53441,-,-,Unknown,-,hypothetical protein,protein-coding,-,-,-,-,20160917,-
1043004,25411780,M436DRAFT_53446,M436DRAFT_53446,-,-,Unknown,-,WD40 repeat-like protein,protein-coding,-,-,-,-,20160917,-
1043004,25411781,M436DRAFT_53452,M436DRAFT_53452,-,-,Unknown,-,transport protein particle component,protein-coding,-,-,-,-,20160325,-
1043004,25411782,M436DRAFT_53454,M436DRAFT_53454,-,-,Unknown,-,hypothetical protein,protein-coding,-,-,-,-,20151104,-
1043004,25411783,M436DRAFT_53465,M436DRAFT_53465,-,-,Unknown,-,NPD-domain-containing protein,protein-coding,-,-,-,-,20151212,-
1043004,25411784,M436DRAFT_53466,M436DRAFT_53466,-,-,Unknown,-,tRNA-dihydrouridine synthase,protein-coding,-,-,-,-,20160917,-
1043004,25411785,M436DRAFT_53476,M436DRAFT_53476,-,-,Unknown,-,hypothetical protein,protein-coding,-,-,-,-,20151212,-
1043004,25411786,M436DRAFT_53482,M436DRAFT_53482,-,-,Unknown,-,hydrolase,protein-coding,-,-,-,-,20160917,-
1043004,25411787,M436DRAFT_53484,M436DRAFT_53484,-,-,Unknown,-,alpha/beta-hydrolase,protein-coding,-,-,-,-,20160917,-
1043004,25411788,M436DRAFT_53485,M436DRAFT_53485,-,-,Unknown,-,hypothetical protein,protein-coding,-,-,-,-,20151212,-
1043004,25411789,M436DRAFT_53504,M436DRAFT_53504,-,-,Unknown,-,hypothetical protein,protein-coding,-,-,-,-,20151212,-
1043004,25411790,M436DRAFT_53505,M436DRAFT_53505,-,-,Unknown,-,mitochondrial-processing peptidase-like protein subunit beta,protein-coding,-,-,-,-,20160917,-
1043004,25411791,M436DRAFT_53515,M436DRAFT_53515,-,-,Unknown,-,hypothetical protein,protein-coding,-,-,-,-,20151212,-
1043004,25411792,M436DRAFT_53518,M436DRAFT_53518,-,-,Unknown,-,CRAL/TRIO domain-containing protein,protein-coding,-,-,-,-,20151212,-
1043004,25411793,M436DRAFT_53532,M436DRAFT_53532,-,-,Unknown,-,multiple inositol polyphosphate phosphatase,protein-coding,-,-,-,-,20160917,-
1043004,25411794,M436DRAFT_53543,M436DRAFT_53543,-,-,Unknown,-,S-adenosyl-L-methionine-dependent methyltransferase,protein-coding,-,-,-,-,20160917,-
1043004,25411795,M436DRAFT_53548,M436DRAFT_53548,-,-,Unknown,-,amino acid transporter,protein-coding,-,-,-,-,20160917,-
1043004,25411796,M436DRAFT_53552,M436DRAFT_53552,-,-,Unknown,-,hypothetical protein,protein-coding,-,-,-,-,20160917,-
1043004,25411797,M436DRAFT_53559,M436DRAFT_53559,-,-,Unknown,-,hypothetical protein,protein-coding,-,-,-,-,20160917,-
1043004,25411798,M436DRAFT_53560,M436DRAFT_53560,-,-,Unknown,-,actin family protein,protein-coding,-,-,-,-,20160917,-
1043004,25411799,M436DRAFT_53561,M436DRAFT_53561,-,-,Unknown,-,hypothetical protein,protein-coding,-,-,-,-,20151104,-
1043004,25411800,M436DRAFT_53568,M436DRAFT_53568,-,-,Unknown,-,hypothetical protein,protein-coding,-,-,-,-,20151212,-
1043004,25411801,M436DRAFT_53570,M436DRAFT_53570,-,-,Unknown,-,phospho-2-dehydro-3-deoxyheptonate aldolase,protein-coding,-,-,-,-,20160325,-
1043004,25411802,M436DRAFT_53573,M436DRAFT_53573,-,-,Unknown,-,galactokinase-like protein,protein-coding,-,-,-,-,20160917,-
1043004,25411803,M436DRAFT_53579,M436DRAFT_53579,-,-,Unknown,-,putative ABC transporter,protein-coding,-,-,-,-,20160917,-
1043004,25411804,M436DRAFT_53580,M436DRAFT_53580,-,-,Unknown,-,hypothetical protein,protein-coding,-,-,-,-,20160325,-
1043004,25411805,M436DRAFT_53586,M436DRAFT_53586,-,-,Unknown,-,alcohol oxidase,protein-coding,-,-,-,-,20160917,-
1043004,25411806,M436DRAFT_53593,M436DRAFT_53593,-,-,Unknown,-,hypothetical protein,protein-coding,-,-,-,-,20151212,-
1043004,25411807,M436DRAFT_53610,M436DRAFT_53610,-,-,Unknown,-,NAD(P)-binding protein,protein-coding,-,-,-,-,20160917,-
1043004,25411808,M436DRAFT_53611,M436DRAFT_53611,-,-,Unknown,-,hypothetical protein,protein-coding,-,-,-,-,20151104,-
1043004,25411809,M436DRAFT_53613,M436DRAFT_53613,-,-,Unknown,-,Metallo-hydrolase/oxidoreductase,protein-coding,-,-,-,-,20160917,-
1043004,25411810,M436DRAFT_53615,M436DRAFT_53615,-,-,Unknown,-,DNA glycosylase,protein-coding,-,-,-,-,20151212,-
1043004,25411811,M436DRAFT_53616,M436DRAFT_53616,-,-,Unknown,-,UBC-like protein,protein-coding,-,-,-,-,20151212,-
1043004,25411812,M436DRAFT_53619,M436DRAFT_53619,-,-,Unknown,-,hypothetical protein,protein-coding,-,-,-,-,20151104,-
1043004,25411813,M436DRAFT_53624,M436DRAFT_53624,-,-,Unknown,-,Metallo-dependent phosphatase,protein-coding,-,-,-,-,20160917,-
1043004,25411814,M436DRAFT_53632,M436DRAFT_53632,-,-,Unknown,-,Clavaminate synthase-like protein,protein-coding,-,-,-,-,20160917,-
1043004,25411815,M436DRAFT_53633,M436DRAFT_53633,-,-,Unknown,-,hypothetical protein,protein-coding,-,-,-,-,20151104,-
1043004,25411816,M436DRAFT_53638,M436DRAFT_53638,-,-,Unknown,-,hypothetical protein,protein-coding,-,-,-,-,20160917,-
1043004,25411817,M436DRAFT_53643,M436DRAFT_53643,-,-,Unknown,-,Bet v1-like protein,protein-coding,-,-,-,-,20160917,-
1043004,25411818,M436DRAFT_53645,M436DRAFT_53645,-,-,Unknown,-,Vip1 protein,protein-coding,-,-,-,-,20160917,-
1043004,25411819,M436DRAFT_53649,M436DRAFT_53649,-,-,Unknown,-,Aldo/keto reductase,protein-coding,-,-,-,-,20160917,-
1043004,25411820,M436DRAFT_53653,M436DRAFT_53653,-,-,Unknown,-,proteasome regulatory particle subunit RPT6,protein-coding,-,-,-,-,20160917,-
1043004,25411821,M436DRAFT_53671,M436DRAFT_53671,-,-,Unknown,-,Thioesterase/thiol ester dehydrase-isomerase,protein-coding,-,-,-,-,20160917,-
1043004,25411822,M436DRAFT_53674,M436DRAFT_53674,-,-,Unknown,-,cyclin-like protein,protein-coding,-,-,-,-,20151212,-
1043004,25411823,M436DRAFT_53675,M436DRAFT_53675,-,-,Unknown,-,t-complex protein 1 subunit delta,protein-coding,-,-,-,-,20160917,-
1043004,25411824,M436DRAFT_53680,M436DRAFT_53680,-,-,Unknown,-,DUF1793-domain-containing protein,protein-coding,-,-,-,-,20160917,-
1043004,25411825,M436DRAFT_53689,M436DRAFT_53689,-,-,Unknown,-,alpha/beta-hydrolase,protein-coding,-,-,-,-,20160917,-
1043004,25411826,M436DRAFT_53690,M436DRAFT_53690,-,-,Unknown,-,hypothetical protein,protein-coding,-,-,-,-,20151104,-
1043004,25411827,M436DRAFT_53692,M436DRAFT_53692,-,-,Unknown,-,hypothetical protein,protein-coding,-,-,-,-,20160917,-
1043004,25411828,M436DRAFT_53694,M436DRAFT_53694,-,-,Unknown,-,MFS general substrate transporter,protein-coding,-,-,-,-,20160917,-
1043004,25411829,M436DRAFT_53700,M436DRAFT_53700,-,-,Unknown,-,cytosine-purine permease,protein-coding,-,-,-,-,20160917,-
1043004,25411830,M436DRAFT_53712,M436DRAFT_53712,-,-,Unknown,-,large subunit of L-aminoadipate-semialdehyde dehydrogenase,protein-coding,-,-,-,-,20160917,-
1043004,25411831,M436DRAFT_53718,M436DRAFT_53718,-,-,Unknown,-,Trimethyllysine dioxygenase,protein-coding,-,-,-,-,20160917,-
1043004,25411832,M436DRAFT_53720,M436DRAFT_53720,-,-,Unknown,-,"cathecol 1,2-dioxygenase",protein-coding,-,-,-,-,20151212,-
1043004,25411833,M436DRAFT_53727,M436DRAFT_53727,-,-,Unknown,-,hypothetical protein,protein-coding,-,-,-,-,20160917,-
1043004,25411834,M436DRAFT_53738,M436DRAFT_53738,-,-,Unknown,-,SCA7-domain-containing protein,protein-coding,-,-,-,-,20160917,-
1043004,25411835,M436DRAFT_53741,M436DRAFT_53741,-,-,Unknown,-,Formyltetrahydrofolate deformylase,protein-coding,-,-,-,-,20151212,-
1043004,25411836,M436DRAFT_53744,M436DRAFT_53744,-,-,Unknown,-,purine and uridine phosphorylase,protein-coding,-,-,-,-,20160917,-
1043004,25411837,M436DRAFT_53753,M436DRAFT_53753,-,-,Unknown,-,pantothenate kinase 4,protein-coding,-,-,-,-,20160917,-
1043004,25411838,M436DRAFT_53758,M436DRAFT_53758,-,-,Unknown,-,tRNA specific adenosine deaminase,protein-coding,-,-,-,-,20160917,-
1043004,25411839,M436DRAFT_53761,M436DRAFT_53761,-,-,Unknown,-,hypothetical protein,protein-coding,-,-,-,-,20151104,-
1043004,25411840,M436DRAFT_53762,M436DRAFT_53762,-,-,Unknown,-,hypothetical protein,protein-coding,-,-,-,-,20151104,-
1043004,25411841,M436DRAFT_53764,M436DRAFT_53764,-,-,Unknown,-,alpha/beta-hydrolase,protein-coding,-,-,-,-,20160917,-
1043004,25411842,M436DRAFT_53766,M436DRAFT_53766,-,-,Unknown,-,DUF833-domain-containing protein,protein-coding,-,-,-,-,20160917,-
1043004,25411843,M436DRAFT_53771,M436DRAFT_53771,-,-,Unknown,-,hypothetical protein,protein-coding,-,-,-,-,20160917,-
1043004,25411844,M436DRAFT_53772,M436DRAFT_53772,-,-,Unknown,-,glycoside hydrolase,protein-coding,-,-,-,-,20160917,-
1043004,25411845,M436DRAFT_53774,M436DRAFT_53774,-,-,Unknown,-,hypothetical protein,protein-coding,-,-,-,-,20160917,-
1043004,25411846,M436DRAFT_53784,M436DRAFT_53784,-,-,Unknown,-,hypothetical protein,protein-coding,-,-,-,-,20160917,-
1043004,25411847,M436DRAFT_53789,M436DRAFT_53789,-,-,Unknown,-,hypothetical protein,protein-coding,-,-,-,-,20160917,-
1043004,25411848,M436DRAFT_53798,M436DRAFT_53798,-,-,Unknown,-,succinate--CoA ligase subunit beta,protein-coding,-,-,-,-,20160917,-
1043004,25411849,M436DRAFT_53800,M436DRAFT_53800,-,-,Unknown,-,hypothetical protein,protein-coding,-,-,-,-,20151212,-
1043004,25411850,M436DRAFT_53803,M436DRAFT_53803,-,-,Unknown,-,MFS transporter,protein-coding,-,-,-,-,20151212,-
1043004,25411851,M436DRAFT_53808,M436DRAFT_53808,-,-,Unknown,-,hypothetical protein,protein-coding,-,-,-,-,20160917,-
1043004,25411852,M436DRAFT_53815,M436DRAFT_53815,-,-,Unknown,-,hypothetical protein,protein-coding,-,-,-,-,20151104,-
1043004,25411853,M436DRAFT_53818,M436DRAFT_53818,-,-,Unknown,-,hypothetical protein,protein-coding,-,-,-,-,20151104,-
1043004,25411854,M436DRAFT_53819,M436DRAFT_53819,-,-,Unknown,-,26S proteasome subunit P45,protein-coding,-,-,-,-,20160917,-
1043004,25411855,M436DRAFT_53832,M436DRAFT_53832,-,-,Unknown,-,Adaptor protein complex AP-2 alpha subunit,protein-coding,-,-,-,-,20160917,-
1043004,25411856,M436DRAFT_53835,M436DRAFT_53835,-,-,Unknown,-,hypothetical protein,protein-coding,-,-,-,-,20160917,-
1043004,25411857,M436DRAFT_53854,M436DRAFT_53854,-,-,Unknown,-,hypothetical protein,protein-coding,-,-,-,-,20151212,-
1043004,25411858,M436DRAFT_53858,M436DRAFT_53858,-,-,Unknown,-,cutinase,protein-coding,-,-,-,-,20160917,-
1043004,25411859,M436DRAFT_53860,M436DRAFT_53860,-,-,Unknown,-,serine/threonine protein kinase-like protein,protein-coding,-,-,-,-,20151212,-
1043004,25411860,M436DRAFT_53862,M436DRAFT_53862,-,-,Unknown,-,hypothetical protein,protein-coding,-,-,-,-,20151104,-
1043004,25411861,M436DRAFT_53867,M436DRAFT_53867,-,-,Unknown,-,hypothetical protein,protein-coding,-,-,-,-,20160917,-
1043004,25411862,M436DRAFT_53870,M436DRAFT_53870,-,-,Unknown,-,hypothetical protein,protein-coding,-,-,-,-,20160917,-
1043004,25411863,M436DRAFT_53901,M436DRAFT_53901,-,-,Unknown,-,"beta ketoadipyl CoA thiolase, TH2",protein-coding,-,-,-,-,20151212,-
1043004,25411864,M436DRAFT_53903,M436DRAFT_53903,-,-,Unknown,-,hypothetical protein,protein-coding,-,-,-,-,20160325,-
1043004,25411865,M436DRAFT_53917,M436DRAFT_53917,-,-,Unknown,-,hypothetical protein,protein-coding,-,-,-,-,20160917,-
1043004,25411866,M436DRAFT_53919,M436DRAFT_53919,-,-,Unknown,-,hypothetical protein,protein-coding,-,-,-,-,20160917,-
1043004,25411867,M436DRAFT_53921,M436DRAFT_53921,-,-,Unknown,-,TspO/MBR-related protein,protein-coding,-,-,-,-,20160917,-
1043004,25411868,M436DRAFT_53922,M436DRAFT_53922,-,-,Unknown,-,hypothetical protein,protein-coding,-,-,-,-,20151212,-
1043004,25411869,M436DRAFT_53925,M436DRAFT_53925,-,-,Unknown,-,VAMP-associated protein,protein-coding,-,-,-,-,20160917,-
1043004,25411870,M436DRAFT_53929,M436DRAFT_53929,-,-,Unknown,-,kinase-like protein,protein-coding,-,-,-,-,20160917,-
1043004,25411871,M436DRAFT_53939,M436DRAFT_53939,-,-,Unknown,-,cytosolic Fe-S cluster assembly factor NAR1,protein-coding,-,-,-,-,20160917,-
1043004,25411872,M436DRAFT_53945,M436DRAFT_53945,-,-,Unknown,-,nucleic acid-binding protein,protein-coding,-,-,-,-,20151212,-
1043004,25411873,M436DRAFT_53954,M436DRAFT_53954,-,-,Unknown,-,hypothetical protein,protein-coding,-,-,-,-,20160917,-
1043004,25411874,M436DRAFT_53959,M436DRAFT_53959,-,-,Unknown,-,phosphatidylethanolamine N-methyltransferase,protein-coding,-,-,-,-,20160917,-
1043004,25411875,M436DRAFT_53960,M436DRAFT_53960,-,-,Unknown,-,hypothetical protein,protein-coding,-,-,-,-,20160917,-
1043004,25411876,M436DRAFT_53965,M436DRAFT_53965,-,-,Unknown,-,hypothetical protein,protein-coding,-,-,-,-,20160917,-
1043004,25411877,M436DRAFT_53973,M436DRAFT_53973,-,-,Unknown,-,thioredoxin-like protein,protein-coding,-,-,-,-,20151212,-
1043004,25411878,M436DRAFT_53978,M436DRAFT_53978,-,-,Unknown,-,purple acid phosphatase,protein-coding,-,-,-,-,20160917,-
1043004,25411879,M436DRAFT_53984,M436DRAFT_53984,-,-,Unknown,-,hypothetical protein,protein-coding,-,-,-,-,20151104,-
1043004,25411880,M436DRAFT_53988,M436DRAFT_53988,-,-,Unknown,-,GroES-like protein,protein-coding,-,-,-,-,20151212,-
1043004,25411881,M436DRAFT_53997,M436DRAFT_53997,-,-,Unknown,-,putative P450 monooxygenase,protein-coding,-,-,-,-,20160917,-
1043004,25411882,M436DRAFT_54001,M436DRAFT_54001,-,-,Unknown,-,hypothetical protein,protein-coding,-,-,-,-,20151104,-
1043004,25411883,M436DRAFT_54004,M436DRAFT_54004,-,-,Unknown,-,TPR repeat protein-like protein,protein-coding,-,-,-,-,20160917,-
1043004,25411884,M436DRAFT_54007,M436DRAFT_54007,-,-,Unknown,-,hypothetical protein,protein-coding,-,-,-,-,20151104,-
1043004,25411885,M436DRAFT_54009,M436DRAFT_54009,-,-,Unknown,-,hypothetical protein,protein-coding,-,-,-,-,20151104,-
1043004,25411886,M436DRAFT_54013,M436DRAFT_54013,-,-,Unknown,-,alpha/beta-hydrolase,protein-coding,-,-,-,-,20160917,-
1043004,25411887,M436DRAFT_54016,M436DRAFT_54016,-,-,Unknown,-,elongation factor 1 gamma,protein-coding,-,-,-,-,20160325,-
1043004,25411888,M436DRAFT_54031,M436DRAFT_54031,-,-,Unknown,-,RmlC-like cupin,protein-coding,-,-,-,-,20160917,-
1043004,25411889,M436DRAFT_54037,M436DRAFT_54037,-,-,Unknown,-,hypothetical protein,protein-coding,-,-,-,-,20160917,-
1043004,25411890,M436DRAFT_54038,M436DRAFT_54038,-,-,Unknown,-,NAD(P)-binding protein,protein-coding,-,-,-,-,20151212,-
1043004,25411891,M436DRAFT_54042,M436DRAFT_54042,-,-,Unknown,-,DnaJ-domain-containing protein,protein-coding,-,-,-,-,20160917,-
1043004,25411892,M436DRAFT_54045,M436DRAFT_54045,-,-,Unknown,-,NAD(P)-binding protein,protein-coding,-,-,-,-,20151212,-
1043004,25411893,M436DRAFT_54055,M436DRAFT_54055,-,-,Unknown,-,hypothetical protein,protein-coding,-,-,-,-,20160917,-
1043004,25411894,M436DRAFT_54067,M436DRAFT_54067,-,-,Unknown,-,hypothetical protein,protein-coding,-,-,-,-,20151104,-
1043004,25411895,M436DRAFT_54081,M436DRAFT_54081,-,-,Unknown,-,PLC-like phosphodiesterase,protein-coding,-,-,-,-,20151212,-
1043004,25411896,M436DRAFT_54086,M436DRAFT_54086,-,-,Unknown,-,transmembrane protein 85,protein-coding,-,-,-,-,20160917,-
1043004,25411897,M436DRAFT_54089,M436DRAFT_54089,-,-,Unknown,-,hypothetical protein,protein-coding,-,-,-,-,20160917,-
1043004,25411898,M436DRAFT_54100,M436DRAFT_54100,-,-,Unknown,-,hypothetical protein,protein-coding,-,-,-,-,20160917,-
1043004,25411899,M436DRAFT_54103,M436DRAFT_54103,-,-,Unknown,-,Vps36-domain-containing protein,protein-coding,-,-,-,-,20160917,-
1043004,25411900,M436DRAFT_54104,M436DRAFT_54104,-,-,Unknown,-,hypothetical protein,protein-coding,-,-,-,-,20151104,-
1043004,25411901,M436DRAFT_54108,M436DRAFT_54108,-,-,Unknown,-,NAD(P)-binding protein,protein-coding,-,-,-,-,20160917,-
1043004,25411902,M436DRAFT_54116,M436DRAFT_54116,-,-,Unknown,-,alpha/beta-hydrolase,protein-coding,-,-,-,-,20160917,-
1043004,25411903,M436DRAFT_54118,M436DRAFT_54118,-,-,Unknown,-,hypothetical protein,protein-coding,-,-,-,-,20160917,-
1043004,25411904,M436DRAFT_54119,M436DRAFT_54119,-,-,Unknown,-,DNA glycosylase,protein-coding,-,-,-,-,20160325,-
1043004,25411905,M436DRAFT_54130,M436DRAFT_54130,-,-,Unknown,-,hypothetical protein,protein-coding,-,-,-,-,20151104,-
1043004,25411906,M436DRAFT_54134,M436DRAFT_54134,-,-,Unknown,-,hypothetical protein,protein-coding,-,-,-,-,20151104,-
1043004,25411907,M436DRAFT_54139,M436DRAFT_54139,-,-,Unknown,-,DltD N-terminal domain protein,protein-coding,-,-,-,-,20160917,-
1043004,25411908,M436DRAFT_54142,M436DRAFT_54142,-,-,Unknown,-,protein get1,protein-coding,-,-,-,-,20160917,-
1043004,25411909,M436DRAFT_54145,M436DRAFT_54145,-,-,Unknown,-,hypothetical protein,protein-coding,-,-,-,-,20160917,-
1043004,25411910,M436DRAFT_54153,M436DRAFT_54153,-,-,Unknown,-,hypothetical protein,protein-coding,-,-,-,-,20151104,-
1043004,25411911,M436DRAFT_54157,M436DRAFT_54157,-,-,Unknown,-,putative cytochrome 52A4,protein-coding,-,-,-,-,20160917,-
1043004,25411912,M436DRAFT_54176,M436DRAFT_54176,-,-,Unknown,-,methionine synthase,protein-coding,-,-,-,-,20160917,-
1043004,25411913,M436DRAFT_54179,M436DRAFT_54179,-,-,Unknown,-,mitochondrial carrier,protein-coding,-,-,-,-,20160917,-
1043004,25411914,M436DRAFT_54182,M436DRAFT_54182,-,-,Unknown,-,zf-DNL-domain-containing protein,protein-coding,-,-,-,-,20160917,-
1043004,25411915,M436DRAFT_54184,M436DRAFT_54184,-,-,Unknown,-,hypothetical protein,protein-coding,-,-,-,-,20160917,-
1043004,25411916,M436DRAFT_54185,M436DRAFT_54185,-,-,Unknown,-,subtilisin-like protein,protein-coding,-,-,-,-,20160917,-
1043004,25411917,M436DRAFT_54190,M436DRAFT_54190,-,-,Unknown,-,4-aminobutyrate aminotransferase,protein-coding,-,-,-,-,20160917,-
1043004,25411918,M436DRAFT_54203,M436DRAFT_54203,-,-,Unknown,-,hypothetical protein,protein-coding,-,-,-,-,20160917,-
1043004,25411919,M436DRAFT_54207,M436DRAFT_54207,-,-,Unknown,-,thioredoxin-like protein,protein-coding,-,-,-,-,20151212,-
1043004,25411920,M436DRAFT_54210,M436DRAFT_54210,-,-,Unknown,-,hypothetical protein,protein-coding,-,-,-,-,20151104,-
1043004,25411921,M436DRAFT_54211,M436DRAFT_54211,-,-,Unknown,-,actin-like ATPase domain-containing protein,protein-coding,-,-,-,-,20160917,-
1043004,25411922,M436DRAFT_54215,M436DRAFT_54215,-,-,Unknown,-,hypothetical protein,protein-coding,-,-,-,-,20160917,-
1043004,25411923,M436DRAFT_54220,M436DRAFT_54220,-,-,Unknown,-,DUF580-domain-containing protein,protein-coding,-,-,-,-,20160917,-
1043004,25411924,M436DRAFT_54231,M436DRAFT_54231,-,-,Unknown,-,ras small GTPase,protein-coding,-,-,-,-,20160917,-
1043004,25411925,M436DRAFT_54236,M436DRAFT_54236,-,-,Unknown,-,NADPH-cytochrome P450 reductase-like protein,protein-coding,-,-,-,-,20160917,-
1043004,25411926,M436DRAFT_54240,M436DRAFT_54240,-,-,Unknown,-,DUF1242-domain-containing protein,protein-coding,-,-,-,-,20160917,-
1043004,25411927,M436DRAFT_54242,M436DRAFT_54242,-,-,Unknown,-,cytochrome P450,protein-coding,-,-,-,-,20160917,-
1043004,25411928,M436DRAFT_54243,M436DRAFT_54243,-,-,Unknown,-,FMN-linked oxidoreductase,protein-coding,-,-,-,-,20151212,-
1043004,25411929,M436DRAFT_54247,M436DRAFT_54247,-,-,Unknown,-,hypothetical protein,protein-coding,-,-,-,-,20160917,-
1043004,25411930,M436DRAFT_54251,M436DRAFT_54251,-,-,Unknown,-,hypothetical protein,protein-coding,-,-,-,-,20160917,-
1043004,25411931,M436DRAFT_54253,M436DRAFT_54253,-,-,Unknown,-,hypothetical protein,protein-coding,-,-,-,-,20160917,-
1043004,25411932,M436DRAFT_54259,M436DRAFT_54259,-,-,Unknown,-,DEAD-domain-containing protein,protein-coding,-,-,-,-,20160917,-
1043004,25411933,M436DRAFT_54267,M436DRAFT_54267,-,-,Unknown,-,Nop domain-containing protein,protein-coding,-,-,-,-,20160917,-
1043004,25411934,M436DRAFT_54270,M436DRAFT_54270,-,-,Unknown,-,oligosaccharyltransferase alpha subunit,protein-coding,-,-,-,-,20160917,-
1043004,25411935,M436DRAFT_54286,M436DRAFT_54286,-,-,Unknown,-,hypothetical protein,protein-coding,-,-,-,-,20151104,-
1043004,25411936,M436DRAFT_54287,M436DRAFT_54287,-,-,Unknown,-,MT-A70-domain-containing protein,protein-coding,-,-,-,-,20160917,-
1043004,25411937,M436DRAFT_54299,M436DRAFT_54299,-,-,Unknown,-,hypothetical protein,protein-coding,-,-,-,-,20151212,-
1043004,25411938,M436DRAFT_54300,M436DRAFT_54300,-,-,Unknown,-,Phosphoribosylaminoimidazole carboxylase,protein-coding,-,-,-,-,20160917,-
1043004,25411939,M436DRAFT_54301,M436DRAFT_54301,-,-,Unknown,-,hypothetical protein,protein-coding,-,-,-,-,20160917,-
1043004,25411940,M436DRAFT_54302,M436DRAFT_54302,-,-,Unknown,-,FAD/NAD(P)-binding domain-containing protein,protein-coding,-,-,-,-,20160917,-
1043004,25411941,M436DRAFT_54303,M436DRAFT_54303,-,-,Unknown,-,snare-like protein,protein-coding,-,-,-,-,20151212,-
1043004,25411942,M436DRAFT_54319,M436DRAFT_54319,-,-,Unknown,-,hypothetical protein,protein-coding,-,-,-,-,20160917,-
1043004,25411943,M436DRAFT_54334,M436DRAFT_54334,-,-,Unknown,-,heme peroxidase,protein-coding,-,-,-,-,20160917,-
1043004,25411944,M436DRAFT_54340,M436DRAFT_54340,-,-,Unknown,-,hypothetical protein,protein-coding,-,-,-,-,20160325,-
1043004,25411945,M436DRAFT_54344,M436DRAFT_54344,-,-,Unknown,-,hypothetical protein,protein-coding,-,-,-,-,20151212,-
1043004,25411946,M436DRAFT_54355,M436DRAFT_54355,-,-,Unknown,-,hypothetical protein,protein-coding,-,-,-,-,20160917,-
1043004,25411947,M436DRAFT_54361,M436DRAFT_54361,-,-,Unknown,-,hypothetical protein,protein-coding,-,-,-,-,20151104,-
1043004,25411948,M436DRAFT_54364,M436DRAFT_54364,-,-,Unknown,-,WD repeat-containing protein,protein-coding,-,-,-,-,20160917,-
1043004,25411949,M436DRAFT_54380,M436DRAFT_54380,-,-,Unknown,-,hypothetical protein,protein-coding,-,-,-,-,20160917,-
1043004,25411950,M436DRAFT_54381,M436DRAFT_54381,-,-,Unknown,-,hypothetical protein,protein-coding,-,-,-,-,20160917,-
1043004,25411951,M436DRAFT_54383,M436DRAFT_54383,-,-,Unknown,-,hypothetical protein,protein-coding,-,-,-,-,20160917,-
1043004,25411952,M436DRAFT_54391,M436DRAFT_54391,-,-,Unknown,-,hypothetical protein,protein-coding,-,-,-,-,20160917,-
1043004,25411953,M436DRAFT_54413,M436DRAFT_54413,-,-,Unknown,-,hypothetical protein,protein-coding,-,-,-,-,20151104,-
1043004,25411954,M436DRAFT_54417,M436DRAFT_54417,-,-,Unknown,-,kinase-like protein,protein-coding,-,-,-,-,20160917,-
1043004,25411955,M436DRAFT_54419,M436DRAFT_54419,-,-,Unknown,-,putative mitochondrial Hsp70 chaperone,protein-coding,-,-,-,-,20160917,-
1043004,25411956,M436DRAFT_54422,M436DRAFT_54422,-,-,Unknown,-,Rtt106-domain-containing protein,protein-coding,-,-,-,-,20160917,-
1043004,25411957,M436DRAFT_54428,M436DRAFT_54428,-,-,Unknown,-,hypothetical protein,protein-coding,-,-,-,-,20151104,-
1043004,25411958,M436DRAFT_54436,M436DRAFT_54436,-,-,Unknown,-,hypothetical protein,protein-coding,-,-,-,-,20151104,-
1043004,25411959,M436DRAFT_54463,M436DRAFT_54463,-,-,Unknown,-,hypothetical protein,protein-coding,-,-,-,-,20160917,-
1043004,25411960,M436DRAFT_54472,M436DRAFT_54472,-,-,Unknown,-,hypothetical protein,protein-coding,-,-,-,-,20151212,-
1043004,25411961,M436DRAFT_54474,M436DRAFT_54474,-,-,Unknown,-,Pkinase-domain-containing protein,protein-coding,-,-,-,-,20151212,-
1043004,25411962,M436DRAFT_54475,M436DRAFT_54475,-,-,Unknown,-,hypothetical protein,protein-coding,-,-,-,-,20160917,-
1043004,25411963,M436DRAFT_54484,M436DRAFT_54484,-,-,Unknown,-,amidohydrolase 2,protein-coding,-,-,-,-,20160917,-
1043004,25411964,M436DRAFT_54488,M436DRAFT_54488,-,-,Unknown,-,hypothetical protein,protein-coding,-,-,-,-,20160917,-
1043004,25411965,M436DRAFT_54492,M436DRAFT_54492,-,-,Unknown,-,ribosomal protein L17,protein-coding,-,-,-,-,20160917,-
1043004,25411966,M436DRAFT_54507,M436DRAFT_54507,-,-,Unknown,-,general substrate transporter,protein-coding,-,-,-,-,20160917,-
1043004,25411967,M436DRAFT_54524,M436DRAFT_54524,-,-,Unknown,-,hypothetical protein,protein-coding,-,-,-,-,20160325,-
1043004,25411968,M436DRAFT_54528,M436DRAFT_54528,-,-,Unknown,-,Oxysterol-binding protein,protein-coding,-,-,-,-,20160917,-
1043004,25411969,M436DRAFT_54532,M436DRAFT_54532,-,-,Unknown,-,FAD/NAD(P)-binding domain-containing protein,protein-coding,-,-,-,-,20160917,-
1043004,25411970,M436DRAFT_54535,M436DRAFT_54535,-,-,Unknown,-,hypothetical protein,protein-coding,-,-,-,-,20160917,-
1043004,25411971,M436DRAFT_54539,M436DRAFT_54539,-,-,Unknown,-,hypothetical protein,protein-coding,-,-,-,-,20200919,-
1043004,25411972,M436DRAFT_54540,M436DRAFT_54540,-,-,Unknown,-,hypothetical protein,protein-coding,-,-,-,-,20160917,-
1043004,25411973,M436DRAFT_54548,M436DRAFT_54548,-,-,Unknown,-,F-box/WD repeat-containing protein pof1,protein-coding,-,-,-,-,20160917,-
1043004,25411974,M436DRAFT_54551,M436DRAFT_54551,-,-,Unknown,-,FAD/NAD(P)-binding domain-containing protein,protein-coding,-,-,-,-,20160917,-
1043004,25411975,M436DRAFT_54554,M436DRAFT_54554,-,-,Unknown,-,formate/nitrate family transporter,protein-coding,-,-,-,-,20160917,-
1043004,25411976,M436DRAFT_54557,M436DRAFT_54557,-,-,Unknown,-,TOR1 phosphatidylinositol 3-kinase,protein-coding,-,-,-,-,20160917,-
1043004,25411977,M436DRAFT_54569,M436DRAFT_54569,-,-,Unknown,-,hypothetical protein,protein-coding,-,-,-,-,20151104,-
1043004,25411978,M436DRAFT_54578,M436DRAFT_54578,-,-,Unknown,-,hypothetical protein,protein-coding,-,-,-,-,20160917,-
1043004,25411979,M436DRAFT_54609,M436DRAFT_54609,-,-,Unknown,-,RabGAP/TBC,protein-coding,-,-,-,-,20151212,-
1043004,25411980,M436DRAFT_54611,M436DRAFT_54611,-,-,Unknown,-,ARM repeat-containing protein,protein-coding,-,-,-,-,20160917,-
1043004,25411981,M436DRAFT_54621,M436DRAFT_54621,-,-,Unknown,-,U3 small nucleolar RNA-associated protein,protein-coding,-,-,-,-,20160917,-
1043004,25411982,M436DRAFT_54623,M436DRAFT_54623,-,-,Unknown,-,cytochrome P450,protein-coding,-,-,-,-,20160917,-
1043004,25411983,M436DRAFT_54633,M436DRAFT_54633,-,-,Unknown,-,Ca2+/calmodulin-dependent protein kinase,protein-coding,-,-,-,-,20151212,-
1043004,25411984,M436DRAFT_54656,M436DRAFT_54656,-,-,Unknown,-,MFS general substrate transporter,protein-coding,-,-,-,-,20160917,-
1043004,25411985,M436DRAFT_54659,M436DRAFT_54659,-,-,Unknown,-,cysteine proteinase,protein-coding,-,-,-,-,20160917,-
1043004,25411986,M436DRAFT_54661,M436DRAFT_54661,-,-,Unknown,-,hypothetical protein,protein-coding,-,-,-,-,20151212,-
1043004,25411987,M436DRAFT_54667,M436DRAFT_54667,-,-,Unknown,-,40S ribosomal protein S21,protein-coding,-,-,-,-,20160917,-
1043004,25411988,M436DRAFT_54678,M436DRAFT_54678,-,-,Unknown,-,hypothetical protein,protein-coding,-,-,-,-,20160917,-
1043004,25411989,M436DRAFT_54699,M436DRAFT_54699,-,-,Unknown,-,hypothetical protein,protein-coding,-,-,-,-,20160917,-
1043004,25411990,M436DRAFT_54713,M436DRAFT_54713,-,-,Unknown,-,gcn5-related n-acetyltransferase,protein-coding,-,-,-,-,20160917,-
1043004,25411991,M436DRAFT_54715,M436DRAFT_54715,-,-,Unknown,-,hypothetical protein,protein-coding,-,-,-,-,20160917,-
1043004,25411992,M436DRAFT_54722,M436DRAFT_54722,-,-,Unknown,-,HlyIII-domain-containing protein,protein-coding,-,-,-,-,20160917,-
1043004,25411993,M436DRAFT_54733,M436DRAFT_54733,-,-,Unknown,-,NADH-ubiquinone oxidoreductase-like protein 21 kDa subunit,protein-coding,-,-,-,-,20160917,-
1043004,25411994,M436DRAFT_54762,M436DRAFT_54762,-,-,Unknown,-,hypothetical protein,protein-coding,-,-,-,-,20151104,-
1043004,25411995,M436DRAFT_54763,M436DRAFT_54763,-,-,Unknown,-,hypothetical protein,protein-coding,-,-,-,-,20160917,-
1043004,25411996,M436DRAFT_54764,M436DRAFT_54764,-,-,Unknown,-,GTPase-activator protein for ras-like GTPase,protein-coding,-,-,-,-,20160917,-
1043004,25411997,M436DRAFT_54766,M436DRAFT_54766,-,-,Unknown,-,hypothetical protein,protein-coding,-,-,-,-,20151104,-
1043004,25411998,M436DRAFT_54775,M436DRAFT_54775,-,-,Unknown,-,Bromodomain-domain-containing protein,protein-coding,-,-,-,-,20151212,-
1043004,25411999,M436DRAFT_54785,M436DRAFT_54785,-,-,Unknown,-,hypothetical protein,protein-coding,-,-,-,-,20160917,-
1043004,25412000,M436DRAFT_54810,M436DRAFT_54810,-,-,Unknown,-,putative beta-glucosidase,protein-coding,-,-,-,-,20160917,-
1043004,25412001,M436DRAFT_54814,M436DRAFT_54814,-,-,Unknown,-,ARM repeat-containing protein,protein-coding,-,-,-,-,20160917,-
1043004,25412002,M436DRAFT_54818,M436DRAFT_54818,-,-,Unknown,-,putative ATP-dependent RNA helicase,protein-coding,-,-,-,-,20151212,-
1043004,25412003,M436DRAFT_54827,M436DRAFT_54827,-,-,Unknown,-,hypothetical protein,protein-coding,-,-,-,-,20160917,-
1043004,25412004,M436DRAFT_54836,M436DRAFT_54836,-,-,Unknown,-,ion channel,protein-coding,-,-,-,-,20160917,-
1043004,25412005,M436DRAFT_54839,M436DRAFT_54839,-,-,Unknown,-,Arabinanase/levansucrase/invertase,protein-coding,-,-,-,-,20160917,-
1043004,25412006,M436DRAFT_54841,M436DRAFT_54841,-,-,Unknown,-,NTF2-like protein,protein-coding,-,-,-,-,20160917,-
1043004,25412007,M436DRAFT_54849,M436DRAFT_54849,-,-,Unknown,-,Aldo/keto reductase,protein-coding,-,-,-,-,20160917,-
1043004,25412008,M436DRAFT_54851,M436DRAFT_54851,-,-,Unknown,-,hypothetical protein,protein-coding,-,-,-,-,20160917,-
1043004,25412009,M436DRAFT_54852,M436DRAFT_54852,-,-,Unknown,-,putative Ccr4-Not transcription complex subunit,protein-coding,-,-,-,-,20160917,-
1043004,25412010,M436DRAFT_54871,M436DRAFT_54871,-,-,Unknown,-,hypothetical protein,protein-coding,-,-,-,-,20160917,-
1043004,25412011,M436DRAFT_54873,M436DRAFT_54873,-,-,Unknown,-,DUF185 domain-containing protein,protein-coding,-,-,-,-,20160917,-
1043004,25412012,M436DRAFT_54874,M436DRAFT_54874,-,-,Unknown,-,hypothetical protein,protein-coding,-,-,-,-,20160917,-
1043004,25412013,M436DRAFT_54875,M436DRAFT_54875,-,-,Unknown,-,nuclear matrix protein,protein-coding,-,-,-,-,20160917,-
1043004,25412014,M436DRAFT_54881,M436DRAFT_54881,-,-,Unknown,-,amine oxidase,protein-coding,-,-,-,-,20160917,-
1043004,25412015,M436DRAFT_54890,M436DRAFT_54890,-,-,Unknown,-,DUF1275 domain protein,protein-coding,-,-,-,-,20160917,-
1043004,25412016,M436DRAFT_54891,M436DRAFT_54891,-,-,Unknown,-,hypothetical protein,protein-coding,-,-,-,-,20160917,-
1043004,25412017,M436DRAFT_54893,M436DRAFT_54893,-,-,Unknown,-,hypothetical protein,protein-coding,-,-,-,-,20151104,-
1043004,25412018,M436DRAFT_54899,M436DRAFT_54899,-,-,Unknown,-,CDP-diacylglycerol--inositol 3-phosphatidyltransferase,protein-coding,-,-,-,-,20151212,-
1043004,25412019,M436DRAFT_54902,M436DRAFT_54902,-,-,Unknown,-,hypothetical protein,protein-coding,-,-,-,-,20151212,-
1043004,25412020,M436DRAFT_54903,M436DRAFT_54903,-,-,Unknown,-,hypothetical protein,protein-coding,-,-,-,-,20160917,-
1043004,25412021,M436DRAFT_54911,M436DRAFT_54911,-,-,Unknown,-,hypothetical protein,protein-coding,-,-,-,-,20160917,-
1043004,25412022,M436DRAFT_54914,M436DRAFT_54914,-,-,Unknown,-,hypothetical protein,protein-coding,-,-,-,-,20160917,-
1043004,25412023,M436DRAFT_54915,M436DRAFT_54915,-,-,Unknown,-,glycoside hydrolase family 5 protein,protein-coding,-,-,-,-,20160917,-
1043004,25412024,M436DRAFT_54923,M436DRAFT_54923,-,-,Unknown,-,hypothetical protein,protein-coding,-,-,-,-,20160917,-
1043004,25412025,M436DRAFT_54928,M436DRAFT_54928,-,-,Unknown,-,adenine phosphoribosyltransferase,protein-coding,-,-,-,-,20160917,-
1043004,25412026,M436DRAFT_54938,M436DRAFT_54938,-,-,Unknown,-,hypothetical protein,protein-coding,-,-,-,-,20160917,-
1043004,25412027,M436DRAFT_54942,M436DRAFT_54942,-,-,Unknown,-,hypothetical protein,protein-coding,-,-,-,-,20160325,-
1043004,25412028,M436DRAFT_54946,M436DRAFT_54946,-,-,Unknown,-,photolyase,protein-coding,-,-,-,-,20160917,-
1043004,25412029,M436DRAFT_54952,M436DRAFT_54952,-,-,Unknown,-,hypothetical protein,protein-coding,-,-,-,-,20160917,-
1043004,25412030,M436DRAFT_54953,M436DRAFT_54953,-,-,Unknown,-,Nitroreductase,protein-coding,-,-,-,-,20160325,-
1043004,25412031,M436DRAFT_54957,M436DRAFT_54957,-,-,Unknown,-,Pex24p-domain-containing protein,protein-coding,-,-,-,-,20160917,-
1043004,25412032,M436DRAFT_54958,M436DRAFT_54958,-,-,Unknown,-,hypothetical protein,protein-coding,-,-,-,-,20160917,-
1043004,25412033,M436DRAFT_54959,M436DRAFT_54959,-,-,Unknown,-,hypothetical protein,protein-coding,-,-,-,-,20160917,-
1043004,25412034,M436DRAFT_54976,M436DRAFT_54976,-,-,Unknown,-,glutamyl-tRNA amidotransferase,protein-coding,-,-,-,-,20151212,-
1043004,25412035,M436DRAFT_54978,M436DRAFT_54978,-,-,Unknown,-,timeless-domain-containing protein,protein-coding,-,-,-,-,20160917,-
1043004,25412036,M436DRAFT_54980,M436DRAFT_54980,-,-,Unknown,-,Swi3-domain-containing protein,protein-coding,-,-,-,-,20160917,-
1043004,25412037,M436DRAFT_54986,M436DRAFT_54986,-,-,Unknown,-,purine-cytosine permease FCY21,protein-coding,-,-,-,-,20160917,-
1043004,25412038,M436DRAFT_54991,M436DRAFT_54991,-,-,Unknown,-,Golgi GDP-mannose transporter,protein-coding,-,-,-,-,20160917,-
1043004,25412039,M436DRAFT_54992,M436DRAFT_54992,-,-,Unknown,-,putative PaaI_thioesterase family protein,protein-coding,-,-,-,-,20151212,-
1043004,25412040,M436DRAFT_54997,M436DRAFT_54997,-,-,Unknown,-,hydroxylase,protein-coding,-,-,-,-,20160917,-
1043004,25412041,M436DRAFT_54998,M436DRAFT_54998,-,-,Unknown,-,hypothetical protein,protein-coding,-,-,-,-,20160917,-
1043004,25412042,M436DRAFT_55007,M436DRAFT_55007,-,-,Unknown,-,putative C4-dicarboxylate/malic acid transporter,protein-coding,-,-,-,-,20151212,-
1043004,25412043,M436DRAFT_55008,M436DRAFT_55008,-,-,Unknown,-,"actin-related protein, ARP8 class",protein-coding,-,-,-,-,20160917,-
1043004,25412044,M436DRAFT_55012,M436DRAFT_55012,-,-,Unknown,-,glutamate carboxypeptidase,protein-coding,-,-,-,-,20160917,-
1043004,25412045,M436DRAFT_55013,M436DRAFT_55013,-,-,Unknown,-,hypothetical protein,protein-coding,-,-,-,-,20151104,-
1043004,25412046,M436DRAFT_55017,M436DRAFT_55017,-,-,Unknown,-,hypothetical protein,protein-coding,-,-,-,-,20151104,-
1043004,25412047,M436DRAFT_55021,M436DRAFT_55021,-,-,Unknown,-,peptide synthetase,protein-coding,-,-,-,-,20160917,-
1043004,25412048,M436DRAFT_55024,M436DRAFT_55024,-,-,Unknown,-,hypothetical protein,protein-coding,-,-,-,-,20151104,-
1043004,25412049,M436DRAFT_55037,M436DRAFT_55037,-,-,Unknown,-,putative NF-X1 finger and helicase domain protein,protein-coding,-,-,-,-,20160917,-
1043004,25412050,M436DRAFT_55043,M436DRAFT_55043,-,-,Unknown,-,TRM-domain-containing protein,protein-coding,-,-,-,-,20160917,-
1043004,25412051,M436DRAFT_55047,M436DRAFT_55047,-,-,Unknown,-,hypothetical protein,protein-coding,-,-,-,-,20151104,-
1043004,25412052,M436DRAFT_55048,M436DRAFT_55048,-,-,Unknown,-,hypothetical protein,protein-coding,-,-,-,-,20151104,-
1043004,25412053,M436DRAFT_55052,M436DRAFT_55052,-,-,Unknown,-,hypothetical protein,protein-coding,-,-,-,-,20160917,-
1043004,25412054,M436DRAFT_55054,M436DRAFT_55054,-,-,Unknown,-,hypothetical protein,protein-coding,-,-,-,-,20160917,-
1043004,25412055,M436DRAFT_55056,M436DRAFT_55056,-,-,Unknown,-,"DNA replication factor C, large subunit",protein-coding,-,-,-,-,20160917,-
1043004,25412056,M436DRAFT_55059,M436DRAFT_55059,-,-,Unknown,-,DUF1741-domain-containing protein,protein-coding,-,-,-,-,20160917,-
1043004,25412057,M436DRAFT_55060,M436DRAFT_55060,-,-,Unknown,-,dUTPase-like protein,protein-coding,-,-,-,-,20160917,-
1043004,25412058,M436DRAFT_55073,M436DRAFT_55073,-,-,Unknown,-,hypothetical protein,protein-coding,-,-,-,-,20151212,-
1043004,25412059,M436DRAFT_55076,M436DRAFT_55076,-,-,Unknown,-,SWI/SNF chromatin remodeling complex component,protein-coding,-,-,-,-,20160917,-
1043004,25412060,M436DRAFT_55080,M436DRAFT_55080,-,-,Unknown,-,hypothetical protein,protein-coding,-,-,-,-,20151212,-
1043004,25412061,M436DRAFT_55081,M436DRAFT_55081,-,-,Unknown,-,"bifunctional 6-phosphofructo-2-kinase/fructose-2,6-bisphosphate 2-phosphatase",protein-coding,-,-,-,-,20160917,-
1043004,25412062,M436DRAFT_55093,M436DRAFT_55093,-,-,Unknown,-,hypothetical protein,protein-coding,-,-,-,-,20160917,-
1043004,25412063,M436DRAFT_55096,M436DRAFT_55096,-,-,Unknown,-,hypothetical protein,protein-coding,-,-,-,-,20160917,-
1043004,25412064,M436DRAFT_55116,M436DRAFT_55116,-,-,Unknown,-,ras GEF,protein-coding,-,-,-,-,20160917,-
1043004,25412065,M436DRAFT_55123,M436DRAFT_55123,-,-,Unknown,-,extracellular phytase,protein-coding,-,-,-,-,20160917,-
1043004,25412066,M436DRAFT_55136,M436DRAFT_55136,-,-,Unknown,-,hypothetical protein,protein-coding,-,-,-,-,20160917,-
1043004,25412067,M436DRAFT_55144,M436DRAFT_55144,-,-,Unknown,-,hypothetical protein,protein-coding,-,-,-,-,20160917,-
1043004,25412068,M436DRAFT_55147,M436DRAFT_55147,-,-,Unknown,-,hypothetical protein,protein-coding,-,-,-,-,20151104,-
1043004,25412069,M436DRAFT_55151,M436DRAFT_55151,-,-,Unknown,-,putative peptide transporter,protein-coding,-,-,-,-,20160917,-
1043004,25412070,M436DRAFT_55159,M436DRAFT_55159,-,-,Unknown,-,hypothetical protein,protein-coding,-,-,-,-,20151104,-
1043004,25412071,M436DRAFT_55161,M436DRAFT_55161,-,-,Unknown,-,mate family transporter,protein-coding,-,-,-,-,20151212,-
1043004,25412072,M436DRAFT_55162,M436DRAFT_55162,-,-,Unknown,-,hypothetical protein,protein-coding,-,-,-,-,20160917,-
1043004,25412073,M436DRAFT_55167,M436DRAFT_55167,-,-,Unknown,-,Sm-like ribonucleo protein,protein-coding,-,-,-,-,20160325,-
1043004,25412074,M436DRAFT_55169,M436DRAFT_55169,-,-,Unknown,-,D-aminoacid aminotransferase-like PLP-dependent enzyme,protein-coding,-,-,-,-,20160917,-
1043004,25412075,M436DRAFT_55176,M436DRAFT_55176,-,-,Unknown,-,pyrimidine 5'-nucleotidase-like protein,protein-coding,-,-,-,-,20160917,-
1043004,25412076,M436DRAFT_55181,M436DRAFT_55181,-,-,Unknown,-,mitochondrial ribosomal protein L16,protein-coding,-,-,-,-,20160917,-
1043004,25412077,M436DRAFT_55183,M436DRAFT_55183,-,-,Unknown,-,aldehyde reductase-like protein,protein-coding,-,-,-,-,20160917,-
1043004,25412078,M436DRAFT_55187,M436DRAFT_55187,-,-,Unknown,-,Metallo-dependent phosphatase,protein-coding,-,-,-,-,20160917,-
1043004,25412079,M436DRAFT_55194,M436DRAFT_55194,-,-,Unknown,-,Rxt3-domain-containing protein,protein-coding,-,-,-,-,20160917,-
1043004,25412080,M436DRAFT_55196,M436DRAFT_55196,-,-,Unknown,-,purine nucleoside permease,protein-coding,-,-,-,-,20160917,-
1043004,25412081,M436DRAFT_55197,M436DRAFT_55197,-,-,Unknown,-,hypothetical protein,protein-coding,-,-,-,-,20160917,-
1043004,25412082,M436DRAFT_55204,M436DRAFT_55204,-,-,Unknown,-,Six-hairpin glycosidase,protein-coding,-,-,-,-,20160917,-
1043004,25412083,M436DRAFT_55208,M436DRAFT_55208,-,-,Unknown,-,hypothetical protein,protein-coding,-,-,-,-,20160917,-
1043004,25412084,M436DRAFT_55210,M436DRAFT_55210,-,-,Unknown,-,putative ATPase family AAA domain-containing protein 1,protein-coding,-,-,-,-,20160917,-
1043004,25412085,M436DRAFT_55213,M436DRAFT_55213,-,-,Unknown,-,monooxygenase/oxidase,protein-coding,-,-,-,-,20160917,-
1043004,25412086,M436DRAFT_55214,M436DRAFT_55214,-,-,Unknown,-,NAD(P)-binding protein,protein-coding,-,-,-,-,20160917,-
1043004,25412087,M436DRAFT_55216,M436DRAFT_55216,-,-,Unknown,-,hypothetical protein,protein-coding,-,-,-,-,20160917,-
1043004,25412088,M436DRAFT_55224,M436DRAFT_55224,-,-,Unknown,-,hypothetical protein,protein-coding,-,-,-,-,20160917,-
1043004,25412089,M436DRAFT_55229,M436DRAFT_55229,-,-,Unknown,-,SET domain-containing protein,protein-coding,-,-,-,-,20160917,-
1043004,25412090,M436DRAFT_55234,M436DRAFT_55234,-,-,Unknown,-,MFS general substrate transporter,protein-coding,-,-,-,-,20160325,-
1043004,25412091,M436DRAFT_55246,M436DRAFT_55246,-,-,Unknown,-,hypothetical protein,protein-coding,-,-,-,-,20160917,-
1043004,25412092,M436DRAFT_55250,M436DRAFT_55250,-,-,Unknown,-,S-adenosyl-L-methionine-dependent methyltransferase,protein-coding,-,-,-,-,20160917,-
1043004,25412093,M436DRAFT_55251,M436DRAFT_55251,-,-,Unknown,-,DUF726-domain-containing protein,protein-coding,-,-,-,-,20160917,-
1043004,25412094,M436DRAFT_55256,M436DRAFT_55256,-,-,Unknown,-,hypothetical protein,protein-coding,-,-,-,-,20151104,-
1043004,25412095,M436DRAFT_55258,M436DRAFT_55258,-,-,Unknown,-,hypothetical protein,protein-coding,-,-,-,-,20151104,-
1043004,25412096,M436DRAFT_55263,M436DRAFT_55263,-,-,Unknown,-,hypothetical protein,protein-coding,-,-,-,-,20151104,-
1043004,25412097,M436DRAFT_55264,M436DRAFT_55264,-,-,Unknown,-,urease accessory protein UreG,protein-coding,-,-,-,-,20160917,-
1043004,25412098,M436DRAFT_55266,M436DRAFT_55266,-,-,Unknown,-,HbrB-like protein,protein-coding,-,-,-,-,20160917,-
1043004,25412099,M436DRAFT_55270,M436DRAFT_55270,-,-,Unknown,-,hypothetical protein,protein-coding,-,-,-,-,20151104,-
1043004,25412100,M436DRAFT_55272,M436DRAFT_55272,-,-,Unknown,-,phosphoglycerate mutase family protein,protein-coding,-,-,-,-,20160917,-
1043004,25412101,M436DRAFT_55281,M436DRAFT_55281,-,-,Unknown,-,P-loop containing nucleoside triphosphate hydrolase protein,protein-coding,-,-,-,-,20160917,-
1043004,25412102,M436DRAFT_55283,M436DRAFT_55283,-,-,Unknown,-,hypothetical protein,protein-coding,-,-,-,-,20151104,-
1043004,25412103,M436DRAFT_55284,M436DRAFT_55284,-,-,Unknown,-,DUF125-domain-containing protein,protein-coding,-,-,-,-,20160917,-
1043004,25412104,M436DRAFT_55288,M436DRAFT_55288,-,-,Unknown,-,Ribokinase-like protein,protein-coding,-,-,-,-,20160917,-
1043004,25412105,M436DRAFT_55291,M436DRAFT_55291,-,-,Unknown,-,hypothetical protein,protein-coding,-,-,-,-,20151104,-
1043004,25412106,M436DRAFT_55297,M436DRAFT_55297,-,-,Unknown,-,hypothetical protein,protein-coding,-,-,-,-,20151104,-
1043004,25412107,M436DRAFT_55299,M436DRAFT_55299,-,-,Unknown,-,RabGAP/TBC,protein-coding,-,-,-,-,20160917,-
1043004,25412108,M436DRAFT_55314,M436DRAFT_55314,-,-,Unknown,-,mannose-6-phosphate isomerase,protein-coding,-,-,-,-,20160917,-
1043004,25412109,M436DRAFT_55315,M436DRAFT_55315,-,-,Unknown,-,DNA replication licensing factor mcm3,protein-coding,-,-,-,-,20160917,-
1043004,25412110,M436DRAFT_55318,M436DRAFT_55318,-,-,Unknown,-,protein btn1,protein-coding,-,-,-,-,20160917,-
1043004,25412111,M436DRAFT_55322,M436DRAFT_55322,-,-,Unknown,-,hypothetical protein,protein-coding,-,-,-,-,20160917,-
1043004,25412112,M436DRAFT_55324,M436DRAFT_55324,-,-,Unknown,-,MFS general substrate transporter,protein-coding,-,-,-,-,20151212,-
1043004,25412113,M436DRAFT_55328,M436DRAFT_55328,-,-,Unknown,-,hypothetical protein,protein-coding,-,-,-,-,20160917,-
1043004,25412114,M436DRAFT_55329,M436DRAFT_55329,-,-,Unknown,-,hypothetical protein,protein-coding,-,-,-,-,20160917,-
1043004,25412115,M436DRAFT_55342,M436DRAFT_55342,-,-,Unknown,-,acid phosphatase phoa,protein-coding,-,-,-,-,20160917,-
1043004,25412116,M436DRAFT_55344,M436DRAFT_55344,-,-,Unknown,-,tryptophan synthase-like protein,protein-coding,-,-,-,-,20160917,-
1043004,25412117,M436DRAFT_55345,M436DRAFT_55345,-,-,Unknown,-,MFS general substrate transporter,protein-coding,-,-,-,-,20160917,-
1043004,25412118,M436DRAFT_55348,M436DRAFT_55348,-,-,Unknown,-,nitrite reductase,protein-coding,-,-,-,-,20160917,-
1043004,25412119,M436DRAFT_55349,M436DRAFT_55349,-,-,Unknown,-,ribonuclease III,protein-coding,-,-,-,-,20160917,-
1043004,25412120,M436DRAFT_55353,M436DRAFT_55353,-,-,Unknown,-,hypothetical protein,protein-coding,-,-,-,-,20160917,-
1043004,25412121,M436DRAFT_55360,M436DRAFT_55360,-,-,Unknown,-,hypothetical protein,protein-coding,-,-,-,-,20151104,-
1043004,25412122,M436DRAFT_55362,M436DRAFT_55362,-,-,Unknown,-,UDP-glucose pyrophosphorylase,protein-coding,-,-,-,-,20160917,-
1043004,25412123,M436DRAFT_55365,M436DRAFT_55365,-,-,Unknown,-,"putative multicopper oxidase, type 1",protein-coding,-,-,-,-,20160917,-
1043004,25412124,M436DRAFT_55377,M436DRAFT_55377,-,-,Unknown,-,hypothetical protein,protein-coding,-,-,-,-,20160917,-
1043004,25412125,M436DRAFT_55380,M436DRAFT_55380,-,-,Unknown,-,SPO22-domain-containing protein,protein-coding,-,-,-,-,20160917,-
1043004,25412126,M436DRAFT_55382,M436DRAFT_55382,-,-,Unknown,-,purine-cytosine permease,protein-coding,-,-,-,-,20160917,-
1043004,25412127,M436DRAFT_55384,M436DRAFT_55384,-,-,Unknown,-,hypothetical protein,protein-coding,-,-,-,-,20151104,-
1043004,25412128,M436DRAFT_55388,M436DRAFT_55388,-,-,Unknown,-,hypothetical protein,protein-coding,-,-,-,-,20160917,-
1043004,25412129,M436DRAFT_55389,M436DRAFT_55389,-,-,Unknown,-,hypothetical protein,protein-coding,-,-,-,-,20151104,-
1043004,25412130,M436DRAFT_55402,M436DRAFT_55402,-,-,Unknown,-,vacuolar morphogenesis protein AvaB,protein-coding,-,-,-,-,20160917,-
1043004,25412131,M436DRAFT_55419,M436DRAFT_55419,-,-,Unknown,-,hypothetical protein,protein-coding,-,-,-,-,20151104,-
1043004,25412132,M436DRAFT_55425,M436DRAFT_55425,-,-,Unknown,-,hypothetical protein,protein-coding,-,-,-,-,20160917,-
1043004,25412133,M436DRAFT_55428,M436DRAFT_55428,-,-,Unknown,-,HIRA-interacting protein 5,protein-coding,-,-,-,-,20160917,-
1043004,25412134,M436DRAFT_55433,M436DRAFT_55433,-,-,Unknown,-,nitrate reductase,protein-coding,-,-,-,-,20160917,-
1043004,25412135,M436DRAFT_55435,M436DRAFT_55435,-,-,Unknown,-,hypothetical protein,protein-coding,-,-,-,-,20151212,-
1043004,25412136,M436DRAFT_55442,M436DRAFT_55442,-,-,Unknown,-,hypothetical protein,protein-coding,-,-,-,-,20160917,-
1043004,25412137,M436DRAFT_55443,M436DRAFT_55443,-,-,Unknown,-,hypothetical protein,protein-coding,-,-,-,-,20151104,-
1043004,25412138,M436DRAFT_55444,M436DRAFT_55444,-,-,Unknown,-,hypothetical protein,protein-coding,-,-,-,-,20151212,-
1043004,25412139,M436DRAFT_55451,M436DRAFT_55451,-,-,Unknown,-,PAF acetylhydrolase family protein,protein-coding,-,-,-,-,20160917,-
1043004,25412140,M436DRAFT_55455,M436DRAFT_55455,-,-,Unknown,-,hypothetical protein,protein-coding,-,-,-,-,20160917,-
1043004,25412141,M436DRAFT_55459,M436DRAFT_55459,-,-,Unknown,-,hydroxymethylglutaryl-CoA lyase,protein-coding,-,-,-,-,20160917,-
1043004,25412142,M436DRAFT_55461,M436DRAFT_55461,-,-,Unknown,-,cyclin-like protein,protein-coding,-,-,-,-,20151212,-
1043004,25412143,M436DRAFT_55474,M436DRAFT_55474,-,-,Unknown,-,alpha/beta-hydrolase,protein-coding,-,-,-,-,20160917,-
1043004,25412144,M436DRAFT_55479,M436DRAFT_55479,-,-,Unknown,-,putative glucose transporter rco-3,protein-coding,-,-,-,-,20160917,-
1043004,25412145,M436DRAFT_55480,M436DRAFT_55480,-,-,Unknown,-,hypothetical protein,protein-coding,-,-,-,-,20160917,-
1043004,25412146,M436DRAFT_55487,M436DRAFT_55487,-,-,Unknown,-,hypothetical protein,protein-coding,-,-,-,-,20160917,-
1043004,25412147,M436DRAFT_55490,M436DRAFT_55490,-,-,Unknown,-,hypothetical protein,protein-coding,-,-,-,-,20151104,-
1043004,25412148,M436DRAFT_55506,M436DRAFT_55506,-,-,Unknown,-,kinase-like protein,protein-coding,-,-,-,-,20160917,-
1043004,25412149,M436DRAFT_55507,M436DRAFT_55507,-,-,Unknown,-,Six-hairpin glycosidase,protein-coding,-,-,-,-,20160917,-
1043004,25412150,M436DRAFT_55509,M436DRAFT_55509,-,-,Unknown,-,amino acid transporter,protein-coding,-,-,-,-,20160917,-
1043004,25412151,M436DRAFT_55513,M436DRAFT_55513,-,-,Unknown,-,gluconate 5-dehydrogenase,protein-coding,-,-,-,-,20151212,-
1043004,25412152,M436DRAFT_55515,M436DRAFT_55515,-,-,Unknown,-,tricalbin,protein-coding,-,-,-,-,20151212,-
1043004,25412153,M436DRAFT_55518,M436DRAFT_55518,-,-,Unknown,-,hypothetical protein,protein-coding,-,-,-,-,20160325,-
1043004,25412154,M436DRAFT_55524,M436DRAFT_55524,-,-,Unknown,-,Rgp1-domain-containing protein,protein-coding,-,-,-,-,20160917,-
1043004,25412155,M436DRAFT_55526,M436DRAFT_55526,-,-,Unknown,-,mitochondrial 54S ribosomal protein YmL33,protein-coding,-,-,-,-,20151212,-
1043004,25412156,M436DRAFT_55530,M436DRAFT_55530,-,-,Unknown,-,exocyst complex component Sec6,protein-coding,-,-,-,-,20160917,-
1043004,25412157,M436DRAFT_55533,M436DRAFT_55533,-,-,Unknown,-,putative RuvB-like 2 protein,protein-coding,-,-,-,-,20160917,-
1043004,25412158,M436DRAFT_55538,M436DRAFT_55538,-,-,Unknown,-,hypothetical protein,protein-coding,-,-,-,-,20151104,-
1043004,25412159,M436DRAFT_55539,M436DRAFT_55539,-,-,Unknown,-,hypothetical protein,protein-coding,-,-,-,-,20160917,-
1043004,25412160,M436DRAFT_55545,M436DRAFT_55545,-,-,Unknown,-,hypothetical protein,protein-coding,-,-,-,-,20160917,-
1043004,25412161,M436DRAFT_55546,M436DRAFT_55546,-,-,Unknown,-,alpha/beta-hydrolase,protein-coding,-,-,-,-,20160917,-
1043004,25412162,M436DRAFT_55547,M436DRAFT_55547,-,-,Unknown,-,hypothetical protein,protein-coding,-,-,-,-,20151104,-
1043004,25412163,M436DRAFT_55554,M436DRAFT_55554,-,-,Unknown,-,hypothetical protein,protein-coding,-,-,-,-,20151212,-
1043004,25412164,M436DRAFT_55555,M436DRAFT_55555,-,-,Unknown,-,protein-L-isoaspartate O-methyltransferase,protein-coding,-,-,-,-,20160917,-
1043004,25412165,M436DRAFT_55557,M436DRAFT_55557,-,-,Unknown,-,WD40 repeat-like protein,protein-coding,-,-,-,-,20160917,-
1043004,25412166,M436DRAFT_55574,M436DRAFT_55574,-,-,Unknown,-,hypothetical protein,protein-coding,-,-,-,-,20160917,-
1043004,25412167,M436DRAFT_55584,M436DRAFT_55584,-,-,Unknown,-,serum paraoxonase/arylesterase family protein,protein-coding,-,-,-,-,20160917,-
1043004,25412168,M436DRAFT_55586,M436DRAFT_55586,-,-,Unknown,-,putative NRPS-like enzyme,protein-coding,-,-,-,-,20160917,-
1043004,25412169,M436DRAFT_55588,M436DRAFT_55588,-,-,Unknown,-,Ca/Cm-dependent protein kinase B,protein-coding,-,-,-,-,20151212,-
1043004,25412170,M436DRAFT_55594,M436DRAFT_55594,-,-,Unknown,-,hypothetical protein,protein-coding,-,-,-,-,20151104,-
1043004,25412171,M436DRAFT_55602,M436DRAFT_55602,-,-,Unknown,-,hypothetical protein,protein-coding,-,-,-,-,20160917,-
1043004,25412172,M436DRAFT_55603,M436DRAFT_55603,-,-,Unknown,-,general substrate transporter,protein-coding,-,-,-,-,20160917,-
1043004,25412173,M436DRAFT_55617,M436DRAFT_55617,-,-,Unknown,-,hypothetical protein,protein-coding,-,-,-,-,20160917,-
1043004,25412174,M436DRAFT_55618,M436DRAFT_55618,-,-,Unknown,-,hypothetical protein,protein-coding,-,-,-,-,20151104,-
1043004,25412175,M436DRAFT_55625,M436DRAFT_55625,-,-,Unknown,-,hypothetical protein,protein-coding,-,-,-,-,20160917,-
1043004,25412176,M436DRAFT_55631,M436DRAFT_55631,-,-,Unknown,-,ATP-dependent DNA helicase,protein-coding,-,-,-,-,20160917,-
1043004,25412177,M436DRAFT_55636,M436DRAFT_55636,-,-,Unknown,-,hypothetical protein,protein-coding,-,-,-,-,20151104,-
1043004,25412178,M436DRAFT_55642,M436DRAFT_55642,-,-,Unknown,-,MFS general substrate transporter,protein-coding,-,-,-,-,20151212,-
1043004,25412179,M436DRAFT_55645,M436DRAFT_55645,-,-,Unknown,-,hypothetical protein,protein-coding,-,-,-,-,20160917,-
1043004,25412180,M436DRAFT_55648,M436DRAFT_55648,-,-,Unknown,-,hypothetical protein,protein-coding,-,-,-,-,20160917,-
1043004,25412181,M436DRAFT_55654,M436DRAFT_55654,-,-,Unknown,-,hypothetical protein,protein-coding,-,-,-,-,20160917,-
1043004,25412182,M436DRAFT_55656,M436DRAFT_55656,-,-,Unknown,-,ClpP/crotonase,protein-coding,-,-,-,-,20160917,-
1043004,25412183,M436DRAFT_55666,M436DRAFT_55666,-,-,Unknown,-,hypothetical protein,protein-coding,-,-,-,-,20151104,-
1043004,25412184,M436DRAFT_55668,M436DRAFT_55668,-,-,Unknown,-,seven-hairpin glycosidase,protein-coding,-,-,-,-,20160917,-
1043004,25412185,M436DRAFT_55673,M436DRAFT_55673,-,-,Unknown,-,hypothetical protein,protein-coding,-,-,-,-,20160917,-
1043004,25412186,M436DRAFT_55676,M436DRAFT_55676,-,-,Unknown,-,hypothetical protein,protein-coding,-,-,-,-,20151104,-
1043004,25412187,M436DRAFT_55682,M436DRAFT_55682,-,-,Unknown,-,hypothetical protein,protein-coding,-,-,-,-,20160917,-
1043004,25412188,M436DRAFT_55691,M436DRAFT_55691,-,-,Unknown,-,hypothetical protein,protein-coding,-,-,-,-,20151212,-
1043004,25412189,M436DRAFT_55700,M436DRAFT_55700,-,-,Unknown,-,hypothetical protein,protein-coding,-,-,-,-,20151104,-
1043004,25412190,M436DRAFT_55705,M436DRAFT_55705,-,-,Unknown,-,hypothetical protein,protein-coding,-,-,-,-,20160917,-
1043004,25412191,M436DRAFT_55709,M436DRAFT_55709,-,-,Unknown,-,hypothetical protein,protein-coding,-,-,-,-,20160917,-
1043004,25412192,M436DRAFT_55717,M436DRAFT_55717,-,-,Unknown,-,oxidoreductase,protein-coding,-,-,-,-,20160917,-
1043004,25412193,M436DRAFT_55722,M436DRAFT_55722,-,-,Unknown,-,hypothetical protein,protein-coding,-,-,-,-,20160917,-
1043004,25412194,M436DRAFT_55725,M436DRAFT_55725,-,-,Unknown,-,hypothetical protein,protein-coding,-,-,-,-,20160917,-
1043004,25412195,M436DRAFT_55730,M436DRAFT_55730,-,-,Unknown,-,hypothetical protein,protein-coding,-,-,-,-,20151104,-
1043004,25412196,M436DRAFT_55734,M436DRAFT_55734,-,-,Unknown,-,hypothetical protein,protein-coding,-,-,-,-,20160917,-
1043004,25412197,M436DRAFT_55739,M436DRAFT_55739,-,-,Unknown,-,hypothetical protein,protein-coding,-,-,-,-,20160917,-
1043004,25412198,M436DRAFT_55753,M436DRAFT_55753,-,-,Unknown,-,hypothetical protein,protein-coding,-,-,-,-,20160917,-
1043004,25412199,M436DRAFT_55760,M436DRAFT_55760,-,-,Unknown,-,DUF254-domain-containing protein,protein-coding,-,-,-,-,20160917,-
1043004,25412200,M436DRAFT_55774,M436DRAFT_55774,-,-,Unknown,-,glycoside hydrolase,protein-coding,-,-,-,-,20160917,-
1043004,25412201,M436DRAFT_55786,M436DRAFT_55786,-,-,Unknown,-,NAD(P)-binding protein,protein-coding,-,-,-,-,20151212,-
1043004,25412202,M436DRAFT_55794,M436DRAFT_55794,-,-,Unknown,-,cysteine proteinase,protein-coding,-,-,-,-,20160917,-
1043004,25412203,M436DRAFT_55796,M436DRAFT_55796,-,-,Unknown,-,putative MFS transporter,protein-coding,-,-,-,-,20151212,-
1043004,25412204,M436DRAFT_55798,M436DRAFT_55798,-,-,Unknown,-,hypothetical protein,protein-coding,-,-,-,-,20151104,-
1043004,25412205,M436DRAFT_55805,M436DRAFT_55805,-,-,Unknown,-,mitochondrial carrier,protein-coding,-,-,-,-,20160917,-
1043004,25412206,M436DRAFT_55813,M436DRAFT_55813,-,-,Unknown,-,YjgF-like protein,protein-coding,-,-,-,-,20160917,-
1043004,25412207,M436DRAFT_55814,M436DRAFT_55814,-,-,Unknown,-,alpha arabinofuranosidase,protein-coding,-,-,-,-,20160917,-
1043004,25412208,M436DRAFT_55815,M436DRAFT_55815,-,-,Unknown,-,hypothetical protein,protein-coding,-,-,-,-,20160917,-
1043004,25412209,M436DRAFT_55817,M436DRAFT_55817,-,-,Unknown,-,hypothetical protein,protein-coding,-,-,-,-,20160917,-
1043004,25412210,M436DRAFT_55822,M436DRAFT_55822,-,-,Unknown,-,hypothetical protein,protein-coding,-,-,-,-,20160917,-
1043004,25412211,M436DRAFT_55830,M436DRAFT_55830,-,-,Unknown,-,hypothetical protein,protein-coding,-,-,-,-,20160917,-
1043004,25412212,M436DRAFT_55841,M436DRAFT_55841,-,-,Unknown,-,CRAL/TRIO domain-containing protein,protein-coding,-,-,-,-,20160917,-
1043004,25412213,M436DRAFT_55844,M436DRAFT_55844,-,-,Unknown,-,hypothetical protein,protein-coding,-,-,-,-,20160917,-
1043004,25412214,M436DRAFT_55854,M436DRAFT_55854,-,-,Unknown,-,hypothetical protein,protein-coding,-,-,-,-,20160917,-
1043004,25412215,M436DRAFT_55856,M436DRAFT_55856,-,-,Unknown,-,"phosphoglycerate mutase, 2,3-bisphosphoglycerate-independent",protein-coding,-,-,-,-,20160917,-
1043004,25412216,M436DRAFT_55857,M436DRAFT_55857,-,-,Unknown,-,hypothetical protein,protein-coding,-,-,-,-,20160325,-
1043004,25412217,M436DRAFT_55875,M436DRAFT_55875,-,-,Unknown,-,Gar1-domain-containing protein,protein-coding,-,-,-,-,20160917,-
1043004,25412218,M436DRAFT_55878,M436DRAFT_55878,-,-,Unknown,-,RTA1-domain-containing protein,protein-coding,-,-,-,-,20160917,-
1043004,25412219,M436DRAFT_55879,M436DRAFT_55879,-,-,Unknown,-,glycoside hydrolase family 95 protein,protein-coding,-,-,-,-,20160917,-
1043004,25412220,M436DRAFT_55880,M436DRAFT_55880,-,-,Unknown,-,hypothetical protein,protein-coding,-,-,-,-,20160917,-
1043004,25412221,M436DRAFT_55882,M436DRAFT_55882,-,-,Unknown,-,hypothetical protein,protein-coding,-,-,-,-,20160917,-
1043004,25412222,M436DRAFT_55885,M436DRAFT_55885,-,-,Unknown,-,ACN9-domain-containing protein,protein-coding,-,-,-,-,20160917,-
1043004,25412223,M436DRAFT_55887,M436DRAFT_55887,-,-,Unknown,-,hypothetical protein,protein-coding,-,-,-,-,20151104,-
1043004,25412224,M436DRAFT_55896,M436DRAFT_55896,-,-,Unknown,-,hypothetical protein,protein-coding,-,-,-,-,20151104,-
1043004,25412225,M436DRAFT_55898,M436DRAFT_55898,-,-,Unknown,-,hypothetical protein,protein-coding,-,-,-,-,20160917,-
1043004,25412226,M436DRAFT_55902,M436DRAFT_55902,-,-,Unknown,-,hypothetical protein,protein-coding,-,-,-,-,20160917,-
1043004,25412227,M436DRAFT_55904,M436DRAFT_55904,-,-,Unknown,-,Na+/solute symporter,protein-coding,-,-,-,-,20151212,-
1043004,25412228,M436DRAFT_55925,M436DRAFT_55925,-,-,Unknown,-,PLP-dependent transferase,protein-coding,-,-,-,-,20151212,-
1043004,25412229,M436DRAFT_55933,M436DRAFT_55933,-,-,Unknown,-,TPR-like protein,protein-coding,-,-,-,-,20151104,-
1043004,25412230,M436DRAFT_55939,M436DRAFT_55939,-,-,Unknown,-,hypothetical protein,protein-coding,-,-,-,-,20160917,-
1043004,25412231,M436DRAFT_55953,M436DRAFT_55953,-,-,Unknown,-,hypothetical protein,protein-coding,-,-,-,-,20151212,-
1043004,25412232,M436DRAFT_55958,M436DRAFT_55958,-,-,Unknown,-,hypothetical protein,protein-coding,-,-,-,-,20160917,-
1043004,25412233,M436DRAFT_55968,M436DRAFT_55968,-,-,Unknown,-,P-loop containing nucleoside triphosphate hydrolase protein,protein-coding,-,-,-,-,20160917,-
1043004,25412234,M436DRAFT_55971,M436DRAFT_55971,-,-,Unknown,-,glycoside hydrolase,protein-coding,-,-,-,-,20151212,-
1043004,25412235,M436DRAFT_55972,M436DRAFT_55972,-,-,Unknown,-,hypothetical protein,protein-coding,-,-,-,-,20160917,-
1043004,25412236,M436DRAFT_55976,M436DRAFT_55976,-,-,Unknown,-,linoleate diol synthase,protein-coding,-,-,-,-,20160917,-
1043004,25412237,M436DRAFT_55983,M436DRAFT_55983,-,-,Unknown,-,ATP-dependent DNA ligase,protein-coding,-,-,-,-,20160917,-
1043004,25412238,M436DRAFT_55985,M436DRAFT_55985,-,-,Unknown,-,TBCC-domain-containing protein,protein-coding,-,-,-,-,20160917,-
1043004,25412239,M436DRAFT_56000,M436DRAFT_56000,-,-,Unknown,-,NAD dependent epimerase/dehydratase family protein,protein-coding,-,-,-,-,20151212,-
1043004,25412240,M436DRAFT_56002,M436DRAFT_56002,-,-,Unknown,-,OPT superfamily oligopeptide transporter,protein-coding,-,-,-,-,20160917,-
1043004,25412241,M436DRAFT_56006,M436DRAFT_56006,-,-,Unknown,-,hypothetical protein,protein-coding,-,-,-,-,20151104,-
1043004,25412242,M436DRAFT_56015,M436DRAFT_56015,-,-,Unknown,-,PLP-dependent transferase,protein-coding,-,-,-,-,20160917,-
1043004,25412243,M436DRAFT_56018,M436DRAFT_56018,-,-,Unknown,-,hypothetical protein,protein-coding,-,-,-,-,20151104,-
1043004,25412244,M436DRAFT_56020,M436DRAFT_56020,-,-,Unknown,-,chitin deacetylase 1,protein-coding,-,-,-,-,20160917,-
1043004,25412245,M436DRAFT_56026,M436DRAFT_56026,-,-,Unknown,-,hypothetical protein,protein-coding,-,-,-,-,20160917,-
1043004,25412246,M436DRAFT_56035,M436DRAFT_56035,-,-,Unknown,-,tannase and feruloyl esterase,protein-coding,-,-,-,-,20160917,-
1043004,25412247,M436DRAFT_56040,M436DRAFT_56040,-,-,Unknown,-,Nrap protein,protein-coding,-,-,-,-,20160917,-
1043004,25412248,M436DRAFT_56048,M436DRAFT_56048,-,-,Unknown,-,threonyl-tRNA synthetase,protein-coding,-,-,-,-,20160917,-
1043004,25412249,M436DRAFT_56059,M436DRAFT_56059,-,-,Unknown,-,hypothetical protein,protein-coding,-,-,-,-,20151104,-
1043004,25412250,M436DRAFT_56060,M436DRAFT_56060,-,-,Unknown,-,hypothetical protein,protein-coding,-,-,-,-,20151104,-
1043004,25412251,M436DRAFT_56069,M436DRAFT_56069,-,-,Unknown,-,eukaryotic translation initiation factor 2A,protein-coding,-,-,-,-,20160917,-
1043004,25412252,M436DRAFT_56082,M436DRAFT_56082,-,-,Unknown,-,MFS transporter,protein-coding,-,-,-,-,20151212,-
1043004,25412253,M436DRAFT_56086,M436DRAFT_56086,-,-,Unknown,-,kinase-like protein,protein-coding,-,-,-,-,20160917,-
1043004,25412254,M436DRAFT_56092,M436DRAFT_56092,-,-,Unknown,-,hypothetical protein,protein-coding,-,-,-,-,20160917,-
1043004,25412255,M436DRAFT_56094,M436DRAFT_56094,-,-,Unknown,-,MFS general substrate transporter,protein-coding,-,-,-,-,20151212,-
1043004,25412256,M436DRAFT_56111,M436DRAFT_56111,-,-,Unknown,-,hypothetical protein,protein-coding,-,-,-,-,20160917,-
1043004,25412257,M436DRAFT_56130,M436DRAFT_56130,-,-,Unknown,-,zinc metallopeptidase,protein-coding,-,-,-,-,20160917,-
1043004,25412258,M436DRAFT_56144,M436DRAFT_56144,-,-,Unknown,-,hypothetical protein,protein-coding,-,-,-,-,20160917,-
1043004,25412259,M436DRAFT_56154,M436DRAFT_56154,-,-,Unknown,-,vacuolar protein sorting-associated protein-like protein 33A,protein-coding,-,-,-,-,20160917,-
1043004,25412260,M436DRAFT_56157,M436DRAFT_56157,-,-,Unknown,-,hypothetical protein,protein-coding,-,-,-,-,20151104,-
1043004,25412261,M436DRAFT_56165,M436DRAFT_56165,-,-,Unknown,-,hypothetical protein,protein-coding,-,-,-,-,20160917,-
1043004,25412262,M436DRAFT_56169,M436DRAFT_56169,-,-,Unknown,-,kinase-like protein,protein-coding,-,-,-,-,20160917,-
1043004,25412263,M436DRAFT_56179,M436DRAFT_56179,-,-,Unknown,-,hypothetical protein,protein-coding,-,-,-,-,20151104,-
1043004,25412264,M436DRAFT_56185,M436DRAFT_56185,-,-,Unknown,-,hypothetical protein,protein-coding,-,-,-,-,20160917,-
1043004,25412265,M436DRAFT_56186,M436DRAFT_56186,-,-,Unknown,-,hypothetical protein,protein-coding,-,-,-,-,20160917,-
1043004,25412266,M436DRAFT_56198,M436DRAFT_56198,-,-,Unknown,-,hypothetical protein,protein-coding,-,-,-,-,20151212,-
1043004,25412267,M436DRAFT_56218,M436DRAFT_56218,-,-,Unknown,-,hypothetical protein,protein-coding,-,-,-,-,20151104,-
1043004,25412268,M436DRAFT_56225,M436DRAFT_56225,-,-,Unknown,-,hypothetical protein,protein-coding,-,-,-,-,20151104,-
1043004,25412269,M436DRAFT_56227,M436DRAFT_56227,-,-,Unknown,-,hypothetical protein,protein-coding,-,-,-,-,20160917,-
1043004,25412270,M436DRAFT_56244,M436DRAFT_56244,-,-,Unknown,-,T-complex protein 1 subunit zeta,protein-coding,-,-,-,-,20160917,-
1043004,25412271,M436DRAFT_56248,M436DRAFT_56248,-,-,Unknown,-,Choline/ethanolaminephosphotransferase,protein-coding,-,-,-,-,20160917,-
1043004,25412272,M436DRAFT_56249,M436DRAFT_56249,-,-,Unknown,-,hypothetical protein,protein-coding,-,-,-,-,20160917,-
1043004,25412273,M436DRAFT_56255,M436DRAFT_56255,-,-,Unknown,-,hypothetical protein,protein-coding,-,-,-,-,20151212,-
1043004,25412274,M436DRAFT_56266,M436DRAFT_56266,-,-,Unknown,-,Nep1-domain-containing protein,protein-coding,-,-,-,-,20160917,-
1043004,25412275,M436DRAFT_56282,M436DRAFT_56282,-,-,Unknown,-,hypothetical protein,protein-coding,-,-,-,-,20151104,-
1043004,25412276,M436DRAFT_56284,M436DRAFT_56284,-,-,Unknown,-,hypothetical protein,protein-coding,-,-,-,-,20160325,-
1043004,25412277,M436DRAFT_56289,M436DRAFT_56289,-,-,Unknown,-,N-glycosylase/DNA lyase,protein-coding,-,-,-,-,20160917,-
1043004,25412278,M436DRAFT_56296,M436DRAFT_56296,-,-,Unknown,-,PLP-dependent transferase,protein-coding,-,-,-,-,20160917,-
1043004,25412279,M436DRAFT_56301,M436DRAFT_56301,-,-,Unknown,-,hypothetical protein,protein-coding,-,-,-,-,20160917,-
1043004,25412280,M436DRAFT_56302,M436DRAFT_56302,-,-,Unknown,-,snare-dependent exocytosis protein-like protein,protein-coding,-,-,-,-,20160917,-
1043004,25412281,M436DRAFT_56307,M436DRAFT_56307,-,-,Unknown,-,hypothetical protein,protein-coding,-,-,-,-,20151104,-
1043004,25412282,M436DRAFT_56308,M436DRAFT_56308,-,-,Unknown,-,TLD-domain-containing protein,protein-coding,-,-,-,-,20160917,-
1043004,25412283,M436DRAFT_56311,M436DRAFT_56311,-,-,Unknown,-,hypothetical protein,protein-coding,-,-,-,-,20151104,-
1043004,25412284,M436DRAFT_56315,M436DRAFT_56315,-,-,Unknown,-,DUF1776-domain-containing protein,protein-coding,-,-,-,-,20160917,-
1043004,25412285,M436DRAFT_56316,M436DRAFT_56316,-,-,Unknown,-,WD40 repeat-like protein,protein-coding,-,-,-,-,20160917,-
1043004,25412286,M436DRAFT_56318,M436DRAFT_56318,-,-,Unknown,-,hypothetical protein,protein-coding,-,-,-,-,20160917,-
1043004,25412287,M436DRAFT_56320,M436DRAFT_56320,-,-,Unknown,-,hypothetical protein,protein-coding,-,-,-,-,20160917,-
1043004,25412288,M436DRAFT_56321,M436DRAFT_56321,-,-,Unknown,-,initiation factor 2,protein-coding,-,-,-,-,20160917,-
1043004,25412289,M436DRAFT_56329,M436DRAFT_56329,-,-,Unknown,-,MFS general substrate transporter,protein-coding,-,-,-,-,20160917,-
1043004,25412290,M436DRAFT_56330,M436DRAFT_56330,-,-,Unknown,-,uracil-DNA glycosylase,protein-coding,-,-,-,-,20160917,-
1043004,25412291,M436DRAFT_56331,M436DRAFT_56331,-,-,Unknown,-,blue light-inducible protein Bli-3,protein-coding,-,-,-,-,20160917,-
1043004,25412292,M436DRAFT_56335,M436DRAFT_56335,-,-,Unknown,-,Actin/actin-like protein,protein-coding,-,-,-,-,20160917,-
1043004,25412293,M436DRAFT_56341,M436DRAFT_56341,-,-,Unknown,-,hypothetical protein,protein-coding,-,-,-,-,20160917,-
1043004,25412294,M436DRAFT_56342,M436DRAFT_56342,-,-,Unknown,-,OTU-domain-containing protein,protein-coding,-,-,-,-,20160917,-
1043004,25412295,M436DRAFT_56345,M436DRAFT_56345,-,-,Unknown,-,glucosamine-6-phosphate isomerase,protein-coding,-,-,-,-,20160917,-
1043004,25412296,M436DRAFT_56346,M436DRAFT_56346,-,-,Unknown,-,histidyl-tRNA synthetase,protein-coding,-,-,-,-,20151212,-
1043004,25412297,M436DRAFT_56347,M436DRAFT_56347,-,-,Unknown,-,ATP-dependent protease-like protein,protein-coding,-,-,-,-,20160917,-
1043004,25412298,M436DRAFT_56348,M436DRAFT_56348,-,-,Unknown,-,phosphoglycerate mutase-like protein,protein-coding,-,-,-,-,20160917,-
1043004,25412299,M436DRAFT_56350,M436DRAFT_56350,-,-,Unknown,-,aldehyde dehydrogenase PutA,protein-coding,-,-,-,-,20160917,-
1043004,25412300,M436DRAFT_56352,M436DRAFT_56352,-,-,Unknown,-,hypothetical protein,protein-coding,-,-,-,-,20151212,-
1043004,25412301,M436DRAFT_56354,M436DRAFT_56354,-,-,Unknown,-,hypothetical protein,protein-coding,-,-,-,-,20160917,-
1043004,25412302,M436DRAFT_56356,M436DRAFT_56356,-,-,Unknown,-,hypothetical protein,protein-coding,-,-,-,-,20160917,-
1043004,25412303,M436DRAFT_56359,M436DRAFT_56359,-,-,Unknown,-,kinase-like protein,protein-coding,-,-,-,-,20151212,-
1043004,25412304,M436DRAFT_56361,M436DRAFT_56361,-,-,Unknown,-,hypothetical protein,protein-coding,-,-,-,-,20151212,-
1043004,25412305,M436DRAFT_56368,M436DRAFT_56368,-,-,Unknown,-,hypothetical protein,protein-coding,-,-,-,-,20151104,-
1043004,25412306,M436DRAFT_56375,M436DRAFT_56375,-,-,Unknown,-,UNC-50 protein,protein-coding,-,-,-,-,20160917,-
1043004,25412307,M436DRAFT_56376,M436DRAFT_56376,-,-,Unknown,-,hypothetical protein,protein-coding,-,-,-,-,20151104,-
1043004,25412308,M436DRAFT_56379,M436DRAFT_56379,-,-,Unknown,-,Arp2/3 complex 16 kDa subunit ARPC5,protein-coding,-,-,-,-,20160917,-
1043004,25412309,M436DRAFT_56387,M436DRAFT_56387,-,-,Unknown,-,hypothetical protein,protein-coding,-,-,-,-,20160917,-
1043004,25412310,M436DRAFT_56393,M436DRAFT_56393,-,-,Unknown,-,MFS general substrate transporter,protein-coding,-,-,-,-,20160917,-
1043004,25412311,M436DRAFT_56400,M436DRAFT_56400,-,-,Unknown,-,"Exo-beta-1,3-glucanase",protein-coding,-,-,-,-,20151104,-
1043004,25412312,M436DRAFT_56411,M436DRAFT_56411,-,-,Unknown,-,dolichol-phosphate mannosyltransferase subunit 3,protein-coding,-,-,-,-,20160917,-
1043004,25412313,M436DRAFT_56416,M436DRAFT_56416,-,-,Unknown,-,putative N-acetylglucosamine-6-phosphate deacetylase,protein-coding,-,-,-,-,20160917,-
1043004,25412314,M436DRAFT_56418,M436DRAFT_56418,-,-,Unknown,-,hypothetical protein,protein-coding,-,-,-,-,20151104,-
1043004,25412315,M436DRAFT_56428,M436DRAFT_56428,-,-,Unknown,-,glycine hydroxymethyltransferase,protein-coding,-,-,-,-,20160917,-
1043004,25412316,M436DRAFT_56434,M436DRAFT_56434,-,-,Unknown,-,hypothetical protein,protein-coding,-,-,-,-,20160917,-
1043004,25412317,M436DRAFT_56437,M436DRAFT_56437,-,-,Unknown,-,hypothetical protein,protein-coding,-,-,-,-,20151104,-
1043004,25412318,M436DRAFT_56447,M436DRAFT_56447,-,-,Unknown,-,hypothetical protein,protein-coding,-,-,-,-,20151212,-
1043004,25412319,M436DRAFT_56459,M436DRAFT_56459,-,-,Unknown,-,putative dihydroxy-acid dehydratase,protein-coding,-,-,-,-,20160917,-
1043004,25412320,M436DRAFT_56463,M436DRAFT_56463,-,-,Unknown,-,hypothetical protein,protein-coding,-,-,-,-,20160917,-
1043004,25412321,M436DRAFT_56472,M436DRAFT_56472,-,-,Unknown,-,"Golgi transport complex component Cog5, putative",protein-coding,-,-,-,-,20151212,-
1043004,25412322,M436DRAFT_56473,M436DRAFT_56473,-,-,Unknown,-,FAD/NAD(P)-binding domain-containing protein,protein-coding,-,-,-,-,20160917,-
1043004,25412323,M436DRAFT_56476,M436DRAFT_56476,-,-,Unknown,-,hypothetical protein,protein-coding,-,-,-,-,20160917,-
1043004,25412324,M436DRAFT_56478,M436DRAFT_56478,-,-,Unknown,-,histone deposition protein Asf1,protein-coding,-,-,-,-,20160917,-
1043004,25412325,M436DRAFT_56484,M436DRAFT_56484,-,-,Unknown,-,seven-hairpin glycosidase,protein-coding,-,-,-,-,20160917,-
1043004,25412326,M436DRAFT_56488,M436DRAFT_56488,-,-,Unknown,-,hypothetical protein,protein-coding,-,-,-,-,20160917,-
1043004,25412327,M436DRAFT_56500,M436DRAFT_56500,-,-,Unknown,-,hypothetical protein,protein-coding,-,-,-,-,20160917,-
1043004,25412328,M436DRAFT_56504,M436DRAFT_56504,-,-,Unknown,-,hypothetical protein,protein-coding,-,-,-,-,20151104,-
1043004,25412329,M436DRAFT_56511,M436DRAFT_56511,-,-,Unknown,-,isomerising glucosamine-fructose-6-phosphate aminotransferase,protein-coding,-,-,-,-,20151212,-
1043004,25412330,M436DRAFT_56514,M436DRAFT_56514,-,-,Unknown,-,TBC-domain-containing protein,protein-coding,-,-,-,-,20151212,-
1043004,25412331,M436DRAFT_56517,M436DRAFT_56517,-,-,Unknown,-,hypothetical protein,protein-coding,-,-,-,-,20160917,-
1043004,25412332,M436DRAFT_56518,M436DRAFT_56518,-,-,Unknown,-,alpha/beta-hydrolase,protein-coding,-,-,-,-,20160917,-
1043004,25412333,M436DRAFT_56519,M436DRAFT_56519,-,-,Unknown,-,Pentulose kinase,protein-coding,-,-,-,-,20151212,-
1043004,25412334,M436DRAFT_56536,M436DRAFT_56536,-,-,Unknown,-,PLP-dependent transferase,protein-coding,-,-,-,-,20160917,-
1043004,25412335,M436DRAFT_56546,M436DRAFT_56546,-,-,Unknown,-,hypothetical protein,protein-coding,-,-,-,-,20160917,-
1043004,25412336,M436DRAFT_56562,M436DRAFT_56562,-,-,Unknown,-,P-loop containing nucleoside triphosphate hydrolase protein,protein-coding,-,-,-,-,20160917,-
1043004,25412337,M436DRAFT_56565,M436DRAFT_56565,-,-,Unknown,-,methyltransferase,protein-coding,-,-,-,-,20160917,-
1043004,25412338,M436DRAFT_56571,M436DRAFT_56571,-,-,Unknown,-,hypothetical protein,protein-coding,-,-,-,-,20151104,-
1043004,25412339,M436DRAFT_56574,M436DRAFT_56574,-,-,Unknown,-,S-adenosyl-L-methionine-dependent methyltransferase,protein-coding,-,-,-,-,20160325,-
1043004,25412340,M436DRAFT_56575,M436DRAFT_56575,-,-,Unknown,-,hypothetical protein,protein-coding,-,-,-,-,20160917,-
1043004,25412341,M436DRAFT_56577,M436DRAFT_56577,-,-,Unknown,-,YOR378W-like protein,protein-coding,-,-,-,-,20160917,-
1043004,25412342,M436DRAFT_56585,M436DRAFT_56585,-,-,Unknown,-,hypothetical protein,protein-coding,-,-,-,-,20160917,-
1043004,25412343,M436DRAFT_56589,M436DRAFT_56589,-,-,Unknown,-,glycoside hydrolase,protein-coding,-,-,-,-,20160917,-
1043004,25412344,M436DRAFT_56595,M436DRAFT_56595,-,-,Unknown,-,hypothetical protein,protein-coding,-,-,-,-,20160917,-
1043004,25412345,M436DRAFT_56608,M436DRAFT_56608,-,-,Unknown,-,hypothetical protein,protein-coding,-,-,-,-,20160325,-
1043004,25412346,M436DRAFT_56610,M436DRAFT_56610,-,-,Unknown,-,Nop-domain-containing protein,protein-coding,-,-,-,-,20160917,-
1043004,25412347,M436DRAFT_56613,M436DRAFT_56613,-,-,Unknown,-,hypothetical protein,protein-coding,-,-,-,-,20151212,-
1043004,25412348,M436DRAFT_56622,M436DRAFT_56622,-,-,Unknown,-,hypothetical protein,protein-coding,-,-,-,-,20151212,-
1043004,25412349,M436DRAFT_56638,M436DRAFT_56638,-,-,Unknown,-,hypothetical protein,protein-coding,-,-,-,-,20160917,-
1043004,25412350,M436DRAFT_56645,M436DRAFT_56645,-,-,Unknown,-,glycoside hydrolase,protein-coding,-,-,-,-,20160917,-
1043004,25412351,M436DRAFT_56650,M436DRAFT_56650,-,-,Unknown,-,eukaryotic translation initiation factor 3 subunit K,protein-coding,-,-,-,-,20160917,-
1043004,25412352,M436DRAFT_56653,M436DRAFT_56653,-,-,Unknown,-,hypothetical protein,protein-coding,-,-,-,-,20151104,-
1043004,25412353,M436DRAFT_56654,M436DRAFT_56654,-,-,Unknown,-,vacuolar protein sorting 41,protein-coding,-,-,-,-,20160917,-
1043004,25412354,M436DRAFT_56670,M436DRAFT_56670,-,-,Unknown,-,putative chromosome segregation protein SudA,protein-coding,-,-,-,-,20160917,-
1043004,25412355,M436DRAFT_56673,M436DRAFT_56673,-,-,Unknown,-,nuclear pore protein,protein-coding,-,-,-,-,20160917,-
1043004,25412356,M436DRAFT_56675,M436DRAFT_56675,-,-,Unknown,-,hypothetical protein,protein-coding,-,-,-,-,20160917,-
1043004,25412357,M436DRAFT_56680,M436DRAFT_56680,-,-,Unknown,-,hypothetical protein,protein-coding,-,-,-,-,20151104,-
1043004,25412358,M436DRAFT_56681,M436DRAFT_56681,-,-,Unknown,-,subtilase,protein-coding,-,-,-,-,20160917,-
1043004,25412359,M436DRAFT_56690,M436DRAFT_56690,-,-,Unknown,-,putative DEAD helicases superfamily protein,protein-coding,-,-,-,-,20160917,-
1043004,25412360,M436DRAFT_56698,M436DRAFT_56698,-,-,Unknown,-,P-loop containing nucleoside triphosphate hydrolase protein,protein-coding,-,-,-,-,20160917,-
1043004,25412361,M436DRAFT_56700,M436DRAFT_56700,-,-,Unknown,-,hypothetical protein,protein-coding,-,-,-,-,20151212,-
1043004,25412362,M436DRAFT_56701,M436DRAFT_56701,-,-,Unknown,-,MFS general substrate transporter,protein-coding,-,-,-,-,20160917,-
1043004,25412363,M436DRAFT_56703,M436DRAFT_56703,-,-,Unknown,-,AAR2 domain-containing protein,protein-coding,-,-,-,-,20160917,-
1043004,25412364,M436DRAFT_56706,M436DRAFT_56706,-,-,Unknown,-,putative 40S ribosomal protein,protein-coding,-,-,-,-,20160917,-
1043004,25412365,M436DRAFT_56710,M436DRAFT_56710,-,-,Unknown,-,carbamoyl-phosphate synthase-like protein arginine-specific large chain,protein-coding,-,-,-,-,20160917,-
1043004,25412366,M436DRAFT_56711,M436DRAFT_56711,-,-,Unknown,-,"transcription initiation factor TFIID, subunit TAF5",protein-coding,-,-,-,-,20160917,-
1043004,25412367,M436DRAFT_56718,M436DRAFT_56718,-,-,Unknown,-,hypothetical protein,protein-coding,-,-,-,-,20151104,-
1043004,25412368,M436DRAFT_56724,M436DRAFT_56724,-,-,Unknown,-,glycosyl transferas-like protein,protein-coding,-,-,-,-,20160917,-
1043004,25412369,M436DRAFT_56729,M436DRAFT_56729,-,-,Unknown,-,hypothetical protein,protein-coding,-,-,-,-,20151104,-
1043004,25412370,M436DRAFT_56740,M436DRAFT_56740,-,-,Unknown,-,ferric-chelate reductase,protein-coding,-,-,-,-,20160917,-
1043004,25412371,M436DRAFT_56745,M436DRAFT_56745,-,-,Unknown,-,hypothetical protein,protein-coding,-,-,-,-,20160917,-
1043004,25412372,M436DRAFT_56752,M436DRAFT_56752,-,-,Unknown,-,hypothetical protein,protein-coding,-,-,-,-,20151104,-
1043004,25412373,M436DRAFT_56760,M436DRAFT_56760,-,-,Unknown,-,Serine/threonine-protein kinase Rio1,protein-coding,-,-,-,-,20160917,-
1043004,25412374,M436DRAFT_56765,M436DRAFT_56765,-,-,Unknown,-,hypothetical protein,protein-coding,-,-,-,-,20160917,-
1043004,25412375,M436DRAFT_56772,M436DRAFT_56772,-,-,Unknown,-,mitochondrial carrier,protein-coding,-,-,-,-,20160917,-
1043004,25412376,M436DRAFT_56779,M436DRAFT_56779,-,-,Unknown,-,glycine dehydrogenase-like protein,protein-coding,-,-,-,-,20160917,-
1043004,25412377,M436DRAFT_56780,M436DRAFT_56780,-,-,Unknown,-,hypothetical protein,protein-coding,-,-,-,-,20170520,-
1043004,25412378,M436DRAFT_56784,M436DRAFT_56784,-,-,Unknown,-,GABA-specific permease,protein-coding,-,-,-,-,20160917,-
1043004,25412379,M436DRAFT_56785,M436DRAFT_56785,-,-,Unknown,-,putative nuclear condensin complex subunit Smc4,protein-coding,-,-,-,-,20160917,-
1043004,25412380,M436DRAFT_56799,M436DRAFT_56799,-,-,Unknown,-,zf-PARP-domain-containing protein,protein-coding,-,-,-,-,20160917,-
1043004,25412381,M436DRAFT_56802,M436DRAFT_56802,-,-,Unknown,-,hypothetical protein,protein-coding,-,-,-,-,20160917,-
1043004,25412382,M436DRAFT_56811,M436DRAFT_56811,-,-,Unknown,-,ribosomal protein subunit S4,protein-coding,-,-,-,-,20160325,-
1043004,25412383,M436DRAFT_56812,M436DRAFT_56812,-,-,Unknown,-,hypothetical protein,protein-coding,-,-,-,-,20151212,-
1043004,25412384,M436DRAFT_56814,M436DRAFT_56814,-,-,Unknown,-,hypothetical protein,protein-coding,-,-,-,-,20160917,-
1043004,25412385,M436DRAFT_56816,M436DRAFT_56816,-,-,Unknown,-,acetolactate synthase,protein-coding,-,-,-,-,20160917,-
1043004,25412386,M436DRAFT_56823,M436DRAFT_56823,-,-,Unknown,-,concanavalin A-like lectin/glucanase,protein-coding,-,-,-,-,20160917,-
1043004,25412387,M436DRAFT_56832,M436DRAFT_56832,-,-,Unknown,-,high mobility group box,protein-coding,-,-,-,-,20151212,-
1043004,25412388,M436DRAFT_56837,M436DRAFT_56837,-,-,Unknown,-,NAD(P)-binding protein,protein-coding,-,-,-,-,20160917,-
1043004,25412389,M436DRAFT_56841,M436DRAFT_56841,-,-,Unknown,-,hypothetical protein,protein-coding,-,-,-,-,20151104,-
1043004,25412390,M436DRAFT_56847,M436DRAFT_56847,-,-,Unknown,-,calcium/proton exchanger,protein-coding,-,-,-,-,20160917,-
1043004,25412391,M436DRAFT_56848,M436DRAFT_56848,-,-,Unknown,-,hypothetical protein,protein-coding,-,-,-,-,20160917,-
1043004,25412392,M436DRAFT_56864,M436DRAFT_56864,-,-,Unknown,-,Arabinanase/levansucrase/invertase,protein-coding,-,-,-,-,20160917,-
1043004,25412393,M436DRAFT_56881,M436DRAFT_56881,-,-,Unknown,-,Paf1 complex protein,protein-coding,-,-,-,-,20160917,-
1043004,25412394,M436DRAFT_56887,M436DRAFT_56887,-,-,Unknown,-,hypothetical protein,protein-coding,-,-,-,-,20160917,-
1043004,25412395,M436DRAFT_56897,M436DRAFT_56897,-,-,Unknown,-,Dimethylglycine oxidase,protein-coding,-,-,-,-,20160917,-
1043004,25412396,M436DRAFT_56909,M436DRAFT_56909,-,-,Unknown,-,hypothetical protein,protein-coding,-,-,-,-,20160917,-
1043004,25412397,M436DRAFT_56913,M436DRAFT_56913,-,-,Unknown,-,cysteine proteinase,protein-coding,-,-,-,-,20160917,-
1043004,25412398,M436DRAFT_56922,M436DRAFT_56922,-,-,Unknown,-,hypothetical protein,protein-coding,-,-,-,-,20151104,-
1043004,25412399,M436DRAFT_56927,M436DRAFT_56927,-,-,Unknown,-,adenylosuccinate synthetase-like protein,protein-coding,-,-,-,-,20160917,-
1043004,25412400,M436DRAFT_56941,M436DRAFT_56941,-,-,Unknown,-,patatin-domain-containing protein,protein-coding,-,-,-,-,20160917,-
1043004,25412401,M436DRAFT_56952,M436DRAFT_56952,-,-,Unknown,-,hypothetical protein,protein-coding,-,-,-,-,20151104,-
1043004,25412402,M436DRAFT_56954,M436DRAFT_56954,-,-,Unknown,-,signal peptidase complex catalytic subunit sec11,protein-coding,-,-,-,-,20160917,-
1043004,25412403,M436DRAFT_56958,M436DRAFT_56958,-,-,Unknown,-,snare-like protein,protein-coding,-,-,-,-,20160917,-
1043004,25412404,M436DRAFT_56960,M436DRAFT_56960,-,-,Unknown,-,Sec63-domain-containing protein,protein-coding,-,-,-,-,20160917,-
1043004,25412405,M436DRAFT_56966,M436DRAFT_56966,-,-,Unknown,-,U2 snRNP component prp10,protein-coding,-,-,-,-,20160917,-
1043004,25412406,M436DRAFT_56979,M436DRAFT_56979,-,-,Unknown,-,hypothetical protein,protein-coding,-,-,-,-,20160917,-
1043004,25412407,M436DRAFT_56986,M436DRAFT_56986,-,-,Unknown,-,importin subunit beta-3,protein-coding,-,-,-,-,20160917,-
1043004,25412408,M436DRAFT_56988,M436DRAFT_56988,-,-,Unknown,-,hypothetical protein,protein-coding,-,-,-,-,20160325,-
1043004,25412409,M436DRAFT_56997,M436DRAFT_56997,-,-,Unknown,-,putative AAA family ATPase,protein-coding,-,-,-,-,20160917,-
1043004,25412410,M436DRAFT_56998,M436DRAFT_56998,-,-,Unknown,-,beach-domain-containing protein,protein-coding,-,-,-,-,20160917,-
1043004,25412411,M436DRAFT_56999,M436DRAFT_56999,-,-,Unknown,-,hypothetical protein,protein-coding,-,-,-,-,20160917,-
1043004,25412412,M436DRAFT_57004,M436DRAFT_57004,-,-,Unknown,-,SAGA transcriptional complex subunit,protein-coding,-,-,-,-,20160917,-
1043004,25412413,M436DRAFT_57007,M436DRAFT_57007,-,-,Unknown,-,AAA-domain-containing protein,protein-coding,-,-,-,-,20160917,-
1043004,25412414,M436DRAFT_57010,M436DRAFT_57010,-,-,Unknown,-,lysophospholipase A,protein-coding,-,-,-,-,20151212,-
1043004,25412415,M436DRAFT_57034,M436DRAFT_57034,-,-,Unknown,-,hypothetical protein,protein-coding,-,-,-,-,20151104,-
1043004,25412416,M436DRAFT_57054,M436DRAFT_57054,-,-,Unknown,-,hypothetical protein,protein-coding,-,-,-,-,20151104,-
1043004,25412417,M436DRAFT_57055,M436DRAFT_57055,-,-,Unknown,-,FAD/NAD(P)-binding domain-containing protein,protein-coding,-,-,-,-,20160917,-
1043004,25412418,M436DRAFT_57056,M436DRAFT_57056,-,-,Unknown,-,UEV-domain-containing protein,protein-coding,-,-,-,-,20160917,-
1043004,25412419,M436DRAFT_57060,M436DRAFT_57060,-,-,Unknown,-,P60-like protein,protein-coding,-,-,-,-,20160917,-
1043004,25412420,M436DRAFT_57062,M436DRAFT_57062,-,-,Unknown,-,NAD(P)-binding protein,protein-coding,-,-,-,-,20160917,-
1043004,25412421,M436DRAFT_57064,M436DRAFT_57064,-,-,Unknown,-,BRO1-domain-containing protein,protein-coding,-,-,-,-,20160917,-
1043004,25412422,M436DRAFT_57068,M436DRAFT_57068,-,-,Unknown,-,vacuolar ATP synthase subunit C,protein-coding,-,-,-,-,20160917,-
1043004,25412423,M436DRAFT_57070,M436DRAFT_57070,-,-,Unknown,-,class I glutamine amidotransferase-like protein,protein-coding,-,-,-,-,20151212,-
1043004,25412424,M436DRAFT_57074,M436DRAFT_57074,-,-,Unknown,-,CoA-dependent acyltransferase,protein-coding,-,-,-,-,20160917,-
1043004,25412425,M436DRAFT_57077,M436DRAFT_57077,-,-,Unknown,-,apses-domain-containing protein,protein-coding,-,-,-,-,20160917,-
1043004,25412426,M436DRAFT_57082,M436DRAFT_57082,-,-,Unknown,-,hypothetical protein,protein-coding,-,-,-,-,20160917,-
1043004,25412427,M436DRAFT_57090,M436DRAFT_57090,-,-,Unknown,-,3-phytase,protein-coding,-,-,-,-,20160917,-
1043004,25412428,M436DRAFT_57094,M436DRAFT_57094,-,-,Unknown,-,hypothetical protein,protein-coding,-,-,-,-,20160325,-
1043004,25412429,M436DRAFT_57096,M436DRAFT_57096,-,-,Unknown,-,hypothetical protein,protein-coding,-,-,-,-,20160917,-
1043004,25412430,M436DRAFT_57099,M436DRAFT_57099,-,-,Unknown,-,hypothetical protein,protein-coding,-,-,-,-,20160917,-
1043004,25412431,M436DRAFT_57100,M436DRAFT_57100,-,-,Unknown,-,BRCT domain-containing protein,protein-coding,-,-,-,-,20160917,-
1043004,25412432,M436DRAFT_57101,M436DRAFT_57101,-,-,Unknown,-,ATP-dependent DNA helicase,protein-coding,-,-,-,-,20160917,-
1043004,25412433,M436DRAFT_57107,M436DRAFT_57107,-,-,Unknown,-,mitochondrial ribosomal protein,protein-coding,-,-,-,-,20160917,-
1043004,25412434,M436DRAFT_57109,M436DRAFT_57109,-,-,Unknown,-,hypothetical protein,protein-coding,-,-,-,-,20151104,-
1043004,25412435,M436DRAFT_57113,M436DRAFT_57113,-,-,Unknown,-,mitochondrial carrier,protein-coding,-,-,-,-,20160917,-
1043004,25412436,M436DRAFT_57115,M436DRAFT_57115,-,-,Unknown,-,hypothetical protein,protein-coding,-,-,-,-,20151104,-
1043004,25412437,M436DRAFT_57116,M436DRAFT_57116,-,-,Unknown,-,hypothetical protein,protein-coding,-,-,-,-,20160917,-
1043004,25412438,M436DRAFT_57119,M436DRAFT_57119,-,-,Unknown,-,hypothetical protein,protein-coding,-,-,-,-,20160917,-
1043004,25412439,M436DRAFT_57130,M436DRAFT_57130,-,-,Unknown,-,family 1 glycoside hydrolase,protein-coding,-,-,-,-,20160917,-
1043004,25412440,M436DRAFT_57135,M436DRAFT_57135,-,-,Unknown,-,"ERG8, Phosphomevalonate kinase",protein-coding,-,-,-,-,20160917,-
1043004,25412441,M436DRAFT_57136,M436DRAFT_57136,-,-,Unknown,-,Endosulfine-domain-containing protein,protein-coding,-,-,-,-,20160917,-
1043004,25412442,M436DRAFT_57137,M436DRAFT_57137,-,-,Unknown,-,hypothetical protein,protein-coding,-,-,-,-,20151104,-
1043004,25412443,M436DRAFT_57144,M436DRAFT_57144,-,-,Unknown,-,trimeric LpxA-like protein,protein-coding,-,-,-,-,20151212,-
1043004,25412444,M436DRAFT_57152,M436DRAFT_57152,-,-,Unknown,-,hypothetical protein,protein-coding,-,-,-,-,20160917,-
1043004,25412445,M436DRAFT_57157,M436DRAFT_57157,-,-,Unknown,-,cell wall glycosyl hydrolase Dfg5,protein-coding,-,-,-,-,20160917,-
1043004,25412446,M436DRAFT_57158,M436DRAFT_57158,-,-,Unknown,-,major facilitator superfamily transporter,protein-coding,-,-,-,-,20160917,-
1043004,25412447,M436DRAFT_57159,M436DRAFT_57159,-,-,Unknown,-,hypothetical protein,protein-coding,-,-,-,-,20160917,-
1043004,25412448,M436DRAFT_57181,M436DRAFT_57181,-,-,Unknown,-,alpha/beta-hydrolase,protein-coding,-,-,-,-,20160917,-
1043004,25412449,M436DRAFT_57184,M436DRAFT_57184,-,-,Unknown,-,hypothetical protein,protein-coding,-,-,-,-,20160917,-
1043004,25412450,M436DRAFT_57194,M436DRAFT_57194,-,-,Unknown,-,putative NADH-ubiquinone oxidoreductase B18 subunit,protein-coding,-,-,-,-,20160917,-
1043004,25412451,M436DRAFT_57196,M436DRAFT_57196,-,-,Unknown,-,hypothetical protein,protein-coding,-,-,-,-,20160917,-
1043004,25412452,M436DRAFT_57197,M436DRAFT_57197,-,-,Unknown,-,hypothetical protein,protein-coding,-,-,-,-,20151104,-
1043004,25412453,M436DRAFT_57198,M436DRAFT_57198,-,-,Unknown,-,hypothetical protein,protein-coding,-,-,-,-,20160917,-
1043004,25412454,M436DRAFT_57211,M436DRAFT_57211,-,-,Unknown,-,hypothetical protein,protein-coding,-,-,-,-,20160917,-
1043004,25412455,M436DRAFT_57214,M436DRAFT_57214,-,-,Unknown,-,nucleotide-diphospho-sugar transferase,protein-coding,-,-,-,-,20151212,-
1043004,25412456,M436DRAFT_57226,M436DRAFT_57226,-,-,Unknown,-,FAS1 domain-containing protein,protein-coding,-,-,-,-,20160917,-
1043004,25412457,M436DRAFT_57235,M436DRAFT_57235,-,-,Unknown,-,hypothetical protein,protein-coding,-,-,-,-,20151212,-
1043004,25412458,M436DRAFT_57238,M436DRAFT_57238,-,-,Unknown,-,hypothetical protein,protein-coding,-,-,-,-,20160917,-
1043004,25412459,M436DRAFT_57243,M436DRAFT_57243,-,-,Unknown,-,hypothetical protein,protein-coding,-,-,-,-,20160917,-
1043004,25412460,M436DRAFT_57269,M436DRAFT_57269,-,-,Unknown,-,hypothetical protein,protein-coding,-,-,-,-,20151104,-
1043004,25412461,M436DRAFT_57276,M436DRAFT_57276,-,-,Unknown,-,hypothetical protein,protein-coding,-,-,-,-,20151104,-
1043004,25412462,M436DRAFT_57281,M436DRAFT_57281,-,-,Unknown,-,BAR-domain-containing protein,protein-coding,-,-,-,-,20160917,-
1043004,25412463,M436DRAFT_57297,M436DRAFT_57297,-,-,Unknown,-,"putative arabinan endo-1,5-alpha-L-arabinosidase A",protein-coding,-,-,-,-,20151212,-
1043004,25412464,M436DRAFT_57299,M436DRAFT_57299,-,-,Unknown,-,alpha/beta-hydrolase,protein-coding,-,-,-,-,20160917,-
1043004,25412465,M436DRAFT_57300,M436DRAFT_57300,-,-,Unknown,-,hypothetical protein,protein-coding,-,-,-,-,20151104,-
1043004,25412466,M436DRAFT_57305,M436DRAFT_57305,-,-,Unknown,-,TFP11-domain-containing protein,protein-coding,-,-,-,-,20160917,-
1043004,25412467,M436DRAFT_57308,M436DRAFT_57308,-,-,Unknown,-,glycine cleavage system T protein,protein-coding,-,-,-,-,20160917,-
1043004,25412468,M436DRAFT_57310,M436DRAFT_57310,-,-,Unknown,-,hypothetical protein,protein-coding,-,-,-,-,20160917,-
1043004,25412469,M436DRAFT_57313,M436DRAFT_57313,-,-,Unknown,-,gamma tubulin,protein-coding,-,-,-,-,20151212,-
1043004,25412470,M436DRAFT_57319,M436DRAFT_57319,-,-,Unknown,-,"fructose-1,6-bisphosphatase",protein-coding,-,-,-,-,20151212,-
1043004,25412471,M436DRAFT_57328,M436DRAFT_57328,-,-,Unknown,-,ARF/SAR superfamily,protein-coding,-,-,-,-,20160917,-
1043004,25412472,M436DRAFT_57348,M436DRAFT_57348,-,-,Unknown,-,DUF431 domain-containing protein,protein-coding,-,-,-,-,20160917,-
1043004,25412473,M436DRAFT_57351,M436DRAFT_57351,-,-,Unknown,-,hypothetical protein,protein-coding,-,-,-,-,20160917,-
1043004,25412474,M436DRAFT_57355,M436DRAFT_57355,-,-,Unknown,-,calcium channel-like protein subunit Cch1,protein-coding,-,-,-,-,20160917,-
1043004,25412475,M436DRAFT_57367,M436DRAFT_57367,-,-,Unknown,-,ribosomal protein S19/S15,protein-coding,-,-,-,-,20160917,-
1043004,25412476,M436DRAFT_57371,M436DRAFT_57371,-,-,Unknown,-,hypothetical protein,protein-coding,-,-,-,-,20151104,-
1043004,25412477,M436DRAFT_57375,M436DRAFT_57375,-,-,Unknown,-,hypothetical protein,protein-coding,-,-,-,-,20160917,-
1043004,25412478,M436DRAFT_57387,M436DRAFT_57387,-,-,Unknown,-,hypothetical protein,protein-coding,-,-,-,-,20151212,-
1043004,25412479,M436DRAFT_57391,M436DRAFT_57391,-,-,Unknown,-,putative ABC transporter,protein-coding,-,-,-,-,20160917,-
1043004,25412480,M436DRAFT_57396,M436DRAFT_57396,-,-,Unknown,-,"UDP-4-keto-6-deoxy-glucose-3,5-epimerase/ UDP-4-keto-rhamnose-4-keto-reductase",protein-coding,-,-,-,-,20160917,-
1043004,25412481,M436DRAFT_57397,M436DRAFT_57397,-,-,Unknown,-,hypothetical protein,protein-coding,-,-,-,-,20151104,-
1043004,25412482,M436DRAFT_57405,M436DRAFT_57405,-,-,Unknown,-,acid protease,protein-coding,-,-,-,-,20160917,-
1043004,25412483,M436DRAFT_57410,M436DRAFT_57410,-,-,Unknown,-,hypothetical protein,protein-coding,-,-,-,-,20160917,-
1043004,25412484,M436DRAFT_57414,M436DRAFT_57414,-,-,Unknown,-,sugar transporter,protein-coding,-,-,-,-,20151212,-
1043004,25412485,M436DRAFT_57415,M436DRAFT_57415,-,-,Unknown,-,WD40 repeat-like protein,protein-coding,-,-,-,-,20160917,-
1043004,25412486,M436DRAFT_57418,M436DRAFT_57418,-,-,Unknown,-,hypothetical protein,protein-coding,-,-,-,-,20151104,-
1043004,25412487,M436DRAFT_57420,M436DRAFT_57420,-,-,Unknown,-,pyruvate decarboxylase,protein-coding,-,-,-,-,20160917,-
1043004,25412488,M436DRAFT_57425,M436DRAFT_57425,-,-,Unknown,-,monosaccharide transporter,protein-coding,-,-,-,-,20160917,-
1043004,25412489,M436DRAFT_57440,M436DRAFT_57440,-,-,Unknown,-,LIP-domain-containing protein,protein-coding,-,-,-,-,20160917,-
1043004,25412490,M436DRAFT_57449,M436DRAFT_57449,-,-,Unknown,-,hypothetical protein,protein-coding,-,-,-,-,20160917,-
1043004,25412491,M436DRAFT_57451,M436DRAFT_57451,-,-,Unknown,-,hypothetical protein,protein-coding,-,-,-,-,20160325,-
1043004,25412492,M436DRAFT_57458,M436DRAFT_57458,-,-,Unknown,-,hypothetical protein,protein-coding,-,-,-,-,20151104,-
1043004,25412493,M436DRAFT_57461,M436DRAFT_57461,-,-,Unknown,-,ClpP/crotonase,protein-coding,-,-,-,-,20160917,-
1043004,25412494,M436DRAFT_57463,M436DRAFT_57463,-,-,Unknown,-,hypothetical protein,protein-coding,-,-,-,-,20151104,-
1043004,25412495,M436DRAFT_57472,M436DRAFT_57472,-,-,Unknown,-,hypothetical protein,protein-coding,-,-,-,-,20151104,-
1043004,25412496,M436DRAFT_57476,M436DRAFT_57476,-,-,Unknown,-,hypothetical protein,protein-coding,-,-,-,-,20160917,-
1043004,25412497,M436DRAFT_57481,M436DRAFT_57481,-,-,Unknown,-,hypothetical protein,protein-coding,-,-,-,-,20151212,-
1043004,25412498,M436DRAFT_57483,M436DRAFT_57483,-,-,Unknown,-,PMSR-domain-containing protein,protein-coding,-,-,-,-,20160917,-
1043004,25412499,M436DRAFT_57484,M436DRAFT_57484,-,-,Unknown,-,putative daunorubicin C-13 ketoreductase,protein-coding,-,-,-,-,20160917,-
1043004,25412500,M436DRAFT_57491,M436DRAFT_57491,-,-,Unknown,-,hypothetical protein,protein-coding,-,-,-,-,20151104,-
1043004,25412501,M436DRAFT_57492,M436DRAFT_57492,-,-,Unknown,-,FAD/NAD(P)-binding domain-containing protein,protein-coding,-,-,-,-,20160917,-
1043004,25412502,M436DRAFT_57528,M436DRAFT_57528,-,-,Unknown,-,integral membrane protein,protein-coding,-,-,-,-,20160917,-
1043004,25412503,M436DRAFT_57542,M436DRAFT_57542,-,-,Unknown,-,hypothetical protein,protein-coding,-,-,-,-,20160917,-
1043004,25412504,M436DRAFT_57561,M436DRAFT_57561,-,-,Unknown,-,hypothetical protein,protein-coding,-,-,-,-,20160917,-
1043004,25412505,M436DRAFT_57564,M436DRAFT_57564,-,-,Unknown,-,hypothetical protein,protein-coding,-,-,-,-,20160917,-
1043004,25412506,M436DRAFT_57565,M436DRAFT_57565,-,-,Unknown,-,hypothetical protein,protein-coding,-,-,-,-,20151212,-
1043004,25412507,M436DRAFT_57575,M436DRAFT_57575,-,-,Unknown,-,glycerophosphocholine phosphodiesterase Gde1,protein-coding,-,-,-,-,20160917,-
1043004,25412508,M436DRAFT_57577,M436DRAFT_57577,-,-,Unknown,-,hypothetical protein,protein-coding,-,-,-,-,20160917,-
1043004,25412509,M436DRAFT_57579,M436DRAFT_57579,-,-,Unknown,-,NAD(P)-binding protein,protein-coding,-,-,-,-,20160917,-
1043004,25412510,M436DRAFT_57582,M436DRAFT_57582,-,-,Unknown,-,hypothetical protein,protein-coding,-,-,-,-,20160917,-
1043004,25412511,M436DRAFT_57585,M436DRAFT_57585,-,-,Unknown,-,hypothetical protein,protein-coding,-,-,-,-,20160917,-
1043004,25412512,M436DRAFT_57589,M436DRAFT_57589,-,-,Unknown,-,hypothetical protein,protein-coding,-,-,-,-,20151104,-
1043004,25412513,M436DRAFT_57595,M436DRAFT_57595,-,-,Unknown,-,glycoside hydrolase/deacetylase,protein-coding,-,-,-,-,20160917,-
1043004,25412514,M436DRAFT_57601,M436DRAFT_57601,-,-,Unknown,-,oligopeptide transporter protein,protein-coding,-,-,-,-,20160917,-
1043004,25412515,M436DRAFT_57602,M436DRAFT_57602,-,-,Unknown,-,"actin-related protein, ARP3 class",protein-coding,-,-,-,-,20160917,-
1043004,25412516,M436DRAFT_57608,M436DRAFT_57608,-,-,Unknown,-,hypothetical protein,protein-coding,-,-,-,-,20160917,-
1043004,25412517,M436DRAFT_57641,M436DRAFT_57641,-,-,Unknown,-,hypothetical protein,protein-coding,-,-,-,-,20160917,-
1043004,25412518,M436DRAFT_57651,M436DRAFT_57651,-,-,Unknown,-,alpha/beta-hydrolase,protein-coding,-,-,-,-,20160917,-
1043004,25412519,M436DRAFT_57656,M436DRAFT_57656,-,-,Unknown,-,PQ loop repeat protein-like protein,protein-coding,-,-,-,-,20160917,-
1043004,25412520,M436DRAFT_57658,M436DRAFT_57658,-,-,Unknown,-,calcineurin-like phosphoesterase,protein-coding,-,-,-,-,20151212,-
1043004,25412521,M436DRAFT_57659,M436DRAFT_57659,-,-,Unknown,-,vacuolar ATP synthase proteolipid subunit,protein-coding,-,-,-,-,20160917,-
1043004,25412522,M436DRAFT_57663,M436DRAFT_57663,-,-,Unknown,-,Arabinanase/levansucrase/invertase,protein-coding,-,-,-,-,20160917,-
1043004,25412523,M436DRAFT_57677,M436DRAFT_57677,-,-,Unknown,-,UPF0057-domain-containing protein,protein-coding,-,-,-,-,20160917,-
1043004,25412524,M436DRAFT_57680,M436DRAFT_57680,-,-,Unknown,-,hypothetical protein,protein-coding,-,-,-,-,20151212,-
1043004,25412525,M436DRAFT_57690,M436DRAFT_57690,-,-,Unknown,-,amino acid transporter,protein-coding,-,-,-,-,20160917,-
1043004,25412526,M436DRAFT_57694,M436DRAFT_57694,-,-,Unknown,-,hypothetical protein,protein-coding,-,-,-,-,20160917,-
1043004,25412527,M436DRAFT_57695,M436DRAFT_57695,-,-,Unknown,-,NAD(P)-binding protein,protein-coding,-,-,-,-,20151212,-
1043004,25412528,M436DRAFT_57698,M436DRAFT_57698,-,-,Unknown,-,hypothetical protein,protein-coding,-,-,-,-,20160917,-
1043004,25412529,M436DRAFT_57709,M436DRAFT_57709,-,-,Unknown,-,hypothetical protein,protein-coding,-,-,-,-,20151212,-
1043004,25412530,M436DRAFT_57742,M436DRAFT_57742,-,-,Unknown,-,hypothetical protein,protein-coding,-,-,-,-,20151212,-
1043004,25412531,M436DRAFT_57744,M436DRAFT_57744,-,-,Unknown,-,hypothetical protein,protein-coding,-,-,-,-,20151104,-
1043004,25412532,M436DRAFT_57746,M436DRAFT_57746,-,-,Unknown,-,hypothetical protein,protein-coding,-,-,-,-,20151104,-
1043004,25412533,M436DRAFT_57747,M436DRAFT_57747,-,-,Unknown,-,Ribokinase-like protein,protein-coding,-,-,-,-,20151212,-
1043004,25412534,M436DRAFT_57752,M436DRAFT_57752,-,-,Unknown,-,Cloroperoxidase,protein-coding,-,-,-,-,20160917,-
1043004,25412535,M436DRAFT_57755,M436DRAFT_57755,-,-,Unknown,-,hypothetical protein,protein-coding,-,-,-,-,20160917,-
1043004,25412536,M436DRAFT_57760,M436DRAFT_57760,-,-,Unknown,-,protein kinase WD40,protein-coding,-,-,-,-,20160917,-
1043004,25412537,M436DRAFT_57763,M436DRAFT_57763,-,-,Unknown,-,FAD/NAD(P)-binding domain-containing protein,protein-coding,-,-,-,-,20160917,-
1043004,25412538,M436DRAFT_57773,M436DRAFT_57773,-,-,Unknown,-,hypothetical protein,protein-coding,-,-,-,-,20151104,-
1043004,25412539,M436DRAFT_57774,M436DRAFT_57774,-,-,Unknown,-,lipase 2,protein-coding,-,-,-,-,20160917,-
1043004,25412540,M436DRAFT_57776,M436DRAFT_57776,-,-,Unknown,-,AEX-3 domain protein,protein-coding,-,-,-,-,20160917,-
1043004,25412541,M436DRAFT_57781,M436DRAFT_57781,-,-,Unknown,-,hypothetical protein,protein-coding,-,-,-,-,20151104,-
1043004,25412542,M436DRAFT_57784,M436DRAFT_57784,-,-,Unknown,-,hypothetical protein,protein-coding,-,-,-,-,20151104,-
1043004,25412543,M436DRAFT_57791,M436DRAFT_57791,-,-,Unknown,-,malic acid transporter,protein-coding,-,-,-,-,20151212,-
1043004,25412544,M436DRAFT_57793,M436DRAFT_57793,-,-,Unknown,-,hypothetical protein,protein-coding,-,-,-,-,20151104,-
1043004,25412545,M436DRAFT_57796,M436DRAFT_57796,-,-,Unknown,-,hypothetical protein,protein-coding,-,-,-,-,20160917,-
1043004,25412546,M436DRAFT_57800,M436DRAFT_57800,-,-,Unknown,-,hypothetical protein,protein-coding,-,-,-,-,20160917,-
1043004,25412547,M436DRAFT_57816,M436DRAFT_57816,-,-,Unknown,-,hypothetical protein,protein-coding,-,-,-,-,20160917,-
1043004,25412548,M436DRAFT_57822,M436DRAFT_57822,-,-,Unknown,-,hypothetical protein,protein-coding,-,-,-,-,20160325,-
1043004,25412549,M436DRAFT_57827,M436DRAFT_57827,-,-,Unknown,-,transcription factor Tfb4,protein-coding,-,-,-,-,20160917,-
1043004,25412550,M436DRAFT_57836,M436DRAFT_57836,-,-,Unknown,-,hypothetical protein,protein-coding,-,-,-,-,20151104,-
1043004,25412551,M436DRAFT_57838,M436DRAFT_57838,-,-,Unknown,-,hypothetical protein,protein-coding,-,-,-,-,20160917,-
1043004,25412552,M436DRAFT_57841,M436DRAFT_57841,-,-,Unknown,-,amidase,protein-coding,-,-,-,-,20160917,-
1043004,25412553,M436DRAFT_57866,M436DRAFT_57866,-,-,Unknown,-,UDP-glucose 4-epimerase,protein-coding,-,-,-,-,20160917,-
1043004,25412554,M436DRAFT_57885,M436DRAFT_57885,-,-,Unknown,-,alpha/beta-hydrolase,protein-coding,-,-,-,-,20160917,-
1043004,25412555,M436DRAFT_57893,M436DRAFT_57893,-,-,Unknown,-,hypothetical protein,protein-coding,-,-,-,-,20151104,-
1043004,25412556,M436DRAFT_57909,M436DRAFT_57909,-,-,Unknown,-,hypothetical protein,protein-coding,-,-,-,-,20160917,-
1043004,25412557,M436DRAFT_57912,M436DRAFT_57912,-,-,Unknown,-,hypothetical protein,protein-coding,-,-,-,-,20160917,-
1043004,25412558,M436DRAFT_57929,M436DRAFT_57929,-,-,Unknown,-,hypothetical protein,protein-coding,-,-,-,-,20151104,-
1043004,25412559,M436DRAFT_57931,M436DRAFT_57931,-,-,Unknown,-,hypothetical protein,protein-coding,-,-,-,-,20160917,-
1043004,25412560,M436DRAFT_57933,M436DRAFT_57933,-,-,Unknown,-,S-adenosyl-L-methionine-dependent methyltransferase,protein-coding,-,-,-,-,20160917,-
1043004,25412561,M436DRAFT_57939,M436DRAFT_57939,-,-,Unknown,-,cytochrome P450,protein-coding,-,-,-,-,20160917,-
1043004,25412562,M436DRAFT_57940,M436DRAFT_57940,-,-,Unknown,-,hypothetical protein,protein-coding,-,-,-,-,20160917,-
1043004,25412563,M436DRAFT_57941,M436DRAFT_57941,-,-,Unknown,-,hypothetical protein,protein-coding,-,-,-,-,20160917,-
1043004,25412564,M436DRAFT_57943,M436DRAFT_57943,-,-,Unknown,-,hypothetical protein,protein-coding,-,-,-,-,20160917,-
1043004,25412565,M436DRAFT_57948,M436DRAFT_57948,-,-,Unknown,-,hypothetical protein,protein-coding,-,-,-,-,20151104,-
1043004,25412566,M436DRAFT_57950,M436DRAFT_57950,-,-,Unknown,-,hypothetical protein,protein-coding,-,-,-,-,20151104,-
1043004,25412567,M436DRAFT_57951,M436DRAFT_57951,-,-,Unknown,-,homoaconitase mitochondrial precursor,protein-coding,-,-,-,-,20160917,-
1043004,25412568,M436DRAFT_57960,M436DRAFT_57960,-,-,Unknown,-,hypothetical protein,protein-coding,-,-,-,-,20160917,-
1043004,25412569,M436DRAFT_57963,M436DRAFT_57963,-,-,Unknown,-,alpha/beta-hydrolase,protein-coding,-,-,-,-,20160917,-
1043004,25412570,M436DRAFT_57965,M436DRAFT_57965,-,-,Unknown,-,hypothetical protein,protein-coding,-,-,-,-,20151212,-
1043004,25412571,M436DRAFT_57979,M436DRAFT_57979,-,-,Unknown,-,succinyl-CoA:3-ketoacid-coenzyme A transferas-like protein,protein-coding,-,-,-,-,20160917,-
1043004,25412572,M436DRAFT_57980,M436DRAFT_57980,-,-,Unknown,-,"TFIIH basal transcription factor complex, subunit SSL1",protein-coding,-,-,-,-,20160917,-
1043004,25412573,M436DRAFT_57983,M436DRAFT_57983,-,-,Unknown,-,hypothetical protein,protein-coding,-,-,-,-,20160917,-
1043004,25412574,M436DRAFT_57993,M436DRAFT_57993,-,-,Unknown,-,NADH-quinone oxidoreductase,protein-coding,-,-,-,-,20160917,-
1043004,25412575,M436DRAFT_58000,M436DRAFT_58000,-,-,Unknown,-,hypothetical protein,protein-coding,-,-,-,-,20151212,-
1043004,25412576,M436DRAFT_58011,M436DRAFT_58011,-,-,Unknown,-,eukaryotic translation initiation factor SUI1 family protein,protein-coding,-,-,-,-,20160917,-
1043004,25412577,M436DRAFT_58016,M436DRAFT_58016,-,-,Unknown,-,major facilitator superfamily transporter,protein-coding,-,-,-,-,20160917,-
1043004,25412578,M436DRAFT_58017,M436DRAFT_58017,-,-,Unknown,-,retrograde regulation protein 2,protein-coding,-,-,-,-,20160917,-
1043004,25412579,M436DRAFT_58034,M436DRAFT_58034,-,-,Unknown,-,JmjC-domain-containing protein,protein-coding,-,-,-,-,20160917,-
1043004,25412580,M436DRAFT_58036,M436DRAFT_58036,-,-,Unknown,-,hypothetical protein,protein-coding,-,-,-,-,20160917,-
1043004,25412581,M436DRAFT_58049,M436DRAFT_58049,-,-,Unknown,-,hypothetical protein,protein-coding,-,-,-,-,20151104,-
1043004,25412582,M436DRAFT_58055,M436DRAFT_58055,-,-,Unknown,-,benomyl/methotrexate resistance protein,protein-coding,-,-,-,-,20160917,-
1043004,25412583,M436DRAFT_58058,M436DRAFT_58058,-,-,Unknown,-,acyltransferase-domain-containing protein,protein-coding,-,-,-,-,20160917,-
1043004,25412584,M436DRAFT_58059,M436DRAFT_58059,-,-,Unknown,-,hypothetical protein,protein-coding,-,-,-,-,20160917,-
1043004,25412585,M436DRAFT_58062,M436DRAFT_58062,-,-,Unknown,-,brix-domain ribosomal biogenesis protein,protein-coding,-,-,-,-,20160917,-
1043004,25412586,M436DRAFT_58064,M436DRAFT_58064,-,-,Unknown,-,thimet oligopeptidase,protein-coding,-,-,-,-,20151212,-
1043004,25412587,M436DRAFT_58072,M436DRAFT_58072,-,-,Unknown,-,hypothetical protein,protein-coding,-,-,-,-,20160917,-
1043004,25412588,M436DRAFT_58077,M436DRAFT_58077,-,-,Unknown,-,actin-like ATPase domain-containing protein,protein-coding,-,-,-,-,20160917,-
1043004,25412589,M436DRAFT_58081,M436DRAFT_58081,-,-,Unknown,-,general substrate transporter,protein-coding,-,-,-,-,20160917,-
1043004,25412590,M436DRAFT_58082,M436DRAFT_58082,-,-,Unknown,-,Pkinase-domain-containing protein,protein-coding,-,-,-,-,20160917,-
1043004,25412591,M436DRAFT_58083,M436DRAFT_58083,-,-,Unknown,-,hypothetical protein,protein-coding,-,-,-,-,20160917,-
1043004,25412592,M436DRAFT_58089,M436DRAFT_58089,-,-,Unknown,-,putative ammonium transporter,protein-coding,-,-,-,-,20151212,-
1043004,25412593,M436DRAFT_58098,M436DRAFT_58098,-,-,Unknown,-,glycyl-tRNA synthetase,protein-coding,-,-,-,-,20151212,-
1043004,25412594,M436DRAFT_58113,M436DRAFT_58113,-,-,Unknown,-,DRMBL-domain-containing protein,protein-coding,-,-,-,-,20160917,-
1043004,25412595,M436DRAFT_58119,M436DRAFT_58119,-,-,Unknown,-,hypothetical protein,protein-coding,-,-,-,-,20160917,-
1043004,25412596,M436DRAFT_58121,M436DRAFT_58121,-,-,Unknown,-,glutathione S-transferase,protein-coding,-,-,-,-,20160917,-
1043004,25412597,M436DRAFT_58128,M436DRAFT_58128,-,-,Unknown,-,putative monocarboxylate transporter,protein-coding,-,-,-,-,20160917,-
1043004,25412598,M436DRAFT_58133,M436DRAFT_58133,-,-,Unknown,-,class I glutamine amidotransferase-like protein,protein-coding,-,-,-,-,20160917,-
1043004,25412599,M436DRAFT_58135,M436DRAFT_58135,-,-,Unknown,-,hypothetical protein,protein-coding,-,-,-,-,20160917,-
1043004,25412600,M436DRAFT_58140,M436DRAFT_58140,-,-,Unknown,-,GAT-like domain-containing protein,protein-coding,-,-,-,-,20151212,-
1043004,25412601,M436DRAFT_58144,M436DRAFT_58144,-,-,Unknown,-,hypothetical protein,protein-coding,-,-,-,-,20151104,-
1043004,25412602,M436DRAFT_58145,M436DRAFT_58145,-,-,Unknown,-,S-adenosyl-L-methionine-dependent methyltransferase,protein-coding,-,-,-,-,20160917,-
1043004,25412603,M436DRAFT_58151,M436DRAFT_58151,-,-,Unknown,-,hypothetical protein,protein-coding,-,-,-,-,20151104,-
1043004,25412604,M436DRAFT_58154,M436DRAFT_58154,-,-,Unknown,-,chitin deacetylase-like protein,protein-coding,-,-,-,-,20151212,-
1043004,25412605,M436DRAFT_58157,M436DRAFT_58157,-,-,Unknown,-,eukaryotic translation initiation factor 3 subunit D,protein-coding,-,-,-,-,20160917,-
1043004,25412606,M436DRAFT_58160,M436DRAFT_58160,-,-,Unknown,-,succinate dehydrogenase,protein-coding,-,-,-,-,20160917,-
1043004,25412607,M436DRAFT_58167,M436DRAFT_58167,-,-,Unknown,-,hypothetical protein,protein-coding,-,-,-,-,20160917,-
1043004,25412608,M436DRAFT_58174,M436DRAFT_58174,-,-,Unknown,-,hypothetical protein,protein-coding,-,-,-,-,20160917,-
1043004,25412609,M436DRAFT_58177,M436DRAFT_58177,-,-,Unknown,-,PLP-dependent transferase,protein-coding,-,-,-,-,20160917,-
1043004,25412610,M436DRAFT_58191,M436DRAFT_58191,-,-,Unknown,-,alpha-actinin-2,protein-coding,-,-,-,-,20160917,-
1043004,25412611,M436DRAFT_58193,M436DRAFT_58193,-,-,Unknown,-,acyl-CoA N-acyltransferase,protein-coding,-,-,-,-,20160917,-
1043004,25412612,M436DRAFT_58200,M436DRAFT_58200,-,-,Unknown,-,hypothetical protein,protein-coding,-,-,-,-,20160917,-
1043004,25412613,M436DRAFT_58201,M436DRAFT_58201,-,-,Unknown,-,Aldo/keto reductase,protein-coding,-,-,-,-,20151212,-
1043004,25412614,M436DRAFT_58206,M436DRAFT_58206,-,-,Unknown,-,hypothetical protein,protein-coding,-,-,-,-,20160917,-
1043004,25412615,M436DRAFT_58220,M436DRAFT_58220,-,-,Unknown,-,putative cyanamide hydratase,protein-coding,-,-,-,-,20160917,-
1043004,25412616,M436DRAFT_58224,M436DRAFT_58224,-,-,Unknown,-,hypothetical protein,protein-coding,-,-,-,-,20151104,-
1043004,25412617,M436DRAFT_58227,M436DRAFT_58227,-,-,Unknown,-,hypothetical protein,protein-coding,-,-,-,-,20151212,-
1043004,25412618,M436DRAFT_58228,M436DRAFT_58228,-,-,Unknown,-,hypothetical protein,protein-coding,-,-,-,-,20160917,-
1043004,25412619,M436DRAFT_58231,M436DRAFT_58231,-,-,Unknown,-,hypothetical protein,protein-coding,-,-,-,-,20151104,-
1043004,25412620,M436DRAFT_58234,M436DRAFT_58234,-,-,Unknown,-,dolichyl-phosphate-mannose--protein mannosyltransferase,protein-coding,-,-,-,-,20160917,-
1043004,25412621,M436DRAFT_58242,M436DRAFT_58242,-,-,Unknown,-,hypothetical protein,protein-coding,-,-,-,-,20151104,-
1043004,25412622,M436DRAFT_58243,M436DRAFT_58243,-,-,Unknown,-,WD40 repeat-like protein,protein-coding,-,-,-,-,20160917,-
1043004,25412623,M436DRAFT_58247,M436DRAFT_58247,-,-,Unknown,-,alpha/beta-hydrolase,protein-coding,-,-,-,-,20151212,-
1043004,25412624,M436DRAFT_58248,M436DRAFT_58248,-,-,Unknown,-,"MgPP2Aregb1, protein phosphatase regulatory beta sub-unit 1",protein-coding,-,-,-,-,20160917,-
1043004,25412625,M436DRAFT_58249,M436DRAFT_58249,-,-,Unknown,-,acetyltransferase,protein-coding,-,-,-,-,20160917,-
1043004,25412626,M436DRAFT_58250,M436DRAFT_58250,-,-,Unknown,-,MFS general substrate transporter,protein-coding,-,-,-,-,20160917,-
1043004,25412627,M436DRAFT_58263,M436DRAFT_58263,-,-,Unknown,-,RNA-binding domain-containing protein,protein-coding,-,-,-,-,20160917,-
1043004,25412628,M436DRAFT_58265,M436DRAFT_58265,-,-,Unknown,-,hypothetical protein,protein-coding,-,-,-,-,20160917,-
1043004,25412629,M436DRAFT_58267,M436DRAFT_58267,-,-,Unknown,-,succinic semialdehyde dehydrogenase,protein-coding,-,-,-,-,20151212,-
1043004,25412630,M436DRAFT_58268,M436DRAFT_58268,-,-,Unknown,-,hypothetical protein,protein-coding,-,-,-,-,20160917,-
1043004,25412631,M436DRAFT_58292,M436DRAFT_58292,-,-,Unknown,-,hypothetical protein,protein-coding,-,-,-,-,20160917,-
1043004,25412632,M436DRAFT_58298,M436DRAFT_58298,-,-,Unknown,-,acetamidase,protein-coding,-,-,-,-,20160917,-
1043004,25412633,M436DRAFT_58300,M436DRAFT_58300,-,-,Unknown,-,concanavalin A-like lectin/glucanase,protein-coding,-,-,-,-,20151212,-
1043004,25412634,M436DRAFT_58306,M436DRAFT_58306,-,-,Unknown,-,DUF218 domain protein,protein-coding,-,-,-,-,20160325,-
1043004,25412635,M436DRAFT_58313,M436DRAFT_58313,-,-,Unknown,-,amidohydrolase 2,protein-coding,-,-,-,-,20160917,-
1043004,25412636,M436DRAFT_58315,M436DRAFT_58315,-,-,Unknown,-,hypothetical protein,protein-coding,-,-,-,-,20151104,-
1043004,25412637,M436DRAFT_58328,M436DRAFT_58328,-,-,Unknown,-,acetyl-CoA synthetase-like protein,protein-coding,-,-,-,-,20160917,-
1043004,25412638,M436DRAFT_58333,M436DRAFT_58333,-,-,Unknown,-,nucleolar complex protein 2,protein-coding,-,-,-,-,20160917,-
1043004,25412639,M436DRAFT_58334,M436DRAFT_58334,-,-,Unknown,-,hypothetical protein,protein-coding,-,-,-,-,20151104,-
1043004,25412640,M436DRAFT_58338,M436DRAFT_58338,-,-,Unknown,-,myo-inositol transporter,protein-coding,-,-,-,-,20160917,-
1043004,25412641,M436DRAFT_58341,M436DRAFT_58341,-,-,Unknown,-,hypothetical protein,protein-coding,-,-,-,-,20160917,-
1043004,25412642,M436DRAFT_58344,M436DRAFT_58344,-,-,Unknown,-,hypothetical protein,protein-coding,-,-,-,-,20160917,-
1043004,25412643,M436DRAFT_58353,M436DRAFT_58353,-,-,Unknown,-,alpha-galactosidase 1,protein-coding,-,-,-,-,20151212,-
1043004,25412644,M436DRAFT_58365,M436DRAFT_58365,-,-,Unknown,-,RmlC-like cupin,protein-coding,-,-,-,-,20160917,-
1043004,25412645,M436DRAFT_58367,M436DRAFT_58367,-,-,Unknown,-,urease,protein-coding,-,-,-,-,20160917,-
1043004,25412646,M436DRAFT_58373,M436DRAFT_58373,-,-,Unknown,-,3-isopropylmalate dehydrogenase,protein-coding,-,-,-,-,20160917,-
1043004,25412647,M436DRAFT_58382,M436DRAFT_58382,-,-,Unknown,-,kinase-like protein,protein-coding,-,-,-,-,20151212,-
1043004,25412648,M436DRAFT_58386,M436DRAFT_58386,-,-,Unknown,-,hypothetical protein,protein-coding,-,-,-,-,20160917,-
1043004,25412649,M436DRAFT_58389,M436DRAFT_58389,-,-,Unknown,-,hypothetical protein,protein-coding,-,-,-,-,20160917,-
1043004,25412650,M436DRAFT_58398,M436DRAFT_58398,-,-,Unknown,-,hypothetical protein,protein-coding,-,-,-,-,20160917,-
1043004,25412651,M436DRAFT_58402,M436DRAFT_58402,-,-,Unknown,-,putative NADP(+)-dependent dehydrogenase,protein-coding,-,-,-,-,20160917,-
1043004,25412652,M436DRAFT_58403,M436DRAFT_58403,-,-,Unknown,-,ANTH-domain-containing protein,protein-coding,-,-,-,-,20160917,-
1043004,25412653,M436DRAFT_58405,M436DRAFT_58405,-,-,Unknown,-,hypothetical protein,protein-coding,-,-,-,-,20160917,-
1043004,25412654,M436DRAFT_58410,M436DRAFT_58410,-,-,Unknown,-,putative D-amino acid oxidase,protein-coding,-,-,-,-,20160917,-
1043004,25412655,M436DRAFT_58415,M436DRAFT_58415,-,-,Unknown,-,hypothetical protein,protein-coding,-,-,-,-,20160917,-
1043004,25412656,M436DRAFT_58420,M436DRAFT_58420,-,-,Unknown,-,hypothetical protein,protein-coding,-,-,-,-,20160917,-
1043004,25412657,M436DRAFT_58431,M436DRAFT_58431,-,-,Unknown,-,glycoside hydrolase,protein-coding,-,-,-,-,20160917,-
1043004,25412658,M436DRAFT_58440,M436DRAFT_58440,-,-,Unknown,-,hypothetical protein,protein-coding,-,-,-,-,20151104,-
1043004,25412659,M436DRAFT_58443,M436DRAFT_58443,-,-,Unknown,-,hypothetical protein,protein-coding,-,-,-,-,20160917,-
1043004,25412660,M436DRAFT_58444,M436DRAFT_58444,-,-,Unknown,-,hypothetical protein,protein-coding,-,-,-,-,20151104,-
1043004,25412661,M436DRAFT_58451,M436DRAFT_58451,-,-,Unknown,-,hypothetical protein,protein-coding,-,-,-,-,20160917,-
1043004,25412662,M436DRAFT_58455,M436DRAFT_58455,-,-,Unknown,-,hypothetical protein,protein-coding,-,-,-,-,20151104,-
1043004,25412663,M436DRAFT_58458,M436DRAFT_58458,-,-,Unknown,-,hypothetical protein,protein-coding,-,-,-,-,20160917,-
1043004,25412664,M436DRAFT_58469,M436DRAFT_58469,-,-,Unknown,-,MFS general substrate transporter,protein-coding,-,-,-,-,20160917,-
1043004,25412665,M436DRAFT_58482,M436DRAFT_58482,-,-,Unknown,-,hypothetical protein,protein-coding,-,-,-,-,20160917,-
1043004,25412666,M436DRAFT_58485,M436DRAFT_58485,-,-,Unknown,-,hypothetical protein,protein-coding,-,-,-,-,20160917,-
1043004,25412667,M436DRAFT_58487,M436DRAFT_58487,-,-,Unknown,-,Six-hairpin glycosidase,protein-coding,-,-,-,-,20151104,-
1043004,25412668,M436DRAFT_58491,M436DRAFT_58491,-,-,Unknown,-,SNF-domain-containing protein,protein-coding,-,-,-,-,20151212,-
1043004,25412669,M436DRAFT_58504,M436DRAFT_58504,-,-,Unknown,-,hypothetical protein,protein-coding,-,-,-,-,20151104,-
1043004,25412670,M436DRAFT_58515,M436DRAFT_58515,-,-,Unknown,-,NAD(P)-binding protein,protein-coding,-,-,-,-,20160917,-
1043004,25412671,M436DRAFT_58516,M436DRAFT_58516,-,-,Unknown,-,amino acid transporter,protein-coding,-,-,-,-,20160917,-
1043004,25412672,M436DRAFT_58517,M436DRAFT_58517,-,-,Unknown,-,hypothetical protein,protein-coding,-,-,-,-,20151104,-
1043004,25412673,M436DRAFT_58524,M436DRAFT_58524,-,-,Unknown,-,hypothetical protein,protein-coding,-,-,-,-,20160917,-
1043004,25412674,M436DRAFT_58526,M436DRAFT_58526,-,-,Unknown,-,hypothetical protein,protein-coding,-,-,-,-,20160325,-
1043004,25412675,M436DRAFT_58527,M436DRAFT_58527,-,-,Unknown,-,hypothetical protein,protein-coding,-,-,-,-,20151212,-
1043004,25412676,M436DRAFT_58531,M436DRAFT_58531,-,-,Unknown,-,NAD(P)-binding protein,protein-coding,-,-,-,-,20160917,-
1043004,25412677,M436DRAFT_58534,M436DRAFT_58534,-,-,Unknown,-,hypothetical protein,protein-coding,-,-,-,-,20160917,-
1043004,25412678,M436DRAFT_58536,M436DRAFT_58536,-,-,Unknown,-,hypothetical protein,protein-coding,-,-,-,-,20160917,-
1043004,25412679,M436DRAFT_58549,M436DRAFT_58549,-,-,Unknown,-,NAD(P)-binding protein,protein-coding,-,-,-,-,20151212,-
1043004,25412680,M436DRAFT_58551,M436DRAFT_58551,-,-,Unknown,-,hypothetical protein,protein-coding,-,-,-,-,20160917,-
1043004,25412681,M436DRAFT_58553,M436DRAFT_58553,-,-,Unknown,-,hypothetical protein,protein-coding,-,-,-,-,20151104,-
1043004,25412682,M436DRAFT_58555,M436DRAFT_58555,-,-,Unknown,-,hypothetical protein,protein-coding,-,-,-,-,20151104,-
1043004,25412683,M436DRAFT_58557,M436DRAFT_58557,-,-,Unknown,-,hypothetical protein,protein-coding,-,-,-,-,20160917,-
1043004,25412684,M436DRAFT_58558,M436DRAFT_58558,-,-,Unknown,-,hypothetical protein,protein-coding,-,-,-,-,20151104,-
1043004,25412685,M436DRAFT_58559,M436DRAFT_58559,-,-,Unknown,-,hypothetical protein,protein-coding,-,-,-,-,20151104,-
1043004,25412686,M436DRAFT_58560,M436DRAFT_58560,-,-,Unknown,-,ATP12-domain-containing protein,protein-coding,-,-,-,-,20160917,-
1043004,25412687,M436DRAFT_58564,M436DRAFT_58564,-,-,Unknown,-,aldehyde dehydrogenase,protein-coding,-,-,-,-,20151212,-
1043004,25412688,M436DRAFT_58570,M436DRAFT_58570,-,-,Unknown,-,hypothetical protein,protein-coding,-,-,-,-,20151104,-
1043004,25412689,M436DRAFT_58578,M436DRAFT_58578,-,-,Unknown,-,major facilitator superfamily MFS-1,protein-coding,-,-,-,-,20160917,-
1043004,25412690,M436DRAFT_58579,M436DRAFT_58579,-,-,Unknown,-,hypothetical protein,protein-coding,-,-,-,-,20151104,-
1043004,25412691,M436DRAFT_58584,M436DRAFT_58584,-,-,Unknown,-,X-Pro dipeptidyl-peptidase C-terminal non-catalytic domain-containing protein,protein-coding,-,-,-,-,20160917,-
1043004,25412692,M436DRAFT_58594,M436DRAFT_58594,-,-,Unknown,-,hypothetical protein,protein-coding,-,-,-,-,20151104,-
1043004,25412693,M436DRAFT_58595,M436DRAFT_58595,-,-,Unknown,-,aspartyl-tRNA synthetase,protein-coding,-,-,-,-,20160917,-
1043004,25412694,M436DRAFT_58610,M436DRAFT_58610,-,-,Unknown,-,hypothetical protein,protein-coding,-,-,-,-,20160325,-
1043004,25412695,M436DRAFT_58619,M436DRAFT_58619,-,-,Unknown,-,hypothetical protein,protein-coding,-,-,-,-,20160917,-
1043004,25412696,M436DRAFT_58621,M436DRAFT_58621,-,-,Unknown,-,hypothetical protein,protein-coding,-,-,-,-,20160917,-
1043004,25412697,M436DRAFT_58643,M436DRAFT_58643,-,-,Unknown,-,PLP-dependent transferase,protein-coding,-,-,-,-,20160917,-
1043004,25412698,M436DRAFT_58669,M436DRAFT_58669,-,-,Unknown,-,TGF beta receptor associated protein-like protein 1,protein-coding,-,-,-,-,20160917,-
1043004,25412699,M436DRAFT_58671,M436DRAFT_58671,-,-,Unknown,-,hypothetical protein,protein-coding,-,-,-,-,20160917,-
1043004,25412700,M436DRAFT_58681,M436DRAFT_58681,-,-,Unknown,-,putative ferulic acid Esterase/Feruloyl esterase,protein-coding,-,-,-,-,20160917,-
1043004,25412701,M436DRAFT_58705,M436DRAFT_58705,-,-,Unknown,-,hypothetical protein,protein-coding,-,-,-,-,20160917,-
1043004,25412702,M436DRAFT_58710,M436DRAFT_58710,-,-,Unknown,-,MFS general substrate transporter,protein-coding,-,-,-,-,20160917,-
1043004,25412703,M436DRAFT_58711,M436DRAFT_58711,-,-,Unknown,-,hypothetical protein,protein-coding,-,-,-,-,20151104,-
1043004,25412704,M436DRAFT_58715,M436DRAFT_58715,-,-,Unknown,-,hypothetical protein,protein-coding,-,-,-,-,20151212,-
1043004,25412705,M436DRAFT_58716,M436DRAFT_58716,-,-,Unknown,-,peptidyl-prolyl cis-trans isomerase B,protein-coding,-,-,-,-,20160917,-
1043004,25412706,M436DRAFT_58719,M436DRAFT_58719,-,-,Unknown,-,hypothetical protein,protein-coding,-,-,-,-,20160917,-
1043004,25412707,M436DRAFT_58721,M436DRAFT_58721,-,-,Unknown,-,alpha/beta-hydrolase,protein-coding,-,-,-,-,20160917,-
1043004,25412708,M436DRAFT_58723,M436DRAFT_58723,-,-,Unknown,-,hypothetical protein,protein-coding,-,-,-,-,20160917,-
1043004,25412709,M436DRAFT_58727,M436DRAFT_58727,-,-,Unknown,-,NAD(P)-binding protein,protein-coding,-,-,-,-,20160917,-
1043004,25412710,M436DRAFT_58729,M436DRAFT_58729,-,-,Unknown,-,Isochorismatase hydrolase,protein-coding,-,-,-,-,20151212,-
1043004,25412711,M436DRAFT_58737,M436DRAFT_58737,-,-,Unknown,-,succinate dehydrogenase iron-sulfur protein,protein-coding,-,-,-,-,20160917,-
1043004,25412712,M436DRAFT_58743,M436DRAFT_58743,-,-,Unknown,-,quinate utilization oxidoreductase QutH,protein-coding,-,-,-,-,20160917,-
1043004,25412713,M436DRAFT_58750,M436DRAFT_58750,-,-,Unknown,-,hypothetical protein,protein-coding,-,-,-,-,20151104,-
1043004,25412714,M436DRAFT_58751,M436DRAFT_58751,-,-,Unknown,-,putative aminohydrolase,protein-coding,-,-,-,-,20160917,-
1043004,25412715,M436DRAFT_58765,M436DRAFT_58765,-,-,Unknown,-,NAD(P)-binding protein,protein-coding,-,-,-,-,20160917,-
1043004,25412716,M436DRAFT_58788,M436DRAFT_58788,-,-,Unknown,-,P-loop containing nucleoside triphosphate hydrolase protein,protein-coding,-,-,-,-,20160917,-
1043004,25412717,M436DRAFT_58792,M436DRAFT_58792,-,-,Unknown,-,hypothetical protein,protein-coding,-,-,-,-,20151104,-
1043004,25412718,M436DRAFT_58801,M436DRAFT_58801,-,-,Unknown,-,hypothetical protein,protein-coding,-,-,-,-,20160917,-
1043004,25412719,M436DRAFT_58803,M436DRAFT_58803,-,-,Unknown,-,PTR2-domain-containing protein,protein-coding,-,-,-,-,20160917,-
1043004,25412720,M436DRAFT_58804,M436DRAFT_58804,-,-,Unknown,-,hypothetical protein,protein-coding,-,-,-,-,20160917,-
1043004,25412721,M436DRAFT_58808,M436DRAFT_58808,-,-,Unknown,-,NmrA-like family protein,protein-coding,-,-,-,-,20160917,-
1043004,25412722,M436DRAFT_58813,M436DRAFT_58813,-,-,Unknown,-,Clavaminate synthase-like protein,protein-coding,-,-,-,-,20160917,-
1043004,25412723,M436DRAFT_58815,M436DRAFT_58815,-,-,Unknown,-,hypothetical protein,protein-coding,-,-,-,-,20160917,-
1043004,25412724,M436DRAFT_58816,M436DRAFT_58816,-,-,Unknown,-,hypothetical protein,protein-coding,-,-,-,-,20151104,-
1043004,25412725,M436DRAFT_58822,M436DRAFT_58822,-,-,Unknown,-,riboflavin synthase alpha chain,protein-coding,-,-,-,-,20160917,-
1043004,25412726,M436DRAFT_58828,M436DRAFT_58828,-,-,Unknown,-,NAD(P)-binding protein,protein-coding,-,-,-,-,20160917,-
1043004,25412727,M436DRAFT_58835,M436DRAFT_58835,-,-,Unknown,-,concanavalin A-like lectin/glucanase,protein-coding,-,-,-,-,20160917,-
1043004,25412728,M436DRAFT_58839,M436DRAFT_58839,-,-,Unknown,-,putative amidase family protein,protein-coding,-,-,-,-,20151212,-
1043004,25412729,M436DRAFT_58843,M436DRAFT_58843,-,-,Unknown,-,actin-like ATPase domain-containing protein,protein-coding,-,-,-,-,20151212,-
1043004,25412730,M436DRAFT_58886,M436DRAFT_58886,-,-,Unknown,-,hypothetical protein,protein-coding,-,-,-,-,20160917,-
1043004,25412731,M436DRAFT_58889,M436DRAFT_58889,-,-,Unknown,-,putative MFS maltose transporter,protein-coding,-,-,-,-,20151212,-
1043004,25412732,M436DRAFT_58892,M436DRAFT_58892,-,-,Unknown,-,WD40 repeat-like protein,protein-coding,-,-,-,-,20160917,-
1043004,25412733,M436DRAFT_58921,M436DRAFT_58921,-,-,Unknown,-,CoA-transferase family III,protein-coding,-,-,-,-,20160917,-
1043004,25412734,M436DRAFT_58928,M436DRAFT_58928,-,-,Unknown,-,hypothetical protein,protein-coding,-,-,-,-,20151212,-
1043004,25412735,M436DRAFT_58934,M436DRAFT_58934,-,-,Unknown,-,hypothetical protein,protein-coding,-,-,-,-,20151104,-
1043004,25412736,M436DRAFT_58936,M436DRAFT_58936,-,-,Unknown,-,DAO-domain-containing protein,protein-coding,-,-,-,-,20160917,-
1043004,25412737,M436DRAFT_58939,M436DRAFT_58939,-,-,Unknown,-,hypothetical protein,protein-coding,-,-,-,-,20160325,-
1043004,25412738,M436DRAFT_58940,M436DRAFT_58940,-,-,Unknown,-,hypothetical protein,protein-coding,-,-,-,-,20160917,-
1043004,25412739,M436DRAFT_58944,M436DRAFT_58944,-,-,Unknown,-,triacylglycerol lipase,protein-coding,-,-,-,-,20160917,-
1043004,25412740,M436DRAFT_58952,M436DRAFT_58952,-,-,Unknown,-,hypothetical protein,protein-coding,-,-,-,-,20160917,-
1043004,25412741,M436DRAFT_58956,M436DRAFT_58956,-,-,Unknown,-,hypothetical protein,protein-coding,-,-,-,-,20160917,-
1043004,25412742,M436DRAFT_58958,M436DRAFT_58958,-,-,Unknown,-,hypothetical protein,protein-coding,-,-,-,-,20151104,-
1043004,25412743,M436DRAFT_58968,M436DRAFT_58968,-,-,Unknown,-,hypothetical protein,protein-coding,-,-,-,-,20151104,-
1043004,25412744,M436DRAFT_58975,M436DRAFT_58975,-,-,Unknown,-,hypothetical protein,protein-coding,-,-,-,-,20151104,-
1043004,25412745,M436DRAFT_58982,M436DRAFT_58982,-,-,Unknown,-,hypothetical protein,protein-coding,-,-,-,-,20151104,-
1043004,25412746,M436DRAFT_58991,M436DRAFT_58991,-,-,Unknown,-,hypothetical protein,protein-coding,-,-,-,-,20151104,-
1043004,25412747,M436DRAFT_59007,M436DRAFT_59007,-,-,Unknown,-,DDE-domain-containing protein,protein-coding,-,-,-,-,20160917,-
1043004,25412748,M436DRAFT_59012,M436DRAFT_59012,-,-,Unknown,-,hypothetical protein,protein-coding,-,-,-,-,20160917,-
1043004,25412749,M436DRAFT_59022,M436DRAFT_59022,-,-,Unknown,-,cytochrome P450,protein-coding,-,-,-,-,20160917,-
1043004,25412750,M436DRAFT_59028,M436DRAFT_59028,-,-,Unknown,-,hypothetical protein,protein-coding,-,-,-,-,20151104,-
1043004,25412751,M436DRAFT_59039,M436DRAFT_59039,-,-,Unknown,-,hypothetical protein,protein-coding,-,-,-,-,20160917,-
1043004,25412752,M436DRAFT_59040,M436DRAFT_59040,-,-,Unknown,-,hypothetical protein,protein-coding,-,-,-,-,20160917,-
1043004,25412753,M436DRAFT_59051,M436DRAFT_59051,-,-,Unknown,-,hydrolase,protein-coding,-,-,-,-,20160917,-
1043004,25412754,M436DRAFT_59067,M436DRAFT_59067,-,-,Unknown,-,Oligoxyloglucan reducing end-specific cellobiohydrolase,protein-coding,-,-,-,-,20160917,-
1043004,25412755,M436DRAFT_59075,M436DRAFT_59075,-,-,Unknown,-,hypothetical protein,protein-coding,-,-,-,-,20151104,-
1043004,25412756,M436DRAFT_59103,M436DRAFT_59103,-,-,Unknown,-,Clavaminate synthase-like protein,protein-coding,-,-,-,-,20160917,-
1043004,25412757,M436DRAFT_59107,M436DRAFT_59107,-,-,Unknown,-,hypothetical protein,protein-coding,-,-,-,-,20160917,-
1043004,25412758,M436DRAFT_59110,M436DRAFT_59110,-,-,Unknown,-,putative signal peptidase I,protein-coding,-,-,-,-,20160917,-
1043004,25412759,M436DRAFT_59113,M436DRAFT_59113,-,-,Unknown,-,FAD/NAD(P)-binding domain-containing protein,protein-coding,-,-,-,-,20160917,-
1043004,25412760,M436DRAFT_59119,M436DRAFT_59119,-,-,Unknown,-,iron transport multicopper oxidase FET3 precursor,protein-coding,-,-,-,-,20160917,-
1043004,25412761,M436DRAFT_59121,M436DRAFT_59121,-,-,Unknown,-,hypothetical protein,protein-coding,-,-,-,-,20151104,-
1043004,25412762,M436DRAFT_59122,M436DRAFT_59122,-,-,Unknown,-,concanavalin A-like lectin/glucanase,protein-coding,-,-,-,-,20151212,-
1043004,25412763,M436DRAFT_59130,M436DRAFT_59130,-,-,Unknown,-,hypothetical protein,protein-coding,-,-,-,-,20151104,-
1043004,25412764,M436DRAFT_59152,M436DRAFT_59152,-,-,Unknown,-,hypothetical protein,protein-coding,-,-,-,-,20160917,-
1043004,25412765,M436DRAFT_59155,M436DRAFT_59155,-,-,Unknown,-,putative 2-amino-3-carboxymuconate-6-semialdehyde decarboxylase,protein-coding,-,-,-,-,20151212,-
1043004,25412766,M436DRAFT_59156,M436DRAFT_59156,-,-,Unknown,-,alpha/beta-hydrolase,protein-coding,-,-,-,-,20160917,-
1043004,25412767,M436DRAFT_59171,M436DRAFT_59171,-,-,Unknown,-,putative P450 monooxygenase,protein-coding,-,-,-,-,20160917,-
1043004,25412768,M436DRAFT_59172,M436DRAFT_59172,-,-,Unknown,-,cytochrome P450,protein-coding,-,-,-,-,20160917,-
1043004,25412769,M436DRAFT_59186,M436DRAFT_59186,-,-,Unknown,-,UDP-Glycosyltransferase/glycogen phosphorylase,protein-coding,-,-,-,-,20151212,-
1043004,25412770,M436DRAFT_59190,M436DRAFT_59190,-,-,Unknown,-,hypothetical protein,protein-coding,-,-,-,-,20151104,-
1043004,25412771,M436DRAFT_59191,M436DRAFT_59191,-,-,Unknown,-,hypothetical protein,protein-coding,-,-,-,-,20160917,-
1043004,25412772,M436DRAFT_59198,M436DRAFT_59198,-,-,Unknown,-,hypothetical protein,protein-coding,-,-,-,-,20151212,-
1043004,25412773,M436DRAFT_59201,M436DRAFT_59201,-,-,Unknown,-,hypothetical protein,protein-coding,-,-,-,-,20151104,-
1043004,25412774,M436DRAFT_59211,M436DRAFT_59211,-,-,Unknown,-,L-lactate dehydrogenase,protein-coding,-,-,-,-,20160917,-
1043004,25412775,M436DRAFT_59214,M436DRAFT_59214,-,-,Unknown,-,hypothetical protein,protein-coding,-,-,-,-,20151104,-
1043004,25412776,M436DRAFT_59215,M436DRAFT_59215,-,-,Unknown,-,hypothetical protein,protein-coding,-,-,-,-,20151212,-
1043004,25412777,M436DRAFT_59218,M436DRAFT_59218,-,-,Unknown,-,MFS general substrate transporter,protein-coding,-,-,-,-,20160917,-
1043004,25412778,M436DRAFT_59229,M436DRAFT_59229,-,-,Unknown,-,hypothetical protein,protein-coding,-,-,-,-,20160917,-
1043004,25412779,M436DRAFT_59237,M436DRAFT_59237,-,-,Unknown,-,hypothetical protein,protein-coding,-,-,-,-,20151104,-
1043004,25412780,M436DRAFT_59240,M436DRAFT_59240,-,-,Unknown,-,hypothetical protein,protein-coding,-,-,-,-,20160917,-
1043004,25412781,M436DRAFT_59254,M436DRAFT_59254,-,-,Unknown,-,hypothetical protein,protein-coding,-,-,-,-,20151104,-
1043004,25412782,M436DRAFT_59255,M436DRAFT_59255,-,-,Unknown,-,hypothetical protein,protein-coding,-,-,-,-,20151212,-
1043004,25412783,M436DRAFT_59256,M436DRAFT_59256,-,-,Unknown,-,hypothetical protein,protein-coding,-,-,-,-,20151104,-
1043004,25412784,M436DRAFT_59257,M436DRAFT_59257,-,-,Unknown,-,type II DNA topoisomerase,protein-coding,-,-,-,-,20160917,-
1043004,25412785,M436DRAFT_59258,M436DRAFT_59258,-,-,Unknown,-,"Myb, DNA-binding protein",protein-coding,-,-,-,-,20151212,-
1043004,25412786,M436DRAFT_59268,M436DRAFT_59268,-,-,Unknown,-,N amino acid transport system protein,protein-coding,-,-,-,-,20160917,-
1043004,25412787,M436DRAFT_59271,M436DRAFT_59271,-,-,Unknown,-,MFS general substrate transporter,protein-coding,-,-,-,-,20160917,-
1043004,25412788,M436DRAFT_59278,M436DRAFT_59278,-,-,Unknown,-,MFS general substrate transporter,protein-coding,-,-,-,-,20160917,-
1043004,25412789,M436DRAFT_59280,M436DRAFT_59280,-,-,Unknown,-,hypothetical protein,protein-coding,-,-,-,-,20160917,-
1043004,25412790,M436DRAFT_59286,M436DRAFT_59286,-,-,Unknown,-,MFS general substrate transporter,protein-coding,-,-,-,-,20160917,-
1043004,25412791,M436DRAFT_59288,M436DRAFT_59288,-,-,Unknown,-,hypothetical protein,protein-coding,-,-,-,-,20151104,-
1043004,25412792,M436DRAFT_59293,M436DRAFT_59293,-,-,Unknown,-,hypothetical protein,protein-coding,-,-,-,-,20160917,-
1043004,25412793,M436DRAFT_59298,M436DRAFT_59298,-,-,Unknown,-,polyketide synthase,protein-coding,-,-,-,-,20160917,-
1043004,25412794,M436DRAFT_59306,M436DRAFT_59306,-,-,Unknown,-,hypothetical protein,protein-coding,-,-,-,-,20160917,-
1043004,25412795,M436DRAFT_59307,M436DRAFT_59307,-,-,Unknown,-,protein disulfide-isomerase,protein-coding,-,-,-,-,20151212,-
1043004,25412796,M436DRAFT_59309,M436DRAFT_59309,-,-,Unknown,-,SNO glutamine amidotransferase,protein-coding,-,-,-,-,20151212,-
1043004,25412797,M436DRAFT_59315,M436DRAFT_59315,-,-,Unknown,-,hypothetical protein,protein-coding,-,-,-,-,20160917,-
1043004,25412798,M436DRAFT_59318,M436DRAFT_59318,-,-,Unknown,-,hypothetical protein,protein-coding,-,-,-,-,20160917,-
1043004,25412799,M436DRAFT_59324,M436DRAFT_59324,-,-,Unknown,-,glycogen debranching enzyme,protein-coding,-,-,-,-,20160917,-
1043004,25412800,M436DRAFT_59325,M436DRAFT_59325,-,-,Unknown,-,hypothetical protein,protein-coding,-,-,-,-,20160325,-
1043004,25412801,M436DRAFT_59346,M436DRAFT_59346,-,-,Unknown,-,ubiquitin carboxyl-terminal hydrolase-like protein 22,protein-coding,-,-,-,-,20160917,-
1043004,25412802,M436DRAFT_59347,M436DRAFT_59347,-,-,Unknown,-,metallo-beta-lactamase superfamily protein,protein-coding,-,-,-,-,20160917,-
1043004,25412803,M436DRAFT_59348,M436DRAFT_59348,-,-,Unknown,-,hypothetical protein,protein-coding,-,-,-,-,20160917,-
1043004,25412804,M436DRAFT_59354,M436DRAFT_59354,-,-,Unknown,-,ribonuclease H1 small subunit,protein-coding,-,-,-,-,20160917,-
1043004,25412805,M436DRAFT_59355,M436DRAFT_59355,-,-,Unknown,-,hypothetical protein,protein-coding,-,-,-,-,20160917,-
1043004,25412806,M436DRAFT_59357,M436DRAFT_59357,-,-,Unknown,-,hypothetical protein,protein-coding,-,-,-,-,20160917,-
1043004,25412807,M436DRAFT_59367,M436DRAFT_59367,-,-,Unknown,-,hypothetical protein,protein-coding,-,-,-,-,20160917,-
1043004,25412808,M436DRAFT_59378,M436DRAFT_59378,-,-,Unknown,-,pyruvate decarboxylase,protein-coding,-,-,-,-,20160917,-
1043004,25412809,M436DRAFT_59402,M436DRAFT_59402,-,-,Unknown,-,hypothetical protein,protein-coding,-,-,-,-,20151104,-
1043004,25412810,M436DRAFT_59405,M436DRAFT_59405,-,-,Unknown,-,methylmalonate-semialdehyde dehydrogenase,protein-coding,-,-,-,-,20151212,-
1043004,25412811,M436DRAFT_59415,M436DRAFT_59415,-,-,Unknown,-,hypothetical protein,protein-coding,-,-,-,-,20151104,-
1043004,25412812,M436DRAFT_59416,M436DRAFT_59416,-,-,Unknown,-,hypothetical protein,protein-coding,-,-,-,-,20151104,-
1043004,25412813,M436DRAFT_59424,M436DRAFT_59424,-,-,Unknown,-,"Copper, zinc superoxide dismutase",protein-coding,-,-,-,-,20160917,-
1043004,25412814,M436DRAFT_59425,M436DRAFT_59425,-,-,Unknown,-,hypothetical protein,protein-coding,-,-,-,-,20160917,-
1043004,25412815,M436DRAFT_59433,M436DRAFT_59433,-,-,Unknown,-,endoplasmic oxidoreductin,protein-coding,-,-,-,-,20160917,-
1043004,25412816,M436DRAFT_59440,M436DRAFT_59440,-,-,Unknown,-,hypothetical protein,protein-coding,-,-,-,-,20160917,-
1043004,25412817,M436DRAFT_59451,M436DRAFT_59451,-,-,Unknown,-,hypothetical protein,protein-coding,-,-,-,-,20160917,-
1043004,25412818,M436DRAFT_59458,M436DRAFT_59458,-,-,Unknown,-,E3 ubiquitin-protein ligase pub1,protein-coding,-,-,-,-,20160917,-
1043004,25412819,M436DRAFT_59461,M436DRAFT_59461,-,-,Unknown,-,hypothetical protein,protein-coding,-,-,-,-,20151104,-
1043004,25412820,M436DRAFT_59471,M436DRAFT_59471,-,-,Unknown,-,hypothetical protein,protein-coding,-,-,-,-,20160325,-
1043004,25412821,M436DRAFT_59479,M436DRAFT_59479,-,-,Unknown,-,hypothetical protein,protein-coding,-,-,-,-,20151104,-
1043004,25412822,M436DRAFT_59480,M436DRAFT_59480,-,-,Unknown,-,hypothetical protein,protein-coding,-,-,-,-,20151212,-
1043004,25412823,M436DRAFT_59491,M436DRAFT_59491,-,-,Unknown,-,Tim17-domain-containing protein,protein-coding,-,-,-,-,20160917,-
1043004,25412824,M436DRAFT_59493,M436DRAFT_59493,-,-,Unknown,-,hypothetical protein,protein-coding,-,-,-,-,20151104,-
1043004,25412825,M436DRAFT_59495,M436DRAFT_59495,-,-,Unknown,-,hypothetical protein,protein-coding,-,-,-,-,20160917,-
1043004,25412826,M436DRAFT_59506,M436DRAFT_59506,-,-,Unknown,-,hypothetical protein,protein-coding,-,-,-,-,20160917,-
1043004,25412827,M436DRAFT_59514,M436DRAFT_59514,-,-,Unknown,-,hypothetical protein,protein-coding,-,-,-,-,20160917,-
1043004,25412828,M436DRAFT_59526,M436DRAFT_59526,-,-,Unknown,-,Metallo-hydrolase/oxidoreductase,protein-coding,-,-,-,-,20160917,-
1043004,25412829,M436DRAFT_59532,M436DRAFT_59532,-,-,Unknown,-,hypothetical protein,protein-coding,-,-,-,-,20160917,-
1043004,25412830,M436DRAFT_59533,M436DRAFT_59533,-,-,Unknown,-,EBP-domain-containing protein,protein-coding,-,-,-,-,20160917,-
1043004,25412831,M436DRAFT_59542,M436DRAFT_59542,-,-,Unknown,-,"Prefoldin, subunit 4",protein-coding,-,-,-,-,20160917,-
1043004,25412832,M436DRAFT_59550,M436DRAFT_59550,-,-,Unknown,-,mitochondrial carrier,protein-coding,-,-,-,-,20160917,-
1043004,25412833,M436DRAFT_59569,M436DRAFT_59569,-,-,Unknown,-,amino acid transporter,protein-coding,-,-,-,-,20160917,-
1043004,25412834,M436DRAFT_59577,M436DRAFT_59577,-,-,Unknown,-,hypothetical protein,protein-coding,-,-,-,-,20151104,-
1043004,25412835,M436DRAFT_59589,M436DRAFT_59589,-,-,Unknown,-,hypothetical protein,protein-coding,-,-,-,-,20160917,-
1043004,25412836,M436DRAFT_59594,M436DRAFT_59594,-,-,Unknown,-,AMP-binding protein,protein-coding,-,-,-,-,20160917,-
1043004,25412837,M436DRAFT_59599,M436DRAFT_59599,-,-,Unknown,-,endoplasmic reticulum protein-like protein,protein-coding,-,-,-,-,20160917,-
1043004,25412838,M436DRAFT_59614,M436DRAFT_59614,-,-,Unknown,-,"transcription factor IIA, alpha/beta subunit",protein-coding,-,-,-,-,20160917,-
1043004,25412839,M436DRAFT_59615,M436DRAFT_59615,-,-,Unknown,-,hypothetical protein,protein-coding,-,-,-,-,20151104,-
1043004,25412840,M436DRAFT_59620,M436DRAFT_59620,-,-,Unknown,-,hypothetical protein,protein-coding,-,-,-,-,20160325,-
1043004,25412841,M436DRAFT_59629,M436DRAFT_59629,-,-,Unknown,-,hypothetical protein,protein-coding,-,-,-,-,20151104,-
1043004,25412842,M436DRAFT_59634,M436DRAFT_59634,-,-,Unknown,-,BCNT-domain-containing protein,protein-coding,-,-,-,-,20160917,-
1043004,25412843,M436DRAFT_59637,M436DRAFT_59637,-,-,Unknown,-,hypothetical protein,protein-coding,-,-,-,-,20160325,-
1043004,25412844,M436DRAFT_59644,M436DRAFT_59644,-,-,Unknown,-,hypothetical protein,protein-coding,-,-,-,-,20160917,-
1043004,25412845,M436DRAFT_59647,M436DRAFT_59647,-,-,Unknown,-,putative DNA-dependent RNA polymerase II largest subunit,protein-coding,-,-,-,-,20160917,-
1043004,25412846,M436DRAFT_59649,M436DRAFT_59649,-,-,Unknown,-,Ribokinase-like protein,protein-coding,-,-,-,-,20160917,-
1043004,25412847,M436DRAFT_59662,M436DRAFT_59662,-,-,Unknown,-,hypothetical protein,protein-coding,-,-,-,-,20151212,-
1043004,25412848,M436DRAFT_59666,M436DRAFT_59666,-,-,Unknown,-,hypothetical protein,protein-coding,-,-,-,-,20160917,-
1043004,25412849,M436DRAFT_59667,M436DRAFT_59667,-,-,Unknown,-,hypothetical protein,protein-coding,-,-,-,-,20151212,-
1043004,25412850,M436DRAFT_59668,M436DRAFT_59668,-,-,Unknown,-,hypothetical protein,protein-coding,-,-,-,-,20151104,-
1043004,25412851,M436DRAFT_59671,M436DRAFT_59671,-,-,Unknown,-,sterol C-14 reductase-like protein,protein-coding,-,-,-,-,20160917,-
1043004,25412852,M436DRAFT_59678,M436DRAFT_59678,-,-,Unknown,-,hypothetical protein,protein-coding,-,-,-,-,20151104,-
1043004,25412853,M436DRAFT_59682,M436DRAFT_59682,-,-,Unknown,-,hypothetical protein,protein-coding,-,-,-,-,20151212,-
1043004,25412854,M436DRAFT_59689,M436DRAFT_59689,-,-,Unknown,-,putative high osmolarity signaling protein Sho1,protein-coding,-,-,-,-,20151212,-
1043004,25412855,M436DRAFT_59699,M436DRAFT_59699,-,-,Unknown,-,Hsp90 co-chaperone Cdc37,protein-coding,-,-,-,-,20160917,-
1043004,25412856,M436DRAFT_59702,M436DRAFT_59702,-,-,Unknown,-,hypothetical protein,protein-coding,-,-,-,-,20151104,-
1043004,25412857,M436DRAFT_59703,M436DRAFT_59703,-,-,Unknown,-,hypothetical protein,protein-coding,-,-,-,-,20151104,-
1043004,25412858,M436DRAFT_59705,M436DRAFT_59705,-,-,Unknown,-,hypothetical protein,protein-coding,-,-,-,-,20151104,-
1043004,25412859,M436DRAFT_59706,M436DRAFT_59706,-,-,Unknown,-,amino acid permease,protein-coding,-,-,-,-,20160917,-
1043004,25412860,M436DRAFT_59709,M436DRAFT_59709,-,-,Unknown,-,hypothetical protein,protein-coding,-,-,-,-,20160325,-
1043004,25412861,M436DRAFT_59712,M436DRAFT_59712,-,-,Unknown,-,hypothetical protein,protein-coding,-,-,-,-,20151212,-
1043004,25412862,M436DRAFT_59714,M436DRAFT_59714,-,-,Unknown,-,hypothetical protein,protein-coding,-,-,-,-,20160917,-
1043004,25412863,M436DRAFT_59723,M436DRAFT_59723,-,-,Unknown,-,hypothetical protein,protein-coding,-,-,-,-,20151212,-
1043004,25412864,M436DRAFT_59731,M436DRAFT_59731,-,-,Unknown,-,hypothetical protein,protein-coding,-,-,-,-,20151104,-
1043004,25412865,M436DRAFT_59732,M436DRAFT_59732,-,-,Unknown,-,hypothetical protein,protein-coding,-,-,-,-,20151104,-
1043004,25412866,M436DRAFT_59748,M436DRAFT_59748,-,-,Unknown,-,hypothetical protein,protein-coding,-,-,-,-,20151104,-
1043004,25412867,M436DRAFT_59754,M436DRAFT_59754,-,-,Unknown,-,hypothetical protein,protein-coding,-,-,-,-,20160917,-
1043004,25412868,M436DRAFT_59756,M436DRAFT_59756,-,-,Unknown,-,class II aaRS and biotin synthetase,protein-coding,-,-,-,-,20160917,-
1043004,25412869,M436DRAFT_59772,M436DRAFT_59772,-,-,Unknown,-,kinase-like protein,protein-coding,-,-,-,-,20151212,-
1043004,25412870,M436DRAFT_59773,M436DRAFT_59773,-,-,Unknown,-,hypothetical protein,protein-coding,-,-,-,-,20151212,-
1043004,25412871,M436DRAFT_59774,M436DRAFT_59774,-,-,Unknown,-,hypothetical protein,protein-coding,-,-,-,-,20160917,-
1043004,25412872,M436DRAFT_59778,M436DRAFT_59778,-,-,Unknown,-,hypothetical protein,protein-coding,-,-,-,-,20160917,-
1043004,25412873,M436DRAFT_59781,M436DRAFT_59781,-,-,Unknown,-,hypothetical protein,protein-coding,-,-,-,-,20151104,-
1043004,25412874,M436DRAFT_59786,M436DRAFT_59786,-,-,Unknown,-,casein kinase I isoform gamma-3,protein-coding,-,-,-,-,20151212,-
1043004,25412875,M436DRAFT_59797,M436DRAFT_59797,-,-,Unknown,-,hypothetical protein,protein-coding,-,-,-,-,20151104,-
1043004,25412876,M436DRAFT_59813,M436DRAFT_59813,-,-,Unknown,-,DnaJ-domain-containing protein,protein-coding,-,-,-,-,20160917,-
1043004,25412877,M436DRAFT_59815,M436DRAFT_59815,-,-,Unknown,-,hypothetical protein,protein-coding,-,-,-,-,20151104,-
1043004,25412878,M436DRAFT_59818,M436DRAFT_59818,-,-,Unknown,-,hypothetical protein,protein-coding,-,-,-,-,20151104,-
1043004,25412879,M436DRAFT_59821,M436DRAFT_59821,-,-,Unknown,-,translation elongation factor Tu,protein-coding,-,-,-,-,20160917,-
1043004,25412880,M436DRAFT_59834,M436DRAFT_59834,-,-,Unknown,-,hypothetical protein,protein-coding,-,-,-,-,20160325,-
1043004,25412881,M436DRAFT_59835,M436DRAFT_59835,-,-,Unknown,-,hypothetical protein,protein-coding,-,-,-,-,20151104,-
1043004,25412882,M436DRAFT_59840,M436DRAFT_59840,-,-,Unknown,-,hypothetical protein,protein-coding,-,-,-,-,20151104,-
1043004,25412883,M436DRAFT_59852,M436DRAFT_59852,-,-,Unknown,-,hypothetical protein,protein-coding,-,-,-,-,20160917,-
1043004,25412884,M436DRAFT_59856,M436DRAFT_59856,-,-,Unknown,-,hypothetical protein,protein-coding,-,-,-,-,20151104,-
1043004,25412885,M436DRAFT_59858,M436DRAFT_59858,-,-,Unknown,-,"bifunctional 6-phosphofructo-2-kinase/fructose-2,6-bisphosphate 2-phosphatase",protein-coding,-,-,-,-,20160917,-
1043004,25412886,M436DRAFT_59860,M436DRAFT_59860,-,-,Unknown,-,hypothetical protein,protein-coding,-,-,-,-,20160917,-
1043004,25412887,M436DRAFT_59873,M436DRAFT_59873,-,-,Unknown,-,DNA-directed RNA polymerase III polypeptide,protein-coding,-,-,-,-,20160917,-
1043004,25412888,M436DRAFT_59879,M436DRAFT_59879,-,-,Unknown,-,hypothetical protein,protein-coding,-,-,-,-,20160917,-
1043004,25412889,M436DRAFT_59882,M436DRAFT_59882,-,-,Unknown,-,BIG1-domain-containing protein,protein-coding,-,-,-,-,20160917,-
1043004,25412890,M436DRAFT_59887,M436DRAFT_59887,-,-,Unknown,-,mitochondrial inner membrane protease atp23,protein-coding,-,-,-,-,20160917,-
1043004,25412891,M436DRAFT_59893,M436DRAFT_59893,-,-,Unknown,-,hypothetical protein,protein-coding,-,-,-,-,20151104,-
1043004,25412892,M436DRAFT_59895,M436DRAFT_59895,-,-,Unknown,-,hypothetical protein,protein-coding,-,-,-,-,20151212,-
1043004,25412893,M436DRAFT_59897,M436DRAFT_59897,-,-,Unknown,-,DNA topoisomerase 1,protein-coding,-,-,-,-,20160917,-
1043004,25412894,M436DRAFT_59915,M436DRAFT_59915,-,-,Unknown,-,hypothetical protein,protein-coding,-,-,-,-,20151104,-
1043004,25412895,M436DRAFT_59921,M436DRAFT_59921,-,-,Unknown,-,hypothetical protein,protein-coding,-,-,-,-,20160917,-
1043004,25412896,M436DRAFT_59932,M436DRAFT_59932,-,-,Unknown,-,hypothetical protein,protein-coding,-,-,-,-,20151104,-
1043004,25412897,M436DRAFT_59937,M436DRAFT_59937,-,-,Unknown,-,hypothetical protein,protein-coding,-,-,-,-,20151104,-
1043004,25412898,M436DRAFT_59941,M436DRAFT_59941,-,-,Unknown,-,hypothetical protein,protein-coding,-,-,-,-,20151104,-
1043004,25412899,M436DRAFT_59945,M436DRAFT_59945,-,-,Unknown,-,hypothetical protein,protein-coding,-,-,-,-,20151104,-
1043004,25412900,M436DRAFT_59951,M436DRAFT_59951,-,-,Unknown,-,hypothetical protein,protein-coding,-,-,-,-,20160917,-
1043004,25412901,M436DRAFT_59955,M436DRAFT_59955,-,-,Unknown,-,hypothetical protein,protein-coding,-,-,-,-,20151104,-
1043004,25412902,M436DRAFT_59957,M436DRAFT_59957,-,-,Unknown,-,hypothetical protein,protein-coding,-,-,-,-,20151104,-
1043004,25412903,M436DRAFT_59964,M436DRAFT_59964,-,-,Unknown,-,hypothetical protein,protein-coding,-,-,-,-,20151104,-
1043004,25412904,M436DRAFT_59968,M436DRAFT_59968,-,-,Unknown,-,ferredoxin reductase-like protein,protein-coding,-,-,-,-,20151212,-
1043004,25412905,M436DRAFT_59969,M436DRAFT_59969,-,-,Unknown,-,hypothetical protein,protein-coding,-,-,-,-,20160917,-
1043004,25412906,M436DRAFT_59973,M436DRAFT_59973,-,-,Unknown,-,acetyl-CoA synthetase-like protein,protein-coding,-,-,-,-,20160325,-
1043004,25412907,M436DRAFT_59974,M436DRAFT_59974,-,-,Unknown,-,hypothetical protein,protein-coding,-,-,-,-,20160917,-
1043004,25412908,M436DRAFT_59984,M436DRAFT_59984,-,-,Unknown,-,hypothetical protein,protein-coding,-,-,-,-,20151104,-
1043004,25412909,M436DRAFT_59987,M436DRAFT_59987,-,-,Unknown,-,hypothetical protein,protein-coding,-,-,-,-,20160917,-
1043004,25412910,M436DRAFT_59988,M436DRAFT_59988,-,-,Unknown,-,DnaJ-domain-containing protein,protein-coding,-,-,-,-,20160917,-
1043004,25412911,M436DRAFT_60004,M436DRAFT_60004,-,-,Unknown,-,hypothetical protein,protein-coding,-,-,-,-,20151104,-
1043004,25412912,M436DRAFT_60005,M436DRAFT_60005,-,-,Unknown,-,hypothetical protein,protein-coding,-,-,-,-,20151104,-
1043004,25412913,M436DRAFT_60009,M436DRAFT_60009,-,-,Unknown,-,hypothetical protein,protein-coding,-,-,-,-,20160917,-
1043004,25412914,M436DRAFT_60012,M436DRAFT_60012,-,-,Unknown,-,sulfite oxidase,protein-coding,-,-,-,-,20151212,-
1043004,25412915,M436DRAFT_60013,M436DRAFT_60013,-,-,Unknown,-,hypothetical protein,protein-coding,-,-,-,-,20151104,-
1043004,25412916,M436DRAFT_60018,M436DRAFT_60018,-,-,Unknown,-,P-loop containing nucleoside triphosphate hydrolase protein,protein-coding,-,-,-,-,20160917,-
1043004,25412917,M436DRAFT_60021,M436DRAFT_60021,-,-,Unknown,-,nucleic acid-binding protein,protein-coding,-,-,-,-,20160917,-
1043004,25412918,M436DRAFT_60023,M436DRAFT_60023,-,-,Unknown,-,hypothetical protein,protein-coding,-,-,-,-,20151104,-
1043004,25412919,M436DRAFT_60035,M436DRAFT_60035,-,-,Unknown,-,hypothetical protein,protein-coding,-,-,-,-,20160917,-
1043004,25412920,M436DRAFT_60038,M436DRAFT_60038,-,-,Unknown,-,hypothetical protein,protein-coding,-,-,-,-,20151104,-
1043004,25412921,M436DRAFT_60041,M436DRAFT_60041,-,-,Unknown,-,hypothetical protein,protein-coding,-,-,-,-,20151104,-
1043004,25412922,M436DRAFT_60045,M436DRAFT_60045,-,-,Unknown,-,hypothetical protein,protein-coding,-,-,-,-,20151104,-
1043004,25412923,M436DRAFT_60046,M436DRAFT_60046,-,-,Unknown,-,ATG16-domain-containing protein,protein-coding,-,-,-,-,20160917,-
1043004,25412924,M436DRAFT_60054,M436DRAFT_60054,-,-,Unknown,-,hypothetical protein,protein-coding,-,-,-,-,20160917,-
1043004,25412925,M436DRAFT_60062,M436DRAFT_60062,-,-,Unknown,-,SET domain-containing protein,protein-coding,-,-,-,-,20160917,-
1043004,25412926,M436DRAFT_60067,M436DRAFT_60067,-,-,Unknown,-,hypothetical protein,protein-coding,-,-,-,-,20160917,-
1043004,25412927,M436DRAFT_60073,M436DRAFT_60073,-,-,Unknown,-,hypothetical protein,protein-coding,-,-,-,-,20151104,-
1043004,25412928,M436DRAFT_60074,M436DRAFT_60074,-,-,Unknown,-,hypothetical protein,protein-coding,-,-,-,-,20151212,-
1043004,25412929,M436DRAFT_60089,M436DRAFT_60089,-,-,Unknown,-,phosphoribosylglycinamide formyltransferase,protein-coding,-,-,-,-,20151212,-
1043004,25412930,M436DRAFT_60091,M436DRAFT_60091,-,-,Unknown,-,hypothetical protein,protein-coding,-,-,-,-,20151104,-
1043004,25412931,M436DRAFT_60093,M436DRAFT_60093,-,-,Unknown,-,hypothetical protein,protein-coding,-,-,-,-,20151104,-
1043004,25412932,M436DRAFT_60097,M436DRAFT_60097,-,-,Unknown,-,hypothetical protein,protein-coding,-,-,-,-,20160917,-
1043004,25412933,M436DRAFT_60098,M436DRAFT_60098,-,-,Unknown,-,hypothetical protein,protein-coding,-,-,-,-,20160917,-
1043004,25412934,M436DRAFT_60100,M436DRAFT_60100,-,-,Unknown,-,alpha/beta hydrolase BEM46/Esterase/lipase/thioesterase,protein-coding,-,-,-,-,20160917,-
1043004,25412935,M436DRAFT_60101,M436DRAFT_60101,-,-,Unknown,-,hypothetical protein,protein-coding,-,-,-,-,20151212,-
1043004,25412936,M436DRAFT_60112,M436DRAFT_60112,-,-,Unknown,-,hypothetical protein,protein-coding,-,-,-,-,20151104,-
1043004,25412937,M436DRAFT_60114,M436DRAFT_60114,-,-,Unknown,-,cyclin-like protein,protein-coding,-,-,-,-,20160917,-
1043004,25412938,M436DRAFT_60128,M436DRAFT_60128,-,-,Unknown,-,hypothetical protein,protein-coding,-,-,-,-,20151104,-
1043004,25412939,M436DRAFT_60148,M436DRAFT_60148,-,-,Unknown,-,WD40 repeat-like protein,protein-coding,-,-,-,-,20160917,-
1043004,25412940,M436DRAFT_60154,M436DRAFT_60154,-,-,Unknown,-,hypothetical protein,protein-coding,-,-,-,-,20151104,-
1043004,25412941,M436DRAFT_60157,M436DRAFT_60157,-,-,Unknown,-,hypothetical protein,protein-coding,-,-,-,-,20151104,-
1043004,25412942,M436DRAFT_60164,M436DRAFT_60164,-,-,Unknown,-,hypothetical protein,protein-coding,-,-,-,-,20151104,-
1043004,25412943,M436DRAFT_60172,M436DRAFT_60172,-,-,Unknown,-,alpha-galactosidase,protein-coding,-,-,-,-,20160917,-
1043004,25412944,M436DRAFT_60180,M436DRAFT_60180,-,-,Unknown,-,hypothetical protein,protein-coding,-,-,-,-,20160917,-
1043004,25412945,M436DRAFT_60185,M436DRAFT_60185,-,-,Unknown,-,hypothetical protein,protein-coding,-,-,-,-,20151104,-
1043004,25412946,M436DRAFT_60192,M436DRAFT_60192,-,-,Unknown,-,purine and uridine phosphorylase,protein-coding,-,-,-,-,20160917,-
1043004,25412947,M436DRAFT_60193,M436DRAFT_60193,-,-,Unknown,-,hypothetical protein,protein-coding,-,-,-,-,20151104,-
1043004,25412948,M436DRAFT_60194,M436DRAFT_60194,-,-,Unknown,-,hypothetical protein,protein-coding,-,-,-,-,20151104,-
1043004,25412949,M436DRAFT_60199,M436DRAFT_60199,-,-,Unknown,-,hypothetical protein,protein-coding,-,-,-,-,20160325,-
1043004,25412950,M436DRAFT_60212,M436DRAFT_60212,-,-,Unknown,-,hypothetical protein,protein-coding,-,-,-,-,20151104,-
1043004,25412951,M436DRAFT_60221,M436DRAFT_60221,-,-,Unknown,-,hypothetical protein,protein-coding,-,-,-,-,20151104,-
1043004,25412952,M436DRAFT_60225,M436DRAFT_60225,-,-,Unknown,-,hypothetical protein,protein-coding,-,-,-,-,20151104,-
1043004,25412953,M436DRAFT_60226,M436DRAFT_60226,-,-,Unknown,-,hypothetical protein,protein-coding,-,-,-,-,20160917,-
1043004,25412954,M436DRAFT_60228,M436DRAFT_60228,-,-,Unknown,-,hypothetical protein,protein-coding,-,-,-,-,20160917,-
1043004,25412955,M436DRAFT_60231,M436DRAFT_60231,-,-,Unknown,-,hypothetical protein,protein-coding,-,-,-,-,20151104,-
1043004,25412956,M436DRAFT_60233,M436DRAFT_60233,-,-,Unknown,-,hypothetical protein,protein-coding,-,-,-,-,20151104,-
1043004,25412957,M436DRAFT_60234,M436DRAFT_60234,-,-,Unknown,-,hypothetical protein,protein-coding,-,-,-,-,20151104,-
1043004,25412958,M436DRAFT_60237,M436DRAFT_60237,-,-,Unknown,-,S-adenosyl-L-methionine-dependent methyltransferase,protein-coding,-,-,-,-,20160917,-
1043004,25412959,M436DRAFT_60238,M436DRAFT_60238,-,-,Unknown,-,hypothetical protein,protein-coding,-,-,-,-,20160917,-
1043004,25412960,M436DRAFT_60243,M436DRAFT_60243,-,-,Unknown,-,ATP-dependent RNA helicase-like protein has1,protein-coding,-,-,-,-,20160917,-
1043004,25412961,M436DRAFT_60248,M436DRAFT_60248,-,-,Unknown,-,hypothetical protein,protein-coding,-,-,-,-,20151104,-
1043004,25412962,M436DRAFT_60254,M436DRAFT_60254,-,-,Unknown,-,hypothetical protein,protein-coding,-,-,-,-,20151104,-
1043004,25412963,M436DRAFT_60262,M436DRAFT_60262,-,-,Unknown,-,hypothetical protein,protein-coding,-,-,-,-,20160917,-
1043004,25412964,M436DRAFT_60263,M436DRAFT_60263,-,-,Unknown,-,hypothetical protein,protein-coding,-,-,-,-,20151104,-
1043004,25412965,M436DRAFT_60266,M436DRAFT_60266,-,-,Unknown,-,hypothetical protein,protein-coding,-,-,-,-,20151212,-
1043004,25412966,M436DRAFT_60267,M436DRAFT_60267,-,-,Unknown,-,hypothetical protein,protein-coding,-,-,-,-,20160325,-
1043004,25412967,M436DRAFT_60276,M436DRAFT_60276,-,-,Unknown,-,hypothetical protein,protein-coding,-,-,-,-,20151104,-
1043004,25412968,M436DRAFT_60279,M436DRAFT_60279,-,-,Unknown,-,DUF636 domain protein,protein-coding,-,-,-,-,20160917,-
1043004,25412969,M436DRAFT_60282,M436DRAFT_60282,-,-,Unknown,-,WD40 repeat-like protein,protein-coding,-,-,-,-,20160917,-
1043004,25412970,M436DRAFT_60284,M436DRAFT_60284,-,-,Unknown,-,hypothetical protein,protein-coding,-,-,-,-,20151104,-
1043004,25412971,M436DRAFT_60293,M436DRAFT_60293,-,-,Unknown,-,integral membrane protein,protein-coding,-,-,-,-,20160917,-
1043004,25412972,M436DRAFT_60297,M436DRAFT_60297,-,-,Unknown,-,hypothetical protein,protein-coding,-,-,-,-,20160917,-
1043004,25412973,M436DRAFT_60298,M436DRAFT_60298,-,-,Unknown,-,hypothetical protein,protein-coding,-,-,-,-,20151104,-
1043004,25412974,M436DRAFT_60301,M436DRAFT_60301,-,-,Unknown,-,hypothetical protein,protein-coding,-,-,-,-,20160917,-
1043004,25412975,M436DRAFT_60302,M436DRAFT_60302,-,-,Unknown,-,hypothetical protein,protein-coding,-,-,-,-,20160917,-
1043004,25412976,M436DRAFT_60303,M436DRAFT_60303,-,-,Unknown,-,hypothetical protein,protein-coding,-,-,-,-,20151104,-
1043004,25412977,M436DRAFT_60307,M436DRAFT_60307,-,-,Unknown,-,hypothetical protein,protein-coding,-,-,-,-,20151104,-
1043004,25412978,M436DRAFT_60324,M436DRAFT_60324,-,-,Unknown,-,hypothetical protein,protein-coding,-,-,-,-,20160917,-
1043004,25412979,M436DRAFT_60329,M436DRAFT_60329,-,-,Unknown,-,proteasome core particle subunit alpha 1,protein-coding,-,-,-,-,20151212,-
1043004,25412980,M436DRAFT_60331,M436DRAFT_60331,-,-,Unknown,-,hypothetical protein,protein-coding,-,-,-,-,20151104,-
1043004,25412981,M436DRAFT_60337,M436DRAFT_60337,-,-,Unknown,-,hypothetical protein,protein-coding,-,-,-,-,20160917,-
1043004,25412982,M436DRAFT_60341,M436DRAFT_60341,-,-,Unknown,-,hypothetical protein,protein-coding,-,-,-,-,20151104,-
1043004,25412983,M436DRAFT_60344,M436DRAFT_60344,-,-,Unknown,-,3-HAO-domain-containing protein,protein-coding,-,-,-,-,20160917,-
1043004,25412984,M436DRAFT_60347,M436DRAFT_60347,-,-,Unknown,-,Xpo1-domain-containing protein,protein-coding,-,-,-,-,20160917,-
1043004,25412985,M436DRAFT_60357,M436DRAFT_60357,-,-,Unknown,-,ATPase get3,protein-coding,-,-,-,-,20160917,-
1043004,25412986,M436DRAFT_60358,M436DRAFT_60358,-,-,Unknown,-,hypothetical protein,protein-coding,-,-,-,-,20160325,-
1043004,25412987,M436DRAFT_60359,M436DRAFT_60359,-,-,Unknown,-,hypothetical protein,protein-coding,-,-,-,-,20151104,-
1043004,25412988,M436DRAFT_60361,M436DRAFT_60361,-,-,Unknown,-,DUF1688-domain-containing protein,protein-coding,-,-,-,-,20160917,-
1043004,25412989,M436DRAFT_60377,M436DRAFT_60377,-,-,Unknown,-,cytochrome P450,protein-coding,-,-,-,-,20160917,-
1043004,25412990,M436DRAFT_60380,M436DRAFT_60380,-,-,Unknown,-,DUF1479-domain-containing protein,protein-coding,-,-,-,-,20160917,-
1043004,25412991,M436DRAFT_60385,M436DRAFT_60385,-,-,Unknown,-,hypothetical protein,protein-coding,-,-,-,-,20160917,-
1043004,25412992,M436DRAFT_60388,M436DRAFT_60388,-,-,Unknown,-,cysteine proteinase,protein-coding,-,-,-,-,20160917,-
1043004,25412993,M436DRAFT_60399,M436DRAFT_60399,-,-,Unknown,-,hypothetical protein,protein-coding,-,-,-,-,20151104,-
1043004,25412994,M436DRAFT_60402,M436DRAFT_60402,-,-,Unknown,-,hypothetical protein,protein-coding,-,-,-,-,20160917,-
1043004,25412995,M436DRAFT_60404,M436DRAFT_60404,-,-,Unknown,-,hypothetical protein,protein-coding,-,-,-,-,20151212,-
1043004,25412996,M436DRAFT_60418,M436DRAFT_60418,-,-,Unknown,-,hypothetical protein,protein-coding,-,-,-,-,20160917,-
1043004,25412997,M436DRAFT_60419,M436DRAFT_60419,-,-,Unknown,-,tyrosine/serine phosphatase-like protein,protein-coding,-,-,-,-,20160917,-
1043004,25412998,M436DRAFT_60440,M436DRAFT_60440,-,-,Unknown,-,hypothetical protein,protein-coding,-,-,-,-,20151104,-
1043004,25412999,M436DRAFT_60450,M436DRAFT_60450,-,-,Unknown,-,hypothetical protein,protein-coding,-,-,-,-,20151104,-
1043004,25413000,M436DRAFT_60458,M436DRAFT_60458,-,-,Unknown,-,hypothetical protein,protein-coding,-,-,-,-,20151104,-
1043004,25413001,M436DRAFT_60461,M436DRAFT_60461,-,-,Unknown,-,hypothetical protein,protein-coding,-,-,-,-,20151104,-
1043004,25413002,M436DRAFT_60474,M436DRAFT_60474,-,-,Unknown,-,hypothetical protein,protein-coding,-,-,-,-,20151104,-
1043004,25413003,M436DRAFT_60477,M436DRAFT_60477,-,-,Unknown,-,hypothetical protein,protein-coding,-,-,-,-,20160917,-
1043004,25413004,M436DRAFT_60478,M436DRAFT_60478,-,-,Unknown,-,WD40 repeat-like protein,protein-coding,-,-,-,-,20191025,-
1043004,25413005,M436DRAFT_60479,M436DRAFT_60479,-,-,Unknown,-,hypothetical protein,protein-coding,-,-,-,-,20151104,-
1043004,25413006,M436DRAFT_60482,M436DRAFT_60482,-,-,Unknown,-,hypothetical protein,protein-coding,-,-,-,-,20160325,-
1043004,25413007,M436DRAFT_60484,M436DRAFT_60484,-,-,Unknown,-,hypothetical protein,protein-coding,-,-,-,-,20151104,-
1043004,25413008,M436DRAFT_60496,M436DRAFT_60496,-,-,Unknown,-,GroES-like protein,protein-coding,-,-,-,-,20151212,-
1043004,25413009,M436DRAFT_60497,M436DRAFT_60497,-,-,Unknown,-,hypothetical protein,protein-coding,-,-,-,-,20160917,-
1043004,25413010,M436DRAFT_60499,M436DRAFT_60499,-,-,Unknown,-,hypothetical protein,protein-coding,-,-,-,-,20151104,-
1043004,25413011,M436DRAFT_60530,M436DRAFT_60530,-,-,Unknown,-,LamB/YcsF,protein-coding,-,-,-,-,20151212,-
1043004,25413012,M436DRAFT_60535,M436DRAFT_60535,-,-,Unknown,-,DHH phosphoesterase,protein-coding,-,-,-,-,20160917,-
1043004,25413013,M436DRAFT_60538,M436DRAFT_60538,-,-,Unknown,-,Nnf1-domain-containing protein,protein-coding,-,-,-,-,20160917,-
1043004,25413014,M436DRAFT_60539,M436DRAFT_60539,-,-,Unknown,-,hypothetical protein,protein-coding,-,-,-,-,20151104,-
1043004,25413015,M436DRAFT_60546,M436DRAFT_60546,-,-,Unknown,-,hypothetical protein,protein-coding,-,-,-,-,20160917,-
1043004,25413016,M436DRAFT_60549,M436DRAFT_60549,-,-,Unknown,-,hypothetical protein,protein-coding,-,-,-,-,20151104,-
1043004,25413017,M436DRAFT_60560,M436DRAFT_60560,-,-,Unknown,-,hypothetical protein,protein-coding,-,-,-,-,20160917,-
1043004,25413018,M436DRAFT_60563,M436DRAFT_60563,-,-,Unknown,-,hypothetical protein,protein-coding,-,-,-,-,20160917,-
1043004,25413019,M436DRAFT_60573,M436DRAFT_60573,-,-,Unknown,-,HAD-like protein,protein-coding,-,-,-,-,20160917,-
1043004,25413020,M436DRAFT_60578,M436DRAFT_60578,-,-,Unknown,-,hypothetical protein,protein-coding,-,-,-,-,20160917,-
1043004,25413021,M436DRAFT_60584,M436DRAFT_60584,-,-,Unknown,-,hypothetical protein,protein-coding,-,-,-,-,20151212,-
1043004,25413022,M436DRAFT_60586,M436DRAFT_60586,-,-,Unknown,-,hypothetical protein,protein-coding,-,-,-,-,20151104,-
1043004,25413023,M436DRAFT_60588,M436DRAFT_60588,-,-,Unknown,-,hypothetical protein,protein-coding,-,-,-,-,20160917,-
1043004,25413024,M436DRAFT_60590,M436DRAFT_60590,-,-,Unknown,-,hypothetical protein,protein-coding,-,-,-,-,20151104,-
1043004,25413025,M436DRAFT_60593,M436DRAFT_60593,-,-,Unknown,-,hypothetical protein,protein-coding,-,-,-,-,20151104,-
1043004,25413026,M436DRAFT_60594,M436DRAFT_60594,-,-,Unknown,-,hypothetical protein,protein-coding,-,-,-,-,20160917,-
1043004,25413027,M436DRAFT_60595,M436DRAFT_60595,-,-,Unknown,-,hypothetical protein,protein-coding,-,-,-,-,20151104,-
1043004,25413028,M436DRAFT_60600,M436DRAFT_60600,-,-,Unknown,-,hypothetical protein,protein-coding,-,-,-,-,20151212,-
1043004,25413029,M436DRAFT_60609,M436DRAFT_60609,-,-,Unknown,-,barwin-like endoglucanase,protein-coding,-,-,-,-,20160917,-
1043004,25413030,M436DRAFT_60612,M436DRAFT_60612,-,-,Unknown,-,hypothetical protein,protein-coding,-,-,-,-,20160917,-
1043004,25413031,M436DRAFT_60620,M436DRAFT_60620,-,-,Unknown,-,hypothetical protein,protein-coding,-,-,-,-,20160917,-
1043004,25413032,M436DRAFT_60623,M436DRAFT_60623,-,-,Unknown,-,hypothetical protein,protein-coding,-,-,-,-,20151104,-
1043004,25413033,M436DRAFT_60629,M436DRAFT_60629,-,-,Unknown,-,hypothetical protein,protein-coding,-,-,-,-,20151104,-
1043004,25413034,M436DRAFT_60639,M436DRAFT_60639,-,-,Unknown,-,hypothetical protein,protein-coding,-,-,-,-,20160917,-
1043004,25413035,M436DRAFT_60645,M436DRAFT_60645,-,-,Unknown,-,hypothetical protein,protein-coding,-,-,-,-,20151104,-
1043004,25413036,M436DRAFT_60655,M436DRAFT_60655,-,-,Unknown,-,hypothetical protein,protein-coding,-,-,-,-,20151104,-
1043004,25413037,M436DRAFT_60664,M436DRAFT_60664,-,-,Unknown,-,endoplasmic reticulum vesicle protein 25 precursor,protein-coding,-,-,-,-,20160917,-
1043004,25413038,M436DRAFT_60671,M436DRAFT_60671,-,-,Unknown,-,ClpP/crotonase,protein-coding,-,-,-,-,20160917,-
1043004,25413039,M436DRAFT_60673,M436DRAFT_60673,-,-,Unknown,-,multi protein-bridging factor 1,protein-coding,-,-,-,-,20160917,-
1043004,25413040,M436DRAFT_60688,M436DRAFT_60688,-,-,Unknown,-,hypothetical protein,protein-coding,-,-,-,-,20160917,-
1043004,25413041,M436DRAFT_60695,M436DRAFT_60695,-,-,Unknown,-,low molecular weight phosphotyrosine protein phosphatase,protein-coding,-,-,-,-,20151212,-
1043004,25413042,M436DRAFT_60698,M436DRAFT_60698,-,-,Unknown,-,hypothetical protein,protein-coding,-,-,-,-,20160917,-
1043004,25413043,M436DRAFT_60713,M436DRAFT_60713,-,-,Unknown,-,FAD binding domain-containing protein,protein-coding,-,-,-,-,20160917,-
1043004,25413044,M436DRAFT_60718,M436DRAFT_60718,-,-,Unknown,-,1 U5 small nuclear ribonucleo protein component,protein-coding,-,-,-,-,20160917,-
1043004,25413045,M436DRAFT_60722,M436DRAFT_60722,-,-,Unknown,-,hypothetical protein,protein-coding,-,-,-,-,20151104,-
1043004,25413046,M436DRAFT_60726,M436DRAFT_60726,-,-,Unknown,-,hypothetical protein,protein-coding,-,-,-,-,20160325,-
1043004,25413047,M436DRAFT_60728,M436DRAFT_60728,-,-,Unknown,-,hypothetical protein,protein-coding,-,-,-,-,20151104,-
1043004,25413048,M436DRAFT_60730,M436DRAFT_60730,-,-,Unknown,-,hypothetical protein,protein-coding,-,-,-,-,20160917,-
1043004,25413049,M436DRAFT_60731,M436DRAFT_60731,-,-,Unknown,-,hypothetical protein,protein-coding,-,-,-,-,20151104,-
1043004,25413050,M436DRAFT_60733,M436DRAFT_60733,-,-,Unknown,-,hypothetical protein,protein-coding,-,-,-,-,20151104,-
1043004,25413051,M436DRAFT_60734,M436DRAFT_60734,-,-,Unknown,-,putative esterase/lipase,protein-coding,-,-,-,-,20160917,-
1043004,25413052,M436DRAFT_60743,M436DRAFT_60743,-,-,Unknown,-,hypothetical protein,protein-coding,-,-,-,-,20160325,-
1043004,25413053,M436DRAFT_60753,M436DRAFT_60753,-,-,Unknown,-,hypothetical protein,protein-coding,-,-,-,-,20151212,-
1043004,25413054,M436DRAFT_60767,M436DRAFT_60767,-,-,Unknown,-,hypothetical protein,protein-coding,-,-,-,-,20151212,-
1043004,25413055,M436DRAFT_60776,M436DRAFT_60776,-,-,Unknown,-,glycoside hydrolase,protein-coding,-,-,-,-,20160917,-
1043004,25413056,M436DRAFT_60777,M436DRAFT_60777,-,-,Unknown,-,family-7 endo-glucanase,protein-coding,-,-,-,-,20160917,-
1043004,25413057,M436DRAFT_60782,M436DRAFT_60782,-,-,Unknown,-,protein transporter SEC22,protein-coding,-,-,-,-,20160917,-
1043004,25413058,M436DRAFT_60785,M436DRAFT_60785,-,-,Unknown,-,hypothetical protein,protein-coding,-,-,-,-,20160917,-
1043004,25413059,M436DRAFT_60795,M436DRAFT_60795,-,-,Unknown,-,hypothetical protein,protein-coding,-,-,-,-,20160917,-
1043004,25413060,M436DRAFT_60797,M436DRAFT_60797,-,-,Unknown,-,MFS general substrate transporter,protein-coding,-,-,-,-,20160917,-
1043004,25413061,M436DRAFT_60807,M436DRAFT_60807,-,-,Unknown,-,hypothetical protein,protein-coding,-,-,-,-,20151104,-
1043004,25413062,M436DRAFT_60808,M436DRAFT_60808,-,-,Unknown,-,adenylate kinase,protein-coding,-,-,-,-,20151212,-
1043004,25413063,M436DRAFT_60809,M436DRAFT_60809,-,-,Unknown,-,hypothetical protein,protein-coding,-,-,-,-,20151104,-
1043004,25413064,M436DRAFT_60815,M436DRAFT_60815,-,-,Unknown,-,hypothetical protein,protein-coding,-,-,-,-,20151104,-
1043004,25413065,M436DRAFT_60816,M436DRAFT_60816,-,-,Unknown,-,hypothetical protein,protein-coding,-,-,-,-,20151104,-
1043004,25413066,M436DRAFT_60824,M436DRAFT_60824,-,-,Unknown,-,hypothetical protein,protein-coding,-,-,-,-,20160917,-
1043004,25413067,M436DRAFT_60825,M436DRAFT_60825,-,-,Unknown,-,proteasome subunit alpha type-5,protein-coding,-,-,-,-,20191025,-
1043004,25413068,M436DRAFT_60827,M436DRAFT_60827,-,-,Unknown,-,hypothetical protein,protein-coding,-,-,-,-,20151104,-
1043004,25413069,M436DRAFT_60830,M436DRAFT_60830,-,-,Unknown,-,hypothetical protein,protein-coding,-,-,-,-,20160917,-
1043004,25413070,M436DRAFT_60831,M436DRAFT_60831,-,-,Unknown,-,cytidine deaminase-like protein,protein-coding,-,-,-,-,20151212,-
1043004,25413071,M436DRAFT_60835,M436DRAFT_60835,-,-,Unknown,-,hypothetical protein,protein-coding,-,-,-,-,20151104,-
1043004,25413072,M436DRAFT_60837,M436DRAFT_60837,-,-,Unknown,-,hypothetical protein,protein-coding,-,-,-,-,20160325,-
1043004,25413073,M436DRAFT_60838,M436DRAFT_60838,-,-,Unknown,-,hypothetical protein,protein-coding,-,-,-,-,20151104,-
1043004,25413074,M436DRAFT_60843,M436DRAFT_60843,-,-,Unknown,-,hypothetical protein,protein-coding,-,-,-,-,20151104,-
1043004,25413075,M436DRAFT_60845,M436DRAFT_60845,-,-,Unknown,-,hypothetical protein,protein-coding,-,-,-,-,20151212,-
1043004,25413076,M436DRAFT_60853,M436DRAFT_60853,-,-,Unknown,-,hypothetical protein,protein-coding,-,-,-,-,20151104,-
1043004,25413077,M436DRAFT_60855,M436DRAFT_60855,-,-,Unknown,-,putative phosphoethanolamine N-methyltransferase,protein-coding,-,-,-,-,20160917,-
1043004,25413078,M436DRAFT_60857,M436DRAFT_60857,-,-,Unknown,-,hypothetical protein,protein-coding,-,-,-,-,20160917,-
1043004,25413079,M436DRAFT_60859,M436DRAFT_60859,-,-,Unknown,-,patatin-domain-containing protein,protein-coding,-,-,-,-,20160917,-
1043004,25413080,M436DRAFT_60873,M436DRAFT_60873,-,-,Unknown,-,hypothetical protein,protein-coding,-,-,-,-,20160917,-
1043004,25413081,M436DRAFT_60880,M436DRAFT_60880,-,-,Unknown,-,Ribokinase-like protein,protein-coding,-,-,-,-,20151212,-
1043004,25413082,M436DRAFT_60881,M436DRAFT_60881,-,-,Unknown,-,proliferating cell nuclear antigen,protein-coding,-,-,-,-,20151212,-
1043004,25413083,M436DRAFT_60892,M436DRAFT_60892,-,-,Unknown,-,hypothetical protein,protein-coding,-,-,-,-,20151104,-
1043004,25413084,M436DRAFT_60902,M436DRAFT_60902,-,-,Unknown,-,hypothetical protein,protein-coding,-,-,-,-,20151104,-
1043004,25413085,M436DRAFT_60924,M436DRAFT_60924,-,-,Unknown,-,hypothetical protein,protein-coding,-,-,-,-,20151104,-
1043004,25413086,M436DRAFT_60926,M436DRAFT_60926,-,-,Unknown,-,hypothetical protein,protein-coding,-,-,-,-,20151104,-
1043004,25413087,M436DRAFT_60929,M436DRAFT_60929,-,-,Unknown,-,60S acidic ribosomal protein P0,protein-coding,-,-,-,-,20151212,-
1043004,25413088,M436DRAFT_60939,M436DRAFT_60939,-,-,Unknown,-,PLP-dependent transferase,protein-coding,-,-,-,-,20160917,-
1043004,25413089,M436DRAFT_60941,M436DRAFT_60941,-,-,Unknown,-,hypothetical protein,protein-coding,-,-,-,-,20160917,-
1043004,25413090,M436DRAFT_60948,M436DRAFT_60948,-,-,Unknown,-,hypothetical protein,protein-coding,-,-,-,-,20160917,-
1043004,25413091,M436DRAFT_60962,M436DRAFT_60962,-,-,Unknown,-,hypothetical protein,protein-coding,-,-,-,-,20160917,-
1043004,25413092,M436DRAFT_60965,M436DRAFT_60965,-,-,Unknown,-,nuclear protein localization protein 4,protein-coding,-,-,-,-,20160917,-
1043004,25413093,M436DRAFT_60966,M436DRAFT_60966,-,-,Unknown,-,hypothetical protein,protein-coding,-,-,-,-,20160917,-
1043004,25413094,M436DRAFT_60976,M436DRAFT_60976,-,-,Unknown,-,hypothetical protein,protein-coding,-,-,-,-,20151104,-
1043004,25413095,M436DRAFT_60981,M436DRAFT_60981,-,-,Unknown,-,hypothetical protein,protein-coding,-,-,-,-,20160917,-
1043004,25413096,M436DRAFT_60986,M436DRAFT_60986,-,-,Unknown,-,hypothetical protein,protein-coding,-,-,-,-,20151104,-
1043004,25413097,M436DRAFT_60988,M436DRAFT_60988,-,-,Unknown,-,hypothetical protein,protein-coding,-,-,-,-,20151104,-
1043004,25413098,M436DRAFT_60991,M436DRAFT_60991,-,-,Unknown,-,putative D-mandelate dehydrogenase,protein-coding,-,-,-,-,20151212,-
1043004,25413099,M436DRAFT_60994,M436DRAFT_60994,-,-,Unknown,-,hypothetical protein,protein-coding,-,-,-,-,20151104,-
1043004,25413100,M436DRAFT_60997,M436DRAFT_60997,-,-,Unknown,-,hypothetical protein,protein-coding,-,-,-,-,20160917,-
1043004,25413101,M436DRAFT_61001,M436DRAFT_61001,-,-,Unknown,-,hypothetical protein,protein-coding,-,-,-,-,20151104,-
1043004,25413102,M436DRAFT_61007,M436DRAFT_61007,-,-,Unknown,-,hypothetical protein,protein-coding,-,-,-,-,20160917,-
1043004,25413103,M436DRAFT_61015,M436DRAFT_61015,-,-,Unknown,-,hypothetical protein,protein-coding,-,-,-,-,20160917,-
1043004,25413104,M436DRAFT_61016,M436DRAFT_61016,-,-,Unknown,-,hypothetical protein,protein-coding,-,-,-,-,20151104,-
1043004,25413105,M436DRAFT_61018,M436DRAFT_61018,-,-,Unknown,-,hypothetical protein,protein-coding,-,-,-,-,20151104,-
1043004,25413106,M436DRAFT_61032,M436DRAFT_61032,-,-,Unknown,-,hypothetical protein,protein-coding,-,-,-,-,20151104,-
1043004,25413107,M436DRAFT_61035,M436DRAFT_61035,-,-,Unknown,-,NAD(P)-binding protein,protein-coding,-,-,-,-,20151212,-
1043004,25413108,M436DRAFT_61042,M436DRAFT_61042,-,-,Unknown,-,hypothetical protein,protein-coding,-,-,-,-,20160917,-
1043004,25413109,M436DRAFT_61043,M436DRAFT_61043,-,-,Unknown,-,hypothetical protein,protein-coding,-,-,-,-,20160917,-
1043004,25413110,M436DRAFT_61046,M436DRAFT_61046,-,-,Unknown,-,hypothetical protein,protein-coding,-,-,-,-,20151104,-
1043004,25413111,M436DRAFT_61051,M436DRAFT_61051,-,-,Unknown,-,kinase-like protein,protein-coding,-,-,-,-,20160917,-
1043004,25413112,M436DRAFT_61056,M436DRAFT_61056,-,-,Unknown,-,hypothetical protein,protein-coding,-,-,-,-,20160917,-
1043004,25413113,M436DRAFT_61075,M436DRAFT_61075,-,-,Unknown,-,hypothetical protein,protein-coding,-,-,-,-,20160917,-
1043004,25413114,M436DRAFT_61080,M436DRAFT_61080,-,-,Unknown,-,U5 snRNP-like RNA helicase subunit,protein-coding,-,-,-,-,20151212,-
1043004,25413115,M436DRAFT_61081,M436DRAFT_61081,-,-,Unknown,-,ribonuclease P protein subunit p30,protein-coding,-,-,-,-,20160917,-
1043004,25413116,M436DRAFT_61083,M436DRAFT_61083,-,-,Unknown,-,hypothetical protein,protein-coding,-,-,-,-,20151104,-
1043004,25413117,M436DRAFT_61089,M436DRAFT_61089,-,-,Unknown,-,hypothetical protein,protein-coding,-,-,-,-,20151104,-
1043004,25413118,M436DRAFT_61094,M436DRAFT_61094,-,-,Unknown,-,putative glycosyl hydrolase,protein-coding,-,-,-,-,20160917,-
1043004,25413119,M436DRAFT_61095,M436DRAFT_61095,-,-,Unknown,-,hypothetical protein,protein-coding,-,-,-,-,20151104,-
1043004,25413120,M436DRAFT_61096,M436DRAFT_61096,-,-,Unknown,-,hypothetical protein,protein-coding,-,-,-,-,20151104,-
1043004,25413121,M436DRAFT_61097,M436DRAFT_61097,-,-,Unknown,-,SUN-domain-containing protein,protein-coding,-,-,-,-,20160917,-
1043004,25413122,M436DRAFT_61100,M436DRAFT_61100,-,-,Unknown,-,hypothetical protein,protein-coding,-,-,-,-,20151212,-
1043004,25413123,M436DRAFT_61101,M436DRAFT_61101,-,-,Unknown,-,hypothetical protein,protein-coding,-,-,-,-,20151104,-
1043004,25413124,M436DRAFT_61102,M436DRAFT_61102,-,-,Unknown,-,"actin-related protein 2/3 complex, subunit 1",protein-coding,-,-,-,-,20160917,-
1043004,25413125,M436DRAFT_61117,M436DRAFT_61117,-,-,Unknown,-,hypothetical protein,protein-coding,-,-,-,-,20160917,-
1043004,25413126,M436DRAFT_61118,M436DRAFT_61118,-,-,Unknown,-,hypothetical protein,protein-coding,-,-,-,-,20151104,-
1043004,25413127,M436DRAFT_61119,M436DRAFT_61119,-,-,Unknown,-,putative phosphomannomutase,protein-coding,-,-,-,-,20151212,-
1043004,25413128,M436DRAFT_61125,M436DRAFT_61125,-,-,Unknown,-,general substrate transporter,protein-coding,-,-,-,-,20160917,-
1043004,25413129,M436DRAFT_61126,M436DRAFT_61126,-,-,Unknown,-,hypothetical protein,protein-coding,-,-,-,-,20160917,-
1043004,25413130,M436DRAFT_61133,M436DRAFT_61133,-,-,Unknown,-,hypothetical protein,protein-coding,-,-,-,-,20151212,-
1043004,25413131,M436DRAFT_61136,M436DRAFT_61136,-,-,Unknown,-,hypothetical protein,protein-coding,-,-,-,-,20151212,-
1043004,25413132,M436DRAFT_61141,M436DRAFT_61141,-,-,Unknown,-,hypothetical protein,protein-coding,-,-,-,-,20160325,-
1043004,25413133,M436DRAFT_61142,M436DRAFT_61142,-,-,Unknown,-,AICARFT/IMPCHase bienzyme,protein-coding,-,-,-,-,20160917,-
1043004,25413134,M436DRAFT_61145,M436DRAFT_61145,-,-,Unknown,-,hypothetical protein,protein-coding,-,-,-,-,20151104,-
1043004,25413135,M436DRAFT_61152,M436DRAFT_61152,-,-,Unknown,-,hypothetical protein,protein-coding,-,-,-,-,20160325,-
1043004,25413136,M436DRAFT_61159,M436DRAFT_61159,-,-,Unknown,-,cytochrome C1,protein-coding,-,-,-,-,20160917,-
1043004,25413137,M436DRAFT_61164,M436DRAFT_61164,-,-,Unknown,-,hypothetical protein,protein-coding,-,-,-,-,20151104,-
1043004,25413138,M436DRAFT_61172,M436DRAFT_61172,-,-,Unknown,-,hypothetical protein,protein-coding,-,-,-,-,20160917,-
1043004,25413139,M436DRAFT_61173,M436DRAFT_61173,-,-,Unknown,-,hypothetical protein,protein-coding,-,-,-,-,20151104,-
1043004,25413140,M436DRAFT_61177,M436DRAFT_61177,-,-,Unknown,-,long-chain fatty-acid-CoA ligase,protein-coding,-,-,-,-,20160917,-
1043004,25413141,M436DRAFT_61186,M436DRAFT_61186,-,-,Unknown,-,hypothetical protein,protein-coding,-,-,-,-,20160917,-
1043004,25413142,M436DRAFT_61188,M436DRAFT_61188,-,-,Unknown,-,hypothetical protein,protein-coding,-,-,-,-,20151104,-
1043004,25413143,M436DRAFT_61192,M436DRAFT_61192,-,-,Unknown,-,DUF689-domain-containing protein,protein-coding,-,-,-,-,20160917,-
1043004,25413144,M436DRAFT_61195,M436DRAFT_61195,-,-,Unknown,-,acyl-CoA dehydrogenase NM domain-like protein,protein-coding,-,-,-,-,20151212,-
1043004,25413145,M436DRAFT_61198,M436DRAFT_61198,-,-,Unknown,-,UDP-N-acetylglucosamine pyrophosphorylase,protein-coding,-,-,-,-,20151212,-
1043004,25413146,M436DRAFT_61201,M436DRAFT_61201,-,-,Unknown,-,HCP-like protein,protein-coding,-,-,-,-,20151104,-
1043004,25413147,M436DRAFT_61202,M436DRAFT_61202,-,-,Unknown,-,hypothetical protein,protein-coding,-,-,-,-,20151104,-
1043004,25413148,M436DRAFT_61205,M436DRAFT_61205,-,-,Unknown,-,phosphatidylserine decarboxylase proenzyme,protein-coding,-,-,-,-,20160917,-
1043004,25413149,M436DRAFT_61206,M436DRAFT_61206,-,-,Unknown,-,hypothetical protein,protein-coding,-,-,-,-,20160917,-
1043004,25413150,M436DRAFT_61212,M436DRAFT_61212,-,-,Unknown,-,60S ribosomal protein L18ae,protein-coding,-,-,-,-,20151212,-
1043004,25413151,M436DRAFT_61225,M436DRAFT_61225,-,-,Unknown,-,P-loop containing nucleoside triphosphate hydrolase protein,protein-coding,-,-,-,-,20160917,-
1043004,25413152,M436DRAFT_61226,M436DRAFT_61226,-,-,Unknown,-,hypothetical protein,protein-coding,-,-,-,-,20160325,-
1043004,25413153,M436DRAFT_61227,M436DRAFT_61227,-,-,Unknown,-,hypothetical protein,protein-coding,-,-,-,-,20151104,-
1043004,25413154,M436DRAFT_61229,M436DRAFT_61229,-,-,Unknown,-,hypothetical protein,protein-coding,-,-,-,-,20151104,-
1043004,25413155,M436DRAFT_61230,M436DRAFT_61230,-,-,Unknown,-,hypothetical protein,protein-coding,-,-,-,-,20160325,-
1043004,25413156,M436DRAFT_61233,M436DRAFT_61233,-,-,Unknown,-,hypothetical protein,protein-coding,-,-,-,-,20151104,-
1043004,25413157,M436DRAFT_61237,M436DRAFT_61237,-,-,Unknown,-,hypothetical protein,protein-coding,-,-,-,-,20151212,-
1043004,25413158,M436DRAFT_61247,M436DRAFT_61247,-,-,Unknown,-,SNF7 family protein,protein-coding,-,-,-,-,20160917,-
1043004,25413159,M436DRAFT_61271,M436DRAFT_61271,-,-,Unknown,-,hypothetical protein,protein-coding,-,-,-,-,20151104,-
1043004,25413160,M436DRAFT_61274,M436DRAFT_61274,-,-,Unknown,-,hypothetical protein,protein-coding,-,-,-,-,20151104,-
1043004,25413161,M436DRAFT_61275,M436DRAFT_61275,-,-,Unknown,-,hypothetical protein,protein-coding,-,-,-,-,20151104,-
1043004,25413162,M436DRAFT_61294,M436DRAFT_61294,-,-,Unknown,-,NAD(P)-binding protein,protein-coding,-,-,-,-,20160917,-
1043004,25413163,M436DRAFT_61297,M436DRAFT_61297,-,-,Unknown,-,hypothetical protein,protein-coding,-,-,-,-,20160917,-
1043004,25413164,M436DRAFT_61306,M436DRAFT_61306,-,-,Unknown,-,GTPase-activating protein-like protein of the rho/rac family,protein-coding,-,-,-,-,20160917,-
1043004,25413165,M436DRAFT_61307,M436DRAFT_61307,-,-,Unknown,-,polymerase II polypeptide D,protein-coding,-,-,-,-,20160917,-
1043004,25413166,M436DRAFT_61313,M436DRAFT_61313,-,-,Unknown,-,putative splicing factor 3a subunit 2,protein-coding,-,-,-,-,20160917,-
1043004,25413167,M436DRAFT_61324,M436DRAFT_61324,-,-,Unknown,-,sugar transporter,protein-coding,-,-,-,-,20151212,-
1043004,25413168,M436DRAFT_61330,M436DRAFT_61330,-,-,Unknown,-,C6 zinc finger domain protein,protein-coding,-,-,-,-,20160917,-
1043004,25413169,M436DRAFT_61334,M436DRAFT_61334,-,-,Unknown,-,putative oxidoreductase,protein-coding,-,-,-,-,20160917,-
1043004,25413170,M436DRAFT_61337,M436DRAFT_61337,-,-,Unknown,-,hypothetical protein,protein-coding,-,-,-,-,20160917,-
1043004,25413171,M436DRAFT_61339,M436DRAFT_61339,-,-,Unknown,-,GTP-binding protein 1,protein-coding,-,-,-,-,20160917,-
1043004,25413172,M436DRAFT_61343,M436DRAFT_61343,-,-,Unknown,-,SGNH hydrolase,protein-coding,-,-,-,-,20160325,-
1043004,25413173,M436DRAFT_61345,M436DRAFT_61345,-,-,Unknown,-,hypothetical protein,protein-coding,-,-,-,-,20151104,-
1043004,25413174,M436DRAFT_61355,M436DRAFT_61355,-,-,Unknown,-,hypothetical protein,protein-coding,-,-,-,-,20151104,-
1043004,25413175,M436DRAFT_61357,M436DRAFT_61357,-,-,Unknown,-,hypothetical protein,protein-coding,-,-,-,-,20160917,-
1043004,25413176,M436DRAFT_61359,M436DRAFT_61359,-,-,Unknown,-,hypothetical protein,protein-coding,-,-,-,-,20151212,-
1043004,25413177,M436DRAFT_61365,M436DRAFT_61365,-,-,Unknown,-,hypothetical protein,protein-coding,-,-,-,-,20151104,-
1043004,25413178,M436DRAFT_61368,M436DRAFT_61368,-,-,Unknown,-,hypothetical protein,protein-coding,-,-,-,-,20160917,-
1043004,25413179,M436DRAFT_61369,M436DRAFT_61369,-,-,Unknown,-,hypothetical protein,protein-coding,-,-,-,-,20160917,-
1043004,25413180,M436DRAFT_61372,M436DRAFT_61372,-,-,Unknown,-,hypothetical protein,protein-coding,-,-,-,-,20151212,-
1043004,25413181,M436DRAFT_61386,M436DRAFT_61386,-,-,Unknown,-,NAD(P)-binding protein,protein-coding,-,-,-,-,20151212,-
1043004,25413182,M436DRAFT_61398,M436DRAFT_61398,-,-,Unknown,-,calcium-dependent phosphotriesterase,protein-coding,-,-,-,-,20160917,-
1043004,25413183,M436DRAFT_61405,M436DRAFT_61405,-,-,Unknown,-,hypothetical protein,protein-coding,-,-,-,-,20160917,-
1043004,25413184,M436DRAFT_61407,M436DRAFT_61407,-,-,Unknown,-,hypothetical protein,protein-coding,-,-,-,-,20151104,-
1043004,25413185,M436DRAFT_61415,M436DRAFT_61415,-,-,Unknown,-,hypothetical protein,protein-coding,-,-,-,-,20151104,-
1043004,25413186,M436DRAFT_61423,M436DRAFT_61423,-,-,Unknown,-,hypothetical protein,protein-coding,-,-,-,-,20151104,-
1043004,25413187,M436DRAFT_61426,M436DRAFT_61426,-,-,Unknown,-,hypothetical protein,protein-coding,-,-,-,-,20151104,-
1043004,25413188,M436DRAFT_61430,M436DRAFT_61430,-,-,Unknown,-,hypothetical protein,protein-coding,-,-,-,-,20151104,-
1043004,25413189,M436DRAFT_61431,M436DRAFT_61431,-,-,Unknown,-,RBP11-like subunits of RNA polymerase,protein-coding,-,-,-,-,20160917,-
1043004,25413190,M436DRAFT_61432,M436DRAFT_61432,-,-,Unknown,-,inosine monophosphate dehydrogenase,protein-coding,-,-,-,-,20151212,-
1043004,25413191,M436DRAFT_61439,M436DRAFT_61439,-,-,Unknown,-,hypothetical protein,protein-coding,-,-,-,-,20151104,-
1043004,25413192,M436DRAFT_61442,M436DRAFT_61442,-,-,Unknown,-,hypothetical protein,protein-coding,-,-,-,-,20160325,-
1043004,25413193,M436DRAFT_61443,M436DRAFT_61443,-,-,Unknown,-,hypothetical protein,protein-coding,-,-,-,-,20151104,-
1043004,25413194,M436DRAFT_61444,M436DRAFT_61444,-,-,Unknown,-,hypothetical protein,protein-coding,-,-,-,-,20151104,-
1043004,25413195,M436DRAFT_61452,M436DRAFT_61452,-,-,Unknown,-,hypothetical protein,protein-coding,-,-,-,-,20151104,-
1043004,25413196,M436DRAFT_61462,M436DRAFT_61462,-,-,Unknown,-,nucleolar complex protein 4,protein-coding,-,-,-,-,20160917,-
1043004,25413197,M436DRAFT_61471,M436DRAFT_61471,-,-,Unknown,-,hypothetical protein,protein-coding,-,-,-,-,20151104,-
1043004,25413198,M436DRAFT_61482,M436DRAFT_61482,-,-,Unknown,-,SUC2 like protein,protein-coding,-,-,-,-,20160325,-
1043004,25413199,M436DRAFT_61485,M436DRAFT_61485,-,-,Unknown,-,putative P450 monooxygenase,protein-coding,-,-,-,-,20160917,-
1043004,25413200,M436DRAFT_61491,M436DRAFT_61491,-,-,Unknown,-,hypothetical protein,protein-coding,-,-,-,-,20151104,-
1043004,25413201,M436DRAFT_61497,M436DRAFT_61497,-,-,Unknown,-,ribosomal protein S3Ae,protein-coding,-,-,-,-,20160917,-
1043004,25413202,M436DRAFT_61503,M436DRAFT_61503,-,-,Unknown,-,inorganic phosphate transport PHO88,protein-coding,-,-,-,-,20160917,-
1043004,25413203,M436DRAFT_61508,M436DRAFT_61508,-,-,Unknown,-,histone-fold-containing protein,protein-coding,-,-,-,-,20191025,-
1043004,25413204,M436DRAFT_61509,M436DRAFT_61509,-,-,Unknown,-,hypothetical protein,protein-coding,-,-,-,-,20160917,-
1043004,25413205,M436DRAFT_61516,M436DRAFT_61516,-,-,Unknown,-,hypothetical protein,protein-coding,-,-,-,-,20160917,-
1043004,25413206,M436DRAFT_61524,M436DRAFT_61524,-,-,Unknown,-,hypothetical protein,protein-coding,-,-,-,-,20151104,-
1043004,25413207,M436DRAFT_61528,M436DRAFT_61528,-,-,Unknown,-,hypothetical protein,protein-coding,-,-,-,-,20160917,-
1043004,25413208,M436DRAFT_61537,M436DRAFT_61537,-,-,Unknown,-,hypothetical protein,protein-coding,-,-,-,-,20151104,-
1043004,25413209,M436DRAFT_61539,M436DRAFT_61539,-,-,Unknown,-,hypothetical protein,protein-coding,-,-,-,-,20151104,-
1043004,25413210,M436DRAFT_61547,M436DRAFT_61547,-,-,Unknown,-,hypothetical protein,protein-coding,-,-,-,-,20151104,-
1043004,25413211,M436DRAFT_61557,M436DRAFT_61557,-,-,Unknown,-,hypothetical protein,protein-coding,-,-,-,-,20151104,-
1043004,25413212,M436DRAFT_61560,M436DRAFT_61560,-,-,Unknown,-,hypothetical protein,protein-coding,-,-,-,-,20160917,-
1043004,25413213,M436DRAFT_61563,M436DRAFT_61563,-,-,Unknown,-,"pyruvate dehydrogenase E1, alpha subunit",protein-coding,-,-,-,-,20160917,-
1043004,25413214,M436DRAFT_61565,M436DRAFT_61565,-,-,Unknown,-,hypothetical protein,protein-coding,-,-,-,-,20160917,-
1043004,25413215,M436DRAFT_61569,M436DRAFT_61569,-,-,Unknown,-,hypothetical protein,protein-coding,-,-,-,-,20160917,-
1043004,25413216,M436DRAFT_61572,M436DRAFT_61572,-,-,Unknown,-,ARM repeat-containing protein,protein-coding,-,-,-,-,20160917,-
1043004,25413217,M436DRAFT_61579,M436DRAFT_61579,-,-,Unknown,-,hypothetical protein,protein-coding,-,-,-,-,20160917,-
1043004,25413218,M436DRAFT_61580,M436DRAFT_61580,-,-,Unknown,-,hypothetical protein,protein-coding,-,-,-,-,20160917,-
1043004,25413219,M436DRAFT_61583,M436DRAFT_61583,-,-,Unknown,-,hypothetical protein,protein-coding,-,-,-,-,20160917,-
1043004,25413220,M436DRAFT_61586,M436DRAFT_61586,-,-,Unknown,-,DNA repair protein rad18,protein-coding,-,-,-,-,20160917,-
1043004,25413221,M436DRAFT_61597,M436DRAFT_61597,-,-,Unknown,-,hypothetical protein,protein-coding,-,-,-,-,20151104,-
1043004,25413222,M436DRAFT_61605,M436DRAFT_61605,-,-,Unknown,-,hypothetical protein,protein-coding,-,-,-,-,20151104,-
1043004,25413223,M436DRAFT_61607,M436DRAFT_61607,-,-,Unknown,-,hypothetical protein,protein-coding,-,-,-,-,20151104,-
1043004,25413224,M436DRAFT_61610,M436DRAFT_61610,-,-,Unknown,-,KR-domain-containing protein,protein-coding,-,-,-,-,20160917,-
1043004,25413225,M436DRAFT_61611,M436DRAFT_61611,-,-,Unknown,-,hypothetical protein,protein-coding,-,-,-,-,20151104,-
1043004,25413226,M436DRAFT_61614,M436DRAFT_61614,-,-,Unknown,-,hypothetical protein,protein-coding,-,-,-,-,20151104,-
1043004,25413227,M436DRAFT_61617,M436DRAFT_61617,-,-,Unknown,-,alpha methylacyl-CoA racemase,protein-coding,-,-,-,-,20160917,-
1043004,25413228,M436DRAFT_61618,M436DRAFT_61618,-,-,Unknown,-,3-hydroxyacyl-CoA dehyrogenase,protein-coding,-,-,-,-,20160917,-
1043004,25413229,M436DRAFT_61623,M436DRAFT_61623,-,-,Unknown,-,carboxylesterase,protein-coding,-,-,-,-,20160917,-
1043004,25413230,M436DRAFT_61628,M436DRAFT_61628,-,-,Unknown,-,hypothetical protein,protein-coding,-,-,-,-,20160917,-
1043004,25413231,M436DRAFT_61630,M436DRAFT_61630,-,-,Unknown,-,hypothetical protein,protein-coding,-,-,-,-,20151212,-
1043004,25413232,M436DRAFT_61649,M436DRAFT_61649,-,-,Unknown,-,maltase,protein-coding,-,-,-,-,20151212,-
1043004,25413233,M436DRAFT_61658,M436DRAFT_61658,-,-,Unknown,-,hypothetical protein,protein-coding,-,-,-,-,20160917,-
1043004,25413234,M436DRAFT_61678,M436DRAFT_61678,-,-,Unknown,-,hypothetical protein,protein-coding,-,-,-,-,20151104,-
1043004,25413235,M436DRAFT_61683,M436DRAFT_61683,-,-,Unknown,-,hypothetical protein,protein-coding,-,-,-,-,20151212,-
1043004,25413236,M436DRAFT_61684,M436DRAFT_61684,-,-,Unknown,-,hypothetical protein,protein-coding,-,-,-,-,20151104,-
1043004,25413237,M436DRAFT_61685,M436DRAFT_61685,-,-,Unknown,-,hypothetical protein,protein-coding,-,-,-,-,20151104,-
1043004,25413238,M436DRAFT_61686,M436DRAFT_61686,-,-,Unknown,-,hypothetical protein,protein-coding,-,-,-,-,20160325,-
1043004,25413239,M436DRAFT_61691,M436DRAFT_61691,-,-,Unknown,-,DUF1715-domain-containing protein,protein-coding,-,-,-,-,20160917,-
1043004,25413240,M436DRAFT_61696,M436DRAFT_61696,-,-,Unknown,-,hypothetical protein,protein-coding,-,-,-,-,20151104,-
1043004,25413241,M436DRAFT_61703,M436DRAFT_61703,-,-,Unknown,-,hypothetical protein,protein-coding,-,-,-,-,20160917,-
1043004,25413242,M436DRAFT_61705,M436DRAFT_61705,-,-,Unknown,-,Dehydroquinate synthase-like protein,protein-coding,-,-,-,-,20151212,-
1043004,25413243,M436DRAFT_61706,M436DRAFT_61706,-,-,Unknown,-,hypothetical protein,protein-coding,-,-,-,-,20151104,-
1043004,25413244,M436DRAFT_61712,M436DRAFT_61712,-,-,Unknown,-,hypothetical protein,protein-coding,-,-,-,-,20151104,-
1043004,25413245,M436DRAFT_61713,M436DRAFT_61713,-,-,Unknown,-,hypothetical protein,protein-coding,-,-,-,-,20151104,-
1043004,25413246,M436DRAFT_61714,M436DRAFT_61714,-,-,Unknown,-,hypothetical protein,protein-coding,-,-,-,-,20160917,-
1043004,25413247,M436DRAFT_61722,M436DRAFT_61722,-,-,Unknown,-,nagb/rpia/CoA transferase-like protein,protein-coding,-,-,-,-,20160917,-
1043004,25413248,M436DRAFT_61734,M436DRAFT_61734,-,-,Unknown,-,hypothetical protein,protein-coding,-,-,-,-,20151104,-
1043004,25413249,M436DRAFT_61750,M436DRAFT_61750,-,-,Unknown,-,hypothetical protein,protein-coding,-,-,-,-,20160917,-
1043004,25413250,M436DRAFT_61752,M436DRAFT_61752,-,-,Unknown,-,hypothetical protein,protein-coding,-,-,-,-,20160917,-
1043004,25413251,M436DRAFT_61757,M436DRAFT_61757,-,-,Unknown,-,"putative nonspecific lipid-transfer protein, mitochondrial precursor",protein-coding,-,-,-,-,20151212,-
1043004,25413252,M436DRAFT_61759,M436DRAFT_61759,-,-,Unknown,-,MSF1-domain-containing protein,protein-coding,-,-,-,-,20160917,-
1043004,25413253,M436DRAFT_61761,M436DRAFT_61761,-,-,Unknown,-,syntaxin,protein-coding,-,-,-,-,20160917,-
1043004,25413254,M436DRAFT_61767,M436DRAFT_61767,-,-,Unknown,-,hypothetical protein,protein-coding,-,-,-,-,20151104,-
1043004,25413255,M436DRAFT_61770,M436DRAFT_61770,-,-,Unknown,-,GatB/YqeY domain-containing protein,protein-coding,-,-,-,-,20160917,-
1043004,25413256,M436DRAFT_61772,M436DRAFT_61772,-,-,Unknown,-,hypothetical protein,protein-coding,-,-,-,-,20151104,-
1043004,25413257,M436DRAFT_61773,M436DRAFT_61773,-,-,Unknown,-,hypothetical protein,protein-coding,-,-,-,-,20151104,-
1043004,25413258,M436DRAFT_61774,M436DRAFT_61774,-,-,Unknown,-,hypothetical protein,protein-coding,-,-,-,-,20160325,-
1043004,25413259,M436DRAFT_61775,M436DRAFT_61775,-,-,Unknown,-,hypothetical protein,protein-coding,-,-,-,-,20151104,-
1043004,25413260,M436DRAFT_61776,M436DRAFT_61776,-,-,Unknown,-,hypothetical protein,protein-coding,-,-,-,-,20151104,-
1043004,25413261,M436DRAFT_61777,M436DRAFT_61777,-,-,Unknown,-,hypothetical protein,protein-coding,-,-,-,-,20160325,-
1043004,25413262,M436DRAFT_61778,M436DRAFT_61778,-,-,Unknown,-,nucleolar GTP-binding protein 1,protein-coding,-,-,-,-,20160917,-
1043004,25413263,M436DRAFT_61780,M436DRAFT_61780,-,-,Unknown,-,hypothetical protein,protein-coding,-,-,-,-,20151104,-
1043004,25413264,M436DRAFT_61786,M436DRAFT_61786,-,-,Unknown,-,kinase-like protein,protein-coding,-,-,-,-,20160917,-
1043004,25413265,M436DRAFT_61787,M436DRAFT_61787,-,-,Unknown,-,hypothetical protein,protein-coding,-,-,-,-,20151212,-
1043004,25413266,M436DRAFT_61791,M436DRAFT_61791,-,-,Unknown,-,Mob1/phocein,protein-coding,-,-,-,-,20160917,-
1043004,25413267,M436DRAFT_61793,M436DRAFT_61793,-,-,Unknown,-,putative uridine/cytidine kinase,protein-coding,-,-,-,-,20160917,-
1043004,25413268,M436DRAFT_61796,M436DRAFT_61796,-,-,Unknown,-,hypothetical protein,protein-coding,-,-,-,-,20151104,-
1043004,25413269,M436DRAFT_61800,M436DRAFT_61800,-,-,Unknown,-,hypothetical protein,protein-coding,-,-,-,-,20151104,-
1043004,25413270,M436DRAFT_61801,M436DRAFT_61801,-,-,Unknown,-,hypothetical protein,protein-coding,-,-,-,-,20160917,-
1043004,25413271,M436DRAFT_61803,M436DRAFT_61803,-,-,Unknown,-,hypothetical protein,protein-coding,-,-,-,-,20160917,-
1043004,25413272,M436DRAFT_61805,M436DRAFT_61805,-,-,Unknown,-,hypothetical protein,protein-coding,-,-,-,-,20160917,-
1043004,25413273,M436DRAFT_61826,M436DRAFT_61826,-,-,Unknown,-,hypothetical protein,protein-coding,-,-,-,-,20160917,-
1043004,25413274,M436DRAFT_61839,M436DRAFT_61839,-,-,Unknown,-,hypothetical protein,protein-coding,-,-,-,-,20151104,-
1043004,25413275,M436DRAFT_61840,M436DRAFT_61840,-,-,Unknown,-,hypothetical protein,protein-coding,-,-,-,-,20160325,-
1043004,25413276,M436DRAFT_61846,M436DRAFT_61846,-,-,Unknown,-,hypothetical protein,protein-coding,-,-,-,-,20151104,-
1043004,25413277,M436DRAFT_61858,M436DRAFT_61858,-,-,Unknown,-,"E3 ubiquitin ligase SCF complex, Skp subunit",protein-coding,-,-,-,-,20160917,-
1043004,25413278,M436DRAFT_61859,M436DRAFT_61859,-,-,Unknown,-,GPI mannosyltransferase 4,protein-coding,-,-,-,-,20160917,-
1043004,25413279,M436DRAFT_61863,M436DRAFT_61863,-,-,Unknown,-,putative MIPC synthase subunit,protein-coding,-,-,-,-,20160917,-
1043004,25413280,M436DRAFT_61867,M436DRAFT_61867,-,-,Unknown,-,ABC transporter domain-containing protein,protein-coding,-,-,-,-,20160917,-
1043004,25413281,M436DRAFT_61877,M436DRAFT_61877,-,-,Unknown,-,Prefoldin,protein-coding,-,-,-,-,20160917,-
1043004,25413282,M436DRAFT_61888,M436DRAFT_61888,-,-,Unknown,-,Aldo/keto reductase,protein-coding,-,-,-,-,20151212,-
1043004,25413283,M436DRAFT_61890,M436DRAFT_61890,-,-,Unknown,-,hypothetical protein,protein-coding,-,-,-,-,20151104,-
1043004,25413284,M436DRAFT_61891,M436DRAFT_61891,-,-,Unknown,-,hypothetical protein,protein-coding,-,-,-,-,20151104,-
1043004,25413285,M436DRAFT_61895,M436DRAFT_61895,-,-,Unknown,-,DUF1295-domain-containing protein,protein-coding,-,-,-,-,20160917,-
1043004,25413286,M436DRAFT_61935,M436DRAFT_61935,-,-,Unknown,-,hypothetical protein,protein-coding,-,-,-,-,20160917,-
1043004,25413287,M436DRAFT_61964,M436DRAFT_61964,-,-,Unknown,-,hypothetical protein,protein-coding,-,-,-,-,20160917,-
1043004,25413288,M436DRAFT_61968,M436DRAFT_61968,-,-,Unknown,-,6-phosphofructokinase,protein-coding,-,-,-,-,20160917,-
1043004,25413289,M436DRAFT_61980,M436DRAFT_61980,-,-,Unknown,-,hypothetical protein,protein-coding,-,-,-,-,20151104,-
1043004,25413290,M436DRAFT_61982,M436DRAFT_61982,-,-,Unknown,-,kinase-like protein,protein-coding,-,-,-,-,20160917,-
1043004,25413291,M436DRAFT_61989,M436DRAFT_61989,-,-,Unknown,-,2-nitropropane dioxygenase,protein-coding,-,-,-,-,20160917,-
1043004,25413292,M436DRAFT_61992,M436DRAFT_61992,-,-,Unknown,-,putative nucleotide-sugar transporter,protein-coding,-,-,-,-,20151104,-
1043004,25413293,M436DRAFT_62012,M436DRAFT_62012,-,-,Unknown,-,hypothetical protein,protein-coding,-,-,-,-,20160917,-
1043004,25413294,M436DRAFT_62014,M436DRAFT_62014,-,-,Unknown,-,hypothetical protein,protein-coding,-,-,-,-,20151104,-
1043004,25413295,M436DRAFT_62015,M436DRAFT_62015,-,-,Unknown,-,hypothetical protein,protein-coding,-,-,-,-,20160917,-
1043004,25413296,M436DRAFT_62026,M436DRAFT_62026,-,-,Unknown,-,hypothetical protein,protein-coding,-,-,-,-,20160917,-
1043004,25413297,M436DRAFT_62029,M436DRAFT_62029,-,-,Unknown,-,hypothetical protein,protein-coding,-,-,-,-,20160917,-
1043004,25413298,M436DRAFT_62032,M436DRAFT_62032,-,-,Unknown,-,hypothetical protein,protein-coding,-,-,-,-,20160325,-
1043004,25413299,M436DRAFT_62036,M436DRAFT_62036,-,-,Unknown,-,hypothetical protein,protein-coding,-,-,-,-,20160917,-
1043004,25413300,M436DRAFT_62050,M436DRAFT_62050,-,-,Unknown,-,putative TPA: TRAPP complex subunit,protein-coding,-,-,-,-,20160917,-
1043004,25413301,M436DRAFT_62054,M436DRAFT_62054,-,-,Unknown,-,hypothetical protein,protein-coding,-,-,-,-,20160325,-
1043004,25413302,M436DRAFT_62060,M436DRAFT_62060,-,-,Unknown,-,hypothetical protein,protein-coding,-,-,-,-,20160917,-
1043004,25413303,M436DRAFT_62074,M436DRAFT_62074,-,-,Unknown,-,hypothetical protein,protein-coding,-,-,-,-,20151104,-
1043004,25413304,M436DRAFT_62076,M436DRAFT_62076,-,-,Unknown,-,hypothetical protein,protein-coding,-,-,-,-,20160917,-
1043004,25413305,M436DRAFT_62077,M436DRAFT_62077,-,-,Unknown,-,hypothetical protein,protein-coding,-,-,-,-,20151104,-
1043004,25413306,M436DRAFT_62078,M436DRAFT_62078,-,-,Unknown,-,hypothetical protein,protein-coding,-,-,-,-,20151104,-
1043004,25413307,M436DRAFT_62087,M436DRAFT_62087,-,-,Unknown,-,hypothetical protein,protein-coding,-,-,-,-,20151104,-
1043004,25413308,M436DRAFT_62088,M436DRAFT_62088,-,-,Unknown,-,hypothetical protein,protein-coding,-,-,-,-,20160917,-
1043004,25413309,M436DRAFT_62090,M436DRAFT_62090,-,-,Unknown,-,hypothetical protein,protein-coding,-,-,-,-,20151104,-
1043004,25413310,M436DRAFT_62098,M436DRAFT_62098,-,-,Unknown,-,hypothetical protein,protein-coding,-,-,-,-,20151104,-
1043004,25413311,M436DRAFT_62099,M436DRAFT_62099,-,-,Unknown,-,hypothetical protein,protein-coding,-,-,-,-,20151104,-
1043004,25413312,M436DRAFT_62113,M436DRAFT_62113,-,-,Unknown,-,hypothetical protein,protein-coding,-,-,-,-,20151104,-
1043004,25413313,M436DRAFT_62118,M436DRAFT_62118,-,-,Unknown,-,"3',5'-bisphosphate nucleotidase",protein-coding,-,-,-,-,20160917,-
1043004,25413314,M436DRAFT_62119,M436DRAFT_62119,-,-,Unknown,-,OPT-domain-containing protein,protein-coding,-,-,-,-,20160917,-
1043004,25413315,M436DRAFT_62121,M436DRAFT_62121,-,-,Unknown,-,hypothetical protein,protein-coding,-,-,-,-,20151104,-
1043004,25413316,M436DRAFT_62124,M436DRAFT_62124,-,-,Unknown,-,hypothetical protein,protein-coding,-,-,-,-,20151104,-
1043004,25413317,M436DRAFT_62126,M436DRAFT_62126,-,-,Unknown,-,hypothetical protein,protein-coding,-,-,-,-,20151104,-
1043004,25413318,M436DRAFT_62131,M436DRAFT_62131,-,-,Unknown,-,hypothetical protein,protein-coding,-,-,-,-,20160325,-
1043004,25413319,M436DRAFT_62132,M436DRAFT_62132,-,-,Unknown,-,hypothetical protein,protein-coding,-,-,-,-,20151212,-
1043004,25413320,M436DRAFT_62138,M436DRAFT_62138,-,-,Unknown,-,hypothetical protein,protein-coding,-,-,-,-,20151104,-
1043004,25413321,M436DRAFT_62144,M436DRAFT_62144,-,-,Unknown,-,hypothetical protein,protein-coding,-,-,-,-,20160325,-
1043004,25413322,M436DRAFT_62153,M436DRAFT_62153,-,-,Unknown,-,hypothetical protein,protein-coding,-,-,-,-,20160917,-
1043004,25413323,M436DRAFT_62158,M436DRAFT_62158,-,-,Unknown,-,hypothetical protein,protein-coding,-,-,-,-,20151104,-
1043004,25413324,M436DRAFT_62160,M436DRAFT_62160,-,-,Unknown,-,hypothetical protein,protein-coding,-,-,-,-,20160917,-
1043004,25413325,M436DRAFT_62173,M436DRAFT_62173,-,-,Unknown,-,cytochrome P450,protein-coding,-,-,-,-,20160917,-
1043004,25413326,M436DRAFT_62177,M436DRAFT_62177,-,-,Unknown,-,hypothetical protein,protein-coding,-,-,-,-,20151104,-
1043004,25413327,M436DRAFT_62185,M436DRAFT_62185,-,-,Unknown,-,WD40 repeat-like protein,protein-coding,-,-,-,-,20160917,-
1043004,25413328,M436DRAFT_62189,M436DRAFT_62189,-,-,Unknown,-,hypothetical protein,protein-coding,-,-,-,-,20151104,-
1043004,25413329,M436DRAFT_62190,M436DRAFT_62190,-,-,Unknown,-,hypothetical protein,protein-coding,-,-,-,-,20160917,-
1043004,25413330,M436DRAFT_62204,M436DRAFT_62204,-,-,Unknown,-,hypothetical protein,protein-coding,-,-,-,-,20160917,-
1043004,25413331,M436DRAFT_62206,M436DRAFT_62206,-,-,Unknown,-,poly hydrolase,protein-coding,-,-,-,-,20160917,-
1043004,25413332,M436DRAFT_62209,M436DRAFT_62209,-,-,Unknown,-,PCI-domain-containing protein,protein-coding,-,-,-,-,20160917,-
1043004,25413333,M436DRAFT_62213,M436DRAFT_62213,-,-,Unknown,-,hypothetical protein,protein-coding,-,-,-,-,20151104,-
1043004,25413334,M436DRAFT_62222,M436DRAFT_62222,-,-,Unknown,-,hypothetical protein,protein-coding,-,-,-,-,20151104,-
1043004,25413335,M436DRAFT_62225,M436DRAFT_62225,-,-,Unknown,-,hypothetical protein,protein-coding,-,-,-,-,20151104,-
1043004,25413336,M436DRAFT_62231,M436DRAFT_62231,-,-,Unknown,-,hypothetical protein,protein-coding,-,-,-,-,20151104,-
1043004,25413337,M436DRAFT_62242,M436DRAFT_62242,-,-,Unknown,-,NADH-ubiquinone oxidoreductase,protein-coding,-,-,-,-,20160917,-
1043004,25413338,M436DRAFT_62245,M436DRAFT_62245,-,-,Unknown,-,DNA mismatch repair protein,protein-coding,-,-,-,-,20160917,-
1043004,25413339,M436DRAFT_62249,M436DRAFT_62249,-,-,Unknown,-,hypothetical protein,protein-coding,-,-,-,-,20151212,-
1043004,25413340,M436DRAFT_62252,M436DRAFT_62252,-,-,Unknown,-,hypothetical protein,protein-coding,-,-,-,-,20151212,-
1043004,25413341,M436DRAFT_62253,M436DRAFT_62253,-,-,Unknown,-,hypothetical protein,protein-coding,-,-,-,-,20160917,-
1043004,25413342,M436DRAFT_62257,M436DRAFT_62257,-,-,Unknown,-,hypothetical protein,protein-coding,-,-,-,-,20160917,-
1043004,25413343,M436DRAFT_62264,M436DRAFT_62264,-,-,Unknown,-,hypothetical protein,protein-coding,-,-,-,-,20151104,-
1043004,25413344,M436DRAFT_62266,M436DRAFT_62266,-,-,Unknown,-,hypothetical protein,protein-coding,-,-,-,-,20160917,-
1043004,25413345,M436DRAFT_62273,M436DRAFT_62273,-,-,Unknown,-,glycoside hydrolase family 31 protein,protein-coding,-,-,-,-,20151212,-
1043004,25413346,M436DRAFT_62276,M436DRAFT_62276,-,-,Unknown,-,"cleavage and polyadenylation specificity factor, 25 kDa subunit",protein-coding,-,-,-,-,20160917,-
1043004,25413347,M436DRAFT_62277,M436DRAFT_62277,-,-,Unknown,-,rhamnogalacturonase A,protein-coding,-,-,-,-,20160917,-
1043004,25413348,M436DRAFT_62281,M436DRAFT_62281,-,-,Unknown,-,"nucleosome remodeling complex, CAF-I subunit",protein-coding,-,-,-,-,20160917,-
1043004,25413349,M436DRAFT_62283,M436DRAFT_62283,-,-,Unknown,-,hypothetical protein,protein-coding,-,-,-,-,20160917,-
1043004,25413350,M436DRAFT_62295,M436DRAFT_62295,-,-,Unknown,-,hypothetical protein,protein-coding,-,-,-,-,20160917,-
1043004,25413351,M436DRAFT_62304,M436DRAFT_62304,-,-,Unknown,-,hypothetical protein,protein-coding,-,-,-,-,20151104,-
1043004,25413352,M436DRAFT_62310,M436DRAFT_62310,-,-,Unknown,-,GTP cyclohydrolase I,protein-coding,-,-,-,-,20151212,-
1043004,25413353,M436DRAFT_62311,M436DRAFT_62311,-,-,Unknown,-,hypothetical protein,protein-coding,-,-,-,-,20151104,-
1043004,25413354,M436DRAFT_62314,M436DRAFT_62314,-,-,Unknown,-,hypothetical protein,protein-coding,-,-,-,-,20151212,-
1043004,25413355,M436DRAFT_62322,M436DRAFT_62322,-,-,Unknown,-,"alpha 1,3-glucosidase",protein-coding,-,-,-,-,20160917,-
1043004,25413356,M436DRAFT_62336,M436DRAFT_62336,-,-,Unknown,-,pseudouridine synthase,protein-coding,-,-,-,-,20160917,-
1043004,25413357,M436DRAFT_62348,M436DRAFT_62348,-,-,Unknown,-,hypothetical protein,protein-coding,-,-,-,-,20151104,-
1043004,25413358,M436DRAFT_62352,M436DRAFT_62352,-,-,Unknown,-,hypothetical protein,protein-coding,-,-,-,-,20160325,-
1043004,25413359,M436DRAFT_62358,M436DRAFT_62358,-,-,Unknown,-,hypothetical protein,protein-coding,-,-,-,-,20151212,-
1043004,25413360,M436DRAFT_62365,M436DRAFT_62365,-,-,Unknown,-,hypothetical protein,protein-coding,-,-,-,-,20151104,-
1043004,25413361,M436DRAFT_62373,M436DRAFT_62373,-,-,Unknown,-,hypothetical protein,protein-coding,-,-,-,-,20160325,-
1043004,25413362,M436DRAFT_62379,M436DRAFT_62379,-,-,Unknown,-,hypothetical protein,protein-coding,-,-,-,-,20151104,-
1043004,25413363,M436DRAFT_62387,M436DRAFT_62387,-,-,Unknown,-,hypothetical protein,protein-coding,-,-,-,-,20151104,-
1043004,25413364,M436DRAFT_62390,M436DRAFT_62390,-,-,Unknown,-,hypothetical protein,protein-coding,-,-,-,-,20151104,-
1043004,25413365,M436DRAFT_62393,M436DRAFT_62393,-,-,Unknown,-,hypothetical protein,protein-coding,-,-,-,-,20151104,-
1043004,25413366,M436DRAFT_62399,M436DRAFT_62399,-,-,Unknown,-,DUF1546-domain-containing protein,protein-coding,-,-,-,-,20151212,-
1043004,25413367,M436DRAFT_62401,M436DRAFT_62401,-,-,Unknown,-,hypothetical protein,protein-coding,-,-,-,-,20151104,-
1043004,25413368,M436DRAFT_62406,M436DRAFT_62406,-,-,Unknown,-,hypothetical protein,protein-coding,-,-,-,-,20151104,-
1043004,25413369,M436DRAFT_62412,M436DRAFT_62412,-,-,Unknown,-,siroheme synthase middle domains-like protein,protein-coding,-,-,-,-,20160917,-
1043004,25413370,M436DRAFT_62425,M436DRAFT_62425,-,-,Unknown,-,chitin synthase protein,protein-coding,-,-,-,-,20160917,-
1043004,25413371,M436DRAFT_62443,M436DRAFT_62443,-,-,Unknown,-,hypothetical protein,protein-coding,-,-,-,-,20151104,-
1043004,25413372,M436DRAFT_62458,M436DRAFT_62458,-,-,Unknown,-,DUF1688-domain-containing protein,protein-coding,-,-,-,-,20160917,-
1043004,25413373,M436DRAFT_62470,M436DRAFT_62470,-,-,Unknown,-,mitochondrial carrier,protein-coding,-,-,-,-,20160917,-
1043004,25413374,M436DRAFT_62474,M436DRAFT_62474,-,-,Unknown,-,hypothetical protein,protein-coding,-,-,-,-,20151104,-
1043004,25413375,M436DRAFT_62475,M436DRAFT_62475,-,-,Unknown,-,hypothetical protein,protein-coding,-,-,-,-,20151104,-
1043004,25413376,M436DRAFT_62490,M436DRAFT_62490,-,-,Unknown,-,alpha/beta-hydrolase,protein-coding,-,-,-,-,20151212,-
1043004,25413377,M436DRAFT_62492,M436DRAFT_62492,-,-,Unknown,-,MFS general substrate transporter,protein-coding,-,-,-,-,20160917,-
1043004,25413378,M436DRAFT_62499,M436DRAFT_62499,-,-,Unknown,-,hypothetical protein,protein-coding,-,-,-,-,20160917,-
1043004,25413379,M436DRAFT_62503,M436DRAFT_62503,-,-,Unknown,-,hypothetical protein,protein-coding,-,-,-,-,20160917,-
1043004,25413380,M436DRAFT_62505,M436DRAFT_62505,-,-,Unknown,-,hypothetical protein,protein-coding,-,-,-,-,20151104,-
1043004,25413381,M436DRAFT_62515,M436DRAFT_62515,-,-,Unknown,-,alpha/beta-hydrolase,protein-coding,-,-,-,-,20160917,-
1043004,25413382,M436DRAFT_62525,M436DRAFT_62525,-,-,Unknown,-,hypothetical protein,protein-coding,-,-,-,-,20160917,-
1043004,25413383,M436DRAFT_62532,M436DRAFT_62532,-,-,Unknown,-,hypothetical protein,protein-coding,-,-,-,-,20151104,-
1043004,25413384,M436DRAFT_62537,M436DRAFT_62537,-,-,Unknown,-,hypothetical protein,protein-coding,-,-,-,-,20160325,-
1043004,25413385,M436DRAFT_62542,M436DRAFT_62542,-,-,Unknown,-,UPF0029-domain-containing protein,protein-coding,-,-,-,-,20160917,-
1043004,25413386,M436DRAFT_62546,M436DRAFT_62546,-,-,Unknown,-,acetyl-CoA synthetase-like protein,protein-coding,-,-,-,-,20151212,-
1043004,25413387,M436DRAFT_62551,M436DRAFT_62551,-,-,Unknown,-,ClpP/crotonase,protein-coding,-,-,-,-,20160917,-
1043004,25413388,M436DRAFT_62554,M436DRAFT_62554,-,-,Unknown,-,nor-1,protein-coding,-,-,-,-,20160917,-
1043004,25413389,M436DRAFT_62561,M436DRAFT_62561,-,-,Unknown,-,hypothetical protein,protein-coding,-,-,-,-,20151104,-
1043004,25413390,M436DRAFT_62562,M436DRAFT_62562,-,-,Unknown,-,hypothetical protein,protein-coding,-,-,-,-,20151104,-
1043004,25413391,M436DRAFT_62563,M436DRAFT_62563,-,-,Unknown,-,putative Phosphatidylglycerol/phosphatidylinositol transfer protein,protein-coding,-,-,-,-,20151212,-
1043004,25413392,M436DRAFT_62567,M436DRAFT_62567,-,-,Unknown,-,DUF867-domain-containing protein,protein-coding,-,-,-,-,20160917,-
1043004,25413393,M436DRAFT_62575,M436DRAFT_62575,-,-,Unknown,-,glycoside hydrolase,protein-coding,-,-,-,-,20160917,-
1043004,25413394,M436DRAFT_62577,M436DRAFT_62577,-,-,Unknown,-,hypothetical protein,protein-coding,-,-,-,-,20151104,-
1043004,25413395,M436DRAFT_62578,M436DRAFT_62578,-,-,Unknown,-,hypothetical protein,protein-coding,-,-,-,-,20151104,-
1043004,25413396,M436DRAFT_62583,M436DRAFT_62583,-,-,Unknown,-,FAD/NAD(P)-binding domain-containing protein,protein-coding,-,-,-,-,20160917,-
1043004,25413397,M436DRAFT_62585,M436DRAFT_62585,-,-,Unknown,-,MFS general substrate transporter,protein-coding,-,-,-,-,20160917,-
1043004,25413398,M436DRAFT_62593,M436DRAFT_62593,-,-,Unknown,-,shikimate dehydrogenase substrate binding domain-containing protein,protein-coding,-,-,-,-,20160917,-
1043004,25413399,M436DRAFT_62596,M436DRAFT_62596,-,-,Unknown,-,putative pathogenesis associated protein Pep2,protein-coding,-,-,-,-,20160917,-
1043004,25413400,M436DRAFT_62603,M436DRAFT_62603,-,-,Unknown,-,3-dehydroquinate dehydratase,protein-coding,-,-,-,-,20160917,-
1043004,25413401,M436DRAFT_62605,M436DRAFT_62605,-,-,Unknown,-,hypothetical protein,protein-coding,-,-,-,-,20160325,-
1043004,25413402,M436DRAFT_62611,M436DRAFT_62611,-,-,Unknown,-,"ATPase, V0 complex, subunit D",protein-coding,-,-,-,-,20160917,-
1043004,25413403,M436DRAFT_62619,M436DRAFT_62619,-,-,Unknown,-,serine/threonine kinase 16,protein-coding,-,-,-,-,20160917,-
1043004,25413404,M436DRAFT_62635,M436DRAFT_62635,-,-,Unknown,-,hypothetical protein,protein-coding,-,-,-,-,20160325,-
1043004,25413405,M436DRAFT_62636,M436DRAFT_62636,-,-,Unknown,-,hypothetical protein,protein-coding,-,-,-,-,20151104,-
1043004,25413406,M436DRAFT_62639,M436DRAFT_62639,-,-,Unknown,-,hypothetical protein,protein-coding,-,-,-,-,20151104,-
1043004,25413407,M436DRAFT_62641,M436DRAFT_62641,-,-,Unknown,-,alpha/beta-hydrolase,protein-coding,-,-,-,-,20160917,-
1043004,25413408,M436DRAFT_62646,M436DRAFT_62646,-,-,Unknown,-,hypothetical protein,protein-coding,-,-,-,-,20151104,-
1043004,25413409,M436DRAFT_62649,M436DRAFT_62649,-,-,Unknown,-,hypothetical protein,protein-coding,-,-,-,-,20151104,-
1043004,25413410,M436DRAFT_62660,M436DRAFT_62660,-,-,Unknown,-,hypothetical protein,protein-coding,-,-,-,-,20151104,-
1043004,25413411,M436DRAFT_62666,M436DRAFT_62666,-,-,Unknown,-,hypothetical protein,protein-coding,-,-,-,-,20151104,-
1043004,25413412,M436DRAFT_62670,M436DRAFT_62670,-,-,Unknown,-,hypothetical protein,protein-coding,-,-,-,-,20160917,-
1043004,25413413,M436DRAFT_62675,M436DRAFT_62675,-,-,Unknown,-,F-actin-capping protein subunit alpha,protein-coding,-,-,-,-,20160917,-
1043004,25413414,M436DRAFT_62685,M436DRAFT_62685,-,-,Unknown,-,amino acid transporter,protein-coding,-,-,-,-,20160917,-
1043004,25413415,M436DRAFT_62696,M436DRAFT_62696,-,-,Unknown,-,hypothetical protein,protein-coding,-,-,-,-,20151104,-
1043004,25413416,M436DRAFT_62697,M436DRAFT_62697,-,-,Unknown,-,hypothetical protein,protein-coding,-,-,-,-,20160917,-
1043004,25413417,M436DRAFT_62709,M436DRAFT_62709,-,-,Unknown,-,hypothetical protein,protein-coding,-,-,-,-,20151104,-
1043004,25413418,M436DRAFT_62725,M436DRAFT_62725,-,-,Unknown,-,argininosuccinate synthase,protein-coding,-,-,-,-,20160917,-
1043004,25413419,M436DRAFT_62729,M436DRAFT_62729,-,-,Unknown,-,cytochrome c oxidase assembly protein,protein-coding,-,-,-,-,20160917,-
1043004,25413420,M436DRAFT_62737,M436DRAFT_62737,-,-,Unknown,-,hypothetical protein,protein-coding,-,-,-,-,20160917,-
1043004,25413421,M436DRAFT_62741,M436DRAFT_62741,-,-,Unknown,-,serine/threonine kinase 16,protein-coding,-,-,-,-,20160917,-
1043004,25413422,M436DRAFT_62742,M436DRAFT_62742,-,-,Unknown,-,hypothetical protein,protein-coding,-,-,-,-,20151212,-
1043004,25413423,M436DRAFT_62746,M436DRAFT_62746,-,-,Unknown,-,hypothetical protein,protein-coding,-,-,-,-,20160917,-
1043004,25413424,M436DRAFT_62747,M436DRAFT_62747,-,-,Unknown,-,hypothetical protein,protein-coding,-,-,-,-,20160917,-
1043004,25413425,M436DRAFT_62753,M436DRAFT_62753,-,-,Unknown,-,retinal dehydrogenase 2,protein-coding,-,-,-,-,20151212,-
1043004,25413426,M436DRAFT_62754,M436DRAFT_62754,-,-,Unknown,-,bola-like protein,protein-coding,-,-,-,-,20160917,-
1043004,25413427,M436DRAFT_62756,M436DRAFT_62756,-,-,Unknown,-,nicotinate phosphoribosyltransferase,protein-coding,-,-,-,-,20160325,-
1043004,25413428,M436DRAFT_62763,M436DRAFT_62763,-,-,Unknown,-,transcription elongation factor Spt5,protein-coding,-,-,-,-,20160917,-
1043004,25413429,M436DRAFT_62764,M436DRAFT_62764,-,-,Unknown,-,hypothetical protein,protein-coding,-,-,-,-,20160917,-
1043004,25413430,M436DRAFT_62770,M436DRAFT_62770,-,-,Unknown,-,hypothetical protein,protein-coding,-,-,-,-,20151104,-
1043004,25413431,M436DRAFT_62778,M436DRAFT_62778,-,-,Unknown,-,hypothetical protein,protein-coding,-,-,-,-,20151104,-
1043004,25413432,M436DRAFT_62784,M436DRAFT_62784,-,-,Unknown,-,Phosphoenolpyruvate/pyruvate domain-containing protein,protein-coding,-,-,-,-,20151212,-
1043004,25413433,M436DRAFT_62790,M436DRAFT_62790,-,-,Unknown,-,cysteine proteinase,protein-coding,-,-,-,-,20160917,-
1043004,25413434,M436DRAFT_62804,M436DRAFT_62804,-,-,Unknown,-,diphthamide biosynthesis protein,protein-coding,-,-,-,-,20160917,-
1043004,25413435,M436DRAFT_62817,M436DRAFT_62817,-,-,Unknown,-,UbiE/COQ5 methyltransferase,protein-coding,-,-,-,-,20160917,-
1043004,25413436,M436DRAFT_62829,M436DRAFT_62829,-,-,Unknown,-,hypothetical protein,protein-coding,-,-,-,-,20151104,-
1043004,25413437,M436DRAFT_62830,M436DRAFT_62830,-,-,Unknown,-,hypothetical protein,protein-coding,-,-,-,-,20151212,-
1043004,25413438,M436DRAFT_62834,M436DRAFT_62834,-,-,Unknown,-,hypothetical protein,protein-coding,-,-,-,-,20151104,-
1043004,25413439,M436DRAFT_62838,M436DRAFT_62838,-,-,Unknown,-,ArfGap-domain-containing protein,protein-coding,-,-,-,-,20160917,-
1043004,25413440,M436DRAFT_62843,M436DRAFT_62843,-,-,Unknown,-,hypothetical protein,protein-coding,-,-,-,-,20160917,-
1043004,25413441,M436DRAFT_62858,M436DRAFT_62858,-,-,Unknown,-,"L-gulonolactone/D-arabinono-1,4-lactone oxidase",protein-coding,-,-,-,-,20160917,-
1043004,25413442,M436DRAFT_62860,M436DRAFT_62860,-,-,Unknown,-,hypothetical protein,protein-coding,-,-,-,-,20151104,-
1043004,25413443,M436DRAFT_62887,M436DRAFT_62887,-,-,Unknown,-,hypothetical protein,protein-coding,-,-,-,-,20160917,-
1043004,25413444,M436DRAFT_62890,M436DRAFT_62890,-,-,Unknown,-,hypothetical protein,protein-coding,-,-,-,-,20160325,-
1043004,25413445,M436DRAFT_62893,M436DRAFT_62893,-,-,Unknown,-,RdRP-domain-containing protein,protein-coding,-,-,-,-,20160917,-
1043004,25413446,M436DRAFT_62895,M436DRAFT_62895,-,-,Unknown,-,putative ribosome-associated complex subunit SSZ1,protein-coding,-,-,-,-,20160917,-
1043004,25413447,M436DRAFT_62900,M436DRAFT_62900,-,-,Unknown,-,hypothetical protein,protein-coding,-,-,-,-,20160325,-
1043004,25413448,M436DRAFT_62921,M436DRAFT_62921,-,-,Unknown,-,hypothetical protein,protein-coding,-,-,-,-,20151104,-
1043004,25413449,M436DRAFT_62925,M436DRAFT_62925,-,-,Unknown,-,ribosomal protein S2,protein-coding,-,-,-,-,20160917,-
1043004,25413450,M436DRAFT_62941,M436DRAFT_62941,-,-,Unknown,-,hypothetical protein,protein-coding,-,-,-,-,20151212,-
1043004,25413451,M436DRAFT_62942,M436DRAFT_62942,-,-,Unknown,-,hypothetical protein,protein-coding,-,-,-,-,20160917,-
1043004,25413452,M436DRAFT_62945,M436DRAFT_62945,-,-,Unknown,-,hypothetical protein,protein-coding,-,-,-,-,20151104,-
1043004,25413453,M436DRAFT_62947,M436DRAFT_62947,-,-,Unknown,-,hypothetical protein,protein-coding,-,-,-,-,20151104,-
1043004,25413454,M436DRAFT_62958,M436DRAFT_62958,-,-,Unknown,-,mandelate racemase/muconate lactonizing enzyme family protein,protein-coding,-,-,-,-,20151212,-
1043004,25413455,M436DRAFT_62963,M436DRAFT_62963,-,-,Unknown,-,hypothetical protein,protein-coding,-,-,-,-,20151104,-
1043004,25413456,M436DRAFT_62976,M436DRAFT_62976,-,-,Unknown,-,NAD(P)-binding protein,protein-coding,-,-,-,-,20160917,-
1043004,25413457,M436DRAFT_62986,M436DRAFT_62986,-,-,Unknown,-,hypothetical protein,protein-coding,-,-,-,-,20151104,-
1043004,25413458,M436DRAFT_62991,M436DRAFT_62991,-,-,Unknown,-,FAD/NAD(P)-binding domain-containing protein,protein-coding,-,-,-,-,20160917,-
1043004,25413459,M436DRAFT_63000,M436DRAFT_63000,-,-,Unknown,-,hypothetical protein,protein-coding,-,-,-,-,20160917,-
1043004,25413460,M436DRAFT_63007,M436DRAFT_63007,-,-,Unknown,-,hypothetical protein,protein-coding,-,-,-,-,20160917,-
1043004,25413461,M436DRAFT_63018,M436DRAFT_63018,-,-,Unknown,-,hypothetical protein,protein-coding,-,-,-,-,20151104,-
1043004,25413462,M436DRAFT_63020,M436DRAFT_63020,-,-,Unknown,-,hypothetical protein,protein-coding,-,-,-,-,20151104,-
1043004,25413463,M436DRAFT_63021,M436DRAFT_63021,-,-,Unknown,-,alpha/beta-hydrolase,protein-coding,-,-,-,-,20160917,-
1043004,25413464,M436DRAFT_63022,M436DRAFT_63022,-,-,Unknown,-,hypothetical protein,protein-coding,-,-,-,-,20160325,-
1043004,25413465,M436DRAFT_63031,M436DRAFT_63031,-,-,Unknown,-,FKBP peptidyl-prolyl cis-trans isomerase,protein-coding,-,-,-,-,20160917,-
1043004,25413466,M436DRAFT_63043,M436DRAFT_63043,-,-,Unknown,-,nucleolar protein 16,protein-coding,-,-,-,-,20160917,-
1043004,25413467,M436DRAFT_63059,M436DRAFT_63059,-,-,Unknown,-,hypothetical protein,protein-coding,-,-,-,-,20160325,-
1043004,25413468,M436DRAFT_63085,M436DRAFT_63085,-,-,Unknown,-,glycoside hydrolase,protein-coding,-,-,-,-,20160917,-
1043004,25413469,M436DRAFT_63090,M436DRAFT_63090,-,-,Unknown,-,hypothetical protein,protein-coding,-,-,-,-,20151104,-
1043004,25413470,M436DRAFT_63093,M436DRAFT_63093,-,-,Unknown,-,hypothetical protein,protein-coding,-,-,-,-,20160917,-
1043004,25413471,M436DRAFT_63099,M436DRAFT_63099,-,-,Unknown,-,enolase C-terminal domain-like protein,protein-coding,-,-,-,-,20151212,-
1043004,25413472,M436DRAFT_63108,M436DRAFT_63108,-,-,Unknown,-,hypothetical protein,protein-coding,-,-,-,-,20151104,-
1043004,25413473,M436DRAFT_63118,M436DRAFT_63118,-,-,Unknown,-,hypothetical protein,protein-coding,-,-,-,-,20151104,-
1043004,25413474,M436DRAFT_63119,M436DRAFT_63119,-,-,Unknown,-,hypothetical protein,protein-coding,-,-,-,-,20151104,-
1043004,25413475,M436DRAFT_63126,M436DRAFT_63126,-,-,Unknown,-,hypothetical protein,protein-coding,-,-,-,-,20151104,-
1043004,25413476,M436DRAFT_63131,M436DRAFT_63131,-,-,Unknown,-,hypothetical protein,protein-coding,-,-,-,-,20151104,-
1043004,25413477,M436DRAFT_63141,M436DRAFT_63141,-,-,Unknown,-,PRTase-like protein,protein-coding,-,-,-,-,20160917,-
1043004,25413478,M436DRAFT_63152,M436DRAFT_63152,-,-,Unknown,-,hypothetical protein,protein-coding,-,-,-,-,20151104,-
1043004,25413479,M436DRAFT_63162,M436DRAFT_63162,-,-,Unknown,-,MFS general substrate transporter,protein-coding,-,-,-,-,20151212,-
1043004,25413480,M436DRAFT_63167,M436DRAFT_63167,-,-,Unknown,-,NADH-quinone oxidoreductase,protein-coding,-,-,-,-,20151212,-
1043004,25413481,M436DRAFT_63171,M436DRAFT_63171,-,-,Unknown,-,Alg14-domain-containing protein,protein-coding,-,-,-,-,20160917,-
1043004,25413482,M436DRAFT_63185,M436DRAFT_63185,-,-,Unknown,-,hypothetical protein,protein-coding,-,-,-,-,20151104,-
1043004,25413483,M436DRAFT_63192,M436DRAFT_63192,-,-,Unknown,-,L30e-like protein,protein-coding,-,-,-,-,20160917,-
1043004,25413484,M436DRAFT_63195,M436DRAFT_63195,-,-,Unknown,-,hypothetical protein,protein-coding,-,-,-,-,20160325,-
1043004,25413485,M436DRAFT_63198,M436DRAFT_63198,-,-,Unknown,-,Phosphoenolpyruvate/pyruvate domain-containing protein,protein-coding,-,-,-,-,20160917,-
1043004,25413486,M436DRAFT_63204,M436DRAFT_63204,-,-,Unknown,-,hypothetical protein,protein-coding,-,-,-,-,20151104,-
1043004,25413487,M436DRAFT_63207,M436DRAFT_63207,-,-,Unknown,-,hypothetical protein,protein-coding,-,-,-,-,20160325,-
1043004,25413488,M436DRAFT_63213,M436DRAFT_63213,-,-,Unknown,-,hypothetical protein,protein-coding,-,-,-,-,20151104,-
1043004,25413489,M436DRAFT_63214,M436DRAFT_63214,-,-,Unknown,-,general substrate transporter,protein-coding,-,-,-,-,20160917,-
1043004,25413490,M436DRAFT_63225,M436DRAFT_63225,-,-,Unknown,-,hypothetical protein,protein-coding,-,-,-,-,20160917,-
1043004,25413491,M436DRAFT_63235,M436DRAFT_63235,-,-,Unknown,-,hypothetical protein,protein-coding,-,-,-,-,20160917,-
1043004,25413492,M436DRAFT_63244,M436DRAFT_63244,-,-,Unknown,-,polyadenylate binding protein,protein-coding,-,-,-,-,20160917,-
1043004,25413493,M436DRAFT_63248,M436DRAFT_63248,-,-,Unknown,-,hypothetical protein,protein-coding,-,-,-,-,20160917,-
1043004,25413494,M436DRAFT_63252,M436DRAFT_63252,-,-,Unknown,-,hypothetical protein,protein-coding,-,-,-,-,20160917,-
1043004,25413495,M436DRAFT_63256,M436DRAFT_63256,-,-,Unknown,-,RNI-like protein,protein-coding,-,-,-,-,20160917,-
1043004,25413496,M436DRAFT_63270,M436DRAFT_63270,-,-,Unknown,-,mitochondrial division protein 1,protein-coding,-,-,-,-,20160917,-
1043004,25413497,M436DRAFT_63271,M436DRAFT_63271,-,-,Unknown,-,chorismate mutase,protein-coding,-,-,-,-,20160917,-
1043004,25413498,M436DRAFT_63280,M436DRAFT_63280,-,-,Unknown,-,DUF1115-domain-containing protein,protein-coding,-,-,-,-,20160917,-
1043004,25413499,M436DRAFT_63282,M436DRAFT_63282,-,-,Unknown,-,hypothetical protein,protein-coding,-,-,-,-,20160917,-
1043004,25413500,M436DRAFT_63286,M436DRAFT_63286,-,-,Unknown,-,hypothetical protein,protein-coding,-,-,-,-,20151104,-
1043004,25413501,M436DRAFT_63297,M436DRAFT_63297,-,-,Unknown,-,hypothetical protein,protein-coding,-,-,-,-,20160917,-
1043004,25413502,M436DRAFT_63303,M436DRAFT_63303,-,-,Unknown,-,hypothetical protein,protein-coding,-,-,-,-,20151104,-
1043004,25413503,M436DRAFT_63304,M436DRAFT_63304,-,-,Unknown,-,hypothetical protein,protein-coding,-,-,-,-,20160917,-
1043004,25413504,M436DRAFT_63308,M436DRAFT_63308,-,-,Unknown,-,choline/ethanolamine kinase,protein-coding,-,-,-,-,20160325,-
1043004,25413505,M436DRAFT_63311,M436DRAFT_63311,-,-,Unknown,-,hypothetical protein,protein-coding,-,-,-,-,20160917,-
1043004,25413506,M436DRAFT_63313,M436DRAFT_63313,-,-,Unknown,-,hypothetical protein,protein-coding,-,-,-,-,20151104,-
1043004,25413507,M436DRAFT_63314,M436DRAFT_63314,-,-,Unknown,-,hypothetical protein,protein-coding,-,-,-,-,20160325,-
1043004,25413508,M436DRAFT_63329,M436DRAFT_63329,-,-,Unknown,-,DUF1977-domain-containing protein,protein-coding,-,-,-,-,20160917,-
1043004,25413509,M436DRAFT_63333,M436DRAFT_63333,-,-,Unknown,-,putative 60S ribosomal protein L8-B,protein-coding,-,-,-,-,20160917,-
1043004,25413510,M436DRAFT_63347,M436DRAFT_63347,-,-,Unknown,-,hypothetical protein,protein-coding,-,-,-,-,20151104,-
1043004,25413511,M436DRAFT_63350,M436DRAFT_63350,-,-,Unknown,-,hypothetical protein,protein-coding,-,-,-,-,20151104,-
1043004,25413512,M436DRAFT_63364,M436DRAFT_63364,-,-,Unknown,-,hypothetical protein,protein-coding,-,-,-,-,20151104,-
1043004,25413513,M436DRAFT_63368,M436DRAFT_63368,-,-,Unknown,-,hypothetical protein,protein-coding,-,-,-,-,20151104,-
1043004,25413514,M436DRAFT_63373,M436DRAFT_63373,-,-,Unknown,-,hypothetical protein,protein-coding,-,-,-,-,20160917,-
1043004,25413515,M436DRAFT_63386,M436DRAFT_63386,-,-,Unknown,-,P-loop containing nucleoside triphosphate hydrolase protein,protein-coding,-,-,-,-,20160917,-
1043004,25413516,M436DRAFT_63388,M436DRAFT_63388,-,-,Unknown,-,general substrate transporter,protein-coding,-,-,-,-,20160917,-
1043004,25413517,M436DRAFT_63392,M436DRAFT_63392,-,-,Unknown,-,hypothetical protein,protein-coding,-,-,-,-,20160917,-
1043004,25413518,M436DRAFT_63394,M436DRAFT_63394,-,-,Unknown,-,phosphoglycerate mutase-like protein,protein-coding,-,-,-,-,20160917,-
1043004,25413519,M436DRAFT_63398,M436DRAFT_63398,-,-,Unknown,-,glycoside hydrolase family 5 protein,protein-coding,-,-,-,-,20160917,-
1043004,25413520,M436DRAFT_63400,M436DRAFT_63400,-,-,Unknown,-,hypothetical protein,protein-coding,-,-,-,-,20151104,-
1043004,25413521,M436DRAFT_63411,M436DRAFT_63411,-,-,Unknown,-,hypothetical protein,protein-coding,-,-,-,-,20151104,-
1043004,25413522,M436DRAFT_63416,M436DRAFT_63416,-,-,Unknown,-,hypothetical protein,protein-coding,-,-,-,-,20151104,-
1043004,25413523,M436DRAFT_63420,M436DRAFT_63420,-,-,Unknown,-,hypothetical protein,protein-coding,-,-,-,-,20151104,-
1043004,25413524,M436DRAFT_63421,M436DRAFT_63421,-,-,Unknown,-,hypothetical protein,protein-coding,-,-,-,-,20160325,-
1043004,25413525,M436DRAFT_63437,M436DRAFT_63437,-,-,Unknown,-,hypothetical protein,protein-coding,-,-,-,-,20151104,-
1043004,25413526,M436DRAFT_63444,M436DRAFT_63444,-,-,Unknown,-,hypothetical protein,protein-coding,-,-,-,-,20160917,-
1043004,25413527,M436DRAFT_63464,M436DRAFT_63464,-,-,Unknown,-,hypothetical protein,protein-coding,-,-,-,-,20160917,-
1043004,25413528,M436DRAFT_63465,M436DRAFT_63465,-,-,Unknown,-,hypothetical protein,protein-coding,-,-,-,-,20160917,-
1043004,25413529,M436DRAFT_63467,M436DRAFT_63467,-,-,Unknown,-,hypothetical protein,protein-coding,-,-,-,-,20151104,-
1043004,25413530,M436DRAFT_63472,M436DRAFT_63472,-,-,Unknown,-,hypothetical protein,protein-coding,-,-,-,-,20160325,-
1043004,25413531,M436DRAFT_63473,M436DRAFT_63473,-,-,Unknown,-,alpha/beta-hydrolase,protein-coding,-,-,-,-,20160917,-
1043004,25413532,M436DRAFT_63477,M436DRAFT_63477,-,-,Unknown,-,hypothetical protein,protein-coding,-,-,-,-,20151104,-
1043004,25413533,M436DRAFT_63483,M436DRAFT_63483,-,-,Unknown,-,WSC-domain-containing protein,protein-coding,-,-,-,-,20160917,-
1043004,25413534,M436DRAFT_63485,M436DRAFT_63485,-,-,Unknown,-,hypothetical protein,protein-coding,-,-,-,-,20151104,-
1043004,25413535,M436DRAFT_63488,M436DRAFT_63488,-,-,Unknown,-,RabGAP/TBC,protein-coding,-,-,-,-,20160917,-
1043004,25413536,M436DRAFT_63497,M436DRAFT_63497,-,-,Unknown,-,hypothetical protein,protein-coding,-,-,-,-,20151104,-
1043004,25413537,M436DRAFT_63514,M436DRAFT_63514,-,-,Unknown,-,mitochondrial matrix Mmp37,protein-coding,-,-,-,-,20160917,-
1043004,25413538,M436DRAFT_63517,M436DRAFT_63517,-,-,Unknown,-,hypothetical protein,protein-coding,-,-,-,-,20151104,-
1043004,25413539,M436DRAFT_63518,M436DRAFT_63518,-,-,Unknown,-,hypothetical protein,protein-coding,-,-,-,-,20160917,-
1043004,25413540,M436DRAFT_63519,M436DRAFT_63519,-,-,Unknown,-,hypothetical protein,protein-coding,-,-,-,-,20160917,-
1043004,25413541,M436DRAFT_63520,M436DRAFT_63520,-,-,Unknown,-,P-loop containing nucleoside triphosphate hydrolase protein,protein-coding,-,-,-,-,20160917,-
1043004,25413542,M436DRAFT_63524,M436DRAFT_63524,-,-,Unknown,-,hypothetical protein,protein-coding,-,-,-,-,20151104,-
1043004,25413543,M436DRAFT_63536,M436DRAFT_63536,-,-,Unknown,-,NADH-ubiquinone oxidoreductase-like protein,protein-coding,-,-,-,-,20151212,-
1043004,25413544,M436DRAFT_63545,M436DRAFT_63545,-,-,Unknown,-,hypothetical protein,protein-coding,-,-,-,-,20151104,-
1043004,25413545,M436DRAFT_63547,M436DRAFT_63547,-,-,Unknown,-,hypothetical protein,protein-coding,-,-,-,-,20151104,-
1043004,25413546,M436DRAFT_63551,M436DRAFT_63551,-,-,Unknown,-,kinase-like protein,protein-coding,-,-,-,-,20160917,-
1043004,25413547,M436DRAFT_63552,M436DRAFT_63552,-,-,Unknown,-,mitochondrial carrier,protein-coding,-,-,-,-,20160917,-
1043004,25413548,M436DRAFT_63554,M436DRAFT_63554,-,-,Unknown,-,hypothetical protein,protein-coding,-,-,-,-,20151104,-
1043004,25413549,M436DRAFT_63559,M436DRAFT_63559,-,-,Unknown,-,DNA replication licensing factor mcm4,protein-coding,-,-,-,-,20160917,-
1043004,25413550,M436DRAFT_63560,M436DRAFT_63560,-,-,Unknown,-,putative tubulin-specific chaperone Rbl2,protein-coding,-,-,-,-,20160917,-
1043004,25413551,M436DRAFT_63563,M436DRAFT_63563,-,-,Unknown,-,hypothetical protein,protein-coding,-,-,-,-,20151104,-
1043004,25413552,M436DRAFT_63564,M436DRAFT_63564,-,-,Unknown,-,yippee-domain-containing protein,protein-coding,-,-,-,-,20160917,-
1043004,25413553,M436DRAFT_63569,M436DRAFT_63569,-,-,Unknown,-,putative ferulic acid Esterase/Feruloyl esterase precursor,protein-coding,-,-,-,-,20160917,-
1043004,25413554,M436DRAFT_63579,M436DRAFT_63579,-,-,Unknown,-,FAD/NAD(P)-binding domain-containing protein,protein-coding,-,-,-,-,20160917,-
1043004,25413555,M436DRAFT_63581,M436DRAFT_63581,-,-,Unknown,-,hypothetical protein,protein-coding,-,-,-,-,20151104,-
1043004,25413556,M436DRAFT_63587,M436DRAFT_63587,-,-,Unknown,-,hypothetical protein,protein-coding,-,-,-,-,20160917,-
1043004,25413557,M436DRAFT_63592,M436DRAFT_63592,-,-,Unknown,-,hypothetical protein,protein-coding,-,-,-,-,20151104,-
1043004,25413558,M436DRAFT_63603,M436DRAFT_63603,-,-,Unknown,-,hypothetical protein,protein-coding,-,-,-,-,20151104,-
1043004,25413559,M436DRAFT_63612,M436DRAFT_63612,-,-,Unknown,-,hypothetical protein,protein-coding,-,-,-,-,20160917,-
1043004,25413560,M436DRAFT_63623,M436DRAFT_63623,-,-,Unknown,-,hypothetical protein,protein-coding,-,-,-,-,20151212,-
1043004,25413561,M436DRAFT_63636,M436DRAFT_63636,-,-,Unknown,-,hypothetical protein,protein-coding,-,-,-,-,20151104,-
1043004,25413562,M436DRAFT_63642,M436DRAFT_63642,-,-,Unknown,-,hypothetical protein,protein-coding,-,-,-,-,20160917,-
1043004,25413563,M436DRAFT_63644,M436DRAFT_63644,-,-,Unknown,-,hypothetical protein,protein-coding,-,-,-,-,20151104,-
1043004,25413564,M436DRAFT_63660,M436DRAFT_63660,-,-,Unknown,-,hypothetical protein,protein-coding,-,-,-,-,20160917,-
1043004,25413565,M436DRAFT_63662,M436DRAFT_63662,-,-,Unknown,-,hypothetical protein,protein-coding,-,-,-,-,20160917,-
1043004,25413566,M436DRAFT_63664,M436DRAFT_63664,-,-,Unknown,-,hypothetical protein,protein-coding,-,-,-,-,20160917,-
1043004,25413567,M436DRAFT_63667,M436DRAFT_63667,-,-,Unknown,-,hypothetical protein,protein-coding,-,-,-,-,20151104,-
1043004,25413568,M436DRAFT_63677,M436DRAFT_63677,-,-,Unknown,-,hypothetical protein,protein-coding,-,-,-,-,20151104,-
1043004,25413569,M436DRAFT_63681,M436DRAFT_63681,-,-,Unknown,-,hypothetical protein,protein-coding,-,-,-,-,20160917,-
1043004,25413570,M436DRAFT_63683,M436DRAFT_63683,-,-,Unknown,-,P-loop containing nucleoside triphosphate hydrolase protein,protein-coding,-,-,-,-,20160917,-
1043004,25413571,M436DRAFT_63692,M436DRAFT_63692,-,-,Unknown,-,hypothetical protein,protein-coding,-,-,-,-,20151212,-
1043004,25413572,M436DRAFT_63696,M436DRAFT_63696,-,-,Unknown,-,DUF1783-domain-containing protein,protein-coding,-,-,-,-,20160917,-
1043004,25413573,M436DRAFT_63699,M436DRAFT_63699,-,-,Unknown,-,CBP4-domain-containing protein,protein-coding,-,-,-,-,20160917,-
1043004,25413574,M436DRAFT_63700,M436DRAFT_63700,-,-,Unknown,-,hypothetical protein,protein-coding,-,-,-,-,20160917,-
1043004,25413575,M436DRAFT_63706,M436DRAFT_63706,-,-,Unknown,-,U3 small nucleolar ribonucleo protein-like protein IMP4,protein-coding,-,-,-,-,20160917,-
1043004,25413576,M436DRAFT_63727,M436DRAFT_63727,-,-,Unknown,-,elongator complex protein 1,protein-coding,-,-,-,-,20160917,-
1043004,25413577,M436DRAFT_63734,M436DRAFT_63734,-,-,Unknown,-,phosphopantothenoylcysteine decarboxylase,protein-coding,-,-,-,-,20160917,-
1043004,25413578,M436DRAFT_63738,M436DRAFT_63738,-,-,Unknown,-,hypothetical protein,protein-coding,-,-,-,-,20160917,-
1043004,25413579,M436DRAFT_63739,M436DRAFT_63739,-,-,Unknown,-,hypothetical protein,protein-coding,-,-,-,-,20160917,-
1043004,25413580,M436DRAFT_63744,M436DRAFT_63744,-,-,Unknown,-,DNA replication complex GINS protein PSF2,protein-coding,-,-,-,-,20151212,-
1043004,25413581,M436DRAFT_63771,M436DRAFT_63771,-,-,Unknown,-,hypothetical protein,protein-coding,-,-,-,-,20151104,-
1043004,25413582,M436DRAFT_63772,M436DRAFT_63772,-,-,Unknown,-,hypothetical protein,protein-coding,-,-,-,-,20151104,-
1043004,25413583,M436DRAFT_63776,M436DRAFT_63776,-,-,Unknown,-,hypothetical protein,protein-coding,-,-,-,-,20151104,-
1043004,25413584,M436DRAFT_63787,M436DRAFT_63787,-,-,Unknown,-,DAO-domain-containing protein,protein-coding,-,-,-,-,20160917,-
1043004,25413585,M436DRAFT_63804,M436DRAFT_63804,-,-,Unknown,-,hypothetical protein,protein-coding,-,-,-,-,20151104,-
1043004,25413586,M436DRAFT_63828,M436DRAFT_63828,-,-,Unknown,-,hypothetical protein,protein-coding,-,-,-,-,20151104,-
1043004,25413587,M436DRAFT_63829,M436DRAFT_63829,-,-,Unknown,-,Xanthine/uracil permease,protein-coding,-,-,-,-,20160917,-
1043004,25413588,M436DRAFT_63833,M436DRAFT_63833,-,-,Unknown,-,hypothetical protein,protein-coding,-,-,-,-,20151104,-
1043004,25413589,M436DRAFT_63835,M436DRAFT_63835,-,-,Unknown,-,hypothetical protein,protein-coding,-,-,-,-,20151104,-
1043004,25413590,M436DRAFT_63838,M436DRAFT_63838,-,-,Unknown,-,nuclease PA3,protein-coding,-,-,-,-,20160917,-
1043004,25413591,M436DRAFT_63846,M436DRAFT_63846,-,-,Unknown,-,NAD(P)-binding protein,protein-coding,-,-,-,-,20151212,-
1043004,25413592,M436DRAFT_63851,M436DRAFT_63851,-,-,Unknown,-,hypothetical protein,protein-coding,-,-,-,-,20151104,-
1043004,25413593,M436DRAFT_63857,M436DRAFT_63857,-,-,Unknown,-,acyl-CoA N-acyltransferase,protein-coding,-,-,-,-,20160917,-
1043004,25413594,M436DRAFT_63858,M436DRAFT_63858,-,-,Unknown,-,dual specificity protein phosphatase 12,protein-coding,-,-,-,-,20151212,-
1043004,25413595,M436DRAFT_63861,M436DRAFT_63861,-,-,Unknown,-,hypothetical protein,protein-coding,-,-,-,-,20151104,-
1043004,25413596,M436DRAFT_63864,M436DRAFT_63864,-,-,Unknown,-,hypothetical protein,protein-coding,-,-,-,-,20151104,-
1043004,25413597,M436DRAFT_63878,M436DRAFT_63878,-,-,Unknown,-,Pex19-domain-containing protein,protein-coding,-,-,-,-,20160917,-
1043004,25413598,M436DRAFT_63881,M436DRAFT_63881,-,-,Unknown,-,hypothetical protein,protein-coding,-,-,-,-,20160917,-
1043004,25413599,M436DRAFT_63882,M436DRAFT_63882,-,-,Unknown,-,ABC1 kinase family protein,protein-coding,-,-,-,-,20151212,-
1043004,25413600,M436DRAFT_63885,M436DRAFT_63885,-,-,Unknown,-,alcohol dehydrogenase-like protein,protein-coding,-,-,-,-,20151212,-
1043004,25413601,M436DRAFT_63889,M436DRAFT_63889,-,-,Unknown,-,GAF domain-like protein,protein-coding,-,-,-,-,20151212,-
1043004,25413602,M436DRAFT_63899,M436DRAFT_63899,-,-,Unknown,-,hypothetical protein,protein-coding,-,-,-,-,20151104,-
1043004,25413603,M436DRAFT_63900,M436DRAFT_63900,-,-,Unknown,-,putative Na/K ATPase alpha 1 subunit,protein-coding,-,-,-,-,20160917,-
1043004,25413604,M436DRAFT_63901,M436DRAFT_63901,-,-,Unknown,-,hypothetical protein,protein-coding,-,-,-,-,20151104,-
1043004,25413605,M436DRAFT_63928,M436DRAFT_63928,-,-,Unknown,-,hypothetical protein,protein-coding,-,-,-,-,20151104,-
1043004,25413606,M436DRAFT_63929,M436DRAFT_63929,-,-,Unknown,-,hypothetical protein,protein-coding,-,-,-,-,20151104,-
1043004,25413607,M436DRAFT_63930,M436DRAFT_63930,-,-,Unknown,-,hypothetical protein,protein-coding,-,-,-,-,20151104,-
1043004,25413608,M436DRAFT_63950,M436DRAFT_63950,-,-,Unknown,-,short-chain dehydrogenase/reductase family protein,protein-coding,-,-,-,-,20151212,-
1043004,25413609,M436DRAFT_63958,M436DRAFT_63958,-,-,Unknown,-,hypothetical protein,protein-coding,-,-,-,-,20151104,-
1043004,25413610,M436DRAFT_63975,M436DRAFT_63975,-,-,Unknown,-,hypothetical protein,protein-coding,-,-,-,-,20160325,-
1043004,25413611,M436DRAFT_63979,M436DRAFT_63979,-,-,Unknown,-,hypothetical protein,protein-coding,-,-,-,-,20151104,-
1043004,25413612,M436DRAFT_63980,M436DRAFT_63980,-,-,Unknown,-,hypothetical protein,protein-coding,-,-,-,-,20151212,-
1043004,25413613,M436DRAFT_63983,M436DRAFT_63983,-,-,Unknown,-,hypothetical protein,protein-coding,-,-,-,-,20160917,-
1043004,25413614,M436DRAFT_63985,M436DRAFT_63985,-,-,Unknown,-,hypothetical protein,protein-coding,-,-,-,-,20160917,-
1043004,25413615,M436DRAFT_63988,M436DRAFT_63988,-,-,Unknown,-,type II DNA topoisomerase,protein-coding,-,-,-,-,20160917,-
1043004,25413616,M436DRAFT_63989,M436DRAFT_63989,-,-,Unknown,-,hypothetical protein,protein-coding,-,-,-,-,20151104,-
1043004,25413617,M436DRAFT_63993,M436DRAFT_63993,-,-,Unknown,-,ran binding protein in the microtubule-organising centre,protein-coding,-,-,-,-,20160917,-
1043004,25413618,M436DRAFT_64000,M436DRAFT_64000,-,-,Unknown,-,hypothetical protein,protein-coding,-,-,-,-,20151104,-
1043004,25413619,M436DRAFT_64001,M436DRAFT_64001,-,-,Unknown,-,hypothetical protein,protein-coding,-,-,-,-,20151212,-
1043004,25413620,M436DRAFT_64018,M436DRAFT_64018,-,-,Unknown,-,hypothetical protein,protein-coding,-,-,-,-,20151104,-
1043004,25413621,M436DRAFT_64019,M436DRAFT_64019,-,-,Unknown,-,hypothetical protein,protein-coding,-,-,-,-,20160917,-
1043004,25413622,M436DRAFT_64023,M436DRAFT_64023,-,-,Unknown,-,hypothetical protein,protein-coding,-,-,-,-,20151212,-
1043004,25413623,M436DRAFT_64025,M436DRAFT_64025,-,-,Unknown,-,hypothetical protein,protein-coding,-,-,-,-,20151104,-
1043004,25413624,M436DRAFT_64030,M436DRAFT_64030,-,-,Unknown,-,hypothetical protein,protein-coding,-,-,-,-,20160917,-
1043004,25413625,M436DRAFT_64051,M436DRAFT_64051,-,-,Unknown,-,phospholipid-translocating P-type ATPase,protein-coding,-,-,-,-,20160917,-
1043004,25413626,M436DRAFT_64056,M436DRAFT_64056,-,-,Unknown,-,nucleic acid-binding protein,protein-coding,-,-,-,-,20160917,-
1043004,25413627,M436DRAFT_64062,M436DRAFT_64062,-,-,Unknown,-,long-chain fatty acid transporter-like protein,protein-coding,-,-,-,-,20160917,-
1043004,25413628,M436DRAFT_64072,M436DRAFT_64072,-,-,Unknown,-,hypothetical protein,protein-coding,-,-,-,-,20151104,-
1043004,25413629,M436DRAFT_64079,M436DRAFT_64079,-,-,Unknown,-,pantoate-beta-alanine ligase,protein-coding,-,-,-,-,20160917,-
1043004,25413630,M436DRAFT_64081,M436DRAFT_64081,-,-,Unknown,-,ATP-dependent RNA helicase dbp7,protein-coding,-,-,-,-,20160917,-
1043004,25413631,M436DRAFT_64087,M436DRAFT_64087,-,-,Unknown,-,cryptochrome,protein-coding,-,-,-,-,20160917,-
1043004,25413632,M436DRAFT_64101,M436DRAFT_64101,-,-,Unknown,-,hypothetical protein,protein-coding,-,-,-,-,20160917,-
1043004,25413633,M436DRAFT_64108,M436DRAFT_64108,-,-,Unknown,-,putative U2 auxiliary factor small subunit,protein-coding,-,-,-,-,20160917,-
1043004,25413634,M436DRAFT_64110,M436DRAFT_64110,-,-,Unknown,-,hypothetical protein,protein-coding,-,-,-,-,20151104,-
1043004,25413635,M436DRAFT_64111,M436DRAFT_64111,-,-,Unknown,-,hypothetical protein,protein-coding,-,-,-,-,20160917,-
1043004,25413636,M436DRAFT_64117,M436DRAFT_64117,-,-,Unknown,-,hypothetical protein,protein-coding,-,-,-,-,20151104,-
1043004,25413637,M436DRAFT_64118,M436DRAFT_64118,-,-,Unknown,-,hypothetical protein,protein-coding,-,-,-,-,20151104,-
1043004,25413638,M436DRAFT_64122,M436DRAFT_64122,-,-,Unknown,-,hypothetical protein,protein-coding,-,-,-,-,20160917,-
1043004,25413639,M436DRAFT_64126,M436DRAFT_64126,-,-,Unknown,-,hypothetical protein,protein-coding,-,-,-,-,20151104,-
1043004,25413640,M436DRAFT_64127,M436DRAFT_64127,-,-,Unknown,-,hypothetical protein,protein-coding,-,-,-,-,20151104,-
1043004,25413641,M436DRAFT_64128,M436DRAFT_64128,-,-,Unknown,-,hypothetical protein,protein-coding,-,-,-,-,20151104,-
1043004,25413642,M436DRAFT_64129,M436DRAFT_64129,-,-,Unknown,-,hypothetical protein,protein-coding,-,-,-,-,20151104,-
1043004,25413643,M436DRAFT_64138,M436DRAFT_64138,-,-,Unknown,-,TPR-like protein,protein-coding,-,-,-,-,20160917,-
1043004,25413644,M436DRAFT_64141,M436DRAFT_64141,-,-,Unknown,-,hypothetical protein,protein-coding,-,-,-,-,20151104,-
1043004,25413645,M436DRAFT_64143,M436DRAFT_64143,-,-,Unknown,-,hypothetical protein,protein-coding,-,-,-,-,20160917,-
1043004,25413646,M436DRAFT_64146,M436DRAFT_64146,-,-,Unknown,-,hypothetical protein,protein-coding,-,-,-,-,20160917,-
1043004,25413647,M436DRAFT_64149,M436DRAFT_64149,-,-,Unknown,-,acetylxylan esterase precursor,protein-coding,-,-,-,-,20160917,-
1043004,25413648,M436DRAFT_64151,M436DRAFT_64151,-,-,Unknown,-,hypothetical protein,protein-coding,-,-,-,-,20151104,-
1043004,25413649,M436DRAFT_64159,M436DRAFT_64159,-,-,Unknown,-,hypothetical protein,protein-coding,-,-,-,-,20151104,-
1043004,25413650,M436DRAFT_64164,M436DRAFT_64164,-,-,Unknown,-,hypothetical protein,protein-coding,-,-,-,-,20160917,-
1043004,25413651,M436DRAFT_64170,M436DRAFT_64170,-,-,Unknown,-,hypothetical protein,protein-coding,-,-,-,-,20151104,-
1043004,25413652,M436DRAFT_64175,M436DRAFT_64175,-,-,Unknown,-,hypothetical protein,protein-coding,-,-,-,-,20160917,-
1043004,25413653,M436DRAFT_64205,M436DRAFT_64205,-,-,Unknown,-,hypothetical protein,protein-coding,-,-,-,-,20160917,-
1043004,25413654,M436DRAFT_64222,M436DRAFT_64222,-,-,Unknown,-,hypothetical protein,protein-coding,-,-,-,-,20160917,-
1043004,25413655,M436DRAFT_64223,M436DRAFT_64223,-,-,Unknown,-,hypothetical protein,protein-coding,-,-,-,-,20151104,-
1043004,25413656,M436DRAFT_64243,M436DRAFT_64243,-,-,Unknown,-,hypothetical protein,protein-coding,-,-,-,-,20160917,-
1043004,25413657,M436DRAFT_64246,M436DRAFT_64246,-,-,Unknown,-,hypothetical protein,protein-coding,-,-,-,-,20151212,-
1043004,25413658,M436DRAFT_64248,M436DRAFT_64248,-,-,Unknown,-,hypothetical protein,protein-coding,-,-,-,-,20151104,-
1043004,25413659,M436DRAFT_64250,M436DRAFT_64250,-,-,Unknown,-,hypothetical protein,protein-coding,-,-,-,-,20151104,-
1043004,25413660,M436DRAFT_64261,M436DRAFT_64261,-,-,Unknown,-,hypothetical protein,protein-coding,-,-,-,-,20151104,-
1043004,25413661,M436DRAFT_64265,M436DRAFT_64265,-,-,Unknown,-,"putative glucan 1,3-beta-glucosidase precursor",protein-coding,-,-,-,-,20160917,-
1043004,25413662,M436DRAFT_64277,M436DRAFT_64277,-,-,Unknown,-,hypothetical protein,protein-coding,-,-,-,-,20151104,-
1043004,25413663,M436DRAFT_64283,M436DRAFT_64283,-,-,Unknown,-,MFS general substrate transporter,protein-coding,-,-,-,-,20151212,-
1043004,25413664,M436DRAFT_64289,M436DRAFT_64289,-,-,Unknown,-,hypothetical protein,protein-coding,-,-,-,-,20151104,-
1043004,25413665,M436DRAFT_64291,M436DRAFT_64291,-,-,Unknown,-,hypothetical protein,protein-coding,-,-,-,-,20160917,-
1043004,25413666,M436DRAFT_64292,M436DRAFT_64292,-,-,Unknown,-,NAD(P)-binding protein,protein-coding,-,-,-,-,20160917,-
1043004,25413667,M436DRAFT_64303,M436DRAFT_64303,-,-,Unknown,-,hypothetical protein,protein-coding,-,-,-,-,20160917,-
1043004,25413668,M436DRAFT_64304,M436DRAFT_64304,-,-,Unknown,-,hypothetical protein,protein-coding,-,-,-,-,20151104,-
1043004,25413669,M436DRAFT_64312,M436DRAFT_64312,-,-,Unknown,-,ARM repeat-containing protein,protein-coding,-,-,-,-,20160917,-
1043004,25413670,M436DRAFT_64315,M436DRAFT_64315,-,-,Unknown,-,hypothetical protein,protein-coding,-,-,-,-,20160325,-
1043004,25413671,M436DRAFT_64318,M436DRAFT_64318,-,-,Unknown,-,"NCR1, Niemann-pick type C",protein-coding,-,-,-,-,20160917,-
1043004,25413672,M436DRAFT_64325,M436DRAFT_64325,-,-,Unknown,-,mitochondrial peroxiredoxin-like protein Prx1,protein-coding,-,-,-,-,20151212,-
1043004,25413673,M436DRAFT_64328,M436DRAFT_64328,-,-,Unknown,-,ubiquitin fusion degradation protein,protein-coding,-,-,-,-,20160917,-
1043004,25413674,M436DRAFT_64335,M436DRAFT_64335,-,-,Unknown,-,hypothetical protein,protein-coding,-,-,-,-,20151104,-
1043004,25413675,M436DRAFT_64336,M436DRAFT_64336,-,-,Unknown,-,hypothetical protein,protein-coding,-,-,-,-,20151104,-
1043004,25413676,M436DRAFT_64337,M436DRAFT_64337,-,-,Unknown,-,hypothetical protein,protein-coding,-,-,-,-,20160325,-
1043004,25413677,M436DRAFT_64339,M436DRAFT_64339,-,-,Unknown,-,general substrate transporter,protein-coding,-,-,-,-,20151212,-
1043004,25413678,M436DRAFT_64341,M436DRAFT_64341,-,-,Unknown,-,vacuolar amino acid transporter-like protein 1,protein-coding,-,-,-,-,20160917,-
1043004,25413679,M436DRAFT_64342,M436DRAFT_64342,-,-,Unknown,-,hypothetical protein,protein-coding,-,-,-,-,20151104,-
1043004,25413680,M436DRAFT_64350,M436DRAFT_64350,-,-,Unknown,-,hypothetical protein,protein-coding,-,-,-,-,20151212,-
1043004,25413681,M436DRAFT_64353,M436DRAFT_64353,-,-,Unknown,-,hypothetical protein,protein-coding,-,-,-,-,20160917,-
1043004,25413682,M436DRAFT_64354,M436DRAFT_64354,-,-,Unknown,-,hypothetical protein,protein-coding,-,-,-,-,20151104,-
1043004,25413683,M436DRAFT_64373,M436DRAFT_64373,-,-,Unknown,-,DUF866-domain-containing protein,protein-coding,-,-,-,-,20160917,-
1043004,25413684,M436DRAFT_64375,M436DRAFT_64375,-,-,Unknown,-,hypothetical protein,protein-coding,-,-,-,-,20160917,-
1043004,25413685,M436DRAFT_64378,M436DRAFT_64378,-,-,Unknown,-,ankyrin,protein-coding,-,-,-,-,20160917,-
1043004,25413686,M436DRAFT_64392,M436DRAFT_64392,-,-,Unknown,-,cytochrome c oxidase subunit VIa,protein-coding,-,-,-,-,20160917,-
1043004,25413687,M436DRAFT_64399,M436DRAFT_64399,-,-,Unknown,-,WD40 repeat-like protein,protein-coding,-,-,-,-,20160917,-
1043004,25413688,M436DRAFT_64401,M436DRAFT_64401,-,-,Unknown,-,hypothetical protein,protein-coding,-,-,-,-,20151104,-
1043004,25413689,M436DRAFT_64403,M436DRAFT_64403,-,-,Unknown,-,ATP-dependent RNA helicase DED1,protein-coding,-,-,-,-,20160917,-
1043004,25413690,M436DRAFT_64409,M436DRAFT_64409,-,-,Unknown,-,hypothetical protein,protein-coding,-,-,-,-,20151104,-
1043004,25413691,M436DRAFT_64418,M436DRAFT_64418,-,-,Unknown,-,hypothetical protein,protein-coding,-,-,-,-,20160917,-
1043004,25413692,M436DRAFT_64420,M436DRAFT_64420,-,-,Unknown,-,hypothetical protein,protein-coding,-,-,-,-,20151104,-
1043004,25413693,M436DRAFT_64424,M436DRAFT_64424,-,-,Unknown,-,hypothetical protein,protein-coding,-,-,-,-,20160325,-
1043004,25413694,M436DRAFT_64429,M436DRAFT_64429,-,-,Unknown,-,hypothetical protein,protein-coding,-,-,-,-,20160917,-
1043004,25413695,M436DRAFT_64442,M436DRAFT_64442,-,-,Unknown,-,hypothetical protein,protein-coding,-,-,-,-,20151104,-
1043004,25413696,M436DRAFT_64445,M436DRAFT_64445,-,-,Unknown,-,ATP citrate lyase-like protein subunit,protein-coding,-,-,-,-,20160917,-
1043004,25413697,M436DRAFT_64451,M436DRAFT_64451,-,-,Unknown,-,"replication protein A, subunit RPA32",protein-coding,-,-,-,-,20160917,-
1043004,25413698,M436DRAFT_64456,M436DRAFT_64456,-,-,Unknown,-,C/H/G cyclin,protein-coding,-,-,-,-,20160917,-
1043004,25413699,M436DRAFT_64462,M436DRAFT_64462,-,-,Unknown,-,hypothetical protein,protein-coding,-,-,-,-,20151104,-
1043004,25413700,M436DRAFT_64465,M436DRAFT_64465,-,-,Unknown,-,hypothetical protein,protein-coding,-,-,-,-,20160917,-
1043004,25413701,M436DRAFT_64466,M436DRAFT_64466,-,-,Unknown,-,hypothetical protein,protein-coding,-,-,-,-,20160917,-
1043004,25413702,M436DRAFT_64483,M436DRAFT_64483,-,-,Unknown,-,hypothetical protein,protein-coding,-,-,-,-,20151212,-
1043004,25413703,M436DRAFT_64485,M436DRAFT_64485,-,-,Unknown,-,"Coatomer, gamma subunit",protein-coding,-,-,-,-,20160917,-
1043004,25413704,M436DRAFT_64491,M436DRAFT_64491,-,-,Unknown,-,ribosomal protein S4e,protein-coding,-,-,-,-,20160917,-
1043004,25413705,M436DRAFT_64493,M436DRAFT_64493,-,-,Unknown,-,hypothetical protein,protein-coding,-,-,-,-,20170520,-
1043004,25413706,M436DRAFT_64496,M436DRAFT_64496,-,-,Unknown,-,small subunit of carbamoyl phosphate synthase,protein-coding,-,-,-,-,20160917,-
1043004,25413707,M436DRAFT_64498,M436DRAFT_64498,-,-,Unknown,-,putative phosphoribosylaminoimidazole-succinocarboxamide synthase,protein-coding,-,-,-,-,20160917,-
1043004,25413708,M436DRAFT_64506,M436DRAFT_64506,-,-,Unknown,-,hypothetical protein,protein-coding,-,-,-,-,20160917,-
1043004,25413709,M436DRAFT_64510,M436DRAFT_64510,-,-,Unknown,-,hypothetical protein,protein-coding,-,-,-,-,20151104,-
1043004,25413710,M436DRAFT_64516,M436DRAFT_64516,-,-,Unknown,-,hypothetical protein,protein-coding,-,-,-,-,20151104,-
1043004,25413711,M436DRAFT_64528,M436DRAFT_64528,-,-,Unknown,-,PLP-dependent transferase,protein-coding,-,-,-,-,20160917,-
1043004,25413712,M436DRAFT_64530,M436DRAFT_64530,-,-,Unknown,-,hypothetical protein,protein-coding,-,-,-,-,20151104,-
1043004,25413713,M436DRAFT_64532,M436DRAFT_64532,-,-,Unknown,-,hypothetical protein,protein-coding,-,-,-,-,20160917,-
1043004,25413714,M436DRAFT_64539,M436DRAFT_64539,-,-,Unknown,-,hypothetical protein,protein-coding,-,-,-,-,20151104,-
1043004,25413715,M436DRAFT_64544,M436DRAFT_64544,-,-,Unknown,-,hypothetical protein,protein-coding,-,-,-,-,20151104,-
1043004,25413716,M436DRAFT_64545,M436DRAFT_64545,-,-,Unknown,-,hypothetical protein,protein-coding,-,-,-,-,20160917,-
1043004,25413717,M436DRAFT_64550,M436DRAFT_64550,-,-,Unknown,-,hypothetical protein,protein-coding,-,-,-,-,20151104,-
1043004,25413718,M436DRAFT_64552,M436DRAFT_64552,-,-,Unknown,-,P-loop containing nucleoside triphosphate hydrolase protein,protein-coding,-,-,-,-,20160917,-
1043004,25413719,M436DRAFT_64558,M436DRAFT_64558,-,-,Unknown,-,hypothetical protein,protein-coding,-,-,-,-,20160917,-
1043004,25413720,M436DRAFT_64559,M436DRAFT_64559,-,-,Unknown,-,hypothetical protein,protein-coding,-,-,-,-,20151104,-
1043004,25413721,M436DRAFT_64569,M436DRAFT_64569,-,-,Unknown,-,hypothetical protein,protein-coding,-,-,-,-,20151104,-
1043004,25413722,M436DRAFT_64571,M436DRAFT_64571,-,-,Unknown,-,hypothetical protein,protein-coding,-,-,-,-,20160917,-
1043004,25413723,M436DRAFT_64574,M436DRAFT_64574,-,-,Unknown,-,hypothetical protein,protein-coding,-,-,-,-,20151104,-
1043004,25413724,M436DRAFT_64581,M436DRAFT_64581,-,-,Unknown,-,hypothetical protein,protein-coding,-,-,-,-,20151104,-
1043004,25413725,M436DRAFT_64585,M436DRAFT_64585,-,-,Unknown,-,hypothetical protein,protein-coding,-,-,-,-,20151104,-
1043004,25413726,M436DRAFT_64595,M436DRAFT_64595,-,-,Unknown,-,hypothetical protein,protein-coding,-,-,-,-,20151104,-
1043004,25413727,M436DRAFT_64598,M436DRAFT_64598,-,-,Unknown,-,hypothetical protein,protein-coding,-,-,-,-,20160917,-
1043004,25413728,M436DRAFT_64610,M436DRAFT_64610,-,-,Unknown,-,hypothetical protein,protein-coding,-,-,-,-,20151104,-
1043004,25413729,M436DRAFT_64634,M436DRAFT_64634,-,-,Unknown,-,hypothetical protein,protein-coding,-,-,-,-,20151104,-
1043004,25413730,M436DRAFT_64644,M436DRAFT_64644,-,-,Unknown,-,S-2-hydroxy-acid oxidase,protein-coding,-,-,-,-,20160917,-
1043004,25413731,M436DRAFT_64657,M436DRAFT_64657,-,-,Unknown,-,hypothetical protein,protein-coding,-,-,-,-,20160917,-
1043004,25413732,M436DRAFT_64665,M436DRAFT_64665,-,-,Unknown,-,hypothetical protein,protein-coding,-,-,-,-,20151104,-
1043004,25413733,M436DRAFT_64669,M436DRAFT_64669,-,-,Unknown,-,MFS general substrate transporter,protein-coding,-,-,-,-,20160325,-
1043004,25413734,M436DRAFT_64673,M436DRAFT_64673,-,-,Unknown,-,hypothetical protein,protein-coding,-,-,-,-,20151104,-
1043004,25413735,M436DRAFT_64677,M436DRAFT_64677,-,-,Unknown,-,hypothetical protein,protein-coding,-,-,-,-,20160917,-
1043004,25413736,M436DRAFT_64682,M436DRAFT_64682,-,-,Unknown,-,hypothetical protein,protein-coding,-,-,-,-,20151104,-
1043004,25413737,M436DRAFT_64684,M436DRAFT_64684,-,-,Unknown,-,hypothetical protein,protein-coding,-,-,-,-,20151104,-
1043004,25413738,M436DRAFT_64689,M436DRAFT_64689,-,-,Unknown,-,MFS general substrate transporter,protein-coding,-,-,-,-,20160917,-
1043004,25413739,M436DRAFT_64697,M436DRAFT_64697,-,-,Unknown,-,putative vitamin H transporter,protein-coding,-,-,-,-,20151212,-
1043004,25413740,M436DRAFT_64700,M436DRAFT_64700,-,-,Unknown,-,MFS general substrate transporter,protein-coding,-,-,-,-,20151212,-
1043004,25413741,M436DRAFT_64702,M436DRAFT_64702,-,-,Unknown,-,putative major facilitator superfamily transporter,protein-coding,-,-,-,-,20151212,-
1043004,25413742,M436DRAFT_64706,M436DRAFT_64706,-,-,Unknown,-,alpha arabinofuranosidase,protein-coding,-,-,-,-,20160917,-
1043004,25413743,M436DRAFT_64710,M436DRAFT_64710,-,-,Unknown,-,hypothetical protein,protein-coding,-,-,-,-,20160917,-
1043004,25413744,M436DRAFT_64712,M436DRAFT_64712,-,-,Unknown,-,hypothetical protein,protein-coding,-,-,-,-,20151104,-
1043004,25413745,M436DRAFT_64714,M436DRAFT_64714,-,-,Unknown,-,SURF6-domain-containing protein,protein-coding,-,-,-,-,20160917,-
1043004,25413746,M436DRAFT_64724,M436DRAFT_64724,-,-,Unknown,-,hypothetical protein,protein-coding,-,-,-,-,20160917,-
1043004,25413747,M436DRAFT_64728,M436DRAFT_64728,-,-,Unknown,-,hypothetical protein,protein-coding,-,-,-,-,20151104,-
1043004,25413748,M436DRAFT_64734,M436DRAFT_64734,-,-,Unknown,-,hypothetical protein,protein-coding,-,-,-,-,20151104,-
1043004,25413749,M436DRAFT_64738,M436DRAFT_64738,-,-,Unknown,-,hypothetical protein,protein-coding,-,-,-,-,20151104,-
1043004,25413750,M436DRAFT_64743,M436DRAFT_64743,-,-,Unknown,-,hypothetical protein,protein-coding,-,-,-,-,20151104,-
1043004,25413751,M436DRAFT_64749,M436DRAFT_64749,-,-,Unknown,-,hypothetical protein,protein-coding,-,-,-,-,20160917,-
1043004,25413752,M436DRAFT_64750,M436DRAFT_64750,-,-,Unknown,-,hypothetical protein,protein-coding,-,-,-,-,20151104,-
1043004,25413753,M436DRAFT_64757,M436DRAFT_64757,-,-,Unknown,-,hypothetical protein,protein-coding,-,-,-,-,20151104,-
1043004,25413754,M436DRAFT_64778,M436DRAFT_64778,-,-,Unknown,-,hypothetical protein,protein-coding,-,-,-,-,20151104,-
1043004,25413755,M436DRAFT_64788,M436DRAFT_64788,-,-,Unknown,-,hypothetical protein,protein-coding,-,-,-,-,20160917,-
1043004,25413756,M436DRAFT_64789,M436DRAFT_64789,-,-,Unknown,-,hypothetical protein,protein-coding,-,-,-,-,20160917,-
1043004,25413757,M436DRAFT_64790,M436DRAFT_64790,-,-,Unknown,-,curved DNA-binding protein-like protein,protein-coding,-,-,-,-,20160917,-
1043004,25413758,M436DRAFT_64795,M436DRAFT_64795,-,-,Unknown,-,kinase-like protein,protein-coding,-,-,-,-,20160917,-
1043004,25413759,M436DRAFT_64807,M436DRAFT_64807,-,-,Unknown,-,putative endosomal integral membrane protein,protein-coding,-,-,-,-,20160917,-
1043004,25413760,M436DRAFT_64808,M436DRAFT_64808,-,-,Unknown,-,hypothetical protein,protein-coding,-,-,-,-,20151104,-
1043004,25413761,M436DRAFT_64815,M436DRAFT_64815,-,-,Unknown,-,hypothetical protein,protein-coding,-,-,-,-,20160917,-
1043004,25413762,M436DRAFT_64816,M436DRAFT_64816,-,-,Unknown,-,hypothetical protein,protein-coding,-,-,-,-,20160917,-
1043004,25413763,M436DRAFT_64818,M436DRAFT_64818,-,-,Unknown,-,SNF2 family DNA-dependent chromodomain-containing ATPase,protein-coding,-,-,-,-,20160917,-
1043004,25413764,M436DRAFT_64823,M436DRAFT_64823,-,-,Unknown,-,hypothetical protein,protein-coding,-,-,-,-,20160917,-
1043004,25413765,M436DRAFT_64829,M436DRAFT_64829,-,-,Unknown,-,hypothetical protein,protein-coding,-,-,-,-,20151104,-
1043004,25413766,M436DRAFT_64830,M436DRAFT_64830,-,-,Unknown,-,hypothetical protein,protein-coding,-,-,-,-,20151104,-
1043004,25413767,M436DRAFT_64845,M436DRAFT_64845,-,-,Unknown,-,hypothetical protein,protein-coding,-,-,-,-,20151212,-
1043004,25413768,M436DRAFT_64846,M436DRAFT_64846,-,-,Unknown,-,hypothetical protein,protein-coding,-,-,-,-,20160917,-
1043004,25413769,M436DRAFT_64849,M436DRAFT_64849,-,-,Unknown,-,hypothetical protein,protein-coding,-,-,-,-,20151104,-
1043004,25413770,M436DRAFT_64854,M436DRAFT_64854,-,-,Unknown,-,hypothetical protein,protein-coding,-,-,-,-,20160917,-
1043004,25413771,M436DRAFT_64856,M436DRAFT_64856,-,-,Unknown,-,Ppx-GppA-domain-containing protein,protein-coding,-,-,-,-,20160917,-
1043004,25413772,M436DRAFT_64858,M436DRAFT_64858,-,-,Unknown,-,"DNA repair protein, SNF2 family",protein-coding,-,-,-,-,20160917,-
1043004,25413773,M436DRAFT_64862,M436DRAFT_64862,-,-,Unknown,-,acyl carrier protein,protein-coding,-,-,-,-,20160917,-
1043004,25413774,M436DRAFT_64869,M436DRAFT_64869,-,-,Unknown,-,leucine carboxyl methyltransferase,protein-coding,-,-,-,-,20160917,-
1043004,25413775,M436DRAFT_64874,M436DRAFT_64874,-,-,Unknown,-,hypothetical protein,protein-coding,-,-,-,-,20151104,-
1043004,25413776,M436DRAFT_64899,M436DRAFT_64899,-,-,Unknown,-,Dor1-domain-containing protein,protein-coding,-,-,-,-,20160917,-
1043004,25413777,M436DRAFT_64902,M436DRAFT_64902,-,-,Unknown,-,general substrate transporter,protein-coding,-,-,-,-,20160917,-
1043004,25413778,M436DRAFT_64914,M436DRAFT_64914,-,-,Unknown,-,hypothetical protein,protein-coding,-,-,-,-,20151104,-
1043004,25413779,M436DRAFT_64915,M436DRAFT_64915,-,-,Unknown,-,hypothetical protein,protein-coding,-,-,-,-,20160325,-
1043004,25413780,M436DRAFT_64917,M436DRAFT_64917,-,-,Unknown,-,tricorn protease domain 2-containing protein,protein-coding,-,-,-,-,20160917,-
1043004,25413781,M436DRAFT_64924,M436DRAFT_64924,-,-,Unknown,-,MFS multidrug transporter-like protein,protein-coding,-,-,-,-,20160917,-
1043004,25413782,M436DRAFT_64926,M436DRAFT_64926,-,-,Unknown,-,hypothetical protein,protein-coding,-,-,-,-,20151212,-
1043004,25413783,M436DRAFT_64933,M436DRAFT_64933,-,-,Unknown,-,hypothetical protein,protein-coding,-,-,-,-,20160917,-
1043004,25413784,M436DRAFT_64934,M436DRAFT_64934,-,-,Unknown,-,hypothetical protein,protein-coding,-,-,-,-,20160917,-
1043004,25413785,M436DRAFT_64939,M436DRAFT_64939,-,-,Unknown,-,sugar transporter-like protein,protein-coding,-,-,-,-,20151212,-
1043004,25413786,M436DRAFT_64952,M436DRAFT_64952,-,-,Unknown,-,cyanamide hydratase,protein-coding,-,-,-,-,20160917,-
1043004,25413787,M436DRAFT_64966,M436DRAFT_64966,-,-,Unknown,-,hypothetical protein,protein-coding,-,-,-,-,20160917,-
1043004,25413788,M436DRAFT_64975,M436DRAFT_64975,-,-,Unknown,-,S-adenosyl-L-homocysteine hydrolase-like protein,protein-coding,-,-,-,-,20160917,-
1043004,25413789,M436DRAFT_65000,M436DRAFT_65000,-,-,Unknown,-,NAD(P)-binding protein,protein-coding,-,-,-,-,20151212,-
1043004,25413790,M436DRAFT_65002,M436DRAFT_65002,-,-,Unknown,-,hypothetical protein,protein-coding,-,-,-,-,20151104,-
1043004,25413791,M436DRAFT_65021,M436DRAFT_65021,-,-,Unknown,-,hypothetical protein,protein-coding,-,-,-,-,20151212,-
1043004,25413792,M436DRAFT_65032,M436DRAFT_65032,-,-,Unknown,-,hypothetical protein,protein-coding,-,-,-,-,20151104,-
1043004,25413793,M436DRAFT_65034,M436DRAFT_65034,-,-,Unknown,-,hypothetical protein,protein-coding,-,-,-,-,20160917,-
1043004,25413794,M436DRAFT_65035,M436DRAFT_65035,-,-,Unknown,-,hypothetical protein,protein-coding,-,-,-,-,20151104,-
1043004,25413795,M436DRAFT_65039,M436DRAFT_65039,-,-,Unknown,-,hypothetical protein,protein-coding,-,-,-,-,20151104,-
1043004,25413796,M436DRAFT_65040,M436DRAFT_65040,-,-,Unknown,-,putative sodium/phosphate symporter,protein-coding,-,-,-,-,20160917,-
1043004,25413797,M436DRAFT_65043,M436DRAFT_65043,-,-,Unknown,-,hypothetical protein,protein-coding,-,-,-,-,20151104,-
1043004,25413798,M436DRAFT_65044,M436DRAFT_65044,-,-,Unknown,-,hypothetical protein,protein-coding,-,-,-,-,20151104,-
1043004,25413799,M436DRAFT_65050,M436DRAFT_65050,-,-,Unknown,-,thiolase-like protein,protein-coding,-,-,-,-,20160917,-
1043004,25413800,M436DRAFT_65058,M436DRAFT_65058,-,-,Unknown,-,putative formate/nitrite transporter,protein-coding,-,-,-,-,20160917,-
1043004,25413801,M436DRAFT_65067,M436DRAFT_65067,-,-,Unknown,-,hypothetical protein,protein-coding,-,-,-,-,20160917,-
1043004,25413802,M436DRAFT_65072,M436DRAFT_65072,-,-,Unknown,-,putative Ku family DNA helicase,protein-coding,-,-,-,-,20160917,-
1043004,25413803,M436DRAFT_65075,M436DRAFT_65075,-,-,Unknown,-,ankyrin,protein-coding,-,-,-,-,20160917,-
1043004,25413804,M436DRAFT_65079,M436DRAFT_65079,-,-,Unknown,-,hypothetical protein,protein-coding,-,-,-,-,20151104,-
1043004,25413805,M436DRAFT_65085,M436DRAFT_65085,-,-,Unknown,-,hypothetical protein,protein-coding,-,-,-,-,20151104,-
1043004,25413806,M436DRAFT_65087,M436DRAFT_65087,-,-,Unknown,-,AP-2 complex subunit sigma,protein-coding,-,-,-,-,20151212,-
1043004,25413807,M436DRAFT_65096,M436DRAFT_65096,-,-,Unknown,-,adenine nucleotide alpha hydrolases-like protein,protein-coding,-,-,-,-,20160917,-
1043004,25413808,M436DRAFT_65102,M436DRAFT_65102,-,-,Unknown,-,hypothetical protein,protein-coding,-,-,-,-,20160917,-
1043004,25413809,M436DRAFT_65103,M436DRAFT_65103,-,-,Unknown,-,hypothetical protein,protein-coding,-,-,-,-,20151104,-
1043004,25413810,M436DRAFT_65107,M436DRAFT_65107,-,-,Unknown,-,hypothetical protein,protein-coding,-,-,-,-,20151104,-
1043004,25413811,M436DRAFT_65109,M436DRAFT_65109,-,-,Unknown,-,hypothetical protein,protein-coding,-,-,-,-,20151104,-
1043004,25413812,M436DRAFT_65110,M436DRAFT_65110,-,-,Unknown,-,hypothetical protein,protein-coding,-,-,-,-,20151104,-
1043004,25413813,M436DRAFT_65136,M436DRAFT_65136,-,-,Unknown,-,hypothetical protein,protein-coding,-,-,-,-,20151104,-
1043004,25413814,M436DRAFT_65146,M436DRAFT_65146,-,-,Unknown,-,hypothetical protein,protein-coding,-,-,-,-,20160917,-
1043004,25413815,M436DRAFT_65148,M436DRAFT_65148,-,-,Unknown,-,hypothetical protein,protein-coding,-,-,-,-,20151104,-
1043004,25413816,M436DRAFT_65159,M436DRAFT_65159,-,-,Unknown,-,hypothetical protein,protein-coding,-,-,-,-,20160325,-
1043004,25413817,M436DRAFT_65166,M436DRAFT_65166,-,-,Unknown,-,Clavaminate synthase-like protein,protein-coding,-,-,-,-,20160917,-
1043004,25413818,M436DRAFT_65168,M436DRAFT_65168,-,-,Unknown,-,hypothetical protein,protein-coding,-,-,-,-,20151104,-
1043004,25413819,M436DRAFT_65170,M436DRAFT_65170,-,-,Unknown,-,putative u4/u6 small nuclear ribonucleo protein,protein-coding,-,-,-,-,20160917,-
1043004,25413820,M436DRAFT_65173,M436DRAFT_65173,-,-,Unknown,-,hypothetical protein,protein-coding,-,-,-,-,20151104,-
1043004,25413821,M436DRAFT_65174,M436DRAFT_65174,-,-,Unknown,-,hypothetical protein,protein-coding,-,-,-,-,20151104,-
1043004,25413822,M436DRAFT_65175,M436DRAFT_65175,-,-,Unknown,-,hypothetical protein,protein-coding,-,-,-,-,20160325,-
1043004,25413823,M436DRAFT_65195,M436DRAFT_65195,-,-,Unknown,-,hypothetical protein,protein-coding,-,-,-,-,20151104,-
1043004,25413824,M436DRAFT_65203,M436DRAFT_65203,-,-,Unknown,-,"multidrug resistance protein 1, 2, 3",protein-coding,-,-,-,-,20160917,-
1043004,25413825,M436DRAFT_65212,M436DRAFT_65212,-,-,Unknown,-,hypothetical protein,protein-coding,-,-,-,-,20151104,-
1043004,25413826,M436DRAFT_65218,M436DRAFT_65218,-,-,Unknown,-,kinase-like protein,protein-coding,-,-,-,-,20160917,-
1043004,25413827,M436DRAFT_65221,M436DRAFT_65221,-,-,Unknown,-,hypothetical protein,protein-coding,-,-,-,-,20151104,-
1043004,25413828,M436DRAFT_65224,M436DRAFT_65224,-,-,Unknown,-,putative cytochrome b5,protein-coding,-,-,-,-,20160917,-
1043004,25413829,M436DRAFT_65228,M436DRAFT_65228,-,-,Unknown,-,hypothetical protein,protein-coding,-,-,-,-,20160917,-
1043004,25413830,M436DRAFT_65236,M436DRAFT_65236,-,-,Unknown,-,hypothetical protein,protein-coding,-,-,-,-,20160917,-
1043004,25413831,M436DRAFT_65247,M436DRAFT_65247,-,-,Unknown,-,hypothetical protein,protein-coding,-,-,-,-,20160917,-
1043004,25413832,M436DRAFT_65253,M436DRAFT_65253,-,-,Unknown,-,TPR-like protein,protein-coding,-,-,-,-,20151212,-
1043004,25413833,M436DRAFT_65264,M436DRAFT_65264,-,-,Unknown,-,ribosomal protein L13e,protein-coding,-,-,-,-,20160917,-
1043004,25413834,M436DRAFT_65276,M436DRAFT_65276,-,-,Unknown,-,hypothetical protein,protein-coding,-,-,-,-,20151104,-
1043004,25413835,M436DRAFT_65279,M436DRAFT_65279,-,-,Unknown,-,MATE efflux family protein,protein-coding,-,-,-,-,20151212,-
1043004,25413836,M436DRAFT_65283,M436DRAFT_65283,-,-,Unknown,-,hypothetical protein,protein-coding,-,-,-,-,20160917,-
1043004,25413837,M436DRAFT_65293,M436DRAFT_65293,-,-,Unknown,-,hypothetical protein,protein-coding,-,-,-,-,20151104,-
1043004,25413838,M436DRAFT_65306,M436DRAFT_65306,-,-,Unknown,-,hypothetical protein,protein-coding,-,-,-,-,20160917,-
1043004,25413839,M436DRAFT_65308,M436DRAFT_65308,-,-,Unknown,-,DUF917-domain-containing protein,protein-coding,-,-,-,-,20160917,-
1043004,25413840,M436DRAFT_65312,M436DRAFT_65312,-,-,Unknown,-,Molybdopterin binding protein,protein-coding,-,-,-,-,20151212,-
1043004,25413841,M436DRAFT_65314,M436DRAFT_65314,-,-,Unknown,-,hypothetical protein,protein-coding,-,-,-,-,20160917,-
1043004,25413842,M436DRAFT_65318,M436DRAFT_65318,-,-,Unknown,-,hypothetical protein,protein-coding,-,-,-,-,20160325,-
1043004,25413843,M436DRAFT_65326,M436DRAFT_65326,-,-,Unknown,-,acid protease,protein-coding,-,-,-,-,20160917,-
1043004,25413844,M436DRAFT_65327,M436DRAFT_65327,-,-,Unknown,-,hypothetical protein,protein-coding,-,-,-,-,20151104,-
1043004,25413845,M436DRAFT_65331,M436DRAFT_65331,-,-,Unknown,-,hypothetical protein,protein-coding,-,-,-,-,20151104,-
1043004,25413846,M436DRAFT_65332,M436DRAFT_65332,-,-,Unknown,-,aldolase,protein-coding,-,-,-,-,20160917,-
1043004,25413847,M436DRAFT_65343,M436DRAFT_65343,-,-,Unknown,-,hypothetical protein,protein-coding,-,-,-,-,20160917,-
1043004,25413848,M436DRAFT_65355,M436DRAFT_65355,-,-,Unknown,-,3-oxoacyl-reductase,protein-coding,-,-,-,-,20160917,-
1043004,25413849,M436DRAFT_65378,M436DRAFT_65378,-,-,Unknown,-,WD40 repeat-like protein,protein-coding,-,-,-,-,20160917,-
1043004,25413850,M436DRAFT_65379,M436DRAFT_65379,-,-,Unknown,-,protein prenylyltransferase,protein-coding,-,-,-,-,20160917,-
1043004,25413851,M436DRAFT_65381,M436DRAFT_65381,-,-,Unknown,-,general substrate transporter,protein-coding,-,-,-,-,20160917,-
1043004,25413852,M436DRAFT_65383,M436DRAFT_65383,-,-,Unknown,-,hypothetical protein,protein-coding,-,-,-,-,20151104,-
1043004,25413853,M436DRAFT_65385,M436DRAFT_65385,-,-,Unknown,-,putative phenol acid carboxylase,protein-coding,-,-,-,-,20160917,-
1043004,25413854,M436DRAFT_65386,M436DRAFT_65386,-,-,Unknown,-,hypothetical protein,protein-coding,-,-,-,-,20151104,-
1043004,25413855,M436DRAFT_65393,M436DRAFT_65393,-,-,Unknown,-,hypothetical protein,protein-coding,-,-,-,-,20151104,-
1043004,25413856,M436DRAFT_65396,M436DRAFT_65396,-,-,Unknown,-,N-myristoyl transferase,protein-coding,-,-,-,-,20160917,-
1043004,25413857,M436DRAFT_65397,M436DRAFT_65397,-,-,Unknown,-,hypothetical protein,protein-coding,-,-,-,-,20151104,-
1043004,25413858,M436DRAFT_65398,M436DRAFT_65398,-,-,Unknown,-,hypothetical protein,protein-coding,-,-,-,-,20151104,-
1043004,25413859,M436DRAFT_65408,M436DRAFT_65408,-,-,Unknown,-,hypothetical protein,protein-coding,-,-,-,-,20160917,-
1043004,25413860,M436DRAFT_65409,M436DRAFT_65409,-,-,Unknown,-,hypothetical protein,protein-coding,-,-,-,-,20151104,-
1043004,25413861,M436DRAFT_65417,M436DRAFT_65417,-,-,Unknown,-,hypothetical protein,protein-coding,-,-,-,-,20151104,-
1043004,25413862,M436DRAFT_65423,M436DRAFT_65423,-,-,Unknown,-,RCC1/BLIP-II protein,protein-coding,-,-,-,-,20160917,-
1043004,25413863,M436DRAFT_65449,M436DRAFT_65449,-,-,Unknown,-,hypothetical protein,protein-coding,-,-,-,-,20151104,-
1043004,25413864,M436DRAFT_65464,M436DRAFT_65464,-,-,Unknown,-,anthranilate synthase component 1,protein-coding,-,-,-,-,20160917,-
1043004,25413865,M436DRAFT_65465,M436DRAFT_65465,-,-,Unknown,-,hypothetical protein,protein-coding,-,-,-,-,20151104,-
1043004,25413866,M436DRAFT_65467,M436DRAFT_65467,-,-,Unknown,-,FolC bifunctional protein,protein-coding,-,-,-,-,20151212,-
1043004,25413867,M436DRAFT_65472,M436DRAFT_65472,-,-,Unknown,-,hypothetical protein,protein-coding,-,-,-,-,20151104,-
1043004,25413868,M436DRAFT_65473,M436DRAFT_65473,-,-,Unknown,-,hypothetical protein,protein-coding,-,-,-,-,20160917,-
1043004,25413869,M436DRAFT_65481,M436DRAFT_65481,-,-,Unknown,-,hypothetical protein,protein-coding,-,-,-,-,20151104,-
1043004,25413870,M436DRAFT_65492,M436DRAFT_65492,-,-,Unknown,-,hypothetical protein,protein-coding,-,-,-,-,20151104,-
1043004,25413871,M436DRAFT_65493,M436DRAFT_65493,-,-,Unknown,-,alpha/beta-hydrolase,protein-coding,-,-,-,-,20160917,-
1043004,25413872,M436DRAFT_65496,M436DRAFT_65496,-,-,Unknown,-,putative alpha-ketoglutarate-dependent protein,protein-coding,-,-,-,-,20160917,-
1043004,25413873,M436DRAFT_65504,M436DRAFT_65504,-,-,Unknown,-,RNB-domain-containing protein,protein-coding,-,-,-,-,20160917,-
1043004,25413874,M436DRAFT_65508,M436DRAFT_65508,-,-,Unknown,-,hypothetical protein,protein-coding,-,-,-,-,20160917,-
1043004,25413875,M436DRAFT_65509,M436DRAFT_65509,-,-,Unknown,-,hypothetical protein,protein-coding,-,-,-,-,20151104,-
1043004,25413876,M436DRAFT_65510,M436DRAFT_65510,-,-,Unknown,-,hypothetical protein,protein-coding,-,-,-,-,20160917,-
1043004,25413877,M436DRAFT_65523,M436DRAFT_65523,-,-,Unknown,-,3-isopropylmalate dehydratase,protein-coding,-,-,-,-,20160917,-
1043004,25413878,M436DRAFT_65537,M436DRAFT_65537,-,-,Unknown,-,hypothetical protein,protein-coding,-,-,-,-,20160917,-
1043004,25413879,M436DRAFT_65538,M436DRAFT_65538,-,-,Unknown,-,hypothetical protein,protein-coding,-,-,-,-,20160325,-
1043004,25413880,M436DRAFT_65541,M436DRAFT_65541,-,-,Unknown,-,yippee-like protein,protein-coding,-,-,-,-,20160917,-
1043004,25413881,M436DRAFT_65547,M436DRAFT_65547,-,-,Unknown,-,UPF0157-domain-containing protein,protein-coding,-,-,-,-,20160917,-
1043004,25413882,M436DRAFT_65549,M436DRAFT_65549,-,-,Unknown,-,hypothetical protein,protein-coding,-,-,-,-,20160917,-
1043004,25413883,M436DRAFT_65552,M436DRAFT_65552,-,-,Unknown,-,hypothetical protein,protein-coding,-,-,-,-,20151104,-
1043004,25413884,M436DRAFT_65557,M436DRAFT_65557,-,-,Unknown,-,MFS sugar transporter-like protein,protein-coding,-,-,-,-,20160917,-
1043004,25413885,M436DRAFT_65558,M436DRAFT_65558,-,-,Unknown,-,WD40 repeat-like protein,protein-coding,-,-,-,-,20160917,-
1043004,25413886,M436DRAFT_65564,M436DRAFT_65564,-,-,Unknown,-,glycoside hydrolase,protein-coding,-,-,-,-,20151212,-
1043004,25413887,M436DRAFT_65570,M436DRAFT_65570,-,-,Unknown,-,CSN2 COP9 signalosome complex,protein-coding,-,-,-,-,20160917,-
1043004,25413888,M436DRAFT_65572,M436DRAFT_65572,-,-,Unknown,-,hypothetical protein,protein-coding,-,-,-,-,20151104,-
1043004,25413889,M436DRAFT_65575,M436DRAFT_65575,-,-,Unknown,-,nonsense-mediated mRNA decay factor,protein-coding,-,-,-,-,20160917,-
1043004,25413890,M436DRAFT_65580,M436DRAFT_65580,-,-,Unknown,-,hypothetical protein,protein-coding,-,-,-,-,20151104,-
1043004,25413891,M436DRAFT_65583,M436DRAFT_65583,-,-,Unknown,-,hypothetical protein,protein-coding,-,-,-,-,20160917,-
1043004,25413892,M436DRAFT_65593,M436DRAFT_65593,-,-,Unknown,-,hypothetical protein,protein-coding,-,-,-,-,20160917,-
1043004,25413893,M436DRAFT_65596,M436DRAFT_65596,-,-,Unknown,-,WD40 repeat-like protein,protein-coding,-,-,-,-,20160917,-
1043004,25413894,M436DRAFT_65598,M436DRAFT_65598,-,-,Unknown,-,geranylgeranyl transferase type I beta subunit,protein-coding,-,-,-,-,20160917,-
1043004,25413895,M436DRAFT_65612,M436DRAFT_65612,-,-,Unknown,-,DUF1793-domain-containing protein,protein-coding,-,-,-,-,20160917,-
1043004,25413896,M436DRAFT_65617,M436DRAFT_65617,-,-,Unknown,-,hypothetical protein,protein-coding,-,-,-,-,20160917,-
1043004,25413897,M436DRAFT_65622,M436DRAFT_65622,-,-,Unknown,-,hypothetical protein,protein-coding,-,-,-,-,20151104,-
1043004,25413898,M436DRAFT_65624,M436DRAFT_65624,-,-,Unknown,-,S-adenosyl-L-methionine-dependent methyltransferase,protein-coding,-,-,-,-,20160917,-
1043004,25413899,M436DRAFT_65625,M436DRAFT_65625,-,-,Unknown,-,hypothetical protein,protein-coding,-,-,-,-,20160325,-
1043004,25413900,M436DRAFT_65630,M436DRAFT_65630,-,-,Unknown,-,hypothetical protein,protein-coding,-,-,-,-,20160917,-
1043004,25413901,M436DRAFT_65632,M436DRAFT_65632,-,-,Unknown,-,hypothetical protein,protein-coding,-,-,-,-,20160917,-
1043004,25413902,M436DRAFT_65641,M436DRAFT_65641,-,-,Unknown,-,hypothetical protein,protein-coding,-,-,-,-,20160325,-
1043004,25413903,M436DRAFT_65647,M436DRAFT_65647,-,-,Unknown,-,hypothetical protein,protein-coding,-,-,-,-,20160917,-
1043004,25413904,M436DRAFT_65650,M436DRAFT_65650,-,-,Unknown,-,DnaJ-domain-containing protein,protein-coding,-,-,-,-,20160917,-
1043004,25413905,M436DRAFT_65652,M436DRAFT_65652,-,-,Unknown,-,putative transporter,protein-coding,-,-,-,-,20160917,-
1043004,25413906,M436DRAFT_65653,M436DRAFT_65653,-,-,Unknown,-,PLP-dependent transferase,protein-coding,-,-,-,-,20160917,-
1043004,25413907,M436DRAFT_65656,M436DRAFT_65656,-,-,Unknown,-,NUC189-domain-containing protein,protein-coding,-,-,-,-,20160917,-
1043004,25413908,M436DRAFT_65660,M436DRAFT_65660,-,-,Unknown,-,DUF663-domain-containing protein,protein-coding,-,-,-,-,20160917,-
1043004,25413909,M436DRAFT_65662,M436DRAFT_65662,-,-,Unknown,-,hypothetical protein,protein-coding,-,-,-,-,20151212,-
1043004,25413910,M436DRAFT_65666,M436DRAFT_65666,-,-,Unknown,-,hypothetical protein,protein-coding,-,-,-,-,20151104,-
1043004,25413911,M436DRAFT_65668,M436DRAFT_65668,-,-,Unknown,-,hypothetical protein,protein-coding,-,-,-,-,20151104,-
1043004,25413912,M436DRAFT_65669,M436DRAFT_65669,-,-,Unknown,-,hypothetical protein,protein-coding,-,-,-,-,20160917,-
1043004,25413913,M436DRAFT_65670,M436DRAFT_65670,-,-,Unknown,-,Nitroreductase,protein-coding,-,-,-,-,20151212,-
1043004,25413914,M436DRAFT_65675,M436DRAFT_65675,-,-,Unknown,-,cercosporin toxin biosynthesis protein,protein-coding,-,-,-,-,20160917,-
1043004,25413915,M436DRAFT_65680,M436DRAFT_65680,-,-,Unknown,-,hypothetical protein,protein-coding,-,-,-,-,20151104,-
1043004,25413916,M436DRAFT_65683,M436DRAFT_65683,-,-,Unknown,-,putative glycerophosphoinositol permease,protein-coding,-,-,-,-,20160917,-
1043004,25413917,M436DRAFT_65685,M436DRAFT_65685,-,-,Unknown,-,hypothetical protein,protein-coding,-,-,-,-,20160917,-
1043004,25413918,M436DRAFT_65690,M436DRAFT_65690,-,-,Unknown,-,MFS transporter,protein-coding,-,-,-,-,20151212,-
1043004,25413919,M436DRAFT_65706,M436DRAFT_65706,-,-,Unknown,-,hypothetical protein,protein-coding,-,-,-,-,20151104,-
1043004,25413920,M436DRAFT_65707,M436DRAFT_65707,-,-,Unknown,-,hypothetical protein,protein-coding,-,-,-,-,20160917,-
1043004,25413921,M436DRAFT_65708,M436DRAFT_65708,-,-,Unknown,-,phosphoglycerate mutase-like protein,protein-coding,-,-,-,-,20160917,-
1043004,25413922,M436DRAFT_65734,M436DRAFT_65734,-,-,Unknown,-,N--5-amino-1--4 imidazole carboxamide isomerase,protein-coding,-,-,-,-,20160917,-
1043004,25413923,M436DRAFT_65736,M436DRAFT_65736,-,-,Unknown,-,hypothetical protein,protein-coding,-,-,-,-,20160917,-
1043004,25413924,M436DRAFT_65737,M436DRAFT_65737,-,-,Unknown,-,hypothetical protein,protein-coding,-,-,-,-,20151104,-
1043004,25413925,M436DRAFT_65740,M436DRAFT_65740,-,-,Unknown,-,serine/threonine protein kinase,protein-coding,-,-,-,-,20160917,-
1043004,25413926,M436DRAFT_65746,M436DRAFT_65746,-,-,Unknown,-,hypothetical protein,protein-coding,-,-,-,-,20160917,-
1043004,25413927,M436DRAFT_65748,M436DRAFT_65748,-,-,Unknown,-,hypothetical protein,protein-coding,-,-,-,-,20151104,-
1043004,25413928,M436DRAFT_65751,M436DRAFT_65751,-,-,Unknown,-,hypothetical protein,protein-coding,-,-,-,-,20151104,-
1043004,25413929,M436DRAFT_65769,M436DRAFT_65769,-,-,Unknown,-,putative rhamnogalacturonase,protein-coding,-,-,-,-,20160917,-
1043004,25413930,M436DRAFT_65772,M436DRAFT_65772,-,-,Unknown,-,hypothetical protein,protein-coding,-,-,-,-,20151104,-
1043004,25413931,M436DRAFT_65775,M436DRAFT_65775,-,-,Unknown,-,hypothetical protein,protein-coding,-,-,-,-,20151104,-
1043004,25413932,M436DRAFT_65777,M436DRAFT_65777,-,-,Unknown,-,glutathione S-transferase,protein-coding,-,-,-,-,20160917,-
1043004,25413933,M436DRAFT_65780,M436DRAFT_65780,-,-,Unknown,-,hypothetical protein,protein-coding,-,-,-,-,20160917,-
1043004,25413934,M436DRAFT_65781,M436DRAFT_65781,-,-,Unknown,-,hypothetical protein,protein-coding,-,-,-,-,20151104,-
1043004,25413935,M436DRAFT_65783,M436DRAFT_65783,-,-,Unknown,-,hypothetical protein,protein-coding,-,-,-,-,20151104,-
1043004,25413936,M436DRAFT_65784,M436DRAFT_65784,-,-,Unknown,-,hypothetical protein,protein-coding,-,-,-,-,20151104,-
1043004,25413937,M436DRAFT_65785,M436DRAFT_65785,-,-,Unknown,-,WSC-domain-containing protein,protein-coding,-,-,-,-,20160917,-
1043004,25413938,M436DRAFT_65791,M436DRAFT_65791,-,-,Unknown,-,hypothetical protein,protein-coding,-,-,-,-,20160917,-
1043004,25413939,M436DRAFT_65793,M436DRAFT_65793,-,-,Unknown,-,hypothetical protein,protein-coding,-,-,-,-,20160917,-
1043004,25413940,M436DRAFT_65805,M436DRAFT_65805,-,-,Unknown,-,N-terminal nucleophile aminohydrolase,protein-coding,-,-,-,-,20160917,-
1043004,25413941,M436DRAFT_65808,M436DRAFT_65808,-,-,Unknown,-,hypothetical protein,protein-coding,-,-,-,-,20151104,-
1043004,25413942,M436DRAFT_65810,M436DRAFT_65810,-,-,Unknown,-,hypothetical protein,protein-coding,-,-,-,-,20160325,-
1043004,25413943,M436DRAFT_65812,M436DRAFT_65812,-,-,Unknown,-,hypothetical protein,protein-coding,-,-,-,-,20160917,-
1043004,25413944,M436DRAFT_65827,M436DRAFT_65827,-,-,Unknown,-,hypothetical protein,protein-coding,-,-,-,-,20160917,-
1043004,25413945,M436DRAFT_65835,M436DRAFT_65835,-,-,Unknown,-,hypothetical protein,protein-coding,-,-,-,-,20160917,-
1043004,25413946,M436DRAFT_65837,M436DRAFT_65837,-,-,Unknown,-,"mRNA capping enzyme, alpha subunit",protein-coding,-,-,-,-,20160917,-
1043004,25413947,M436DRAFT_65842,M436DRAFT_65842,-,-,Unknown,-,putative aldolase,protein-coding,-,-,-,-,20160917,-
1043004,25413948,M436DRAFT_65859,M436DRAFT_65859,-,-,Unknown,-,hypothetical protein,protein-coding,-,-,-,-,20151104,-
1043004,25413949,M436DRAFT_65865,M436DRAFT_65865,-,-,Unknown,-,imidazole glycerol phosphate dehydratase,protein-coding,-,-,-,-,20151212,-
1043004,25413950,M436DRAFT_65867,M436DRAFT_65867,-,-,Unknown,-,hypothetical protein,protein-coding,-,-,-,-,20151104,-
1043004,25413951,M436DRAFT_65869,M436DRAFT_65869,-,-,Unknown,-,MFS general substrate transporter,protein-coding,-,-,-,-,20160917,-
1043004,25413952,M436DRAFT_65874,M436DRAFT_65874,-,-,Unknown,-,hypothetical protein,protein-coding,-,-,-,-,20151104,-
1043004,25413953,M436DRAFT_65875,M436DRAFT_65875,-,-,Unknown,-,hypothetical protein,protein-coding,-,-,-,-,20151104,-
1043004,25413954,M436DRAFT_65878,M436DRAFT_65878,-,-,Unknown,-,hypothetical protein,protein-coding,-,-,-,-,20160917,-
1043004,25413955,M436DRAFT_65880,M436DRAFT_65880,-,-,Unknown,-,electron transfer flavo protein subunit beta,protein-coding,-,-,-,-,20160917,-
1043004,25413956,M436DRAFT_65886,M436DRAFT_65886,-,-,Unknown,-,hypothetical protein,protein-coding,-,-,-,-,20160917,-
1043004,25413957,M436DRAFT_65891,M436DRAFT_65891,-,-,Unknown,-,hypothetical protein,protein-coding,-,-,-,-,20151104,-
1043004,25413958,M436DRAFT_65898,M436DRAFT_65898,-,-,Unknown,-,Isy1-like splicing factor,protein-coding,-,-,-,-,20160917,-
1043004,25413959,M436DRAFT_65900,M436DRAFT_65900,-,-,Unknown,-,dolichyl-phosphate beta-glucosyltransferase,protein-coding,-,-,-,-,20151212,-
1043004,25413960,M436DRAFT_65906,M436DRAFT_65906,-,-,Unknown,-,hypothetical protein,protein-coding,-,-,-,-,20151104,-
1043004,25413961,M436DRAFT_65908,M436DRAFT_65908,-,-,Unknown,-,ThrRS/AlaRS common domain-containing protein,protein-coding,-,-,-,-,20160917,-
1043004,25413962,M436DRAFT_65910,M436DRAFT_65910,-,-,Unknown,-,hypothetical protein,protein-coding,-,-,-,-,20160917,-
1043004,25413963,M436DRAFT_65915,M436DRAFT_65915,-,-,Unknown,-,hypothetical protein,protein-coding,-,-,-,-,20151104,-
1043004,25413964,M436DRAFT_65943,M436DRAFT_65943,-,-,Unknown,-,NDUFA12-domain-containing protein,protein-coding,-,-,-,-,20160917,-
1043004,25413965,M436DRAFT_65953,M436DRAFT_65953,-,-,Unknown,-,hypothetical protein,protein-coding,-,-,-,-,20160917,-
1043004,25413966,M436DRAFT_65955,M436DRAFT_65955,-,-,Unknown,-,hypothetical protein,protein-coding,-,-,-,-,20151104,-
1043004,25413967,M436DRAFT_65956,M436DRAFT_65956,-,-,Unknown,-,histone acetyltransferase type B catalytic subunit,protein-coding,-,-,-,-,20160917,-
1043004,25413968,M436DRAFT_65967,M436DRAFT_65967,-,-,Unknown,-,hypothetical protein,protein-coding,-,-,-,-,20160325,-
1043004,25413969,M436DRAFT_65970,M436DRAFT_65970,-,-,Unknown,-,hypothetical protein,protein-coding,-,-,-,-,20160917,-
1043004,25413970,M436DRAFT_65975,M436DRAFT_65975,-,-,Unknown,-,aspartyl-tRNA synthetase,protein-coding,-,-,-,-,20151212,-
1043004,25413971,M436DRAFT_65978,M436DRAFT_65978,-,-,Unknown,-,kinase-like protein,protein-coding,-,-,-,-,20160917,-
1043004,25413972,M436DRAFT_65983,M436DRAFT_65983,-,-,Unknown,-,FACT complex protein,protein-coding,-,-,-,-,20160917,-
1043004,25413973,M436DRAFT_65992,M436DRAFT_65992,-,-,Unknown,-,hypothetical protein,protein-coding,-,-,-,-,20151104,-
1043004,25413974,M436DRAFT_65997,M436DRAFT_65997,-,-,Unknown,-,hypothetical protein,protein-coding,-,-,-,-,20151104,-
1043004,25413975,M436DRAFT_66000,M436DRAFT_66000,-,-,Unknown,-,Thiamin diphosphate-binding protein,protein-coding,-,-,-,-,20160917,-
1043004,25413976,M436DRAFT_66002,M436DRAFT_66002,-,-,Unknown,-,hypothetical protein,protein-coding,-,-,-,-,20151104,-
1043004,25413977,M436DRAFT_66012,M436DRAFT_66012,-,-,Unknown,-,mitochondrial fission 1 protein,protein-coding,-,-,-,-,20151212,-
1043004,25413978,M436DRAFT_66015,M436DRAFT_66015,-,-,Unknown,-,hypothetical protein,protein-coding,-,-,-,-,20160917,-
1043004,25413979,M436DRAFT_66019,M436DRAFT_66019,-,-,Unknown,-,hypothetical protein,protein-coding,-,-,-,-,20151104,-
1043004,25413980,M436DRAFT_66030,M436DRAFT_66030,-,-,Unknown,-,hypothetical protein,protein-coding,-,-,-,-,20160917,-
1043004,25413981,M436DRAFT_66033,M436DRAFT_66033,-,-,Unknown,-,arsenate resistance ArsH,protein-coding,-,-,-,-,20160917,-
1043004,25413982,M436DRAFT_66038,M436DRAFT_66038,-,-,Unknown,-,NAD(P)-binding protein,protein-coding,-,-,-,-,20160325,-
1043004,25413983,M436DRAFT_66039,M436DRAFT_66039,-,-,Unknown,-,hypothetical protein,protein-coding,-,-,-,-,20151104,-
1043004,25413984,M436DRAFT_66051,M436DRAFT_66051,-,-,Unknown,-,hypothetical protein,protein-coding,-,-,-,-,20151104,-
1043004,25413985,M436DRAFT_66052,M436DRAFT_66052,-,-,Unknown,-,hypothetical protein,protein-coding,-,-,-,-,20160325,-
1043004,25413986,M436DRAFT_66061,M436DRAFT_66061,-,-,Unknown,-,hypothetical protein,protein-coding,-,-,-,-,20160917,-
1043004,25413987,M436DRAFT_66069,M436DRAFT_66069,-,-,Unknown,-,translation initiation factor eIF-3b,protein-coding,-,-,-,-,20160917,-
1043004,25413988,M436DRAFT_66081,M436DRAFT_66081,-,-,Unknown,-,hypothetical protein,protein-coding,-,-,-,-,20151212,-
1043004,25413989,M436DRAFT_66085,M436DRAFT_66085,-,-,Unknown,-,Cloroperoxidase,protein-coding,-,-,-,-,20160917,-
1043004,25413990,M436DRAFT_66086,M436DRAFT_66086,-,-,Unknown,-,hypothetical protein,protein-coding,-,-,-,-,20160917,-
1043004,25413991,M436DRAFT_66090,M436DRAFT_66090,-,-,Unknown,-,hypothetical protein,protein-coding,-,-,-,-,20151104,-
1043004,25413992,M436DRAFT_66103,M436DRAFT_66103,-,-,Unknown,-,hypothetical protein,protein-coding,-,-,-,-,20151104,-
1043004,25413993,M436DRAFT_66104,M436DRAFT_66104,-,-,Unknown,-,hypothetical protein,protein-coding,-,-,-,-,20151104,-
1043004,25413994,M436DRAFT_66107,M436DRAFT_66107,-,-,Unknown,-,hypothetical protein,protein-coding,-,-,-,-,20151104,-
1043004,25413995,M436DRAFT_66108,M436DRAFT_66108,-,-,Unknown,-,hypothetical protein,protein-coding,-,-,-,-,20160917,-
1043004,25413996,M436DRAFT_66121,M436DRAFT_66121,-,-,Unknown,-,hypothetical protein,protein-coding,-,-,-,-,20151104,-
1043004,25413997,M436DRAFT_66127,M436DRAFT_66127,-,-,Unknown,-,hypothetical protein,protein-coding,-,-,-,-,20160917,-
1043004,25413998,M436DRAFT_66136,M436DRAFT_66136,-,-,Unknown,-,hypothetical protein,protein-coding,-,-,-,-,20151104,-
1043004,25413999,M436DRAFT_66143,M436DRAFT_66143,-,-,Unknown,-,L30e-like protein,protein-coding,-,-,-,-,20210424,-
1043004,25414000,M436DRAFT_66157,M436DRAFT_66157,-,-,Unknown,-,putative proline oxidase Put1,protein-coding,-,-,-,-,20160917,-
1043004,25414001,M436DRAFT_66163,M436DRAFT_66163,-,-,Unknown,-,hypothetical protein,protein-coding,-,-,-,-,20151104,-
1043004,25414002,M436DRAFT_66165,M436DRAFT_66165,-,-,Unknown,-,hypothetical protein,protein-coding,-,-,-,-,20151104,-
1043004,25414003,M436DRAFT_66176,M436DRAFT_66176,-,-,Unknown,-,hypothetical protein,protein-coding,-,-,-,-,20151104,-
1043004,25414004,M436DRAFT_66180,M436DRAFT_66180,-,-,Unknown,-,hypothetical protein,protein-coding,-,-,-,-,20151212,-
1043004,25414005,M436DRAFT_66183,M436DRAFT_66183,-,-,Unknown,-,Zn-dependent exopeptidase,protein-coding,-,-,-,-,20160325,-
1043004,25414006,M436DRAFT_66185,M436DRAFT_66185,-,-,Unknown,-,60S ribosomal protein L11,protein-coding,-,-,-,-,20160917,-
1043004,25414007,M436DRAFT_66205,M436DRAFT_66205,-,-,Unknown,-,hypothetical protein,protein-coding,-,-,-,-,20151104,-
1043004,25414008,M436DRAFT_66233,M436DRAFT_66233,-,-,Unknown,-,permease of the major facilitator superfamily,protein-coding,-,-,-,-,20160917,-
1043004,25414009,M436DRAFT_66234,M436DRAFT_66234,-,-,Unknown,-,hypothetical protein,protein-coding,-,-,-,-,20151104,-
1043004,25414010,M436DRAFT_66242,M436DRAFT_66242,-,-,Unknown,-,ribosomal protein S10,protein-coding,-,-,-,-,20160917,-
1043004,25414011,M436DRAFT_66256,M436DRAFT_66256,-,-,Unknown,-,hypothetical protein,protein-coding,-,-,-,-,20151212,-
1043004,25414012,M436DRAFT_66257,M436DRAFT_66257,-,-,Unknown,-,MFS general substrate transporter,protein-coding,-,-,-,-,20151104,-
1043004,25414013,M436DRAFT_66262,M436DRAFT_66262,-,-,Unknown,-,putative uridine permease,protein-coding,-,-,-,-,20160917,-
1043004,25414014,M436DRAFT_66265,M436DRAFT_66265,-,-,Unknown,-,hypothetical protein,protein-coding,-,-,-,-,20151104,-
1043004,25414015,M436DRAFT_66266,M436DRAFT_66266,-,-,Unknown,-,putative splicing factor 3B subunit 3,protein-coding,-,-,-,-,20160917,-
1043004,25414016,M436DRAFT_66269,M436DRAFT_66269,-,-,Unknown,-,acid sphingomyelinase,protein-coding,-,-,-,-,20160917,-
1043004,25414017,M436DRAFT_66274,M436DRAFT_66274,-,-,Unknown,-,hypothetical protein,protein-coding,-,-,-,-,20151104,-
1043004,25414018,M436DRAFT_66275,M436DRAFT_66275,-,-,Unknown,-,hypothetical protein,protein-coding,-,-,-,-,20151104,-
1043004,25414019,M436DRAFT_66279,M436DRAFT_66279,-,-,Unknown,-,hypothetical protein,protein-coding,-,-,-,-,20151104,-
1043004,25414020,M436DRAFT_66280,M436DRAFT_66280,-,-,Unknown,-,hypothetical protein,protein-coding,-,-,-,-,20160917,-
1043004,25414021,M436DRAFT_66285,M436DRAFT_66285,-,-,Unknown,-,hypothetical protein,protein-coding,-,-,-,-,20160917,-
1043004,25414022,M436DRAFT_66293,M436DRAFT_66293,-,-,Unknown,-,hypothetical protein,protein-coding,-,-,-,-,20160917,-
1043004,25414023,M436DRAFT_66298,M436DRAFT_66298,-,-,Unknown,-,hypothetical protein,protein-coding,-,-,-,-,20160917,-
1043004,25414024,M436DRAFT_66306,M436DRAFT_66306,-,-,Unknown,-,ABC1-domain-containing protein,protein-coding,-,-,-,-,20151212,-
1043004,25414025,M436DRAFT_66312,M436DRAFT_66312,-,-,Unknown,-,cytochrome P450,protein-coding,-,-,-,-,20160917,-
1043004,25414026,M436DRAFT_66313,M436DRAFT_66313,-,-,Unknown,-,hypothetical protein,protein-coding,-,-,-,-,20151212,-
1043004,25414027,M436DRAFT_66315,M436DRAFT_66315,-,-,Unknown,-,long-chain fatty alcohol dehydrogenase,protein-coding,-,-,-,-,20160917,-
1043004,25414028,M436DRAFT_66319,M436DRAFT_66319,-,-,Unknown,-,ribosomal protein L22,protein-coding,-,-,-,-,20160917,-
1043004,25414029,M436DRAFT_66320,M436DRAFT_66320,-,-,Unknown,-,Fibrillarin,protein-coding,-,-,-,-,20151212,-
1043004,25414030,M436DRAFT_66322,M436DRAFT_66322,-,-,Unknown,-,acid protease,protein-coding,-,-,-,-,20160917,-
1043004,25414031,M436DRAFT_66323,M436DRAFT_66323,-,-,Unknown,-,hypothetical protein,protein-coding,-,-,-,-,20160917,-
1043004,25414032,M436DRAFT_66325,M436DRAFT_66325,-,-,Unknown,-,hypothetical protein,protein-coding,-,-,-,-,20151104,-
1043004,25414033,M436DRAFT_66334,M436DRAFT_66334,-,-,Unknown,-,prephenate dehydrogenase,protein-coding,-,-,-,-,20160917,-
1043004,25414034,M436DRAFT_66347,M436DRAFT_66347,-,-,Unknown,-,hypothetical protein,protein-coding,-,-,-,-,20160917,-
1043004,25414035,M436DRAFT_66356,M436DRAFT_66356,-,-,Unknown,-,hypothetical protein,protein-coding,-,-,-,-,20151104,-
1043004,25414036,M436DRAFT_66357,M436DRAFT_66357,-,-,Unknown,-,hydroxymethylglutaryl-CoA synthase,protein-coding,-,-,-,-,20160917,-
1043004,25414037,M436DRAFT_66359,M436DRAFT_66359,-,-,Unknown,-,hypothetical protein,protein-coding,-,-,-,-,20160917,-
1043004,25414038,M436DRAFT_66362,M436DRAFT_66362,-,-,Unknown,-,hypothetical protein,protein-coding,-,-,-,-,20151104,-
1043004,25414039,M436DRAFT_66365,M436DRAFT_66365,-,-,Unknown,-,hypothetical protein,protein-coding,-,-,-,-,20151104,-
1043004,25414040,M436DRAFT_66377,M436DRAFT_66377,-,-,Unknown,-,hypothetical protein,protein-coding,-,-,-,-,20151104,-
1043004,25414041,M436DRAFT_66378,M436DRAFT_66378,-,-,Unknown,-,1-alkyl-2-acetylglycerophosphocholine esterase,protein-coding,-,-,-,-,20160917,-
1043004,25414042,M436DRAFT_66382,M436DRAFT_66382,-,-,Unknown,-,hypothetical protein,protein-coding,-,-,-,-,20160917,-
1043004,25414043,M436DRAFT_66384,M436DRAFT_66384,-,-,Unknown,-,hypothetical protein,protein-coding,-,-,-,-,20160917,-
1043004,25414044,M436DRAFT_66391,M436DRAFT_66391,-,-,Unknown,-,hypothetical protein,protein-coding,-,-,-,-,20151104,-
1043004,25414045,M436DRAFT_66397,M436DRAFT_66397,-,-,Unknown,-,hypothetical protein,protein-coding,-,-,-,-,20151104,-
1043004,25414046,M436DRAFT_66398,M436DRAFT_66398,-,-,Unknown,-,hypothetical protein,protein-coding,-,-,-,-,20151104,-
1043004,25414047,M436DRAFT_66407,M436DRAFT_66407,-,-,Unknown,-,arad-like aldolase/epimerase,protein-coding,-,-,-,-,20160917,-
1043004,25414048,M436DRAFT_66430,M436DRAFT_66430,-,-,Unknown,-,Rap30/74 interaction domain-containing protein,protein-coding,-,-,-,-,20160325,-
1043004,25414049,M436DRAFT_66453,M436DRAFT_66453,-,-,Unknown,-,hypothetical protein,protein-coding,-,-,-,-,20160917,-
1043004,25414050,M436DRAFT_66466,M436DRAFT_66466,-,-,Unknown,-,hypothetical protein,protein-coding,-,-,-,-,20151104,-
1043004,25414051,M436DRAFT_66468,M436DRAFT_66468,-,-,Unknown,-,hypothetical protein,protein-coding,-,-,-,-,20151104,-
1043004,25414052,M436DRAFT_66470,M436DRAFT_66470,-,-,Unknown,-,alcohol dehydrogenase,protein-coding,-,-,-,-,20151212,-
1043004,25414053,M436DRAFT_66478,M436DRAFT_66478,-,-,Unknown,-,Di-copper centre-containing protein,protein-coding,-,-,-,-,20160917,-
1043004,25414054,M436DRAFT_66482,M436DRAFT_66482,-,-,Unknown,-,hypothetical protein,protein-coding,-,-,-,-,20151104,-
1043004,25414055,M436DRAFT_66486,M436DRAFT_66486,-,-,Unknown,-,hypothetical protein,protein-coding,-,-,-,-,20160917,-
1043004,25414056,M436DRAFT_66488,M436DRAFT_66488,-,-,Unknown,-,NAD(P)-binding protein,protein-coding,-,-,-,-,20160917,-
1043004,25414057,M436DRAFT_66492,M436DRAFT_66492,-,-,Unknown,-,hypothetical protein,protein-coding,-,-,-,-,20151104,-
1043004,25414058,M436DRAFT_66498,M436DRAFT_66498,-,-,Unknown,-,hypothetical protein,protein-coding,-,-,-,-,20160917,-
1043004,25414059,M436DRAFT_66507,M436DRAFT_66507,-,-,Unknown,-,hypothetical protein,protein-coding,-,-,-,-,20151212,-
1043004,25414060,M436DRAFT_66512,M436DRAFT_66512,-,-,Unknown,-,NAD(P)-binding protein,protein-coding,-,-,-,-,20160917,-
1043004,25414061,M436DRAFT_66516,M436DRAFT_66516,-,-,Unknown,-,Cullin-domain-containing protein,protein-coding,-,-,-,-,20160917,-
1043004,25414062,M436DRAFT_66517,M436DRAFT_66517,-,-,Unknown,-,kinesin,protein-coding,-,-,-,-,20151212,-
1043004,25414063,M436DRAFT_66518,M436DRAFT_66518,-,-,Unknown,-,putative ubiquitin conjugating enzyme,protein-coding,-,-,-,-,20191025,-
1043004,25414064,M436DRAFT_66520,M436DRAFT_66520,-,-,Unknown,-,hypothetical protein,protein-coding,-,-,-,-,20151104,-
1043004,25414065,M436DRAFT_66525,M436DRAFT_66525,-,-,Unknown,-,hypothetical protein,protein-coding,-,-,-,-,20151104,-
1043004,25414066,M436DRAFT_66527,M436DRAFT_66527,-,-,Unknown,-,hypothetical protein,protein-coding,-,-,-,-,20151104,-
1043004,25414067,M436DRAFT_66529,M436DRAFT_66529,-,-,Unknown,-,hypothetical protein,protein-coding,-,-,-,-,20151104,-
1043004,25414068,M436DRAFT_66534,M436DRAFT_66534,-,-,Unknown,-,oligosaccharide translocation protein RFT1,protein-coding,-,-,-,-,20160917,-
1043004,25414069,M436DRAFT_66559,M436DRAFT_66559,-,-,Unknown,-,hypothetical protein,protein-coding,-,-,-,-,20160917,-
1043004,25414070,M436DRAFT_66561,M436DRAFT_66561,-,-,Unknown,-,hypothetical protein,protein-coding,-,-,-,-,20160917,-
1043004,25414071,M436DRAFT_66564,M436DRAFT_66564,-,-,Unknown,-,hypothetical protein,protein-coding,-,-,-,-,20160917,-
1043004,25414072,M436DRAFT_66578,M436DRAFT_66578,-,-,Unknown,-,hypothetical protein,protein-coding,-,-,-,-,20160917,-
1043004,25414073,M436DRAFT_66591,M436DRAFT_66591,-,-,Unknown,-,hypothetical protein,protein-coding,-,-,-,-,20160917,-
1043004,25414074,M436DRAFT_66595,M436DRAFT_66595,-,-,Unknown,-,hypothetical protein,protein-coding,-,-,-,-,20160917,-
1043004,25414075,M436DRAFT_66598,M436DRAFT_66598,-,-,Unknown,-,hypothetical protein,protein-coding,-,-,-,-,20160917,-
1043004,25414076,M436DRAFT_66611,M436DRAFT_66611,-,-,Unknown,-,beta tubulin,protein-coding,-,-,-,-,20151212,-
1043004,25414077,M436DRAFT_66615,M436DRAFT_66615,-,-,Unknown,-,putative T-complex protein 1 subunit alpha,protein-coding,-,-,-,-,20160917,-
1043004,25414078,M436DRAFT_66618,M436DRAFT_66618,-,-,Unknown,-,hypothetical protein,protein-coding,-,-,-,-,20151104,-
1043004,25414079,M436DRAFT_66633,M436DRAFT_66633,-,-,Unknown,-,hypothetical protein,protein-coding,-,-,-,-,20151104,-
1043004,25414080,M436DRAFT_66653,M436DRAFT_66653,-,-,Unknown,-,hypothetical protein,protein-coding,-,-,-,-,20151104,-
1043004,25414081,M436DRAFT_66656,M436DRAFT_66656,-,-,Unknown,-,amidase,protein-coding,-,-,-,-,20160917,-
1043004,25414082,M436DRAFT_66658,M436DRAFT_66658,-,-,Unknown,-,cytochrome P450,protein-coding,-,-,-,-,20160917,-
1043004,25414083,M436DRAFT_66659,M436DRAFT_66659,-,-,Unknown,-,hypothetical protein,protein-coding,-,-,-,-,20160917,-
1043004,25414084,M436DRAFT_66662,M436DRAFT_66662,-,-,Unknown,-,hypothetical protein,protein-coding,-,-,-,-,20151104,-
1043004,25414085,M436DRAFT_66663,M436DRAFT_66663,-,-,Unknown,-,hypothetical protein,protein-coding,-,-,-,-,20151104,-
1043004,25414086,M436DRAFT_66666,M436DRAFT_66666,-,-,Unknown,-,hypothetical protein,protein-coding,-,-,-,-,20151104,-
1043004,25414087,M436DRAFT_66670,M436DRAFT_66670,-,-,Unknown,-,serine/threonine specific protein phosphatase,protein-coding,-,-,-,-,20151212,-
1043004,25414088,M436DRAFT_66671,M436DRAFT_66671,-,-,Unknown,-,hypothetical protein,protein-coding,-,-,-,-,20160917,-
1043004,25414089,M436DRAFT_66677,M436DRAFT_66677,-,-,Unknown,-,putative MFS multidrug transporter,protein-coding,-,-,-,-,20160917,-
1043004,25414090,M436DRAFT_66682,M436DRAFT_66682,-,-,Unknown,-,hypothetical protein,protein-coding,-,-,-,-,20151104,-
1043004,25414091,M436DRAFT_66687,M436DRAFT_66687,-,-,Unknown,-,hypothetical protein,protein-coding,-,-,-,-,20160917,-
1043004,25414092,M436DRAFT_66691,M436DRAFT_66691,-,-,Unknown,-,hypothetical protein,protein-coding,-,-,-,-,20160917,-
1043004,25414093,M436DRAFT_66692,M436DRAFT_66692,-,-,Unknown,-,hypothetical protein,protein-coding,-,-,-,-,20160917,-
1043004,25414094,M436DRAFT_66694,M436DRAFT_66694,-,-,Unknown,-,hypothetical protein,protein-coding,-,-,-,-,20160917,-
1043004,25414095,M436DRAFT_66715,M436DRAFT_66715,-,-,Unknown,-,hypothetical protein,protein-coding,-,-,-,-,20151212,-
1043004,25414096,M436DRAFT_66718,M436DRAFT_66718,-,-,Unknown,-,hypothetical protein,protein-coding,-,-,-,-,20151104,-
1043004,25414097,M436DRAFT_66720,M436DRAFT_66720,-,-,Unknown,-,hypothetical protein,protein-coding,-,-,-,-,20151104,-
1043004,25414098,M436DRAFT_66721,M436DRAFT_66721,-,-,Unknown,-,hypothetical protein,protein-coding,-,-,-,-,20151104,-
1043004,25414099,M436DRAFT_66722,M436DRAFT_66722,-,-,Unknown,-,hypothetical protein,protein-coding,-,-,-,-,20160917,-
1043004,25414100,M436DRAFT_66730,M436DRAFT_66730,-,-,Unknown,-,calnexin-like protein,protein-coding,-,-,-,-,20160917,-
1043004,25414101,M436DRAFT_66740,M436DRAFT_66740,-,-,Unknown,-,S-adenosyl-L-methionine-dependent methyltransferase,protein-coding,-,-,-,-,20160917,-
1043004,25414102,M436DRAFT_66741,M436DRAFT_66741,-,-,Unknown,-,hypothetical protein,protein-coding,-,-,-,-,20151104,-
1043004,25414103,M436DRAFT_66744,M436DRAFT_66744,-,-,Unknown,-,hypothetical protein,protein-coding,-,-,-,-,20151104,-
1043004,25414104,M436DRAFT_66748,M436DRAFT_66748,-,-,Unknown,-,1-aminocyclopropane-1-carboxylate deaminase,protein-coding,-,-,-,-,20160917,-
1043004,25414105,M436DRAFT_66752,M436DRAFT_66752,-,-,Unknown,-,hypothetical protein,protein-coding,-,-,-,-,20160917,-
1043004,25414106,M436DRAFT_66753,M436DRAFT_66753,-,-,Unknown,-,hypothetical protein,protein-coding,-,-,-,-,20151104,-
1043004,25414107,M436DRAFT_66754,M436DRAFT_66754,-,-,Unknown,-,carbon-nitrogen hydrolase,protein-coding,-,-,-,-,20151212,-
1043004,25414108,M436DRAFT_66757,M436DRAFT_66757,-,-,Unknown,-,hypothetical protein,protein-coding,-,-,-,-,20160325,-
1043004,25414109,M436DRAFT_66775,M436DRAFT_66775,-,-,Unknown,-,hypothetical protein,protein-coding,-,-,-,-,20160917,-
1043004,25414110,M436DRAFT_66777,M436DRAFT_66777,-,-,Unknown,-,hypothetical protein,protein-coding,-,-,-,-,20151104,-
1043004,25414111,M436DRAFT_66779,M436DRAFT_66779,-,-,Unknown,-,"PGX, glycoside hydrolase family 28 protein",protein-coding,-,-,-,-,20160917,-
1043004,25414112,M436DRAFT_66781,M436DRAFT_66781,-,-,Unknown,-,hypothetical protein,protein-coding,-,-,-,-,20160917,-
1043004,25414113,M436DRAFT_66792,M436DRAFT_66792,-,-,Unknown,-,hypothetical protein,protein-coding,-,-,-,-,20151104,-
1043004,25414114,M436DRAFT_66802,M436DRAFT_66802,-,-,Unknown,-,hypothetical protein,protein-coding,-,-,-,-,20160325,-
1043004,25414115,M436DRAFT_66806,M436DRAFT_66806,-,-,Unknown,-,transcription factor Tfb2,protein-coding,-,-,-,-,20160917,-
1043004,25414116,M436DRAFT_66818,M436DRAFT_66818,-,-,Unknown,-,hypothetical protein,protein-coding,-,-,-,-,20151104,-
1043004,25414117,M436DRAFT_66820,M436DRAFT_66820,-,-,Unknown,-,hypothetical protein,protein-coding,-,-,-,-,20151104,-
1043004,25414118,M436DRAFT_66828,M436DRAFT_66828,-,-,Unknown,-,hypothetical protein,protein-coding,-,-,-,-,20160917,-
1043004,25414119,M436DRAFT_66831,M436DRAFT_66831,-,-,Unknown,-,oxalate decarboxylase family bicupin,protein-coding,-,-,-,-,20151212,-
1043004,25414120,M436DRAFT_66837,M436DRAFT_66837,-,-,Unknown,-,hypothetical protein,protein-coding,-,-,-,-,20151104,-
1043004,25414121,M436DRAFT_66838,M436DRAFT_66838,-,-,Unknown,-,hypothetical protein,protein-coding,-,-,-,-,20151104,-
1043004,25414122,M436DRAFT_66843,M436DRAFT_66843,-,-,Unknown,-,hypothetical protein,protein-coding,-,-,-,-,20151104,-
1043004,25414123,M436DRAFT_66844,M436DRAFT_66844,-,-,Unknown,-,hypothetical protein,protein-coding,-,-,-,-,20151104,-
1043004,25414124,M436DRAFT_66846,M436DRAFT_66846,-,-,Unknown,-,multidrug resistance-like protein,protein-coding,-,-,-,-,20160917,-
1043004,25414125,M436DRAFT_66850,M436DRAFT_66850,-,-,Unknown,-,hypothetical protein,protein-coding,-,-,-,-,20151104,-
1043004,25414126,M436DRAFT_66893,M436DRAFT_66893,-,-,Unknown,-,putative ubiquitin-conjugating enzyme E2 W,protein-coding,-,-,-,-,20151212,-
1043004,25414127,M436DRAFT_66897,M436DRAFT_66897,-,-,Unknown,-,FMN-dependent alpha-hydroxy acid dehydrogenase,protein-coding,-,-,-,-,20160917,-
1043004,25414128,M436DRAFT_66898,M436DRAFT_66898,-,-,Unknown,-,hypothetical protein,protein-coding,-,-,-,-,20160325,-
1043004,25414129,M436DRAFT_66904,M436DRAFT_66904,-,-,Unknown,-,hypothetical protein,protein-coding,-,-,-,-,20160917,-
1043004,25414130,M436DRAFT_66905,M436DRAFT_66905,-,-,Unknown,-,ubiquitin carboxyl-terminal hydrolase,protein-coding,-,-,-,-,20151212,-
1043004,25414131,M436DRAFT_66909,M436DRAFT_66909,-,-,Unknown,-,hypothetical protein,protein-coding,-,-,-,-,20160917,-
1043004,25414132,M436DRAFT_66912,M436DRAFT_66912,-,-,Unknown,-,hypothetical protein,protein-coding,-,-,-,-,20151104,-
1043004,25414133,M436DRAFT_66913,M436DRAFT_66913,-,-,Unknown,-,hypothetical protein,protein-coding,-,-,-,-,20160917,-
1043004,25414134,M436DRAFT_66915,M436DRAFT_66915,-,-,Unknown,-,hypothetical protein,protein-coding,-,-,-,-,20160325,-
1043004,25414135,M436DRAFT_66918,M436DRAFT_66918,-,-,Unknown,-,hypothetical protein,protein-coding,-,-,-,-,20151104,-
1043004,25414136,M436DRAFT_66920,M436DRAFT_66920,-,-,Unknown,-,hypothetical protein,protein-coding,-,-,-,-,20151104,-
1043004,25414137,M436DRAFT_66926,M436DRAFT_66926,-,-,Unknown,-,alpha/beta-hydrolase,protein-coding,-,-,-,-,20160917,-
1043004,25414138,M436DRAFT_66927,M436DRAFT_66927,-,-,Unknown,-,hypothetical protein,protein-coding,-,-,-,-,20160917,-
1043004,25414139,M436DRAFT_66946,M436DRAFT_66946,-,-,Unknown,-,NMT1-domain-containing protein,protein-coding,-,-,-,-,20160917,-
1043004,25414140,M436DRAFT_66948,M436DRAFT_66948,-,-,Unknown,-,hypothetical protein,protein-coding,-,-,-,-,20160917,-
1043004,25414141,M436DRAFT_66953,M436DRAFT_66953,-,-,Unknown,-,hypothetical protein,protein-coding,-,-,-,-,20160917,-
1043004,25414142,M436DRAFT_66958,M436DRAFT_66958,-,-,Unknown,-,hypothetical protein,protein-coding,-,-,-,-,20151104,-
1043004,25414143,M436DRAFT_66959,M436DRAFT_66959,-,-,Unknown,-,hypothetical protein,protein-coding,-,-,-,-,20151104,-
1043004,25414144,M436DRAFT_66972,M436DRAFT_66972,-,-,Unknown,-,NUC173-domain-containing protein,protein-coding,-,-,-,-,20160917,-
1043004,25414145,M436DRAFT_66982,M436DRAFT_66982,-,-,Unknown,-,hypothetical protein,protein-coding,-,-,-,-,20151104,-
1043004,25414146,M436DRAFT_66990,M436DRAFT_66990,-,-,Unknown,-,hypothetical protein,protein-coding,-,-,-,-,20151104,-
1043004,25414147,M436DRAFT_67002,M436DRAFT_67002,-,-,Unknown,-,hypothetical protein,protein-coding,-,-,-,-,20160917,-
1043004,25414148,M436DRAFT_67003,M436DRAFT_67003,-,-,Unknown,-,putative aspartate aminotransferase,protein-coding,-,-,-,-,20160917,-
1043004,25414149,M436DRAFT_67004,M436DRAFT_67004,-,-,Unknown,-,histidine containing phosphotransmitter protein,protein-coding,-,-,-,-,20151212,-
1043004,25414150,M436DRAFT_67005,M436DRAFT_67005,-,-,Unknown,-,"putative alpha-1,6-mannosyltransferase subunit",protein-coding,-,-,-,-,20160917,-
1043004,25414151,M436DRAFT_67014,M436DRAFT_67014,-,-,Unknown,-,hypothetical protein,protein-coding,-,-,-,-,20160325,-
1043004,25414152,M436DRAFT_67018,M436DRAFT_67018,-,-,Unknown,-,hypothetical protein,protein-coding,-,-,-,-,20151104,-
1043004,25414153,M436DRAFT_67035,M436DRAFT_67035,-,-,Unknown,-,beta-glucan synthesis-associated,protein-coding,-,-,-,-,20160917,-
1043004,25414154,M436DRAFT_67041,M436DRAFT_67041,-,-,Unknown,-,NAD(P)-binding protein,protein-coding,-,-,-,-,20160917,-
1043004,25414155,M436DRAFT_67050,M436DRAFT_67050,-,-,Unknown,-,DUF1751-domain-containing protein,protein-coding,-,-,-,-,20160917,-
1043004,25414156,M436DRAFT_67053,M436DRAFT_67053,-,-,Unknown,-,hypothetical protein,protein-coding,-,-,-,-,20151104,-
1043004,25414157,M436DRAFT_67055,M436DRAFT_67055,-,-,Unknown,-,EF-hand,protein-coding,-,-,-,-,20160917,-
1043004,25414158,M436DRAFT_67065,M436DRAFT_67065,-,-,Unknown,-,phosphoribosyl diphosphate synthase,protein-coding,-,-,-,-,20160917,-
1043004,25414159,M436DRAFT_67071,M436DRAFT_67071,-,-,Unknown,-,eukaryotic type KH-domain (KH-domain type I),protein-coding,-,-,-,-,20151212,-
1043004,25414160,M436DRAFT_67078,M436DRAFT_67078,-,-,Unknown,-,alkaline phosphatase-like protein,protein-coding,-,-,-,-,20160917,-
1043004,25414161,M436DRAFT_67084,M436DRAFT_67084,-,-,Unknown,-,hypothetical protein,protein-coding,-,-,-,-,20151104,-
1043004,25414162,M436DRAFT_67085,M436DRAFT_67085,-,-,Unknown,-,hypothetical protein,protein-coding,-,-,-,-,20151212,-
1043004,25414163,M436DRAFT_67088,M436DRAFT_67088,-,-,Unknown,-,alpha/beta hydrolase-like protein,protein-coding,-,-,-,-,20160917,-
1043004,25414164,M436DRAFT_67099,M436DRAFT_67099,-,-,Unknown,-,hypothetical protein,protein-coding,-,-,-,-,20151104,-
1043004,25414165,M436DRAFT_67104,M436DRAFT_67104,-,-,Unknown,-,Sodium/hydrogen exchanger,protein-coding,-,-,-,-,20151212,-
1043004,25414166,M436DRAFT_67105,M436DRAFT_67105,-,-,Unknown,-,hypothetical protein,protein-coding,-,-,-,-,20160917,-
1043004,25414167,M436DRAFT_67111,M436DRAFT_67111,-,-,Unknown,-,aldo/keto reductase family protein,protein-coding,-,-,-,-,20160917,-
1043004,25414168,M436DRAFT_67114,M436DRAFT_67114,-,-,Unknown,-,hypothetical protein,protein-coding,-,-,-,-,20160917,-
1043004,25414169,M436DRAFT_67127,M436DRAFT_67127,-,-,Unknown,-,hypothetical protein,protein-coding,-,-,-,-,20151104,-
1043004,25414170,M436DRAFT_67135,M436DRAFT_67135,-,-,Unknown,-,hypothetical protein,protein-coding,-,-,-,-,20151104,-
1043004,25414171,M436DRAFT_67138,M436DRAFT_67138,-,-,Unknown,-,hypothetical protein,protein-coding,-,-,-,-,20160325,-
1043004,25414172,M436DRAFT_67139,M436DRAFT_67139,-,-,Unknown,-,hypothetical protein,protein-coding,-,-,-,-,20151104,-
1043004,25414173,M436DRAFT_67140,M436DRAFT_67140,-,-,Unknown,-,hypothetical protein,protein-coding,-,-,-,-,20160917,-
1043004,25414174,M436DRAFT_67141,M436DRAFT_67141,-,-,Unknown,-,GDP-fucose transporter-like protein,protein-coding,-,-,-,-,20160917,-
1043004,25414175,M436DRAFT_67153,M436DRAFT_67153,-,-,Unknown,-,dihydrolipoamide succinyltransferase,protein-coding,-,-,-,-,20160917,-
1043004,25414176,M436DRAFT_67171,M436DRAFT_67171,-,-,Unknown,-,hypothetical protein,protein-coding,-,-,-,-,20160917,-
1043004,25414177,M436DRAFT_67176,M436DRAFT_67176,-,-,Unknown,-,hypothetical protein,protein-coding,-,-,-,-,20160917,-
1043004,25414178,M436DRAFT_67179,M436DRAFT_67179,-,-,Unknown,-,hypothetical protein,protein-coding,-,-,-,-,20151104,-
1043004,25414179,M436DRAFT_67186,M436DRAFT_67186,-,-,Unknown,-,hypothetical protein,protein-coding,-,-,-,-,20151212,-
1043004,25414180,M436DRAFT_67188,M436DRAFT_67188,-,-,Unknown,-,hypothetical protein,protein-coding,-,-,-,-,20151104,-
1043004,25414181,M436DRAFT_67189,M436DRAFT_67189,-,-,Unknown,-,hypothetical protein,protein-coding,-,-,-,-,20151104,-
1043004,25414182,M436DRAFT_67195,M436DRAFT_67195,-,-,Unknown,-,hypothetical protein,protein-coding,-,-,-,-,20151104,-
1043004,25414183,M436DRAFT_67202,M436DRAFT_67202,-,-,Unknown,-,hypothetical protein,protein-coding,-,-,-,-,20151104,-
1043004,25414184,M436DRAFT_67204,M436DRAFT_67204,-,-,Unknown,-,hypothetical protein,protein-coding,-,-,-,-,20160917,-
1043004,25414185,M436DRAFT_67205,M436DRAFT_67205,-,-,Unknown,-,phosphatidylserine synthase,protein-coding,-,-,-,-,20160917,-
1043004,25414186,M436DRAFT_67210,M436DRAFT_67210,-,-,Unknown,-,putative amino acid transporter,protein-coding,-,-,-,-,20151212,-
1043004,25414187,M436DRAFT_67211,M436DRAFT_67211,-,-,Unknown,-,hypothetical protein,protein-coding,-,-,-,-,20160917,-
1043004,25414188,M436DRAFT_67225,M436DRAFT_67225,-,-,Unknown,-,RdRP-domain-containing protein,protein-coding,-,-,-,-,20160917,-
1043004,25414189,M436DRAFT_67231,M436DRAFT_67231,-,-,Unknown,-,hypothetical protein,protein-coding,-,-,-,-,20151212,-
1043004,25414190,M436DRAFT_67232,M436DRAFT_67232,-,-,Unknown,-,hypothetical protein,protein-coding,-,-,-,-,20151104,-
1043004,25414191,M436DRAFT_67236,M436DRAFT_67236,-,-,Unknown,-,hypothetical protein,protein-coding,-,-,-,-,20160917,-
1043004,25414192,M436DRAFT_67244,M436DRAFT_67244,-,-,Unknown,-,hypothetical protein,protein-coding,-,-,-,-,20151104,-
1043004,25414193,M436DRAFT_67247,M436DRAFT_67247,-,-,Unknown,-,hypothetical protein,protein-coding,-,-,-,-,20151104,-
1043004,25414194,M436DRAFT_67257,M436DRAFT_67257,-,-,Unknown,-,hypothetical protein,protein-coding,-,-,-,-,20160917,-
1043004,25414195,M436DRAFT_67260,M436DRAFT_67260,-,-,Unknown,-,hypothetical protein,protein-coding,-,-,-,-,20151212,-
1043004,25414196,M436DRAFT_67263,M436DRAFT_67263,-,-,Unknown,-,hypothetical protein,protein-coding,-,-,-,-,20151104,-
1043004,25414197,M436DRAFT_67265,M436DRAFT_67265,-,-,Unknown,-,hypothetical protein,protein-coding,-,-,-,-,20160325,-
1043004,25414198,M436DRAFT_67266,M436DRAFT_67266,-,-,Unknown,-,hypothetical protein,protein-coding,-,-,-,-,20160917,-
1043004,25414199,M436DRAFT_67273,M436DRAFT_67273,-,-,Unknown,-,hypothetical protein,protein-coding,-,-,-,-,20160917,-
1043004,25414200,M436DRAFT_67276,M436DRAFT_67276,-,-,Unknown,-,hypothetical protein,protein-coding,-,-,-,-,20160917,-
1043004,25414201,M436DRAFT_67282,M436DRAFT_67282,-,-,Unknown,-,hypothetical protein,protein-coding,-,-,-,-,20151104,-
1043004,25414202,M436DRAFT_67288,M436DRAFT_67288,-,-,Unknown,-,hypothetical protein,protein-coding,-,-,-,-,20151104,-
1043004,25414203,M436DRAFT_67300,M436DRAFT_67300,-,-,Unknown,-,"cyclopentanone 1,2-monooxygenase",protein-coding,-,-,-,-,20160917,-
1043004,25414204,M436DRAFT_67321,M436DRAFT_67321,-,-,Unknown,-,NAD(P)-binding protein,protein-coding,-,-,-,-,20160917,-
1043004,25414205,M436DRAFT_67330,M436DRAFT_67330,-,-,Unknown,-,"beta-1,4-xylanase precursor",protein-coding,-,-,-,-,20160917,-
1043004,25414206,M436DRAFT_67349,M436DRAFT_67349,-,-,Unknown,-,hypothetical protein,protein-coding,-,-,-,-,20151104,-
1043004,25414207,M436DRAFT_67353,M436DRAFT_67353,-,-,Unknown,-,FAD dependent oxidoreductase-like protein superfamily,protein-coding,-,-,-,-,20160917,-
1043004,25414208,M436DRAFT_67367,M436DRAFT_67367,-,-,Unknown,-,hypothetical protein,protein-coding,-,-,-,-,20151104,-
1043004,25414209,M436DRAFT_67379,M436DRAFT_67379,-,-,Unknown,-,hypothetical protein,protein-coding,-,-,-,-,20160917,-
1043004,25414210,M436DRAFT_67381,M436DRAFT_67381,-,-,Unknown,-,glycoside hydrolase,protein-coding,-,-,-,-,20160917,-
1043004,25414211,M436DRAFT_67383,M436DRAFT_67383,-,-,Unknown,-,actin-like ATPase domain-containing protein,protein-coding,-,-,-,-,20160917,-
1043004,25414212,M436DRAFT_67387,M436DRAFT_67387,-,-,Unknown,-,Pkr1-domain-containing protein,protein-coding,-,-,-,-,20160917,-
1043004,25414213,M436DRAFT_67392,M436DRAFT_67392,-,-,Unknown,-,membrane fusion mating protein FIG1,protein-coding,-,-,-,-,20160917,-
1043004,25414214,M436DRAFT_67398,M436DRAFT_67398,-,-,Unknown,-,hypothetical protein,protein-coding,-,-,-,-,20160917,-
1043004,25414215,M436DRAFT_67406,M436DRAFT_67406,-,-,Unknown,-,Cupredoxin,protein-coding,-,-,-,-,20160917,-
1043004,25414216,M436DRAFT_67408,M436DRAFT_67408,-,-,Unknown,-,hypothetical protein,protein-coding,-,-,-,-,20160917,-
1043004,25414217,M436DRAFT_67409,M436DRAFT_67409,-,-,Unknown,-,histone acetyltransferase,protein-coding,-,-,-,-,20160917,-
1043004,25414218,M436DRAFT_67411,M436DRAFT_67411,-,-,Unknown,-,hypothetical protein,protein-coding,-,-,-,-,20151104,-
1043004,25414219,M436DRAFT_67412,M436DRAFT_67412,-,-,Unknown,-,hypothetical protein,protein-coding,-,-,-,-,20151104,-
1043004,25414220,M436DRAFT_67413,M436DRAFT_67413,-,-,Unknown,-,NAD(P)-binding protein,protein-coding,-,-,-,-,20160917,-
1043004,25414221,M436DRAFT_67452,M436DRAFT_67452,-,-,Unknown,-,hypothetical protein,protein-coding,-,-,-,-,20151104,-
1043004,25414222,M436DRAFT_67454,M436DRAFT_67454,-,-,Unknown,-,hypothetical protein,protein-coding,-,-,-,-,20160917,-
1043004,25414223,M436DRAFT_67469,M436DRAFT_67469,-,-,Unknown,-,NAD dependent epimerase/dehydratase family protein-like protein,protein-coding,-,-,-,-,20160917,-
1043004,25414224,M436DRAFT_67473,M436DRAFT_67473,-,-,Unknown,-,hypothetical protein,protein-coding,-,-,-,-,20151104,-
1043004,25414225,M436DRAFT_67477,M436DRAFT_67477,-,-,Unknown,-,general substrate transporter,protein-coding,-,-,-,-,20160917,-
1043004,25414226,M436DRAFT_67491,M436DRAFT_67491,-,-,Unknown,-,hypothetical protein,protein-coding,-,-,-,-,20151104,-
1043004,25414227,M436DRAFT_67493,M436DRAFT_67493,-,-,Unknown,-,hypothetical protein,protein-coding,-,-,-,-,20160917,-
1043004,25414228,M436DRAFT_67501,M436DRAFT_67501,-,-,Unknown,-,hypothetical protein,protein-coding,-,-,-,-,20160917,-
1043004,25414229,M436DRAFT_67511,M436DRAFT_67511,-,-,Unknown,-,hypothetical protein,protein-coding,-,-,-,-,20151104,-
1043004,25414230,M436DRAFT_67514,M436DRAFT_67514,-,-,Unknown,-,hypothetical protein,protein-coding,-,-,-,-,20151104,-
1043004,25414231,M436DRAFT_67520,M436DRAFT_67520,-,-,Unknown,-,hypothetical protein,protein-coding,-,-,-,-,20160917,-
1043004,25414232,M436DRAFT_67522,M436DRAFT_67522,-,-,Unknown,-,hypothetical protein,protein-coding,-,-,-,-,20151104,-
1043004,25414233,M436DRAFT_67533,M436DRAFT_67533,-,-,Unknown,-,hypothetical protein,protein-coding,-,-,-,-,20160917,-
1043004,25414234,M436DRAFT_67536,M436DRAFT_67536,-,-,Unknown,-,BNR/Asp-box repeat domain protein,protein-coding,-,-,-,-,20160325,-
1043004,25414235,M436DRAFT_67538,M436DRAFT_67538,-,-,Unknown,-,mitochondrial import inner membrane translocase subunit tim-16,protein-coding,-,-,-,-,20160917,-
1043004,25414236,M436DRAFT_67544,M436DRAFT_67544,-,-,Unknown,-,DUF221-domain-containing protein,protein-coding,-,-,-,-,20160917,-
1043004,25414237,M436DRAFT_67556,M436DRAFT_67556,-,-,Unknown,-,hypothetical protein,protein-coding,-,-,-,-,20160325,-
1043004,25414238,M436DRAFT_67557,M436DRAFT_67557,-,-,Unknown,-,hypothetical protein,protein-coding,-,-,-,-,20151104,-
1043004,25414239,M436DRAFT_67564,M436DRAFT_67564,-,-,Unknown,-,FAD dependent oxidoreductase,protein-coding,-,-,-,-,20160917,-
1043004,25414240,M436DRAFT_67566,M436DRAFT_67566,-,-,Unknown,-,ISP domain-containing protein,protein-coding,-,-,-,-,20151212,-
1043004,25414241,M436DRAFT_67574,M436DRAFT_67574,-,-,Unknown,-,hypothetical protein,protein-coding,-,-,-,-,20160917,-
1043004,25414242,M436DRAFT_67592,M436DRAFT_67592,-,-,Unknown,-,hypothetical protein,protein-coding,-,-,-,-,20151104,-
1043004,25414243,M436DRAFT_67596,M436DRAFT_67596,-,-,Unknown,-,hypothetical protein,protein-coding,-,-,-,-,20151104,-
1043004,25414244,M436DRAFT_67605,M436DRAFT_67605,-,-,Unknown,-,hypothetical protein,protein-coding,-,-,-,-,20151104,-
1043004,25414245,M436DRAFT_67606,M436DRAFT_67606,-,-,Unknown,-,general substrate transporter,protein-coding,-,-,-,-,20160917,-
1043004,25414246,M436DRAFT_67612,M436DRAFT_67612,-,-,Unknown,-,pyridoxamine 5'-phosphate oxidase,protein-coding,-,-,-,-,20160917,-
1043004,25414247,M436DRAFT_67620,M436DRAFT_67620,-,-,Unknown,-,mannose-1-phosphate guanyltransferase,protein-coding,-,-,-,-,20151212,-
1043004,25414248,M436DRAFT_67621,M436DRAFT_67621,-,-,Unknown,-,"putative alpha-1,6 mannosyltransferase subunit",protein-coding,-,-,-,-,20160917,-
1043004,25414249,M436DRAFT_67623,M436DRAFT_67623,-,-,Unknown,-,PLC-like phosphodiesterase,protein-coding,-,-,-,-,20151212,-
1043004,25414250,M436DRAFT_67627,M436DRAFT_67627,-,-,Unknown,-,hypothetical protein,protein-coding,-,-,-,-,20151212,-
1043004,25414251,M436DRAFT_67633,M436DRAFT_67633,-,-,Unknown,-,hypothetical protein,protein-coding,-,-,-,-,20151104,-
1043004,25414252,M436DRAFT_67642,M436DRAFT_67642,-,-,Unknown,-,catalase-domain-containing protein,protein-coding,-,-,-,-,20151212,-
1043004,25414253,M436DRAFT_67644,M436DRAFT_67644,-,-,Unknown,-,ras-domain-containing protein,protein-coding,-,-,-,-,20191025,-
1043004,25414254,M436DRAFT_67646,M436DRAFT_67646,-,-,Unknown,-,"transcription initiation factor IID, TAF10 subunit",protein-coding,-,-,-,-,20160917,-
1043004,25414255,M436DRAFT_67648,M436DRAFT_67648,-,-,Unknown,-,proteasome maturation factor UMP1,protein-coding,-,-,-,-,20160917,-
1043004,25414256,M436DRAFT_67655,M436DRAFT_67655,-,-,Unknown,-,hypothetical protein,protein-coding,-,-,-,-,20151104,-
1043004,25414257,M436DRAFT_67670,M436DRAFT_67670,-,-,Unknown,-,hypothetical protein,protein-coding,-,-,-,-,20160325,-
1043004,25414258,M436DRAFT_67677,M436DRAFT_67677,-,-,Unknown,-,hypothetical protein,protein-coding,-,-,-,-,20151104,-
1043004,25414259,M436DRAFT_67695,M436DRAFT_67695,-,-,Unknown,-,"3,4-dihydroxy-2-butanone 4-phosphate synthase",protein-coding,-,-,-,-,20160917,-
1043004,25414260,M436DRAFT_67711,M436DRAFT_67711,-,-,Unknown,-,hypothetical protein,protein-coding,-,-,-,-,20160325,-
1043004,25414261,M436DRAFT_67719,M436DRAFT_67719,-,-,Unknown,-,hypothetical protein,protein-coding,-,-,-,-,20160917,-
1043004,25414262,M436DRAFT_67723,M436DRAFT_67723,-,-,Unknown,-,hypothetical protein,protein-coding,-,-,-,-,20151104,-
1043004,25414263,M436DRAFT_67724,M436DRAFT_67724,-,-,Unknown,-,hypothetical protein,protein-coding,-,-,-,-,20151104,-
1043004,25414264,M436DRAFT_67727,M436DRAFT_67727,-,-,Unknown,-,hypothetical protein,protein-coding,-,-,-,-,20151212,-
1043004,25414265,M436DRAFT_67733,M436DRAFT_67733,-,-,Unknown,-,MFS general substrate transporter,protein-coding,-,-,-,-,20160917,-
1043004,25414266,M436DRAFT_67737,M436DRAFT_67737,-,-,Unknown,-,hypothetical protein,protein-coding,-,-,-,-,20151104,-
1043004,25414267,M436DRAFT_67745,M436DRAFT_67745,-,-,Unknown,-,hypothetical protein,protein-coding,-,-,-,-,20151104,-
1043004,25414268,M436DRAFT_67748,M436DRAFT_67748,-,-,Unknown,-,hypothetical protein,protein-coding,-,-,-,-,20151104,-
1043004,25414269,M436DRAFT_67749,M436DRAFT_67749,-,-,Unknown,-,hypothetical protein,protein-coding,-,-,-,-,20151104,-
1043004,25414270,M436DRAFT_67750,M436DRAFT_67750,-,-,Unknown,-,hypothetical protein,protein-coding,-,-,-,-,20151104,-
1043004,25414271,M436DRAFT_67751,M436DRAFT_67751,-,-,Unknown,-,hypothetical protein,protein-coding,-,-,-,-,20151104,-
1043004,25414272,M436DRAFT_67753,M436DRAFT_67753,-,-,Unknown,-,hypothetical protein,protein-coding,-,-,-,-,20151104,-
1043004,25414273,M436DRAFT_67754,M436DRAFT_67754,-,-,Unknown,-,hypothetical protein,protein-coding,-,-,-,-,20151104,-
1043004,25414274,M436DRAFT_67755,M436DRAFT_67755,-,-,Unknown,-,hypothetical protein,protein-coding,-,-,-,-,20160325,-
1043004,25414275,M436DRAFT_67756,M436DRAFT_67756,-,-,Unknown,-,hypothetical protein,protein-coding,-,-,-,-,20160917,-
1043004,25414276,M436DRAFT_67757,M436DRAFT_67757,-,-,Unknown,-,hypothetical protein,protein-coding,-,-,-,-,20151104,-
1043004,25414277,M436DRAFT_67760,M436DRAFT_67760,-,-,Unknown,-,hypothetical protein,protein-coding,-,-,-,-,20160325,-
1043004,25414278,M436DRAFT_67763,M436DRAFT_67763,-,-,Unknown,-,hypothetical protein,protein-coding,-,-,-,-,20170520,-
1043004,25414279,M436DRAFT_67764,M436DRAFT_67764,-,-,Unknown,-,hypothetical protein,protein-coding,-,-,-,-,20151104,-
1043004,25414280,M436DRAFT_67768,M436DRAFT_67768,-,-,Unknown,-,hypothetical protein,protein-coding,-,-,-,-,20160325,-
1043004,25414281,M436DRAFT_67769,M436DRAFT_67769,-,-,Unknown,-,hypothetical protein,protein-coding,-,-,-,-,20151104,-
1043004,25414282,M436DRAFT_67770,M436DRAFT_67770,-,-,Unknown,-,hypothetical protein,protein-coding,-,-,-,-,20151104,-
1043004,25414283,M436DRAFT_67771,M436DRAFT_67771,-,-,Unknown,-,hypothetical protein,protein-coding,-,-,-,-,20151104,-
1043004,25414284,M436DRAFT_67773,M436DRAFT_67773,-,-,Unknown,-,hypothetical protein,protein-coding,-,-,-,-,20151104,-
1043004,25414285,M436DRAFT_67774,M436DRAFT_67774,-,-,Unknown,-,hypothetical protein,protein-coding,-,-,-,-,20151104,-
1043004,25414286,M436DRAFT_67775,M436DRAFT_67775,-,-,Unknown,-,hypothetical protein,protein-coding,-,-,-,-,20151104,-
1043004,25414287,M436DRAFT_67779,M436DRAFT_67779,-,-,Unknown,-,hypothetical protein,protein-coding,-,-,-,-,20151212,-
1043004,25414288,M436DRAFT_67781,M436DRAFT_67781,-,-,Unknown,-,zincin,protein-coding,-,-,-,-,20160917,-
1043004,25414289,M436DRAFT_67782,M436DRAFT_67782,-,-,Unknown,-,hypothetical protein,protein-coding,-,-,-,-,20151104,-
1043004,25414290,M436DRAFT_67785,M436DRAFT_67785,-,-,Unknown,-,hypothetical protein,protein-coding,-,-,-,-,20151104,-
1043004,25414291,M436DRAFT_67789,M436DRAFT_67789,-,-,Unknown,-,hypothetical protein,protein-coding,-,-,-,-,20151104,-
1043004,25414292,M436DRAFT_67790,M436DRAFT_67790,-,-,Unknown,-,hypothetical protein,protein-coding,-,-,-,-,20151104,-
1043004,25414293,M436DRAFT_67795,M436DRAFT_67795,-,-,Unknown,-,hypothetical protein,protein-coding,-,-,-,-,20160917,-
1043004,25414294,M436DRAFT_67799,M436DRAFT_67799,-,-,Unknown,-,hypothetical protein,protein-coding,-,-,-,-,20160325,-
1043004,25414295,M436DRAFT_67802,M436DRAFT_67802,-,-,Unknown,-,hypothetical protein,protein-coding,-,-,-,-,20151212,-
1043004,25414296,M436DRAFT_67806,M436DRAFT_67806,-,-,Unknown,-,hypothetical protein,protein-coding,-,-,-,-,20151212,-
1043004,25414297,M436DRAFT_67807,M436DRAFT_67807,-,-,Unknown,-,hypothetical protein,protein-coding,-,-,-,-,20160325,-
1043004,25414298,M436DRAFT_67813,M436DRAFT_67813,-,-,Unknown,-,hypothetical protein,protein-coding,-,-,-,-,20160917,-
1043004,25414299,M436DRAFT_67818,M436DRAFT_67818,-,-,Unknown,-,hypothetical protein,protein-coding,-,-,-,-,20151104,-
1043004,25414300,M436DRAFT_67822,M436DRAFT_67822,-,-,Unknown,-,hypothetical protein,protein-coding,-,-,-,-,20160917,-
1043004,25414301,M436DRAFT_67840,M436DRAFT_67840,-,-,Unknown,-,hypothetical protein,protein-coding,-,-,-,-,20151104,-
1043004,25414302,M436DRAFT_67841,M436DRAFT_67841,-,-,Unknown,-,hypothetical protein,protein-coding,-,-,-,-,20151212,-
1043004,25414303,M436DRAFT_67848,M436DRAFT_67848,-,-,Unknown,-,kinase-like protein,protein-coding,-,-,-,-,20160917,-
1043004,25414304,M436DRAFT_67851,M436DRAFT_67851,-,-,Unknown,-,hypothetical protein,protein-coding,-,-,-,-,20151104,-
1043004,25414305,M436DRAFT_67857,M436DRAFT_67857,-,-,Unknown,-,hypothetical protein,protein-coding,-,-,-,-,20151212,-
1043004,25414306,M436DRAFT_67863,M436DRAFT_67863,-,-,Unknown,-,hypothetical protein,protein-coding,-,-,-,-,20151104,-
1043004,25414307,M436DRAFT_67864,M436DRAFT_67864,-,-,Unknown,-,hypothetical protein,protein-coding,-,-,-,-,20151104,-
1043004,25414308,M436DRAFT_67867,M436DRAFT_67867,-,-,Unknown,-,hypothetical protein,protein-coding,-,-,-,-,20151104,-
1043004,25414309,M436DRAFT_67885,M436DRAFT_67885,-,-,Unknown,-,hypothetical protein,protein-coding,-,-,-,-,20151104,-
1043004,25414310,M436DRAFT_67888,M436DRAFT_67888,-,-,Unknown,-,putative beta-galactosidase B,protein-coding,-,-,-,-,20160917,-
1043004,25414311,M436DRAFT_67889,M436DRAFT_67889,-,-,Unknown,-,hypothetical protein,protein-coding,-,-,-,-,20160917,-
1043004,25414312,M436DRAFT_67897,M436DRAFT_67897,-,-,Unknown,-,RNA polymerase,protein-coding,-,-,-,-,20160917,-
1043004,25414313,M436DRAFT_67899,M436DRAFT_67899,-,-,Unknown,-,zf-ZPR1-domain-containing protein,protein-coding,-,-,-,-,20160917,-
1043004,25414314,M436DRAFT_67900,M436DRAFT_67900,-,-,Unknown,-,lariat debranching enzyme domain-containing protein,protein-coding,-,-,-,-,20160917,-
1043004,25414315,M436DRAFT_67903,M436DRAFT_67903,-,-,Unknown,-,hypothetical protein,protein-coding,-,-,-,-,20160917,-
1043004,25414316,M436DRAFT_67904,M436DRAFT_67904,-,-,Unknown,-,P-loop containing nucleoside triphosphate hydrolase protein,protein-coding,-,-,-,-,20160917,-
1043004,25414317,M436DRAFT_67913,M436DRAFT_67913,-,-,Unknown,-,glycolipid 2-alpha-mannosyltransferase,protein-coding,-,-,-,-,20160917,-
1043004,25414318,M436DRAFT_67917,M436DRAFT_67917,-,-,Unknown,-,GMP synthase subunit B,protein-coding,-,-,-,-,20151212,-
1043004,25414319,M436DRAFT_67926,M436DRAFT_67926,-,-,Unknown,-,hypothetical protein,protein-coding,-,-,-,-,20151104,-
1043004,25414320,M436DRAFT_67927,M436DRAFT_67927,-,-,Unknown,-,hypothetical protein,protein-coding,-,-,-,-,20160325,-
1043004,25414321,M436DRAFT_67941,M436DRAFT_67941,-,-,Unknown,-,hypothetical protein,protein-coding,-,-,-,-,20151104,-
1043004,25414322,M436DRAFT_67942,M436DRAFT_67942,-,-,Unknown,-,amidase,protein-coding,-,-,-,-,20160917,-
1043004,25414323,M436DRAFT_67948,M436DRAFT_67948,-,-,Unknown,-,glycoside hydrolase,protein-coding,-,-,-,-,20160917,-
1043004,25414324,M436DRAFT_67964,M436DRAFT_67964,-,-,Unknown,-,hypothetical protein,protein-coding,-,-,-,-,20151104,-
1043004,25414325,M436DRAFT_67971,M436DRAFT_67971,-,-,Unknown,-,hypothetical protein,protein-coding,-,-,-,-,20151104,-
1043004,25414326,M436DRAFT_67979,M436DRAFT_67979,-,-,Unknown,-,hypothetical protein,protein-coding,-,-,-,-,20160917,-
1043004,25414327,M436DRAFT_67980,M436DRAFT_67980,-,-,Unknown,-,hypothetical protein,protein-coding,-,-,-,-,20151104,-
1043004,25414328,M436DRAFT_67986,M436DRAFT_67986,-,-,Unknown,-,hypothetical protein,protein-coding,-,-,-,-,20160917,-
1043004,25414329,M436DRAFT_67990,M436DRAFT_67990,-,-,Unknown,-,putative sugar transporter STL1,protein-coding,-,-,-,-,20160917,-
1043004,25414330,M436DRAFT_67996,M436DRAFT_67996,-,-,Unknown,-,NmrA-like family protein,protein-coding,-,-,-,-,20160917,-
1043004,25414331,M436DRAFT_67997,M436DRAFT_67997,-,-,Unknown,-,P-loop containing nucleoside triphosphate hydrolase protein,protein-coding,-,-,-,-,20160917,-
1043004,25414332,M436DRAFT_68000,M436DRAFT_68000,-,-,Unknown,-,hypothetical protein,protein-coding,-,-,-,-,20160917,-
1043004,25414333,M436DRAFT_68002,M436DRAFT_68002,-,-,Unknown,-,hypothetical protein,protein-coding,-,-,-,-,20151212,-
1043004,25414334,M436DRAFT_68007,M436DRAFT_68007,-,-,Unknown,-,hypothetical protein,protein-coding,-,-,-,-,20151104,-
1043004,25414335,M436DRAFT_68008,M436DRAFT_68008,-,-,Unknown,-,UAA transporter,protein-coding,-,-,-,-,20160917,-
1043004,25414336,M436DRAFT_68018,M436DRAFT_68018,-,-,Unknown,-,hypothetical protein,protein-coding,-,-,-,-,20151104,-
1043004,25414337,M436DRAFT_68020,M436DRAFT_68020,-,-,Unknown,-,hypothetical protein,protein-coding,-,-,-,-,20160325,-
1043004,25414338,M436DRAFT_68035,M436DRAFT_68035,-,-,Unknown,-,hypothetical protein,protein-coding,-,-,-,-,20151104,-
1043004,25414339,M436DRAFT_68038,M436DRAFT_68038,-,-,Unknown,-,hypothetical protein,protein-coding,-,-,-,-,20151212,-
1043004,25414340,M436DRAFT_68050,M436DRAFT_68050,-,-,Unknown,-,hypothetical protein,protein-coding,-,-,-,-,20160325,-
1043004,25414341,M436DRAFT_68052,M436DRAFT_68052,-,-,Unknown,-,hypothetical protein,protein-coding,-,-,-,-,20160917,-
1043004,25414342,M436DRAFT_68060,M436DRAFT_68060,-,-,Unknown,-,amino acid transporter-like protein,protein-coding,-,-,-,-,20160917,-
1043004,25414343,M436DRAFT_68067,M436DRAFT_68067,-,-,Unknown,-,short chain dehydrogenase/ reductase-like protein,protein-coding,-,-,-,-,20160917,-
1043004,25414344,M436DRAFT_68069,M436DRAFT_68069,-,-,Unknown,-,NAD(P)-binding protein,protein-coding,-,-,-,-,20160917,-
1043004,25414345,M436DRAFT_68072,M436DRAFT_68072,-,-,Unknown,-,hypothetical protein,protein-coding,-,-,-,-,20151104,-
1043004,25414346,M436DRAFT_68084,M436DRAFT_68084,-,-,Unknown,-,hypothetical protein,protein-coding,-,-,-,-,20160917,-
1043004,25414347,M436DRAFT_68092,M436DRAFT_68092,-,-,Unknown,-,urea active transporter-like protein,protein-coding,-,-,-,-,20151212,-
1043004,25414348,M436DRAFT_68112,M436DRAFT_68112,-,-,Unknown,-,hypothetical protein,protein-coding,-,-,-,-,20151212,-
1043004,25414349,M436DRAFT_68115,M436DRAFT_68115,-,-,Unknown,-,hypothetical protein,protein-coding,-,-,-,-,20151104,-
1043004,25414350,M436DRAFT_68117,M436DRAFT_68117,-,-,Unknown,-,dimethylaniline monooxygenase,protein-coding,-,-,-,-,20160917,-
1043004,25414351,M436DRAFT_68137,M436DRAFT_68137,-,-,Unknown,-,hypothetical protein,protein-coding,-,-,-,-,20151104,-
1043004,25414352,M436DRAFT_68139,M436DRAFT_68139,-,-,Unknown,-,hypothetical protein,protein-coding,-,-,-,-,20160917,-
1043004,25414353,M436DRAFT_68148,M436DRAFT_68148,-,-,Unknown,-,general substrate transporter,protein-coding,-,-,-,-,20160917,-
1043004,25414354,M436DRAFT_68169,M436DRAFT_68169,-,-,Unknown,-,amino acid permease-like protein,protein-coding,-,-,-,-,20160917,-
1043004,25414355,M436DRAFT_68180,M436DRAFT_68180,-,-,Unknown,-,hypothetical protein,protein-coding,-,-,-,-,20151104,-
1043004,25414356,M436DRAFT_68183,M436DRAFT_68183,-,-,Unknown,-,hypothetical protein,protein-coding,-,-,-,-,20151104,-
1043004,25414357,M436DRAFT_68193,M436DRAFT_68193,-,-,Unknown,-,DUF1479-domain-containing protein,protein-coding,-,-,-,-,20160917,-
1043004,25414358,M436DRAFT_68198,M436DRAFT_68198,-,-,Unknown,-,hypothetical protein,protein-coding,-,-,-,-,20151104,-
1043004,25414359,M436DRAFT_68201,M436DRAFT_68201,-,-,Unknown,-,hypothetical protein,protein-coding,-,-,-,-,20160917,-
1043004,25414360,M436DRAFT_68209,M436DRAFT_68209,-,-,Unknown,-,hypothetical protein,protein-coding,-,-,-,-,20160325,-
1043004,25414361,M436DRAFT_68212,M436DRAFT_68212,-,-,Unknown,-,hypothetical protein,protein-coding,-,-,-,-,20151104,-
1043004,25414362,M436DRAFT_68213,M436DRAFT_68213,-,-,Unknown,-,hypothetical protein,protein-coding,-,-,-,-,20160917,-
1043004,25414363,M436DRAFT_68214,M436DRAFT_68214,-,-,Unknown,-,translationally controlled tumor-associated,protein-coding,-,-,-,-,20160917,-
1043004,25414364,M436DRAFT_68216,M436DRAFT_68216,-,-,Unknown,-,phosphoglycerate mutase-like protein,protein-coding,-,-,-,-,20160917,-
1043004,25414365,M436DRAFT_68217,M436DRAFT_68217,-,-,Unknown,-,hypothetical protein,protein-coding,-,-,-,-,20151104,-
1043004,25414366,M436DRAFT_68218,M436DRAFT_68218,-,-,Unknown,-,hypothetical protein,protein-coding,-,-,-,-,20151104,-
1043004,25414367,M436DRAFT_68219,M436DRAFT_68219,-,-,Unknown,-,hypothetical protein,protein-coding,-,-,-,-,20151104,-
1043004,25414368,M436DRAFT_68220,M436DRAFT_68220,-,-,Unknown,-,hypothetical protein,protein-coding,-,-,-,-,20151104,-
1043004,25414369,M436DRAFT_68223,M436DRAFT_68223,-,-,Unknown,-,hypothetical protein,protein-coding,-,-,-,-,20160917,-
1043004,25414370,M436DRAFT_68226,M436DRAFT_68226,-,-,Unknown,-,kinase-like protein,protein-coding,-,-,-,-,20160917,-
1043004,25414371,M436DRAFT_68227,M436DRAFT_68227,-,-,Unknown,-,hypothetical protein,protein-coding,-,-,-,-,20151104,-
1043004,25414372,M436DRAFT_68231,M436DRAFT_68231,-,-,Unknown,-,glucose oxidase,protein-coding,-,-,-,-,20160917,-
1043004,25414373,M436DRAFT_68236,M436DRAFT_68236,-,-,Unknown,-,hypothetical protein,protein-coding,-,-,-,-,20151104,-
1043004,25414374,M436DRAFT_68245,M436DRAFT_68245,-,-,Unknown,-,prolyl 4-hydroxylase,protein-coding,-,-,-,-,20151212,-
1043004,25414375,M436DRAFT_68251,M436DRAFT_68251,-,-,Unknown,-,hypothetical protein,protein-coding,-,-,-,-,20151104,-
1043004,25414376,M436DRAFT_68255,M436DRAFT_68255,-,-,Unknown,-,beta-lactamase/transpeptidase-like protein,protein-coding,-,-,-,-,20160917,-
1043004,25414377,M436DRAFT_68256,M436DRAFT_68256,-,-,Unknown,-,putative hexose carrier protein,protein-coding,-,-,-,-,20160917,-
1043004,25414378,M436DRAFT_68257,M436DRAFT_68257,-,-,Unknown,-,hypothetical protein,protein-coding,-,-,-,-,20160917,-
1043004,25414379,M436DRAFT_68262,M436DRAFT_68262,-,-,Unknown,-,hypothetical protein,protein-coding,-,-,-,-,20151104,-
1043004,25414380,M436DRAFT_68263,M436DRAFT_68263,-,-,Unknown,-,hypothetical protein,protein-coding,-,-,-,-,20160325,-
1043004,25414381,M436DRAFT_68265,M436DRAFT_68265,-,-,Unknown,-,hypothetical protein,protein-coding,-,-,-,-,20160917,-
1043004,25414382,M436DRAFT_68270,M436DRAFT_68270,-,-,Unknown,-,hypothetical protein,protein-coding,-,-,-,-,20151104,-
1043004,25414383,M436DRAFT_68281,M436DRAFT_68281,-,-,Unknown,-,hypothetical protein,protein-coding,-,-,-,-,20160917,-
1043004,25414384,M436DRAFT_68283,M436DRAFT_68283,-,-,Unknown,-,hypothetical protein,protein-coding,-,-,-,-,20151104,-
1043004,25414385,M436DRAFT_68289,M436DRAFT_68289,-,-,Unknown,-,hypothetical protein,protein-coding,-,-,-,-,20151212,-
1043004,25414386,M436DRAFT_68302,M436DRAFT_68302,-,-,Unknown,-,hypothetical protein,protein-coding,-,-,-,-,20151104,-
1043004,25414387,M436DRAFT_68303,M436DRAFT_68303,-,-,Unknown,-,hypothetical protein,protein-coding,-,-,-,-,20151104,-
1043004,25414388,M436DRAFT_68306,M436DRAFT_68306,-,-,Unknown,-,putative MFS amine transporter,protein-coding,-,-,-,-,20160917,-
1043004,25414389,M436DRAFT_68307,M436DRAFT_68307,-,-,Unknown,-,kinase-like protein,protein-coding,-,-,-,-,20160917,-
1043004,25414390,M436DRAFT_68310,M436DRAFT_68310,-,-,Unknown,-,hypothetical protein,protein-coding,-,-,-,-,20160917,-
1043004,25414391,M436DRAFT_68311,M436DRAFT_68311,-,-,Unknown,-,hypothetical protein,protein-coding,-,-,-,-,20160917,-
1043004,25414392,M436DRAFT_68313,M436DRAFT_68313,-,-,Unknown,-,hypothetical protein,protein-coding,-,-,-,-,20160917,-
1043004,25414393,M436DRAFT_68314,M436DRAFT_68314,-,-,Unknown,-,hypothetical protein,protein-coding,-,-,-,-,20151104,-
1043004,25414394,M436DRAFT_68316,M436DRAFT_68316,-,-,Unknown,-,hypothetical protein,protein-coding,-,-,-,-,20151104,-
1043004,25414395,M436DRAFT_68318,M436DRAFT_68318,-,-,Unknown,-,hypothetical protein,protein-coding,-,-,-,-,20160917,-
1043004,25414396,M436DRAFT_68321,M436DRAFT_68321,-,-,Unknown,-,hypothetical protein,protein-coding,-,-,-,-,20151104,-
1043004,25414397,M436DRAFT_68322,M436DRAFT_68322,-,-,Unknown,-,hypothetical protein,protein-coding,-,-,-,-,20151104,-
1043004,25414398,M436DRAFT_68323,M436DRAFT_68323,-,-,Unknown,-,hypothetical protein,protein-coding,-,-,-,-,20151104,-
1043004,25414399,M436DRAFT_68327,M436DRAFT_68327,-,-,Unknown,-,hypothetical protein,protein-coding,-,-,-,-,20160917,-
1043004,25414400,M436DRAFT_68339,M436DRAFT_68339,-,-,Unknown,-,tryptophanyl-tRNA synthetase,protein-coding,-,-,-,-,20160917,-
1043004,25414401,M436DRAFT_68344,M436DRAFT_68344,-,-,Unknown,-,hypothetical protein,protein-coding,-,-,-,-,20151104,-
1043004,25414402,M436DRAFT_68349,M436DRAFT_68349,-,-,Unknown,-,hypothetical protein,protein-coding,-,-,-,-,20151104,-
1043004,25414403,M436DRAFT_68350,M436DRAFT_68350,-,-,Unknown,-,hypothetical protein,protein-coding,-,-,-,-,20160325,-
1043004,25414404,M436DRAFT_68353,M436DRAFT_68353,-,-,Unknown,-,hypothetical protein,protein-coding,-,-,-,-,20151104,-
1043004,25414405,M436DRAFT_68356,M436DRAFT_68356,-,-,Unknown,-,hypothetical protein,protein-coding,-,-,-,-,20160917,-
1043004,25414406,M436DRAFT_68359,M436DRAFT_68359,-,-,Unknown,-,hypothetical protein,protein-coding,-,-,-,-,20151104,-
1043004,25414407,M436DRAFT_68360,M436DRAFT_68360,-,-,Unknown,-,hypothetical protein,protein-coding,-,-,-,-,20160917,-
1043004,25414408,M436DRAFT_68365,M436DRAFT_68365,-,-,Unknown,-,hypothetical protein,protein-coding,-,-,-,-,20151104,-
1043004,25414409,M436DRAFT_68366,M436DRAFT_68366,-,-,Unknown,-,PMT-domain-containing protein,protein-coding,-,-,-,-,20160917,-
1043004,25414410,M436DRAFT_68374,M436DRAFT_68374,-,-,Unknown,-,hypothetical protein,protein-coding,-,-,-,-,20151104,-
1043004,25414411,M436DRAFT_68375,M436DRAFT_68375,-,-,Unknown,-,hypothetical protein,protein-coding,-,-,-,-,20160917,-
1043004,25414412,M436DRAFT_68376,M436DRAFT_68376,-,-,Unknown,-,hypothetical protein,protein-coding,-,-,-,-,20151104,-
1043004,25414413,M436DRAFT_68378,M436DRAFT_68378,-,-,Unknown,-,hypothetical protein,protein-coding,-,-,-,-,20151104,-
1043004,25414414,M436DRAFT_68379,M436DRAFT_68379,-,-,Unknown,-,monooxygenase,protein-coding,-,-,-,-,20160917,-
1043004,25414415,M436DRAFT_68381,M436DRAFT_68381,-,-,Unknown,-,hypothetical protein,protein-coding,-,-,-,-,20160917,-
1043004,25414416,M436DRAFT_68383,M436DRAFT_68383,-,-,Unknown,-,hypothetical protein,protein-coding,-,-,-,-,20151104,-
1043004,25414417,M436DRAFT_68385,M436DRAFT_68385,-,-,Unknown,-,hypothetical protein,protein-coding,-,-,-,-,20151104,-
1043004,25414418,M436DRAFT_68386,M436DRAFT_68386,-,-,Unknown,-,hypothetical protein,protein-coding,-,-,-,-,20160917,-
1043004,25414419,M436DRAFT_68391,M436DRAFT_68391,-,-,Unknown,-,NAD(P)-binding protein,protein-coding,-,-,-,-,20151212,-
1043004,25414420,M436DRAFT_68395,M436DRAFT_68395,-,-,Unknown,-,alcohol oxidase,protein-coding,-,-,-,-,20160917,-
1043004,25414421,M436DRAFT_68400,M436DRAFT_68400,-,-,Unknown,-,acyl-CoA dehydrogenase NM domain-like protein,protein-coding,-,-,-,-,20160917,-
1043004,25414422,M436DRAFT_68402,M436DRAFT_68402,-,-,Unknown,-,hypothetical protein,protein-coding,-,-,-,-,20151104,-
1043004,25414423,M436DRAFT_68409,M436DRAFT_68409,-,-,Unknown,-,hypothetical protein,protein-coding,-,-,-,-,20160325,-
1043004,25414424,M436DRAFT_68410,M436DRAFT_68410,-,-,Unknown,-,HCO3 transporter family protein,protein-coding,-,-,-,-,20160917,-
1043004,25414425,M436DRAFT_68412,M436DRAFT_68412,-,-,Unknown,-,hypothetical protein,protein-coding,-,-,-,-,20151212,-
1043004,25414426,M436DRAFT_68417,M436DRAFT_68417,-,-,Unknown,-,hypothetical protein,protein-coding,-,-,-,-,20160325,-
1043004,25414427,M436DRAFT_68418,M436DRAFT_68418,-,-,Unknown,-,hypothetical protein,protein-coding,-,-,-,-,20160917,-
1043004,25414428,M436DRAFT_68440,M436DRAFT_68440,-,-,Unknown,-,hypothetical protein,protein-coding,-,-,-,-,20160917,-
1043004,25414429,M436DRAFT_68443,M436DRAFT_68443,-,-,Unknown,-,hypothetical protein,protein-coding,-,-,-,-,20160917,-
1043004,25414430,M436DRAFT_68446,M436DRAFT_68446,-,-,Unknown,-,hypothetical protein,protein-coding,-,-,-,-,20151104,-
1043004,25414431,M436DRAFT_68450,M436DRAFT_68450,-,-,Unknown,-,hypothetical protein,protein-coding,-,-,-,-,20160917,-
1043004,25414432,M436DRAFT_68451,M436DRAFT_68451,-,-,Unknown,-,hypothetical protein,protein-coding,-,-,-,-,20151104,-
1043004,25414433,M436DRAFT_68466,M436DRAFT_68466,-,-,Unknown,-,GroES-like protein,protein-coding,-,-,-,-,20151212,-
1043004,25414434,M436DRAFT_68469,M436DRAFT_68469,-,-,Unknown,-,triacylglycerol lipase-like protein,protein-coding,-,-,-,-,20160917,-
1043004,25414435,M436DRAFT_68489,M436DRAFT_68489,-,-,Unknown,-,hypothetical protein,protein-coding,-,-,-,-,20151104,-
1043004,25414436,M436DRAFT_68492,M436DRAFT_68492,-,-,Unknown,-,hypothetical protein,protein-coding,-,-,-,-,20151104,-
1043004,25414437,M436DRAFT_68494,M436DRAFT_68494,-,-,Unknown,-,hypothetical protein,protein-coding,-,-,-,-,20151104,-
1043004,25414438,M436DRAFT_68503,M436DRAFT_68503,-,-,Unknown,-,uricase,protein-coding,-,-,-,-,20160917,-
1043004,25414439,M436DRAFT_68510,M436DRAFT_68510,-,-,Unknown,-,RNA-binding domain-containing protein,protein-coding,-,-,-,-,20160917,-
1043004,25414440,M436DRAFT_68512,M436DRAFT_68512,-,-,Unknown,-,Six-hairpin glycosidase,protein-coding,-,-,-,-,20160917,-
1043004,25414441,M436DRAFT_68519,M436DRAFT_68519,-,-,Unknown,-,hypothetical protein,protein-coding,-,-,-,-,20160917,-
1043004,25414442,M436DRAFT_68528,M436DRAFT_68528,-,-,Unknown,-,glycoside hydrolase family 16 protein,protein-coding,-,-,-,-,20151212,-
1043004,25414443,M436DRAFT_68533,M436DRAFT_68533,-,-,Unknown,-,Mog1p/PsbP-like protein,protein-coding,-,-,-,-,20160917,-
1043004,25414444,M436DRAFT_68538,M436DRAFT_68538,-,-,Unknown,-,hypothetical protein,protein-coding,-,-,-,-,20160917,-
1043004,25414445,M436DRAFT_68539,M436DRAFT_68539,-,-,Unknown,-,hypothetical protein,protein-coding,-,-,-,-,20160917,-
1043004,25414446,M436DRAFT_68544,M436DRAFT_68544,-,-,Unknown,-,HIT-like protein,protein-coding,-,-,-,-,20160325,-
1043004,25414447,M436DRAFT_68548,M436DRAFT_68548,-,-,Unknown,-,hypothetical protein,protein-coding,-,-,-,-,20151104,-
1043004,25414448,M436DRAFT_68570,M436DRAFT_68570,-,-,Unknown,-,glycosyl hydrolase-like proteins family 32 superfamily,protein-coding,-,-,-,-,20160917,-
1043004,25414449,M436DRAFT_68577,M436DRAFT_68577,-,-,Unknown,-,hypothetical protein,protein-coding,-,-,-,-,20151104,-
1043004,25414450,M436DRAFT_68580,M436DRAFT_68580,-,-,Unknown,-,hypothetical protein,protein-coding,-,-,-,-,20160917,-
1043004,25414451,M436DRAFT_68581,M436DRAFT_68581,-,-,Unknown,-,hypothetical protein,protein-coding,-,-,-,-,20151104,-
1043004,25414452,M436DRAFT_68585,M436DRAFT_68585,-,-,Unknown,-,pyruvate decarboxylase,protein-coding,-,-,-,-,20160917,-
1043004,25414453,M436DRAFT_68600,M436DRAFT_68600,-,-,Unknown,-,non-biotin containing subunit of 3-methylcrotonyl-CoA carboxylase,protein-coding,-,-,-,-,20160917,-
1043004,25414454,M436DRAFT_68602,M436DRAFT_68602,-,-,Unknown,-,CAT1 catalase,protein-coding,-,-,-,-,20151212,-
1043004,25414455,M436DRAFT_68604,M436DRAFT_68604,-,-,Unknown,-,hypothetical protein,protein-coding,-,-,-,-,20160917,-
1043004,25414456,M436DRAFT_68611,M436DRAFT_68611,-,-,Unknown,-,putative alpha-mannosidase I,protein-coding,-,-,-,-,20160917,-
1043004,25414457,M436DRAFT_68614,M436DRAFT_68614,-,-,Unknown,-,DUF846-domain-containing protein,protein-coding,-,-,-,-,20160917,-
1043004,25414458,M436DRAFT_68622,M436DRAFT_68622,-,-,Unknown,-,transaldolase,protein-coding,-,-,-,-,20160917,-
1043004,25414459,M436DRAFT_68627,M436DRAFT_68627,-,-,Unknown,-,NADH-ubiquinone oxidoreductase,protein-coding,-,-,-,-,20151104,-
1043004,25414460,M436DRAFT_68629,M436DRAFT_68629,-,-,Unknown,-,glutathione S-transferase omega-like 2,protein-coding,-,-,-,-,20160917,-
1043004,25414461,M436DRAFT_68630,M436DRAFT_68630,-,-,Unknown,-,importin 11,protein-coding,-,-,-,-,20160917,-
1043004,25414462,M436DRAFT_68633,M436DRAFT_68633,-,-,Unknown,-,6-phosphogluconate dehydrogenase C-terminal domain-like protein,protein-coding,-,-,-,-,20160917,-
1043004,25414463,M436DRAFT_68635,M436DRAFT_68635,-,-,Unknown,-,hypothetical protein,protein-coding,-,-,-,-,20160325,-
1043004,25414464,M436DRAFT_68661,M436DRAFT_68661,-,-,Unknown,-,glycoside hydrolase,protein-coding,-,-,-,-,20160917,-
1043004,25414465,M436DRAFT_68667,M436DRAFT_68667,-,-,Unknown,-,hypothetical protein,protein-coding,-,-,-,-,20151212,-
1043004,25414466,M436DRAFT_68681,M436DRAFT_68681,-,-,Unknown,-,amino acid transporter,protein-coding,-,-,-,-,20160917,-
1043004,25414467,M436DRAFT_68694,M436DRAFT_68694,-,-,Unknown,-,oxoglutarate 3-dioxygenase,protein-coding,-,-,-,-,20160917,-
1043004,25414468,M436DRAFT_68696,M436DRAFT_68696,-,-,Unknown,-,NAD(P)-binding protein,protein-coding,-,-,-,-,20160917,-
1043004,25414469,M436DRAFT_68701,M436DRAFT_68701,-,-,Unknown,-,nucleolar complex protein-like protein 3,protein-coding,-,-,-,-,20160917,-
1043004,25414470,M436DRAFT_68704,M436DRAFT_68704,-,-,Unknown,-,DUF500-domain-containing protein,protein-coding,-,-,-,-,20151212,-
1043004,25414471,M436DRAFT_68706,M436DRAFT_68706,-,-,Unknown,-,aldolase,protein-coding,-,-,-,-,20151212,-
1043004,25414472,M436DRAFT_68713,M436DRAFT_68713,-,-,Unknown,-,TrkH-domain-containing protein,protein-coding,-,-,-,-,20160917,-
1043004,25414473,M436DRAFT_68714,M436DRAFT_68714,-,-,Unknown,-,hypothetical protein,protein-coding,-,-,-,-,20151104,-
1043004,25414474,M436DRAFT_68715,M436DRAFT_68715,-,-,Unknown,-,hypothetical protein,protein-coding,-,-,-,-,20160917,-
1043004,25414475,M436DRAFT_68724,M436DRAFT_68724,-,-,Unknown,-,kinase-like protein,protein-coding,-,-,-,-,20151212,-
1043004,25414476,M436DRAFT_68730,M436DRAFT_68730,-,-,Unknown,-,hypothetical protein,protein-coding,-,-,-,-,20151212,-
1043004,25414477,M436DRAFT_68735,M436DRAFT_68735,-,-,Unknown,-,hypothetical protein,protein-coding,-,-,-,-,20151104,-
1043004,25414478,M436DRAFT_68736,M436DRAFT_68736,-,-,Unknown,-,"splicing factor, CC1-like protein",protein-coding,-,-,-,-,20160917,-
1043004,25414479,M436DRAFT_68760,M436DRAFT_68760,-,-,Unknown,-,NAD(P)-binding protein,protein-coding,-,-,-,-,20160917,-
1043004,25414480,M436DRAFT_68769,M436DRAFT_68769,-,-,Unknown,-,P-loop containing nucleoside triphosphate hydrolase protein,protein-coding,-,-,-,-,20160917,-
1043004,25414481,M436DRAFT_68773,M436DRAFT_68773,-,-,Unknown,-,hypothetical protein,protein-coding,-,-,-,-,20151212,-
1043004,25414482,M436DRAFT_68774,M436DRAFT_68774,-,-,Unknown,-,NAD(P)-binding protein,protein-coding,-,-,-,-,20160917,-
1043004,25414483,M436DRAFT_68783,M436DRAFT_68783,-,-,Unknown,-,putative beta-glucosidase,protein-coding,-,-,-,-,20160917,-
1043004,25414484,M436DRAFT_68787,M436DRAFT_68787,-,-,Unknown,-,hypothetical protein,protein-coding,-,-,-,-,20151104,-
1043004,25414485,M436DRAFT_68793,M436DRAFT_68793,-,-,Unknown,-,hypothetical protein,protein-coding,-,-,-,-,20151212,-
1043004,25414486,M436DRAFT_68809,M436DRAFT_68809,-,-,Unknown,-,aspartyl protease,protein-coding,-,-,-,-,20160917,-
1043004,25414487,M436DRAFT_68810,M436DRAFT_68810,-,-,Unknown,-,hypothetical protein,protein-coding,-,-,-,-,20160917,-
1043004,25414488,M436DRAFT_68821,M436DRAFT_68821,-,-,Unknown,-,FMN-linked oxidoreductase,protein-coding,-,-,-,-,20151212,-
1043004,25414489,M436DRAFT_68822,M436DRAFT_68822,-,-,Unknown,-,hypothetical protein,protein-coding,-,-,-,-,20151104,-
1043004,25414490,M436DRAFT_68831,M436DRAFT_68831,-,-,Unknown,-,alpha/beta-hydrolase,protein-coding,-,-,-,-,20160917,-
1043004,25414491,M436DRAFT_68832,M436DRAFT_68832,-,-,Unknown,-,hypothetical protein,protein-coding,-,-,-,-,20160917,-
1043004,25414492,M436DRAFT_68836,M436DRAFT_68836,-,-,Unknown,-,"putative Exo-beta-1,3-glucanase",protein-coding,-,-,-,-,20160917,-
1043004,25414493,M436DRAFT_68844,M436DRAFT_68844,-,-,Unknown,-,ras-domain-containing protein,protein-coding,-,-,-,-,20160917,-
1043004,25414494,M436DRAFT_68853,M436DRAFT_68853,-,-,Unknown,-,hypothetical protein,protein-coding,-,-,-,-,20160917,-
1043004,25414495,M436DRAFT_68873,M436DRAFT_68873,-,-,Unknown,-,C2H2 type zinc finger domain protein,protein-coding,-,-,-,-,20160917,-
1043004,25414496,M436DRAFT_68875,M436DRAFT_68875,-,-,Unknown,-,hypothetical protein,protein-coding,-,-,-,-,20151104,-
1043004,25414497,M436DRAFT_68877,M436DRAFT_68877,-,-,Unknown,-,hypothetical protein,protein-coding,-,-,-,-,20160917,-
1043004,25414498,M436DRAFT_68881,M436DRAFT_68881,-,-,Unknown,-,putative sterol o-acyltransferase,protein-coding,-,-,-,-,20160917,-
1043004,25414499,M436DRAFT_68909,M436DRAFT_68909,-,-,Unknown,-,hypothetical protein,protein-coding,-,-,-,-,20151212,-
1043004,25414500,M436DRAFT_68913,M436DRAFT_68913,-,-,Unknown,-,hypothetical protein,protein-coding,-,-,-,-,20160917,-
1043004,25414501,M436DRAFT_68918,M436DRAFT_68918,-,-,Unknown,-,FAD binding domain-containing protein,protein-coding,-,-,-,-,20160917,-
1043004,25414502,M436DRAFT_68919,M436DRAFT_68919,-,-,Unknown,-,putative aldo-keto reductase,protein-coding,-,-,-,-,20151212,-
1043004,25414503,M436DRAFT_68926,M436DRAFT_68926,-,-,Unknown,-,hypothetical protein,protein-coding,-,-,-,-,20160325,-
1043004,25414504,M436DRAFT_68954,M436DRAFT_68954,-,-,Unknown,-,rubredoxin-NAD(+) reductase,protein-coding,-,-,-,-,20160917,-
1043004,25414505,M436DRAFT_68957,M436DRAFT_68957,-,-,Unknown,-,hypothetical protein,protein-coding,-,-,-,-,20160917,-
1043004,25414506,M436DRAFT_68960,M436DRAFT_68960,-,-,Unknown,-,extracellular glucoamylase protein,protein-coding,-,-,-,-,20160917,-
1043004,25414507,M436DRAFT_68969,M436DRAFT_68969,-,-,Unknown,-,MFS general substrate transporter,protein-coding,-,-,-,-,20160917,-
1043004,25414508,M436DRAFT_68972,M436DRAFT_68972,-,-,Unknown,-,hypothetical protein,protein-coding,-,-,-,-,20160917,-
1043004,25414509,M436DRAFT_68974,M436DRAFT_68974,-,-,Unknown,-,pectin lyase-like protein,protein-coding,-,-,-,-,20160917,-
1043004,25414510,M436DRAFT_68976,M436DRAFT_68976,-,-,Unknown,-,hypothetical protein,protein-coding,-,-,-,-,20160917,-
1043004,25414511,M436DRAFT_68999,M436DRAFT_68999,-,-,Unknown,-,RTA1-domain-containing protein,protein-coding,-,-,-,-,20160917,-
1043004,25414512,M436DRAFT_69016,M436DRAFT_69016,-,-,Unknown,-,hypothetical protein,protein-coding,-,-,-,-,20160917,-
1043004,25414513,M436DRAFT_69035,M436DRAFT_69035,-,-,Unknown,-,AAA-domain-containing protein,protein-coding,-,-,-,-,20160917,-
1043004,25414514,M436DRAFT_69039,M436DRAFT_69039,-,-,Unknown,-,hypothetical protein,protein-coding,-,-,-,-,20151104,-
1043004,25414515,M436DRAFT_69041,M436DRAFT_69041,-,-,Unknown,-,hypothetical protein,protein-coding,-,-,-,-,20151104,-
1043004,25414516,M436DRAFT_69043,M436DRAFT_69043,-,-,Unknown,-,UBX domain-containing protein 7,protein-coding,-,-,-,-,20160917,-
1043004,25414517,M436DRAFT_69049,M436DRAFT_69049,-,-,Unknown,-,hypothetical protein,protein-coding,-,-,-,-,20160917,-
1043004,25414518,M436DRAFT_69051,M436DRAFT_69051,-,-,Unknown,-,glycoside hydrolase family 16 protein,protein-coding,-,-,-,-,20151212,-
1043004,25414519,M436DRAFT_69056,M436DRAFT_69056,-,-,Unknown,-,zf-DHHC-domain-containing protein,protein-coding,-,-,-,-,20160917,-
1043004,25414520,M436DRAFT_69060,M436DRAFT_69060,-,-,Unknown,-,thioredoxin-like protein,protein-coding,-,-,-,-,20151212,-
1043004,25414521,M436DRAFT_69067,M436DRAFT_69067,-,-,Unknown,-,hypothetical protein,protein-coding,-,-,-,-,20160917,-
1043004,25414522,M436DRAFT_69072,M436DRAFT_69072,-,-,Unknown,-,hypothetical protein,protein-coding,-,-,-,-,20160917,-
1043004,25414523,M436DRAFT_69074,M436DRAFT_69074,-,-,Unknown,-,putative 2-hydroxychromene-2-carboxylate isomerase,protein-coding,-,-,-,-,20160917,-
1043004,25414524,M436DRAFT_69075,M436DRAFT_69075,-,-,Unknown,-,hypothetical protein,protein-coding,-,-,-,-,20160917,-
1043004,25414525,M436DRAFT_69078,M436DRAFT_69078,-,-,Unknown,-,NAD-dependent 15-hydroxyprostaglandin dehydrogenase,protein-coding,-,-,-,-,20160917,-
1043004,25414526,M436DRAFT_69081,M436DRAFT_69081,-,-,Unknown,-,hypothetical protein,protein-coding,-,-,-,-,20160917,-
1043004,25414527,M436DRAFT_69085,M436DRAFT_69085,-,-,Unknown,-,ARF/SAR superfamily,protein-coding,-,-,-,-,20151212,-
1043004,25414528,M436DRAFT_69098,M436DRAFT_69098,-,-,Unknown,-,coatomer beta,protein-coding,-,-,-,-,20160917,-
1043004,25414529,M436DRAFT_69121,M436DRAFT_69121,-,-,Unknown,-,ras-related protein-like protein,protein-coding,-,-,-,-,20160917,-
1043004,25414530,M436DRAFT_69127,M436DRAFT_69127,-,-,Unknown,-,glutathione S-transferase,protein-coding,-,-,-,-,20160917,-
1043004,25414531,M436DRAFT_69130,M436DRAFT_69130,-,-,Unknown,-,hypothetical protein,protein-coding,-,-,-,-,20151212,-
1043004,25414532,M436DRAFT_69131,M436DRAFT_69131,-,-,Unknown,-,hypothetical protein,protein-coding,-,-,-,-,20160917,-
1043004,25414533,M436DRAFT_69137,M436DRAFT_69137,-,-,Unknown,-,B3/B4 tRNA-binding domain-containing protein,protein-coding,-,-,-,-,20160917,-
1043004,25414534,M436DRAFT_69143,M436DRAFT_69143,-,-,Unknown,-,Oxysterol-binding protein,protein-coding,-,-,-,-,20160917,-
1043004,25414535,M436DRAFT_69147,M436DRAFT_69147,-,-,Unknown,-,hypothetical protein,protein-coding,-,-,-,-,20160917,-
1043004,25414536,M436DRAFT_69161,M436DRAFT_69161,-,-,Unknown,-,HHE domain protein,protein-coding,-,-,-,-,20160917,-
1043004,25414537,M436DRAFT_69181,M436DRAFT_69181,-,-,Unknown,-,CRAL/TRIO domain-containing protein,protein-coding,-,-,-,-,20160917,-
1043004,25414538,M436DRAFT_69194,M436DRAFT_69194,-,-,Unknown,-,mitochondrial import inner membrane translocase subunit tim21,protein-coding,-,-,-,-,20160917,-
1043004,25414539,M436DRAFT_69200,M436DRAFT_69200,-,-,Unknown,-,hypothetical protein,protein-coding,-,-,-,-,20160917,-
1043004,25414540,M436DRAFT_69202,M436DRAFT_69202,-,-,Unknown,-,"MVD1, mevalonate pyrophosphate decarboxylase",protein-coding,-,-,-,-,20160917,-
1043004,25414541,M436DRAFT_69215,M436DRAFT_69215,-,-,Unknown,-,integral membrane protein,protein-coding,-,-,-,-,20160917,-
1043004,25414542,M436DRAFT_69216,M436DRAFT_69216,-,-,Unknown,-,hypothetical protein,protein-coding,-,-,-,-,20151104,-
1043004,25414543,M436DRAFT_69218,M436DRAFT_69218,-,-,Unknown,-,GMP synthase,protein-coding,-,-,-,-,20160917,-
1043004,25414544,M436DRAFT_69222,M436DRAFT_69222,-,-,Unknown,-,RNA-binding domain-containing protein,protein-coding,-,-,-,-,20160917,-
1043004,25414545,M436DRAFT_69223,M436DRAFT_69223,-,-,Unknown,-,hypothetical protein,protein-coding,-,-,-,-,20160917,-
1043004,25414546,M436DRAFT_69231,M436DRAFT_69231,-,-,Unknown,-,DUF427-domain-containing protein,protein-coding,-,-,-,-,20160917,-
1043004,25414547,M436DRAFT_69250,M436DRAFT_69250,-,-,Unknown,-,cellulase,protein-coding,-,-,-,-,20160917,-
1043004,25414548,M436DRAFT_69256,M436DRAFT_69256,-,-,Unknown,-,hypothetical protein,protein-coding,-,-,-,-,20160917,-
1043004,25414549,M436DRAFT_69260,M436DRAFT_69260,-,-,Unknown,-,pyridoxal phosphate-dependent decarboxylase,protein-coding,-,-,-,-,20160917,-
1043004,25414550,M436DRAFT_69272,M436DRAFT_69272,-,-,Unknown,-,ribosomal protein L38e,protein-coding,-,-,-,-,20160917,-
1043004,25414551,M436DRAFT_69273,M436DRAFT_69273,-,-,Unknown,-,hypothetical protein,protein-coding,-,-,-,-,20160917,-
1043004,25414552,M436DRAFT_69279,M436DRAFT_69279,-,-,Unknown,-,14-3-3 protein epsilon,protein-coding,-,-,-,-,20160917,-
1043004,25414553,M436DRAFT_69290,M436DRAFT_69290,-,-,Unknown,-,hypothetical protein,protein-coding,-,-,-,-,20160917,-
1043004,25414554,M436DRAFT_69297,M436DRAFT_69297,-,-,Unknown,-,small GTPase,protein-coding,-,-,-,-,20160917,-
1043004,25414555,M436DRAFT_69299,M436DRAFT_69299,-,-,Unknown,-,hypothetical protein,protein-coding,-,-,-,-,20151212,-
1043004,25414556,M436DRAFT_69300,M436DRAFT_69300,-,-,Unknown,-,Metallo-hydrolase/oxidoreductase,protein-coding,-,-,-,-,20160917,-
1043004,25414557,M436DRAFT_69301,M436DRAFT_69301,-,-,Unknown,-,hypothetical protein,protein-coding,-,-,-,-,20151104,-
1043004,25414558,M436DRAFT_69302,M436DRAFT_69302,-,-,Unknown,-,hypothetical protein,protein-coding,-,-,-,-,20160917,-
1043004,25414559,M436DRAFT_69309,M436DRAFT_69309,-,-,Unknown,-,UBC-like protein,protein-coding,-,-,-,-,20151212,-
1043004,25414560,M436DRAFT_69313,M436DRAFT_69313,-,-,Unknown,-,hypothetical protein,protein-coding,-,-,-,-,20151104,-
1043004,25414561,M436DRAFT_69319,M436DRAFT_69319,-,-,Unknown,-,HIT-like protein,protein-coding,-,-,-,-,20160917,-
1043004,25414562,M436DRAFT_69325,M436DRAFT_69325,-,-,Unknown,-,hypothetical protein,protein-coding,-,-,-,-,20160917,-
1043004,25414563,M436DRAFT_69327,M436DRAFT_69327,-,-,Unknown,-,hypothetical protein,protein-coding,-,-,-,-,20151212,-
1043004,25414564,M436DRAFT_69333,M436DRAFT_69333,-,-,Unknown,-,hypothetical protein,protein-coding,-,-,-,-,20160917,-
1043004,25414565,M436DRAFT_69336,M436DRAFT_69336,-,-,Unknown,-,replication factor A protein 3,protein-coding,-,-,-,-,20160917,-
1043004,25414566,M436DRAFT_69337,M436DRAFT_69337,-,-,Unknown,-,hypothetical protein,protein-coding,-,-,-,-,20160325,-
1043004,25414567,M436DRAFT_69338,M436DRAFT_69338,-,-,Unknown,-,hypothetical protein,protein-coding,-,-,-,-,20151104,-
1043004,25414568,M436DRAFT_69346,M436DRAFT_69346,-,-,Unknown,-,general substrate transporter,protein-coding,-,-,-,-,20151212,-
1043004,25414569,M436DRAFT_69348,M436DRAFT_69348,-,-,Unknown,-,longevity assurance proteins LAG1/LAC1,protein-coding,-,-,-,-,20160917,-
1043004,25414570,M436DRAFT_69352,M436DRAFT_69352,-,-,Unknown,-,hypothetical protein,protein-coding,-,-,-,-,20160917,-
1043004,25414571,M436DRAFT_69358,M436DRAFT_69358,-,-,Unknown,-,PEBP-like protein,protein-coding,-,-,-,-,20151212,-
1043004,25414572,M436DRAFT_69366,M436DRAFT_69366,-,-,Unknown,-,hypothetical protein,protein-coding,-,-,-,-,20160325,-
1043004,25414573,M436DRAFT_69367,M436DRAFT_69367,-,-,Unknown,-,hypothetical protein,protein-coding,-,-,-,-,20160917,-
1043004,25414574,M436DRAFT_69368,M436DRAFT_69368,-,-,Unknown,-,hypothetical protein,protein-coding,-,-,-,-,20160917,-
1043004,25414575,M436DRAFT_69370,M436DRAFT_69370,-,-,Unknown,-,FMN-dependent alpha-hydroxy acid dehydrogenase,protein-coding,-,-,-,-,20160917,-
1043004,25414576,M436DRAFT_69373,M436DRAFT_69373,-,-,Unknown,-,general substrate transporter,protein-coding,-,-,-,-,20160917,-
1043004,25414577,M436DRAFT_69381,M436DRAFT_69381,-,-,Unknown,-,putative NRPS-like enzyme,protein-coding,-,-,-,-,20160917,-
1043004,25414578,M436DRAFT_69382,M436DRAFT_69382,-,-,Unknown,-,pantothenate transporter liz1,protein-coding,-,-,-,-,20160917,-
1043004,25414579,M436DRAFT_69386,M436DRAFT_69386,-,-,Unknown,-,ABC-2 type transporter,protein-coding,-,-,-,-,20160917,-
1043004,25414580,M436DRAFT_69387,M436DRAFT_69387,-,-,Unknown,-,hypothetical protein,protein-coding,-,-,-,-,20151212,-
1043004,25414581,M436DRAFT_69392,M436DRAFT_69392,-,-,Unknown,-,hypothetical protein,protein-coding,-,-,-,-,20151104,-
1043004,25414582,M436DRAFT_69395,M436DRAFT_69395,-,-,Unknown,-,hypothetical protein,protein-coding,-,-,-,-,20160917,-
1043004,25414583,M436DRAFT_69410,M436DRAFT_69410,-,-,Unknown,-,hypothetical protein,protein-coding,-,-,-,-,20160917,-
1043004,25414584,M436DRAFT_69413,M436DRAFT_69413,-,-,Unknown,-,ribonuclease T2,protein-coding,-,-,-,-,20160917,-
1043004,25414585,M436DRAFT_69417,M436DRAFT_69417,-,-,Unknown,-,hypothetical protein,protein-coding,-,-,-,-,20151104,-
1043004,25414586,M436DRAFT_69438,M436DRAFT_69438,-,-,Unknown,-,hypothetical protein,protein-coding,-,-,-,-,20160917,-
1043004,25414587,M436DRAFT_69444,M436DRAFT_69444,-,-,Unknown,-,oxidoreductase,protein-coding,-,-,-,-,20160917,-
1043004,25414588,M436DRAFT_69445,M436DRAFT_69445,-,-,Unknown,-,aldehyde dehydrogenase,protein-coding,-,-,-,-,20151212,-
1043004,25414589,M436DRAFT_69448,M436DRAFT_69448,-,-,Unknown,-,3-dehydroshikimate dehydratase,protein-coding,-,-,-,-,20160917,-
1043004,25414590,M436DRAFT_69449,M436DRAFT_69449,-,-,Unknown,-,DUF636 domain protein,protein-coding,-,-,-,-,20160917,-
1043004,25414591,M436DRAFT_69453,M436DRAFT_69453,-,-,Unknown,-,hypothetical protein,protein-coding,-,-,-,-,20151104,-
1043004,25414592,M436DRAFT_69466,M436DRAFT_69466,-,-,Unknown,-,hypothetical protein,protein-coding,-,-,-,-,20160917,-
1043004,25414593,M436DRAFT_69468,M436DRAFT_69468,-,-,Unknown,-,trehalase-domain-containing protein,protein-coding,-,-,-,-,20160917,-
1043004,25414594,M436DRAFT_69469,M436DRAFT_69469,-,-,Unknown,-,putative isocitrate dehydrogenase,protein-coding,-,-,-,-,20151212,-
1043004,25414595,M436DRAFT_69470,M436DRAFT_69470,-,-,Unknown,-,hypothetical protein,protein-coding,-,-,-,-,20151104,-
1043004,25414596,M436DRAFT_69474,M436DRAFT_69474,-,-,Unknown,-,hypothetical protein,protein-coding,-,-,-,-,20160917,-
1043004,25414597,M436DRAFT_69478,M436DRAFT_69478,-,-,Unknown,-,hypothetical protein,protein-coding,-,-,-,-,20160917,-
1043004,25414598,M436DRAFT_69482,M436DRAFT_69482,-,-,Unknown,-,hypothetical protein,protein-coding,-,-,-,-,20160917,-
1043004,25414599,M436DRAFT_69483,M436DRAFT_69483,-,-,Unknown,-,hypothetical protein,protein-coding,-,-,-,-,20160917,-
1043004,25414600,M436DRAFT_69484,M436DRAFT_69484,-,-,Unknown,-,hypothetical protein,protein-coding,-,-,-,-,20160917,-
1043004,25414601,M436DRAFT_69488,M436DRAFT_69488,-,-,Unknown,-,NEDD8-conjugating enzyme UBC12,protein-coding,-,-,-,-,20160917,-
1043004,25414602,M436DRAFT_69497,M436DRAFT_69497,-,-,Unknown,-,hypothetical protein,protein-coding,-,-,-,-,20160917,-
1043004,25414603,M436DRAFT_69500,M436DRAFT_69500,-,-,Unknown,-,hypothetical protein,protein-coding,-,-,-,-,20160917,-
1043004,25414604,M436DRAFT_69501,M436DRAFT_69501,-,-,Unknown,-,GTP-binding protein-like protein GUF1,protein-coding,-,-,-,-,20160917,-
1043004,25414605,M436DRAFT_69511,M436DRAFT_69511,-,-,Unknown,-,CNDP dipeptidase,protein-coding,-,-,-,-,20151212,-
1043004,25414606,M436DRAFT_69520,M436DRAFT_69520,-,-,Unknown,-,MFS general substrate transporter,protein-coding,-,-,-,-,20151212,-
1043004,25414607,M436DRAFT_69521,M436DRAFT_69521,-,-,Unknown,-,glycosyl hydrolase,protein-coding,-,-,-,-,20160917,-
1043004,25414608,M436DRAFT_69522,M436DRAFT_69522,-,-,Unknown,-,glucoamylase precursor,protein-coding,-,-,-,-,20160917,-
1043004,25414609,M436DRAFT_69533,M436DRAFT_69533,-,-,Unknown,-,WD40 repeat-like protein,protein-coding,-,-,-,-,20160917,-
1043004,25414610,M436DRAFT_69534,M436DRAFT_69534,-,-,Unknown,-,neutral/alkaline nonlysosomal ceramidase-like protein,protein-coding,-,-,-,-,20160917,-
1043004,25414611,M436DRAFT_69537,M436DRAFT_69537,-,-,Unknown,-,vanillyl alcohol oxidase,protein-coding,-,-,-,-,20160917,-
1043004,25414612,M436DRAFT_69539,M436DRAFT_69539,-,-,Unknown,-,3-methylcrotonyl-CoA carboxylase subunit alpha,protein-coding,-,-,-,-,20160917,-
1043004,25414613,M436DRAFT_69542,M436DRAFT_69542,-,-,Unknown,-,MFS general substrate transporter,protein-coding,-,-,-,-,20151212,-
1043004,25414614,M436DRAFT_69544,M436DRAFT_69544,-,-,Unknown,-,hypothetical protein,protein-coding,-,-,-,-,20151212,-
1043004,25414615,M436DRAFT_69546,M436DRAFT_69546,-,-,Unknown,-,hypothetical protein,protein-coding,-,-,-,-,20151104,-
1043004,25414616,M436DRAFT_69551,M436DRAFT_69551,-,-,Unknown,-,adenosine deaminase,protein-coding,-,-,-,-,20160917,-
1043004,25414617,M436DRAFT_69553,M436DRAFT_69553,-,-,Unknown,-,RNA-binding domain-containing protein,protein-coding,-,-,-,-,20160917,-
1043004,25414618,M436DRAFT_69557,M436DRAFT_69557,-,-,Unknown,-,hypothetical protein,protein-coding,-,-,-,-,20151104,-
1043004,25414619,M436DRAFT_69568,M436DRAFT_69568,-,-,Unknown,-,hypothetical protein,protein-coding,-,-,-,-,20160917,-
1043004,25414620,M436DRAFT_69570,M436DRAFT_69570,-,-,Unknown,-,hypothetical protein,protein-coding,-,-,-,-,20160917,-
1043004,25414621,M436DRAFT_69572,M436DRAFT_69572,-,-,Unknown,-,hypothetical protein,protein-coding,-,-,-,-,20160917,-
1043004,25414622,M436DRAFT_69576,M436DRAFT_69576,-,-,Unknown,-,exosome complex exonuclease RRP4,protein-coding,-,-,-,-,20160917,-
1043004,25414623,M436DRAFT_69589,M436DRAFT_69589,-,-,Unknown,-,hypothetical protein,protein-coding,-,-,-,-,20160917,-
1043004,25414624,M436DRAFT_69592,M436DRAFT_69592,-,-,Unknown,-,WD40 repeat-like protein,protein-coding,-,-,-,-,20160917,-
1043004,25414625,M436DRAFT_69600,M436DRAFT_69600,-,-,Unknown,-,WD40 repeat-like protein,protein-coding,-,-,-,-,20160917,-
1043004,25414626,M436DRAFT_69601,M436DRAFT_69601,-,-,Unknown,-,peroxisomal membrane protein pex16,protein-coding,-,-,-,-,20160917,-
1043004,25414627,M436DRAFT_69604,M436DRAFT_69604,-,-,Unknown,-,hypothetical protein,protein-coding,-,-,-,-,20151104,-
1043004,25414628,M436DRAFT_69606,M436DRAFT_69606,-,-,Unknown,-,LEM3/CDC50 family protein,protein-coding,-,-,-,-,20151212,-
1043004,25414629,M436DRAFT_69621,M436DRAFT_69621,-,-,Unknown,-,FAD/NAD(P)-binding domain-containing protein,protein-coding,-,-,-,-,20160917,-
1043004,25414630,M436DRAFT_69632,M436DRAFT_69632,-,-,Unknown,-,hypothetical protein,protein-coding,-,-,-,-,20160917,-
1043004,25414631,M436DRAFT_69633,M436DRAFT_69633,-,-,Unknown,-,RecF/RecN/SMC protein,protein-coding,-,-,-,-,20160917,-
1043004,25414632,M436DRAFT_69635,M436DRAFT_69635,-,-,Unknown,-,hypothetical protein,protein-coding,-,-,-,-,20160917,-
1043004,25414633,M436DRAFT_69647,M436DRAFT_69647,-,-,Unknown,-,hypothetical protein,protein-coding,-,-,-,-,20160917,-
1043004,25414634,M436DRAFT_69649,M436DRAFT_69649,-,-,Unknown,-,P-loop containing nucleoside triphosphate hydrolase protein,protein-coding,-,-,-,-,20160917,-
1043004,25414635,M436DRAFT_69651,M436DRAFT_69651,-,-,Unknown,-,hypothetical protein,protein-coding,-,-,-,-,20151104,-
1043004,25414636,M436DRAFT_69655,M436DRAFT_69655,-,-,Unknown,-,cyclin-dependent protein kinase,protein-coding,-,-,-,-,20151212,-
1043004,25414637,M436DRAFT_69661,M436DRAFT_69661,-,-,Unknown,-,hypothetical protein,protein-coding,-,-,-,-,20160917,-
1043004,25414638,M436DRAFT_69662,M436DRAFT_69662,-,-,Unknown,-,hypothetical protein,protein-coding,-,-,-,-,20160917,-
1043004,25414639,M436DRAFT_69665,M436DRAFT_69665,-,-,Unknown,-,cyclin-domain-containing protein,protein-coding,-,-,-,-,20160917,-
1043004,25414640,M436DRAFT_69667,M436DRAFT_69667,-,-,Unknown,-,hypothetical protein,protein-coding,-,-,-,-,20160917,-
1043004,25414641,M436DRAFT_69681,M436DRAFT_69681,-,-,Unknown,-,hypothetical protein,protein-coding,-,-,-,-,20151212,-
1043004,25414642,M436DRAFT_69689,M436DRAFT_69689,-,-,Unknown,-,MFS general substrate transporter,protein-coding,-,-,-,-,20160917,-
1043004,25414643,M436DRAFT_69700,M436DRAFT_69700,-,-,Unknown,-,ferrochelatase-domain-containing protein,protein-coding,-,-,-,-,20160917,-
1043004,25414644,M436DRAFT_69701,M436DRAFT_69701,-,-,Unknown,-,UPF0005-domain-containing protein,protein-coding,-,-,-,-,20151212,-
1043004,25414645,M436DRAFT_69706,M436DRAFT_69706,-,-,Unknown,-,hypothetical protein,protein-coding,-,-,-,-,20151104,-
1043004,25414646,M436DRAFT_69712,M436DRAFT_69712,-,-,Unknown,-,hypothetical protein,protein-coding,-,-,-,-,20160917,-
1043004,25414647,M436DRAFT_69725,M436DRAFT_69725,-,-,Unknown,-,hypothetical protein,protein-coding,-,-,-,-,20160917,-
1043004,25414648,M436DRAFT_69731,M436DRAFT_69731,-,-,Unknown,-,hypothetical protein,protein-coding,-,-,-,-,20151104,-
1043004,25414649,M436DRAFT_69742,M436DRAFT_69742,-,-,Unknown,-,hypothetical protein,protein-coding,-,-,-,-,20160325,-
1043004,25414650,M436DRAFT_69743,M436DRAFT_69743,-,-,Unknown,-,hypothetical protein,protein-coding,-,-,-,-,20160917,-
1043004,25414651,M436DRAFT_69747,M436DRAFT_69747,-,-,Unknown,-,hypothetical protein,protein-coding,-,-,-,-,20160917,-
1043004,25414652,M436DRAFT_69762,M436DRAFT_69762,-,-,Unknown,-,hypothetical protein,protein-coding,-,-,-,-,20160917,-
1043004,25414653,M436DRAFT_69769,M436DRAFT_69769,-,-,Unknown,-,hypothetical protein,protein-coding,-,-,-,-,20151104,-
1043004,25414654,M436DRAFT_69774,M436DRAFT_69774,-,-,Unknown,-,hypothetical protein,protein-coding,-,-,-,-,20160917,-
1043004,25414655,M436DRAFT_69775,M436DRAFT_69775,-,-,Unknown,-,hypothetical protein,protein-coding,-,-,-,-,20160917,-
1043004,25414656,M436DRAFT_69784,M436DRAFT_69784,-,-,Unknown,-,hypothetical protein,protein-coding,-,-,-,-,20160917,-
1043004,25414657,M436DRAFT_69787,M436DRAFT_69787,-,-,Unknown,-,hypothetical protein,protein-coding,-,-,-,-,20160917,-
1043004,25414658,M436DRAFT_69799,M436DRAFT_69799,-,-,Unknown,-,ras-domain-containing protein,protein-coding,-,-,-,-,20160917,-
1043004,25414659,M436DRAFT_69804,M436DRAFT_69804,-,-,Unknown,-,FAD/NAD(P)-binding domain-containing protein,protein-coding,-,-,-,-,20160917,-
1043004,25414660,M436DRAFT_69806,M436DRAFT_69806,-,-,Unknown,-,hypothetical protein,protein-coding,-,-,-,-,20151104,-
1043004,25414661,M436DRAFT_69809,M436DRAFT_69809,-,-,Unknown,-,hypothetical protein,protein-coding,-,-,-,-,20151104,-
1043004,25414662,M436DRAFT_69811,M436DRAFT_69811,-,-,Unknown,-,GroES-like protein,protein-coding,-,-,-,-,20151212,-
1043004,25414663,M436DRAFT_69815,M436DRAFT_69815,-,-,Unknown,-,hypothetical protein,protein-coding,-,-,-,-,20151104,-
1043004,25414664,M436DRAFT_69827,M436DRAFT_69827,-,-,Unknown,-,major facilitator superfamily transporter,protein-coding,-,-,-,-,20151212,-
1043004,25414665,M436DRAFT_69830,M436DRAFT_69830,-,-,Unknown,-,mitochondrial large ribosomal subunit,protein-coding,-,-,-,-,20160917,-
1043004,25414666,M436DRAFT_69836,M436DRAFT_69836,-,-,Unknown,-,quinone oxidoreductase,protein-coding,-,-,-,-,20160917,-
1043004,25414667,M436DRAFT_69837,M436DRAFT_69837,-,-,Unknown,-,putative L-fucose-proton symporter,protein-coding,-,-,-,-,20160917,-
1043004,25414668,M436DRAFT_69840,M436DRAFT_69840,-,-,Unknown,-,hypothetical protein,protein-coding,-,-,-,-,20160917,-
1043004,25414669,M436DRAFT_69848,M436DRAFT_69848,-,-,Unknown,-,hypothetical protein,protein-coding,-,-,-,-,20160917,-
1043004,25414670,M436DRAFT_69856,M436DRAFT_69856,-,-,Unknown,-,alanyl-tRNA synthetase,protein-coding,-,-,-,-,20160917,-
1043004,25414671,M436DRAFT_69857,M436DRAFT_69857,-,-,Unknown,-,hypothetical protein,protein-coding,-,-,-,-,20160917,-
1043004,25414672,M436DRAFT_69859,M436DRAFT_69859,-,-,Unknown,-,pre-mRNA-splicing factor CWC21,protein-coding,-,-,-,-,20160917,-
1043004,25414673,M436DRAFT_69864,M436DRAFT_69864,-,-,Unknown,-,mitochondrial carrier,protein-coding,-,-,-,-,20160917,-
1043004,25414674,M436DRAFT_69868,M436DRAFT_69868,-,-,Unknown,-,ClpP/crotonase,protein-coding,-,-,-,-,20160917,-
1043004,25414675,M436DRAFT_69871,M436DRAFT_69871,-,-,Unknown,-,phosphatase DCR2,protein-coding,-,-,-,-,20160917,-
1043004,25414676,M436DRAFT_69872,M436DRAFT_69872,-,-,Unknown,-,hypothetical protein,protein-coding,-,-,-,-,20151212,-
1043004,25414677,M436DRAFT_69873,M436DRAFT_69873,-,-,Unknown,-,hypothetical protein,protein-coding,-,-,-,-,20160917,-
1043004,25414678,M436DRAFT_69889,M436DRAFT_69889,-,-,Unknown,-,amid-like NADH oxidoreductase,protein-coding,-,-,-,-,20160917,-
1043004,25414679,M436DRAFT_69892,M436DRAFT_69892,-,-,Unknown,-,hypothetical protein,protein-coding,-,-,-,-,20160917,-
1043004,25414680,M436DRAFT_69899,M436DRAFT_69899,-,-,Unknown,-,cytochrome P450 monooxygenase,protein-coding,-,-,-,-,20160917,-
1043004,25414681,M436DRAFT_69908,M436DRAFT_69908,-,-,Unknown,-,hypothetical protein,protein-coding,-,-,-,-,20151104,-
1043004,25414682,M436DRAFT_69913,M436DRAFT_69913,-,-,Unknown,-,cytidine deaminase-like protein,protein-coding,-,-,-,-,20160917,-
1043004,25414683,M436DRAFT_69915,M436DRAFT_69915,-,-,Unknown,-,hypothetical protein,protein-coding,-,-,-,-,20160917,-
1043004,25414684,M436DRAFT_69918,M436DRAFT_69918,-,-,Unknown,-,hypothetical protein,protein-coding,-,-,-,-,20160917,-
1043004,25414685,M436DRAFT_69921,M436DRAFT_69921,-,-,Unknown,-,4-nitrophenylphosphatase,protein-coding,-,-,-,-,20160917,-
1043004,25414686,M436DRAFT_69939,M436DRAFT_69939,-,-,Unknown,-,O-acetylhomoserine ami,protein-coding,-,-,-,-,20160917,-
1043004,25414687,M436DRAFT_69960,M436DRAFT_69960,-,-,Unknown,-,hypothetical protein,protein-coding,-,-,-,-,20160917,-
1043004,25414688,M436DRAFT_69966,M436DRAFT_69966,-,-,Unknown,-,hypothetical protein,protein-coding,-,-,-,-,20160917,-
1043004,25414689,M436DRAFT_69967,M436DRAFT_69967,-,-,Unknown,-,hypothetical protein,protein-coding,-,-,-,-,20160917,-
1043004,25414690,M436DRAFT_69989,M436DRAFT_69989,-,-,Unknown,-,RNA-binding domain-containing protein,protein-coding,-,-,-,-,20160917,-
1043004,25414691,M436DRAFT_69991,M436DRAFT_69991,-,-,Unknown,-,hypothetical protein,protein-coding,-,-,-,-,20160917,-
1043004,25414692,M436DRAFT_69995,M436DRAFT_69995,-,-,Unknown,-,HAD-like protein,protein-coding,-,-,-,-,20160917,-
1043004,25414693,M436DRAFT_70007,M436DRAFT_70007,-,-,Unknown,-,N-terminal nucleophile aminohydrolase,protein-coding,-,-,-,-,20151212,-
1043004,25414694,M436DRAFT_70008,M436DRAFT_70008,-,-,Unknown,-,vacuolar protein sorting 55,protein-coding,-,-,-,-,20160917,-
1043004,25414695,M436DRAFT_70010,M436DRAFT_70010,-,-,Unknown,-,"hydrolase, alpha/beta fold family",protein-coding,-,-,-,-,20160917,-
1043004,25414696,M436DRAFT_70011,M436DRAFT_70011,-,-,Unknown,-,UPF0220-domain-containing protein,protein-coding,-,-,-,-,20160917,-
1043004,25414697,M436DRAFT_70015,M436DRAFT_70015,-,-,Unknown,-,small oligopeptide transporter,protein-coding,-,-,-,-,20160917,-
1043004,25414698,M436DRAFT_70028,M436DRAFT_70028,-,-,Unknown,-,hypothetical protein,protein-coding,-,-,-,-,20160917,-
1043004,25414699,M436DRAFT_70031,M436DRAFT_70031,-,-,Unknown,-,Clavaminate synthase-like protein,protein-coding,-,-,-,-,20160917,-
1043004,25414700,M436DRAFT_70032,M436DRAFT_70032,-,-,Unknown,-,hypothetical protein,protein-coding,-,-,-,-,20160917,-
1043004,25414701,M436DRAFT_70039,M436DRAFT_70039,-,-,Unknown,-,hypothetical protein,protein-coding,-,-,-,-,20160917,-
1043004,25414702,M436DRAFT_70045,M436DRAFT_70045,-,-,Unknown,-,thioredoxin reductase,protein-coding,-,-,-,-,20160917,-
1043004,25414703,M436DRAFT_70046,M436DRAFT_70046,-,-,Unknown,-,hypothetical protein,protein-coding,-,-,-,-,20160917,-
1043004,25414704,M436DRAFT_70053,M436DRAFT_70053,-,-,Unknown,-,hypothetical protein,protein-coding,-,-,-,-,20160917,-
1043004,25414705,M436DRAFT_70062,M436DRAFT_70062,-,-,Unknown,-,IFRD domain protein,protein-coding,-,-,-,-,20160917,-
1043004,25414706,M436DRAFT_70065,M436DRAFT_70065,-,-,Unknown,-,PFU-domain-containing protein,protein-coding,-,-,-,-,20160917,-
1043004,25414707,M436DRAFT_70074,M436DRAFT_70074,-,-,Unknown,-,"glucan 1,3-beta-glucosidase",protein-coding,-,-,-,-,20160917,-
1043004,25414708,M436DRAFT_70077,M436DRAFT_70077,-,-,Unknown,-,6-phosphogluconate dehydrogenase C-terminal domain-like protein,protein-coding,-,-,-,-,20160917,-
1043004,25414709,M436DRAFT_70081,M436DRAFT_70081,-,-,Unknown,-,N-acetyltransferas-like protein,protein-coding,-,-,-,-,20160917,-
1043004,25414710,M436DRAFT_70085,M436DRAFT_70085,-,-,Unknown,-,pre protein translocase subunit Sec66,protein-coding,-,-,-,-,20160917,-
1043004,25414711,M436DRAFT_70094,M436DRAFT_70094,-,-,Unknown,-,valyl-tRNA synthetase-like protein,protein-coding,-,-,-,-,20160917,-
1043004,25414712,M436DRAFT_70097,M436DRAFT_70097,-,-,Unknown,-,hypothetical protein,protein-coding,-,-,-,-,20160325,-
1043004,25414713,M436DRAFT_70106,M436DRAFT_70106,-,-,Unknown,-,UV excision repair protein Rad23,protein-coding,-,-,-,-,20160917,-
1043004,25414714,M436DRAFT_70112,M436DRAFT_70112,-,-,Unknown,-,MFS general substrate transporter,protein-coding,-,-,-,-,20160917,-
1043004,25414715,M436DRAFT_70115,M436DRAFT_70115,-,-,Unknown,-,P-loop containing nucleoside triphosphate hydrolase protein,protein-coding,-,-,-,-,20160917,-
1043004,25414716,M436DRAFT_70124,M436DRAFT_70124,-,-,Unknown,-,Mak10-domain-containing protein,protein-coding,-,-,-,-,20160917,-
1043004,25414717,M436DRAFT_70125,M436DRAFT_70125,-,-,Unknown,-,LuxS/MPP-like metallohydrolase,protein-coding,-,-,-,-,20160917,-
1043004,25414718,M436DRAFT_70131,M436DRAFT_70131,-,-,Unknown,-,SPX-domain-containing protein,protein-coding,-,-,-,-,20160917,-
1043004,25414719,M436DRAFT_70132,M436DRAFT_70132,-,-,Unknown,-,hypothetical protein,protein-coding,-,-,-,-,20151212,-
1043004,25414720,M436DRAFT_70133,M436DRAFT_70133,-,-,Unknown,-,hypothetical protein,protein-coding,-,-,-,-,20160917,-
1043004,25414721,M436DRAFT_70135,M436DRAFT_70135,-,-,Unknown,-,"bifunctional 6-phosphofructo-2-kinase/fructose-2,6-bisphosphate 2-phosphatase",protein-coding,-,-,-,-,20160917,-
1043004,25414722,M436DRAFT_70139,M436DRAFT_70139,-,-,Unknown,-,norsolorinic acid reductase,protein-coding,-,-,-,-,20151212,-
1043004,25414723,M436DRAFT_70143,M436DRAFT_70143,-,-,Unknown,-,Arabinanase/levansucrase/invertase,protein-coding,-,-,-,-,20160917,-
1043004,25414724,M436DRAFT_70146,M436DRAFT_70146,-,-,Unknown,-,"NADH dehydrogenase, alpha subcomplex, subunit 8",protein-coding,-,-,-,-,20160917,-
1043004,25414725,M436DRAFT_70156,M436DRAFT_70156,-,-,Unknown,-,kinase-like protein,protein-coding,-,-,-,-,20160917,-
1043004,25414726,M436DRAFT_70163,M436DRAFT_70163,-,-,Unknown,-,hypothetical protein,protein-coding,-,-,-,-,20160917,-
1043004,25414727,M436DRAFT_70170,M436DRAFT_70170,-,-,Unknown,-,putative eukaryotic translation initiation factor subunit eIF2B-gamma,protein-coding,-,-,-,-,20160917,-
1043004,25414728,M436DRAFT_70171,M436DRAFT_70171,-,-,Unknown,-,hypothetical protein,protein-coding,-,-,-,-,20151104,-
1043004,25414729,M436DRAFT_70174,M436DRAFT_70174,-,-,Unknown,-,tRNAHis guanylyltransferase,protein-coding,-,-,-,-,20160917,-
1043004,25414730,M436DRAFT_70180,M436DRAFT_70180,-,-,Unknown,-,argininosuccinate synthase,protein-coding,-,-,-,-,20151212,-
1043004,25414731,M436DRAFT_70185,M436DRAFT_70185,-,-,Unknown,-,mitosis protein dim1,protein-coding,-,-,-,-,20160917,-
1043004,25414732,M436DRAFT_70194,M436DRAFT_70194,-,-,Unknown,-,hypothetical protein,protein-coding,-,-,-,-,20160917,-
1043004,25414733,M436DRAFT_70211,M436DRAFT_70211,-,-,Unknown,-,hypothetical protein,protein-coding,-,-,-,-,20160917,-
1043004,25414734,M436DRAFT_70215,M436DRAFT_70215,-,-,Unknown,-,U3 small nucleolar RNA-associated protein 11,protein-coding,-,-,-,-,20160917,-
1043004,25414735,M436DRAFT_70219,M436DRAFT_70219,-,-,Unknown,-,MFS nicotinic acid transporter-like protein Tna1,protein-coding,-,-,-,-,20160325,-
1043004,25414736,M436DRAFT_70222,M436DRAFT_70222,-,-,Unknown,-,hypothetical protein,protein-coding,-,-,-,-,20151104,-
1043004,25414737,M436DRAFT_70229,M436DRAFT_70229,-,-,Unknown,-,hypothetical protein,protein-coding,-,-,-,-,20160917,-
1043004,25414738,M436DRAFT_70239,M436DRAFT_70239,-,-,Unknown,-,hypothetical protein,protein-coding,-,-,-,-,20160325,-
1043004,25414739,M436DRAFT_70243,M436DRAFT_70243,-,-,Unknown,-,hypothetical protein,protein-coding,-,-,-,-,20151104,-
1043004,25414740,M436DRAFT_70244,M436DRAFT_70244,-,-,Unknown,-,glutaminyl-peptide cyclotransferase,protein-coding,-,-,-,-,20151212,-
1043004,25414741,M436DRAFT_70250,M436DRAFT_70250,-,-,Unknown,-,hypothetical protein,protein-coding,-,-,-,-,20160917,-
1043004,25414742,M436DRAFT_70256,M436DRAFT_70256,-,-,Unknown,-,ribosomal protein L36e,protein-coding,-,-,-,-,20160917,-
1043004,25414743,M436DRAFT_70278,M436DRAFT_70278,-,-,Unknown,-,MFS general substrate transporter,protein-coding,-,-,-,-,20151212,-
1043004,25414744,M436DRAFT_70281,M436DRAFT_70281,-,-,Unknown,-,hypothetical protein,protein-coding,-,-,-,-,20160917,-
1043004,25414745,M436DRAFT_70284,M436DRAFT_70284,-,-,Unknown,-,glycoside hydrolase,protein-coding,-,-,-,-,20160917,-
1043004,25414746,M436DRAFT_70291,M436DRAFT_70291,-,-,Unknown,-,hypothetical protein,protein-coding,-,-,-,-,20160917,-
1043004,25414747,M436DRAFT_70292,M436DRAFT_70292,-,-,Unknown,-,DUF1749-domain-containing protein,protein-coding,-,-,-,-,20160917,-
1043004,25414748,M436DRAFT_70294,M436DRAFT_70294,-,-,Unknown,-,ABC multidrug transporter SitT,protein-coding,-,-,-,-,20160917,-
1043004,25414749,M436DRAFT_70307,M436DRAFT_70307,-,-,Unknown,-,pyruvate carboxylase,protein-coding,-,-,-,-,20160917,-
1043004,25414750,M436DRAFT_70322,M436DRAFT_70322,-,-,Unknown,-,adenosine deaminase,protein-coding,-,-,-,-,20151212,-
1043004,25414751,M436DRAFT_70324,M436DRAFT_70324,-,-,Unknown,-,Metallo-dependent hydrolase,protein-coding,-,-,-,-,20151212,-
1043004,25414752,M436DRAFT_70344,M436DRAFT_70344,-,-,Unknown,-,DnaJ-domain-containing protein,protein-coding,-,-,-,-,20160917,-
1043004,25414753,M436DRAFT_70347,M436DRAFT_70347,-,-,Unknown,-,hypothetical protein,protein-coding,-,-,-,-,20151104,-
1043004,25414754,M436DRAFT_70354,M436DRAFT_70354,-,-,Unknown,-,hypothetical protein,protein-coding,-,-,-,-,20160917,-
1043004,25414755,M436DRAFT_70356,M436DRAFT_70356,-,-,Unknown,-,Pal1-domain-containing protein,protein-coding,-,-,-,-,20160917,-
1043004,25414756,M436DRAFT_70358,M436DRAFT_70358,-,-,Unknown,-,serine/threonine protein phosphatase,protein-coding,-,-,-,-,20151212,-
1043004,25414757,M436DRAFT_70374,M436DRAFT_70374,-,-,Unknown,-,hypothetical protein,protein-coding,-,-,-,-,20160917,-
1043004,25414758,M436DRAFT_70377,M436DRAFT_70377,-,-,Unknown,-,ribosomal protein L32e,protein-coding,-,-,-,-,20160917,-
1043004,25414759,M436DRAFT_70380,M436DRAFT_70380,-,-,Unknown,-,hypothetical protein,protein-coding,-,-,-,-,20160917,-
1043004,25414760,M436DRAFT_70381,M436DRAFT_70381,-,-,Unknown,-,hypothetical protein,protein-coding,-,-,-,-,20151104,-
1043004,25414761,M436DRAFT_70382,M436DRAFT_70382,-,-,Unknown,-,hypothetical protein,protein-coding,-,-,-,-,20160917,-
1043004,25414762,M436DRAFT_70393,M436DRAFT_70393,-,-,Unknown,-,WD40 repeat-like protein,protein-coding,-,-,-,-,20160917,-
1043004,25414763,M436DRAFT_70397,M436DRAFT_70397,-,-,Unknown,-,hypothetical protein,protein-coding,-,-,-,-,20160917,-
1043004,25414764,M436DRAFT_70407,M436DRAFT_70407,-,-,Unknown,-,actin monomer binding protein-like protein,protein-coding,-,-,-,-,20151212,-
1043004,25414765,M436DRAFT_70426,M436DRAFT_70426,-,-,Unknown,-,hypothetical protein,protein-coding,-,-,-,-,20160917,-
1043004,25414766,M436DRAFT_70430,M436DRAFT_70430,-,-,Unknown,-,hypothetical protein,protein-coding,-,-,-,-,20160917,-
1043004,25414767,M436DRAFT_70431,M436DRAFT_70431,-,-,Unknown,-,molecular chaperone,protein-coding,-,-,-,-,20160917,-
1043004,25414768,M436DRAFT_70432,M436DRAFT_70432,-,-,Unknown,-,hypothetical protein,protein-coding,-,-,-,-,20160917,-
1043004,25414769,M436DRAFT_70442,M436DRAFT_70442,-,-,Unknown,-,MFS general substrate transporter,protein-coding,-,-,-,-,20160917,-
1043004,25414770,M436DRAFT_70470,M436DRAFT_70470,-,-,Unknown,-,scytalone dehydratase,protein-coding,-,-,-,-,20210424,-
1043004,25414771,M436DRAFT_70472,M436DRAFT_70472,-,-,Unknown,-,hypothetical protein,protein-coding,-,-,-,-,20151104,-
1043004,25414772,M436DRAFT_70474,M436DRAFT_70474,-,-,Unknown,-,2-nitropropane dioxygenase,protein-coding,-,-,-,-,20160917,-
1043004,25414773,M436DRAFT_70485,M436DRAFT_70485,-,-,Unknown,-,WSC-domain-containing protein,protein-coding,-,-,-,-,20160917,-
1043004,25414774,M436DRAFT_70486,M436DRAFT_70486,-,-,Unknown,-,hypothetical protein,protein-coding,-,-,-,-,20151104,-
1043004,25414775,M436DRAFT_70487,M436DRAFT_70487,-,-,Unknown,-,ribosomal protein L5,protein-coding,-,-,-,-,20160917,-
1043004,25414776,M436DRAFT_70499,M436DRAFT_70499,-,-,Unknown,-,exocyst complex component Sec10,protein-coding,-,-,-,-,20160917,-
1043004,25414777,M436DRAFT_70502,M436DRAFT_70502,-,-,Unknown,-,FRE family ferric-chelate reductase,protein-coding,-,-,-,-,20160917,-
1043004,25414778,M436DRAFT_70504,M436DRAFT_70504,-,-,Unknown,-,hypothetical protein,protein-coding,-,-,-,-,20160917,-
1043004,25414779,M436DRAFT_70511,M436DRAFT_70511,-,-,Unknown,-,dienelactone hydrolase family protein-like protein,protein-coding,-,-,-,-,20160917,-
1043004,25414780,M436DRAFT_70519,M436DRAFT_70519,-,-,Unknown,-,ATP11-domain-containing protein,protein-coding,-,-,-,-,20160917,-
1043004,25414781,M436DRAFT_70524,M436DRAFT_70524,-,-,Unknown,-,hypothetical protein,protein-coding,-,-,-,-,20160917,-
1043004,25414782,M436DRAFT_70531,M436DRAFT_70531,-,-,Unknown,-,NAD-dependent glycerol-3-phosphate dehydrogenase,protein-coding,-,-,-,-,20160917,-
1043004,25414783,M436DRAFT_70532,M436DRAFT_70532,-,-,Unknown,-,hypothetical protein,protein-coding,-,-,-,-,20151104,-
1043004,25414784,M436DRAFT_70533,M436DRAFT_70533,-,-,Unknown,-,glutamine-dependent NAD(+) synthetase,protein-coding,-,-,-,-,20151212,-
1043004,25414785,M436DRAFT_70551,M436DRAFT_70551,-,-,Unknown,-,MFS general substrate transporter,protein-coding,-,-,-,-,20160917,-
1043004,25414786,M436DRAFT_70554,M436DRAFT_70554,-,-,Unknown,-,FMN-linked oxidoreductase,protein-coding,-,-,-,-,20160917,-
1043004,25414787,M436DRAFT_70559,M436DRAFT_70559,-,-,Unknown,-,UBC-like protein,protein-coding,-,-,-,-,20160917,-
1043004,25414788,M436DRAFT_70561,M436DRAFT_70561,-,-,Unknown,-,hypothetical protein,protein-coding,-,-,-,-,20160917,-
1043004,25414789,M436DRAFT_70570,M436DRAFT_70570,-,-,Unknown,-,"ATP synthase F1, alpha subunit",protein-coding,-,-,-,-,20160917,-
1043004,25414790,M436DRAFT_70591,M436DRAFT_70591,-,-,Unknown,-,Ham1-like protein,protein-coding,-,-,-,-,20160917,-
1043004,25414791,M436DRAFT_70598,M436DRAFT_70598,-,-,Unknown,-,GTP cyclohydrolase-like protein II,protein-coding,-,-,-,-,20160917,-
1043004,25414792,M436DRAFT_70604,M436DRAFT_70604,-,-,Unknown,-,alpha/beta-hydrolase,protein-coding,-,-,-,-,20160917,-
1043004,25414793,M436DRAFT_70611,M436DRAFT_70611,-,-,Unknown,-,hypothetical protein,protein-coding,-,-,-,-,20160917,-
1043004,25414794,M436DRAFT_70628,M436DRAFT_70628,-,-,Unknown,-,hypothetical protein,protein-coding,-,-,-,-,20151104,-
1043004,25414795,M436DRAFT_70631,M436DRAFT_70631,-,-,Unknown,-,hypothetical protein,protein-coding,-,-,-,-,20160325,-
1043004,25414796,M436DRAFT_70635,M436DRAFT_70635,-,-,Unknown,-,hypothetical protein,protein-coding,-,-,-,-,20151212,-
1043004,25414797,M436DRAFT_70636,M436DRAFT_70636,-,-,Unknown,-,hypothetical protein,protein-coding,-,-,-,-,20160917,-
1043004,25414798,M436DRAFT_70642,M436DRAFT_70642,-,-,Unknown,-,hypothetical protein,protein-coding,-,-,-,-,20160917,-
1043004,25414799,M436DRAFT_70645,M436DRAFT_70645,-,-,Unknown,-,TPR-like protein,protein-coding,-,-,-,-,20160917,-
1043004,25414800,M436DRAFT_70649,M436DRAFT_70649,-,-,Unknown,-,hypothetical protein,protein-coding,-,-,-,-,20160917,-
1043004,25414801,M436DRAFT_70655,M436DRAFT_70655,-,-,Unknown,-,hypothetical protein,protein-coding,-,-,-,-,20160325,-
1043004,25414802,M436DRAFT_70668,M436DRAFT_70668,-,-,Unknown,-,cytidine deaminase,protein-coding,-,-,-,-,20160917,-
1043004,25414803,M436DRAFT_70669,M436DRAFT_70669,-,-,Unknown,-,NAD(P)-binding protein,protein-coding,-,-,-,-,20151212,-
1043004,25414804,M436DRAFT_70694,M436DRAFT_70694,-,-,Unknown,-,hypothetical protein,protein-coding,-,-,-,-,20160917,-
1043004,25414805,M436DRAFT_70698,M436DRAFT_70698,-,-,Unknown,-,hypothetical protein,protein-coding,-,-,-,-,20151104,-
1043004,25414806,M436DRAFT_70701,M436DRAFT_70701,-,-,Unknown,-,hypothetical protein,protein-coding,-,-,-,-,20160917,-
1043004,25414807,M436DRAFT_70704,M436DRAFT_70704,-,-,Unknown,-,hypothetical protein,protein-coding,-,-,-,-,20160917,-
1043004,25414808,M436DRAFT_70707,M436DRAFT_70707,-,-,Unknown,-,S-adenosyl-L-methionine-dependent methyltransferase,protein-coding,-,-,-,-,20160917,-
1043004,25414809,M436DRAFT_70712,M436DRAFT_70712,-,-,Unknown,-,hypothetical protein,protein-coding,-,-,-,-,20160917,-
1043004,25414810,M436DRAFT_70721,M436DRAFT_70721,-,-,Unknown,-,hypothetical protein,protein-coding,-,-,-,-,20160917,-
1043004,25414811,M436DRAFT_70728,M436DRAFT_70728,-,-,Unknown,-,dienelactone hydrolase,protein-coding,-,-,-,-,20160917,-
1043004,25414812,M436DRAFT_70732,M436DRAFT_70732,-,-,Unknown,-,amidase,protein-coding,-,-,-,-,20160917,-
1043004,25414813,M436DRAFT_70741,M436DRAFT_70741,-,-,Unknown,-,ribosomal protein S17e,protein-coding,-,-,-,-,20160917,-
1043004,25414814,M436DRAFT_70742,M436DRAFT_70742,-,-,Unknown,-,hypothetical protein,protein-coding,-,-,-,-,20160917,-
1043004,25414815,M436DRAFT_70745,M436DRAFT_70745,-,-,Unknown,-,hypothetical protein,protein-coding,-,-,-,-,20160325,-
1043004,25414816,M436DRAFT_70747,M436DRAFT_70747,-,-,Unknown,-,hypothetical protein,protein-coding,-,-,-,-,20160917,-
1043004,25414817,M436DRAFT_70752,M436DRAFT_70752,-,-,Unknown,-,hypothetical protein,protein-coding,-,-,-,-,20160917,-
1043004,25414818,M436DRAFT_70761,M436DRAFT_70761,-,-,Unknown,-,metallopeptidase MepB,protein-coding,-,-,-,-,20160325,-
1043004,25414819,M436DRAFT_70763,M436DRAFT_70763,-,-,Unknown,-,acetyl-CoA synthetase-like protein,protein-coding,-,-,-,-,20151212,-
1043004,25414820,M436DRAFT_70764,M436DRAFT_70764,-,-,Unknown,-,putative aconitate hydratase 2,protein-coding,-,-,-,-,20160917,-
1043004,25414821,M436DRAFT_70770,M436DRAFT_70770,-,-,Unknown,-,hypothetical protein,protein-coding,-,-,-,-,20160917,-
1043004,25414822,M436DRAFT_70771,M436DRAFT_70771,-,-,Unknown,-,ribose 5-phosphate isomerase B,protein-coding,-,-,-,-,20160917,-
1043004,25414823,M436DRAFT_70775,M436DRAFT_70775,-,-,Unknown,-,cytochrome P450,protein-coding,-,-,-,-,20160917,-
1043004,25414824,M436DRAFT_70776,M436DRAFT_70776,-,-,Unknown,-,hypothetical protein,protein-coding,-,-,-,-,20160917,-
1043004,25414825,M436DRAFT_70780,M436DRAFT_70780,-,-,Unknown,-,hypothetical protein,protein-coding,-,-,-,-,20151104,-
1043004,25414826,M436DRAFT_70787,M436DRAFT_70787,-,-,Unknown,-,hypothetical protein,protein-coding,-,-,-,-,20151104,-
1043004,25414827,M436DRAFT_70792,M436DRAFT_70792,-,-,Unknown,-,heme peroxidase,protein-coding,-,-,-,-,20160917,-
1043004,25414828,M436DRAFT_70804,M436DRAFT_70804,-,-,Unknown,-,hypothetical protein,protein-coding,-,-,-,-,20151104,-
1043004,25414829,M436DRAFT_70806,M436DRAFT_70806,-,-,Unknown,-,hypothetical protein,protein-coding,-,-,-,-,20151104,-
1043004,25414830,M436DRAFT_70813,M436DRAFT_70813,-,-,Unknown,-,orotate phosphoribosyltransferase,protein-coding,-,-,-,-,20160917,-
1043004,25414831,M436DRAFT_70822,M436DRAFT_70822,-,-,Unknown,-,putative cytokinesis EF-hand protein Cdc4,protein-coding,-,-,-,-,20160917,-
1043004,25414832,M436DRAFT_70826,M436DRAFT_70826,-,-,Unknown,-,L-lactate/malate dehydrogenase,protein-coding,-,-,-,-,20151212,-
1043004,25414833,M436DRAFT_70830,M436DRAFT_70830,-,-,Unknown,-,hypothetical protein,protein-coding,-,-,-,-,20160917,-
1043004,25414834,M436DRAFT_70840,M436DRAFT_70840,-,-,Unknown,-,hypothetical protein,protein-coding,-,-,-,-,20151104,-
1043004,25414835,M436DRAFT_70841,M436DRAFT_70841,-,-,Unknown,-,hypothetical protein,protein-coding,-,-,-,-,20160917,-
1043004,25414836,M436DRAFT_70844,M436DRAFT_70844,-,-,Unknown,-,ethanolamine-phosphate cytidylyltransferase,protein-coding,-,-,-,-,20160917,-
1043004,25414837,M436DRAFT_70857,M436DRAFT_70857,-,-,Unknown,-,MFS general substrate transporter,protein-coding,-,-,-,-,20160917,-
1043004,25414838,M436DRAFT_70859,M436DRAFT_70859,-,-,Unknown,-,aspartate aminotransferase,protein-coding,-,-,-,-,20160917,-
1043004,25414839,M436DRAFT_70862,M436DRAFT_70862,-,-,Unknown,-,"tetrapyrrole biosynthesis, porphobilinogen synthase",protein-coding,-,-,-,-,20151212,-
1043004,25414840,M436DRAFT_70874,M436DRAFT_70874,-,-,Unknown,-,t-SNARE,protein-coding,-,-,-,-,20160917,-
1043004,25414841,M436DRAFT_70884,M436DRAFT_70884,-,-,Unknown,-,hypothetical protein,protein-coding,-,-,-,-,20160325,-
1043004,25414842,M436DRAFT_70886,M436DRAFT_70886,-,-,Unknown,-,hypothetical protein,protein-coding,-,-,-,-,20151104,-
1043004,25414843,M436DRAFT_70893,M436DRAFT_70893,-,-,Unknown,-,hypothetical protein,protein-coding,-,-,-,-,20160917,-
1043004,25414844,M436DRAFT_70899,M436DRAFT_70899,-,-,Unknown,-,hypothetical protein,protein-coding,-,-,-,-,20151212,-
1043004,25414845,M436DRAFT_70903,M436DRAFT_70903,-,-,Unknown,-,NAD(P)-binding protein,protein-coding,-,-,-,-,20160917,-
1043004,25414846,M436DRAFT_70905,M436DRAFT_70905,-,-,Unknown,-,FAD dependent oxidoreductase,protein-coding,-,-,-,-,20160917,-
1043004,25414847,M436DRAFT_70913,M436DRAFT_70913,-,-,Unknown,-,alpha/beta-hydrolase,protein-coding,-,-,-,-,20160917,-
1043004,25414848,M436DRAFT_70917,M436DRAFT_70917,-,-,Unknown,-,microtubule associated protein,protein-coding,-,-,-,-,20160917,-
1043004,25414849,M436DRAFT_70919,M436DRAFT_70919,-,-,Unknown,-,hypothetical protein,protein-coding,-,-,-,-,20160917,-
1043004,25414850,M436DRAFT_70924,M436DRAFT_70924,-,-,Unknown,-,hypothetical protein,protein-coding,-,-,-,-,20151104,-
1043004,25414851,M436DRAFT_70927,M436DRAFT_70927,-,-,Unknown,-,MFS general substrate transporter,protein-coding,-,-,-,-,20151212,-
1043004,25414852,M436DRAFT_70932,M436DRAFT_70932,-,-,Unknown,-,AMP dependent synthetase and ligase,protein-coding,-,-,-,-,20160917,-
1043004,25414853,M436DRAFT_70935,M436DRAFT_70935,-,-,Unknown,-,hypothetical protein,protein-coding,-,-,-,-,20160917,-
1043004,25414854,M436DRAFT_70947,M436DRAFT_70947,-,-,Unknown,-,hypothetical protein,protein-coding,-,-,-,-,20151104,-
1043004,25414855,M436DRAFT_70961,M436DRAFT_70961,-,-,Unknown,-,hypothetical protein,protein-coding,-,-,-,-,20160917,-
1043004,25414856,M436DRAFT_70964,M436DRAFT_70964,-,-,Unknown,-,hypothetical protein,protein-coding,-,-,-,-,20160917,-
1043004,25414857,M436DRAFT_70971,M436DRAFT_70971,-,-,Unknown,-,aminotransferase,protein-coding,-,-,-,-,20151212,-
1043004,25414858,M436DRAFT_70983,M436DRAFT_70983,-,-,Unknown,-,hypothetical protein,protein-coding,-,-,-,-,20160325,-
1043004,25414859,M436DRAFT_70985,M436DRAFT_70985,-,-,Unknown,-,cyanate hydratase,protein-coding,-,-,-,-,20160917,-
1043004,25414860,M436DRAFT_70989,M436DRAFT_70989,-,-,Unknown,-,hypothetical protein,protein-coding,-,-,-,-,20160917,-
1043004,25414861,M436DRAFT_70990,M436DRAFT_70990,-,-,Unknown,-,NAD binding Rossmann fold oxidoreductase,protein-coding,-,-,-,-,20160917,-
1043004,25414862,M436DRAFT_70991,M436DRAFT_70991,-,-,Unknown,-,hypothetical protein,protein-coding,-,-,-,-,20160917,-
1043004,25414863,M436DRAFT_70992,M436DRAFT_70992,-,-,Unknown,-,NAD(P)-binding protein,protein-coding,-,-,-,-,20151212,-
1043004,25414864,M436DRAFT_70994,M436DRAFT_70994,-,-,Unknown,-,hypothetical protein,protein-coding,-,-,-,-,20160917,-
1043004,25414865,M436DRAFT_71009,M436DRAFT_71009,-,-,Unknown,-,putative eukaryotic translation initiation factor 3 subunit CLU1/TIF31,protein-coding,-,-,-,-,20160917,-
1043004,25414866,M436DRAFT_71011,M436DRAFT_71011,-,-,Unknown,-,hypothetical protein,protein-coding,-,-,-,-,20151104,-
1043004,25414867,M436DRAFT_71013,M436DRAFT_71013,-,-,Unknown,-,inosine monophosphate dehydrogenase,protein-coding,-,-,-,-,20151212,-
1043004,25414868,M436DRAFT_71019,M436DRAFT_71019,-,-,Unknown,-,hypothetical protein,protein-coding,-,-,-,-,20160917,-
1043004,25414869,M436DRAFT_71021,M436DRAFT_71021,-,-,Unknown,-,hypothetical protein,protein-coding,-,-,-,-,20160917,-
1043004,25414870,M436DRAFT_71023,M436DRAFT_71023,-,-,Unknown,-,hypothetical protein,protein-coding,-,-,-,-,20160917,-
1043004,25414871,M436DRAFT_71026,M436DRAFT_71026,-,-,Unknown,-,Non-heme 11 kDa protein of cytochrome bc1 complex,protein-coding,-,-,-,-,20160917,-
1043004,25414872,M436DRAFT_71030,M436DRAFT_71030,-,-,Unknown,-,"endo-1,3-beta-glucanase",protein-coding,-,-,-,-,20160917,-
1043004,25414873,M436DRAFT_71033,M436DRAFT_71033,-,-,Unknown,-,hypothetical protein,protein-coding,-,-,-,-,20160917,-
1043004,25414874,M436DRAFT_71035,M436DRAFT_71035,-,-,Unknown,-,carbon-nitrogen hydrolase,protein-coding,-,-,-,-,20160917,-
1043004,25414875,M436DRAFT_71039,M436DRAFT_71039,-,-,Unknown,-,hypothetical protein,protein-coding,-,-,-,-,20151104,-
1043004,25414876,M436DRAFT_71046,M436DRAFT_71046,-,-,Unknown,-,hypothetical protein,protein-coding,-,-,-,-,20151212,-
1043004,25414877,M436DRAFT_71047,M436DRAFT_71047,-,-,Unknown,-,chaperonin GroL,protein-coding,-,-,-,-,20160917,-
1043004,25414878,M436DRAFT_71048,M436DRAFT_71048,-,-,Unknown,-,subtilisin-like protein,protein-coding,-,-,-,-,20160917,-
1043004,25414879,M436DRAFT_71074,M436DRAFT_71074,-,-,Unknown,-,hypothetical protein,protein-coding,-,-,-,-,20151212,-
1043004,25414880,M436DRAFT_71075,M436DRAFT_71075,-,-,Unknown,-,hypothetical protein,protein-coding,-,-,-,-,20151104,-
1043004,25414881,M436DRAFT_71080,M436DRAFT_71080,-,-,Unknown,-,beta-glucosidase,protein-coding,-,-,-,-,20160917,-
1043004,25414882,M436DRAFT_71081,M436DRAFT_71081,-,-,Unknown,-,hypothetical protein,protein-coding,-,-,-,-,20151212,-
1043004,25414883,M436DRAFT_71085,M436DRAFT_71085,-,-,Unknown,-,Phox-like protein,protein-coding,-,-,-,-,20151212,-
1043004,25414884,M436DRAFT_71088,M436DRAFT_71088,-,-,Unknown,-,HAD-superfamily hydrolase,protein-coding,-,-,-,-,20160917,-
1043004,25414885,M436DRAFT_71096,M436DRAFT_71096,-,-,Unknown,-,cyclophilin-like protein,protein-coding,-,-,-,-,20160917,-
1043004,25414886,M436DRAFT_71098,M436DRAFT_71098,-,-,Unknown,-,hypothetical protein,protein-coding,-,-,-,-,20151104,-
1043004,25414887,M436DRAFT_71100,M436DRAFT_71100,-,-,Unknown,-,deoxyhypusine synthase,protein-coding,-,-,-,-,20160917,-
1043004,25414888,M436DRAFT_71102,M436DRAFT_71102,-,-,Unknown,-,hypothetical protein,protein-coding,-,-,-,-,20160917,-
1043004,25414889,M436DRAFT_71106,M436DRAFT_71106,-,-,Unknown,-,hypothetical protein,protein-coding,-,-,-,-,20151104,-
1043004,25414890,M436DRAFT_71114,M436DRAFT_71114,-,-,Unknown,-,hypothetical protein,protein-coding,-,-,-,-,20160917,-
1043004,25414891,M436DRAFT_71116,M436DRAFT_71116,-,-,Unknown,-,putative alpha/beta-glucosidase agdC,protein-coding,-,-,-,-,20160917,-
1043004,25414892,M436DRAFT_71117,M436DRAFT_71117,-,-,Unknown,-,hypothetical protein,protein-coding,-,-,-,-,20160917,-
1043004,25414893,M436DRAFT_71123,M436DRAFT_71123,-,-,Unknown,-,hypothetical protein,protein-coding,-,-,-,-,20151104,-
1043004,25414894,M436DRAFT_71130,M436DRAFT_71130,-,-,Unknown,-,Pkinase-domain-containing protein,protein-coding,-,-,-,-,20151212,-
1043004,25414895,M436DRAFT_71132,M436DRAFT_71132,-,-,Unknown,-,P-loop containing nucleoside triphosphate hydrolase protein,protein-coding,-,-,-,-,20160917,-
1043004,25414896,M436DRAFT_71134,M436DRAFT_71134,-,-,Unknown,-,hypothetical protein,protein-coding,-,-,-,-,20151104,-
1043004,25414897,M436DRAFT_71151,M436DRAFT_71151,-,-,Unknown,-,hypothetical protein,protein-coding,-,-,-,-,20160917,-
1043004,25414898,M436DRAFT_71157,M436DRAFT_71157,-,-,Unknown,-,hypothetical protein,protein-coding,-,-,-,-,20160917,-
1043004,25414899,M436DRAFT_71166,M436DRAFT_71166,-,-,Unknown,-,cytochrome P450 family protein,protein-coding,-,-,-,-,20160917,-
1043004,25414900,M436DRAFT_71170,M436DRAFT_71170,-,-,Unknown,-,putative MFS monocarboxylate transporter,protein-coding,-,-,-,-,20160917,-
1043004,25414901,M436DRAFT_71177,M436DRAFT_71177,-,-,Unknown,-,hypothetical protein,protein-coding,-,-,-,-,20160325,-
1043004,25414902,M436DRAFT_71182,M436DRAFT_71182,-,-,Unknown,-,Six-hairpin glycosidase,protein-coding,-,-,-,-,20160917,-
1043004,25414903,M436DRAFT_71191,M436DRAFT_71191,-,-,Unknown,-,putative alpha-galactosidase,protein-coding,-,-,-,-,20151212,-
1043004,25414904,M436DRAFT_71197,M436DRAFT_71197,-,-,Unknown,-,hypothetical protein,protein-coding,-,-,-,-,20160917,-
1043004,25414905,M436DRAFT_71201,M436DRAFT_71201,-,-,Unknown,-,hypothetical protein,protein-coding,-,-,-,-,20151104,-
1043004,25414906,M436DRAFT_71203,M436DRAFT_71203,-,-,Unknown,-,acyl-CoA/sterol acyltransferase,protein-coding,-,-,-,-,20160917,-
1043004,25414907,M436DRAFT_71204,M436DRAFT_71204,-,-,Unknown,-,"fimbrin, variant 2",protein-coding,-,-,-,-,20160917,-
1043004,25414908,M436DRAFT_71206,M436DRAFT_71206,-,-,Unknown,-,hypothetical protein,protein-coding,-,-,-,-,20160917,-
1043004,25414909,M436DRAFT_71208,M436DRAFT_71208,-,-,Unknown,-,laccase with copper binding domain,protein-coding,-,-,-,-,20151212,-
1043004,25414910,M436DRAFT_71211,M436DRAFT_71211,-,-,Unknown,-,hypothetical protein,protein-coding,-,-,-,-,20160917,-
1043004,25414911,M436DRAFT_71222,M436DRAFT_71222,-,-,Unknown,-,NAD(P)-binding protein,protein-coding,-,-,-,-,20151212,-
1043004,25414912,M436DRAFT_71228,M436DRAFT_71228,-,-,Unknown,-,20S cyclosome subunit,protein-coding,-,-,-,-,20160917,-
1043004,25414913,M436DRAFT_71229,M436DRAFT_71229,-,-,Unknown,-,cytochrome b560 subunit of succinate dehydrogenase,protein-coding,-,-,-,-,20151212,-
1043004,25414914,M436DRAFT_71232,M436DRAFT_71232,-,-,Unknown,-,hypothetical protein,protein-coding,-,-,-,-,20170520,-
1043004,25414915,M436DRAFT_71233,M436DRAFT_71233,-,-,Unknown,-,CoaE-domain-containing protein,protein-coding,-,-,-,-,20160917,-
1043004,25414916,M436DRAFT_71234,M436DRAFT_71234,-,-,Unknown,-,Ribokinase-like protein,protein-coding,-,-,-,-,20151212,-
1043004,25414917,M436DRAFT_71250,M436DRAFT_71250,-,-,Unknown,-,"peptidase M18, aminopeptidase I",protein-coding,-,-,-,-,20151212,-
1043004,25414918,M436DRAFT_71257,M436DRAFT_71257,-,-,Unknown,-,hypothetical protein,protein-coding,-,-,-,-,20151212,-
1043004,25414919,M436DRAFT_71290,M436DRAFT_71290,-,-,Unknown,-,hypothetical protein,protein-coding,-,-,-,-,20151104,-
1043004,25414920,M436DRAFT_71301,M436DRAFT_71301,-,-,Unknown,-,hypothetical protein,protein-coding,-,-,-,-,20160917,-
1043004,25414921,M436DRAFT_71311,M436DRAFT_71311,-,-,Unknown,-,hypothetical protein,protein-coding,-,-,-,-,20160917,-
1043004,25414922,M436DRAFT_71314,M436DRAFT_71314,-,-,Unknown,-,sugar transporter,protein-coding,-,-,-,-,20160917,-
1043004,25414923,M436DRAFT_71321,M436DRAFT_71321,-,-,Unknown,-,LexA/Signal peptidase,protein-coding,-,-,-,-,20151212,-
1043004,25414924,M436DRAFT_71328,M436DRAFT_71328,-,-,Unknown,-,hypothetical protein,protein-coding,-,-,-,-,20160917,-
1043004,25414925,M436DRAFT_71333,M436DRAFT_71333,-,-,Unknown,-,vacuolar ATP synthase catalytic subunit A,protein-coding,-,-,-,-,20160917,-
1043004,25414926,M436DRAFT_71346,M436DRAFT_71346,-,-,Unknown,-,DNase I-like protein,protein-coding,-,-,-,-,20160917,-
1043004,25414927,M436DRAFT_71347,M436DRAFT_71347,-,-,Unknown,-,hypothetical protein,protein-coding,-,-,-,-,20160917,-
1043004,25414928,M436DRAFT_71350,M436DRAFT_71350,-,-,Unknown,-,putative ABC multidrug transporter,protein-coding,-,-,-,-,20160917,-
1043004,25414929,M436DRAFT_71357,M436DRAFT_71357,-,-,Unknown,-,hypothetical protein,protein-coding,-,-,-,-,20151104,-
1043004,25414930,M436DRAFT_71358,M436DRAFT_71358,-,-,Unknown,-,hypothetical protein,protein-coding,-,-,-,-,20160917,-
1043004,25414931,M436DRAFT_71368,M436DRAFT_71368,-,-,Unknown,-,signal peptidase 22 kDa subunit,protein-coding,-,-,-,-,20160917,-
1043004,25414932,M436DRAFT_71376,M436DRAFT_71376,-,-,Unknown,-,kinase isozyme 4 mitochondrial precursor,protein-coding,-,-,-,-,20160917,-
1043004,25414933,M436DRAFT_71378,M436DRAFT_71378,-,-,Unknown,-,general substrate transporter,protein-coding,-,-,-,-,20160917,-
1043004,25414934,M436DRAFT_71384,M436DRAFT_71384,-,-,Unknown,-,nucleoside diphosphate kinase,protein-coding,-,-,-,-,20160917,-
1043004,25414935,M436DRAFT_71387,M436DRAFT_71387,-,-,Unknown,-,hypothetical protein,protein-coding,-,-,-,-,20151212,-
1043004,25414936,M436DRAFT_71388,M436DRAFT_71388,-,-,Unknown,-,P-loop containing nucleoside triphosphate hydrolase protein,protein-coding,-,-,-,-,20160917,-
1043004,25414937,M436DRAFT_71402,M436DRAFT_71402,-,-,Unknown,-,major facilitator superfamily transporter,protein-coding,-,-,-,-,20151212,-
1043004,25414938,M436DRAFT_71409,M436DRAFT_71409,-,-,Unknown,-,hypothetical protein,protein-coding,-,-,-,-,20151104,-
1043004,25414939,M436DRAFT_71421,M436DRAFT_71421,-,-,Unknown,-,hypothetical protein,protein-coding,-,-,-,-,20160917,-
1043004,25414940,M436DRAFT_71422,M436DRAFT_71422,-,-,Unknown,-,diphthine synthase-like protein,protein-coding,-,-,-,-,20160917,-
1043004,25414941,M436DRAFT_71423,M436DRAFT_71423,-,-,Unknown,-,TFIID-18kDa-domain-containing protein,protein-coding,-,-,-,-,20160325,-
1043004,25414942,M436DRAFT_71429,M436DRAFT_71429,-,-,Unknown,-,heat shock factor binding protein 1,protein-coding,-,-,-,-,20160917,-
1043004,25414943,M436DRAFT_71431,M436DRAFT_71431,-,-,Unknown,-,"mitochondrial import translocase, subunit Tom22",protein-coding,-,-,-,-,20160917,-
1043004,25414944,M436DRAFT_71442,M436DRAFT_71442,-,-,Unknown,-,GPI inositol-deacylase-like protein,protein-coding,-,-,-,-,20160917,-
1043004,25414945,M436DRAFT_71448,M436DRAFT_71448,-,-,Unknown,-,NAD(P)-binding protein,protein-coding,-,-,-,-,20160917,-
1043004,25414946,M436DRAFT_71450,M436DRAFT_71450,-,-,Unknown,-,acyltransferase ChoActase/COT/CPT,protein-coding,-,-,-,-,20160917,-
1043004,25414947,M436DRAFT_71452,M436DRAFT_71452,-,-,Unknown,-,alcohol dehydrogenase,protein-coding,-,-,-,-,20151212,-
1043004,25414948,M436DRAFT_71459,M436DRAFT_71459,-,-,Unknown,-,hypothetical protein,protein-coding,-,-,-,-,20151104,-
1043004,25414949,M436DRAFT_71465,M436DRAFT_71465,-,-,Unknown,-,hypothetical protein,protein-coding,-,-,-,-,20151104,-
1043004,25414950,M436DRAFT_71468,M436DRAFT_71468,-,-,Unknown,-,hypothetical protein,protein-coding,-,-,-,-,20160917,-
1043004,25414951,M436DRAFT_71474,M436DRAFT_71474,-,-,Unknown,-,putative ferulic acid Esterase/Feruloyl esterase precursor,protein-coding,-,-,-,-,20160917,-
1043004,25414952,M436DRAFT_71476,M436DRAFT_71476,-,-,Unknown,-,alpha-L RNA-binding motif-containing protein,protein-coding,-,-,-,-,20151212,-
1043004,25414953,M436DRAFT_71477,M436DRAFT_71477,-,-,Unknown,-,GCN5-related N-acetyltransferas-like protein,protein-coding,-,-,-,-,20160917,-
1043004,25414954,M436DRAFT_71487,M436DRAFT_71487,-,-,Unknown,-,putative cytochrome c peroxidase Ccp1,protein-coding,-,-,-,-,20160917,-
1043004,25414955,M436DRAFT_71488,M436DRAFT_71488,-,-,Unknown,-,acyl-CoA N-acyltransferase,protein-coding,-,-,-,-,20160917,-
1043004,25414956,M436DRAFT_71493,M436DRAFT_71493,-,-,Unknown,-,tRNA ligase,protein-coding,-,-,-,-,20160917,-
1043004,25414957,M436DRAFT_71499,M436DRAFT_71499,-,-,Unknown,-,hypothetical protein,protein-coding,-,-,-,-,20160917,-
1043004,25414958,M436DRAFT_71500,M436DRAFT_71500,-,-,Unknown,-,hypothetical protein,protein-coding,-,-,-,-,20151212,-
1043004,25414959,M436DRAFT_71509,M436DRAFT_71509,-,-,Unknown,-,hypothetical protein,protein-coding,-,-,-,-,20160917,-
1043004,25414960,M436DRAFT_71522,M436DRAFT_71522,-,-,Unknown,-,hypothetical protein,protein-coding,-,-,-,-,20151104,-
1043004,25414961,M436DRAFT_71542,M436DRAFT_71542,-,-,Unknown,-,hypothetical protein,protein-coding,-,-,-,-,20160917,-
1043004,25414962,M436DRAFT_71545,M436DRAFT_71545,-,-,Unknown,-,hypothetical protein,protein-coding,-,-,-,-,20151104,-
1043004,25414963,M436DRAFT_71547,M436DRAFT_71547,-,-,Unknown,-,MFS general substrate transporter,protein-coding,-,-,-,-,20160917,-
1043004,25414964,M436DRAFT_71549,M436DRAFT_71549,-,-,Unknown,-,hypothetical protein,protein-coding,-,-,-,-,20160917,-
1043004,25414965,M436DRAFT_71573,M436DRAFT_71573,-,-,Unknown,-,hypothetical protein,protein-coding,-,-,-,-,20151212,-
1043004,25414966,M436DRAFT_71576,M436DRAFT_71576,-,-,Unknown,-,putative TPA: cytochrome P450 oxidoreductase,protein-coding,-,-,-,-,20160917,-
1043004,25414967,M436DRAFT_71577,M436DRAFT_71577,-,-,Unknown,-,putative cytochrome P450,protein-coding,-,-,-,-,20160917,-
1043004,25414968,M436DRAFT_71578,M436DRAFT_71578,-,-,Unknown,-,short chain dehydrogenase reductase,protein-coding,-,-,-,-,20160917,-
1043004,25414969,M436DRAFT_71586,M436DRAFT_71586,-,-,Unknown,-,hypothetical protein,protein-coding,-,-,-,-,20160917,-
1043004,25414970,M436DRAFT_71593,M436DRAFT_71593,-,-,Unknown,-,hypothetical protein,protein-coding,-,-,-,-,20151104,-
1043004,25414971,M436DRAFT_71599,M436DRAFT_71599,-,-,Unknown,-,kinesin-domain-containing protein,protein-coding,-,-,-,-,20151212,-
1043004,25414972,M436DRAFT_71617,M436DRAFT_71617,-,-,Unknown,-,hypothetical protein,protein-coding,-,-,-,-,20151104,-
1043004,25414973,M436DRAFT_71632,M436DRAFT_71632,-,-,Unknown,-,hypothetical protein,protein-coding,-,-,-,-,20151104,-
1043004,25414974,M436DRAFT_71641,M436DRAFT_71641,-,-,Unknown,-,hypothetical protein,protein-coding,-,-,-,-,20151212,-
1043004,25414975,M436DRAFT_71651,M436DRAFT_71651,-,-,Unknown,-,c-24(28) sterol reductase,protein-coding,-,-,-,-,20160917,-
1043004,25414976,M436DRAFT_71655,M436DRAFT_71655,-,-,Unknown,-,putative maleylacetate reductase,protein-coding,-,-,-,-,20151212,-
1043004,25414977,M436DRAFT_71660,M436DRAFT_71660,-,-,Unknown,-,ubiquitin binding protein,protein-coding,-,-,-,-,20160917,-
1043004,25414978,M436DRAFT_71672,M436DRAFT_71672,-,-,Unknown,-,alpha/beta-hydrolase,protein-coding,-,-,-,-,20160917,-
1043004,25414979,M436DRAFT_71677,M436DRAFT_71677,-,-,Unknown,-,hypothetical protein,protein-coding,-,-,-,-,20160917,-
1043004,25414980,M436DRAFT_71682,M436DRAFT_71682,-,-,Unknown,-,hypothetical protein,protein-coding,-,-,-,-,20160917,-
1043004,25414981,M436DRAFT_71684,M436DRAFT_71684,-,-,Unknown,-,putative beta-mannosidase,protein-coding,-,-,-,-,20160917,-
1043004,25414982,M436DRAFT_71688,M436DRAFT_71688,-,-,Unknown,-,MFS general substrate transporter,protein-coding,-,-,-,-,20151212,-
1043004,25414983,M436DRAFT_71692,M436DRAFT_71692,-,-,Unknown,-,hypothetical protein,protein-coding,-,-,-,-,20160917,-
1043004,25414984,M436DRAFT_71696,M436DRAFT_71696,-,-,Unknown,-,hypothetical protein,protein-coding,-,-,-,-,20160917,-
1043004,25414985,M436DRAFT_71697,M436DRAFT_71697,-,-,Unknown,-,hypothetical protein,protein-coding,-,-,-,-,20160917,-
1043004,25414986,M436DRAFT_71698,M436DRAFT_71698,-,-,Unknown,-,hypothetical protein,protein-coding,-,-,-,-,20151104,-
1043004,25414987,M436DRAFT_71701,M436DRAFT_71701,-,-,Unknown,-,glutathione degradosome,protein-coding,-,-,-,-,20160917,-
1043004,25414988,M436DRAFT_71705,M436DRAFT_71705,-,-,Unknown,-,cytochrome P450,protein-coding,-,-,-,-,20160917,-
1043004,25414989,M436DRAFT_71706,M436DRAFT_71706,-,-,Unknown,-,peptidase C13 family protein,protein-coding,-,-,-,-,20160917,-
1043004,25414990,M436DRAFT_71713,M436DRAFT_71713,-,-,Unknown,-,PCI-domain-containing protein,protein-coding,-,-,-,-,20160917,-
1043004,25414991,M436DRAFT_71720,M436DRAFT_71720,-,-,Unknown,-,hypothetical protein,protein-coding,-,-,-,-,20160917,-
1043004,25414992,M436DRAFT_71721,M436DRAFT_71721,-,-,Unknown,-,glutamate decarboxylase,protein-coding,-,-,-,-,20151212,-
1043004,25414993,M436DRAFT_71728,M436DRAFT_71728,-,-,Unknown,-,hypothetical protein,protein-coding,-,-,-,-,20151212,-
1043004,25414994,M436DRAFT_71745,M436DRAFT_71745,-,-,Unknown,-,mandelate racemase/muconate lactonizing enzyme family protein,protein-coding,-,-,-,-,20151212,-
1043004,25414995,M436DRAFT_71746,M436DRAFT_71746,-,-,Unknown,-,hypothetical protein,protein-coding,-,-,-,-,20160917,-
1043004,25414996,M436DRAFT_71751,M436DRAFT_71751,-,-,Unknown,-,aquaporin-like protein,protein-coding,-,-,-,-,20160917,-
1043004,25414997,M436DRAFT_71758,M436DRAFT_71758,-,-,Unknown,-,hypothetical protein,protein-coding,-,-,-,-,20160917,-
1043004,25414998,M436DRAFT_71762,M436DRAFT_71762,-,-,Unknown,-,hypothetical protein,protein-coding,-,-,-,-,20151104,-
1043004,25414999,M436DRAFT_71772,M436DRAFT_71772,-,-,Unknown,-,hypothetical protein,protein-coding,-,-,-,-,20160917,-
1043004,25415000,M436DRAFT_71791,M436DRAFT_71791,-,-,Unknown,-,thioredoxin-like protein,protein-coding,-,-,-,-,20151212,-
1043004,25415001,M436DRAFT_71795,M436DRAFT_71795,-,-,Unknown,-,"putative integral membrane protein, Mpv17/PMP22 family",protein-coding,-,-,-,-,20160917,-
1043004,25415002,M436DRAFT_71797,M436DRAFT_71797,-,-,Unknown,-,t-SNARE,protein-coding,-,-,-,-,20160917,-
1043004,25415003,M436DRAFT_71801,M436DRAFT_71801,-,-,Unknown,-,hypothetical protein,protein-coding,-,-,-,-,20151212,-
1043004,25415004,M436DRAFT_71810,M436DRAFT_71810,-,-,Unknown,-,hypothetical protein,protein-coding,-,-,-,-,20160917,-
1043004,25415005,M436DRAFT_71812,M436DRAFT_71812,-,-,Unknown,-,hypothetical protein,protein-coding,-,-,-,-,20160917,-
1043004,25415006,M436DRAFT_71813,M436DRAFT_71813,-,-,Unknown,-,hypothetical protein,protein-coding,-,-,-,-,20151104,-
1043004,25415007,M436DRAFT_71815,M436DRAFT_71815,-,-,Unknown,-,hypothetical protein,protein-coding,-,-,-,-,20151212,-
1043004,25415008,M436DRAFT_71822,M436DRAFT_71822,-,-,Unknown,-,hypothetical protein,protein-coding,-,-,-,-,20151104,-
1043004,25415009,M436DRAFT_71833,M436DRAFT_71833,-,-,Unknown,-,DUF125-domain-containing protein,protein-coding,-,-,-,-,20151212,-
1043004,25415010,M436DRAFT_71839,M436DRAFT_71839,-,-,Unknown,-,hypothetical protein,protein-coding,-,-,-,-,20160917,-
1043004,25415011,M436DRAFT_71841,M436DRAFT_71841,-,-,Unknown,-,lysophospholipase Plb3,protein-coding,-,-,-,-,20160917,-
1043004,25415012,M436DRAFT_71851,M436DRAFT_71851,-,-,Unknown,-,NAD(P)-binding protein,protein-coding,-,-,-,-,20160917,-
1043004,25415013,M436DRAFT_71861,M436DRAFT_71861,-,-,Unknown,-,hypothetical protein,protein-coding,-,-,-,-,20160917,-
1043004,25415014,M436DRAFT_71862,M436DRAFT_71862,-,-,Unknown,-,putative methionine-R-sulfoxide reductase SelR,protein-coding,-,-,-,-,20160917,-
1043004,25415015,M436DRAFT_71869,M436DRAFT_71869,-,-,Unknown,-,hypothetical protein,protein-coding,-,-,-,-,20151212,-
1043004,25415016,M436DRAFT_71871,M436DRAFT_71871,-,-,Unknown,-,hypothetical protein,protein-coding,-,-,-,-,20160917,-
1043004,25415017,M436DRAFT_71873,M436DRAFT_71873,-,-,Unknown,-,NAD(P)-binding protein,protein-coding,-,-,-,-,20160917,-
1043004,25415018,M436DRAFT_71874,M436DRAFT_71874,-,-,Unknown,-,DUF500-domain-containing protein,protein-coding,-,-,-,-,20151212,-
1043004,25415019,M436DRAFT_71884,M436DRAFT_71884,-,-,Unknown,-,NADH:ubiquinone oxidoreductase 20.1kD subunit,protein-coding,-,-,-,-,20160917,-
1043004,25415020,M436DRAFT_71887,M436DRAFT_71887,-,-,Unknown,-,hypothetical protein,protein-coding,-,-,-,-,20151104,-
1043004,25415021,M436DRAFT_71900,M436DRAFT_71900,-,-,Unknown,-,hypothetical protein,protein-coding,-,-,-,-,20160917,-
1043004,25415022,M436DRAFT_71910,M436DRAFT_71910,-,-,Unknown,-,xaa-pro dipeptidase app,protein-coding,-,-,-,-,20160917,-
1043004,25415023,M436DRAFT_71912,M436DRAFT_71912,-,-,Unknown,-,PLP-dependent transferase,protein-coding,-,-,-,-,20160917,-
1043004,25415024,M436DRAFT_71914,M436DRAFT_71914,-,-,Unknown,-,hypothetical protein,protein-coding,-,-,-,-,20160917,-
1043004,25415025,M436DRAFT_71915,M436DRAFT_71915,-,-,Unknown,-,hypothetical protein,protein-coding,-,-,-,-,20151104,-
1043004,25415026,M436DRAFT_71916,M436DRAFT_71916,-,-,Unknown,-,hypothetical protein,protein-coding,-,-,-,-,20160917,-
1043004,25415027,M436DRAFT_71918,M436DRAFT_71918,-,-,Unknown,-,acid phosphatase,protein-coding,-,-,-,-,20160917,-
1043004,25415028,M436DRAFT_71928,M436DRAFT_71928,-,-,Unknown,-,hypothetical protein,protein-coding,-,-,-,-,20151104,-
1043004,25415029,M436DRAFT_71936,M436DRAFT_71936,-,-,Unknown,-,putative MFS transporter,protein-coding,-,-,-,-,20160917,-
1043004,25415030,M436DRAFT_71951,M436DRAFT_71951,-,-,Unknown,-,hypothetical protein,protein-coding,-,-,-,-,20160325,-
1043004,25415031,M436DRAFT_71960,M436DRAFT_71960,-,-,Unknown,-,hypothetical protein,protein-coding,-,-,-,-,20151212,-
1043004,25415032,M436DRAFT_71965,M436DRAFT_71965,-,-,Unknown,-,lactoylglutathione lyase-like protein,protein-coding,-,-,-,-,20151212,-
1043004,25415033,M436DRAFT_71968,M436DRAFT_71968,-,-,Unknown,-,hypothetical protein,protein-coding,-,-,-,-,20160917,-
1043004,25415034,M436DRAFT_71974,M436DRAFT_71974,-,-,Unknown,-,hypothetical protein,protein-coding,-,-,-,-,20160917,-
1043004,25415035,M436DRAFT_71977,M436DRAFT_71977,-,-,Unknown,-,hypothetical protein,protein-coding,-,-,-,-,20160917,-
1043004,25415036,M436DRAFT_71979,M436DRAFT_71979,-,-,Unknown,-,hypothetical protein,protein-coding,-,-,-,-,20160917,-
1043004,25415037,M436DRAFT_71986,M436DRAFT_71986,-,-,Unknown,-,family 18 chitinase glycoside hydrolase,protein-coding,-,-,-,-,20160917,-
1043004,25415038,M436DRAFT_71994,M436DRAFT_71994,-,-,Unknown,-,L-lactate dehydrogenase,protein-coding,-,-,-,-,20160917,-
1043004,25415039,M436DRAFT_71999,M436DRAFT_71999,-,-,Unknown,-,retrograde regulation protein 2,protein-coding,-,-,-,-,20160917,-
1043004,25415040,M436DRAFT_72000,M436DRAFT_72000,-,-,Unknown,-,hypothetical protein,protein-coding,-,-,-,-,20151104,-
1043004,25415041,M436DRAFT_72001,M436DRAFT_72001,-,-,Unknown,-,hypothetical protein,protein-coding,-,-,-,-,20160917,-
1043004,25415042,M436DRAFT_72006,M436DRAFT_72006,-,-,Unknown,-,MFS general substrate transporter,protein-coding,-,-,-,-,20160917,-
1043004,25415043,M436DRAFT_72008,M436DRAFT_72008,-,-,Unknown,-,hypothetical protein,protein-coding,-,-,-,-,20151104,-
1043004,25415044,M436DRAFT_72024,M436DRAFT_72024,-,-,Unknown,-,Poly(A) polymerase,protein-coding,-,-,-,-,20160917,-
1043004,25415045,M436DRAFT_72028,M436DRAFT_72028,-,-,Unknown,-,hypothetical protein,protein-coding,-,-,-,-,20151104,-
1043004,25415046,M436DRAFT_72033,M436DRAFT_72033,-,-,Unknown,-,hypothetical protein,protein-coding,-,-,-,-,20151104,-
1043004,25415047,M436DRAFT_72054,M436DRAFT_72054,-,-,Unknown,-,hypothetical protein,protein-coding,-,-,-,-,20160917,-
1043004,25415048,M436DRAFT_72063,M436DRAFT_72063,-,-,Unknown,-,histidinol-phosphatase,protein-coding,-,-,-,-,20160917,-
1043004,25415049,M436DRAFT_72069,M436DRAFT_72069,-,-,Unknown,-,mitochondrial carrier,protein-coding,-,-,-,-,20160917,-
1043004,25415050,M436DRAFT_72080,M436DRAFT_72080,-,-,Unknown,-,Zip-domain-containing protein,protein-coding,-,-,-,-,20160917,-
1043004,25415051,M436DRAFT_72088,M436DRAFT_72088,-,-,Unknown,-,aldolase,protein-coding,-,-,-,-,20151212,-
1043004,25415052,M436DRAFT_72092,M436DRAFT_72092,-,-,Unknown,-,hypothetical protein,protein-coding,-,-,-,-,20151104,-
1043004,25415053,M436DRAFT_72096,M436DRAFT_72096,-,-,Unknown,-,ferric reductase like transmembrane component,protein-coding,-,-,-,-,20160917,-
1043004,25415054,M436DRAFT_72099,M436DRAFT_72099,-,-,Unknown,-,hypothetical protein,protein-coding,-,-,-,-,20151104,-
1043004,25415055,M436DRAFT_72102,M436DRAFT_72102,-,-,Unknown,-,hypothetical protein,protein-coding,-,-,-,-,20151104,-
1043004,25415056,M436DRAFT_72105,M436DRAFT_72105,-,-,Unknown,-,Hsp90 co-chaperone AHA1,protein-coding,-,-,-,-,20160917,-
1043004,25415057,M436DRAFT_72106,M436DRAFT_72106,-,-,Unknown,-,hypothetical protein,protein-coding,-,-,-,-,20160917,-
1043004,25415058,M436DRAFT_72112,M436DRAFT_72112,-,-,Unknown,-,WD40 repeat-like protein,protein-coding,-,-,-,-,20160917,-
1043004,25415059,M436DRAFT_72118,M436DRAFT_72118,-,-,Unknown,-,Triosephosphate isomerase,protein-coding,-,-,-,-,20160917,-
1043004,25415060,M436DRAFT_72119,M436DRAFT_72119,-,-,Unknown,-,hypothetical protein,protein-coding,-,-,-,-,20160917,-
1043004,25415061,M436DRAFT_72120,M436DRAFT_72120,-,-,Unknown,-,hypothetical protein,protein-coding,-,-,-,-,20160917,-
1043004,25415062,M436DRAFT_72125,M436DRAFT_72125,-,-,Unknown,-,hypothetical protein,protein-coding,-,-,-,-,20160917,-
1043004,25415063,M436DRAFT_72128,M436DRAFT_72128,-,-,Unknown,-,signal recognition particle receptor beta subunit,protein-coding,-,-,-,-,20151212,-
1043004,25415064,M436DRAFT_72135,M436DRAFT_72135,-,-,Unknown,-,hypothetical protein,protein-coding,-,-,-,-,20160917,-
1043004,25415065,M436DRAFT_72140,M436DRAFT_72140,-,-,Unknown,-,hypothetical protein,protein-coding,-,-,-,-,20151104,-
1043004,25415066,M436DRAFT_72146,M436DRAFT_72146,-,-,Unknown,-,putative ABC transporter,protein-coding,-,-,-,-,20160917,-
1043004,25415067,M436DRAFT_72151,M436DRAFT_72151,-,-,Unknown,-,DUF221-domain-containing protein,protein-coding,-,-,-,-,20160917,-
1043004,25415068,M436DRAFT_72158,M436DRAFT_72158,-,-,Unknown,-,"dTDP-glucose 4,6-dehydratase",protein-coding,-,-,-,-,20151212,-
1043004,25415069,M436DRAFT_72167,M436DRAFT_72167,-,-,Unknown,-,Mob1/phocein,protein-coding,-,-,-,-,20160917,-
1043004,25415070,M436DRAFT_72173,M436DRAFT_72173,-,-,Unknown,-,hypothetical protein,protein-coding,-,-,-,-,20160917,-
1043004,25415071,M436DRAFT_72182,M436DRAFT_72182,-,-,Unknown,-,hypothetical protein,protein-coding,-,-,-,-,20160917,-
1043004,25415072,M436DRAFT_72184,M436DRAFT_72184,-,-,Unknown,-,heme oxygenase-like protein,protein-coding,-,-,-,-,20160917,-
1043004,25415073,M436DRAFT_72187,M436DRAFT_72187,-,-,Unknown,-,hypothetical protein,protein-coding,-,-,-,-,20160917,-
1043004,25415074,M436DRAFT_72193,M436DRAFT_72193,-,-,Unknown,-,ribosomal protein L2,protein-coding,-,-,-,-,20160917,-
1043004,25415075,M436DRAFT_72194,M436DRAFT_72194,-,-,Unknown,-,A/B/D/E cyclin,protein-coding,-,-,-,-,20160917,-
1043004,25415076,M436DRAFT_72196,M436DRAFT_72196,-,-,Unknown,-,P-loop containing nucleoside triphosphate hydrolase protein,protein-coding,-,-,-,-,20160917,-
1043004,25415077,M436DRAFT_72202,M436DRAFT_72202,-,-,Unknown,-,hypothetical protein,protein-coding,-,-,-,-,20160917,-
1043004,25415078,M436DRAFT_72216,M436DRAFT_72216,-,-,Unknown,-,E set domain-containing protein,protein-coding,-,-,-,-,20160917,-
1043004,25415079,M436DRAFT_72222,M436DRAFT_72222,-,-,Unknown,-,WD repeat domain phosphoinositide-interacting protein,protein-coding,-,-,-,-,20160917,-
1043004,25415080,M436DRAFT_72224,M436DRAFT_72224,-,-,Unknown,-,hypothetical protein,protein-coding,-,-,-,-,20151212,-
1043004,25415081,M436DRAFT_72233,M436DRAFT_72233,-,-,Unknown,-,Aldo/keto reductase,protein-coding,-,-,-,-,20151212,-
1043004,25415082,M436DRAFT_72243,M436DRAFT_72243,-,-,Unknown,-,acyl-CoA dehydrogenase,protein-coding,-,-,-,-,20160917,-
1043004,25415083,M436DRAFT_72252,M436DRAFT_72252,-,-,Unknown,-,carbohydrate esterase family 8 protein,protein-coding,-,-,-,-,20160917,-
1043004,25415084,M436DRAFT_72256,M436DRAFT_72256,-,-,Unknown,-,Phosphotyrosyl phosphatase activator,protein-coding,-,-,-,-,20160917,-
1043004,25415085,M436DRAFT_72268,M436DRAFT_72268,-,-,Unknown,-,hypothetical protein,protein-coding,-,-,-,-,20160917,-
1043004,25415086,M436DRAFT_72272,M436DRAFT_72272,-,-,Unknown,-,hypothetical protein,protein-coding,-,-,-,-,20151104,-
1043004,25415087,M436DRAFT_72273,M436DRAFT_72273,-,-,Unknown,-,hypothetical protein,protein-coding,-,-,-,-,20160917,-
1043004,25415088,M436DRAFT_72279,M436DRAFT_72279,-,-,Unknown,-,Mago nashi protein,protein-coding,-,-,-,-,20160917,-
1043004,25415089,M436DRAFT_72292,M436DRAFT_72292,-,-,Unknown,-,hypothetical protein,protein-coding,-,-,-,-,20151212,-
1043004,25415090,M436DRAFT_72295,M436DRAFT_72295,-,-,Unknown,-,FSH1-domain-containing protein,protein-coding,-,-,-,-,20160917,-
1043004,25415091,M436DRAFT_72296,M436DRAFT_72296,-,-,Unknown,-,hypothetical protein,protein-coding,-,-,-,-,20160917,-
1043004,25415092,M436DRAFT_72303,M436DRAFT_72303,-,-,Unknown,-,DUF1772-domain-containing protein,protein-coding,-,-,-,-,20160917,-
1043004,25415093,M436DRAFT_72305,M436DRAFT_72305,-,-,Unknown,-,Pkinase-domain-containing protein,protein-coding,-,-,-,-,20160917,-
1043004,25415094,M436DRAFT_72312,M436DRAFT_72312,-,-,Unknown,-,DEAD/DEAH box helicase,protein-coding,-,-,-,-,20151212,-
1043004,25415095,M436DRAFT_72320,M436DRAFT_72320,-,-,Unknown,-,hypothetical protein,protein-coding,-,-,-,-,20151104,-
1043004,25415096,M436DRAFT_72323,M436DRAFT_72323,-,-,Unknown,-,mismatch repair protein 5,protein-coding,-,-,-,-,20160917,-
1043004,25415097,M436DRAFT_72339,M436DRAFT_72339,-,-,Unknown,-,DOT1-domain-containing protein,protein-coding,-,-,-,-,20160917,-
1043004,25415098,M436DRAFT_72343,M436DRAFT_72343,-,-,Unknown,-,ARM repeat-containing protein,protein-coding,-,-,-,-,20160917,-
1043004,25415099,M436DRAFT_72346,M436DRAFT_72346,-,-,Unknown,-,hypothetical protein,protein-coding,-,-,-,-,20151104,-
1043004,25415100,M436DRAFT_72352,M436DRAFT_72352,-,-,Unknown,-,ubiquitin-like protein,protein-coding,-,-,-,-,20151212,-
1043004,25415101,M436DRAFT_72353,M436DRAFT_72353,-,-,Unknown,-,DUF1903-domain-containing protein,protein-coding,-,-,-,-,20160917,-
1043004,25415102,M436DRAFT_72361,M436DRAFT_72361,-,-,Unknown,-,hypothetical protein,protein-coding,-,-,-,-,20151212,-
1043004,25415103,M436DRAFT_72362,M436DRAFT_72362,-,-,Unknown,-,alpha-glucosidase,protein-coding,-,-,-,-,20151212,-
1043004,25415104,M436DRAFT_72377,M436DRAFT_72377,-,-,Unknown,-,hypothetical protein,protein-coding,-,-,-,-,20151104,-
1043004,25415105,M436DRAFT_72378,M436DRAFT_72378,-,-,Unknown,-,hypothetical protein,protein-coding,-,-,-,-,20160917,-
1043004,25415106,M436DRAFT_72387,M436DRAFT_72387,-,-,Unknown,-,hypothetical protein,protein-coding,-,-,-,-,20151104,-
1043004,25415107,M436DRAFT_72388,M436DRAFT_72388,-,-,Unknown,-,putative cell division control protein,protein-coding,-,-,-,-,20160917,-
1043004,25415108,M436DRAFT_72392,M436DRAFT_72392,-,-,Unknown,-,hypothetical protein,protein-coding,-,-,-,-,20160917,-
1043004,25415109,M436DRAFT_72393,M436DRAFT_72393,-,-,Unknown,-,ATP-dependent DNA ligase,protein-coding,-,-,-,-,20160917,-
1043004,25415110,M436DRAFT_72400,M436DRAFT_72400,-,-,Unknown,-,general substrate transporter,protein-coding,-,-,-,-,20160917,-
1043004,25415111,M436DRAFT_72413,M436DRAFT_72413,-,-,Unknown,-,EF-hand,protein-coding,-,-,-,-,20160917,-
1043004,25415112,M436DRAFT_72415,M436DRAFT_72415,-,-,Unknown,-,hypothetical protein,protein-coding,-,-,-,-,20160917,-
1043004,25415113,M436DRAFT_72424,M436DRAFT_72424,-,-,Unknown,-,RWD repeat domain-containing protein,protein-coding,-,-,-,-,20160917,-
1043004,25415114,M436DRAFT_72425,M436DRAFT_72425,-,-,Unknown,-,hypothetical protein,protein-coding,-,-,-,-,20151104,-
1043004,25415115,M436DRAFT_72427,M436DRAFT_72427,-,-,Unknown,-,hypothetical protein,protein-coding,-,-,-,-,20151212,-
1043004,25415116,M436DRAFT_72428,M436DRAFT_72428,-,-,Unknown,-,phosphatidylinositol phospholipase C,protein-coding,-,-,-,-,20151212,-
1043004,25415117,M436DRAFT_72441,M436DRAFT_72441,-,-,Unknown,-,hypothetical protein,protein-coding,-,-,-,-,20160917,-
1043004,25415118,M436DRAFT_72444,M436DRAFT_72444,-,-,Unknown,-,hypothetical protein,protein-coding,-,-,-,-,20151104,-
1043004,25415119,M436DRAFT_72446,M436DRAFT_72446,-,-,Unknown,-,hypothetical protein,protein-coding,-,-,-,-,20151104,-
1043004,25415120,M436DRAFT_72452,M436DRAFT_72452,-,-,Unknown,-,hypothetical protein,protein-coding,-,-,-,-,20160917,-
1043004,25415121,M436DRAFT_72453,M436DRAFT_72453,-,-,Unknown,-,hypothetical protein,protein-coding,-,-,-,-,20151104,-
1043004,25415122,M436DRAFT_72456,M436DRAFT_72456,-,-,Unknown,-,hypothetical protein,protein-coding,-,-,-,-,20151104,-
1043004,25415123,M436DRAFT_72463,M436DRAFT_72463,-,-,Unknown,-,pectin lyase-like protein,protein-coding,-,-,-,-,20160917,-
1043004,25415124,M436DRAFT_72469,M436DRAFT_72469,-,-,Unknown,-,hypothetical protein,protein-coding,-,-,-,-,20151104,-
1043004,25415125,M436DRAFT_72472,M436DRAFT_72472,-,-,Unknown,-,HK97 family phage prohead protease,protein-coding,-,-,-,-,20151212,-
1043004,25415126,M436DRAFT_72473,M436DRAFT_72473,-,-,Unknown,-,FAD/NAD(P)-binding domain-containing protein,protein-coding,-,-,-,-,20160917,-
1043004,25415127,M436DRAFT_72478,M436DRAFT_72478,-,-,Unknown,-,hypothetical protein,protein-coding,-,-,-,-,20160917,-
1043004,25415128,M436DRAFT_72480,M436DRAFT_72480,-,-,Unknown,-,hypothetical protein,protein-coding,-,-,-,-,20151212,-
1043004,25415129,M436DRAFT_72481,M436DRAFT_72481,-,-,Unknown,-,FAD/NAD(P)-binding domain-containing protein,protein-coding,-,-,-,-,20160917,-
1043004,25415130,M436DRAFT_72482,M436DRAFT_72482,-,-,Unknown,-,hypothetical protein,protein-coding,-,-,-,-,20160917,-
1043004,25415131,M436DRAFT_72483,M436DRAFT_72483,-,-,Unknown,-,hypothetical protein,protein-coding,-,-,-,-,20160917,-
1043004,25415132,M436DRAFT_72488,M436DRAFT_72488,-,-,Unknown,-,kinase-like protein,protein-coding,-,-,-,-,20151212,-
1043004,25415133,M436DRAFT_72491,M436DRAFT_72491,-,-,Unknown,-,aminotransferase,protein-coding,-,-,-,-,20160325,-
1043004,25415134,M436DRAFT_72492,M436DRAFT_72492,-,-,Unknown,-,acetamidase,protein-coding,-,-,-,-,20160917,-
1043004,25415135,M436DRAFT_72511,M436DRAFT_72511,-,-,Unknown,-,deoxycytidylate deaminase,protein-coding,-,-,-,-,20160917,-
1043004,25415136,M436DRAFT_72516,M436DRAFT_72516,-,-,Unknown,-,alpha-L-rhamnosidase,protein-coding,-,-,-,-,20160917,-
1043004,25415137,M436DRAFT_72527,M436DRAFT_72527,-,-,Unknown,-,BNR/Asp-box repeat protein,protein-coding,-,-,-,-,20151104,-
1043004,25415138,M436DRAFT_72530,M436DRAFT_72530,-,-,Unknown,-,NAD(P)-binding protein,protein-coding,-,-,-,-,20160917,-
1043004,25415139,M436DRAFT_72531,M436DRAFT_72531,-,-,Unknown,-,GTP-binding protein Obg/CgtA,protein-coding,-,-,-,-,20160917,-
1043004,25415140,M436DRAFT_72535,M436DRAFT_72535,-,-,Unknown,-,hypothetical protein,protein-coding,-,-,-,-,20160917,-
1043004,25415141,M436DRAFT_72543,M436DRAFT_72543,-,-,Unknown,-,hypothetical protein,protein-coding,-,-,-,-,20151104,-
1043004,25415142,M436DRAFT_72544,M436DRAFT_72544,-,-,Unknown,-,hypothetical protein,protein-coding,-,-,-,-,20151104,-
1043004,25415143,M436DRAFT_72551,M436DRAFT_72551,-,-,Unknown,-,acyl-CoA N-acyltransferase,protein-coding,-,-,-,-,20160917,-
1043004,25415144,M436DRAFT_72555,M436DRAFT_72555,-,-,Unknown,-,4-hydroxyphenylpyruvate dioxygenase,protein-coding,-,-,-,-,20151212,-
1043004,25415145,M436DRAFT_72566,M436DRAFT_72566,-,-,Unknown,-,putative DNA-directed RNA polymerase II,protein-coding,-,-,-,-,20151212,-
1043004,25415146,M436DRAFT_72569,M436DRAFT_72569,-,-,Unknown,-,hypothetical protein,protein-coding,-,-,-,-,20160917,-
1043004,25415147,M436DRAFT_72575,M436DRAFT_72575,-,-,Unknown,-,hypothetical protein,protein-coding,-,-,-,-,20160917,-
1043004,25415148,M436DRAFT_72589,M436DRAFT_72589,-,-,Unknown,-,PAP1-domain-containing protein,protein-coding,-,-,-,-,20160917,-
1043004,25415149,M436DRAFT_72597,M436DRAFT_72597,-,-,Unknown,-,ubiquitin-40S ribosomal protein S27a,protein-coding,-,-,-,-,20210424,-
1043004,25415150,M436DRAFT_72612,M436DRAFT_72612,-,-,Unknown,-,hypothetical protein,protein-coding,-,-,-,-,20160325,-
1043004,25415151,M436DRAFT_72622,M436DRAFT_72622,-,-,Unknown,-,hypothetical protein,protein-coding,-,-,-,-,20160917,-
1043004,25415152,M436DRAFT_72626,M436DRAFT_72626,-,-,Unknown,-,hypothetical protein,protein-coding,-,-,-,-,20151212,-
1043004,25415153,M436DRAFT_72632,M436DRAFT_72632,-,-,Unknown,-,Pkinase-domain-containing protein,protein-coding,-,-,-,-,20160325,-
1043004,25415154,M436DRAFT_72638,M436DRAFT_72638,-,-,Unknown,-,mitochondrial carrier,protein-coding,-,-,-,-,20160917,-
1043004,25415155,M436DRAFT_72640,M436DRAFT_72640,-,-,Unknown,-,hypothetical protein,protein-coding,-,-,-,-,20160917,-
1043004,25415156,M436DRAFT_72644,M436DRAFT_72644,-,-,Unknown,-,hypothetical protein,protein-coding,-,-,-,-,20160917,-
1043004,25415157,M436DRAFT_72650,M436DRAFT_72650,-,-,Unknown,-,family A G protein-coupled receptor-like protein,protein-coding,-,-,-,-,20151212,-
1043004,25415158,M436DRAFT_72671,M436DRAFT_72671,-,-,Unknown,-,hypothetical protein,protein-coding,-,-,-,-,20151104,-
1043004,25415159,M436DRAFT_72674,M436DRAFT_72674,-,-,Unknown,-,hypothetical protein,protein-coding,-,-,-,-,20160917,-
1043004,25415160,M436DRAFT_72675,M436DRAFT_72675,-,-,Unknown,-,NAD(P)-binding protein,protein-coding,-,-,-,-,20151212,-
1043004,25415161,M436DRAFT_72676,M436DRAFT_72676,-,-,Unknown,-,hypothetical protein,protein-coding,-,-,-,-,20160917,-
1043004,25415162,M436DRAFT_72679,M436DRAFT_72679,-,-,Unknown,-,hypothetical protein,protein-coding,-,-,-,-,20151212,-
1043004,25415163,M436DRAFT_72686,M436DRAFT_72686,-,-,Unknown,-,hypothetical protein,protein-coding,-,-,-,-,20151212,-
1043004,25415164,M436DRAFT_72690,M436DRAFT_72690,-,-,Unknown,-,hypothetical protein,protein-coding,-,-,-,-,20160917,-
1043004,25415165,M436DRAFT_72703,M436DRAFT_72703,-,-,Unknown,-,G-protein alpha subunit,protein-coding,-,-,-,-,20151212,-
1043004,25415166,M436DRAFT_72704,M436DRAFT_72704,-,-,Unknown,-,hypothetical protein,protein-coding,-,-,-,-,20151104,-
1043004,25415167,M436DRAFT_72709,M436DRAFT_72709,-,-,Unknown,-,hypothetical protein,protein-coding,-,-,-,-,20160917,-
1043004,25415168,M436DRAFT_72734,M436DRAFT_72734,-,-,Unknown,-,hypothetical protein,protein-coding,-,-,-,-,20151104,-
1043004,25415169,M436DRAFT_72741,M436DRAFT_72741,-,-,Unknown,-,protein phosphatase,protein-coding,-,-,-,-,20160917,-
1043004,25415170,M436DRAFT_72742,M436DRAFT_72742,-,-,Unknown,-,DUF1253-domain-containing protein,protein-coding,-,-,-,-,20160917,-
1043004,25415171,M436DRAFT_72746,M436DRAFT_72746,-,-,Unknown,-,hypothetical protein,protein-coding,-,-,-,-,20151104,-
1043004,25415172,M436DRAFT_72748,M436DRAFT_72748,-,-,Unknown,-,AAT-domain-containing protein,protein-coding,-,-,-,-,20160917,-
1043004,25415173,M436DRAFT_72758,M436DRAFT_72758,-,-,Unknown,-,"hydrolase, TatD family protein",protein-coding,-,-,-,-,20160325,-
1043004,25415174,M436DRAFT_72764,M436DRAFT_72764,-,-,Unknown,-,hypothetical protein,protein-coding,-,-,-,-,20170520,-
1043004,25415175,M436DRAFT_72767,M436DRAFT_72767,-,-,Unknown,-,hypothetical protein,protein-coding,-,-,-,-,20151104,-
1043004,25415176,M436DRAFT_72773,M436DRAFT_72773,-,-,Unknown,-,hypothetical protein,protein-coding,-,-,-,-,20160917,-
1043004,25415177,M436DRAFT_72778,M436DRAFT_72778,-,-,Unknown,-,short-chain dehydrogenase,protein-coding,-,-,-,-,20160917,-
1043004,25415178,M436DRAFT_72784,M436DRAFT_72784,-,-,Unknown,-,DUF572-domain-containing protein,protein-coding,-,-,-,-,20160917,-
1043004,25415179,M436DRAFT_72790,M436DRAFT_72790,-,-,Unknown,-,hypothetical protein,protein-coding,-,-,-,-,20160917,-
1043004,25415180,M436DRAFT_72808,M436DRAFT_72808,-,-,Unknown,-,hypothetical protein,protein-coding,-,-,-,-,20160917,-
1043004,25415181,M436DRAFT_72811,M436DRAFT_72811,-,-,Unknown,-,GroES-like protein,protein-coding,-,-,-,-,20151212,-
1043004,25415182,M436DRAFT_72822,M436DRAFT_72822,-,-,Unknown,-,general substrate transporter,protein-coding,-,-,-,-,20151212,-
1043004,25415183,M436DRAFT_72839,M436DRAFT_72839,-,-,Unknown,-,hypothetical protein,protein-coding,-,-,-,-,20151212,-
1043004,25415184,M436DRAFT_72842,M436DRAFT_72842,-,-,Unknown,-,hypothetical protein,protein-coding,-,-,-,-,20151104,-
1043004,25415185,M436DRAFT_72852,M436DRAFT_72852,-,-,Unknown,-,chitin biosynthesis protein,protein-coding,-,-,-,-,20160917,-
1043004,25415186,M436DRAFT_72870,M436DRAFT_72870,-,-,Unknown,-,thioredoxin-like protein,protein-coding,-,-,-,-,20151212,-
1043004,25415187,M436DRAFT_72873,M436DRAFT_72873,-,-,Unknown,-,hypothetical protein,protein-coding,-,-,-,-,20151104,-
1043004,25415188,M436DRAFT_72879,M436DRAFT_72879,-,-,Unknown,-,NAD(P)-binding protein,protein-coding,-,-,-,-,20160917,-
1043004,25415189,M436DRAFT_72897,M436DRAFT_72897,-,-,Unknown,-,NAD(P)-binding protein,protein-coding,-,-,-,-,20151212,-
1043004,25415190,M436DRAFT_72904,M436DRAFT_72904,-,-,Unknown,-,hypothetical protein,protein-coding,-,-,-,-,20160917,-
1043004,25415191,M436DRAFT_72912,M436DRAFT_72912,-,-,Unknown,-,L-lactate dehydrogenase,protein-coding,-,-,-,-,20160917,-
1043004,25415192,M436DRAFT_72913,M436DRAFT_72913,-,-,Unknown,-,hypothetical protein,protein-coding,-,-,-,-,20151104,-
1043004,25415193,M436DRAFT_72914,M436DRAFT_72914,-,-,Unknown,-,PAP2-domain-containing protein,protein-coding,-,-,-,-,20151212,-
1043004,25415194,M436DRAFT_72917,M436DRAFT_72917,-,-,Unknown,-,"homogentisate 1,2-dioxygenase",protein-coding,-,-,-,-,20160917,-
1043004,25415195,M436DRAFT_72924,M436DRAFT_72924,-,-,Unknown,-,malate synthase,protein-coding,-,-,-,-,20151212,-
1043004,25415196,M436DRAFT_72925,M436DRAFT_72925,-,-,Unknown,-,hypothetical protein,protein-coding,-,-,-,-,20160917,-
1043004,25415197,M436DRAFT_72929,M436DRAFT_72929,-,-,Unknown,-,hypothetical protein,protein-coding,-,-,-,-,20151104,-
1043004,25415198,M436DRAFT_72930,M436DRAFT_72930,-,-,Unknown,-,hypothetical protein,protein-coding,-,-,-,-,20160917,-
1043004,25415199,M436DRAFT_72935,M436DRAFT_72935,-,-,Unknown,-,hypothetical protein,protein-coding,-,-,-,-,20151212,-
1043004,25415200,M436DRAFT_72940,M436DRAFT_72940,-,-,Unknown,-,acyltransferase,protein-coding,-,-,-,-,20160917,-
1043004,25415201,M436DRAFT_72942,M436DRAFT_72942,-,-,Unknown,-,hypothetical protein,protein-coding,-,-,-,-,20151104,-
1043004,25415202,M436DRAFT_72945,M436DRAFT_72945,-,-,Unknown,-,mitochondrial ATP synthase,protein-coding,-,-,-,-,20160917,-
1043004,25415203,M436DRAFT_72946,M436DRAFT_72946,-,-,Unknown,-,ARP23 complex 20 kDa subunit,protein-coding,-,-,-,-,20160917,-
1043004,25415204,M436DRAFT_72964,M436DRAFT_72964,-,-,Unknown,-,DNase I-like protein,protein-coding,-,-,-,-,20160917,-
1043004,25415205,M436DRAFT_72966,M436DRAFT_72966,-,-,Unknown,-,ribosome biogenesis protein-like protein Brx1,protein-coding,-,-,-,-,20151212,-
1043004,25415206,M436DRAFT_72967,M436DRAFT_72967,-,-,Unknown,-,hypothetical protein,protein-coding,-,-,-,-,20160917,-
1043004,25415207,M436DRAFT_72969,M436DRAFT_72969,-,-,Unknown,-,carboxypeptidase Y inhibitor,protein-coding,-,-,-,-,20151212,-
1043004,25415208,M436DRAFT_72970,M436DRAFT_72970,-,-,Unknown,-,hypothetical protein,protein-coding,-,-,-,-,20151104,-
1043004,25415209,M436DRAFT_72977,M436DRAFT_72977,-,-,Unknown,-,hypothetical protein,protein-coding,-,-,-,-,20160917,-
1043004,25415210,M436DRAFT_72984,M436DRAFT_72984,-,-,Unknown,-,COP9 signalosome-like protein complex subunit 4,protein-coding,-,-,-,-,20160917,-
1043004,25415211,M436DRAFT_72987,M436DRAFT_72987,-,-,Unknown,-,glycerophosphoryl diester phosphodiesterase,protein-coding,-,-,-,-,20160917,-
1043004,25415212,M436DRAFT_72991,M436DRAFT_72991,-,-,Unknown,-,hexose carrier protein,protein-coding,-,-,-,-,20160917,-
1043004,25415213,M436DRAFT_72995,M436DRAFT_72995,-,-,Unknown,-,MFS general substrate transporter,protein-coding,-,-,-,-,20160917,-
1043004,25415214,M436DRAFT_72996,M436DRAFT_72996,-,-,Unknown,-,hypothetical protein,protein-coding,-,-,-,-,20160917,-
1043004,25415215,M436DRAFT_73001,M436DRAFT_73001,-,-,Unknown,-,hypothetical protein,protein-coding,-,-,-,-,20151104,-
1043004,25415216,M436DRAFT_73002,M436DRAFT_73002,-,-,Unknown,-,glycoside hydrolase family 61 protein,protein-coding,-,-,-,-,20160917,-
1043004,25415217,M436DRAFT_73004,M436DRAFT_73004,-,-,Unknown,-,hypothetical protein,protein-coding,-,-,-,-,20160917,-
1043004,25415218,M436DRAFT_73005,M436DRAFT_73005,-,-,Unknown,-,hypothetical protein,protein-coding,-,-,-,-,20160917,-
1043004,25415219,M436DRAFT_73014,M436DRAFT_73014,-,-,Unknown,-,alpha/beta-hydrolase,protein-coding,-,-,-,-,20160917,-
1043004,25415220,M436DRAFT_73015,M436DRAFT_73015,-,-,Unknown,-,hypothetical protein,protein-coding,-,-,-,-,20160917,-
1043004,25415221,M436DRAFT_73031,M436DRAFT_73031,-,-,Unknown,-,PRTase-like protein,protein-coding,-,-,-,-,20160917,-
1043004,25415222,M436DRAFT_73035,M436DRAFT_73035,-,-,Unknown,-,carboxylesterase,protein-coding,-,-,-,-,20160917,-
1043004,25415223,M436DRAFT_73038,M436DRAFT_73038,-,-,Unknown,-,putative ATP synthase subunit E,protein-coding,-,-,-,-,20160917,-
1043004,25415224,M436DRAFT_73050,M436DRAFT_73050,-,-,Unknown,-,hypothetical protein,protein-coding,-,-,-,-,20151104,-
1043004,25415225,M436DRAFT_73051,M436DRAFT_73051,-,-,Unknown,-,WH1-domain-containing protein,protein-coding,-,-,-,-,20151212,-
1043004,25415226,M436DRAFT_73055,M436DRAFT_73055,-,-,Unknown,-,hypothetical protein,protein-coding,-,-,-,-,20160917,-
1043004,25415227,M436DRAFT_73062,M436DRAFT_73062,-,-,Unknown,-,FAD dependent oxidoreductase,protein-coding,-,-,-,-,20160917,-
1043004,25415228,M436DRAFT_73065,M436DRAFT_73065,-,-,Unknown,-,hypothetical protein,protein-coding,-,-,-,-,20151104,-
1043004,25415229,M436DRAFT_73067,M436DRAFT_73067,-,-,Unknown,-,hypothetical protein,protein-coding,-,-,-,-,20160917,-
1043004,25415230,M436DRAFT_73068,M436DRAFT_73068,-,-,Unknown,-,Caleosin-domain-containing protein,protein-coding,-,-,-,-,20160917,-
1043004,25415231,M436DRAFT_73072,M436DRAFT_73072,-,-,Unknown,-,putative ATP binding protein,protein-coding,-,-,-,-,20160917,-
1043004,25415232,M436DRAFT_73080,M436DRAFT_73080,-,-,Unknown,-,hypothetical protein,protein-coding,-,-,-,-,20151104,-
1043004,25415233,M436DRAFT_73085,M436DRAFT_73085,-,-,Unknown,-,bifunctional acetylglutamate kinase/N-acetyl-gamma-glutamyl-phosphate reductase,protein-coding,-,-,-,-,20160917,-
1043004,25415234,M436DRAFT_73093,M436DRAFT_73093,-,-,Unknown,-,hypothetical protein,protein-coding,-,-,-,-,20151104,-
1043004,25415235,M436DRAFT_73095,M436DRAFT_73095,-,-,Unknown,-,choline-sulfatase,protein-coding,-,-,-,-,20160917,-
1043004,25415236,M436DRAFT_73102,M436DRAFT_73102,-,-,Unknown,-,MFS general substrate transporter,protein-coding,-,-,-,-,20160325,-
1043004,25415237,M436DRAFT_73105,M436DRAFT_73105,-,-,Unknown,-,hypothetical protein,protein-coding,-,-,-,-,20151212,-
1043004,25415238,M436DRAFT_73128,M436DRAFT_73128,-,-,Unknown,-,rhamnogalacturonate lyase,protein-coding,-,-,-,-,20160917,-
1043004,25415239,M436DRAFT_73133,M436DRAFT_73133,-,-,Unknown,-,NADH-cytochrome b5 reductase,protein-coding,-,-,-,-,20151212,-
1043004,25415240,M436DRAFT_73134,M436DRAFT_73134,-,-,Unknown,-,fatty acid desaturase,protein-coding,-,-,-,-,20160917,-
1043004,25415241,M436DRAFT_73136,M436DRAFT_73136,-,-,Unknown,-,UDP-glucose 4-epimerase,protein-coding,-,-,-,-,20160917,-
1043004,25415242,M436DRAFT_73137,M436DRAFT_73137,-,-,Unknown,-,hypothetical protein,protein-coding,-,-,-,-,20151104,-
1043004,25415243,M436DRAFT_73144,M436DRAFT_73144,-,-,Unknown,-,hypothetical protein,protein-coding,-,-,-,-,20151104,-
1043004,25415244,M436DRAFT_73148,M436DRAFT_73148,-,-,Unknown,-,salicylaldehyde dehydrogenase,protein-coding,-,-,-,-,20151212,-
1043004,25415245,M436DRAFT_73174,M436DRAFT_73174,-,-,Unknown,-,MFS general substrate transporter,protein-coding,-,-,-,-,20151212,-
1043004,25415246,M436DRAFT_73190,M436DRAFT_73190,-,-,Unknown,-,GroES-like protein,protein-coding,-,-,-,-,20151212,-
1043004,25415247,M436DRAFT_73193,M436DRAFT_73193,-,-,Unknown,-,RNI-like protein,protein-coding,-,-,-,-,20151104,-
1043004,25415248,M436DRAFT_73199,M436DRAFT_73199,-,-,Unknown,-,hypothetical protein,protein-coding,-,-,-,-,20160917,-
1043004,25415249,M436DRAFT_73213,M436DRAFT_73213,-,-,Unknown,-,Aldo/keto reductase,protein-coding,-,-,-,-,20160917,-
1043004,25415250,M436DRAFT_73218,M436DRAFT_73218,-,-,Unknown,-,NAD(P)-binding protein,protein-coding,-,-,-,-,20160917,-
1043004,25415251,M436DRAFT_73228,M436DRAFT_73228,-,-,Unknown,-,hypothetical protein,protein-coding,-,-,-,-,20151104,-
1043004,25415252,M436DRAFT_73230,M436DRAFT_73230,-,-,Unknown,-,ankyrin repeat protein,protein-coding,-,-,-,-,20160917,-
1043004,25415253,M436DRAFT_73232,M436DRAFT_73232,-,-,Unknown,-,hypothetical protein,protein-coding,-,-,-,-,20160917,-
1043004,25415254,M436DRAFT_73233,M436DRAFT_73233,-,-,Unknown,-,hypothetical protein,protein-coding,-,-,-,-,20151104,-
1043004,25415255,M436DRAFT_73234,M436DRAFT_73234,-,-,Unknown,-,glycosyl hydrolase family 3 N terminal domain-containing protein,protein-coding,-,-,-,-,20160917,-
1043004,25415256,M436DRAFT_73242,M436DRAFT_73242,-,-,Unknown,-,PLP-dependent transferase,protein-coding,-,-,-,-,20160917,-
1043004,25415257,M436DRAFT_73244,M436DRAFT_73244,-,-,Unknown,-,hypothetical protein,protein-coding,-,-,-,-,20160917,-
1043004,25415258,M436DRAFT_73255,M436DRAFT_73255,-,-,Unknown,-,monooxygenase,protein-coding,-,-,-,-,20160917,-
1043004,25415259,M436DRAFT_73261,M436DRAFT_73261,-,-,Unknown,-,L-ascorbate oxidase,protein-coding,-,-,-,-,20160917,-
1043004,25415260,M436DRAFT_73263,M436DRAFT_73263,-,-,Unknown,-,hypothetical protein,protein-coding,-,-,-,-,20160917,-
1043004,25415261,M436DRAFT_73276,M436DRAFT_73276,-,-,Unknown,-,hypothetical protein,protein-coding,-,-,-,-,20151104,-
1043004,25415262,M436DRAFT_73282,M436DRAFT_73282,-,-,Unknown,-,NAD-dependent methanol dehydrogenase,protein-coding,-,-,-,-,20151212,-
1043004,25415263,M436DRAFT_73283,M436DRAFT_73283,-,-,Unknown,-,hypothetical protein,protein-coding,-,-,-,-,20160917,-
1043004,25415264,M436DRAFT_73284,M436DRAFT_73284,-,-,Unknown,-,kinase-like protein,protein-coding,-,-,-,-,20160917,-
1043004,25415265,M436DRAFT_73289,M436DRAFT_73289,-,-,Unknown,-,NAD(P)-binding protein,protein-coding,-,-,-,-,20160917,-
1043004,25415266,M436DRAFT_73292,M436DRAFT_73292,-,-,Unknown,-,hypothetical protein,protein-coding,-,-,-,-,20160917,-
1043004,25415267,M436DRAFT_73298,M436DRAFT_73298,-,-,Unknown,-,hypothetical protein,protein-coding,-,-,-,-,20160917,-
1043004,25415268,M436DRAFT_73303,M436DRAFT_73303,-,-,Unknown,-,HPP family protein,protein-coding,-,-,-,-,20160917,-
1043004,25415269,M436DRAFT_73305,M436DRAFT_73305,-,-,Unknown,-,hypothetical protein,protein-coding,-,-,-,-,20151104,-
1043004,25415270,M436DRAFT_73306,M436DRAFT_73306,-,-,Unknown,-,acyl-CoA dehydrogenase NM domain-like protein,protein-coding,-,-,-,-,20160917,-
1043004,25415271,M436DRAFT_73309,M436DRAFT_73309,-,-,Unknown,-,hypothetical protein,protein-coding,-,-,-,-,20160917,-
1043004,25415272,M436DRAFT_73315,M436DRAFT_73315,-,-,Unknown,-,hypothetical protein,protein-coding,-,-,-,-,20160917,-
1043004,25415273,M436DRAFT_73318,M436DRAFT_73318,-,-,Unknown,-,hypothetical protein,protein-coding,-,-,-,-,20160917,-
1043004,25415274,M436DRAFT_73320,M436DRAFT_73320,-,-,Unknown,-,"ribosome-releasing factor 2, mitochondrial",protein-coding,-,-,-,-,20160917,-
1043004,25415275,M436DRAFT_73321,M436DRAFT_73321,-,-,Unknown,-,PX domain-containing protein,protein-coding,-,-,-,-,20160917,-
1043004,25415276,M436DRAFT_73322,M436DRAFT_73322,-,-,Unknown,-,60S ribosomal protein L37,protein-coding,-,-,-,-,20160325,-
1043004,25415277,M436DRAFT_73323,M436DRAFT_73323,-,-,Unknown,-,pali-domain-containing protein,protein-coding,-,-,-,-,20160917,-
1043004,25415278,M436DRAFT_73327,M436DRAFT_73327,-,-,Unknown,-,Isochorismatase hydrolase,protein-coding,-,-,-,-,20160917,-
1043004,25415279,M436DRAFT_73329,M436DRAFT_73329,-,-,Unknown,-,lysophospholipase A,protein-coding,-,-,-,-,20160325,-
1043004,25415280,M436DRAFT_73335,M436DRAFT_73335,-,-,Unknown,-,hypothetical protein,protein-coding,-,-,-,-,20151104,-
1043004,25415281,M436DRAFT_73340,M436DRAFT_73340,-,-,Unknown,-,hypothetical protein,protein-coding,-,-,-,-,20151212,-
1043004,25415282,M436DRAFT_73342,M436DRAFT_73342,-,-,Unknown,-,SET domain-containing protein,protein-coding,-,-,-,-,20151212,-
1043004,25415283,M436DRAFT_73343,M436DRAFT_73343,-,-,Unknown,-,zf-DHHC-domain-containing protein,protein-coding,-,-,-,-,20160917,-
1043004,25415284,M436DRAFT_73344,M436DRAFT_73344,-,-,Unknown,-,hypothetical protein,protein-coding,-,-,-,-,20151104,-
1043004,25415285,M436DRAFT_73345,M436DRAFT_73345,-,-,Unknown,-,hypothetical protein,protein-coding,-,-,-,-,20160917,-
1043004,25415286,M436DRAFT_73346,M436DRAFT_73346,-,-,Unknown,-,Phox-like protein,protein-coding,-,-,-,-,20210424,-
1043004,25415287,M436DRAFT_73354,M436DRAFT_73354,-,-,Unknown,-,hypothetical protein,protein-coding,-,-,-,-,20160917,-
1043004,25415288,M436DRAFT_73358,M436DRAFT_73358,-,-,Unknown,-,secE/sec61-gamma protein,protein-coding,-,-,-,-,20160917,-
1043004,25415289,M436DRAFT_73364,M436DRAFT_73364,-,-,Unknown,-,hypothetical protein,protein-coding,-,-,-,-,20160917,-
1043004,25415290,M436DRAFT_73366,M436DRAFT_73366,-,-,Unknown,-,amino acid transporter,protein-coding,-,-,-,-,20160917,-
1043004,25415291,M436DRAFT_73372,M436DRAFT_73372,-,-,Unknown,-,microsomal signal peptidase subunit SPC12,protein-coding,-,-,-,-,20160917,-
1043004,25415292,M436DRAFT_73379,M436DRAFT_73379,-,-,Unknown,-,initiator tRNA phosphoribosyl transferase,protein-coding,-,-,-,-,20160917,-
1043004,25415293,M436DRAFT_73381,M436DRAFT_73381,-,-,Unknown,-,sodium/hydrogen exchanger,protein-coding,-,-,-,-,20160917,-
1043004,25415294,M436DRAFT_73384,M436DRAFT_73384,-,-,Unknown,-,ssDNA-binding protein,protein-coding,-,-,-,-,20151212,-
1043004,25415295,M436DRAFT_73396,M436DRAFT_73396,-,-,Unknown,-,hypothetical protein,protein-coding,-,-,-,-,20151104,-
1043004,25415296,M436DRAFT_73401,M436DRAFT_73401,-,-,Unknown,-,hypothetical protein,protein-coding,-,-,-,-,20160917,-
1043004,25415297,M436DRAFT_73404,M436DRAFT_73404,-,-,Unknown,-,hypothetical protein,protein-coding,-,-,-,-,20160917,-
1043004,25415298,M436DRAFT_73405,M436DRAFT_73405,-,-,Unknown,-,ATP-citrate synthase (ATP-citrate (pro-S-)-lyase),protein-coding,-,-,-,-,20160917,-
1043004,25415299,M436DRAFT_73407,M436DRAFT_73407,-,-,Unknown,-,mitochondrial carrier,protein-coding,-,-,-,-,20160917,-
1043004,25415300,M436DRAFT_73409,M436DRAFT_73409,-,-,Unknown,-,hypothetical protein,protein-coding,-,-,-,-,20151104,-
1043004,25415301,M436DRAFT_73414,M436DRAFT_73414,-,-,Unknown,-,ATP-dependent RNA helicase dbp10,protein-coding,-,-,-,-,20160917,-
1043004,25415302,M436DRAFT_73420,M436DRAFT_73420,-,-,Unknown,-,hypothetical protein,protein-coding,-,-,-,-,20151104,-
1043004,25415303,M436DRAFT_73430,M436DRAFT_73430,-,-,Unknown,-,hypothetical protein,protein-coding,-,-,-,-,20151212,-
1043004,25415304,M436DRAFT_73435,M436DRAFT_73435,-,-,Unknown,-,UPF0075-domain-containing protein,protein-coding,-,-,-,-,20151212,-
1043004,25415305,M436DRAFT_73438,M436DRAFT_73438,-,-,Unknown,-,Sm-like ribonucleo protein,protein-coding,-,-,-,-,20151212,-
1043004,25415306,M436DRAFT_73443,M436DRAFT_73443,-,-,Unknown,-,hypothetical protein,protein-coding,-,-,-,-,20151104,-
1043004,25415307,M436DRAFT_73456,M436DRAFT_73456,-,-,Unknown,-,DUF300-domain-containing protein,protein-coding,-,-,-,-,20160917,-
1043004,25415308,M436DRAFT_73458,M436DRAFT_73458,-,-,Unknown,-,hypothetical protein,protein-coding,-,-,-,-,20160917,-
1043004,25415309,M436DRAFT_73460,M436DRAFT_73460,-,-,Unknown,-,hypothetical protein,protein-coding,-,-,-,-,20151104,-
1043004,25415310,M436DRAFT_73473,M436DRAFT_73473,-,-,Unknown,-,hypothetical protein,protein-coding,-,-,-,-,20151104,-
1043004,25415311,M436DRAFT_73482,M436DRAFT_73482,-,-,Unknown,-,cytosine deaminase protein-like protein,protein-coding,-,-,-,-,20160917,-
1043004,25415312,M436DRAFT_73484,M436DRAFT_73484,-,-,Unknown,-,putative phosphoglycerate mutase,protein-coding,-,-,-,-,20160917,-
1043004,25415313,M436DRAFT_73487,M436DRAFT_73487,-,-,Unknown,-,NAD(P)-binding protein,protein-coding,-,-,-,-,20160917,-
1043004,25415314,M436DRAFT_73490,M436DRAFT_73490,-,-,Unknown,-,CTD kinase subunit gamma,protein-coding,-,-,-,-,20160917,-
1043004,25415315,M436DRAFT_73495,M436DRAFT_73495,-,-,Unknown,-,hypothetical protein,protein-coding,-,-,-,-,20151104,-
1043004,25415316,M436DRAFT_73496,M436DRAFT_73496,-,-,Unknown,-,hypothetical protein,protein-coding,-,-,-,-,20160917,-
1043004,25415317,M436DRAFT_73503,M436DRAFT_73503,-,-,Unknown,-,hypothetical protein,protein-coding,-,-,-,-,20160917,-
1043004,25415318,M436DRAFT_73510,M436DRAFT_73510,-,-,Unknown,-,putative isomerase YbhE,protein-coding,-,-,-,-,20160917,-
1043004,25415319,M436DRAFT_73512,M436DRAFT_73512,-,-,Unknown,-,hypothetical protein,protein-coding,-,-,-,-,20160325,-
1043004,25415320,M436DRAFT_73519,M436DRAFT_73519,-,-,Unknown,-,putative translation initiation factor SUI1,protein-coding,-,-,-,-,20160917,-
1043004,25415321,M436DRAFT_73520,M436DRAFT_73520,-,-,Unknown,-,hypothetical protein,protein-coding,-,-,-,-,20160917,-
1043004,25415322,M436DRAFT_73530,M436DRAFT_73530,-,-,Unknown,-,hypothetical protein,protein-coding,-,-,-,-,20151104,-
1043004,25415323,M436DRAFT_73542,M436DRAFT_73542,-,-,Unknown,-,alpha/beta-hydrolase,protein-coding,-,-,-,-,20160917,-
1043004,25415324,M436DRAFT_73547,M436DRAFT_73547,-,-,Unknown,-,FAD/NAD(P)-binding domain-containing protein,protein-coding,-,-,-,-,20160917,-
1043004,25415325,M436DRAFT_73552,M436DRAFT_73552,-,-,Unknown,-,hypothetical protein,protein-coding,-,-,-,-,20160917,-
1043004,25415326,M436DRAFT_73560,M436DRAFT_73560,-,-,Unknown,-,hypothetical protein,protein-coding,-,-,-,-,20160917,-
1043004,25415327,M436DRAFT_73564,M436DRAFT_73564,-,-,Unknown,-,hypothetical protein,protein-coding,-,-,-,-,20160917,-
1043004,25415328,M436DRAFT_73572,M436DRAFT_73572,-,-,Unknown,-,hypothetical protein,protein-coding,-,-,-,-,20160917,-
1043004,25415329,M436DRAFT_73574,M436DRAFT_73574,-,-,Unknown,-,enolase C-terminal domain-like protein,protein-coding,-,-,-,-,20151212,-
1043004,25415330,M436DRAFT_73579,M436DRAFT_73579,-,-,Unknown,-,alpha/beta-hydrolase,protein-coding,-,-,-,-,20160917,-
1043004,25415331,M436DRAFT_73581,M436DRAFT_73581,-,-,Unknown,-,hypothetical protein,protein-coding,-,-,-,-,20160917,-
1043004,25415332,M436DRAFT_73597,M436DRAFT_73597,-,-,Unknown,-,hypothetical protein,protein-coding,-,-,-,-,20160917,-
1043004,25415333,M436DRAFT_73598,M436DRAFT_73598,-,-,Unknown,-,hypothetical protein,protein-coding,-,-,-,-,20160917,-
1043004,25415334,M436DRAFT_73609,M436DRAFT_73609,-,-,Unknown,-,WD40 repeat-like protein,protein-coding,-,-,-,-,20160917,-
1043004,25415335,M436DRAFT_73610,M436DRAFT_73610,-,-,Unknown,-,hypothetical protein,protein-coding,-,-,-,-,20160917,-
1043004,25415336,M436DRAFT_73615,M436DRAFT_73615,-,-,Unknown,-,hypothetical protein,protein-coding,-,-,-,-,20160917,-
1043004,25415337,M436DRAFT_73617,M436DRAFT_73617,-,-,Unknown,-,polysaccharide deacetylase,protein-coding,-,-,-,-,20151212,-
1043004,25415338,M436DRAFT_73624,M436DRAFT_73624,-,-,Unknown,-,P-loop containing nucleoside triphosphate hydrolase protein,protein-coding,-,-,-,-,20160917,-
1043004,25415339,M436DRAFT_73625,M436DRAFT_73625,-,-,Unknown,-,NAD(P)-binding protein,protein-coding,-,-,-,-,20151212,-
1043004,25415340,M436DRAFT_73627,M436DRAFT_73627,-,-,Unknown,-,acetyltransferase,protein-coding,-,-,-,-,20160917,-
1043004,25415341,M436DRAFT_73634,M436DRAFT_73634,-,-,Unknown,-,hypothetical protein,protein-coding,-,-,-,-,20160917,-
1043004,25415342,M436DRAFT_73635,M436DRAFT_73635,-,-,Unknown,-,DUF917-domain-containing protein,protein-coding,-,-,-,-,20160917,-
1043004,25415343,M436DRAFT_73644,M436DRAFT_73644,-,-,Unknown,-,FMN-linked oxidoreductase,protein-coding,-,-,-,-,20160917,-
1043004,25415344,M436DRAFT_73652,M436DRAFT_73652,-,-,Unknown,-,putative lectin family integral membrane protein,protein-coding,-,-,-,-,20151212,-
1043004,25415345,M436DRAFT_73658,M436DRAFT_73658,-,-,Unknown,-,hypothetical protein,protein-coding,-,-,-,-,20151104,-
1043004,25415346,M436DRAFT_73663,M436DRAFT_73663,-,-,Unknown,-,mating-type switching protein swi10,protein-coding,-,-,-,-,20160917,-
1043004,25415347,M436DRAFT_73677,M436DRAFT_73677,-,-,Unknown,-,GRF zinc finger domain-containing protein,protein-coding,-,-,-,-,20160917,-
1043004,25415348,M436DRAFT_73679,M436DRAFT_73679,-,-,Unknown,-,hypothetical protein,protein-coding,-,-,-,-,20160917,-
1043004,25415349,M436DRAFT_73688,M436DRAFT_73688,-,-,Unknown,-,PIN domain-like protein,protein-coding,-,-,-,-,20151212,-
1043004,25415350,M436DRAFT_73699,M436DRAFT_73699,-,-,Unknown,-,patatin-domain-containing protein,protein-coding,-,-,-,-,20151212,-
1043004,25415351,M436DRAFT_73700,M436DRAFT_73700,-,-,Unknown,-,hypothetical protein,protein-coding,-,-,-,-,20160917,-
1043004,25415352,M436DRAFT_73705,M436DRAFT_73705,-,-,Unknown,-,hypothetical protein,protein-coding,-,-,-,-,20160917,-
1043004,25415353,M436DRAFT_73711,M436DRAFT_73711,-,-,Unknown,-,response regulator,protein-coding,-,-,-,-,20160917,-
1043004,25415354,M436DRAFT_73713,M436DRAFT_73713,-,-,Unknown,-,Endoribonuclease L-PSP,protein-coding,-,-,-,-,20160917,-
1043004,25415355,M436DRAFT_73717,M436DRAFT_73717,-,-,Unknown,-,hypothetical protein,protein-coding,-,-,-,-,20151104,-
1043004,25415356,M436DRAFT_73720,M436DRAFT_73720,-,-,Unknown,-,hypothetical protein,protein-coding,-,-,-,-,20160917,-
1043004,25415357,M436DRAFT_73721,M436DRAFT_73721,-,-,Unknown,-,acyl-CoA N-acyltransferase,protein-coding,-,-,-,-,20151104,-
1043004,25415358,M436DRAFT_73737,M436DRAFT_73737,-,-,Unknown,-,hypothetical protein,protein-coding,-,-,-,-,20160917,-
1043004,25415359,M436DRAFT_73738,M436DRAFT_73738,-,-,Unknown,-,hypothetical protein,protein-coding,-,-,-,-,20160917,-
1043004,25415360,M436DRAFT_73748,M436DRAFT_73748,-,-,Unknown,-,"homogentisate 1,2-dioxygenase",protein-coding,-,-,-,-,20160917,-
1043004,25415361,M436DRAFT_73759,M436DRAFT_73759,-,-,Unknown,-,phosphoglycerate kinase,protein-coding,-,-,-,-,20160917,-
1043004,25415362,M436DRAFT_73763,M436DRAFT_73763,-,-,Unknown,-,hypothetical protein,protein-coding,-,-,-,-,20160917,-
1043004,25415363,M436DRAFT_73767,M436DRAFT_73767,-,-,Unknown,-,hypothetical protein,protein-coding,-,-,-,-,20151104,-
1043004,25415364,M436DRAFT_73769,M436DRAFT_73769,-,-,Unknown,-,hypothetical protein,protein-coding,-,-,-,-,20160917,-
1043004,25415365,M436DRAFT_73779,M436DRAFT_73779,-,-,Unknown,-,ABC transporter domain-containing protein,protein-coding,-,-,-,-,20160917,-
1043004,25415366,M436DRAFT_73780,M436DRAFT_73780,-,-,Unknown,-,GTP-binding family protein,protein-coding,-,-,-,-,20160917,-
1043004,25415367,M436DRAFT_73798,M436DRAFT_73798,-,-,Unknown,-,RPB5 subunit of DNA-directed RNA polymerase,protein-coding,-,-,-,-,20160917,-
1043004,25415368,M436DRAFT_73800,M436DRAFT_73800,-,-,Unknown,-,RNA polymerase II transcription initiation,protein-coding,-,-,-,-,20160917,-
1043004,25415369,M436DRAFT_73816,M436DRAFT_73816,-,-,Unknown,-,hypothetical protein,protein-coding,-,-,-,-,20160917,-
1043004,25415370,M436DRAFT_73824,M436DRAFT_73824,-,-,Unknown,-,ras GTPase activator,protein-coding,-,-,-,-,20160917,-
1043004,25415371,M436DRAFT_73828,M436DRAFT_73828,-,-,Unknown,-,hypothetical protein,protein-coding,-,-,-,-,20160917,-
1043004,25415372,M436DRAFT_73829,M436DRAFT_73829,-,-,Unknown,-,hypothetical protein,protein-coding,-,-,-,-,20160917,-
1043004,25415373,M436DRAFT_73848,M436DRAFT_73848,-,-,Unknown,-,Aldo/keto reductase,protein-coding,-,-,-,-,20160917,-
1043004,25415374,M436DRAFT_73856,M436DRAFT_73856,-,-,Unknown,-,hypothetical protein,protein-coding,-,-,-,-,20160917,-
1043004,25415375,M436DRAFT_73857,M436DRAFT_73857,-,-,Unknown,-,UBC-like protein,protein-coding,-,-,-,-,20151212,-
1043004,25415376,M436DRAFT_73877,M436DRAFT_73877,-,-,Unknown,-,hypothetical protein,protein-coding,-,-,-,-,20160917,-
1043004,25415377,M436DRAFT_73905,M436DRAFT_73905,-,-,Unknown,-,rhomboid-domain-containing protein,protein-coding,-,-,-,-,20160917,-
1043004,25415378,M436DRAFT_73906,M436DRAFT_73906,-,-,Unknown,-,hypothetical protein,protein-coding,-,-,-,-,20151104,-
1043004,25415379,M436DRAFT_73907,M436DRAFT_73907,-,-,Unknown,-,hypothetical protein,protein-coding,-,-,-,-,20160917,-
1043004,25415380,M436DRAFT_73913,M436DRAFT_73913,-,-,Unknown,-,ARM repeat-containing protein,protein-coding,-,-,-,-,20160917,-
1043004,25415381,M436DRAFT_73914,M436DRAFT_73914,-,-,Unknown,-,hypothetical protein,protein-coding,-,-,-,-,20151104,-
1043004,25415382,M436DRAFT_73916,M436DRAFT_73916,-,-,Unknown,-,hypothetical protein,protein-coding,-,-,-,-,20160325,-
1043004,25415383,M436DRAFT_73935,M436DRAFT_73935,-,-,Unknown,-,Six-hairpin glycosidase,protein-coding,-,-,-,-,20160917,-
1043004,25415384,M436DRAFT_73936,M436DRAFT_73936,-,-,Unknown,-,TOM13-domain-containing protein,protein-coding,-,-,-,-,20160917,-
1043004,25415385,M436DRAFT_73938,M436DRAFT_73938,-,-,Unknown,-,hypothetical protein,protein-coding,-,-,-,-,20160917,-
1043004,25415386,M436DRAFT_73953,M436DRAFT_73953,-,-,Unknown,-,hypothetical protein,protein-coding,-,-,-,-,20160917,-
1043004,25415387,M436DRAFT_73954,M436DRAFT_73954,-,-,Unknown,-,hypothetical protein,protein-coding,-,-,-,-,20160917,-
1043004,25415388,M436DRAFT_73956,M436DRAFT_73956,-,-,Unknown,-,alpha/beta-hydrolase,protein-coding,-,-,-,-,20160917,-
1043004,25415389,M436DRAFT_73961,M436DRAFT_73961,-,-,Unknown,-,hypothetical protein,protein-coding,-,-,-,-,20160917,-
1043004,25415390,M436DRAFT_73966,M436DRAFT_73966,-,-,Unknown,-,vacuolar ATP synthase-like protein subunit H,protein-coding,-,-,-,-,20160917,-
1043004,25415391,M436DRAFT_73974,M436DRAFT_73974,-,-,Unknown,-,cysteine proteinase,protein-coding,-,-,-,-,20160917,-
1043004,25415392,M436DRAFT_73976,M436DRAFT_73976,-,-,Unknown,-,hypothetical protein,protein-coding,-,-,-,-,20160917,-
1043004,25415393,M436DRAFT_73978,M436DRAFT_73978,-,-,Unknown,-,hypothetical protein,protein-coding,-,-,-,-,20160917,-
1043004,25415394,M436DRAFT_73985,M436DRAFT_73985,-,-,Unknown,-,hypothetical protein,protein-coding,-,-,-,-,20160917,-
1043004,25415395,M436DRAFT_73989,M436DRAFT_73989,-,-,Unknown,-,hypothetical protein,protein-coding,-,-,-,-,20151104,-
1043004,25415396,M436DRAFT_73991,M436DRAFT_73991,-,-,Unknown,-,hypothetical protein,protein-coding,-,-,-,-,20151104,-
1043004,25415397,M436DRAFT_73992,M436DRAFT_73992,-,-,Unknown,-,MFS general substrate transporter,protein-coding,-,-,-,-,20160917,-
1043004,25415398,M436DRAFT_73994,M436DRAFT_73994,-,-,Unknown,-,hypothetical protein,protein-coding,-,-,-,-,20160917,-
1043004,25415399,M436DRAFT_73996,M436DRAFT_73996,-,-,Unknown,-,HAD-like protein,protein-coding,-,-,-,-,20160917,-
1043004,25415400,M436DRAFT_74004,M436DRAFT_74004,-,-,Unknown,-,hypothetical protein,protein-coding,-,-,-,-,20160917,-
1043004,25415401,M436DRAFT_74013,M436DRAFT_74013,-,-,Unknown,-,hypothetical protein,protein-coding,-,-,-,-,20160917,-
1043004,25415402,M436DRAFT_74025,M436DRAFT_74025,-,-,Unknown,-,Aldo/keto reductase,protein-coding,-,-,-,-,20160325,-
1043004,25415403,M436DRAFT_74036,M436DRAFT_74036,-,-,Unknown,-,hypothetical protein,protein-coding,-,-,-,-,20151212,-
1043004,25415404,M436DRAFT_74037,M436DRAFT_74037,-,-,Unknown,-,Aldo/keto reductase,protein-coding,-,-,-,-,20151212,-
1043004,25415405,M436DRAFT_74043,M436DRAFT_74043,-,-,Unknown,-,hypothetical protein,protein-coding,-,-,-,-,20151104,-
1043004,25415406,M436DRAFT_74053,M436DRAFT_74053,-,-,Unknown,-,hypothetical protein,protein-coding,-,-,-,-,20160917,-
1043004,25415407,M436DRAFT_74054,M436DRAFT_74054,-,-,Unknown,-,vacuolar carboxypeptidase Cps1,protein-coding,-,-,-,-,20151212,-
1043004,25415408,M436DRAFT_74055,M436DRAFT_74055,-,-,Unknown,-,hypothetical protein,protein-coding,-,-,-,-,20151104,-
1043004,25415409,M436DRAFT_74059,M436DRAFT_74059,-,-,Unknown,-,cytochrome b5,protein-coding,-,-,-,-,20160917,-
1043004,25415410,M436DRAFT_74068,M436DRAFT_74068,-,-,Unknown,-,glucanase B,protein-coding,-,-,-,-,20160917,-
1043004,25415411,M436DRAFT_74070,M436DRAFT_74070,-,-,Unknown,-,VID27-domain-containing protein,protein-coding,-,-,-,-,20160917,-
1043004,25415412,M436DRAFT_74091,M436DRAFT_74091,-,-,Unknown,-,hypothetical protein,protein-coding,-,-,-,-,20160917,-
1043004,25415413,M436DRAFT_74095,M436DRAFT_74095,-,-,Unknown,-,hypothetical protein,protein-coding,-,-,-,-,20151104,-
1043004,25415414,M436DRAFT_74100,M436DRAFT_74100,-,-,Unknown,-,beta and beta-prime subunits of DNA dependent RNA-polymerase,protein-coding,-,-,-,-,20160917,-
1043004,25415415,M436DRAFT_74104,M436DRAFT_74104,-,-,Unknown,-,hypothetical protein,protein-coding,-,-,-,-,20151104,-
1043004,25415416,M436DRAFT_74111,M436DRAFT_74111,-,-,Unknown,-,hypothetical protein,protein-coding,-,-,-,-,20160917,-
1043004,25415417,M436DRAFT_74114,M436DRAFT_74114,-,-,Unknown,-,putative sugar transporter,protein-coding,-,-,-,-,20151212,-
1043004,25415418,M436DRAFT_74117,M436DRAFT_74117,-,-,Unknown,-,hypothetical protein,protein-coding,-,-,-,-,20151104,-
1043004,25415419,M436DRAFT_74123,M436DRAFT_74123,-,-,Unknown,-,60S ribosomal protein L30,protein-coding,-,-,-,-,20160325,-
1043004,25415420,M436DRAFT_74128,M436DRAFT_74128,-,-,Unknown,-,Phospholipid:diacylglycerol acyltransferase,protein-coding,-,-,-,-,20160917,-
1043004,25415421,M436DRAFT_74129,M436DRAFT_74129,-,-,Unknown,-,DNA repair protein,protein-coding,-,-,-,-,20160917,-
1043004,25415422,M436DRAFT_74133,M436DRAFT_74133,-,-,Unknown,-,thioredoxin-like protein,protein-coding,-,-,-,-,20160917,-
1043004,25415423,M436DRAFT_74137,M436DRAFT_74137,-,-,Unknown,-,hypothetical protein,protein-coding,-,-,-,-,20160917,-
1043004,25415424,M436DRAFT_74139,M436DRAFT_74139,-,-,Unknown,-,hypothetical protein,protein-coding,-,-,-,-,20160917,-
1043004,25415425,M436DRAFT_74144,M436DRAFT_74144,-,-,Unknown,-,hypothetical protein,protein-coding,-,-,-,-,20160917,-
1043004,25415426,M436DRAFT_74163,M436DRAFT_74163,-,-,Unknown,-,mitochondrial carrier,protein-coding,-,-,-,-,20160917,-
1043004,25415427,M436DRAFT_74167,M436DRAFT_74167,-,-,Unknown,-,vacuolar transporter chaperone 1,protein-coding,-,-,-,-,20151212,-
1043004,25415428,M436DRAFT_74174,M436DRAFT_74174,-,-,Unknown,-,hypothetical protein,protein-coding,-,-,-,-,20160917,-
1043004,25415429,M436DRAFT_74175,M436DRAFT_74175,-,-,Unknown,-,NAD(P)-binding protein,protein-coding,-,-,-,-,20151212,-
1043004,25415430,M436DRAFT_74195,M436DRAFT_74195,-,-,Unknown,-,L domain-like protein,protein-coding,-,-,-,-,20160917,-
1043004,25415431,M436DRAFT_74202,M436DRAFT_74202,-,-,Unknown,-,Sec1-like protein,protein-coding,-,-,-,-,20160917,-
1043004,25415432,M436DRAFT_74204,M436DRAFT_74204,-,-,Unknown,-,hypothetical protein,protein-coding,-,-,-,-,20160917,-
1043004,25415433,M436DRAFT_74213,M436DRAFT_74213,-,-,Unknown,-,phosphatase 2A-associated protein,protein-coding,-,-,-,-,20160917,-
1043004,25415434,M436DRAFT_74220,M436DRAFT_74220,-,-,Unknown,-,cytochrome P450,protein-coding,-,-,-,-,20160917,-
1043004,25415435,M436DRAFT_74221,M436DRAFT_74221,-,-,Unknown,-,hypothetical protein,protein-coding,-,-,-,-,20160917,-
1043004,25415436,M436DRAFT_74229,M436DRAFT_74229,-,-,Unknown,-,nascent polypeptide-associated complex subunit beta,protein-coding,-,-,-,-,20160917,-
1043004,25415437,M436DRAFT_74230,M436DRAFT_74230,-,-,Unknown,-,hypothetical protein,protein-coding,-,-,-,-,20151104,-
1043004,25415438,M436DRAFT_74237,M436DRAFT_74237,-,-,Unknown,-,putative lactonohydrolase,protein-coding,-,-,-,-,20160917,-
1043004,25415439,M436DRAFT_74246,M436DRAFT_74246,-,-,Unknown,-,ras small monomeric GTPase rasa,protein-coding,-,-,-,-,20160917,-
1043004,25415440,M436DRAFT_74250,M436DRAFT_74250,-,-,Unknown,-,hypothetical protein,protein-coding,-,-,-,-,20151104,-
1043004,25415441,M436DRAFT_74255,M436DRAFT_74255,-,-,Unknown,-,hypothetical protein,protein-coding,-,-,-,-,20160917,-
1043004,25415442,M436DRAFT_74259,M436DRAFT_74259,-,-,Unknown,-,hypothetical protein,protein-coding,-,-,-,-,20160325,-
1043004,25415443,M436DRAFT_74263,M436DRAFT_74263,-,-,Unknown,-,alpha/beta-hydrolase,protein-coding,-,-,-,-,20160917,-
1043004,25415444,M436DRAFT_74269,M436DRAFT_74269,-,-,Unknown,-,RTA1-domain-containing protein,protein-coding,-,-,-,-,20160917,-
1043004,25415445,M436DRAFT_74287,M436DRAFT_74287,-,-,Unknown,-,heme-dependent catalase,protein-coding,-,-,-,-,20160917,-
1043004,25415446,M436DRAFT_74295,M436DRAFT_74295,-,-,Unknown,-,Adaptor protein complex sigma subunit,protein-coding,-,-,-,-,20151212,-
1043004,25415447,M436DRAFT_74300,M436DRAFT_74300,-,-,Unknown,-,"translation initiation factor 3, RNA-binding subunit",protein-coding,-,-,-,-,20160917,-
1043004,25415448,M436DRAFT_74307,M436DRAFT_74307,-,-,Unknown,-,mitochondrial carrier,protein-coding,-,-,-,-,20160917,-
1043004,25415449,M436DRAFT_74308,M436DRAFT_74308,-,-,Unknown,-,phenylalanine-tRNA synthetase,protein-coding,-,-,-,-,20151212,-
1043004,25415450,M436DRAFT_74314,M436DRAFT_74314,-,-,Unknown,-,family 51 glycoside hydrolase,protein-coding,-,-,-,-,20160917,-
1043004,25415451,M436DRAFT_74330,M436DRAFT_74330,-,-,Unknown,-,hypothetical protein,protein-coding,-,-,-,-,20160917,-
1043004,25415452,M436DRAFT_74332,M436DRAFT_74332,-,-,Unknown,-,NAD(P)-binding protein,protein-coding,-,-,-,-,20160917,-
1043004,25415453,M436DRAFT_74335,M436DRAFT_74335,-,-,Unknown,-,hypothetical protein,protein-coding,-,-,-,-,20151212,-
1043004,25415454,M436DRAFT_74340,M436DRAFT_74340,-,-,Unknown,-,fatty acid desaturas-like protein,protein-coding,-,-,-,-,20160917,-
1043004,25415455,M436DRAFT_74343,M436DRAFT_74343,-,-,Unknown,-,alpha/beta-hydrolase,protein-coding,-,-,-,-,20160917,-
1043004,25415456,M436DRAFT_74346,M436DRAFT_74346,-,-,Unknown,-,hypothetical protein,protein-coding,-,-,-,-,20151104,-
1043004,25415457,M436DRAFT_74347,M436DRAFT_74347,-,-,Unknown,-,AMP-binding enzyme,protein-coding,-,-,-,-,20160917,-
1043004,25415458,M436DRAFT_74350,M436DRAFT_74350,-,-,Unknown,-,alpha/beta hydrolase fold family protein,protein-coding,-,-,-,-,20160917,-
1043004,25415459,M436DRAFT_74351,M436DRAFT_74351,-,-,Unknown,-,vesicle transport v-snare protein VTI1,protein-coding,-,-,-,-,20160917,-
1043004,25415460,M436DRAFT_74360,M436DRAFT_74360,-,-,Unknown,-,DNA/RNA polymerase,protein-coding,-,-,-,-,20160917,-
1043004,25415461,M436DRAFT_74372,M436DRAFT_74372,-,-,Unknown,-,hypothetical protein,protein-coding,-,-,-,-,20160917,-
1043004,25415462,M436DRAFT_74378,M436DRAFT_74378,-,-,Unknown,-,kynurenine-oxoglutarate transaminase 1 mitochondrial precursor,protein-coding,-,-,-,-,20160325,-
1043004,25415463,M436DRAFT_74381,M436DRAFT_74381,-,-,Unknown,-,Allergen Alt a 6,protein-coding,-,-,-,-,20151212,-
1043004,25415464,M436DRAFT_74401,M436DRAFT_74401,-,-,Unknown,-,hypothetical protein,protein-coding,-,-,-,-,20151212,-
1043004,25415465,M436DRAFT_74403,M436DRAFT_74403,-,-,Unknown,-,RNA-binding domain-containing protein,protein-coding,-,-,-,-,20160917,-
1043004,25415466,M436DRAFT_74404,M436DRAFT_74404,-,-,Unknown,-,Clavaminate synthase-like protein,protein-coding,-,-,-,-,20160917,-
1043004,25415467,M436DRAFT_74415,M436DRAFT_74415,-,-,Unknown,-,KH domain RNA-binding protein,protein-coding,-,-,-,-,20151212,-
1043004,25415468,M436DRAFT_74418,M436DRAFT_74418,-,-,Unknown,-,Methylthioribose-1-phosphate isomerase,protein-coding,-,-,-,-,20160917,-
1043004,25415469,M436DRAFT_74421,M436DRAFT_74421,-,-,Unknown,-,hypothetical protein,protein-coding,-,-,-,-,20151212,-
1043004,25415470,M436DRAFT_74428,M436DRAFT_74428,-,-,Unknown,-,hypothetical protein,protein-coding,-,-,-,-,20151212,-
1043004,25415471,M436DRAFT_74432,M436DRAFT_74432,-,-,Unknown,-,hypothetical protein,protein-coding,-,-,-,-,20151212,-
1043004,25415472,M436DRAFT_74433,M436DRAFT_74433,-,-,Unknown,-,hypothetical protein,protein-coding,-,-,-,-,20151104,-
1043004,25415473,M436DRAFT_74438,M436DRAFT_74438,-,-,Unknown,-,Molybdopterin synthase sulfur carrier subunit,protein-coding,-,-,-,-,20151212,-
1043004,25415474,M436DRAFT_74440,M436DRAFT_74440,-,-,Unknown,-,FYVE-domain-containing protein,protein-coding,-,-,-,-,20160917,-
1043004,25415475,M436DRAFT_74445,M436DRAFT_74445,-,-,Unknown,-,3-deoxy-7-phosphoheptulonate synthase,protein-coding,-,-,-,-,20151212,-
1043004,25415476,M436DRAFT_74448,M436DRAFT_74448,-,-,Unknown,-,SET domain-containing protein RMS1,protein-coding,-,-,-,-,20160917,-
1043004,25415477,M436DRAFT_74450,M436DRAFT_74450,-,-,Unknown,-,hypothetical protein,protein-coding,-,-,-,-,20151104,-
1043004,25415478,M436DRAFT_74455,M436DRAFT_74455,-,-,Unknown,-,hypothetical protein,protein-coding,-,-,-,-,20151104,-
1043004,25415479,M436DRAFT_74456,M436DRAFT_74456,-,-,Unknown,-,WD40 repeat-like protein,protein-coding,-,-,-,-,20160917,-
1043004,25415480,M436DRAFT_74462,M436DRAFT_74462,-,-,Unknown,-,hypothetical protein,protein-coding,-,-,-,-,20160917,-
1043004,25415481,M436DRAFT_74463,M436DRAFT_74463,-,-,Unknown,-,hypothetical protein,protein-coding,-,-,-,-,20151104,-
1043004,25415482,M436DRAFT_74472,M436DRAFT_74472,-,-,Unknown,-,hypothetical protein,protein-coding,-,-,-,-,20160917,-
1043004,25415483,M436DRAFT_74483,M436DRAFT_74483,-,-,Unknown,-,hypothetical protein,protein-coding,-,-,-,-,20151104,-
1043004,25415484,M436DRAFT_74487,M436DRAFT_74487,-,-,Unknown,-,SWIRM-domain-containing protein,protein-coding,-,-,-,-,20160917,-
1043004,25415485,M436DRAFT_74503,M436DRAFT_74503,-,-,Unknown,-,carboxylesterase,protein-coding,-,-,-,-,20160917,-
1043004,25415486,M436DRAFT_74510,M436DRAFT_74510,-,-,Unknown,-,hypothetical protein,protein-coding,-,-,-,-,20151104,-
1043004,25415487,M436DRAFT_74512,M436DRAFT_74512,-,-,Unknown,-,Cullin-domain-containing protein,protein-coding,-,-,-,-,20160917,-
1043004,25415488,M436DRAFT_74528,M436DRAFT_74528,-,-,Unknown,-,aquaporin-like protein,protein-coding,-,-,-,-,20160917,-
1043004,25415489,M436DRAFT_74531,M436DRAFT_74531,-,-,Unknown,-,hypothetical protein,protein-coding,-,-,-,-,20160917,-
1043004,25415490,M436DRAFT_74535,M436DRAFT_74535,-,-,Unknown,-,hypothetical protein,protein-coding,-,-,-,-,20160917,-
1043004,25415491,M436DRAFT_74538,M436DRAFT_74538,-,-,Unknown,-,hypothetical protein,protein-coding,-,-,-,-,20151104,-
1043004,25415492,M436DRAFT_74542,M436DRAFT_74542,-,-,Unknown,-,NAD(P)-binding protein,protein-coding,-,-,-,-,20151212,-
1043004,25415493,M436DRAFT_74547,M436DRAFT_74547,-,-,Unknown,-,NAD dependent epimerase/dehydratase family protein,protein-coding,-,-,-,-,20160917,-
1043004,25415494,M436DRAFT_74553,M436DRAFT_74553,-,-,Unknown,-,putative polyamine transporter,protein-coding,-,-,-,-,20160917,-
1043004,25415495,M436DRAFT_74556,M436DRAFT_74556,-,-,Unknown,-,hypothetical protein,protein-coding,-,-,-,-,20160917,-
1043004,25415496,M436DRAFT_74564,M436DRAFT_74564,-,-,Unknown,-,hypothetical protein,protein-coding,-,-,-,-,20160917,-
1043004,25415497,M436DRAFT_74578,M436DRAFT_74578,-,-,Unknown,-,DUF1768-domain-containing protein,protein-coding,-,-,-,-,20160917,-
1043004,25415498,M436DRAFT_74581,M436DRAFT_74581,-,-,Unknown,-,P-loop containing nucleoside triphosphate hydrolase protein,protein-coding,-,-,-,-,20160917,-
1043004,25415499,M436DRAFT_74588,M436DRAFT_74588,-,-,Unknown,-,hypothetical protein,protein-coding,-,-,-,-,20160917,-
1043004,25415500,M436DRAFT_74592,M436DRAFT_74592,-,-,Unknown,-,hypothetical protein,protein-coding,-,-,-,-,20151104,-
1043004,25415501,M436DRAFT_74596,M436DRAFT_74596,-,-,Unknown,-,hypothetical protein,protein-coding,-,-,-,-,20160917,-
1043004,25415502,M436DRAFT_74599,M436DRAFT_74599,-,-,Unknown,-,putative metacaspase,protein-coding,-,-,-,-,20160917,-
1043004,25415503,M436DRAFT_74602,M436DRAFT_74602,-,-,Unknown,-,hypothetical protein,protein-coding,-,-,-,-,20160917,-
1043004,25415504,M436DRAFT_74604,M436DRAFT_74604,-,-,Unknown,-,oxaloacetate acetylhydrose,protein-coding,-,-,-,-,20151212,-
1043004,25415505,M436DRAFT_74605,M436DRAFT_74605,-,-,Unknown,-,yellowish-green 1-like protein,protein-coding,-,-,-,-,20160917,-
1043004,25415506,M436DRAFT_74614,M436DRAFT_74614,-,-,Unknown,-,hypothetical protein,protein-coding,-,-,-,-,20160917,-
1043004,25415507,M436DRAFT_74623,M436DRAFT_74623,-,-,Unknown,-,beta-glucosidase-related glycosidase,protein-coding,-,-,-,-,20160917,-
1043004,25415508,M436DRAFT_74624,M436DRAFT_74624,-,-,Unknown,-,"RNA polymerase I associated factor, A49-like protein",protein-coding,-,-,-,-,20160917,-
1043004,25415509,M436DRAFT_74630,M436DRAFT_74630,-,-,Unknown,-,YL1-domain-containing protein,protein-coding,-,-,-,-,20160917,-
1043004,25415510,M436DRAFT_74636,M436DRAFT_74636,-,-,Unknown,-,hypothetical protein,protein-coding,-,-,-,-,20160917,-
1043004,25415511,M436DRAFT_74646,M436DRAFT_74646,-,-,Unknown,-,DNA-binding TFAR19-related protein,protein-coding,-,-,-,-,20160917,-
1043004,25415512,M436DRAFT_74647,M436DRAFT_74647,-,-,Unknown,-,hypothetical protein,protein-coding,-,-,-,-,20160917,-
1043004,25415513,M436DRAFT_74648,M436DRAFT_74648,-,-,Unknown,-,hypothetical protein,protein-coding,-,-,-,-,20160917,-
1043004,25415514,M436DRAFT_74654,M436DRAFT_74654,-,-,Unknown,-,Emopamil-binding protein,protein-coding,-,-,-,-,20160917,-
1043004,25415515,M436DRAFT_74657,M436DRAFT_74657,-,-,Unknown,-,bola-like protein,protein-coding,-,-,-,-,20160917,-
1043004,25415516,M436DRAFT_74661,M436DRAFT_74661,-,-,Unknown,-,60S ribosomal protein L2,protein-coding,-,-,-,-,20160917,-
1043004,25415517,M436DRAFT_74666,M436DRAFT_74666,-,-,Unknown,-,hypothetical protein,protein-coding,-,-,-,-,20151104,-
1043004,25415518,M436DRAFT_74680,M436DRAFT_74680,-,-,Unknown,-,hypothetical protein,protein-coding,-,-,-,-,20160917,-
1043004,25415519,M436DRAFT_74697,M436DRAFT_74697,-,-,Unknown,-,hypothetical protein,protein-coding,-,-,-,-,20160917,-
1043004,25415520,M436DRAFT_74699,M436DRAFT_74699,-,-,Unknown,-,kinase-like protein,protein-coding,-,-,-,-,20160917,-
1043004,25415521,M436DRAFT_74700,M436DRAFT_74700,-,-,Unknown,-,"1,3-beta-glucan biosynthesis protein-like protein",protein-coding,-,-,-,-,20160917,-
1043004,25415522,M436DRAFT_74708,M436DRAFT_74708,-,-,Unknown,-,DAO-domain-containing protein,protein-coding,-,-,-,-,20160917,-
1043004,25415523,M436DRAFT_74714,M436DRAFT_74714,-,-,Unknown,-,Serine/threonine-protein kinase,protein-coding,-,-,-,-,20160917,-
1043004,25415524,M436DRAFT_74716,M436DRAFT_74716,-,-,Unknown,-,kinesin-like protein klpA,protein-coding,-,-,-,-,20160917,-
1043004,25415525,M436DRAFT_74727,M436DRAFT_74727,-,-,Unknown,-,pre-mRNA splicing factor CWC2,protein-coding,-,-,-,-,20160917,-
1043004,25415526,M436DRAFT_74730,M436DRAFT_74730,-,-,Unknown,-,GTP-binding protein,protein-coding,-,-,-,-,20151212,-
1043004,25415527,M436DRAFT_74732,M436DRAFT_74732,-,-,Unknown,-,alpha subunit of succinyl-CoA ligase,protein-coding,-,-,-,-,20160917,-
1043004,25415528,M436DRAFT_74735,M436DRAFT_74735,-,-,Unknown,-,"clathrin adaptor, mu subunit",protein-coding,-,-,-,-,20160325,-
1043004,25415529,M436DRAFT_74739,M436DRAFT_74739,-,-,Unknown,-,CTP synthase,protein-coding,-,-,-,-,20160917,-
1043004,25415530,M436DRAFT_74742,M436DRAFT_74742,-,-,Unknown,-,putative ADP-ribose pyrophosphatase,protein-coding,-,-,-,-,20151212,-
1043004,25415531,M436DRAFT_74743,M436DRAFT_74743,-,-,Unknown,-,ERG1 squalene epoxidase,protein-coding,-,-,-,-,20160917,-
1043004,25415532,M436DRAFT_74749,M436DRAFT_74749,-,-,Unknown,-,Coq4-domain-containing protein,protein-coding,-,-,-,-,20160917,-
1043004,25415533,M436DRAFT_74750,M436DRAFT_74750,-,-,Unknown,-,2-dehydropantoate 2-reductase,protein-coding,-,-,-,-,20160917,-
1043004,25415534,M436DRAFT_74753,M436DRAFT_74753,-,-,Unknown,-,hypothetical protein,protein-coding,-,-,-,-,20151212,-
1043004,25415535,M436DRAFT_74755,M436DRAFT_74755,-,-,Unknown,-,UCH-domain-containing protein,protein-coding,-,-,-,-,20160917,-
1043004,25415536,M436DRAFT_74759,M436DRAFT_74759,-,-,Unknown,-,ketoacyl synthase domain-containing protein,protein-coding,-,-,-,-,20151212,-
1043004,25415537,M436DRAFT_74762,M436DRAFT_74762,-,-,Unknown,-,hypothetical protein,protein-coding,-,-,-,-,20151212,-
1043004,25415538,M436DRAFT_74780,M436DRAFT_74780,-,-,Unknown,-,hypothetical protein,protein-coding,-,-,-,-,20160917,-
1043004,25415539,M436DRAFT_74790,M436DRAFT_74790,-,-,Unknown,-,acid protease,protein-coding,-,-,-,-,20160917,-
1043004,25415540,M436DRAFT_74797,M436DRAFT_74797,-,-,Unknown,-,ArfGap-domain-containing protein,protein-coding,-,-,-,-,20160917,-
1043004,25415541,M436DRAFT_74808,M436DRAFT_74808,-,-,Unknown,-,"54S ribosomal protein L38, mitochondrial",protein-coding,-,-,-,-,20210424,-
1043004,25415542,M436DRAFT_74809,M436DRAFT_74809,-,-,Unknown,-,DNA-directed RNA polymerase subunit,protein-coding,-,-,-,-,20160917,-
1043004,25415543,M436DRAFT_74811,M436DRAFT_74811,-,-,Unknown,-,FAD/NAD(P)-binding domain-containing protein,protein-coding,-,-,-,-,20160917,-
1043004,25415544,M436DRAFT_74813,M436DRAFT_74813,-,-,Unknown,-,T-complex protein 1,protein-coding,-,-,-,-,20160917,-
1043004,25415545,M436DRAFT_74829,M436DRAFT_74829,-,-,Unknown,-,hypothetical protein,protein-coding,-,-,-,-,20160325,-
1043004,25415546,M436DRAFT_74832,M436DRAFT_74832,-,-,Unknown,-,subtilisin-like protein,protein-coding,-,-,-,-,20160917,-
1043004,25415547,M436DRAFT_74835,M436DRAFT_74835,-,-,Unknown,-,NADPH dependent diflavin oxidoreductase-like protein 1,protein-coding,-,-,-,-,20160917,-
1043004,25415548,M436DRAFT_74847,M436DRAFT_74847,-,-,Unknown,-,RTA1-domain-containing protein,protein-coding,-,-,-,-,20160917,-
1043004,25415549,M436DRAFT_74849,M436DRAFT_74849,-,-,Unknown,-,hypothetical protein,protein-coding,-,-,-,-,20151104,-
1043004,25415550,M436DRAFT_74851,M436DRAFT_74851,-,-,Unknown,-,NAD(P)-binding protein,protein-coding,-,-,-,-,20160917,-
1043004,25415551,M436DRAFT_74853,M436DRAFT_74853,-,-,Unknown,-,NAD(P)-binding protein,protein-coding,-,-,-,-,20160917,-
1043004,25415552,M436DRAFT_74855,M436DRAFT_74855,-,-,Unknown,-,mitochondrial putative 5-aminolevulinate synthase,protein-coding,-,-,-,-,20160917,-
1043004,25415553,M436DRAFT_74864,M436DRAFT_74864,-,-,Unknown,-,hypothetical protein,protein-coding,-,-,-,-,20151212,-
1043004,25415554,M436DRAFT_74871,M436DRAFT_74871,-,-,Unknown,-,hypothetical protein,protein-coding,-,-,-,-,20151104,-
1043004,25415555,M436DRAFT_74873,M436DRAFT_74873,-,-,Unknown,-,PHF5-like protein,protein-coding,-,-,-,-,20160917,-
1043004,25415556,M436DRAFT_74880,M436DRAFT_74880,-,-,Unknown,-,hypothetical protein,protein-coding,-,-,-,-,20160917,-
1043004,25415557,M436DRAFT_74881,M436DRAFT_74881,-,-,Unknown,-,glucose-inhibited division protein A subfamily,protein-coding,-,-,-,-,20160917,-
1043004,25415558,M436DRAFT_74899,M436DRAFT_74899,-,-,Unknown,-,"DASH complex, subunit Spc19",protein-coding,-,-,-,-,20160917,-
1043004,25415559,M436DRAFT_74912,M436DRAFT_74912,-,-,Unknown,-,mitogen-activated protein kinase Hog1,protein-coding,-,-,-,-,20151212,-
1043004,25415560,M436DRAFT_74920,M436DRAFT_74920,-,-,Unknown,-,amino acid transporter,protein-coding,-,-,-,-,20160917,-
1043004,25415561,M436DRAFT_74922,M436DRAFT_74922,-,-,Unknown,-,hypothetical protein,protein-coding,-,-,-,-,20151104,-
1043004,25415562,M436DRAFT_74930,M436DRAFT_74930,-,-,Unknown,-,hypothetical protein,protein-coding,-,-,-,-,20151104,-
1043004,25415563,M436DRAFT_74944,M436DRAFT_74944,-,-,Unknown,-,pyruvate dehydrogenase kinase-like protein,protein-coding,-,-,-,-,20160917,-
1043004,25415564,M436DRAFT_74952,M436DRAFT_74952,-,-,Unknown,-,rhamnogalacturonase,protein-coding,-,-,-,-,20160917,-
1043004,25415565,M436DRAFT_74955,M436DRAFT_74955,-,-,Unknown,-,hypothetical protein,protein-coding,-,-,-,-,20160917,-
1043004,25415566,M436DRAFT_74959,M436DRAFT_74959,-,-,Unknown,-,iron superoxide dismutase A,protein-coding,-,-,-,-,20151104,-
1043004,25415567,M436DRAFT_74963,M436DRAFT_74963,-,-,Unknown,-,hypothetical protein,protein-coding,-,-,-,-,20151104,-
1043004,25415568,M436DRAFT_74966,M436DRAFT_74966,-,-,Unknown,-,putative 40S ribosomal protein S3,protein-coding,-,-,-,-,20160917,-
1043004,25415569,M436DRAFT_74968,M436DRAFT_74968,-,-,Unknown,-,hypothetical protein,protein-coding,-,-,-,-,20160917,-
1043004,25415570,M436DRAFT_74972,M436DRAFT_74972,-,-,Unknown,-,short-chain dehydrogenase,protein-coding,-,-,-,-,20151212,-
1043004,25415571,M436DRAFT_74973,M436DRAFT_74973,-,-,Unknown,-,hypothetical protein,protein-coding,-,-,-,-,20160325,-
1043004,25415572,M436DRAFT_74982,M436DRAFT_74982,-,-,Unknown,-,aspartate aminotransferase,protein-coding,-,-,-,-,20160917,-
1043004,25415573,M436DRAFT_74983,M436DRAFT_74983,-,-,Unknown,-,MFS multidrug transporter,protein-coding,-,-,-,-,20160917,-
1043004,25415574,M436DRAFT_74996,M436DRAFT_74996,-,-,Unknown,-,hypothetical protein,protein-coding,-,-,-,-,20160917,-
1043004,25415575,M436DRAFT_74999,M436DRAFT_74999,-,-,Unknown,-,TPR-like protein,protein-coding,-,-,-,-,20160917,-
1043004,25415576,M436DRAFT_75001,M436DRAFT_75001,-,-,Unknown,-,"endo-beta-1,4-glucanase",protein-coding,-,-,-,-,20160917,-
1043004,25415577,M436DRAFT_75002,M436DRAFT_75002,-,-,Unknown,-,hypothetical protein,protein-coding,-,-,-,-,20160917,-
1043004,25415578,M436DRAFT_75008,M436DRAFT_75008,-,-,Unknown,-,putative salicylate hydroxylase,protein-coding,-,-,-,-,20160917,-
1043004,25415579,M436DRAFT_75016,M436DRAFT_75016,-,-,Unknown,-,general substrate transporter,protein-coding,-,-,-,-,20160917,-
1043004,25415580,M436DRAFT_75028,M436DRAFT_75028,-,-,Unknown,-,putative 40S ribosomal protein S11-B,protein-coding,-,-,-,-,20191025,-
1043004,25415581,M436DRAFT_75033,M436DRAFT_75033,-,-,Unknown,-,AAA-domain-containing protein,protein-coding,-,-,-,-,20160917,-
1043004,25415582,M436DRAFT_75034,M436DRAFT_75034,-,-,Unknown,-,alpha/beta-hydrolase,protein-coding,-,-,-,-,20160917,-
1043004,25415583,M436DRAFT_75037,M436DRAFT_75037,-,-,Unknown,-,UPF0103-domain-containing protein,protein-coding,-,-,-,-,20151212,-
1043004,25415584,M436DRAFT_75040,M436DRAFT_75040,-,-,Unknown,-,ras-domain-containing protein,protein-coding,-,-,-,-,20160917,-
1043004,25415585,M436DRAFT_75048,M436DRAFT_75048,-,-,Unknown,-,hypothetical protein,protein-coding,-,-,-,-,20160917,-
1043004,25415586,M436DRAFT_75051,M436DRAFT_75051,-,-,Unknown,-,hypothetical protein,protein-coding,-,-,-,-,20151104,-
1043004,25415587,M436DRAFT_75055,M436DRAFT_75055,-,-,Unknown,-,hypothetical protein,protein-coding,-,-,-,-,20191025,-
1043004,25415588,M436DRAFT_75063,M436DRAFT_75063,-,-,Unknown,-,hypothetical protein,protein-coding,-,-,-,-,20160325,-
1043004,25415589,M436DRAFT_75068,M436DRAFT_75068,-,-,Unknown,-,hypothetical protein,protein-coding,-,-,-,-,20160917,-
1043004,25415590,M436DRAFT_75071,M436DRAFT_75071,-,-,Unknown,-,glycoside hydrolase,protein-coding,-,-,-,-,20160917,-
1043004,25415591,M436DRAFT_75083,M436DRAFT_75083,-,-,Unknown,-,heme peroxidase,protein-coding,-,-,-,-,20160917,-
1043004,25415592,M436DRAFT_75085,M436DRAFT_75085,-,-,Unknown,-,hypothetical protein,protein-coding,-,-,-,-,20160917,-
1043004,25415593,M436DRAFT_75088,M436DRAFT_75088,-,-,Unknown,-,hydroxymethylglutaryl-CoA lyase,protein-coding,-,-,-,-,20160917,-
1043004,25415594,M436DRAFT_75093,M436DRAFT_75093,-,-,Unknown,-,pre-mRNA-processing factor 39,protein-coding,-,-,-,-,20151212,-
1043004,25415595,M436DRAFT_75106,M436DRAFT_75106,-,-,Unknown,-,small nuclear ribonucleo protein B and B',protein-coding,-,-,-,-,20160917,-
1043004,25415596,M436DRAFT_75119,M436DRAFT_75119,-,-,Unknown,-,hypothetical protein,protein-coding,-,-,-,-,20160917,-
1043004,25415597,M436DRAFT_75125,M436DRAFT_75125,-,-,Unknown,-,alpha/beta-hydrolase,protein-coding,-,-,-,-,20160917,-
1043004,25415598,M436DRAFT_75126,M436DRAFT_75126,-,-,Unknown,-,hypothetical protein,protein-coding,-,-,-,-,20151104,-
1043004,25415599,M436DRAFT_75130,M436DRAFT_75130,-,-,Unknown,-,NAD(P)-binding protein,protein-coding,-,-,-,-,20151212,-
1043004,25415600,M436DRAFT_75133,M436DRAFT_75133,-,-,Unknown,-,MFS general substrate transporter,protein-coding,-,-,-,-,20151212,-
1043004,25415601,M436DRAFT_75135,M436DRAFT_75135,-,-,Unknown,-,alpha/beta-hydrolase,protein-coding,-,-,-,-,20160917,-
1043004,25415602,M436DRAFT_75138,M436DRAFT_75138,-,-,Unknown,-,prenylated rab acceptor PRA1,protein-coding,-,-,-,-,20160917,-
1043004,25415603,M436DRAFT_75144,M436DRAFT_75144,-,-,Unknown,-,anaphase-promoting complex component APC11,protein-coding,-,-,-,-,20160917,-
1043004,25415604,M436DRAFT_75149,M436DRAFT_75149,-,-,Unknown,-,hypothetical protein,protein-coding,-,-,-,-,20160917,-
1043004,25415605,M436DRAFT_75151,M436DRAFT_75151,-,-,Unknown,-,hypothetical protein,protein-coding,-,-,-,-,20160917,-
1043004,25415606,M436DRAFT_75162,M436DRAFT_75162,-,-,Unknown,-,hypothetical protein,protein-coding,-,-,-,-,20151212,-
1043004,25415607,M436DRAFT_75166,M436DRAFT_75166,-,-,Unknown,-,hypothetical protein,protein-coding,-,-,-,-,20151104,-
1043004,25415608,M436DRAFT_75172,M436DRAFT_75172,-,-,Unknown,-,Fcf2-domain-containing protein,protein-coding,-,-,-,-,20160917,-
1043004,25415609,M436DRAFT_75181,M436DRAFT_75181,-,-,Unknown,-,hypothetical protein,protein-coding,-,-,-,-,20160917,-
1043004,25415610,M436DRAFT_75183,M436DRAFT_75183,-,-,Unknown,-,hypothetical protein,protein-coding,-,-,-,-,20160917,-
1043004,25415611,M436DRAFT_75185,M436DRAFT_75185,-,-,Unknown,-,amidase signature enzyme,protein-coding,-,-,-,-,20160917,-
1043004,25415612,M436DRAFT_75200,M436DRAFT_75200,-,-,Unknown,-,eukaryotic type KH-domain (KH-domain type I),protein-coding,-,-,-,-,20160917,-
1043004,25415613,M436DRAFT_75202,M436DRAFT_75202,-,-,Unknown,-,hypothetical protein,protein-coding,-,-,-,-,20151212,-
1043004,25415614,M436DRAFT_75212,M436DRAFT_75212,-,-,Unknown,-,hypothetical protein,protein-coding,-,-,-,-,20160917,-
1043004,25415615,M436DRAFT_75216,M436DRAFT_75216,-,-,Unknown,-,hypothetical protein,protein-coding,-,-,-,-,20160917,-
1043004,25415616,M436DRAFT_75218,M436DRAFT_75218,-,-,Unknown,-,DUF89-domain-containing protein,protein-coding,-,-,-,-,20160917,-
1043004,25415617,M436DRAFT_75219,M436DRAFT_75219,-,-,Unknown,-,hypothetical protein,protein-coding,-,-,-,-,20151104,-
1043004,25415618,M436DRAFT_75229,M436DRAFT_75229,-,-,Unknown,-,aldehyde dehydrogenase,protein-coding,-,-,-,-,20160917,-
1043004,25415619,M436DRAFT_75233,M436DRAFT_75233,-,-,Unknown,-,hypothetical protein,protein-coding,-,-,-,-,20160917,-
1043004,25415620,M436DRAFT_75234,M436DRAFT_75234,-,-,Unknown,-,40S ribosomal protein S5,protein-coding,-,-,-,-,20151212,-
1043004,25415621,M436DRAFT_75235,M436DRAFT_75235,-,-,Unknown,-,hypothetical protein,protein-coding,-,-,-,-,20160917,-
1043004,25415622,M436DRAFT_75236,M436DRAFT_75236,-,-,Unknown,-,hypothetical protein,protein-coding,-,-,-,-,20151104,-
1043004,25415623,M436DRAFT_75249,M436DRAFT_75249,-,-,Unknown,-,hypothetical protein,protein-coding,-,-,-,-,20160917,-
1043004,25415624,M436DRAFT_75254,M436DRAFT_75254,-,-,Unknown,-,hypothetical protein,protein-coding,-,-,-,-,20160917,-
1043004,25415625,M436DRAFT_75259,M436DRAFT_75259,-,-,Unknown,-,hypothetical protein,protein-coding,-,-,-,-,20160917,-
1043004,25415626,M436DRAFT_75261,M436DRAFT_75261,-,-,Unknown,-,hypothetical protein,protein-coding,-,-,-,-,20151104,-
1043004,25415627,M436DRAFT_75266,M436DRAFT_75266,-,-,Unknown,-,hypothetical protein,protein-coding,-,-,-,-,20151212,-
1043004,25415628,M436DRAFT_75267,M436DRAFT_75267,-,-,Unknown,-,peroxisomal membrane protein 4,protein-coding,-,-,-,-,20160917,-
1043004,25415629,M436DRAFT_75273,M436DRAFT_75273,-,-,Unknown,-,hypothetical protein,protein-coding,-,-,-,-,20160917,-
1043004,25415630,M436DRAFT_75293,M436DRAFT_75293,-,-,Unknown,-,nucleotide-diphospho-sugar transferase,protein-coding,-,-,-,-,20160917,-
1043004,25415631,M436DRAFT_75305,M436DRAFT_75305,-,-,Unknown,-,hypothetical protein,protein-coding,-,-,-,-,20160917,-
1043004,25415632,M436DRAFT_75307,M436DRAFT_75307,-,-,Unknown,-,hypothetical protein,protein-coding,-,-,-,-,20160917,-
1043004,25415633,M436DRAFT_75309,M436DRAFT_75309,-,-,Unknown,-,cytochrome P450,protein-coding,-,-,-,-,20160917,-
1043004,25415634,M436DRAFT_75322,M436DRAFT_75322,-,-,Unknown,-,hypothetical protein,protein-coding,-,-,-,-,20151212,-
1043004,25415635,M436DRAFT_75329,M436DRAFT_75329,-,-,Unknown,-,DUF336-domain-containing protein,protein-coding,-,-,-,-,20160917,-
1043004,25415636,M436DRAFT_75342,M436DRAFT_75342,-,-,Unknown,-,kinase-like protein,protein-coding,-,-,-,-,20160917,-
1043004,25415637,M436DRAFT_75346,M436DRAFT_75346,-,-,Unknown,-,gluconate 5-dehydrogenase,protein-coding,-,-,-,-,20160917,-
1043004,25415638,M436DRAFT_75356,M436DRAFT_75356,-,-,Unknown,-,hypothetical protein,protein-coding,-,-,-,-,20151212,-
1043004,25415639,M436DRAFT_75357,M436DRAFT_75357,-,-,Unknown,-,hypothetical protein,protein-coding,-,-,-,-,20151104,-
1043004,25415640,M436DRAFT_75361,M436DRAFT_75361,-,-,Unknown,-,ESCRT-2 complex,protein-coding,-,-,-,-,20160917,-
1043004,25415641,M436DRAFT_75363,M436DRAFT_75363,-,-,Unknown,-,hypothetical protein,protein-coding,-,-,-,-,20160917,-
1043004,25415642,M436DRAFT_75373,M436DRAFT_75373,-,-,Unknown,-,hypothetical protein,protein-coding,-,-,-,-,20151104,-
1043004,25415643,M436DRAFT_75375,M436DRAFT_75375,-,-,Unknown,-,Aldo/keto reductase,protein-coding,-,-,-,-,20160917,-
1043004,25415644,M436DRAFT_75383,M436DRAFT_75383,-,-,Unknown,-,hypothetical protein,protein-coding,-,-,-,-,20151104,-
1043004,25415645,M436DRAFT_75388,M436DRAFT_75388,-,-,Unknown,-,MFS general substrate transporter,protein-coding,-,-,-,-,20160917,-
1043004,25415646,M436DRAFT_75405,M436DRAFT_75405,-,-,Unknown,-,mitochondrial carrier,protein-coding,-,-,-,-,20160917,-
1043004,25415647,M436DRAFT_75407,M436DRAFT_75407,-,-,Unknown,-,calcium transporter ATPase,protein-coding,-,-,-,-,20160917,-
1043004,25415648,M436DRAFT_75412,M436DRAFT_75412,-,-,Unknown,-,pre-mRNA branch site protein p14,protein-coding,-,-,-,-,20160917,-
1043004,25415649,M436DRAFT_75415,M436DRAFT_75415,-,-,Unknown,-,hypothetical protein,protein-coding,-,-,-,-,20151104,-
1043004,25415650,M436DRAFT_75431,M436DRAFT_75431,-,-,Unknown,-,IdgA domain protein,protein-coding,-,-,-,-,20160917,-
1043004,25415651,M436DRAFT_75438,M436DRAFT_75438,-,-,Unknown,-,MFS general substrate transporter,protein-coding,-,-,-,-,20160325,-
1043004,25415652,M436DRAFT_75442,M436DRAFT_75442,-,-,Unknown,-,proteinase,protein-coding,-,-,-,-,20160917,-
1043004,25415653,M436DRAFT_75449,M436DRAFT_75449,-,-,Unknown,-,6-phosphogluconate dehydrogenase-like protein,protein-coding,-,-,-,-,20160917,-
1043004,25415654,M436DRAFT_75454,M436DRAFT_75454,-,-,Unknown,-,SIS domain-containing protein,protein-coding,-,-,-,-,20160917,-
1043004,25415655,M436DRAFT_75459,M436DRAFT_75459,-,-,Unknown,-,hypothetical protein,protein-coding,-,-,-,-,20160917,-
1043004,25415656,M436DRAFT_75462,M436DRAFT_75462,-,-,Unknown,-,ATP-dependent RNA helicase chl1,protein-coding,-,-,-,-,20160917,-
1043004,25415657,M436DRAFT_75472,M436DRAFT_75472,-,-,Unknown,-,hypothetical protein,protein-coding,-,-,-,-,20160917,-
1043004,25415658,M436DRAFT_75474,M436DRAFT_75474,-,-,Unknown,-,ribosomal protein L18e,protein-coding,-,-,-,-,20160917,-
1043004,25415659,M436DRAFT_75487,M436DRAFT_75487,-,-,Unknown,-,cytochrome P450,protein-coding,-,-,-,-,20160917,-
1043004,25415660,M436DRAFT_75491,M436DRAFT_75491,-,-,Unknown,-,hypothetical protein,protein-coding,-,-,-,-,20160917,-
1043004,25415661,M436DRAFT_75503,M436DRAFT_75503,-,-,Unknown,-,hypothetical protein,protein-coding,-,-,-,-,20151212,-
1043004,25415662,M436DRAFT_75505,M436DRAFT_75505,-,-,Unknown,-,"peptidase M24A, methionine aminopeptidase",protein-coding,-,-,-,-,20151212,-
1043004,25415663,M436DRAFT_75506,M436DRAFT_75506,-,-,Unknown,-,hypothetical protein,protein-coding,-,-,-,-,20160917,-
1043004,25415664,M436DRAFT_75509,M436DRAFT_75509,-,-,Unknown,-,hypothetical protein,protein-coding,-,-,-,-,20151104,-
1043004,25415665,M436DRAFT_75511,M436DRAFT_75511,-,-,Unknown,-,protein methyltransferase,protein-coding,-,-,-,-,20160917,-
1043004,25415666,M436DRAFT_75514,M436DRAFT_75514,-,-,Unknown,-,hypothetical protein,protein-coding,-,-,-,-,20160917,-
1043004,25415667,M436DRAFT_75515,M436DRAFT_75515,-,-,Unknown,-,WD40 repeat-like protein,protein-coding,-,-,-,-,20160917,-
1043004,25415668,M436DRAFT_75518,M436DRAFT_75518,-,-,Unknown,-,putative amino acid transporter,protein-coding,-,-,-,-,20160917,-
1043004,25415669,M436DRAFT_75520,M436DRAFT_75520,-,-,Unknown,-,hypothetical protein,protein-coding,-,-,-,-,20151104,-
1043004,25415670,M436DRAFT_75524,M436DRAFT_75524,-,-,Unknown,-,DUF1604-domain-containing protein,protein-coding,-,-,-,-,20160917,-
1043004,25415671,M436DRAFT_75526,M436DRAFT_75526,-,-,Unknown,-,Rcd1-like protein,protein-coding,-,-,-,-,20160917,-
1043004,25415672,M436DRAFT_75529,M436DRAFT_75529,-,-,Unknown,-,hypothetical protein,protein-coding,-,-,-,-,20151212,-
1043004,25415673,M436DRAFT_75532,M436DRAFT_75532,-,-,Unknown,-,cystathionine beta-lyase-like protein,protein-coding,-,-,-,-,20160917,-
1043004,25415674,M436DRAFT_75538,M436DRAFT_75538,-,-,Unknown,-,SAC3/GANP domain protein,protein-coding,-,-,-,-,20160917,-
1043004,25415675,M436DRAFT_75547,M436DRAFT_75547,-,-,Unknown,-,hypothetical protein,protein-coding,-,-,-,-,20151212,-
1043004,25415676,M436DRAFT_75548,M436DRAFT_75548,-,-,Unknown,-,ubiquitin-conjugating enzyme E2 N,protein-coding,-,-,-,-,20160917,-
1043004,25415677,M436DRAFT_75553,M436DRAFT_75553,-,-,Unknown,-,hypothetical protein,protein-coding,-,-,-,-,20160917,-
1043004,25415678,M436DRAFT_75554,M436DRAFT_75554,-,-,Unknown,-,alpha-ketoglutarate-dependent taurine dioxygenase,protein-coding,-,-,-,-,20160917,-
1043004,25415679,M436DRAFT_75565,M436DRAFT_75565,-,-,Unknown,-,glycosyl hydrolase 53,protein-coding,-,-,-,-,20160917,-
1043004,25415680,M436DRAFT_75567,M436DRAFT_75567,-,-,Unknown,-,cytochrome P450,protein-coding,-,-,-,-,20160917,-
1043004,25415681,M436DRAFT_75573,M436DRAFT_75573,-,-,Unknown,-,hypothetical protein,protein-coding,-,-,-,-,20160917,-
1043004,25415682,M436DRAFT_75581,M436DRAFT_75581,-,-,Unknown,-,acetylxylan esterase,protein-coding,-,-,-,-,20151212,-
1043004,25415683,M436DRAFT_75588,M436DRAFT_75588,-,-,Unknown,-,mitochondrial F1F0 ATP synthase-like protein subunit F,protein-coding,-,-,-,-,20160917,-
1043004,25415684,M436DRAFT_75593,M436DRAFT_75593,-,-,Unknown,-,putative eukaryotic translation initiation factor eIF1a-like protein,protein-coding,-,-,-,-,20160917,-
1043004,25415685,M436DRAFT_75594,M436DRAFT_75594,-,-,Unknown,-,Lethal(2)neighbour of Tid protein,protein-coding,-,-,-,-,20160917,-
1043004,25415686,M436DRAFT_75605,M436DRAFT_75605,-,-,Unknown,-,hypothetical protein,protein-coding,-,-,-,-,20151104,-
1043004,25415687,M436DRAFT_75607,M436DRAFT_75607,-,-,Unknown,-,hypothetical protein,protein-coding,-,-,-,-,20160917,-
1043004,25415688,M436DRAFT_75614,M436DRAFT_75614,-,-,Unknown,-,HEC/Ndc80p family protein-like protein,protein-coding,-,-,-,-,20160917,-
1043004,25415689,M436DRAFT_75616,M436DRAFT_75616,-,-,Unknown,-,hypothetical protein,protein-coding,-,-,-,-,20151104,-
1043004,25415690,M436DRAFT_75622,M436DRAFT_75622,-,-,Unknown,-,"serine/threonine protein kinase, CMGC family, CDC2/CDK subfamily",protein-coding,-,-,-,-,20160917,-
1043004,25415691,M436DRAFT_75624,M436DRAFT_75624,-,-,Unknown,-,hypothetical protein,protein-coding,-,-,-,-,20160325,-
1043004,25415692,M436DRAFT_75626,M436DRAFT_75626,-,-,Unknown,-,glycoside hydrolase family 28 protein,protein-coding,-,-,-,-,20160917,-
1043004,25415693,M436DRAFT_75635,M436DRAFT_75635,-,-,Unknown,-,hypothetical protein,protein-coding,-,-,-,-,20151104,-
1043004,25415694,M436DRAFT_75640,M436DRAFT_75640,-,-,Unknown,-,peptidase M28,protein-coding,-,-,-,-,20160917,-
1043004,25415695,M436DRAFT_75643,M436DRAFT_75643,-,-,Unknown,-,cytochrome c oxidase-like protein polypeptide IV,protein-coding,-,-,-,-,20160917,-
1043004,25415696,M436DRAFT_75644,M436DRAFT_75644,-,-,Unknown,-,TFIID-31kDa-domain-containing protein,protein-coding,-,-,-,-,20160917,-
1043004,25415697,M436DRAFT_75650,M436DRAFT_75650,-,-,Unknown,-,hypothetical protein,protein-coding,-,-,-,-,20160917,-
1043004,25415698,M436DRAFT_75655,M436DRAFT_75655,-,-,Unknown,-,hypothetical protein,protein-coding,-,-,-,-,20160917,-
1043004,25415699,M436DRAFT_75656,M436DRAFT_75656,-,-,Unknown,-,ClpP/crotonase,protein-coding,-,-,-,-,20160917,-
1043004,25415700,M436DRAFT_75662,M436DRAFT_75662,-,-,Unknown,-,hypothetical protein,protein-coding,-,-,-,-,20151212,-
1043004,25415701,M436DRAFT_75667,M436DRAFT_75667,-,-,Unknown,-,hypothetical protein,protein-coding,-,-,-,-,20160917,-
1043004,25415702,M436DRAFT_75671,M436DRAFT_75671,-,-,Unknown,-,hypothetical protein,protein-coding,-,-,-,-,20160917,-
1043004,25415703,M436DRAFT_75674,M436DRAFT_75674,-,-,Unknown,-,hypothetical protein,protein-coding,-,-,-,-,20160917,-
1043004,25415704,M436DRAFT_75675,M436DRAFT_75675,-,-,Unknown,-,hypothetical protein,protein-coding,-,-,-,-,20151104,-
1043004,25415705,M436DRAFT_75676,M436DRAFT_75676,-,-,Unknown,-,hypothetical protein,protein-coding,-,-,-,-,20160917,-
1043004,25415706,M436DRAFT_75680,M436DRAFT_75680,-,-,Unknown,-,XLF-domain-containing protein,protein-coding,-,-,-,-,20160917,-
1043004,25415707,M436DRAFT_75682,M436DRAFT_75682,-,-,Unknown,-,hypothetical protein,protein-coding,-,-,-,-,20160917,-
1043004,25415708,M436DRAFT_75687,M436DRAFT_75687,-,-,Unknown,-,putative inosine-5'-monophosphate dehydrogenase,protein-coding,-,-,-,-,20151212,-
1043004,25415709,M436DRAFT_75692,M436DRAFT_75692,-,-,Unknown,-,hypothetical protein,protein-coding,-,-,-,-,20160917,-
1043004,25415710,M436DRAFT_75699,M436DRAFT_75699,-,-,Unknown,-,homoserine dehydrogenase-like protein,protein-coding,-,-,-,-,20160917,-
1043004,25415711,M436DRAFT_75700,M436DRAFT_75700,-,-,Unknown,-,hypothetical protein,protein-coding,-,-,-,-,20160917,-
1043004,25415712,M436DRAFT_75702,M436DRAFT_75702,-,-,Unknown,-,hypothetical protein,protein-coding,-,-,-,-,20151104,-
1043004,25415713,M436DRAFT_75713,M436DRAFT_75713,-,-,Unknown,-,hypothetical protein,protein-coding,-,-,-,-,20160917,-
1043004,25415714,M436DRAFT_75725,M436DRAFT_75725,-,-,Unknown,-,hypothetical protein,protein-coding,-,-,-,-,20160917,-
1043004,25415715,M436DRAFT_75729,M436DRAFT_75729,-,-,Unknown,-,short chain dehydrogenase,protein-coding,-,-,-,-,20160917,-
1043004,25415716,M436DRAFT_75732,M436DRAFT_75732,-,-,Unknown,-,carboxymethylenebutenolidase,protein-coding,-,-,-,-,20160917,-
1043004,25415717,M436DRAFT_75741,M436DRAFT_75741,-,-,Unknown,-,ubiquitin-conjugating enzyme,protein-coding,-,-,-,-,20160917,-
1043004,25415718,M436DRAFT_75742,M436DRAFT_75742,-,-,Unknown,-,hypothetical protein,protein-coding,-,-,-,-,20160917,-
1043004,25415719,M436DRAFT_75750,M436DRAFT_75750,-,-,Unknown,-,hypothetical protein,protein-coding,-,-,-,-,20151104,-
1043004,25415720,M436DRAFT_75753,M436DRAFT_75753,-,-,Unknown,-,hypothetical protein,protein-coding,-,-,-,-,20151104,-
1043004,25415721,M436DRAFT_75754,M436DRAFT_75754,-,-,Unknown,-,FAD dependent oxidoreductase,protein-coding,-,-,-,-,20160917,-
1043004,25415722,M436DRAFT_75755,M436DRAFT_75755,-,-,Unknown,-,putative RNA polymerase I and III transcription factor complex component Tbp,protein-coding,-,-,-,-,20151212,-
1043004,25415723,M436DRAFT_75768,M436DRAFT_75768,-,-,Unknown,-,hypothetical protein,protein-coding,-,-,-,-,20160917,-
1043004,25415724,M436DRAFT_75769,M436DRAFT_75769,-,-,Unknown,-,hypothetical protein,protein-coding,-,-,-,-,20151104,-
1043004,25415725,M436DRAFT_75776,M436DRAFT_75776,-,-,Unknown,-,serine carboxypeptidase,protein-coding,-,-,-,-,20160917,-
1043004,25415726,M436DRAFT_75779,M436DRAFT_75779,-,-,Unknown,-,CoA-transferase family III,protein-coding,-,-,-,-,20160917,-
1043004,25415727,M436DRAFT_75781,M436DRAFT_75781,-,-,Unknown,-,hypothetical protein,protein-coding,-,-,-,-,20160917,-
1043004,25415728,M436DRAFT_75786,M436DRAFT_75786,-,-,Unknown,-,hypothetical protein,protein-coding,-,-,-,-,20160917,-
1043004,25415729,M436DRAFT_75795,M436DRAFT_75795,-,-,Unknown,-,hypothetical protein,protein-coding,-,-,-,-,20151104,-
1043004,25415730,M436DRAFT_75799,M436DRAFT_75799,-,-,Unknown,-,putative acyltransferase,protein-coding,-,-,-,-,20160917,-
1043004,25415731,M436DRAFT_75802,M436DRAFT_75802,-,-,Unknown,-,P-loop containing nucleoside triphosphate hydrolase protein,protein-coding,-,-,-,-,20160917,-
1043004,25415732,M436DRAFT_75805,M436DRAFT_75805,-,-,Unknown,-,general substrate transporter,protein-coding,-,-,-,-,20160917,-
1043004,25415733,M436DRAFT_75807,M436DRAFT_75807,-,-,Unknown,-,putative MFS sugar transporter,protein-coding,-,-,-,-,20160917,-
1043004,25415734,M436DRAFT_75811,M436DRAFT_75811,-,-,Unknown,-,hypothetical protein,protein-coding,-,-,-,-,20160325,-
1043004,25415735,M436DRAFT_75812,M436DRAFT_75812,-,-,Unknown,-,family 43 glycoside hydrolase,protein-coding,-,-,-,-,20160917,-
1043004,25415736,M436DRAFT_75820,M436DRAFT_75820,-,-,Unknown,-,tartrate dehydrogenase,protein-coding,-,-,-,-,20160917,-
1043004,25415737,M436DRAFT_75823,M436DRAFT_75823,-,-,Unknown,-,hypothetical protein,protein-coding,-,-,-,-,20160325,-
1043004,25415738,M436DRAFT_75826,M436DRAFT_75826,-,-,Unknown,-,MFS general substrate transporter,protein-coding,-,-,-,-,20151212,-
1043004,25415739,M436DRAFT_75838,M436DRAFT_75838,-,-,Unknown,-,hypothetical protein,protein-coding,-,-,-,-,20151104,-
1043004,25415740,M436DRAFT_75846,M436DRAFT_75846,-,-,Unknown,-,Zn-dependent exopeptidase,protein-coding,-,-,-,-,20151212,-
1043004,25415741,M436DRAFT_75850,M436DRAFT_75850,-,-,Unknown,-,hypothetical protein,protein-coding,-,-,-,-,20160917,-
1043004,25415742,M436DRAFT_75853,M436DRAFT_75853,-,-,Unknown,-,cytochrome c,protein-coding,-,-,-,-,20151212,-
1043004,25415743,M436DRAFT_75857,M436DRAFT_75857,-,-,Unknown,-,mitochondrial acetylornithine aminotransferase,protein-coding,-,-,-,-,20160917,-
1043004,25415744,M436DRAFT_75861,M436DRAFT_75861,-,-,Unknown,-,hypothetical protein,protein-coding,-,-,-,-,20151104,-
1043004,25415745,M436DRAFT_75866,M436DRAFT_75866,-,-,Unknown,-,hypothetical protein,protein-coding,-,-,-,-,20151104,-
1043004,25415746,M436DRAFT_75877,M436DRAFT_75877,-,-,Unknown,-,hypothetical protein,protein-coding,-,-,-,-,20151104,-
1043004,25415747,M436DRAFT_75879,M436DRAFT_75879,-,-,Unknown,-,RTA1-domain-containing protein,protein-coding,-,-,-,-,20160917,-
1043004,25415748,M436DRAFT_75895,M436DRAFT_75895,-,-,Unknown,-,SYF2-domain-containing protein,protein-coding,-,-,-,-,20160917,-
1043004,25415749,M436DRAFT_75899,M436DRAFT_75899,-,-,Unknown,-,ribosomal protein S8e,protein-coding,-,-,-,-,20151212,-
1043004,25415750,M436DRAFT_75904,M436DRAFT_75904,-,-,Unknown,-,"putative multicopper oxidase, type 1",protein-coding,-,-,-,-,20151212,-
1043004,25415751,M436DRAFT_75909,M436DRAFT_75909,-,-,Unknown,-,diphthamide biosynthesis protein 1,protein-coding,-,-,-,-,20160917,-
1043004,25415752,M436DRAFT_75912,M436DRAFT_75912,-,-,Unknown,-,TPR-like protein,protein-coding,-,-,-,-,20160917,-
1043004,25415753,M436DRAFT_75916,M436DRAFT_75916,-,-,Unknown,-,Arginase/deacetylase,protein-coding,-,-,-,-,20151212,-
1043004,25415754,M436DRAFT_75930,M436DRAFT_75930,-,-,Unknown,-,adenylate cyclase-associated protein,protein-coding,-,-,-,-,20160917,-
1043004,25415755,M436DRAFT_75946,M436DRAFT_75946,-,-,Unknown,-,NAD(P)-binding protein,protein-coding,-,-,-,-,20160917,-
1043004,25415756,M436DRAFT_75949,M436DRAFT_75949,-,-,Unknown,-,insert subdomain of RNA polymerase alpha subunit,protein-coding,-,-,-,-,20151212,-
1043004,25415757,M436DRAFT_75959,M436DRAFT_75959,-,-,Unknown,-,P-loop containing nucleoside triphosphate hydrolase protein,protein-coding,-,-,-,-,20160325,-
1043004,25415758,M436DRAFT_75968,M436DRAFT_75968,-,-,Unknown,-,chalcone synthase B,protein-coding,-,-,-,-,20160917,-
1043004,25415759,M436DRAFT_75971,M436DRAFT_75971,-,-,Unknown,-,soluble quino protein glucose dehydrogenase,protein-coding,-,-,-,-,20160917,-
1043004,25415760,M436DRAFT_75980,M436DRAFT_75980,-,-,Unknown,-,hypothetical protein,protein-coding,-,-,-,-,20151104,-
1043004,25415761,M436DRAFT_75996,M436DRAFT_75996,-,-,Unknown,-,cutinase,protein-coding,-,-,-,-,20160917,-
1043004,25415762,M436DRAFT_76000,M436DRAFT_76000,-,-,Unknown,-,DUF1446-domain-containing protein,protein-coding,-,-,-,-,20160917,-
1043004,25415763,M436DRAFT_76013,M436DRAFT_76013,-,-,Unknown,-,hypothetical protein,protein-coding,-,-,-,-,20160917,-
1043004,25415764,M436DRAFT_76017,M436DRAFT_76017,-,-,Unknown,-,hypothetical protein,protein-coding,-,-,-,-,20160917,-
1043004,25415765,M436DRAFT_76019,M436DRAFT_76019,-,-,Unknown,-,hypothetical protein,protein-coding,-,-,-,-,20151104,-
1043004,25415766,M436DRAFT_76023,M436DRAFT_76023,-,-,Unknown,-,histone-fold-containing protein,protein-coding,-,-,-,-,20151212,-
1043004,25415767,M436DRAFT_76025,M436DRAFT_76025,-,-,Unknown,-,hypothetical protein,protein-coding,-,-,-,-,20160917,-
1043004,25415768,M436DRAFT_76039,M436DRAFT_76039,-,-,Unknown,-,hypothetical protein,protein-coding,-,-,-,-,20151104,-
1043004,25415769,M436DRAFT_76041,M436DRAFT_76041,-,-,Unknown,-,hypothetical protein,protein-coding,-,-,-,-,20151212,-
1043004,25415770,M436DRAFT_76043,M436DRAFT_76043,-,-,Unknown,-,GABA permease-like protein,protein-coding,-,-,-,-,20160917,-
1043004,25415771,M436DRAFT_76060,M436DRAFT_76060,-,-,Unknown,-,P-loop containing nucleoside triphosphate hydrolase protein,protein-coding,-,-,-,-,20160917,-
1043004,25415772,M436DRAFT_76063,M436DRAFT_76063,-,-,Unknown,-,YccV-like-domain-containing protein,protein-coding,-,-,-,-,20160917,-
1043004,25415773,M436DRAFT_76064,M436DRAFT_76064,-,-,Unknown,-,hypothetical protein,protein-coding,-,-,-,-,20160917,-
1043004,25415774,M436DRAFT_76068,M436DRAFT_76068,-,-,Unknown,-,hypothetical protein,protein-coding,-,-,-,-,20160917,-
1043004,25415775,M436DRAFT_76072,M436DRAFT_76072,-,-,Unknown,-,L-amino-acid oxidase,protein-coding,-,-,-,-,20160917,-
1043004,25415776,M436DRAFT_76077,M436DRAFT_76077,-,-,Unknown,-,hypothetical protein,protein-coding,-,-,-,-,20160917,-
1043004,25415777,M436DRAFT_76084,M436DRAFT_76084,-,-,Unknown,-,hypothetical protein,protein-coding,-,-,-,-,20160917,-
1043004,25415778,M436DRAFT_76088,M436DRAFT_76088,-,-,Unknown,-,carboxylesterase type B,protein-coding,-,-,-,-,20160917,-
1043004,25415779,M436DRAFT_76090,M436DRAFT_76090,-,-,Unknown,-,hypothetical protein,protein-coding,-,-,-,-,20160917,-
1043004,25415780,M436DRAFT_76112,M436DRAFT_76112,-,-,Unknown,-,zincin,protein-coding,-,-,-,-,20151212,-
1043004,25415781,M436DRAFT_76117,M436DRAFT_76117,-,-,Unknown,-,ubiquitin carboxyl-terminal hydrolase,protein-coding,-,-,-,-,20160917,-
1043004,25415782,M436DRAFT_76123,M436DRAFT_76123,-,-,Unknown,-,hypothetical protein,protein-coding,-,-,-,-,20160917,-
1043004,25415783,M436DRAFT_76124,M436DRAFT_76124,-,-,Unknown,-,mitochondrial carrier,protein-coding,-,-,-,-,20160917,-
1043004,25415784,M436DRAFT_76142,M436DRAFT_76142,-,-,Unknown,-,hypothetical protein,protein-coding,-,-,-,-,20151212,-
1043004,25415785,M436DRAFT_76147,M436DRAFT_76147,-,-,Unknown,-,RmlC-like cupin,protein-coding,-,-,-,-,20160917,-
1043004,25415786,M436DRAFT_76148,M436DRAFT_76148,-,-,Unknown,-,hypothetical protein,protein-coding,-,-,-,-,20151104,-
1043004,25415787,M436DRAFT_76154,M436DRAFT_76154,-,-,Unknown,-,nitrate transporter,protein-coding,-,-,-,-,20151212,-
1043004,25415788,M436DRAFT_76166,M436DRAFT_76166,-,-,Unknown,-,hypothetical protein,protein-coding,-,-,-,-,20160917,-
1043004,25415789,M436DRAFT_76174,M436DRAFT_76174,-,-,Unknown,-,hypothetical protein,protein-coding,-,-,-,-,20160917,-
1043004,25415790,M436DRAFT_76185,M436DRAFT_76185,-,-,Unknown,-,proteasome core particle subunit alpha 7,protein-coding,-,-,-,-,20151212,-
1043004,25415791,M436DRAFT_76191,M436DRAFT_76191,-,-,Unknown,-,hypothetical protein,protein-coding,-,-,-,-,20151104,-
1043004,25415792,M436DRAFT_76192,M436DRAFT_76192,-,-,Unknown,-,hypothetical protein,protein-coding,-,-,-,-,20151104,-
1043004,25415793,M436DRAFT_76206,M436DRAFT_76206,-,-,Unknown,-,DnaJ-domain-containing protein,protein-coding,-,-,-,-,20160917,-
1043004,25415794,M436DRAFT_76221,M436DRAFT_76221,-,-,Unknown,-,sulfate permease,protein-coding,-,-,-,-,20160917,-
1043004,25415795,M436DRAFT_76224,M436DRAFT_76224,-,-,Unknown,-,NAD(P)-binding protein,protein-coding,-,-,-,-,20160917,-
1043004,25415796,M436DRAFT_76226,M436DRAFT_76226,-,-,Unknown,-,hypothetical protein,protein-coding,-,-,-,-,20151212,-
1043004,25415797,M436DRAFT_76228,M436DRAFT_76228,-,-,Unknown,-,heat shock protein 70,protein-coding,-,-,-,-,20160917,-
1043004,25415798,M436DRAFT_76234,M436DRAFT_76234,-,-,Unknown,-,glycerol:H+ symporter-like protein,protein-coding,-,-,-,-,20151212,-
1043004,25415799,M436DRAFT_76247,M436DRAFT_76247,-,-,Unknown,-,guanylate kinase,protein-coding,-,-,-,-,20160917,-
1043004,25415800,M436DRAFT_76256,M436DRAFT_76256,-,-,Unknown,-,hypothetical protein,protein-coding,-,-,-,-,20160917,-
1043004,25415801,M436DRAFT_76260,M436DRAFT_76260,-,-,Unknown,-,acetylcholinesterase,protein-coding,-,-,-,-,20160917,-
1043004,25415802,M436DRAFT_76274,M436DRAFT_76274,-,-,Unknown,-,FMN-dependent dehydrogenase,protein-coding,-,-,-,-,20160917,-
1043004,25415803,M436DRAFT_76276,M436DRAFT_76276,-,-,Unknown,-,regulator of G protein signaling superfamily,protein-coding,-,-,-,-,20160917,-
1043004,25415804,M436DRAFT_76285,M436DRAFT_76285,-,-,Unknown,-,putative N-acetylglucosaminyltransferase subunit,protein-coding,-,-,-,-,20160917,-
1043004,25415805,M436DRAFT_76286,M436DRAFT_76286,-,-,Unknown,-,hypothetical protein,protein-coding,-,-,-,-,20151212,-
1043004,25415806,M436DRAFT_76287,M436DRAFT_76287,-,-,Unknown,-,receptor-activated Ca2+-permeable cation channel,protein-coding,-,-,-,-,20151104,-
1043004,25415807,M436DRAFT_76288,M436DRAFT_76288,-,-,Unknown,-,hypothetical protein,protein-coding,-,-,-,-,20160917,-
1043004,25415808,M436DRAFT_76290,M436DRAFT_76290,-,-,Unknown,-,aldose 1-epimerase,protein-coding,-,-,-,-,20151212,-
1043004,25415809,M436DRAFT_76297,M436DRAFT_76297,-,-,Unknown,-,Suf-domain-containing protein,protein-coding,-,-,-,-,20160917,-
1043004,25415810,M436DRAFT_76300,M436DRAFT_76300,-,-,Unknown,-,hypothetical protein,protein-coding,-,-,-,-,20160917,-
1043004,25415811,M436DRAFT_76301,M436DRAFT_76301,-,-,Unknown,-,"haloacid dehalogenase, type II",protein-coding,-,-,-,-,20160917,-
1043004,25415812,M436DRAFT_76302,M436DRAFT_76302,-,-,Unknown,-,hypothetical protein,protein-coding,-,-,-,-,20151104,-
1043004,25415813,M436DRAFT_76308,M436DRAFT_76308,-,-,Unknown,-,LigB subunit of an aromatic-ring-opening dioxygenase LigAB,protein-coding,-,-,-,-,20151212,-
1043004,25415814,M436DRAFT_76312,M436DRAFT_76312,-,-,Unknown,-,hypothetical protein,protein-coding,-,-,-,-,20160917,-
1043004,25415815,M436DRAFT_76314,M436DRAFT_76314,-,-,Unknown,-,hypothetical protein,protein-coding,-,-,-,-,20160917,-
1043004,25415816,M436DRAFT_76321,M436DRAFT_76321,-,-,Unknown,-,hypothetical protein,protein-coding,-,-,-,-,20151104,-
1043004,25415817,M436DRAFT_76323,M436DRAFT_76323,-,-,Unknown,-,putative endosome-associated ubiquitin isopeptidase,protein-coding,-,-,-,-,20160917,-
1043004,25415818,M436DRAFT_76328,M436DRAFT_76328,-,-,Unknown,-,hypothetical protein,protein-coding,-,-,-,-,20160917,-
1043004,25415819,M436DRAFT_76331,M436DRAFT_76331,-,-,Unknown,-,putative high affinity copper protein,protein-coding,-,-,-,-,20160917,-
1043004,25415820,M436DRAFT_76336,M436DRAFT_76336,-,-,Unknown,-,yeats-domain-containing protein,protein-coding,-,-,-,-,20160917,-
1043004,25415821,M436DRAFT_76341,M436DRAFT_76341,-,-,Unknown,-,hypothetical protein,protein-coding,-,-,-,-,20151104,-
1043004,25415822,M436DRAFT_76346,M436DRAFT_76346,-,-,Unknown,-,hypothetical protein,protein-coding,-,-,-,-,20151104,-
1043004,25415823,M436DRAFT_76348,M436DRAFT_76348,-,-,Unknown,-,hypothetical protein,protein-coding,-,-,-,-,20151104,-
1043004,25415824,M436DRAFT_76372,M436DRAFT_76372,-,-,Unknown,-,Metallo-hydrolase/oxidoreductase,protein-coding,-,-,-,-,20160917,-
1043004,25415825,M436DRAFT_76373,M436DRAFT_76373,-,-,Unknown,-,hypothetical protein,protein-coding,-,-,-,-,20160917,-
1043004,25415826,M436DRAFT_76378,M436DRAFT_76378,-,-,Unknown,-,hypothetical protein,protein-coding,-,-,-,-,20160917,-
1043004,25415827,M436DRAFT_76379,M436DRAFT_76379,-,-,Unknown,-,hypothetical protein,protein-coding,-,-,-,-,20151104,-
1043004,25415828,M436DRAFT_76381,M436DRAFT_76381,-,-,Unknown,-,hypothetical protein,protein-coding,-,-,-,-,20151212,-
1043004,25415829,M436DRAFT_76389,M436DRAFT_76389,-,-,Unknown,-,RBP11-like subunits of RNA polymerase,protein-coding,-,-,-,-,20151212,-
1043004,25415830,M436DRAFT_76390,M436DRAFT_76390,-,-,Unknown,-,putative NADH-ubiquinone oxidoreductase 49 kDa subunit,protein-coding,-,-,-,-,20151212,-
1043004,25415831,M436DRAFT_76394,M436DRAFT_76394,-,-,Unknown,-,high affinity glucose transporter RGT2,protein-coding,-,-,-,-,20160917,-
1043004,25415832,M436DRAFT_76400,M436DRAFT_76400,-,-,Unknown,-,Arabinanase/levansucrase/invertase,protein-coding,-,-,-,-,20151212,-
1043004,25415833,M436DRAFT_76404,M436DRAFT_76404,-,-,Unknown,-,hypothetical protein,protein-coding,-,-,-,-,20151104,-
1043004,25415834,M436DRAFT_76405,M436DRAFT_76405,-,-,Unknown,-,glycosyl hydrolase family 5 protein-like protein/cellulase,protein-coding,-,-,-,-,20151104,-
1043004,25415835,M436DRAFT_76427,M436DRAFT_76427,-,-,Unknown,-,tryptophan synthase beta subunit-like PLP-dependent enzyme,protein-coding,-,-,-,-,20160917,-
1043004,25415836,M436DRAFT_76429,M436DRAFT_76429,-,-,Unknown,-,hypothetical protein,protein-coding,-,-,-,-,20160917,-
1043004,25415837,M436DRAFT_76430,M436DRAFT_76430,-,-,Unknown,-,lactonohydrolase,protein-coding,-,-,-,-,20160917,-
1043004,25415838,M436DRAFT_76432,M436DRAFT_76432,-,-,Unknown,-,WD40 repeat-like protein,protein-coding,-,-,-,-,20160917,-
1043004,25415839,M436DRAFT_76434,M436DRAFT_76434,-,-,Unknown,-,hypothetical protein,protein-coding,-,-,-,-,20151212,-
1043004,25415840,M436DRAFT_76437,M436DRAFT_76437,-,-,Unknown,-,nucleotide-diphospho-sugar transferase,protein-coding,-,-,-,-,20160917,-
1043004,25415841,M436DRAFT_76441,M436DRAFT_76441,-,-,Unknown,-,hypothetical protein,protein-coding,-,-,-,-,20151104,-
1043004,25415842,M436DRAFT_76445,M436DRAFT_76445,-,-,Unknown,-,prefoldin subunit 6,protein-coding,-,-,-,-,20151212,-
1043004,25415843,M436DRAFT_76449,M436DRAFT_76449,-,-,Unknown,-,hypothetical protein,protein-coding,-,-,-,-,20160917,-
1043004,25415844,M436DRAFT_76455,M436DRAFT_76455,-,-,Unknown,-,hypothetical protein,protein-coding,-,-,-,-,20160917,-
1043004,25415845,M436DRAFT_76457,M436DRAFT_76457,-,-,Unknown,-,putative prenylcysteine lyase,protein-coding,-,-,-,-,20160917,-
1043004,25415846,M436DRAFT_76462,M436DRAFT_76462,-,-,Unknown,-,hypothetical protein,protein-coding,-,-,-,-,20151104,-
1043004,25415847,M436DRAFT_76467,M436DRAFT_76467,-,-,Unknown,-,ARF/SAR superfamily,protein-coding,-,-,-,-,20151212,-
1043004,25415848,M436DRAFT_76468,M436DRAFT_76468,-,-,Unknown,-,vacuolar protein sorting-associated protein 35,protein-coding,-,-,-,-,20160917,-
1043004,25415849,M436DRAFT_76474,M436DRAFT_76474,-,-,Unknown,-,acid protease,protein-coding,-,-,-,-,20160917,-
1043004,25415850,M436DRAFT_76477,M436DRAFT_76477,-,-,Unknown,-,NAD(P)-binding protein,protein-coding,-,-,-,-,20160917,-
1043004,25415851,M436DRAFT_76479,M436DRAFT_76479,-,-,Unknown,-,cysteine desulfurase,protein-coding,-,-,-,-,20160917,-
1043004,25415852,M436DRAFT_76487,M436DRAFT_76487,-,-,Unknown,-,Actin/actin-like protein,protein-coding,-,-,-,-,20160917,-
1043004,25415853,M436DRAFT_76497,M436DRAFT_76497,-,-,Unknown,-,general substrate transporter,protein-coding,-,-,-,-,20160917,-
1043004,25415854,M436DRAFT_76508,M436DRAFT_76508,-,-,Unknown,-,DNA repair exonuclease,protein-coding,-,-,-,-,20160917,-
1043004,25415855,M436DRAFT_76515,M436DRAFT_76515,-,-,Unknown,-,hypothetical protein,protein-coding,-,-,-,-,20151104,-
1043004,25415856,M436DRAFT_76522,M436DRAFT_76522,-,-,Unknown,-,hypothetical protein,protein-coding,-,-,-,-,20151104,-
1043004,25415857,M436DRAFT_76527,M436DRAFT_76527,-,-,Unknown,-,alpha/beta-hydrolase,protein-coding,-,-,-,-,20160917,-
1043004,25415858,M436DRAFT_76529,M436DRAFT_76529,-,-,Unknown,-,SET domain-containing protein,protein-coding,-,-,-,-,20160917,-
1043004,25415859,M436DRAFT_76546,M436DRAFT_76546,-,-,Unknown,-,hypothetical protein,protein-coding,-,-,-,-,20160917,-
1043004,25415860,M436DRAFT_76548,M436DRAFT_76548,-,-,Unknown,-,putative cytochrome P450 monooxygenase,protein-coding,-,-,-,-,20160917,-
1043004,25415861,M436DRAFT_76551,M436DRAFT_76551,-,-,Unknown,-,alpha subunit of putative methylmalonyl-CoA decarboxylase,protein-coding,-,-,-,-,20160917,-
1043004,25415862,M436DRAFT_76559,M436DRAFT_76559,-,-,Unknown,-,hypothetical protein,protein-coding,-,-,-,-,20160917,-
1043004,25415863,M436DRAFT_76570,M436DRAFT_76570,-,-,Unknown,-,ATP-dependent metallopeptidase Hfl,protein-coding,-,-,-,-,20160917,-
1043004,25415864,M436DRAFT_76574,M436DRAFT_76574,-,-,Unknown,-,mannose-6-phosphate isomerase,protein-coding,-,-,-,-,20160917,-
1043004,25415865,M436DRAFT_76580,M436DRAFT_76580,-,-,Unknown,-,NCS1 nucleoside transporter family,protein-coding,-,-,-,-,20151212,-
1043004,25415866,M436DRAFT_76582,M436DRAFT_76582,-,-,Unknown,-,hypothetical protein,protein-coding,-,-,-,-,20160917,-
1043004,25415867,M436DRAFT_76593,M436DRAFT_76593,-,-,Unknown,-,concanavalin A-like lectin/glucanase,protein-coding,-,-,-,-,20151212,-
1043004,25415868,M436DRAFT_76594,M436DRAFT_76594,-,-,Unknown,-,hypothetical protein,protein-coding,-,-,-,-,20160917,-
1043004,25415869,M436DRAFT_76599,M436DRAFT_76599,-,-,Unknown,-,hypothetical protein,protein-coding,-,-,-,-,20151104,-
1043004,25415870,M436DRAFT_76601,M436DRAFT_76601,-,-,Unknown,-,hypothetical protein,protein-coding,-,-,-,-,20160917,-
1043004,25415871,M436DRAFT_76602,M436DRAFT_76602,-,-,Unknown,-,hypothetical protein,protein-coding,-,-,-,-,20160917,-
1043004,25415872,M436DRAFT_76615,M436DRAFT_76615,-,-,Unknown,-,hypothetical protein,protein-coding,-,-,-,-,20151104,-
1043004,25415873,M436DRAFT_76622,M436DRAFT_76622,-,-,Unknown,-,hypothetical protein,protein-coding,-,-,-,-,20151104,-
1043004,25415874,M436DRAFT_76626,M436DRAFT_76626,-,-,Unknown,-,hypothetical protein,protein-coding,-,-,-,-,20151104,-
1043004,25415875,M436DRAFT_76631,M436DRAFT_76631,-,-,Unknown,-,putative transporter,protein-coding,-,-,-,-,20160917,-
1043004,25415876,M436DRAFT_76635,M436DRAFT_76635,-,-,Unknown,-,general substrate transporter,protein-coding,-,-,-,-,20160917,-
1043004,25415877,M436DRAFT_76636,M436DRAFT_76636,-,-,Unknown,-,hypothetical protein,protein-coding,-,-,-,-,20160917,-
1043004,25415878,M436DRAFT_76647,M436DRAFT_76647,-,-,Unknown,-,"ERG25, C-4 methyl sterol oxidase",protein-coding,-,-,-,-,20160917,-
1043004,25415879,M436DRAFT_76653,M436DRAFT_76653,-,-,Unknown,-,hypothetical protein,protein-coding,-,-,-,-,20160917,-
1043004,25415880,M436DRAFT_76654,M436DRAFT_76654,-,-,Unknown,-,hypothetical protein,protein-coding,-,-,-,-,20160325,-
1043004,25415881,M436DRAFT_76662,M436DRAFT_76662,-,-,Unknown,-,hypothetical protein,protein-coding,-,-,-,-,20151104,-
1043004,25415882,M436DRAFT_76663,M436DRAFT_76663,-,-,Unknown,-,hypothetical protein,protein-coding,-,-,-,-,20160917,-
1043004,25415883,M436DRAFT_76664,M436DRAFT_76664,-,-,Unknown,-,dihydrodipicolinate synthetase,protein-coding,-,-,-,-,20160325,-
1043004,25415884,M436DRAFT_76666,M436DRAFT_76666,-,-,Unknown,-,general substrate transporter,protein-coding,-,-,-,-,20160917,-
1043004,25415885,M436DRAFT_76682,M436DRAFT_76682,-,-,Unknown,-,hypothetical protein,protein-coding,-,-,-,-,20160917,-
1043004,25415886,M436DRAFT_76686,M436DRAFT_76686,-,-,Unknown,-,arrestin domain conatining protein,protein-coding,-,-,-,-,20160917,-
1043004,25415887,M436DRAFT_76687,M436DRAFT_76687,-,-,Unknown,-,cyclophilin-like protein,protein-coding,-,-,-,-,20151212,-
1043004,25415888,M436DRAFT_76701,M436DRAFT_76701,-,-,Unknown,-,Arabinanase/levansucrase/invertase,protein-coding,-,-,-,-,20151212,-
1043004,25415889,M436DRAFT_76703,M436DRAFT_76703,-,-,Unknown,-,PAXNEB-domain-containing protein,protein-coding,-,-,-,-,20160917,-
1043004,25415890,M436DRAFT_76708,M436DRAFT_76708,-,-,Unknown,-,putative rhamnogalacturonan acetylesterase,protein-coding,-,-,-,-,20160917,-
1043004,25415891,M436DRAFT_76709,M436DRAFT_76709,-,-,Unknown,-,ubiquinol-cytochrome c r,protein-coding,-,-,-,-,20160917,-
1043004,25415892,M436DRAFT_76731,M436DRAFT_76731,-,-,Unknown,-,hypothetical protein,protein-coding,-,-,-,-,20151104,-
1043004,25415893,M436DRAFT_76732,M436DRAFT_76732,-,-,Unknown,-,NAD(P)-binding protein,protein-coding,-,-,-,-,20160917,-
1043004,25415894,M436DRAFT_76746,M436DRAFT_76746,-,-,Unknown,-,putative pantothenate transporter,protein-coding,-,-,-,-,20151212,-
1043004,25415895,M436DRAFT_76748,M436DRAFT_76748,-,-,Unknown,-,alpha/beta-hydrolase,protein-coding,-,-,-,-,20160917,-
1043004,25415896,M436DRAFT_76750,M436DRAFT_76750,-,-,Unknown,-,hypothetical protein,protein-coding,-,-,-,-,20151104,-
1043004,25415897,M436DRAFT_76752,M436DRAFT_76752,-,-,Unknown,-,FAD/NAD(P)-binding domain-containing protein,protein-coding,-,-,-,-,20160917,-
1043004,25415898,M436DRAFT_76754,M436DRAFT_76754,-,-,Unknown,-,D-isomer specific 2-hydroxyacid dehydrogenase,protein-coding,-,-,-,-,20160917,-
1043004,25415899,M436DRAFT_76755,M436DRAFT_76755,-,-,Unknown,-,hypothetical protein,protein-coding,-,-,-,-,20151104,-
1043004,25415900,M436DRAFT_76756,M436DRAFT_76756,-,-,Unknown,-,phospholipid-translocating P-type ATPase,protein-coding,-,-,-,-,20160917,-
1043004,25415901,M436DRAFT_76758,M436DRAFT_76758,-,-,Unknown,-,A cutinase-like protein from cryptococcus Sp,protein-coding,-,-,-,-,20160917,-
1043004,25415902,M436DRAFT_76762,M436DRAFT_76762,-,-,Unknown,-,amino acid transporter,protein-coding,-,-,-,-,20160917,-
1043004,25415903,M436DRAFT_76763,M436DRAFT_76763,-,-,Unknown,-,hypothetical protein,protein-coding,-,-,-,-,20160917,-
1043004,25415904,M436DRAFT_76765,M436DRAFT_76765,-,-,Unknown,-,Cse1-domain-containing protein,protein-coding,-,-,-,-,20160917,-
1043004,25415905,M436DRAFT_76766,M436DRAFT_76766,-,-,Unknown,-,hypothetical protein,protein-coding,-,-,-,-,20160917,-
1043004,25415906,M436DRAFT_76767,M436DRAFT_76767,-,-,Unknown,-,Mg-dependent DNase,protein-coding,-,-,-,-,20151212,-
1043004,25415907,M436DRAFT_76773,M436DRAFT_76773,-,-,Unknown,-,"ADP,ATP carrier protein",protein-coding,-,-,-,-,20160917,-
1043004,25415908,M436DRAFT_76790,M436DRAFT_76790,-,-,Unknown,-,short chain dehydrogenase/reductase,protein-coding,-,-,-,-,20160917,-
1043004,25415909,M436DRAFT_76809,M436DRAFT_76809,-,-,Unknown,-,NADH kinase-like protein POS5,protein-coding,-,-,-,-,20151212,-
1043004,25415910,M436DRAFT_76810,M436DRAFT_76810,-,-,Unknown,-,DEAD-domain-containing protein,protein-coding,-,-,-,-,20160917,-
1043004,25415911,M436DRAFT_76813,M436DRAFT_76813,-,-,Unknown,-,hypothetical protein,protein-coding,-,-,-,-,20151212,-
1043004,25415912,M436DRAFT_76828,M436DRAFT_76828,-,-,Unknown,-,MFS general substrate transporter,protein-coding,-,-,-,-,20151212,-
1043004,25415913,M436DRAFT_76832,M436DRAFT_76832,-,-,Unknown,-,Clavaminate synthase-like protein,protein-coding,-,-,-,-,20160917,-
1043004,25415914,M436DRAFT_76839,M436DRAFT_76839,-,-,Unknown,-,hypothetical protein,protein-coding,-,-,-,-,20151104,-
1043004,25415915,M436DRAFT_76851,M436DRAFT_76851,-,-,Unknown,-,S-adenosyl-L-methionine-dependent methyltransferase,protein-coding,-,-,-,-,20160917,-
1043004,25415916,M436DRAFT_76853,M436DRAFT_76853,-,-,Unknown,-,hypothetical protein,protein-coding,-,-,-,-,20160917,-
1043004,25415917,M436DRAFT_76859,M436DRAFT_76859,-,-,Unknown,-,amidase,protein-coding,-,-,-,-,20160917,-
1043004,25415918,M436DRAFT_76861,M436DRAFT_76861,-,-,Unknown,-,DUF1769-domain-containing protein,protein-coding,-,-,-,-,20160917,-
1043004,25415919,M436DRAFT_76862,M436DRAFT_76862,-,-,Unknown,-,Isocitrate/isopropylmalate dehydrogenase,protein-coding,-,-,-,-,20151212,-
1043004,25415920,M436DRAFT_76863,M436DRAFT_76863,-,-,Unknown,-,CS-domain-containing protein,protein-coding,-,-,-,-,20160325,-
1043004,25415921,M436DRAFT_76872,M436DRAFT_76872,-,-,Unknown,-,tripeptidyl peptidase-like protein,protein-coding,-,-,-,-,20160917,-
1043004,25415922,M436DRAFT_76874,M436DRAFT_76874,-,-,Unknown,-,DUF1212-domain-containing protein,protein-coding,-,-,-,-,20160917,-
1043004,25415923,M436DRAFT_76886,M436DRAFT_76886,-,-,Unknown,-,Di-copper centre-containing protein,protein-coding,-,-,-,-,20160917,-
1043004,25415924,M436DRAFT_76888,M436DRAFT_76888,-,-,Unknown,-,FAD/NAD(P)-binding domain-containing protein,protein-coding,-,-,-,-,20160917,-
1043004,25415925,M436DRAFT_76890,M436DRAFT_76890,-,-,Unknown,-,hypothetical protein,protein-coding,-,-,-,-,20160917,-
1043004,25415926,M436DRAFT_76891,M436DRAFT_76891,-,-,Unknown,-,NAD dependent epimerase/dehydratase family protein,protein-coding,-,-,-,-,20160917,-
1043004,25415927,M436DRAFT_76892,M436DRAFT_76892,-,-,Unknown,-,hypothetical protein,protein-coding,-,-,-,-,20160917,-
1043004,25415928,M436DRAFT_76898,M436DRAFT_76898,-,-,Unknown,-,hypothetical protein,protein-coding,-,-,-,-,20160917,-
1043004,25415929,M436DRAFT_76909,M436DRAFT_76909,-,-,Unknown,-,hypothetical protein,protein-coding,-,-,-,-,20160917,-
1043004,25415930,M436DRAFT_76912,M436DRAFT_76912,-,-,Unknown,-,histidine acid phosphatase-like protein,protein-coding,-,-,-,-,20151212,-
1043004,25415931,M436DRAFT_76913,M436DRAFT_76913,-,-,Unknown,-,MFS general substrate transporter,protein-coding,-,-,-,-,20151212,-
1043004,25415932,M436DRAFT_76916,M436DRAFT_76916,-,-,Unknown,-,hypothetical protein,protein-coding,-,-,-,-,20160917,-
1043004,25415933,M436DRAFT_76919,M436DRAFT_76919,-,-,Unknown,-,alpha-L-rhamnosidase,protein-coding,-,-,-,-,20160917,-
1043004,25415934,M436DRAFT_76924,M436DRAFT_76924,-,-,Unknown,-,hypothetical protein,protein-coding,-,-,-,-,20160917,-
1043004,25415935,M436DRAFT_76925,M436DRAFT_76925,-,-,Unknown,-,Low affinity iron permease,protein-coding,-,-,-,-,20160917,-
1043004,25415936,M436DRAFT_76934,M436DRAFT_76934,-,-,Unknown,-,"ribonuclease Trv, RNase Trv",protein-coding,-,-,-,-,20151212,-
1043004,25415937,M436DRAFT_76964,M436DRAFT_76964,-,-,Unknown,-,hypothetical protein,protein-coding,-,-,-,-,20160917,-
1043004,25415938,M436DRAFT_76965,M436DRAFT_76965,-,-,Unknown,-,hypothetical protein,protein-coding,-,-,-,-,20151104,-
1043004,25415939,M436DRAFT_76971,M436DRAFT_76971,-,-,Unknown,-,hypothetical protein,protein-coding,-,-,-,-,20160917,-
1043004,25415940,M436DRAFT_76972,M436DRAFT_76972,-,-,Unknown,-,kinase-like protein,protein-coding,-,-,-,-,20160917,-
1043004,25415941,M436DRAFT_76973,M436DRAFT_76973,-,-,Unknown,-,hypothetical protein,protein-coding,-,-,-,-,20160917,-
1043004,25415942,M436DRAFT_76974,M436DRAFT_76974,-,-,Unknown,-,hypothetical protein,protein-coding,-,-,-,-,20160917,-
1043004,25415943,M436DRAFT_76976,M436DRAFT_76976,-,-,Unknown,-,hypothetical protein,protein-coding,-,-,-,-,20160325,-
1043004,25415944,M436DRAFT_76980,M436DRAFT_76980,-,-,Unknown,-,ribosomal protein S8,protein-coding,-,-,-,-,20151212,-
1043004,25415945,M436DRAFT_76983,M436DRAFT_76983,-,-,Unknown,-,hypothetical protein,protein-coding,-,-,-,-,20151104,-
1043004,25415946,M436DRAFT_76988,M436DRAFT_76988,-,-,Unknown,-,hypothetical protein,protein-coding,-,-,-,-,20160917,-
1043004,25415947,M436DRAFT_76990,M436DRAFT_76990,-,-,Unknown,-,hypothetical protein,protein-coding,-,-,-,-,20160917,-
1043004,25415948,M436DRAFT_76992,M436DRAFT_76992,-,-,Unknown,-,hypothetical protein,protein-coding,-,-,-,-,20160917,-
1043004,25415949,M436DRAFT_76993,M436DRAFT_76993,-,-,Unknown,-,hypothetical protein,protein-coding,-,-,-,-,20151104,-
1043004,25415950,M436DRAFT_77002,M436DRAFT_77002,-,-,Unknown,-,hypothetical protein,protein-coding,-,-,-,-,20151104,-
1043004,25415951,M436DRAFT_77017,M436DRAFT_77017,-,-,Unknown,-,MFS general substrate transporter,protein-coding,-,-,-,-,20160917,-
1043004,25415952,M436DRAFT_77018,M436DRAFT_77018,-,-,Unknown,-,hypothetical protein,protein-coding,-,-,-,-,20160917,-
1043004,25415953,M436DRAFT_77025,M436DRAFT_77025,-,-,Unknown,-,ribosomal protein S13,protein-coding,-,-,-,-,20160917,-
1043004,25415954,M436DRAFT_77028,M436DRAFT_77028,-,-,Unknown,-,HSP20-like chaperone,protein-coding,-,-,-,-,20151212,-
1043004,25415955,M436DRAFT_77034,M436DRAFT_77034,-,-,Unknown,-,hypothetical protein,protein-coding,-,-,-,-,20151104,-
1043004,25415956,M436DRAFT_77045,M436DRAFT_77045,-,-,Unknown,-,kinase-like protein,protein-coding,-,-,-,-,20160917,-
1043004,25415957,M436DRAFT_77047,M436DRAFT_77047,-,-,Unknown,-,hypothetical protein,protein-coding,-,-,-,-,20160917,-
1043004,25415958,M436DRAFT_77048,M436DRAFT_77048,-,-,Unknown,-,nucleotide-binding domain-containing protein,protein-coding,-,-,-,-,20160917,-
1043004,25415959,M436DRAFT_77060,M436DRAFT_77060,-,-,Unknown,-,histone-fold-containing protein,protein-coding,-,-,-,-,20160917,-
1043004,25415960,M436DRAFT_77065,M436DRAFT_77065,-,-,Unknown,-,hypothetical protein,protein-coding,-,-,-,-,20160325,-
1043004,25415961,M436DRAFT_77066,M436DRAFT_77066,-,-,Unknown,-,hypothetical protein,protein-coding,-,-,-,-,20160917,-
1043004,25415962,M436DRAFT_77071,M436DRAFT_77071,-,-,Unknown,-,hypothetical protein,protein-coding,-,-,-,-,20151212,-
1043004,25415963,M436DRAFT_77072,M436DRAFT_77072,-,-,Unknown,-,MFS general substrate transporter,protein-coding,-,-,-,-,20151212,-
1043004,25415964,M436DRAFT_77076,M436DRAFT_77076,-,-,Unknown,-,alpha-glucosidase,protein-coding,-,-,-,-,20151212,-
1043004,25415965,M436DRAFT_77084,M436DRAFT_77084,-,-,Unknown,-,pectin lyase-like protein,protein-coding,-,-,-,-,20160917,-
1043004,25415966,M436DRAFT_77088,M436DRAFT_77088,-,-,Unknown,-,MFS general substrate transporter,protein-coding,-,-,-,-,20160325,-
1043004,25415967,M436DRAFT_77090,M436DRAFT_77090,-,-,Unknown,-,hypothetical protein,protein-coding,-,-,-,-,20151104,-
1043004,25415968,M436DRAFT_77091,M436DRAFT_77091,-,-,Unknown,-,purine and uridine phosphorylase,protein-coding,-,-,-,-,20151212,-
1043004,25415969,M436DRAFT_77098,M436DRAFT_77098,-,-,Unknown,-,putative cytochrome P450 monooxygenase,protein-coding,-,-,-,-,20160917,-
1043004,25415970,M436DRAFT_77100,M436DRAFT_77100,-,-,Unknown,-,Na+/solute symporter,protein-coding,-,-,-,-,20151212,-
1043004,25415971,M436DRAFT_77102,M436DRAFT_77102,-,-,Unknown,-,alpha/beta-hydrolase,protein-coding,-,-,-,-,20160917,-
1043004,25415972,M436DRAFT_77103,M436DRAFT_77103,-,-,Unknown,-,ammonium transporter,protein-coding,-,-,-,-,20151212,-
1043004,25415973,M436DRAFT_77107,M436DRAFT_77107,-,-,Unknown,-,glycoside hydrolase family 27 protein,protein-coding,-,-,-,-,20151212,-
1043004,25415974,M436DRAFT_77110,M436DRAFT_77110,-,-,Unknown,-,Brix-domain-containing protein,protein-coding,-,-,-,-,20160917,-
1043004,25415975,M436DRAFT_77120,M436DRAFT_77120,-,-,Unknown,-,major facilitator superfamily transporter,protein-coding,-,-,-,-,20151212,-
1043004,25415976,M436DRAFT_77124,M436DRAFT_77124,-,-,Unknown,-,pyridoxamine phosphate oxidase family protein,protein-coding,-,-,-,-,20151104,-
1043004,25415977,M436DRAFT_77126,M436DRAFT_77126,-,-,Unknown,-,MFS general substrate transporter,protein-coding,-,-,-,-,20151212,-
1043004,25415978,M436DRAFT_77131,M436DRAFT_77131,-,-,Unknown,-,X-Pro dipeptidyl-peptidase protein,protein-coding,-,-,-,-,20160917,-
1043004,25415979,M436DRAFT_77132,M436DRAFT_77132,-,-,Unknown,-,NAD(P)-binding protein,protein-coding,-,-,-,-,20151212,-
1043004,25415980,M436DRAFT_77137,M436DRAFT_77137,-,-,Unknown,-,hypothetical protein,protein-coding,-,-,-,-,20160325,-
1043004,25415981,M436DRAFT_77139,M436DRAFT_77139,-,-,Unknown,-,hypothetical protein,protein-coding,-,-,-,-,20151104,-
1043004,25415982,M436DRAFT_77141,M436DRAFT_77141,-,-,Unknown,-,beta-lactamase/transpeptidase-like protein,protein-coding,-,-,-,-,20160917,-
1043004,25415983,M436DRAFT_77144,M436DRAFT_77144,-,-,Unknown,-,hypothetical protein,protein-coding,-,-,-,-,20160917,-
1043004,25415984,M436DRAFT_77156,M436DRAFT_77156,-,-,Unknown,-,4-oxalocrotonate tautomerase,protein-coding,-,-,-,-,20160917,-
1043004,25415985,M436DRAFT_77158,M436DRAFT_77158,-,-,Unknown,-,hypothetical protein,protein-coding,-,-,-,-,20151212,-
1043004,25415986,M436DRAFT_77161,M436DRAFT_77161,-,-,Unknown,-,hypothetical protein,protein-coding,-,-,-,-,20151212,-
1043004,25415987,M436DRAFT_77163,M436DRAFT_77163,-,-,Unknown,-,PQ loop repeat protein,protein-coding,-,-,-,-,20160917,-
1043004,25415988,M436DRAFT_77165,M436DRAFT_77165,-,-,Unknown,-,acetyl-CoA synthetase-like protein,protein-coding,-,-,-,-,20160917,-
1043004,25415989,M436DRAFT_77172,M436DRAFT_77172,-,-,Unknown,-,putative intracellular protein transport protein,protein-coding,-,-,-,-,20160917,-
1043004,25415990,M436DRAFT_77185,M436DRAFT_77185,-,-,Unknown,-,NAD(P)-binding protein,protein-coding,-,-,-,-,20151212,-
1043004,25415991,M436DRAFT_77194,M436DRAFT_77194,-,-,Unknown,-,hypothetical protein,protein-coding,-,-,-,-,20160917,-
1043004,25415992,M436DRAFT_77203,M436DRAFT_77203,-,-,Unknown,-,kelch repeat protein,protein-coding,-,-,-,-,20160917,-
1043004,25415993,M436DRAFT_77207,M436DRAFT_77207,-,-,Unknown,-,short chain alcohol dehydrogenase,protein-coding,-,-,-,-,20151212,-
1043004,25415994,M436DRAFT_77210,M436DRAFT_77210,-,-,Unknown,-,Nitrilotriacetate monooxygenase component A/pristinamycin IIA synthase subunit A,protein-coding,-,-,-,-,20151212,-
1043004,25415995,M436DRAFT_77222,M436DRAFT_77222,-,-,Unknown,-,hypothetical protein,protein-coding,-,-,-,-,20160917,-
1043004,25415996,M436DRAFT_77227,M436DRAFT_77227,-,-,Unknown,-,alpha/beta-hydrolase,protein-coding,-,-,-,-,20160917,-
1043004,25415997,M436DRAFT_77229,M436DRAFT_77229,-,-,Unknown,-,"Glycosylphosphatidylinositol:protein transamidase, GAA1 component",protein-coding,-,-,-,-,20160917,-
1043004,25415998,M436DRAFT_77245,M436DRAFT_77245,-,-,Unknown,-,hypothetical protein,protein-coding,-,-,-,-,20151104,-
1043004,25415999,M436DRAFT_77246,M436DRAFT_77246,-,-,Unknown,-,hypothetical protein,protein-coding,-,-,-,-,20151212,-
1043004,25416000,M436DRAFT_77254,M436DRAFT_77254,-,-,Unknown,-,RNA methylase,protein-coding,-,-,-,-,20160917,-
1043004,25416001,M436DRAFT_77255,M436DRAFT_77255,-,-,Unknown,-,hypothetical protein,protein-coding,-,-,-,-,20151212,-
1043004,25416002,M436DRAFT_77259,M436DRAFT_77259,-,-,Unknown,-,"eukaryotic translation initiation factor 3, subunit 6",protein-coding,-,-,-,-,20160917,-
1043004,25416003,M436DRAFT_77261,M436DRAFT_77261,-,-,Unknown,-,DUF676-domain-containing protein,protein-coding,-,-,-,-,20160917,-
1043004,25416004,M436DRAFT_77268,M436DRAFT_77268,-,-,Unknown,-,VHS-domain-containing protein,protein-coding,-,-,-,-,20160917,-
1043004,25416005,M436DRAFT_77275,M436DRAFT_77275,-,-,Unknown,-,hypothetical protein,protein-coding,-,-,-,-,20151104,-
1043004,25416006,M436DRAFT_77286,M436DRAFT_77286,-,-,Unknown,-,acyl-CoA dehydrogenase NM domain-like protein,protein-coding,-,-,-,-,20160917,-
1043004,25416007,M436DRAFT_77293,M436DRAFT_77293,-,-,Unknown,-,hypothetical protein,protein-coding,-,-,-,-,20160917,-
1043004,25416008,M436DRAFT_77297,M436DRAFT_77297,-,-,Unknown,-,hypothetical protein,protein-coding,-,-,-,-,20151104,-
1043004,25416009,M436DRAFT_77298,M436DRAFT_77298,-,-,Unknown,-,hypothetical protein,protein-coding,-,-,-,-,20151104,-
1043004,25416010,M436DRAFT_77299,M436DRAFT_77299,-,-,Unknown,-,nuclease domain protein,protein-coding,-,-,-,-,20160917,-
1043004,25416011,M436DRAFT_77305,M436DRAFT_77305,-,-,Unknown,-,hypothetical protein,protein-coding,-,-,-,-,20151104,-
1043004,25416012,M436DRAFT_77306,M436DRAFT_77306,-,-,Unknown,-,hypothetical protein,protein-coding,-,-,-,-,20160917,-
1043004,25416013,M436DRAFT_77307,M436DRAFT_77307,-,-,Unknown,-,NEDD8-activating enzyme E1 catalytic subunit,protein-coding,-,-,-,-,20160917,-
1043004,25416014,M436DRAFT_77314,M436DRAFT_77314,-,-,Unknown,-,calcineurin-like phosphoesterase,protein-coding,-,-,-,-,20160917,-
1043004,25416015,M436DRAFT_77327,M436DRAFT_77327,-,-,Unknown,-,hypothetical protein,protein-coding,-,-,-,-,20151104,-
1043004,25416016,M436DRAFT_77335,M436DRAFT_77335,-,-,Unknown,-,beta subunit of fatty acid synthase,protein-coding,-,-,-,-,20160917,-
1043004,25416017,M436DRAFT_77337,M436DRAFT_77337,-,-,Unknown,-,F-actin capping protein,protein-coding,-,-,-,-,20160917,-
1043004,25416018,M436DRAFT_77342,M436DRAFT_77342,-,-,Unknown,-,hypothetical protein,protein-coding,-,-,-,-,20151104,-
1043004,25416019,M436DRAFT_77354,M436DRAFT_77354,-,-,Unknown,-,hypothetical protein,protein-coding,-,-,-,-,20151104,-
1043004,25416020,M436DRAFT_77356,M436DRAFT_77356,-,-,Unknown,-,NAD(P)-binding protein,protein-coding,-,-,-,-,20151212,-
1043004,25416021,M436DRAFT_77362,M436DRAFT_77362,-,-,Unknown,-,Sec34-domain-containing protein,protein-coding,-,-,-,-,20160917,-
1043004,25416022,M436DRAFT_77377,M436DRAFT_77377,-,-,Unknown,-,hypothetical protein,protein-coding,-,-,-,-,20160917,-
1043004,25416023,M436DRAFT_77378,M436DRAFT_77378,-,-,Unknown,-,hypothetical protein,protein-coding,-,-,-,-,20160325,-
1043004,25416024,M436DRAFT_77380,M436DRAFT_77380,-,-,Unknown,-,putative cytochrome P450,protein-coding,-,-,-,-,20160917,-
1043004,25416025,M436DRAFT_77382,M436DRAFT_77382,-,-,Unknown,-,hypothetical protein,protein-coding,-,-,-,-,20151104,-
1043004,25416026,M436DRAFT_77384,M436DRAFT_77384,-,-,Unknown,-,hypothetical protein,protein-coding,-,-,-,-,20160917,-
1043004,25416027,M436DRAFT_77387,M436DRAFT_77387,-,-,Unknown,-,hypothetical protein,protein-coding,-,-,-,-,20151212,-
1043004,25416028,M436DRAFT_77389,M436DRAFT_77389,-,-,Unknown,-,hypothetical protein,protein-coding,-,-,-,-,20151104,-
1043004,25416029,M436DRAFT_77395,M436DRAFT_77395,-,-,Unknown,-,multispanning membrane protein,protein-coding,-,-,-,-,20160917,-
1043004,25416030,M436DRAFT_77398,M436DRAFT_77398,-,-,Unknown,-,hypothetical protein,protein-coding,-,-,-,-,20160917,-
1043004,25416031,M436DRAFT_77417,M436DRAFT_77417,-,-,Unknown,-,DNase I-like protein,protein-coding,-,-,-,-,20160917,-
1043004,25416032,M436DRAFT_77421,M436DRAFT_77421,-,-,Unknown,-,hypothetical protein,protein-coding,-,-,-,-,20160917,-
1043004,25416033,M436DRAFT_77423,M436DRAFT_77423,-,-,Unknown,-,hypothetical protein,protein-coding,-,-,-,-,20160917,-
1043004,25416034,M436DRAFT_77445,M436DRAFT_77445,-,-,Unknown,-,hypothetical protein,protein-coding,-,-,-,-,20151104,-
1043004,25416035,M436DRAFT_77451,M436DRAFT_77451,-,-,Unknown,-,hypothetical protein,protein-coding,-,-,-,-,20160917,-
1043004,25416036,M436DRAFT_77464,M436DRAFT_77464,-,-,Unknown,-,BET3 family protein,protein-coding,-,-,-,-,20151212,-
1043004,25416037,M436DRAFT_77465,M436DRAFT_77465,-,-,Unknown,-,WD40 repeat-like protein,protein-coding,-,-,-,-,20160917,-
1043004,25416038,M436DRAFT_77470,M436DRAFT_77470,-,-,Unknown,-,hypothetical protein,protein-coding,-,-,-,-,20151104,-
1043004,25416039,M436DRAFT_77474,M436DRAFT_77474,-,-,Unknown,-,hypothetical protein,protein-coding,-,-,-,-,20160917,-
1043004,25416040,M436DRAFT_77476,M436DRAFT_77476,-,-,Unknown,-,catalase,protein-coding,-,-,-,-,20160917,-
1043004,25416041,M436DRAFT_77482,M436DRAFT_77482,-,-,Unknown,-,hypothetical protein,protein-coding,-,-,-,-,20160917,-
1043004,25416042,M436DRAFT_77483,M436DRAFT_77483,-,-,Unknown,-,phosphatidylinositol N-acetylglucosaminyltransferase gpi3 subunit,protein-coding,-,-,-,-,20151212,-
1043004,25416043,M436DRAFT_77485,M436DRAFT_77485,-,-,Unknown,-,hypothetical protein,protein-coding,-,-,-,-,20160917,-
1043004,25416044,M436DRAFT_77491,M436DRAFT_77491,-,-,Unknown,-,Thioesterase/thiol ester dehydrase-isomerase,protein-coding,-,-,-,-,20151212,-
1043004,25416045,M436DRAFT_77511,M436DRAFT_77511,-,-,Unknown,-,subunit of MRX complex,protein-coding,-,-,-,-,20151212,-
1043004,25416046,M436DRAFT_77514,M436DRAFT_77514,-,-,Unknown,-,hypothetical protein,protein-coding,-,-,-,-,20160917,-
1043004,25416047,M436DRAFT_77521,M436DRAFT_77521,-,-,Unknown,-,hypothetical protein,protein-coding,-,-,-,-,20160917,-
1043004,25416048,M436DRAFT_77523,M436DRAFT_77523,-,-,Unknown,-,hypothetical protein,protein-coding,-,-,-,-,20151104,-
1043004,25416049,M436DRAFT_77534,M436DRAFT_77534,-,-,Unknown,-,hypothetical protein,protein-coding,-,-,-,-,20160325,-
1043004,25416050,M436DRAFT_77535,M436DRAFT_77535,-,-,Unknown,-,Na(+)/Li(+)-exporting P-type ATPase,protein-coding,-,-,-,-,20160917,-
1043004,25416051,M436DRAFT_77537,M436DRAFT_77537,-,-,Unknown,-,hypothetical protein,protein-coding,-,-,-,-,20160917,-
1043004,25416052,M436DRAFT_77545,M436DRAFT_77545,-,-,Unknown,-,ARF/SAR superfamily,protein-coding,-,-,-,-,20160917,-
1043004,25416053,M436DRAFT_77552,M436DRAFT_77552,-,-,Unknown,-,hypothetical protein,protein-coding,-,-,-,-,20151104,-
1043004,25416054,M436DRAFT_77554,M436DRAFT_77554,-,-,Unknown,-,hypothetical protein,protein-coding,-,-,-,-,20160917,-
1043004,25416055,M436DRAFT_77557,M436DRAFT_77557,-,-,Unknown,-,3-ketoacyl-CoA thiolase-like protein,protein-coding,-,-,-,-,20151212,-
1043004,25416056,M436DRAFT_77564,M436DRAFT_77564,-,-,Unknown,-,hypothetical protein,protein-coding,-,-,-,-,20160917,-
1043004,25416057,M436DRAFT_77570,M436DRAFT_77570,-,-,Unknown,-,Adaptor protein complex AP-1 gamma subunit,protein-coding,-,-,-,-,20160917,-
1043004,25416058,M436DRAFT_77583,M436DRAFT_77583,-,-,Unknown,-,putative transcription initiation factor subunit,protein-coding,-,-,-,-,20160917,-
1043004,25416059,M436DRAFT_77592,M436DRAFT_77592,-,-,Unknown,-,putative amino acid transporter,protein-coding,-,-,-,-,20160917,-
1043004,25416060,M436DRAFT_77598,M436DRAFT_77598,-,-,Unknown,-,cation efflux protein,protein-coding,-,-,-,-,20160917,-
1043004,25416061,M436DRAFT_77604,M436DRAFT_77604,-,-,Unknown,-,hypothetical protein,protein-coding,-,-,-,-,20151104,-
1043004,25416062,M436DRAFT_77606,M436DRAFT_77606,-,-,Unknown,-,hypothetical protein,protein-coding,-,-,-,-,20160917,-
1043004,25416063,M436DRAFT_77610,M436DRAFT_77610,-,-,Unknown,-,hypothetical protein,protein-coding,-,-,-,-,20160325,-
1043004,25416064,M436DRAFT_77618,M436DRAFT_77618,-,-,Unknown,-,hypothetical protein,protein-coding,-,-,-,-,20151104,-
1043004,25416065,M436DRAFT_77622,M436DRAFT_77622,-,-,Unknown,-,hypothetical protein,protein-coding,-,-,-,-,20151104,-
1043004,25416066,M436DRAFT_77626,M436DRAFT_77626,-,-,Unknown,-,hypothetical protein,protein-coding,-,-,-,-,20160325,-
1043004,25416067,M436DRAFT_77632,M436DRAFT_77632,-,-,Unknown,-,porphobilinogen deaminase,protein-coding,-,-,-,-,20160917,-
1043004,25416068,M436DRAFT_77639,M436DRAFT_77639,-,-,Unknown,-,fructosyl amine:oxygen oxidoreductase,protein-coding,-,-,-,-,20160917,-
1043004,25416069,M436DRAFT_77652,M436DRAFT_77652,-,-,Unknown,-,hypothetical protein,protein-coding,-,-,-,-,20160325,-
1043004,25416070,M436DRAFT_77660,M436DRAFT_77660,-,-,Unknown,-,hypothetical protein,protein-coding,-,-,-,-,20151104,-
1043004,25416071,M436DRAFT_77661,M436DRAFT_77661,-,-,Unknown,-,hypothetical protein,protein-coding,-,-,-,-,20151104,-
1043004,25416072,M436DRAFT_77662,M436DRAFT_77662,-,-,Unknown,-,hypothetical protein,protein-coding,-,-,-,-,20151104,-
1043004,25416073,M436DRAFT_77670,M436DRAFT_77670,-,-,Unknown,-,hypothetical protein,protein-coding,-,-,-,-,20151212,-
1043004,25416074,M436DRAFT_77671,M436DRAFT_77671,-,-,Unknown,-,hypothetical protein,protein-coding,-,-,-,-,20160917,-
1043004,25416075,M436DRAFT_77679,M436DRAFT_77679,-,-,Unknown,-,"proteasome endopeptidase complex, beta subunit",protein-coding,-,-,-,-,20151212,-
1043004,25416076,M436DRAFT_77680,M436DRAFT_77680,-,-,Unknown,-,cytochrome c and c1 heme-lyase,protein-coding,-,-,-,-,20160917,-
1043004,25416077,M436DRAFT_77687,M436DRAFT_77687,-,-,Unknown,-,DNA-directed RNA polymerase I,protein-coding,-,-,-,-,20151212,-
1043004,25416078,M436DRAFT_77688,M436DRAFT_77688,-,-,Unknown,-,hypothetical protein,protein-coding,-,-,-,-,20151212,-
1043004,25416079,M436DRAFT_77689,M436DRAFT_77689,-,-,Unknown,-,dihydroxy-acid dehydratase,protein-coding,-,-,-,-,20151212,-
1043004,25416080,M436DRAFT_77699,M436DRAFT_77699,-,-,Unknown,-,hypothetical protein,protein-coding,-,-,-,-,20160917,-
1043004,25416081,M436DRAFT_77701,M436DRAFT_77701,-,-,Unknown,-,hypothetical protein,protein-coding,-,-,-,-,20151104,-
1043004,25416082,M436DRAFT_77706,M436DRAFT_77706,-,-,Unknown,-,ribosomal protein 60S,protein-coding,-,-,-,-,20151212,-
1043004,25416083,M436DRAFT_77707,M436DRAFT_77707,-,-,Unknown,-,putative 40S ribosomal protein S15,protein-coding,-,-,-,-,20151212,-
1043004,25416084,M436DRAFT_77710,M436DRAFT_77710,-,-,Unknown,-,hypothetical protein,protein-coding,-,-,-,-,20160917,-
1043004,25416085,M436DRAFT_77721,M436DRAFT_77721,-,-,Unknown,-,hypothetical protein,protein-coding,-,-,-,-,20160917,-
1043004,25416086,M436DRAFT_77730,M436DRAFT_77730,-,-,Unknown,-,MFS general substrate transporter,protein-coding,-,-,-,-,20160917,-
1043004,25416087,M436DRAFT_77734,M436DRAFT_77734,-,-,Unknown,-,"flavonoid 3',5'-hydroxylase",protein-coding,-,-,-,-,20160917,-
1043004,25416088,M436DRAFT_77741,M436DRAFT_77741,-,-,Unknown,-,hypothetical protein,protein-coding,-,-,-,-,20160917,-
1043004,25416089,M436DRAFT_77750,M436DRAFT_77750,-,-,Unknown,-,ankyrin,protein-coding,-,-,-,-,20160917,-
1043004,25416090,M436DRAFT_77754,M436DRAFT_77754,-,-,Unknown,-,hypothetical protein,protein-coding,-,-,-,-,20160917,-
1043004,25416091,M436DRAFT_77758,M436DRAFT_77758,-,-,Unknown,-,S-adenosyl-L-methionine-dependent methyltransferase,protein-coding,-,-,-,-,20160917,-
1043004,25416092,M436DRAFT_77762,M436DRAFT_77762,-,-,Unknown,-,ribosomal protein S14,protein-coding,-,-,-,-,20160917,-
1043004,25416093,M436DRAFT_77763,M436DRAFT_77763,-,-,Unknown,-,guanine nucleotide-binding protein-like protein subunit beta 1,protein-coding,-,-,-,-,20191025,-
1043004,25416094,M436DRAFT_77765,M436DRAFT_77765,-,-,Unknown,-,hypothetical protein,protein-coding,-,-,-,-,20151104,-
1043004,25416095,M436DRAFT_77793,M436DRAFT_77793,-,-,Unknown,-,hypothetical protein,protein-coding,-,-,-,-,20160917,-
1043004,25416096,M436DRAFT_77799,M436DRAFT_77799,-,-,Unknown,-,TIP41-domain-containing protein,protein-coding,-,-,-,-,20160917,-
1043004,25416097,M436DRAFT_77800,M436DRAFT_77800,-,-,Unknown,-,kinase-like protein,protein-coding,-,-,-,-,20151212,-
1043004,25416098,M436DRAFT_77814,M436DRAFT_77814,-,-,Unknown,-,ATP synthase F1 gamma,protein-coding,-,-,-,-,20160917,-
1043004,25416099,M436DRAFT_77816,M436DRAFT_77816,-,-,Unknown,-,WD repeat protein,protein-coding,-,-,-,-,20160917,-
1043004,25416100,M436DRAFT_77824,M436DRAFT_77824,-,-,Unknown,-,hypothetical protein,protein-coding,-,-,-,-,20151104,-
1043004,25416101,M436DRAFT_77844,M436DRAFT_77844,-,-,Unknown,-,hypothetical protein,protein-coding,-,-,-,-,20151104,-
1043004,25416102,M436DRAFT_77850,M436DRAFT_77850,-,-,Unknown,-,hypothetical protein,protein-coding,-,-,-,-,20151104,-
1043004,25416103,M436DRAFT_77856,M436DRAFT_77856,-,-,Unknown,-,hypothetical protein,protein-coding,-,-,-,-,20151104,-
1043004,25416104,M436DRAFT_77861,M436DRAFT_77861,-,-,Unknown,-,hypothetical protein,protein-coding,-,-,-,-,20151104,-
1043004,25416105,M436DRAFT_77864,M436DRAFT_77864,-,-,Unknown,-,hypothetical protein,protein-coding,-,-,-,-,20160917,-
1043004,25416106,M436DRAFT_77877,M436DRAFT_77877,-,-,Unknown,-,YjeF N-terminal domain-like protein,protein-coding,-,-,-,-,20160917,-
1043004,25416107,M436DRAFT_77878,M436DRAFT_77878,-,-,Unknown,-,sure-like protein,protein-coding,-,-,-,-,20160917,-
1043004,25416108,M436DRAFT_77879,M436DRAFT_77879,-,-,Unknown,-,hypothetical protein,protein-coding,-,-,-,-,20160917,-
1043004,25416109,M436DRAFT_77881,M436DRAFT_77881,-,-,Unknown,-,thymidylate synthase,protein-coding,-,-,-,-,20160917,-
1043004,25416110,M436DRAFT_77883,M436DRAFT_77883,-,-,Unknown,-,hypothetical protein,protein-coding,-,-,-,-,20160917,-
1043004,25416111,M436DRAFT_77899,M436DRAFT_77899,-,-,Unknown,-,ARM repeat-containing protein,protein-coding,-,-,-,-,20160917,-
1043004,25416112,M436DRAFT_77903,M436DRAFT_77903,-,-,Unknown,-,cytidine deaminase-like protein,protein-coding,-,-,-,-,20160917,-
1043004,25416113,M436DRAFT_77912,M436DRAFT_77912,-,-,Unknown,-,hypothetical protein,protein-coding,-,-,-,-,20160917,-
1043004,25416114,M436DRAFT_77926,M436DRAFT_77926,-,-,Unknown,-,hypothetical protein,protein-coding,-,-,-,-,20160917,-
1043004,25416115,M436DRAFT_77934,M436DRAFT_77934,-,-,Unknown,-,hypothetical protein,protein-coding,-,-,-,-,20151104,-
1043004,25416116,M436DRAFT_77941,M436DRAFT_77941,-,-,Unknown,-,hypothetical protein,protein-coding,-,-,-,-,20151212,-
1043004,25416117,M436DRAFT_77947,M436DRAFT_77947,-,-,Unknown,-,peptidyl-prolyl cis-trans isomeras-like protein-like 2,protein-coding,-,-,-,-,20151212,-
1043004,25416118,M436DRAFT_77952,M436DRAFT_77952,-,-,Unknown,-,MFS general substrate transporter,protein-coding,-,-,-,-,20151212,-
1043004,25416119,M436DRAFT_77955,M436DRAFT_77955,-,-,Unknown,-,hypothetical protein,protein-coding,-,-,-,-,20160917,-
1043004,25416120,M436DRAFT_77958,M436DRAFT_77958,-,-,Unknown,-,Mov34-domain-containing protein,protein-coding,-,-,-,-,20151212,-
1043004,25416121,M436DRAFT_77959,M436DRAFT_77959,-,-,Unknown,-,hypothetical protein,protein-coding,-,-,-,-,20160917,-
1043004,25416122,M436DRAFT_77965,M436DRAFT_77965,-,-,Unknown,-,hypothetical protein,protein-coding,-,-,-,-,20151104,-
1043004,25416123,M436DRAFT_77970,M436DRAFT_77970,-,-,Unknown,-,GroES-like protein,protein-coding,-,-,-,-,20151212,-
1043004,25416124,M436DRAFT_77977,M436DRAFT_77977,-,-,Unknown,-,hypothetical protein,protein-coding,-,-,-,-,20160917,-
1043004,25416125,M436DRAFT_77986,M436DRAFT_77986,-,-,Unknown,-,hypothetical protein,protein-coding,-,-,-,-,20151104,-
1043004,25416126,M436DRAFT_77987,M436DRAFT_77987,-,-,Unknown,-,DUF336-domain-containing protein,protein-coding,-,-,-,-,20160917,-
1043004,25416127,M436DRAFT_77995,M436DRAFT_77995,-,-,Unknown,-,CaaX farnesyltransferase alpha subunit,protein-coding,-,-,-,-,20160917,-
1043004,25416128,M436DRAFT_77996,M436DRAFT_77996,-,-,Unknown,-,hypothetical protein,protein-coding,-,-,-,-,20151104,-
1043004,25416129,M436DRAFT_77999,M436DRAFT_77999,-,-,Unknown,-,tryptophan synthase beta subunit-like PLP-dependent enzyme,protein-coding,-,-,-,-,20160917,-
1043004,25416130,M436DRAFT_78010,M436DRAFT_78010,-,-,Unknown,-,putative proteasome component Pre3,protein-coding,-,-,-,-,20151212,-
1043004,25416131,M436DRAFT_78012,M436DRAFT_78012,-,-,Unknown,-,MFS toxin efflux pump,protein-coding,-,-,-,-,20160917,-
1043004,25416132,M436DRAFT_78013,M436DRAFT_78013,-,-,Unknown,-,ornithine decarboxylase-like protein,protein-coding,-,-,-,-,20151212,-
1043004,25416133,M436DRAFT_78021,M436DRAFT_78021,-,-,Unknown,-,hypothetical protein,protein-coding,-,-,-,-,20160917,-
1043004,25416134,M436DRAFT_78022,M436DRAFT_78022,-,-,Unknown,-,hypothetical protein,protein-coding,-,-,-,-,20151104,-
1043004,25416135,M436DRAFT_78038,M436DRAFT_78038,-,-,Unknown,-,phosphatidylglycerol specific phospholipase,protein-coding,-,-,-,-,20160917,-
1043004,25416136,M436DRAFT_78039,M436DRAFT_78039,-,-,Unknown,-,hypothetical protein,protein-coding,-,-,-,-,20160917,-
1043004,25416137,M436DRAFT_78042,M436DRAFT_78042,-,-,Unknown,-,hypothetical protein,protein-coding,-,-,-,-,20151104,-
1043004,25416138,M436DRAFT_78044,M436DRAFT_78044,-,-,Unknown,-,hypothetical protein,protein-coding,-,-,-,-,20151104,-
1043004,25416139,M436DRAFT_78046,M436DRAFT_78046,-,-,Unknown,-,OPT superfamily oligopeptide transporter,protein-coding,-,-,-,-,20160917,-
1043004,25416140,M436DRAFT_78047,M436DRAFT_78047,-,-,Unknown,-,hypothetical protein,protein-coding,-,-,-,-,20151104,-
1043004,25416141,M436DRAFT_78048,M436DRAFT_78048,-,-,Unknown,-,iron/ascorbate family oxidoreductase,protein-coding,-,-,-,-,20160917,-
1043004,25416142,M436DRAFT_78052,M436DRAFT_78052,-,-,Unknown,-,hypothetical protein,protein-coding,-,-,-,-,20151104,-
1043004,25416143,M436DRAFT_78053,M436DRAFT_78053,-,-,Unknown,-,hypothetical protein,protein-coding,-,-,-,-,20160917,-
1043004,25416144,M436DRAFT_78063,M436DRAFT_78063,-,-,Unknown,-,ARM repeat-containing protein,protein-coding,-,-,-,-,20160917,-
1043004,25416145,M436DRAFT_78066,M436DRAFT_78066,-,-,Unknown,-,hypothetical protein,protein-coding,-,-,-,-,20151212,-
1043004,25416146,M436DRAFT_78072,M436DRAFT_78072,-,-,Unknown,-,DUF298 domain protein,protein-coding,-,-,-,-,20160917,-
1043004,25416147,M436DRAFT_78073,M436DRAFT_78073,-,-,Unknown,-,hypothetical protein,protein-coding,-,-,-,-,20151212,-
1043004,25416148,M436DRAFT_78075,M436DRAFT_78075,-,-,Unknown,-,hypothetical protein,protein-coding,-,-,-,-,20151104,-
1043004,25416149,M436DRAFT_78081,M436DRAFT_78081,-,-,Unknown,-,hypothetical protein,protein-coding,-,-,-,-,20151104,-
1043004,25416150,M436DRAFT_78091,M436DRAFT_78091,-,-,Unknown,-,hypothetical protein,protein-coding,-,-,-,-,20151104,-
1043004,25416151,M436DRAFT_78102,M436DRAFT_78102,-,-,Unknown,-,NAD(P)-binding protein,protein-coding,-,-,-,-,20160917,-
1043004,25416152,M436DRAFT_78106,M436DRAFT_78106,-,-,Unknown,-,hypothetical protein,protein-coding,-,-,-,-,20160325,-
1043004,25416153,M436DRAFT_78113,M436DRAFT_78113,-,-,Unknown,-,hypothetical protein,protein-coding,-,-,-,-,20151104,-
1043004,25416154,M436DRAFT_78115,M436DRAFT_78115,-,-,Unknown,-,hypothetical protein,protein-coding,-,-,-,-,20160917,-
1043004,25416155,M436DRAFT_78121,M436DRAFT_78121,-,-,Unknown,-,sugar transporter,protein-coding,-,-,-,-,20151212,-
1043004,25416156,M436DRAFT_78125,M436DRAFT_78125,-,-,Unknown,-,hypothetical protein,protein-coding,-,-,-,-,20151104,-
1043004,25416157,M436DRAFT_78126,M436DRAFT_78126,-,-,Unknown,-,putative cytochrome P450,protein-coding,-,-,-,-,20160917,-
1043004,25416158,M436DRAFT_78130,M436DRAFT_78130,-,-,Unknown,-,eukaryotic translation initiation factor 3 subunit I,protein-coding,-,-,-,-,20160917,-
1043004,25416159,M436DRAFT_78137,M436DRAFT_78137,-,-,Unknown,-,hypothetical protein,protein-coding,-,-,-,-,20151212,-
1043004,25416160,M436DRAFT_78139,M436DRAFT_78139,-,-,Unknown,-,hypothetical protein,protein-coding,-,-,-,-,20151104,-
1043004,25416161,M436DRAFT_78142,M436DRAFT_78142,-,-,Unknown,-,hypothetical protein,protein-coding,-,-,-,-,20151104,-
1043004,25416162,M436DRAFT_78144,M436DRAFT_78144,-,-,Unknown,-,hypothetical protein,protein-coding,-,-,-,-,20151104,-
1043004,25416163,M436DRAFT_78151,M436DRAFT_78151,-,-,Unknown,-,hypothetical protein,protein-coding,-,-,-,-,20151104,-
1043004,25416164,M436DRAFT_78155,M436DRAFT_78155,-,-,Unknown,-,hypothetical protein,protein-coding,-,-,-,-,20151104,-
1043004,25416165,M436DRAFT_78159,M436DRAFT_78159,-,-,Unknown,-,hypothetical protein,protein-coding,-,-,-,-,20151104,-
1043004,25416166,M436DRAFT_78160,M436DRAFT_78160,-,-,Unknown,-,hypothetical protein,protein-coding,-,-,-,-,20151104,-
1043004,25416167,M436DRAFT_78161,M436DRAFT_78161,-,-,Unknown,-,hypothetical protein,protein-coding,-,-,-,-,20151104,-
1043004,25416168,M436DRAFT_78162,M436DRAFT_78162,-,-,Unknown,-,hypothetical protein,protein-coding,-,-,-,-,20160917,-
1043004,25416169,M436DRAFT_78167,M436DRAFT_78167,-,-,Unknown,-,hypothetical protein,protein-coding,-,-,-,-,20160325,-
1043004,25416170,M436DRAFT_78172,M436DRAFT_78172,-,-,Unknown,-,hypothetical protein,protein-coding,-,-,-,-,20160917,-
1043004,25416171,M436DRAFT_78176,M436DRAFT_78176,-,-,Unknown,-,alpha/beta-hydrolase,protein-coding,-,-,-,-,20160917,-
1043004,25416172,M436DRAFT_78177,M436DRAFT_78177,-,-,Unknown,-,hypothetical protein,protein-coding,-,-,-,-,20151212,-
1043004,25416173,M436DRAFT_78178,M436DRAFT_78178,-,-,Unknown,-,4-oxalocrotonate tautomerase,protein-coding,-,-,-,-,20160917,-
1043004,25416174,M436DRAFT_78186,M436DRAFT_78186,-,-,Unknown,-,hypothetical protein,protein-coding,-,-,-,-,20160917,-
1043004,25416175,M436DRAFT_78197,M436DRAFT_78197,-,-,Unknown,-,RNA polymerase II transcription factor B subunit 5,protein-coding,-,-,-,-,20160917,-
1043004,25416176,M436DRAFT_78203,M436DRAFT_78203,-,-,Unknown,-,hypothetical protein,protein-coding,-,-,-,-,20151104,-
1043004,25416177,M436DRAFT_78205,M436DRAFT_78205,-,-,Unknown,-,hypothetical protein,protein-coding,-,-,-,-,20151104,-
1043004,25416178,M436DRAFT_78206,M436DRAFT_78206,-,-,Unknown,-,hypothetical protein,protein-coding,-,-,-,-,20151104,-
1043004,25416179,M436DRAFT_78207,M436DRAFT_78207,-,-,Unknown,-,beta-lactamase/transpeptidase-like protein,protein-coding,-,-,-,-,20160917,-
1043004,25416180,M436DRAFT_78214,M436DRAFT_78214,-,-,Unknown,-,ankyrin,protein-coding,-,-,-,-,20160917,-
1043004,25416181,M436DRAFT_78218,M436DRAFT_78218,-,-,Unknown,-,hypothetical protein,protein-coding,-,-,-,-,20151104,-
1043004,25416182,M436DRAFT_78219,M436DRAFT_78219,-,-,Unknown,-,hypothetical protein,protein-coding,-,-,-,-,20160917,-
1043004,25416183,M436DRAFT_78224,M436DRAFT_78224,-,-,Unknown,-,acyl-CoA N-acyltransferase,protein-coding,-,-,-,-,20160917,-
1043004,25416184,M436DRAFT_78233,M436DRAFT_78233,-,-,Unknown,-,hypothetical protein,protein-coding,-,-,-,-,20151104,-
1043004,25416185,M436DRAFT_78234,M436DRAFT_78234,-,-,Unknown,-,hypothetical protein,protein-coding,-,-,-,-,20151104,-
1043004,25416186,M436DRAFT_78238,M436DRAFT_78238,-,-,Unknown,-,hypothetical protein,protein-coding,-,-,-,-,20151104,-
1043004,25416187,M436DRAFT_78246,M436DRAFT_78246,-,-,Unknown,-,hypothetical protein,protein-coding,-,-,-,-,20151104,-
1043004,25416188,M436DRAFT_78250,M436DRAFT_78250,-,-,Unknown,-,hypothetical protein,protein-coding,-,-,-,-,20151104,-
1043004,25416189,M436DRAFT_78252,M436DRAFT_78252,-,-,Unknown,-,hypothetical protein,protein-coding,-,-,-,-,20160325,-
1043004,25416190,M436DRAFT_78254,M436DRAFT_78254,-,-,Unknown,-,"cytochrome-c oxidase, subunit VIIa",protein-coding,-,-,-,-,20151104,-
1043004,25416191,M436DRAFT_78261,M436DRAFT_78261,-,-,Unknown,-,hypothetical protein,protein-coding,-,-,-,-,20160917,-
1043004,25416192,M436DRAFT_78263,M436DRAFT_78263,-,-,Unknown,-,hypothetical protein,protein-coding,-,-,-,-,20160917,-
1043004,25416193,M436DRAFT_78264,M436DRAFT_78264,-,-,Unknown,-,ctr copper transporter family protein,protein-coding,-,-,-,-,20160917,-
1043004,25416194,M436DRAFT_78274,M436DRAFT_78274,-,-,Unknown,-,kinase-like protein,protein-coding,-,-,-,-,20160917,-
1043004,25416195,M436DRAFT_78283,M436DRAFT_78283,-,-,Unknown,-,hypothetical protein,protein-coding,-,-,-,-,20160325,-
1043004,25416196,M436DRAFT_78304,M436DRAFT_78304,-,-,Unknown,-,MFS general substrate transporter,protein-coding,-,-,-,-,20160917,-
1043004,25416197,M436DRAFT_78306,M436DRAFT_78306,-,-,Unknown,-,hypothetical protein,protein-coding,-,-,-,-,20151104,-
1043004,25416198,M436DRAFT_78307,M436DRAFT_78307,-,-,Unknown,-,hypothetical protein,protein-coding,-,-,-,-,20160917,-
1043004,25416199,M436DRAFT_78313,M436DRAFT_78313,-,-,Unknown,-,hypothetical protein,protein-coding,-,-,-,-,20151212,-
1043004,25416200,M436DRAFT_78315,M436DRAFT_78315,-,-,Unknown,-,hypothetical protein,protein-coding,-,-,-,-,20151104,-
1043004,25416201,M436DRAFT_78316,M436DRAFT_78316,-,-,Unknown,-,hypothetical protein,protein-coding,-,-,-,-,20151212,-
1043004,25416202,M436DRAFT_78320,M436DRAFT_78320,-,-,Unknown,-,hypothetical protein,protein-coding,-,-,-,-,20151104,-
1043004,25416203,M436DRAFT_78321,M436DRAFT_78321,-,-,Unknown,-,hypothetical protein,protein-coding,-,-,-,-,20160917,-
1043004,25416204,M436DRAFT_78330,M436DRAFT_78330,-,-,Unknown,-,hypothetical protein,protein-coding,-,-,-,-,20151212,-
1043004,25416205,M436DRAFT_78331,M436DRAFT_78331,-,-,Unknown,-,6-phosphogluconolactonase,protein-coding,-,-,-,-,20151212,-
1043004,25416206,M436DRAFT_78333,M436DRAFT_78333,-,-,Unknown,-,hypothetical protein,protein-coding,-,-,-,-,20151104,-
1043004,25416207,M436DRAFT_78345,M436DRAFT_78345,-,-,Unknown,-,Septin,protein-coding,-,-,-,-,20151212,-
1043004,25416208,M436DRAFT_78346,M436DRAFT_78346,-,-,Unknown,-,hypothetical protein,protein-coding,-,-,-,-,20151104,-
1043004,25416209,M436DRAFT_78347,M436DRAFT_78347,-,-,Unknown,-,sister chromatid cohesion protein Eso1,protein-coding,-,-,-,-,20160917,-
1043004,25416210,M436DRAFT_78349,M436DRAFT_78349,-,-,Unknown,-,hypothetical protein,protein-coding,-,-,-,-,20151104,-
1043004,25416211,M436DRAFT_78351,M436DRAFT_78351,-,-,Unknown,-,hypothetical protein,protein-coding,-,-,-,-,20160917,-
1043004,25416212,M436DRAFT_78355,M436DRAFT_78355,-,-,Unknown,-,hypothetical protein,protein-coding,-,-,-,-,20160917,-
1043004,25416213,M436DRAFT_78363,M436DRAFT_78363,-,-,Unknown,-,release factor,protein-coding,-,-,-,-,20160917,-
1043004,25416214,M436DRAFT_78366,M436DRAFT_78366,-,-,Unknown,-,hypothetical protein,protein-coding,-,-,-,-,20151104,-
1043004,25416215,M436DRAFT_78367,M436DRAFT_78367,-,-,Unknown,-,hypothetical protein,protein-coding,-,-,-,-,20160325,-
1043004,25416216,M436DRAFT_78368,M436DRAFT_78368,-,-,Unknown,-,amidase signature enzyme,protein-coding,-,-,-,-,20160917,-
1043004,25416217,M436DRAFT_78369,M436DRAFT_78369,-,-,Unknown,-,hypothetical protein,protein-coding,-,-,-,-,20151104,-
1043004,25416218,M436DRAFT_78373,M436DRAFT_78373,-,-,Unknown,-,hypothetical protein,protein-coding,-,-,-,-,20151104,-
1043004,25416219,M436DRAFT_78379,M436DRAFT_78379,-,-,Unknown,-,lysosomal cystine transporter,protein-coding,-,-,-,-,20160917,-
1043004,25416220,M436DRAFT_78382,M436DRAFT_78382,-,-,Unknown,-,acyl-CoA N-acyltransferase,protein-coding,-,-,-,-,20160917,-
1043004,25416221,M436DRAFT_78383,M436DRAFT_78383,-,-,Unknown,-,"pp1, catalytic subunit of type 1 serine/threonine protein phosphatase",protein-coding,-,-,-,-,20200919,-
1043004,25416222,M436DRAFT_78388,M436DRAFT_78388,-,-,Unknown,-,HD-domain/PDEase-like protein,protein-coding,-,-,-,-,20160917,-
1043004,25416223,M436DRAFT_78389,M436DRAFT_78389,-,-,Unknown,-,hypothetical protein,protein-coding,-,-,-,-,20151104,-
1043004,25416224,M436DRAFT_78391,M436DRAFT_78391,-,-,Unknown,-,hypothetical protein,protein-coding,-,-,-,-,20160917,-
1043004,25416225,M436DRAFT_78396,M436DRAFT_78396,-,-,Unknown,-,hypothetical protein,protein-coding,-,-,-,-,20160917,-
1043004,25416226,M436DRAFT_78399,M436DRAFT_78399,-,-,Unknown,-,hypothetical protein,protein-coding,-,-,-,-,20151212,-
1043004,25416227,M436DRAFT_78400,M436DRAFT_78400,-,-,Unknown,-,hypothetical protein,protein-coding,-,-,-,-,20160917,-
1043004,25416228,M436DRAFT_78408,M436DRAFT_78408,-,-,Unknown,-,Sodium/hydrogen exchanger,protein-coding,-,-,-,-,20160917,-
1043004,25416229,M436DRAFT_78416,M436DRAFT_78416,-,-,Unknown,-,hypothetical protein,protein-coding,-,-,-,-,20151212,-
1043004,25416230,M436DRAFT_78421,M436DRAFT_78421,-,-,Unknown,-,acetyl-CoA synthetase-like protein,protein-coding,-,-,-,-,20160917,-
1043004,25416231,M436DRAFT_78426,M436DRAFT_78426,-,-,Unknown,-,hypothetical protein,protein-coding,-,-,-,-,20160917,-
1043004,25416232,M436DRAFT_78429,M436DRAFT_78429,-,-,Unknown,-,hypothetical protein,protein-coding,-,-,-,-,20160917,-
1043004,25416233,M436DRAFT_78434,M436DRAFT_78434,-,-,Unknown,-,hypothetical protein,protein-coding,-,-,-,-,20151104,-
1043004,25416234,M436DRAFT_78455,M436DRAFT_78455,-,-,Unknown,-,hypothetical protein,protein-coding,-,-,-,-,20160917,-
1043004,25416235,M436DRAFT_78471,M436DRAFT_78471,-,-,Unknown,-,SAE2-domain-containing protein,protein-coding,-,-,-,-,20160917,-
1043004,25416236,M436DRAFT_78475,M436DRAFT_78475,-,-,Unknown,-,hypothetical protein,protein-coding,-,-,-,-,20160917,-
1043004,25416237,M436DRAFT_78482,M436DRAFT_78482,-,-,Unknown,-,cysteine proteinase,protein-coding,-,-,-,-,20160917,-
1043004,25416238,M436DRAFT_78504,M436DRAFT_78504,-,-,Unknown,-,hypothetical protein,protein-coding,-,-,-,-,20160917,-
1043004,25416239,M436DRAFT_78506,M436DRAFT_78506,-,-,Unknown,-,general substrate transporter,protein-coding,-,-,-,-,20160917,-
1043004,25416240,M436DRAFT_78510,M436DRAFT_78510,-,-,Unknown,-,hypothetical protein,protein-coding,-,-,-,-,20160917,-
1043004,25416241,M436DRAFT_78519,M436DRAFT_78519,-,-,Unknown,-,glyceraldehyde-3-phosphate dehydrogenase,protein-coding,-,-,-,-,20160917,-
1043004,25416242,M436DRAFT_78521,M436DRAFT_78521,-,-,Unknown,-,hypothetical protein,protein-coding,-,-,-,-,20160917,-
1043004,25416243,M436DRAFT_78526,M436DRAFT_78526,-,-,Unknown,-,hypothetical protein,protein-coding,-,-,-,-,20160917,-
1043004,25416244,M436DRAFT_78535,M436DRAFT_78535,-,-,Unknown,-,hypothetical protein,protein-coding,-,-,-,-,20151104,-
1043004,25416245,M436DRAFT_78549,M436DRAFT_78549,-,-,Unknown,-,hypothetical protein,protein-coding,-,-,-,-,20151104,-
1043004,25416246,M436DRAFT_78550,M436DRAFT_78550,-,-,Unknown,-,"ATP synthase F1, beta subunit",protein-coding,-,-,-,-,20160917,-
1043004,25416247,M436DRAFT_78557,M436DRAFT_78557,-,-,Unknown,-,epsilon subunit of F1F0-ATP synthase N-terminal domain-containing protein,protein-coding,-,-,-,-,20151212,-
1043004,25416248,M436DRAFT_78559,M436DRAFT_78559,-,-,Unknown,-,transcription initiation Spt4,protein-coding,-,-,-,-,20151212,-
1043004,25416249,M436DRAFT_78561,M436DRAFT_78561,-,-,Unknown,-,putative conserved protein with signal peptide,protein-coding,-,-,-,-,20160917,-
1043004,25416250,M436DRAFT_78567,M436DRAFT_78567,-,-,Unknown,-,DUF1746-domain-containing protein,protein-coding,-,-,-,-,20160917,-
1043004,25416251,M436DRAFT_78578,M436DRAFT_78578,-,-,Unknown,-,Glyoxalase/Bleomycin resistance protein/Dihydroxybiphenyl dioxygenase,protein-coding,-,-,-,-,20151212,-
1043004,25416252,M436DRAFT_78579,M436DRAFT_78579,-,-,Unknown,-,hypothetical protein,protein-coding,-,-,-,-,20160917,-
1043004,25416253,M436DRAFT_78580,M436DRAFT_78580,-,-,Unknown,-,Yos1-like protein,protein-coding,-,-,-,-,20160917,-
1043004,25416254,M436DRAFT_78601,M436DRAFT_78601,-,-,Unknown,-,hypothetical protein,protein-coding,-,-,-,-,20151104,-
1043004,25416255,M436DRAFT_78607,M436DRAFT_78607,-,-,Unknown,-,hypothetical protein,protein-coding,-,-,-,-,20160917,-
1043004,25416256,M436DRAFT_78609,M436DRAFT_78609,-,-,Unknown,-,hypothetical protein,protein-coding,-,-,-,-,20151104,-
1043004,25416257,M436DRAFT_78616,M436DRAFT_78616,-,-,Unknown,-,Isochorismatase hydrolase,protein-coding,-,-,-,-,20160917,-
1043004,25416258,M436DRAFT_78617,M436DRAFT_78617,-,-,Unknown,-,histidine permease,protein-coding,-,-,-,-,20151212,-
1043004,25416259,M436DRAFT_78618,M436DRAFT_78618,-,-,Unknown,-,hypothetical protein,protein-coding,-,-,-,-,20151104,-
1043004,25416260,M436DRAFT_78619,M436DRAFT_78619,-,-,Unknown,-,hypothetical protein,protein-coding,-,-,-,-,20151104,-
1043004,25416261,M436DRAFT_78624,M436DRAFT_78624,-,-,Unknown,-,hypothetical protein,protein-coding,-,-,-,-,20151104,-
1043004,25416262,M436DRAFT_78627,M436DRAFT_78627,-,-,Unknown,-,inositol 5-phosphatase,protein-coding,-,-,-,-,20160917,-
1043004,25416263,M436DRAFT_78634,M436DRAFT_78634,-,-,Unknown,-,phosphoglycerate mutase-like protein,protein-coding,-,-,-,-,20160917,-
1043004,25416264,M436DRAFT_78640,M436DRAFT_78640,-,-,Unknown,-,hypothetical protein,protein-coding,-,-,-,-,20151104,-
1043004,25416265,M436DRAFT_78645,M436DRAFT_78645,-,-,Unknown,-,putative ABC transporter,protein-coding,-,-,-,-,20160917,-
1043004,25416266,M436DRAFT_78646,M436DRAFT_78646,-,-,Unknown,-,fad NAD binding oxidoreductase,protein-coding,-,-,-,-,20151212,-
1043004,25416267,M436DRAFT_78650,M436DRAFT_78650,-,-,Unknown,-,Adenylosuccinate lyase,protein-coding,-,-,-,-,20151212,-
1043004,25416268,M436DRAFT_78660,M436DRAFT_78660,-,-,Unknown,-,hypothetical protein,protein-coding,-,-,-,-,20151104,-
1043004,25416269,M436DRAFT_78668,M436DRAFT_78668,-,-,Unknown,-,hypothetical protein,protein-coding,-,-,-,-,20160917,-
1043004,25416270,M436DRAFT_78670,M436DRAFT_78670,-,-,Unknown,-,alpha/beta-hydrolase,protein-coding,-,-,-,-,20160917,-
1043004,25416271,M436DRAFT_78671,M436DRAFT_78671,-,-,Unknown,-,hypothetical protein,protein-coding,-,-,-,-,20160917,-
1043004,25416272,M436DRAFT_78674,M436DRAFT_78674,-,-,Unknown,-,hypothetical protein,protein-coding,-,-,-,-,20160325,-
1043004,25416273,M436DRAFT_78679,M436DRAFT_78679,-,-,Unknown,-,DUF124 domain-containing protein,protein-coding,-,-,-,-,20160917,-
1043004,25416274,M436DRAFT_78681,M436DRAFT_78681,-,-,Unknown,-,hypothetical protein,protein-coding,-,-,-,-,20151104,-
1043004,25416275,M436DRAFT_78684,M436DRAFT_78684,-,-,Unknown,-,beta-glucosidase,protein-coding,-,-,-,-,20160917,-
1043004,25416276,M436DRAFT_78688,M436DRAFT_78688,-,-,Unknown,-,asparaginase-domain-containing protein,protein-coding,-,-,-,-,20160917,-
1043004,25416277,M436DRAFT_78689,M436DRAFT_78689,-,-,Unknown,-,hypothetical protein,protein-coding,-,-,-,-,20160917,-
1043004,25416278,M436DRAFT_78695,M436DRAFT_78695,-,-,Unknown,-,hypothetical protein,protein-coding,-,-,-,-,20151104,-
1043004,25416279,M436DRAFT_78697,M436DRAFT_78697,-,-,Unknown,-,alpha-amylase,protein-coding,-,-,-,-,20160917,-
1043004,25416280,M436DRAFT_78699,M436DRAFT_78699,-,-,Unknown,-,hypothetical protein,protein-coding,-,-,-,-,20160917,-
1043004,25416281,M436DRAFT_78702,M436DRAFT_78702,-,-,Unknown,-,hypothetical protein,protein-coding,-,-,-,-,20160917,-
1043004,25416282,M436DRAFT_78706,M436DRAFT_78706,-,-,Unknown,-,NAD(P)-binding protein,protein-coding,-,-,-,-,20160917,-
1043004,25416283,M436DRAFT_78707,M436DRAFT_78707,-,-,Unknown,-,"Actin, gamma",protein-coding,-,-,-,-,20210129,-
1043004,25416284,M436DRAFT_78708,M436DRAFT_78708,-,-,Unknown,-,hypothetical protein,protein-coding,-,-,-,-,20151104,-
1043004,25416285,M436DRAFT_78709,M436DRAFT_78709,-,-,Unknown,-,hsp70-like protein,protein-coding,-,-,-,-,20160917,-
1043004,25416286,M436DRAFT_78710,M436DRAFT_78710,-,-,Unknown,-,hypothetical protein,protein-coding,-,-,-,-,20151104,-
1043004,25416287,M436DRAFT_78711,M436DRAFT_78711,-,-,Unknown,-,P-loop containing nucleoside triphosphate hydrolase protein,protein-coding,-,-,-,-,20160917,-
1043004,25416288,M436DRAFT_78719,M436DRAFT_78719,-,-,Unknown,-,hypothetical protein,protein-coding,-,-,-,-,20151104,-
1043004,25416289,M436DRAFT_78720,M436DRAFT_78720,-,-,Unknown,-,hypothetical protein,protein-coding,-,-,-,-,20151104,-
1043004,25416290,M436DRAFT_78722,M436DRAFT_78722,-,-,Unknown,-,hypothetical protein,protein-coding,-,-,-,-,20160917,-
1043004,25416291,M436DRAFT_78725,M436DRAFT_78725,-,-,Unknown,-,MFS general substrate transporter,protein-coding,-,-,-,-,20160917,-
1043004,25416292,M436DRAFT_78731,M436DRAFT_78731,-,-,Unknown,-,hypothetical protein,protein-coding,-,-,-,-,20160325,-
1043004,25416293,M436DRAFT_78732,M436DRAFT_78732,-,-,Unknown,-,SET domain-containing protein,protein-coding,-,-,-,-,20160917,-
1043004,25416294,M436DRAFT_78733,M436DRAFT_78733,-,-,Unknown,-,hypothetical protein,protein-coding,-,-,-,-,20160917,-
1043004,25416295,M436DRAFT_78734,M436DRAFT_78734,-,-,Unknown,-,GTP-binding protein sarA,protein-coding,-,-,-,-,20151212,-
1043004,25416296,M436DRAFT_78735,M436DRAFT_78735,-,-,Unknown,-,hypothetical protein,protein-coding,-,-,-,-,20151104,-
1043004,25416297,M436DRAFT_78738,M436DRAFT_78738,-,-,Unknown,-,hypothetical protein,protein-coding,-,-,-,-,20160917,-
1043004,25416298,M436DRAFT_78740,M436DRAFT_78740,-,-,Unknown,-,hypothetical protein,protein-coding,-,-,-,-,20160325,-
1043004,25416299,M436DRAFT_78745,M436DRAFT_78745,-,-,Unknown,-,hypothetical protein,protein-coding,-,-,-,-,20160917,-
1043004,25416300,M436DRAFT_78755,M436DRAFT_78755,-,-,Unknown,-,hypothetical protein,protein-coding,-,-,-,-,20151104,-
1043004,25416301,M436DRAFT_78758,M436DRAFT_78758,-,-,Unknown,-,hypothetical protein,protein-coding,-,-,-,-,20151104,-
1043004,25416302,M436DRAFT_78768,M436DRAFT_78768,-,-,Unknown,-,S-adenosyl-L-methionine-dependent methyltransferase,protein-coding,-,-,-,-,20151212,-
1043004,25416303,M436DRAFT_78776,M436DRAFT_78776,-,-,Unknown,-,hypothetical protein,protein-coding,-,-,-,-,20151104,-
1043004,25416304,M436DRAFT_78783,M436DRAFT_78783,-,-,Unknown,-,hypothetical protein,protein-coding,-,-,-,-,20160917,-
1043004,25416305,M436DRAFT_78786,M436DRAFT_78786,-,-,Unknown,-,SSrecog-domain-containing protein,protein-coding,-,-,-,-,20160917,-
1043004,25416306,M436DRAFT_78788,M436DRAFT_78788,-,-,Unknown,-,hypothetical protein,protein-coding,-,-,-,-,20160917,-
1043004,25416307,M436DRAFT_78792,M436DRAFT_78792,-,-,Unknown,-,hypothetical protein,protein-coding,-,-,-,-,20160917,-
1043004,25416308,M436DRAFT_78804,M436DRAFT_78804,-,-,Unknown,-,hypothetical protein,protein-coding,-,-,-,-,20151104,-
1043004,25416309,M436DRAFT_78805,M436DRAFT_78805,-,-,Unknown,-,hypothetical protein,protein-coding,-,-,-,-,20151212,-
1043004,25416310,M436DRAFT_78807,M436DRAFT_78807,-,-,Unknown,-,aldo-keto reductase,protein-coding,-,-,-,-,20151212,-
1043004,25416311,M436DRAFT_78821,M436DRAFT_78821,-,-,Unknown,-,hypothetical protein,protein-coding,-,-,-,-,20151104,-
1043004,25416312,M436DRAFT_78827,M436DRAFT_78827,-,-,Unknown,-,cell wall biogenesis protein-like protein Ecm15,protein-coding,-,-,-,-,20160917,-
1043004,25416313,M436DRAFT_78830,M436DRAFT_78830,-,-,Unknown,-,hypothetical protein,protein-coding,-,-,-,-,20151212,-
1043004,25416314,M436DRAFT_78841,M436DRAFT_78841,-,-,Unknown,-,hypothetical protein,protein-coding,-,-,-,-,20160917,-
1043004,25416315,M436DRAFT_78843,M436DRAFT_78843,-,-,Unknown,-,hypothetical protein,protein-coding,-,-,-,-,20160325,-
1043004,25416316,M436DRAFT_78844,M436DRAFT_78844,-,-,Unknown,-,hypothetical protein,protein-coding,-,-,-,-,20160917,-
1043004,25416317,M436DRAFT_78845,M436DRAFT_78845,-,-,Unknown,-,hypothetical protein,protein-coding,-,-,-,-,20160917,-
1043004,25416318,M436DRAFT_78848,M436DRAFT_78848,-,-,Unknown,-,ras-like protein rab-14,protein-coding,-,-,-,-,20160917,-
1043004,25416319,M436DRAFT_78856,M436DRAFT_78856,-,-,Unknown,-,hypothetical protein,protein-coding,-,-,-,-,20160917,-
1043004,25416320,M436DRAFT_78857,M436DRAFT_78857,-,-,Unknown,-,hypothetical protein,protein-coding,-,-,-,-,20151212,-
1043004,25416321,M436DRAFT_78858,M436DRAFT_78858,-,-,Unknown,-,ATP-dependent RNA helicase eIF4A,protein-coding,-,-,-,-,20151212,-
1043004,25416322,M436DRAFT_78862,M436DRAFT_78862,-,-,Unknown,-,like-Sm ribonucleo protein,protein-coding,-,-,-,-,20151212,-
1043004,25416323,M436DRAFT_78864,M436DRAFT_78864,-,-,Unknown,-,UPF0287-domain-containing protein,protein-coding,-,-,-,-,20160917,-
1043004,25416324,M436DRAFT_78865,M436DRAFT_78865,-,-,Unknown,-,Prefoldin beta-like protein,protein-coding,-,-,-,-,20160917,-
1043004,25416325,M436DRAFT_78866,M436DRAFT_78866,-,-,Unknown,-,histone-fold-containing protein,protein-coding,-,-,-,-,20160917,-
1043004,25416326,M436DRAFT_78868,M436DRAFT_78868,-,-,Unknown,-,hypothetical protein,protein-coding,-,-,-,-,20151212,-
1043004,25416327,M436DRAFT_78869,M436DRAFT_78869,-,-,Unknown,-,hypothetical protein,protein-coding,-,-,-,-,20151104,-
1043004,25416328,M436DRAFT_78870,M436DRAFT_78870,-,-,Unknown,-,hypothetical protein,protein-coding,-,-,-,-,20151104,-
1043004,25416329,M436DRAFT_78872,M436DRAFT_78872,-,-,Unknown,-,NuA4-domain-containing protein,protein-coding,-,-,-,-,20160917,-
1043004,25416330,M436DRAFT_78873,M436DRAFT_78873,-,-,Unknown,-,ChaC-like protein,protein-coding,-,-,-,-,20160917,-
1043004,25416331,M436DRAFT_78884,M436DRAFT_78884,-,-,Unknown,-,hypothetical protein,protein-coding,-,-,-,-,20160917,-
1043004,25416332,M436DRAFT_78885,M436DRAFT_78885,-,-,Unknown,-,cytosine deaminase,protein-coding,-,-,-,-,20151212,-
1043004,25416333,M436DRAFT_78886,M436DRAFT_78886,-,-,Unknown,-,uroporphyrinogen decarboxylase,protein-coding,-,-,-,-,20151212,-
1043004,25416334,M436DRAFT_78888,M436DRAFT_78888,-,-,Unknown,-,hypothetical protein,protein-coding,-,-,-,-,20160917,-
1043004,25416335,M436DRAFT_78892,M436DRAFT_78892,-,-,Unknown,-,P-loop containing nucleoside triphosphate hydrolase protein,protein-coding,-,-,-,-,20151212,-
1043004,25416336,M436DRAFT_78897,M436DRAFT_78897,-,-,Unknown,-,hypothetical protein,protein-coding,-,-,-,-,20160917,-
1043004,25416337,M436DRAFT_78900,M436DRAFT_78900,-,-,Unknown,-,alpha/beta-hydrolase,protein-coding,-,-,-,-,20160917,-
1043004,25416338,M436DRAFT_78906,M436DRAFT_78906,-,-,Unknown,-,SH3-domain-containing protein,protein-coding,-,-,-,-,20160917,-
1043004,25416339,M436DRAFT_78917,M436DRAFT_78917,-,-,Unknown,-,hypothetical protein,protein-coding,-,-,-,-,20151104,-
1043004,25416340,M436DRAFT_78919,M436DRAFT_78919,-,-,Unknown,-,hypothetical protein,protein-coding,-,-,-,-,20160917,-
1043004,25416341,M436DRAFT_78929,M436DRAFT_78929,-,-,Unknown,-,Pkinase-domain-containing protein,protein-coding,-,-,-,-,20160917,-
1043004,25416342,M436DRAFT_78933,M436DRAFT_78933,-,-,Unknown,-,hypothetical protein,protein-coding,-,-,-,-,20151212,-
1043004,25416343,M436DRAFT_78934,M436DRAFT_78934,-,-,Unknown,-,hypothetical protein,protein-coding,-,-,-,-,20160917,-
1043004,25416344,M436DRAFT_78940,M436DRAFT_78940,-,-,Unknown,-,hypothetical protein,protein-coding,-,-,-,-,20160917,-
1043004,25416345,M436DRAFT_78948,M436DRAFT_78948,-,-,Unknown,-,hypothetical protein,protein-coding,-,-,-,-,20160917,-
1043004,25416346,M436DRAFT_78950,M436DRAFT_78950,-,-,Unknown,-,hypothetical protein,protein-coding,-,-,-,-,20151104,-
1043004,25416347,M436DRAFT_78951,M436DRAFT_78951,-,-,Unknown,-,hypothetical protein,protein-coding,-,-,-,-,20151104,-
1043004,25416348,M436DRAFT_78957,M436DRAFT_78957,-,-,Unknown,-,thermostable beta-glucosidase,protein-coding,-,-,-,-,20160917,-
1043004,25416349,M436DRAFT_78967,M436DRAFT_78967,-,-,Unknown,-,hypothetical protein,protein-coding,-,-,-,-,20151212,-
1043004,25416350,M436DRAFT_78969,M436DRAFT_78969,-,-,Unknown,-,mitochondrial ATP synthase epsilon chain domain-containing protein,protein-coding,-,-,-,-,20160917,-
1043004,25416351,M436DRAFT_78972,M436DRAFT_78972,-,-,Unknown,-,candidapepsin-4 precursor,protein-coding,-,-,-,-,20160917,-
1043004,25416352,M436DRAFT_78975,M436DRAFT_78975,-,-,Unknown,-,alpha/beta-hydrolase,protein-coding,-,-,-,-,20160917,-
1043004,25416353,M436DRAFT_78984,M436DRAFT_78984,-,-,Unknown,-,MFS general substrate transporter,protein-coding,-,-,-,-,20160917,-
1043004,25416354,M436DRAFT_78985,M436DRAFT_78985,-,-,Unknown,-,hypothetical protein,protein-coding,-,-,-,-,20160917,-
1043004,25416355,M436DRAFT_78992,M436DRAFT_78992,-,-,Unknown,-,hypothetical protein,protein-coding,-,-,-,-,20160917,-
1043004,25416356,M436DRAFT_79006,M436DRAFT_79006,-,-,Unknown,-,hypothetical protein,protein-coding,-,-,-,-,20151104,-
1043004,25416357,M436DRAFT_79009,M436DRAFT_79009,-,-,Unknown,-,hypothetical protein,protein-coding,-,-,-,-,20160917,-
1043004,25416358,M436DRAFT_79021,M436DRAFT_79021,-,-,Unknown,-,Rpr2-domain-containing protein,protein-coding,-,-,-,-,20160917,-
1043004,25416359,M436DRAFT_79024,M436DRAFT_79024,-,-,Unknown,-,hypothetical protein,protein-coding,-,-,-,-,20151104,-
1043004,25416360,M436DRAFT_79026,M436DRAFT_79026,-,-,Unknown,-,threonine synthase,protein-coding,-,-,-,-,20151212,-
1043004,25416361,M436DRAFT_79029,M436DRAFT_79029,-,-,Unknown,-,aspartate-semialdehyde dehydrogenase,protein-coding,-,-,-,-,20160917,-
1043004,25416362,M436DRAFT_79051,M436DRAFT_79051,-,-,Unknown,-,hypothetical protein,protein-coding,-,-,-,-,20160917,-
1043004,25416363,M436DRAFT_79054,M436DRAFT_79054,-,-,Unknown,-,hypothetical protein,protein-coding,-,-,-,-,20151212,-
1043004,25416364,M436DRAFT_79059,M436DRAFT_79059,-,-,Unknown,-,hypothetical protein,protein-coding,-,-,-,-,20151104,-
1043004,25416365,M436DRAFT_79060,M436DRAFT_79060,-,-,Unknown,-,cytosolic Fe-S cluster assembly factor NBP35,protein-coding,-,-,-,-,20160917,-
1043004,25416366,M436DRAFT_79070,M436DRAFT_79070,-,-,Unknown,-,hypothetical protein,protein-coding,-,-,-,-,20151104,-
1043004,25416367,M436DRAFT_79080,M436DRAFT_79080,-,-,Unknown,-,hypothetical protein,protein-coding,-,-,-,-,20160917,-
1043004,25416368,M436DRAFT_79086,M436DRAFT_79086,-,-,Unknown,-,ATP phosphoribosyltransferase,protein-coding,-,-,-,-,20151212,-
1043004,25416369,M436DRAFT_79087,M436DRAFT_79087,-,-,Unknown,-,N-terminal nucleophile aminohydrolase,protein-coding,-,-,-,-,20151212,-
1043004,25416370,M436DRAFT_79089,M436DRAFT_79089,-,-,Unknown,-,oxidoreductase,protein-coding,-,-,-,-,20160917,-
1043004,25416371,M436DRAFT_79093,M436DRAFT_79093,-,-,Unknown,-,hypothetical protein,protein-coding,-,-,-,-,20151104,-
1043004,25416372,M436DRAFT_79094,M436DRAFT_79094,-,-,Unknown,-,"1,4-beta-D-xylosidase",protein-coding,-,-,-,-,20160917,-
1043004,25416373,M436DRAFT_79096,M436DRAFT_79096,-,-,Unknown,-,hypothetical protein,protein-coding,-,-,-,-,20151104,-
1043004,25416374,M436DRAFT_79104,M436DRAFT_79104,-,-,Unknown,-,methionine synthase-like protein,protein-coding,-,-,-,-,20151212,-
1043004,25416375,M436DRAFT_79105,M436DRAFT_79105,-,-,Unknown,-,hypothetical protein,protein-coding,-,-,-,-,20160917,-
1043004,25416376,M436DRAFT_79112,M436DRAFT_79112,-,-,Unknown,-,hypothetical protein,protein-coding,-,-,-,-,20151104,-
1043004,25416377,M436DRAFT_79116,M436DRAFT_79116,-,-,Unknown,-,DUF1000-domain-containing protein,protein-coding,-,-,-,-,20160917,-
1043004,25416378,M436DRAFT_79122,M436DRAFT_79122,-,-,Unknown,-,cytochrome b5,protein-coding,-,-,-,-,20160917,-
1043004,25416379,M436DRAFT_79125,M436DRAFT_79125,-,-,Unknown,-,hypothetical protein,protein-coding,-,-,-,-,20151104,-
1043004,25416380,M436DRAFT_79130,M436DRAFT_79130,-,-,Unknown,-,clathrin heavy chain,protein-coding,-,-,-,-,20160917,-
1043004,25416381,M436DRAFT_79134,M436DRAFT_79134,-,-,Unknown,-,hypothetical protein,protein-coding,-,-,-,-,20160325,-
1043004,25416382,M436DRAFT_79137,M436DRAFT_79137,-,-,Unknown,-,chitin deacetylase 1,protein-coding,-,-,-,-,20160917,-
1043004,25416383,M436DRAFT_79159,M436DRAFT_79159,-,-,Unknown,-,hypothetical protein,protein-coding,-,-,-,-,20151104,-
1043004,25416384,M436DRAFT_79160,M436DRAFT_79160,-,-,Unknown,-,hypothetical protein,protein-coding,-,-,-,-,20160917,-
1043004,25416385,M436DRAFT_79188,M436DRAFT_79188,-,-,Unknown,-,hypothetical protein,protein-coding,-,-,-,-,20151104,-
1043004,25416386,M436DRAFT_79191,M436DRAFT_79191,-,-,Unknown,-,hypothetical protein,protein-coding,-,-,-,-,20151104,-
1043004,25416387,M436DRAFT_79201,M436DRAFT_79201,-,-,Unknown,-,hypothetical protein,protein-coding,-,-,-,-,20151104,-
1043004,25416388,M436DRAFT_79204,M436DRAFT_79204,-,-,Unknown,-,putative ubiquitin conjugating enzyme,protein-coding,-,-,-,-,20151212,-
1043004,25416389,M436DRAFT_79224,M436DRAFT_79224,-,-,Unknown,-,"alpha-1,2 mannosyltransferase",protein-coding,-,-,-,-,20160917,-
1043004,25416390,M436DRAFT_79225,M436DRAFT_79225,-,-,Unknown,-,hypothetical protein,protein-coding,-,-,-,-,20151104,-
1043004,25416391,M436DRAFT_79226,M436DRAFT_79226,-,-,Unknown,-,sorbitol dehydrogenase,protein-coding,-,-,-,-,20151212,-
1043004,25416392,M436DRAFT_79229,M436DRAFT_79229,-,-,Unknown,-,phenylalanyl-tRNA synthetase beta chain,protein-coding,-,-,-,-,20160917,-
1043004,25416393,M436DRAFT_79232,M436DRAFT_79232,-,-,Unknown,-,"splicing factor 3B, subunit 5",protein-coding,-,-,-,-,20160917,-
1043004,25416394,M436DRAFT_79233,M436DRAFT_79233,-,-,Unknown,-,ankyrin repeat protein-like protein,protein-coding,-,-,-,-,20160917,-
1043004,25416395,M436DRAFT_79234,M436DRAFT_79234,-,-,Unknown,-,hypothetical protein,protein-coding,-,-,-,-,20151104,-
1043004,25416396,M436DRAFT_79241,M436DRAFT_79241,-,-,Unknown,-,hypothetical protein,protein-coding,-,-,-,-,20160917,-
1043004,25416397,M436DRAFT_79248,M436DRAFT_79248,-,-,Unknown,-,hypothetical protein,protein-coding,-,-,-,-,20151104,-
1043004,25416398,M436DRAFT_79252,M436DRAFT_79252,-,-,Unknown,-,S-adenosyl-L-methionine-dependent methyltransferase,protein-coding,-,-,-,-,20160917,-
1043004,25416399,M436DRAFT_79253,M436DRAFT_79253,-,-,Unknown,-,Sm-like ribonucleo protein,protein-coding,-,-,-,-,20151212,-
1043004,25416400,M436DRAFT_79254,M436DRAFT_79254,-,-,Unknown,-,hypothetical protein,protein-coding,-,-,-,-,20160917,-
1043004,25416401,M436DRAFT_79255,M436DRAFT_79255,-,-,Unknown,-,hypothetical protein,protein-coding,-,-,-,-,20160325,-
1043004,25416402,M436DRAFT_79259,M436DRAFT_79259,-,-,Unknown,-,hypothetical protein,protein-coding,-,-,-,-,20151104,-
1043004,25416403,M436DRAFT_79261,M436DRAFT_79261,-,-,Unknown,-,hypothetical protein,protein-coding,-,-,-,-,20151212,-
1043004,25416404,M436DRAFT_79264,M436DRAFT_79264,-,-,Unknown,-,alpha/beta-hydrolase,protein-coding,-,-,-,-,20160917,-
1043004,25416405,M436DRAFT_79266,M436DRAFT_79266,-,-,Unknown,-,hypothetical protein,protein-coding,-,-,-,-,20160917,-
1043004,25416406,M436DRAFT_79275,M436DRAFT_79275,-,-,Unknown,-,mitochondrial uncoupling protein 2,protein-coding,-,-,-,-,20160917,-
1043004,25416407,M436DRAFT_79288,M436DRAFT_79288,-,-,Unknown,-,hypothetical protein,protein-coding,-,-,-,-,20160917,-
1043004,25416408,M436DRAFT_79289,M436DRAFT_79289,-,-,Unknown,-,hypothetical protein,protein-coding,-,-,-,-,20160917,-
1043004,25416409,M436DRAFT_79291,M436DRAFT_79291,-,-,Unknown,-,hypothetical protein,protein-coding,-,-,-,-,20151212,-
1043004,25416410,M436DRAFT_79301,M436DRAFT_79301,-,-,Unknown,-,hypothetical protein,protein-coding,-,-,-,-,20160917,-
1043004,25416411,M436DRAFT_79324,M436DRAFT_79324,-,-,Unknown,-,hypothetical protein,protein-coding,-,-,-,-,20151104,-
1043004,25416412,M436DRAFT_79330,M436DRAFT_79330,-,-,Unknown,-,hypothetical protein,protein-coding,-,-,-,-,20151104,-
1043004,25416413,M436DRAFT_79334,M436DRAFT_79334,-,-,Unknown,-,hypothetical protein,protein-coding,-,-,-,-,20151104,-
1043004,25416414,M436DRAFT_79342,M436DRAFT_79342,-,-,Unknown,-,hypothetical protein,protein-coding,-,-,-,-,20151104,-
1043004,25416415,M436DRAFT_79345,M436DRAFT_79345,-,-,Unknown,-,FAD/NAD(P)-binding domain-containing protein,protein-coding,-,-,-,-,20160917,-
1043004,25416416,M436DRAFT_79354,M436DRAFT_79354,-,-,Unknown,-,hypothetical protein,protein-coding,-,-,-,-,20151104,-
1043004,25416417,M436DRAFT_79370,M436DRAFT_79370,-,-,Unknown,-,hypothetical protein,protein-coding,-,-,-,-,20151104,-
1043004,25416418,M436DRAFT_79373,M436DRAFT_79373,-,-,Unknown,-,putative undecaprenyl diphosphate synthase,protein-coding,-,-,-,-,20160917,-
1043004,25416419,M436DRAFT_79390,M436DRAFT_79390,-,-,Unknown,-,acetyl-CoA synthetase-like protein,protein-coding,-,-,-,-,20160917,-
1043004,25416420,M436DRAFT_79394,M436DRAFT_79394,-,-,Unknown,-,kinase-like protein,protein-coding,-,-,-,-,20160917,-
1043004,25416421,M436DRAFT_79397,M436DRAFT_79397,-,-,Unknown,-,2-epi-5-epi-valiolone synthase-like protein,protein-coding,-,-,-,-,20160325,-
1043004,25416422,M436DRAFT_79400,M436DRAFT_79400,-,-,Unknown,-,NAD-P-binding protein,protein-coding,-,-,-,-,20151212,-
1043004,25416423,M436DRAFT_79401,M436DRAFT_79401,-,-,Unknown,-,hypothetical protein,protein-coding,-,-,-,-,20151104,-
1043004,25416424,M436DRAFT_79404,M436DRAFT_79404,-,-,Unknown,-,hypothetical protein,protein-coding,-,-,-,-,20151104,-
1043004,25416425,M436DRAFT_79410,M436DRAFT_79410,-,-,Unknown,-,acyl-CoA N-acyltransferase,protein-coding,-,-,-,-,20160917,-
1043004,25416426,M436DRAFT_79418,M436DRAFT_79418,-,-,Unknown,-,N-terminal nucleophile aminohydrolase,protein-coding,-,-,-,-,20151212,-
1043004,25416427,M436DRAFT_79419,M436DRAFT_79419,-,-,Unknown,-,hypothetical protein,protein-coding,-,-,-,-,20151104,-
1043004,25416428,M436DRAFT_79420,M436DRAFT_79420,-,-,Unknown,-,hypothetical protein,protein-coding,-,-,-,-,20151212,-
1043004,25416429,M436DRAFT_79427,M436DRAFT_79427,-,-,Unknown,-,hypothetical protein,protein-coding,-,-,-,-,20151104,-
1043004,25416430,M436DRAFT_79428,M436DRAFT_79428,-,-,Unknown,-,hypothetical protein,protein-coding,-,-,-,-,20151104,-
1043004,25416431,M436DRAFT_79435,M436DRAFT_79435,-,-,Unknown,-,hypothetical protein,protein-coding,-,-,-,-,20151104,-
1043004,25416432,M436DRAFT_79441,M436DRAFT_79441,-,-,Unknown,-,hypothetical protein,protein-coding,-,-,-,-,20151104,-
1043004,25416433,M436DRAFT_79443,M436DRAFT_79443,-,-,Unknown,-,Sybindin-like protein,protein-coding,-,-,-,-,20160917,-
1043004,25416434,M436DRAFT_79448,M436DRAFT_79448,-,-,Unknown,-,ATP synthase subunit 4 mitochondrial precursor,protein-coding,-,-,-,-,20160917,-
1043004,25416435,M436DRAFT_79451,M436DRAFT_79451,-,-,Unknown,-,hypothetical protein,protein-coding,-,-,-,-,20151104,-
1043004,25416436,M436DRAFT_79454,M436DRAFT_79454,-,-,Unknown,-,RNI-like protein,protein-coding,-,-,-,-,20151104,-
1043004,25416437,M436DRAFT_79455,M436DRAFT_79455,-,-,Unknown,-,hypothetical protein,protein-coding,-,-,-,-,20160917,-
1043004,25416438,M436DRAFT_79458,M436DRAFT_79458,-,-,Unknown,-,hypothetical protein,protein-coding,-,-,-,-,20160325,-
1043004,25416439,M436DRAFT_79460,M436DRAFT_79460,-,-,Unknown,-,Pkinase-domain-containing protein,protein-coding,-,-,-,-,20160917,-
1043004,25416440,M436DRAFT_79462,M436DRAFT_79462,-,-,Unknown,-,DUF962-domain-containing protein,protein-coding,-,-,-,-,20160917,-
1043004,25416441,M436DRAFT_79463,M436DRAFT_79463,-,-,Unknown,-,cytochrome P450,protein-coding,-,-,-,-,20160917,-
1043004,25416442,M436DRAFT_79464,M436DRAFT_79464,-,-,Unknown,-,hypothetical protein,protein-coding,-,-,-,-,20151104,-
1043004,25416443,M436DRAFT_79469,M436DRAFT_79469,-,-,Unknown,-,glucose-6-phosphate dehydrogenase,protein-coding,-,-,-,-,20160917,-
1043004,25416444,M436DRAFT_79471,M436DRAFT_79471,-,-,Unknown,-,S-adenosyl-L-methionine-dependent methyltransferase,protein-coding,-,-,-,-,20160917,-
1043004,25416445,M436DRAFT_79472,M436DRAFT_79472,-,-,Unknown,-,hypothetical protein,protein-coding,-,-,-,-,20151104,-
1043004,25416446,M436DRAFT_79473,M436DRAFT_79473,-,-,Unknown,-,Pkinase-domain-containing protein,protein-coding,-,-,-,-,20151212,-
1043004,25416447,M436DRAFT_79476,M436DRAFT_79476,-,-,Unknown,-,P-loop containing nucleoside triphosphate hydrolase protein,protein-coding,-,-,-,-,20151212,-
1043004,25416448,M436DRAFT_79478,M436DRAFT_79478,-,-,Unknown,-,60S ribosomal protein L33-A,protein-coding,-,-,-,-,20160917,-
1043004,25416449,M436DRAFT_79486,M436DRAFT_79486,-,-,Unknown,-,hypothetical protein,protein-coding,-,-,-,-,20160917,-
1043004,25416450,M436DRAFT_79496,M436DRAFT_79496,-,-,Unknown,-,PDT-domain-containing protein,protein-coding,-,-,-,-,20151212,-
1043004,25416451,M436DRAFT_79509,M436DRAFT_79509,-,-,Unknown,-,hypothetical protein,protein-coding,-,-,-,-,20151104,-
1043004,25416452,M436DRAFT_79512,M436DRAFT_79512,-,-,Unknown,-,hypothetical protein,protein-coding,-,-,-,-,20151104,-
1043004,25416453,M436DRAFT_79516,M436DRAFT_79516,-,-,Unknown,-,hypothetical protein,protein-coding,-,-,-,-,20151104,-
1043004,25416454,M436DRAFT_79526,M436DRAFT_79526,-,-,Unknown,-,"Homogentisate 1,2-dioxygenase",protein-coding,-,-,-,-,20160917,-
1043004,25416455,M436DRAFT_79532,M436DRAFT_79532,-,-,Unknown,-,hypothetical protein,protein-coding,-,-,-,-,20151104,-
1043004,25416456,M436DRAFT_79539,M436DRAFT_79539,-,-,Unknown,-,hypothetical protein,protein-coding,-,-,-,-,20151104,-
1043004,25416457,M436DRAFT_79551,M436DRAFT_79551,-,-,Unknown,-,hypothetical protein,protein-coding,-,-,-,-,20151104,-
1043004,25416458,M436DRAFT_79558,M436DRAFT_79558,-,-,Unknown,-,isochorismatase hydrolase,protein-coding,-,-,-,-,20160917,-
1043004,25416459,M436DRAFT_79559,M436DRAFT_79559,-,-,Unknown,-,putative dynamin-like GTPase Dnm1,protein-coding,-,-,-,-,20160917,-
1043004,25416460,M436DRAFT_79561,M436DRAFT_79561,-,-,Unknown,-,hypothetical protein,protein-coding,-,-,-,-,20160917,-
1043004,25416461,M436DRAFT_79572,M436DRAFT_79572,-,-,Unknown,-,hypothetical protein,protein-coding,-,-,-,-,20160917,-
1043004,25416462,M436DRAFT_79604,M436DRAFT_79604,-,-,Unknown,-,ornithine cyclodeaminase,protein-coding,-,-,-,-,20160917,-
1043004,25416463,M436DRAFT_79611,M436DRAFT_79611,-,-,Unknown,-,MFS general substrate transporter,protein-coding,-,-,-,-,20160917,-
1043004,25416464,M436DRAFT_79626,M436DRAFT_79626,-,-,Unknown,-,general substrate transporter,protein-coding,-,-,-,-,20160917,-
1043004,25416465,M436DRAFT_79628,M436DRAFT_79628,-,-,Unknown,-,hypothetical protein,protein-coding,-,-,-,-,20151104,-
1043004,25416466,M436DRAFT_79636,M436DRAFT_79636,-,-,Unknown,-,queuine tRNA-ribosyltransferase,protein-coding,-,-,-,-,20160917,-
1043004,25416467,M436DRAFT_79638,M436DRAFT_79638,-,-,Unknown,-,hypothetical protein,protein-coding,-,-,-,-,20151212,-
1043004,25416468,M436DRAFT_79648,M436DRAFT_79648,-,-,Unknown,-,hypothetical protein,protein-coding,-,-,-,-,20151104,-
1043004,25416469,M436DRAFT_79654,M436DRAFT_79654,-,-,Unknown,-,hypothetical protein,protein-coding,-,-,-,-,20151104,-
1043004,25416470,M436DRAFT_79661,M436DRAFT_79661,-,-,Unknown,-,Non-ribosomal peptide synthetase C-terminal,protein-coding,-,-,-,-,20160917,-
1043004,25416471,M436DRAFT_79662,M436DRAFT_79662,-,-,Unknown,-,hypothetical protein,protein-coding,-,-,-,-,20151104,-
1043004,25416472,M436DRAFT_79667,M436DRAFT_79667,-,-,Unknown,-,alcohol oxidase,protein-coding,-,-,-,-,20160917,-
1043004,25416473,M436DRAFT_79672,M436DRAFT_79672,-,-,Unknown,-,hypothetical protein,protein-coding,-,-,-,-,20151104,-
1043004,25416474,M436DRAFT_79673,M436DRAFT_79673,-,-,Unknown,-,hypothetical protein,protein-coding,-,-,-,-,20151104,-
1043004,25416475,M436DRAFT_79677,M436DRAFT_79677,-,-,Unknown,-,hypothetical protein,protein-coding,-,-,-,-,20151104,-
1043004,25416476,M436DRAFT_79678,M436DRAFT_79678,-,-,Unknown,-,hypothetical protein,protein-coding,-,-,-,-,20151104,-
1043004,25416477,M436DRAFT_79688,M436DRAFT_79688,-,-,Unknown,-,hypothetical protein,protein-coding,-,-,-,-,20160917,-
1043004,25416478,M436DRAFT_79691,M436DRAFT_79691,-,-,Unknown,-,hypothetical protein,protein-coding,-,-,-,-,20151104,-
1043004,25416479,M436DRAFT_79694,M436DRAFT_79694,-,-,Unknown,-,hypothetical protein,protein-coding,-,-,-,-,20160917,-
1043004,25416480,M436DRAFT_79697,M436DRAFT_79697,-,-,Unknown,-,general substrate transporter,protein-coding,-,-,-,-,20160917,-
1043004,25416481,M436DRAFT_79705,M436DRAFT_79705,-,-,Unknown,-,alcohol oxidase,protein-coding,-,-,-,-,20160917,-
1043004,25416482,M436DRAFT_79707,M436DRAFT_79707,-,-,Unknown,-,DUF1761-domain-containing protein,protein-coding,-,-,-,-,20160917,-
1043004,25416483,M436DRAFT_79712,M436DRAFT_79712,-,-,Unknown,-,hypothetical protein,protein-coding,-,-,-,-,20151104,-
1043004,25416484,M436DRAFT_79713,M436DRAFT_79713,-,-,Unknown,-,translation elongation factor 1-alpha,protein-coding,-,-,-,-,20160917,-
1043004,25416485,M436DRAFT_79720,M436DRAFT_79720,-,-,Unknown,-,ARM repeat-containing protein,protein-coding,-,-,-,-,20160917,-
1043004,25416486,M436DRAFT_79721,M436DRAFT_79721,-,-,Unknown,-,hypothetical protein,protein-coding,-,-,-,-,20151104,-
1043004,25416487,M436DRAFT_79729,M436DRAFT_79729,-,-,Unknown,-,hypothetical protein,protein-coding,-,-,-,-,20151104,-
1043004,25416488,M436DRAFT_79731,M436DRAFT_79731,-,-,Unknown,-,hypothetical protein,protein-coding,-,-,-,-,20151212,-
1043004,25416489,M436DRAFT_79736,M436DRAFT_79736,-,-,Unknown,-,hypothetical protein,protein-coding,-,-,-,-,20151104,-
1043004,25416490,M436DRAFT_79739,M436DRAFT_79739,-,-,Unknown,-,Rad4-domain-containing protein,protein-coding,-,-,-,-,20160917,-
1043004,25416491,M436DRAFT_79742,M436DRAFT_79742,-,-,Unknown,-,plasma-membrane proton-e,protein-coding,-,-,-,-,20160917,-
1043004,25416492,M436DRAFT_79743,M436DRAFT_79743,-,-,Unknown,-,hypothetical protein,protein-coding,-,-,-,-,20151104,-
1043004,25416493,M436DRAFT_79753,M436DRAFT_79753,-,-,Unknown,-,3-oxo-5-alpha-steroid 4-dehydrogenase,protein-coding,-,-,-,-,20160917,-
1043004,25416494,M436DRAFT_79755,M436DRAFT_79755,-,-,Unknown,-,BRO1-domain-containing protein,protein-coding,-,-,-,-,20160917,-
1043004,25416495,M436DRAFT_79768,M436DRAFT_79768,-,-,Unknown,-,Six-hairpin glycosidase,protein-coding,-,-,-,-,20160917,-
1043004,25416496,M436DRAFT_79782,M436DRAFT_79782,-,-,Unknown,-,hypothetical protein,protein-coding,-,-,-,-,20151104,-
1043004,25416497,M436DRAFT_79790,M436DRAFT_79790,-,-,Unknown,-,hypothetical protein,protein-coding,-,-,-,-,20160917,-
1043004,25416498,M436DRAFT_79800,M436DRAFT_79800,-,-,Unknown,-,prolyl-tRNA synthetase,protein-coding,-,-,-,-,20151212,-
1043004,25416499,M436DRAFT_79802,M436DRAFT_79802,-,-,Unknown,-,hypothetical protein,protein-coding,-,-,-,-,20151104,-
1043004,25416500,M436DRAFT_79809,M436DRAFT_79809,-,-,Unknown,-,hypothetical protein,protein-coding,-,-,-,-,20160917,-
1043004,25416501,M436DRAFT_79815,M436DRAFT_79815,-,-,Unknown,-,hypothetical protein,protein-coding,-,-,-,-,20160917,-
1043004,25416502,M436DRAFT_79816,M436DRAFT_79816,-,-,Unknown,-,hypothetical protein,protein-coding,-,-,-,-,20151104,-
1043004,25416503,M436DRAFT_79823,M436DRAFT_79823,-,-,Unknown,-,thioredoxin-like protein,protein-coding,-,-,-,-,20160917,-
1043004,25416504,M436DRAFT_79825,M436DRAFT_79825,-,-,Unknown,-,FAD binding domain-containing protein,protein-coding,-,-,-,-,20160917,-
1043004,25416505,M436DRAFT_79830,M436DRAFT_79830,-,-,Unknown,-,hypothetical protein,protein-coding,-,-,-,-,20160917,-
1043004,25416506,M436DRAFT_79834,M436DRAFT_79834,-,-,Unknown,-,hypothetical protein,protein-coding,-,-,-,-,20160917,-
1043004,25416507,M436DRAFT_79838,M436DRAFT_79838,-,-,Unknown,-,small nuclear ribonucleo protein SmF,protein-coding,-,-,-,-,20160325,-
1043004,25416508,M436DRAFT_79840,M436DRAFT_79840,-,-,Unknown,-,hypothetical protein,protein-coding,-,-,-,-,20151212,-
1043004,25416509,M436DRAFT_79854,M436DRAFT_79854,-,-,Unknown,-,SNF2 family DNA-dependent ATPase domain-containing protein,protein-coding,-,-,-,-,20160917,-
1043004,25416510,M436DRAFT_79857,M436DRAFT_79857,-,-,Unknown,-,ankyrin,protein-coding,-,-,-,-,20160917,-
1043004,25416511,M436DRAFT_79861,M436DRAFT_79861,-,-,Unknown,-,UDP-galactose transporter,protein-coding,-,-,-,-,20160917,-
1043004,25416512,M436DRAFT_79869,M436DRAFT_79869,-,-,Unknown,-,"N-terminal acetyltransferase A, auxiliary subunit",protein-coding,-,-,-,-,20160917,-
1043004,25416513,M436DRAFT_79898,M436DRAFT_79898,-,-,Unknown,-,hypothetical protein,protein-coding,-,-,-,-,20160917,-
1043004,25416514,M436DRAFT_79899,M436DRAFT_79899,-,-,Unknown,-,hypothetical protein,protein-coding,-,-,-,-,20151104,-
1043004,25416515,M436DRAFT_79902,M436DRAFT_79902,-,-,Unknown,-,hypothetical protein,protein-coding,-,-,-,-,20160917,-
1043004,25416516,M436DRAFT_79922,M436DRAFT_79922,-,-,Unknown,-,Krr1-domain-containing protein,protein-coding,-,-,-,-,20160917,-
1043004,25416517,M436DRAFT_79924,M436DRAFT_79924,-,-,Unknown,-,hypothetical protein,protein-coding,-,-,-,-,20160917,-
1043004,25416518,M436DRAFT_79926,M436DRAFT_79926,-,-,Unknown,-,PigN-domain-containing protein,protein-coding,-,-,-,-,20160917,-
1043004,25416519,M436DRAFT_79937,M436DRAFT_79937,-,-,Unknown,-,hypothetical protein,protein-coding,-,-,-,-,20160917,-
1043004,25416520,M436DRAFT_79948,M436DRAFT_79948,-,-,Unknown,-,hypothetical protein,protein-coding,-,-,-,-,20151104,-
1043004,25416521,M436DRAFT_79950,M436DRAFT_79950,-,-,Unknown,-,mitochondrial superoxide dismutase [Mn],protein-coding,-,-,-,-,20160917,-
1043004,25416522,M436DRAFT_79952,M436DRAFT_79952,-,-,Unknown,-,hypothetical protein,protein-coding,-,-,-,-,20160917,-
1043004,25416523,M436DRAFT_79953,M436DRAFT_79953,-,-,Unknown,-,hypothetical protein,protein-coding,-,-,-,-,20160917,-
1043004,25416524,M436DRAFT_79956,M436DRAFT_79956,-,-,Unknown,-,hypothetical protein,protein-coding,-,-,-,-,20160325,-
1043004,25416525,M436DRAFT_79957,M436DRAFT_79957,-,-,Unknown,-,vacuolar ATPase 98 kDa subunit,protein-coding,-,-,-,-,20160917,-
1043004,25416526,M436DRAFT_79961,M436DRAFT_79961,-,-,Unknown,-,60S ribosomal protein-like protein L39,protein-coding,-,-,-,-,20170908,-
1043004,25416527,M436DRAFT_79968,M436DRAFT_79968,-,-,Unknown,-,ribosomal protein S9,protein-coding,-,-,-,-,20160325,-
1043004,25416528,M436DRAFT_79971,M436DRAFT_79971,-,-,Unknown,-,MBOAT-domain-containing protein,protein-coding,-,-,-,-,20160917,-
1043004,25416529,M436DRAFT_79975,M436DRAFT_79975,-,-,Unknown,-,hypothetical protein,protein-coding,-,-,-,-,20151104,-
1043004,25416530,M436DRAFT_79979,M436DRAFT_79979,-,-,Unknown,-,IMP-specific 5'-nucleotidase 1,protein-coding,-,-,-,-,20160917,-
1043004,25416531,M436DRAFT_79983,M436DRAFT_79983,-,-,Unknown,-,alkaline phosphatase-like protein,protein-coding,-,-,-,-,20160917,-
1043004,25416532,M436DRAFT_79984,M436DRAFT_79984,-,-,Unknown,-,hypothetical protein,protein-coding,-,-,-,-,20151104,-
1043004,25416533,M436DRAFT_79987,M436DRAFT_79987,-,-,Unknown,-,MED14-domain-containing protein,protein-coding,-,-,-,-,20160917,-
1043004,25416534,M436DRAFT_79992,M436DRAFT_79992,-,-,Unknown,-,sorbitol dehydrogenase,protein-coding,-,-,-,-,20151212,-
1043004,25416535,M436DRAFT_79994,M436DRAFT_79994,-,-,Unknown,-,hypothetical protein,protein-coding,-,-,-,-,20151104,-
1043004,25416536,M436DRAFT_79995,M436DRAFT_79995,-,-,Unknown,-,hypothetical protein,protein-coding,-,-,-,-,20151104,-
1043004,25416537,M436DRAFT_80004,M436DRAFT_80004,-,-,Unknown,-,hypothetical protein,protein-coding,-,-,-,-,20160917,-
1043004,25416538,M436DRAFT_80015,M436DRAFT_80015,-,-,Unknown,-,hypothetical protein,protein-coding,-,-,-,-,20151104,-
1043004,25416539,M436DRAFT_80020,M436DRAFT_80020,-,-,Unknown,-,ATP-dependent RNA helicase-like protein dbp8,protein-coding,-,-,-,-,20151212,-
1043004,25416540,M436DRAFT_80029,M436DRAFT_80029,-,-,Unknown,-,hypothetical protein,protein-coding,-,-,-,-,20160917,-
1043004,25416541,M436DRAFT_80041,M436DRAFT_80041,-,-,Unknown,-,hypothetical protein,protein-coding,-,-,-,-,20151212,-
1043004,25416542,M436DRAFT_80050,M436DRAFT_80050,-,-,Unknown,-,hypothetical protein,protein-coding,-,-,-,-,20151104,-
1043004,25416543,M436DRAFT_80055,M436DRAFT_80055,-,-,Unknown,-,mitochondrial ribosomal protein-like protein,protein-coding,-,-,-,-,20160917,-
1043004,25416544,M436DRAFT_80078,M436DRAFT_80078,-,-,Unknown,-,GTP binding protein-like protein,protein-coding,-,-,-,-,20160325,-
1043004,25416545,M436DRAFT_80080,M436DRAFT_80080,-,-,Unknown,-,hypothetical protein,protein-coding,-,-,-,-,20151104,-
1043004,25416546,M436DRAFT_80087,M436DRAFT_80087,-,-,Unknown,-,hypothetical protein,protein-coding,-,-,-,-,20151104,-
1043004,25416547,M436DRAFT_80093,M436DRAFT_80093,-,-,Unknown,-,hypothetical protein,protein-coding,-,-,-,-,20160917,-
1043004,25416548,M436DRAFT_80094,M436DRAFT_80094,-,-,Unknown,-,hypothetical protein,protein-coding,-,-,-,-,20151104,-
1043004,25416549,M436DRAFT_80096,M436DRAFT_80096,-,-,Unknown,-,putative choline dehydrogenase,protein-coding,-,-,-,-,20160917,-
1043004,25416550,M436DRAFT_80099,M436DRAFT_80099,-,-,Unknown,-,hypothetical protein,protein-coding,-,-,-,-,20151104,-
1043004,25416551,M436DRAFT_80101,M436DRAFT_80101,-,-,Unknown,-,hypothetical protein,protein-coding,-,-,-,-,20151104,-
1043004,25416552,M436DRAFT_80102,M436DRAFT_80102,-,-,Unknown,-,WSC-domain-containing protein,protein-coding,-,-,-,-,20160917,-
1043004,25416553,M436DRAFT_80106,M436DRAFT_80106,-,-,Unknown,-,hypothetical protein,protein-coding,-,-,-,-,20151104,-
1043004,25416554,M436DRAFT_80109,M436DRAFT_80109,-,-,Unknown,-,chaps-domain-containing protein,protein-coding,-,-,-,-,20160917,-
1043004,25416555,M436DRAFT_80116,M436DRAFT_80116,-,-,Unknown,-,hypothetical protein,protein-coding,-,-,-,-,20160917,-
1043004,25416556,M436DRAFT_80117,M436DRAFT_80117,-,-,Unknown,-,hypothetical protein,protein-coding,-,-,-,-,20151104,-
1043004,25416557,M436DRAFT_80120,M436DRAFT_80120,-,-,Unknown,-,hypothetical protein,protein-coding,-,-,-,-,20151104,-
1043004,25416558,M436DRAFT_80126,M436DRAFT_80126,-,-,Unknown,-,hypothetical protein,protein-coding,-,-,-,-,20160917,-
1043004,25416559,M436DRAFT_80137,M436DRAFT_80137,-,-,Unknown,-,hypothetical protein,protein-coding,-,-,-,-,20151104,-
1043004,25416560,M436DRAFT_80143,M436DRAFT_80143,-,-,Unknown,-,general substrate transporter,protein-coding,-,-,-,-,20160917,-
1043004,25416561,M436DRAFT_80144,M436DRAFT_80144,-,-,Unknown,-,glycoside hydrolase,protein-coding,-,-,-,-,20160917,-
1043004,25416562,M436DRAFT_80154,M436DRAFT_80154,-,-,Unknown,-,hypothetical protein,protein-coding,-,-,-,-,20160917,-
1043004,25416563,M436DRAFT_80157,M436DRAFT_80157,-,-,Unknown,-,hypothetical protein,protein-coding,-,-,-,-,20151104,-
1043004,25416564,M436DRAFT_80160,M436DRAFT_80160,-,-,Unknown,-,hypothetical protein,protein-coding,-,-,-,-,20160917,-
1043004,25416565,M436DRAFT_80161,M436DRAFT_80161,-,-,Unknown,-,"clathrin adaptor, mu subunit",protein-coding,-,-,-,-,20151212,-
1043004,25416566,M436DRAFT_80167,M436DRAFT_80167,-,-,Unknown,-,FAD dependent oxidoreductase,protein-coding,-,-,-,-,20160917,-
1043004,25416567,M436DRAFT_80172,M436DRAFT_80172,-,-,Unknown,-,MFS transporter,protein-coding,-,-,-,-,20160917,-
1043004,25416568,M436DRAFT_80174,M436DRAFT_80174,-,-,Unknown,-,hypothetical protein,protein-coding,-,-,-,-,20151104,-
1043004,25416569,M436DRAFT_80189,M436DRAFT_80189,-,-,Unknown,-,hypothetical protein,protein-coding,-,-,-,-,20151104,-
1043004,25416570,M436DRAFT_80190,M436DRAFT_80190,-,-,Unknown,-,hypothetical protein,protein-coding,-,-,-,-,20160325,-
1043004,25416571,M436DRAFT_80191,M436DRAFT_80191,-,-,Unknown,-,hypothetical protein,protein-coding,-,-,-,-,20151212,-
1043004,25416572,M436DRAFT_80195,M436DRAFT_80195,-,-,Unknown,-,hypothetical protein,protein-coding,-,-,-,-,20160917,-
1043004,25416573,M436DRAFT_80197,M436DRAFT_80197,-,-,Unknown,-,hypothetical protein,protein-coding,-,-,-,-,20160917,-
1043004,25416574,M436DRAFT_80198,M436DRAFT_80198,-,-,Unknown,-,hypothetical protein,protein-coding,-,-,-,-,20160917,-
1043004,25416575,M436DRAFT_80199,M436DRAFT_80199,-,-,Unknown,-,hypothetical protein,protein-coding,-,-,-,-,20151104,-
1043004,25416576,M436DRAFT_80209,M436DRAFT_80209,-,-,Unknown,-,hypothetical protein,protein-coding,-,-,-,-,20160917,-
1043004,25416577,M436DRAFT_80213,M436DRAFT_80213,-,-,Unknown,-,hypothetical protein,protein-coding,-,-,-,-,20160917,-
1043004,25416578,M436DRAFT_80218,M436DRAFT_80218,-,-,Unknown,-,hypothetical protein,protein-coding,-,-,-,-,20160917,-
1043004,25416579,M436DRAFT_80225,M436DRAFT_80225,-,-,Unknown,-,hypothetical protein,protein-coding,-,-,-,-,20160917,-
1043004,25416580,M436DRAFT_80228,M436DRAFT_80228,-,-,Unknown,-,hypothetical protein,protein-coding,-,-,-,-,20160917,-
1043004,25416581,M436DRAFT_80236,M436DRAFT_80236,-,-,Unknown,-,hypothetical protein,protein-coding,-,-,-,-,20151104,-
1043004,25416582,M436DRAFT_80238,M436DRAFT_80238,-,-,Unknown,-,AAA-domain-containing protein,protein-coding,-,-,-,-,20160917,-
1043004,25416583,M436DRAFT_80244,M436DRAFT_80244,-,-,Unknown,-,cysteine synthase,protein-coding,-,-,-,-,20160917,-
1043004,25416584,M436DRAFT_80247,M436DRAFT_80247,-,-,Unknown,-,hypothetical protein,protein-coding,-,-,-,-,20160325,-
1043004,25416585,M436DRAFT_80250,M436DRAFT_80250,-,-,Unknown,-,"peptidase C15, pyroglutamyl peptidase I-like protein",protein-coding,-,-,-,-,20160917,-
1043004,25416586,M436DRAFT_80253,M436DRAFT_80253,-,-,Unknown,-,hypothetical protein,protein-coding,-,-,-,-,20151104,-
1043004,25416587,M436DRAFT_80254,M436DRAFT_80254,-,-,Unknown,-,hypothetical protein,protein-coding,-,-,-,-,20160325,-
1043004,25416588,M436DRAFT_80255,M436DRAFT_80255,-,-,Unknown,-,hypothetical protein,protein-coding,-,-,-,-,20151104,-
1043004,25416589,M436DRAFT_80276,M436DRAFT_80276,-,-,Unknown,-,hypothetical protein,protein-coding,-,-,-,-,20151104,-
1043004,25416590,M436DRAFT_80281,M436DRAFT_80281,-,-,Unknown,-,tartrate dehydrogenase,protein-coding,-,-,-,-,20160917,-
1043004,25416591,M436DRAFT_80283,M436DRAFT_80283,-,-,Unknown,-,hypothetical protein,protein-coding,-,-,-,-,20151104,-
1043004,25416592,M436DRAFT_80288,M436DRAFT_80288,-,-,Unknown,-,phosphoribosylformylglycinamidine synthase,protein-coding,-,-,-,-,20160917,-
1043004,25416593,M436DRAFT_80292,M436DRAFT_80292,-,-,Unknown,-,hypothetical protein,protein-coding,-,-,-,-,20151104,-
1043004,25416594,M436DRAFT_80293,M436DRAFT_80293,-,-,Unknown,-,hypothetical protein,protein-coding,-,-,-,-,20160917,-
1043004,25416595,M436DRAFT_80294,M436DRAFT_80294,-,-,Unknown,-,hypothetical protein,protein-coding,-,-,-,-,20160917,-
1043004,25416596,M436DRAFT_80295,M436DRAFT_80295,-,-,Unknown,-,CoA-transferase family III,protein-coding,-,-,-,-,20151212,-
1043004,25416597,M436DRAFT_80298,M436DRAFT_80298,-,-,Unknown,-,hypothetical protein,protein-coding,-,-,-,-,20151104,-
1043004,25416598,M436DRAFT_80299,M436DRAFT_80299,-,-,Unknown,-,hypothetical protein,protein-coding,-,-,-,-,20160917,-
1043004,25416599,M436DRAFT_80316,M436DRAFT_80316,-,-,Unknown,-,IF4E-domain-containing protein,protein-coding,-,-,-,-,20160917,-
1043004,25416600,M436DRAFT_80329,M436DRAFT_80329,-,-,Unknown,-,starch-binding domain-like protein,protein-coding,-,-,-,-,20160917,-
1043004,25416601,M436DRAFT_80347,M436DRAFT_80347,-,-,Unknown,-,vacuolar sorting protein 1,protein-coding,-,-,-,-,20160917,-
1043004,25416602,M436DRAFT_80366,M436DRAFT_80366,-,-,Unknown,-,hypothetical protein,protein-coding,-,-,-,-,20151104,-
1043004,25416603,M436DRAFT_80369,M436DRAFT_80369,-,-,Unknown,-,hypothetical protein,protein-coding,-,-,-,-,20151104,-
1043004,25416604,M436DRAFT_80370,M436DRAFT_80370,-,-,Unknown,-,acetoacetate-CoA ligase,protein-coding,-,-,-,-,20160917,-
1043004,25416605,M436DRAFT_80371,M436DRAFT_80371,-,-,Unknown,-,hypothetical protein,protein-coding,-,-,-,-,20151104,-
1043004,25416606,M436DRAFT_80373,M436DRAFT_80373,-,-,Unknown,-,acetyl-CoA synthetase-like protein,protein-coding,-,-,-,-,20160917,-
1043004,25416607,M436DRAFT_80382,M436DRAFT_80382,-,-,Unknown,-,hypothetical protein,protein-coding,-,-,-,-,20160325,-
1043004,25416608,M436DRAFT_80396,M436DRAFT_80396,-,-,Unknown,-,mitotic spindle assembly checkpoint protein MAD1,protein-coding,-,-,-,-,20160917,-
1043004,25416609,M436DRAFT_80406,M436DRAFT_80406,-,-,Unknown,-,hypothetical protein,protein-coding,-,-,-,-,20160917,-
1043004,25416610,M436DRAFT_80413,M436DRAFT_80413,-,-,Unknown,-,hypothetical protein,protein-coding,-,-,-,-,20160917,-
1043004,25416611,M436DRAFT_80419,M436DRAFT_80419,-,-,Unknown,-,phosphatases II,protein-coding,-,-,-,-,20160917,-
1043004,25416612,M436DRAFT_80426,M436DRAFT_80426,-,-,Unknown,-,hypothetical protein,protein-coding,-,-,-,-,20151104,-
1043004,25416613,M436DRAFT_80427,M436DRAFT_80427,-,-,Unknown,-,hypothetical protein,protein-coding,-,-,-,-,20151104,-
1043004,25416614,M436DRAFT_80431,M436DRAFT_80431,-,-,Unknown,-,hypothetical protein,protein-coding,-,-,-,-,20160917,-
1043004,25416615,M436DRAFT_80435,M436DRAFT_80435,-,-,Unknown,-,alpha/beta-hydrolase,protein-coding,-,-,-,-,20160917,-
1043004,25416616,M436DRAFT_80439,M436DRAFT_80439,-,-,Unknown,-,CDC73-domain-containing protein,protein-coding,-,-,-,-,20160917,-
1043004,25416617,M436DRAFT_80449,M436DRAFT_80449,-,-,Unknown,-,glycoside hydrolase,protein-coding,-,-,-,-,20160917,-
1043004,25416618,M436DRAFT_80452,M436DRAFT_80452,-,-,Unknown,-,hypothetical protein,protein-coding,-,-,-,-,20160917,-
1043004,25416619,M436DRAFT_80456,M436DRAFT_80456,-,-,Unknown,-,heat shock protein 70,protein-coding,-,-,-,-,20160917,-
1043004,25416620,M436DRAFT_80464,M436DRAFT_80464,-,-,Unknown,-,hypothetical protein,protein-coding,-,-,-,-,20151104,-
1043004,25416621,M436DRAFT_80465,M436DRAFT_80465,-,-,Unknown,-,MFS general substrate transporter,protein-coding,-,-,-,-,20151212,-
1043004,25416622,M436DRAFT_80469,M436DRAFT_80469,-,-,Unknown,-,Aldo/keto reductase,protein-coding,-,-,-,-,20151212,-
1043004,25416623,M436DRAFT_80487,M436DRAFT_80487,-,-,Unknown,-,hypothetical protein,protein-coding,-,-,-,-,20151104,-
1043004,25416624,M436DRAFT_80493,M436DRAFT_80493,-,-,Unknown,-,COX5A-domain-containing protein,protein-coding,-,-,-,-,20160917,-
1043004,25416625,M436DRAFT_80494,M436DRAFT_80494,-,-,Unknown,-,hypothetical protein,protein-coding,-,-,-,-,20160917,-
1043004,25416626,M436DRAFT_80496,M436DRAFT_80496,-,-,Unknown,-,PQ-loop-domain-containing protein,protein-coding,-,-,-,-,20160917,-
1043004,25416627,M436DRAFT_80501,M436DRAFT_80501,-,-,Unknown,-,ribosomal protein S12/S23,protein-coding,-,-,-,-,20160917,-
1043004,25416628,M436DRAFT_80511,M436DRAFT_80511,-,-,Unknown,-,hypothetical protein,protein-coding,-,-,-,-,20160917,-
1043004,25416629,M436DRAFT_80516,M436DRAFT_80516,-,-,Unknown,-,acyl-CoA oxidase,protein-coding,-,-,-,-,20160917,-
1043004,25416630,M436DRAFT_80519,M436DRAFT_80519,-,-,Unknown,-,hypothetical protein,protein-coding,-,-,-,-,20160917,-
1043004,25416631,M436DRAFT_80530,M436DRAFT_80530,-,-,Unknown,-,Bromodomain-containing protein,protein-coding,-,-,-,-,20160917,-
1043004,25416632,M436DRAFT_80531,M436DRAFT_80531,-,-,Unknown,-,hypothetical protein,protein-coding,-,-,-,-,20151212,-
1043004,25416633,M436DRAFT_80533,M436DRAFT_80533,-,-,Unknown,-,hypothetical protein,protein-coding,-,-,-,-,20160917,-
1043004,25416634,M436DRAFT_80534,M436DRAFT_80534,-,-,Unknown,-,hypothetical protein,protein-coding,-,-,-,-,20160917,-
1043004,25416635,M436DRAFT_80535,M436DRAFT_80535,-,-,Unknown,-,ATP-dependent RNA helicase fal1,protein-coding,-,-,-,-,20191025,-
1043004,25416636,M436DRAFT_80545,M436DRAFT_80545,-,-,Unknown,-,hypothetical protein,protein-coding,-,-,-,-,20151104,-
1043004,25416637,M436DRAFT_80551,M436DRAFT_80551,-,-,Unknown,-,hypothetical protein,protein-coding,-,-,-,-,20151104,-
1043004,25416638,M436DRAFT_80559,M436DRAFT_80559,-,-,Unknown,-,hypothetical protein,protein-coding,-,-,-,-,20160917,-
1043004,25416639,M436DRAFT_80566,M436DRAFT_80566,-,-,Unknown,-,putative glycolipid transfer protein HET-C2,protein-coding,-,-,-,-,20160917,-
1043004,25416640,M436DRAFT_80567,M436DRAFT_80567,-,-,Unknown,-,hypothetical protein,protein-coding,-,-,-,-,20151104,-
1043004,25416641,M436DRAFT_80587,M436DRAFT_80587,-,-,Unknown,-,Cloroperoxidase,protein-coding,-,-,-,-,20160917,-
1043004,25416642,M436DRAFT_80589,M436DRAFT_80589,-,-,Unknown,-,GMC oxidoreductase,protein-coding,-,-,-,-,20160917,-
1043004,25416643,M436DRAFT_80598,M436DRAFT_80598,-,-,Unknown,-,vacuolar ATP synthase,protein-coding,-,-,-,-,20160917,-
1043004,25416644,M436DRAFT_80599,M436DRAFT_80599,-,-,Unknown,-,hypothetical protein,protein-coding,-,-,-,-,20160917,-
1043004,25416645,M436DRAFT_80610,M436DRAFT_80610,-,-,Unknown,-,SGNH hydrolase,protein-coding,-,-,-,-,20151212,-
1043004,25416646,M436DRAFT_80628,M436DRAFT_80628,-,-,Unknown,-,hypothetical protein,protein-coding,-,-,-,-,20151104,-
1043004,25416647,M436DRAFT_80635,M436DRAFT_80635,-,-,Unknown,-,hypothetical protein,protein-coding,-,-,-,-,20160325,-
1043004,25416648,M436DRAFT_80639,M436DRAFT_80639,-,-,Unknown,-,putative amino acid permease,protein-coding,-,-,-,-,20151212,-
1043004,25416649,M436DRAFT_80648,M436DRAFT_80648,-,-,Unknown,-,Ran-binding-domain-containing protein,protein-coding,-,-,-,-,20160917,-
1043004,25416650,M436DRAFT_80652,M436DRAFT_80652,-,-,Unknown,-,FAD/NAD(P)-binding domain-containing protein,protein-coding,-,-,-,-,20160917,-
1043004,25416651,M436DRAFT_80657,M436DRAFT_80657,-,-,Unknown,-,hypothetical protein,protein-coding,-,-,-,-,20151104,-
1043004,25416652,M436DRAFT_80658,M436DRAFT_80658,-,-,Unknown,-,RTA1 domain protein,protein-coding,-,-,-,-,20160917,-
1043004,25416653,M436DRAFT_80663,M436DRAFT_80663,-,-,Unknown,-,hypothetical protein,protein-coding,-,-,-,-,20160325,-
1043004,25416654,M436DRAFT_80668,M436DRAFT_80668,-,-,Unknown,-,hypothetical protein,protein-coding,-,-,-,-,20151104,-
1043004,25416655,M436DRAFT_80671,M436DRAFT_80671,-,-,Unknown,-,hypothetical protein,protein-coding,-,-,-,-,20151104,-
1043004,25416656,M436DRAFT_80674,M436DRAFT_80674,-,-,Unknown,-,hypothetical protein,protein-coding,-,-,-,-,20151104,-
1043004,25416657,M436DRAFT_80677,M436DRAFT_80677,-,-,Unknown,-,hypothetical protein,protein-coding,-,-,-,-,20151104,-
1043004,25416658,M436DRAFT_80694,M436DRAFT_80694,-,-,Unknown,-,hypothetical protein,protein-coding,-,-,-,-,20151104,-
1043004,25416659,M436DRAFT_80695,M436DRAFT_80695,-,-,Unknown,-,hypothetical protein,protein-coding,-,-,-,-,20151104,-
1043004,25416660,M436DRAFT_80696,M436DRAFT_80696,-,-,Unknown,-,hypothetical protein,protein-coding,-,-,-,-,20151104,-
1043004,25416661,M436DRAFT_80697,M436DRAFT_80697,-,-,Unknown,-,hypothetical protein,protein-coding,-,-,-,-,20151212,-
1043004,25416662,M436DRAFT_80705,M436DRAFT_80705,-,-,Unknown,-,hypothetical protein,protein-coding,-,-,-,-,20151104,-
1043004,25416663,M436DRAFT_80707,M436DRAFT_80707,-,-,Unknown,-,hypothetical protein,protein-coding,-,-,-,-,20151104,-
1043004,25416664,M436DRAFT_80708,M436DRAFT_80708,-,-,Unknown,-,hypothetical protein,protein-coding,-,-,-,-,20151104,-
1043004,25416665,M436DRAFT_80709,M436DRAFT_80709,-,-,Unknown,-,hypothetical protein,protein-coding,-,-,-,-,20151104,-
1043004,25416666,M436DRAFT_80712,M436DRAFT_80712,-,-,Unknown,-,"mRNA capping enzyme, large subunit",protein-coding,-,-,-,-,20160917,-
1043004,25416667,M436DRAFT_80722,M436DRAFT_80722,-,-,Unknown,-,3'-phosphoadenosine 5'-phosphatase,protein-coding,-,-,-,-,20160917,-
1043004,25416668,M436DRAFT_80726,M436DRAFT_80726,-,-,Unknown,-,phosphoribosyl pyrophosphokinase,protein-coding,-,-,-,-,20160917,-
1043004,25416669,M436DRAFT_80728,M436DRAFT_80728,-,-,Unknown,-,hypothetical protein,protein-coding,-,-,-,-,20151104,-
1043004,25416670,M436DRAFT_80729,M436DRAFT_80729,-,-,Unknown,-,pseudouridine synthase,protein-coding,-,-,-,-,20160325,-
1043004,25416671,M436DRAFT_80745,M436DRAFT_80745,-,-,Unknown,-,DUF1014-domain-containing protein,protein-coding,-,-,-,-,20160917,-
1043004,25416672,M436DRAFT_80750,M436DRAFT_80750,-,-,Unknown,-,hypothetical protein,protein-coding,-,-,-,-,20151104,-
1043004,25416673,M436DRAFT_80755,M436DRAFT_80755,-,-,Unknown,-,"peptidase S66, LD-carboxypeptidase A",protein-coding,-,-,-,-,20160325,-
1043004,25416674,M436DRAFT_80757,M436DRAFT_80757,-,-,Unknown,-,hypothetical protein,protein-coding,-,-,-,-,20151104,-
1043004,25416675,M436DRAFT_80759,M436DRAFT_80759,-,-,Unknown,-,hypothetical protein,protein-coding,-,-,-,-,20151104,-
1043004,25416676,M436DRAFT_80760,M436DRAFT_80760,-,-,Unknown,-,hypothetical protein,protein-coding,-,-,-,-,20151104,-
1043004,25416677,M436DRAFT_80761,M436DRAFT_80761,-,-,Unknown,-,Clavaminate synthase-like protein,protein-coding,-,-,-,-,20160917,-
1043004,25416678,M436DRAFT_80776,M436DRAFT_80776,-,-,Unknown,-,proteasome subunit alpha type,protein-coding,-,-,-,-,20151212,-
1043004,25416679,M436DRAFT_80778,M436DRAFT_80778,-,-,Unknown,-,kinase-like protein,protein-coding,-,-,-,-,20151212,-
1043004,25416680,M436DRAFT_80785,M436DRAFT_80785,-,-,Unknown,-,FAD/NAD(P)-binding domain-containing protein,protein-coding,-,-,-,-,20160917,-
1043004,25416681,M436DRAFT_80805,M436DRAFT_80805,-,-,Unknown,-,MFS general substrate transporter,protein-coding,-,-,-,-,20160917,-
1043004,25416682,M436DRAFT_80806,M436DRAFT_80806,-,-,Unknown,-,hypothetical protein,protein-coding,-,-,-,-,20151104,-
1043004,25416683,M436DRAFT_80816,M436DRAFT_80816,-,-,Unknown,-,BEM46 family protein,protein-coding,-,-,-,-,20160917,-
1043004,25416684,M436DRAFT_80818,M436DRAFT_80818,-,-,Unknown,-,zinc-binding alcohol dehydrogenase-like protein,protein-coding,-,-,-,-,20151212,-
1043004,25416685,M436DRAFT_80821,M436DRAFT_80821,-,-,Unknown,-,hypothetical protein,protein-coding,-,-,-,-,20160917,-
1043004,25416686,M436DRAFT_80827,M436DRAFT_80827,-,-,Unknown,-,D-lactate dehydrogenase mitochondrial precursor,protein-coding,-,-,-,-,20160917,-
1043004,25416687,M436DRAFT_80828,M436DRAFT_80828,-,-,Unknown,-,hypothetical protein,protein-coding,-,-,-,-,20151104,-
1043004,25416688,M436DRAFT_80831,M436DRAFT_80831,-,-,Unknown,-,hypothetical protein,protein-coding,-,-,-,-,20151104,-
1043004,25416689,M436DRAFT_80833,M436DRAFT_80833,-,-,Unknown,-,dynamin GTPase,protein-coding,-,-,-,-,20160917,-
1043004,25416690,M436DRAFT_80839,M436DRAFT_80839,-,-,Unknown,-,hypothetical protein,protein-coding,-,-,-,-,20151104,-
1043004,25416691,M436DRAFT_80850,M436DRAFT_80850,-,-,Unknown,-,galactose mutarotase-like protein,protein-coding,-,-,-,-,20151212,-
1043004,25416692,M436DRAFT_80854,M436DRAFT_80854,-,-,Unknown,-,hypothetical protein,protein-coding,-,-,-,-,20160917,-
1043004,25416693,M436DRAFT_80865,M436DRAFT_80865,-,-,Unknown,-,hypothetical protein,protein-coding,-,-,-,-,20160325,-
1043004,25416694,M436DRAFT_80866,M436DRAFT_80866,-,-,Unknown,-,amidase,protein-coding,-,-,-,-,20160917,-
1043004,25416695,M436DRAFT_80875,M436DRAFT_80875,-,-,Unknown,-,hypothetical protein,protein-coding,-,-,-,-,20151212,-
1043004,25416696,M436DRAFT_80883,M436DRAFT_80883,-,-,Unknown,-,Polyadenylate-binding protein/Hyperplastic disc protein,protein-coding,-,-,-,-,20160917,-
1043004,25416697,M436DRAFT_80884,M436DRAFT_80884,-,-,Unknown,-,hypothetical protein,protein-coding,-,-,-,-,20151104,-
1043004,25416698,M436DRAFT_80887,M436DRAFT_80887,-,-,Unknown,-,hypothetical protein,protein-coding,-,-,-,-,20160917,-
1043004,25416699,M436DRAFT_80893,M436DRAFT_80893,-,-,Unknown,-,SUR7-domain-containing protein,protein-coding,-,-,-,-,20160917,-
1043004,25416700,M436DRAFT_80902,M436DRAFT_80902,-,-,Unknown,-,hypothetical protein,protein-coding,-,-,-,-,20151104,-
1043004,25416701,M436DRAFT_80905,M436DRAFT_80905,-,-,Unknown,-,ARM repeat-containing protein,protein-coding,-,-,-,-,20160917,-
1043004,25416702,M436DRAFT_80906,M436DRAFT_80906,-,-,Unknown,-,protein serine/threonine phosphatase 2C,protein-coding,-,-,-,-,20151212,-
1043004,25416703,M436DRAFT_80911,M436DRAFT_80911,-,-,Unknown,-,hypothetical protein,protein-coding,-,-,-,-,20151104,-
1043004,25416704,M436DRAFT_80917,M436DRAFT_80917,-,-,Unknown,-,hypothetical protein,protein-coding,-,-,-,-,20151104,-
1043004,25416705,M436DRAFT_80926,M436DRAFT_80926,-,-,Unknown,-,hypothetical protein,protein-coding,-,-,-,-,20151104,-
1043004,25416706,M436DRAFT_80942,M436DRAFT_80942,-,-,Unknown,-,sorbitol dehydrogenase-like protein,protein-coding,-,-,-,-,20151212,-
1043004,25416707,M436DRAFT_80946,M436DRAFT_80946,-,-,Unknown,-,kinase-like protein,protein-coding,-,-,-,-,20151212,-
1043004,25416708,M436DRAFT_80952,M436DRAFT_80952,-,-,Unknown,-,lysyl-tRNA synthetase,protein-coding,-,-,-,-,20151212,-
1043004,25416709,M436DRAFT_80956,M436DRAFT_80956,-,-,Unknown,-,nuclear/nucleolar GTP-binding protein,protein-coding,-,-,-,-,20160917,-
1043004,25416710,M436DRAFT_80957,M436DRAFT_80957,-,-,Unknown,-,glycoside hydrolase family 35 protein,protein-coding,-,-,-,-,20160917,-
1043004,25416711,M436DRAFT_80976,M436DRAFT_80976,-,-,Unknown,-,Thiamin diphosphate-binding protein,protein-coding,-,-,-,-,20160917,-
1043004,25416712,M436DRAFT_80978,M436DRAFT_80978,-,-,Unknown,-,DUF1752-domain-containing protein,protein-coding,-,-,-,-,20160917,-
1043004,25416713,M436DRAFT_80981,M436DRAFT_80981,-,-,Unknown,-,hypothetical protein,protein-coding,-,-,-,-,20160917,-
1043004,25416714,M436DRAFT_80982,M436DRAFT_80982,-,-,Unknown,-,hypothetical protein,protein-coding,-,-,-,-,20160917,-
1043004,25416715,M436DRAFT_80988,M436DRAFT_80988,-,-,Unknown,-,NADH:flavin oxidoreductase/NADH oxidase,protein-coding,-,-,-,-,20160917,-
1043004,25416716,M436DRAFT_80991,M436DRAFT_80991,-,-,Unknown,-,serine/threonine-protein phosphatase 2A activator 1,protein-coding,-,-,-,-,20160917,-
1043004,25416717,M436DRAFT_81000,M436DRAFT_81000,-,-,Unknown,-,WD40 repeat-like protein,protein-coding,-,-,-,-,20160917,-
1043004,25416718,M436DRAFT_81011,M436DRAFT_81011,-,-,Unknown,-,hypothetical protein,protein-coding,-,-,-,-,20151104,-
1043004,25416719,M436DRAFT_81027,M436DRAFT_81027,-,-,Unknown,-,hypothetical protein,protein-coding,-,-,-,-,20151104,-
1043004,25416720,M436DRAFT_81040,M436DRAFT_81040,-,-,Unknown,-,acetylcholinesterase precursor,protein-coding,-,-,-,-,20160917,-
1043004,25416721,M436DRAFT_81047,M436DRAFT_81047,-,-,Unknown,-,general substrate transporter,protein-coding,-,-,-,-,20160917,-
1043004,25416722,M436DRAFT_81049,M436DRAFT_81049,-,-,Unknown,-,hypothetical protein,protein-coding,-,-,-,-,20160917,-
1043004,25416723,M436DRAFT_81060,M436DRAFT_81060,-,-,Unknown,-,glycerol uptake facilitator,protein-coding,-,-,-,-,20160917,-
1043004,25416724,M436DRAFT_81064,M436DRAFT_81064,-,-,Unknown,-,hypothetical protein,protein-coding,-,-,-,-,20151104,-
1043004,25416725,M436DRAFT_81068,M436DRAFT_81068,-,-,Unknown,-,DAHP synthetase,protein-coding,-,-,-,-,20160917,-
1043004,25416726,M436DRAFT_81070,M436DRAFT_81070,-,-,Unknown,-,shwachman-Bodian-diamond syndrome protein,protein-coding,-,-,-,-,20160917,-
1043004,25416727,M436DRAFT_81084,M436DRAFT_81084,-,-,Unknown,-,hypothetical protein,protein-coding,-,-,-,-,20151212,-
1043004,25416728,M436DRAFT_81103,M436DRAFT_81103,-,-,Unknown,-,hypothetical protein,protein-coding,-,-,-,-,20160917,-
1043004,25416729,M436DRAFT_81104,M436DRAFT_81104,-,-,Unknown,-,nucleoside hydrolase,protein-coding,-,-,-,-,20151212,-
1043004,25416730,M436DRAFT_81106,M436DRAFT_81106,-,-,Unknown,-,ribosomal protein S7e,protein-coding,-,-,-,-,20210424,-
1043004,25416731,M436DRAFT_81108,M436DRAFT_81108,-,-,Unknown,-,D-galacturonic acid reductase-like protein,protein-coding,-,-,-,-,20160917,-
1043004,25416732,M436DRAFT_81112,M436DRAFT_81112,-,-,Unknown,-,secretory pathway Sec39,protein-coding,-,-,-,-,20160917,-
1043004,25416733,M436DRAFT_81116,M436DRAFT_81116,-,-,Unknown,-,hypothetical protein,protein-coding,-,-,-,-,20160917,-
1043004,25416734,M436DRAFT_81118,M436DRAFT_81118,-,-,Unknown,-,hypothetical protein,protein-coding,-,-,-,-,20160917,-
1043004,25416735,M436DRAFT_81121,M436DRAFT_81121,-,-,Unknown,-,hypothetical protein,protein-coding,-,-,-,-,20151212,-
1043004,25416736,M436DRAFT_81122,M436DRAFT_81122,-,-,Unknown,-,mitochondrial ribosomal protein 10,protein-coding,-,-,-,-,20160325,-
1043004,25416737,M436DRAFT_81128,M436DRAFT_81128,-,-,Unknown,-,hypothetical protein,protein-coding,-,-,-,-,20160917,-
1043004,25416738,M436DRAFT_81137,M436DRAFT_81137,-,-,Unknown,-,hypothetical protein,protein-coding,-,-,-,-,20151212,-
1043004,25416739,M436DRAFT_81144,M436DRAFT_81144,-,-,Unknown,-,hypothetical protein,protein-coding,-,-,-,-,20151104,-
1043004,25416740,M436DRAFT_81149,M436DRAFT_81149,-,-,Unknown,-,cystathionine beta-synthase,protein-coding,-,-,-,-,20160917,-
1043004,25416741,M436DRAFT_81152,M436DRAFT_81152,-,-,Unknown,-,UAA transporter,protein-coding,-,-,-,-,20160917,-
1043004,25416742,M436DRAFT_81167,M436DRAFT_81167,-,-,Unknown,-,hypothetical protein,protein-coding,-,-,-,-,20160917,-
1043004,25416743,M436DRAFT_81171,M436DRAFT_81171,-,-,Unknown,-,iron-regulated transporter,protein-coding,-,-,-,-,20160917,-
1043004,25416744,M436DRAFT_81192,M436DRAFT_81192,-,-,Unknown,-,hypothetical protein,protein-coding,-,-,-,-,20151104,-
1043004,25416745,M436DRAFT_81200,M436DRAFT_81200,-,-,Unknown,-,hypothetical protein,protein-coding,-,-,-,-,20160917,-
1043004,25416746,M436DRAFT_81215,M436DRAFT_81215,-,-,Unknown,-,hypothetical protein,protein-coding,-,-,-,-,20151104,-
1043004,25416747,M436DRAFT_81220,M436DRAFT_81220,-,-,Unknown,-,GroES-like protein,protein-coding,-,-,-,-,20151212,-
1043004,25416748,M436DRAFT_81224,M436DRAFT_81224,-,-,Unknown,-,mitochondrial carrier,protein-coding,-,-,-,-,20160917,-
1043004,25416749,M436DRAFT_81230,M436DRAFT_81230,-,-,Unknown,-,hypothetical protein,protein-coding,-,-,-,-,20160917,-
1043004,25416750,M436DRAFT_81245,M436DRAFT_81245,-,-,Unknown,-,hypothetical protein,protein-coding,-,-,-,-,20160325,-
1043004,25416751,M436DRAFT_81248,M436DRAFT_81248,-,-,Unknown,-,60S ribosomal protein L6,protein-coding,-,-,-,-,20160917,-
1043004,25416752,M436DRAFT_81251,M436DRAFT_81251,-,-,Unknown,-,hypothetical protein,protein-coding,-,-,-,-,20151104,-
1043004,25416753,M436DRAFT_81254,M436DRAFT_81254,-,-,Unknown,-,hypothetical protein,protein-coding,-,-,-,-,20160917,-
1043004,25416754,M436DRAFT_81256,M436DRAFT_81256,-,-,Unknown,-,hypothetical protein,protein-coding,-,-,-,-,20160917,-
1043004,25416755,M436DRAFT_81265,M436DRAFT_81265,-,-,Unknown,-,hypothetical protein,protein-coding,-,-,-,-,20160917,-
1043004,25416756,M436DRAFT_81267,M436DRAFT_81267,-,-,Unknown,-,hypothetical protein,protein-coding,-,-,-,-,20160325,-
1043004,25416757,M436DRAFT_81278,M436DRAFT_81278,-,-,Unknown,-,hypothetical protein,protein-coding,-,-,-,-,20151104,-
1043004,25416758,M436DRAFT_81290,M436DRAFT_81290,-,-,Unknown,-,hypothetical protein,protein-coding,-,-,-,-,20160917,-
1043004,25416759,M436DRAFT_81297,M436DRAFT_81297,-,-,Unknown,-,hypothetical protein,protein-coding,-,-,-,-,20160917,-
1043004,25416760,M436DRAFT_81298,M436DRAFT_81298,-,-,Unknown,-,hypothetical protein,protein-coding,-,-,-,-,20151104,-
1043004,25416761,M436DRAFT_81300,M436DRAFT_81300,-,-,Unknown,-,"Coatomer, beta subunit",protein-coding,-,-,-,-,20160917,-
1043004,25416762,M436DRAFT_81303,M436DRAFT_81303,-,-,Unknown,-,1-pyrroline-5-carboxylate dehydrogenase,protein-coding,-,-,-,-,20151212,-
1043004,25416763,M436DRAFT_81309,M436DRAFT_81309,-,-,Unknown,-,sphingosine kinase,protein-coding,-,-,-,-,20160917,-
1043004,25416764,M436DRAFT_81311,M436DRAFT_81311,-,-,Unknown,-,hypothetical protein,protein-coding,-,-,-,-,20160917,-
1043004,25416765,M436DRAFT_81328,M436DRAFT_81328,-,-,Unknown,-,DUF1295-domain-containing protein,protein-coding,-,-,-,-,20160917,-
1043004,25416766,M436DRAFT_81334,M436DRAFT_81334,-,-,Unknown,-,60S ribosomal protein L10a,protein-coding,-,-,-,-,20210424,-
1043004,25416767,M436DRAFT_81340,M436DRAFT_81340,-,-,Unknown,-,hypothetical protein,protein-coding,-,-,-,-,20160917,-
1043004,25416768,M436DRAFT_81353,M436DRAFT_81353,-,-,Unknown,-,hypothetical protein,protein-coding,-,-,-,-,20160917,-
1043004,25416769,M436DRAFT_81356,M436DRAFT_81356,-,-,Unknown,-,acetoacetate-CoA ligase,protein-coding,-,-,-,-,20160917,-
1043004,25416770,M436DRAFT_81362,M436DRAFT_81362,-,-,Unknown,-,Clavaminate synthase-like protein,protein-coding,-,-,-,-,20160917,-
1043004,25416771,M436DRAFT_81367,M436DRAFT_81367,-,-,Unknown,-,hydroxyacylglutathione hydrolase,protein-coding,-,-,-,-,20160917,-
1043004,25416772,M436DRAFT_81380,M436DRAFT_81380,-,-,Unknown,-,hypothetical protein,protein-coding,-,-,-,-,20160917,-
1043004,25416773,M436DRAFT_81387,M436DRAFT_81387,-,-,Unknown,-,DASH complex subunit Dad1,protein-coding,-,-,-,-,20160917,-
1043004,25416774,M436DRAFT_81389,M436DRAFT_81389,-,-,Unknown,-,hypothetical protein,protein-coding,-,-,-,-,20151104,-
1043004,25416775,M436DRAFT_81391,M436DRAFT_81391,-,-,Unknown,-,hypothetical protein,protein-coding,-,-,-,-,20160917,-
1043004,25416776,M436DRAFT_81392,M436DRAFT_81392,-,-,Unknown,-,hypothetical protein,protein-coding,-,-,-,-,20160325,-
1043004,25416777,M436DRAFT_81393,M436DRAFT_81393,-,-,Unknown,-,hypothetical protein,protein-coding,-,-,-,-,20151104,-
1043004,25416778,M436DRAFT_81394,M436DRAFT_81394,-,-,Unknown,-,hypothetical protein,protein-coding,-,-,-,-,20160917,-
1043004,25416779,M436DRAFT_81405,M436DRAFT_81405,-,-,Unknown,-,NAD(P)-binding protein,protein-coding,-,-,-,-,20160917,-
1043004,25416780,M436DRAFT_81413,M436DRAFT_81413,-,-,Unknown,-,hypothetical protein,protein-coding,-,-,-,-,20151104,-
1043004,25416781,M436DRAFT_81420,M436DRAFT_81420,-,-,Unknown,-,tRNA guanosine-2'-O-methyltransferase,protein-coding,-,-,-,-,20160917,-
1043004,25416782,M436DRAFT_81428,M436DRAFT_81428,-,-,Unknown,-,hypothetical protein,protein-coding,-,-,-,-,20151212,-
1043004,25416783,M436DRAFT_81438,M436DRAFT_81438,-,-,Unknown,-,hypothetical protein,protein-coding,-,-,-,-,20151104,-
1043004,25416784,M436DRAFT_81439,M436DRAFT_81439,-,-,Unknown,-,hypothetical protein,protein-coding,-,-,-,-,20151104,-
1043004,25416785,M436DRAFT_81451,M436DRAFT_81451,-,-,Unknown,-,50S ribosomal protein L35e,protein-coding,-,-,-,-,20160917,-
1043004,25416786,M436DRAFT_81461,M436DRAFT_81461,-,-,Unknown,-,SAICAR synthase-like protein,protein-coding,-,-,-,-,20160917,-
1043004,25416787,M436DRAFT_81467,M436DRAFT_81467,-,-,Unknown,-,hypothetical protein,protein-coding,-,-,-,-,20160917,-
1043004,25416788,M436DRAFT_81468,M436DRAFT_81468,-,-,Unknown,-,UDP-Glycosyltransferase/glycogen phosphorylase,protein-coding,-,-,-,-,20151212,-
1043004,25416789,M436DRAFT_81474,M436DRAFT_81474,-,-,Unknown,-,hypothetical protein,protein-coding,-,-,-,-,20151104,-
1043004,25416790,M436DRAFT_81477,M436DRAFT_81477,-,-,Unknown,-,MFS general substrate transporter,protein-coding,-,-,-,-,20151212,-
1043004,25416791,M436DRAFT_81478,M436DRAFT_81478,-,-,Unknown,-,putative zinc-binding alcohol dehydrogenase,protein-coding,-,-,-,-,20151212,-
1043004,25416792,M436DRAFT_81480,M436DRAFT_81480,-,-,Unknown,-,MFS general substrate transporter,protein-coding,-,-,-,-,20151212,-
1043004,25416793,M436DRAFT_81485,M436DRAFT_81485,-,-,Unknown,-,hypothetical protein,protein-coding,-,-,-,-,20160917,-
1043004,25416794,M436DRAFT_81486,M436DRAFT_81486,-,-,Unknown,-,hypothetical protein,protein-coding,-,-,-,-,20151104,-
1043004,25416795,M436DRAFT_81488,M436DRAFT_81488,-,-,Unknown,-,hypothetical protein,protein-coding,-,-,-,-,20160917,-
1043004,25416796,M436DRAFT_81492,M436DRAFT_81492,-,-,Unknown,-,glycoside hydrolase,protein-coding,-,-,-,-,20160917,-
1043004,25416797,M436DRAFT_81495,M436DRAFT_81495,-,-,Unknown,-,hypothetical protein,protein-coding,-,-,-,-,20151104,-
1043004,25416798,M436DRAFT_81498,M436DRAFT_81498,-,-,Unknown,-,synaptobrevin-domain-containing protein,protein-coding,-,-,-,-,20160917,-
1043004,25416799,M436DRAFT_81501,M436DRAFT_81501,-,-,Unknown,-,hypothetical protein,protein-coding,-,-,-,-,20160325,-
1043004,25416800,M436DRAFT_81502,M436DRAFT_81502,-,-,Unknown,-,hypothetical protein,protein-coding,-,-,-,-,20151104,-
1043004,25416801,M436DRAFT_81504,M436DRAFT_81504,-,-,Unknown,-,putative glycosyl hydrolase,protein-coding,-,-,-,-,20160917,-
1043004,25416802,M436DRAFT_81508,M436DRAFT_81508,-,-,Unknown,-,hypothetical protein,protein-coding,-,-,-,-,20151104,-
1043004,25416803,M436DRAFT_81509,M436DRAFT_81509,-,-,Unknown,-,hypothetical protein,protein-coding,-,-,-,-,20151104,-
1043004,25416804,M436DRAFT_81529,M436DRAFT_81529,-,-,Unknown,-,PK beta-barrel-protein domain-containing protein-like protein,protein-coding,-,-,-,-,20160917,-
1043004,25416805,M436DRAFT_81530,M436DRAFT_81530,-,-,Unknown,-,hypothetical protein,protein-coding,-,-,-,-,20151104,-
1043004,25416806,M436DRAFT_81531,M436DRAFT_81531,-,-,Unknown,-,quinone reductase,protein-coding,-,-,-,-,20151212,-
1043004,25416807,M436DRAFT_81533,M436DRAFT_81533,-,-,Unknown,-,hypothetical protein,protein-coding,-,-,-,-,20151104,-
1043004,25416808,M436DRAFT_81537,M436DRAFT_81537,-,-,Unknown,-,hypothetical protein,protein-coding,-,-,-,-,20151104,-
1043004,25416809,M436DRAFT_81541,M436DRAFT_81541,-,-,Unknown,-,hypothetical protein,protein-coding,-,-,-,-,20151104,-
1043004,25416810,M436DRAFT_81542,M436DRAFT_81542,-,-,Unknown,-,"cytochrome c oxidase assembly protein cox19, mitochondrial",protein-coding,-,-,-,-,20160917,-
1043004,25416811,M436DRAFT_81544,M436DRAFT_81544,-,-,Unknown,-,hypothetical protein,protein-coding,-,-,-,-,20151104,-
1043004,25416812,M436DRAFT_81549,M436DRAFT_81549,-,-,Unknown,-,Arabinanase/levansucrase/invertase,protein-coding,-,-,-,-,20160917,-
1043004,25416813,M436DRAFT_81550,M436DRAFT_81550,-,-,Unknown,-,P-loop containing nucleoside triphosphate hydrolase protein,protein-coding,-,-,-,-,20160917,-
1043004,25416814,M436DRAFT_81551,M436DRAFT_81551,-,-,Unknown,-,hypothetical protein,protein-coding,-,-,-,-,20151104,-
1043004,25416815,M436DRAFT_81553,M436DRAFT_81553,-,-,Unknown,-,hypothetical protein,protein-coding,-,-,-,-,20151104,-
1043004,25416816,M436DRAFT_81557,M436DRAFT_81557,-,-,Unknown,-,hypothetical protein,protein-coding,-,-,-,-,20160325,-
1043004,25416817,M436DRAFT_81564,M436DRAFT_81564,-,-,Unknown,-,hypothetical protein,protein-coding,-,-,-,-,20160917,-
1043004,25416818,M436DRAFT_81566,M436DRAFT_81566,-,-,Unknown,-,hypothetical protein,protein-coding,-,-,-,-,20160917,-
1043004,25416819,M436DRAFT_81572,M436DRAFT_81572,-,-,Unknown,-,NAD(P)-binding protein,protein-coding,-,-,-,-,20160325,-
1043004,25416820,M436DRAFT_81582,M436DRAFT_81582,-,-,Unknown,-,BIR-domain-containing protein,protein-coding,-,-,-,-,20160917,-
1043004,25416821,M436DRAFT_81585,M436DRAFT_81585,-,-,Unknown,-,hypothetical protein,protein-coding,-,-,-,-,20151104,-
1043004,25416822,M436DRAFT_81593,M436DRAFT_81593,-,-,Unknown,-,hypothetical protein,protein-coding,-,-,-,-,20151104,-
1043004,25416823,M436DRAFT_81595,M436DRAFT_81595,-,-,Unknown,-,hypothetical protein,protein-coding,-,-,-,-,20151104,-
1043004,25416824,M436DRAFT_81596,M436DRAFT_81596,-,-,Unknown,-,hypothetical protein,protein-coding,-,-,-,-,20151104,-
1043004,25416825,M436DRAFT_81600,M436DRAFT_81600,-,-,Unknown,-,hypothetical protein,protein-coding,-,-,-,-,20151104,-
1043004,25416826,M436DRAFT_81602,M436DRAFT_81602,-,-,Unknown,-,aromatic compound dioxygenase,protein-coding,-,-,-,-,20151212,-
1043004,25416827,M436DRAFT_81608,M436DRAFT_81608,-,-,Unknown,-,hypothetical protein,protein-coding,-,-,-,-,20160917,-
1043004,25416828,M436DRAFT_81613,M436DRAFT_81613,-,-,Unknown,-,hypothetical protein,protein-coding,-,-,-,-,20160917,-
1043004,25416829,M436DRAFT_81617,M436DRAFT_81617,-,-,Unknown,-,hypothetical protein,protein-coding,-,-,-,-,20151212,-
1043004,25416830,M436DRAFT_81630,M436DRAFT_81630,-,-,Unknown,-,ubiquitin,protein-coding,-,-,-,-,20200919,-
1043004,25416831,M436DRAFT_81634,M436DRAFT_81634,-,-,Unknown,-,hypothetical protein,protein-coding,-,-,-,-,20160917,-
1043004,25416832,M436DRAFT_81638,M436DRAFT_81638,-,-,Unknown,-,hypothetical protein,protein-coding,-,-,-,-,20151212,-
1043004,25416833,M436DRAFT_81643,M436DRAFT_81643,-,-,Unknown,-,hypothetical protein,protein-coding,-,-,-,-,20160325,-
1043004,25416834,M436DRAFT_81645,M436DRAFT_81645,-,-,Unknown,-,quinone oxidoreductase putative,protein-coding,-,-,-,-,20151212,-
1043004,25416835,M436DRAFT_81646,M436DRAFT_81646,-,-,Unknown,-,hypothetical protein,protein-coding,-,-,-,-,20151212,-
1043004,25416836,M436DRAFT_81651,M436DRAFT_81651,-,-,Unknown,-,hypothetical protein,protein-coding,-,-,-,-,20160325,-
1043004,25416837,M436DRAFT_81669,M436DRAFT_81669,-,-,Unknown,-,hypothetical protein,protein-coding,-,-,-,-,20151104,-
1043004,25416838,M436DRAFT_81678,M436DRAFT_81678,-,-,Unknown,-,hypothetical protein,protein-coding,-,-,-,-,20151104,-
1043004,25416839,M436DRAFT_81684,M436DRAFT_81684,-,-,Unknown,-,hypothetical protein,protein-coding,-,-,-,-,20160917,-
1043004,25416840,M436DRAFT_81687,M436DRAFT_81687,-,-,Unknown,-,DNase I-like protein,protein-coding,-,-,-,-,20160917,-
1043004,25416841,M436DRAFT_81691,M436DRAFT_81691,-,-,Unknown,-,ubiquinol-cytochrome C reductase,protein-coding,-,-,-,-,20160917,-
1043004,25416842,M436DRAFT_81702,M436DRAFT_81702,-,-,Unknown,-,hypothetical protein,protein-coding,-,-,-,-,20151104,-
1043004,25416843,M436DRAFT_81719,M436DRAFT_81719,-,-,Unknown,-,hypothetical protein,protein-coding,-,-,-,-,20151104,-
1043004,25416844,M436DRAFT_81721,M436DRAFT_81721,-,-,Unknown,-,hypothetical protein,protein-coding,-,-,-,-,20160917,-
1043004,25416845,M436DRAFT_81722,M436DRAFT_81722,-,-,Unknown,-,"nitrilase, putative",protein-coding,-,-,-,-,20151212,-
1043004,25416846,M436DRAFT_81727,M436DRAFT_81727,-,-,Unknown,-,hypothetical protein,protein-coding,-,-,-,-,20151104,-
1043004,25416847,M436DRAFT_81729,M436DRAFT_81729,-,-,Unknown,-,hypothetical protein,protein-coding,-,-,-,-,20151212,-
1043004,25416848,M436DRAFT_81733,M436DRAFT_81733,-,-,Unknown,-,hypothetical protein,protein-coding,-,-,-,-,20160917,-
1043004,25416849,M436DRAFT_81737,M436DRAFT_81737,-,-,Unknown,-,CwfJ domain-containing protein,protein-coding,-,-,-,-,20160917,-
1043004,25416850,M436DRAFT_81746,M436DRAFT_81746,-,-,Unknown,-,hypothetical protein,protein-coding,-,-,-,-,20151104,-
1043004,25416851,M436DRAFT_81750,M436DRAFT_81750,-,-,Unknown,-,hypothetical protein,protein-coding,-,-,-,-,20160917,-
1043004,25416852,M436DRAFT_81759,M436DRAFT_81759,-,-,Unknown,-,galactose-1-phosphate uridylyltransferas-like protein,protein-coding,-,-,-,-,20151212,-
1043004,25416853,M436DRAFT_81762,M436DRAFT_81762,-,-,Unknown,-,DUF1774-domain-containing protein,protein-coding,-,-,-,-,20160917,-
1043004,25416854,M436DRAFT_81767,M436DRAFT_81767,-,-,Unknown,-,vacuolar ATP synthase proteolipid subunit,protein-coding,-,-,-,-,20160917,-
1043004,25416855,M436DRAFT_81772,M436DRAFT_81772,-,-,Unknown,-,DUF1771-domain-containing protein,protein-coding,-,-,-,-,20160917,-
1043004,25416856,M436DRAFT_81773,M436DRAFT_81773,-,-,Unknown,-,hypothetical protein,protein-coding,-,-,-,-,20160917,-
1043004,25416857,M436DRAFT_81774,M436DRAFT_81774,-,-,Unknown,-,hypothetical protein,protein-coding,-,-,-,-,20151104,-
1043004,25416858,M436DRAFT_81777,M436DRAFT_81777,-,-,Unknown,-,ankyrin repeat protein nuc-2,protein-coding,-,-,-,-,20160917,-
1043004,25416859,M436DRAFT_81786,M436DRAFT_81786,-,-,Unknown,-,hypothetical protein,protein-coding,-,-,-,-,20160917,-
1043004,25416860,M436DRAFT_81791,M436DRAFT_81791,-,-,Unknown,-,hypothetical protein,protein-coding,-,-,-,-,20160917,-
1043004,25416861,M436DRAFT_81797,M436DRAFT_81797,-,-,Unknown,-,DUF1754-domain-containing protein,protein-coding,-,-,-,-,20170520,-
1043004,25416862,M436DRAFT_81808,M436DRAFT_81808,-,-,Unknown,-,hypothetical protein,protein-coding,-,-,-,-,20160917,-
1043004,25416863,M436DRAFT_81811,M436DRAFT_81811,-,-,Unknown,-,WD40 repeat-like protein,protein-coding,-,-,-,-,20160917,-
1043004,25416864,M436DRAFT_81823,M436DRAFT_81823,-,-,Unknown,-,monothiol glutaredoxin-5,protein-coding,-,-,-,-,20151212,-
1043004,25416865,M436DRAFT_81835,M436DRAFT_81835,-,-,Unknown,-,cytochrome b2,protein-coding,-,-,-,-,20160917,-
1043004,25416866,M436DRAFT_81844,M436DRAFT_81844,-,-,Unknown,-,hypothetical protein,protein-coding,-,-,-,-,20151104,-
1043004,25416867,M436DRAFT_81845,M436DRAFT_81845,-,-,Unknown,-,hypothetical protein,protein-coding,-,-,-,-,20160917,-
1043004,25416868,M436DRAFT_81846,M436DRAFT_81846,-,-,Unknown,-,Pex24p-domain-containing protein,protein-coding,-,-,-,-,20160917,-
1043004,25416869,M436DRAFT_81847,M436DRAFT_81847,-,-,Unknown,-,P-loop containing nucleoside triphosphate hydrolase protein,protein-coding,-,-,-,-,20151212,-
1043004,25416870,M436DRAFT_81857,M436DRAFT_81857,-,-,Unknown,-,hypothetical protein,protein-coding,-,-,-,-,20151104,-
1043004,25416871,M436DRAFT_81860,M436DRAFT_81860,-,-,Unknown,-,hypothetical protein,protein-coding,-,-,-,-,20160917,-
1043004,25416872,M436DRAFT_81861,M436DRAFT_81861,-,-,Unknown,-,hypothetical protein,protein-coding,-,-,-,-,20160917,-
1043004,25416873,M436DRAFT_81870,M436DRAFT_81870,-,-,Unknown,-,hypothetical protein,protein-coding,-,-,-,-,20151104,-
1043004,25416874,M436DRAFT_81877,M436DRAFT_81877,-,-,Unknown,-,hypothetical protein,protein-coding,-,-,-,-,20160917,-
1043004,25416875,M436DRAFT_81881,M436DRAFT_81881,-,-,Unknown,-,isocitrate lyase 2,protein-coding,-,-,-,-,20160917,-
1043004,25416876,M436DRAFT_81883,M436DRAFT_81883,-,-,Unknown,-,hypothetical protein,protein-coding,-,-,-,-,20160917,-
1043004,25416877,M436DRAFT_81888,M436DRAFT_81888,-,-,Unknown,-,hypothetical protein,protein-coding,-,-,-,-,20160917,-
1043004,25416878,M436DRAFT_81892,M436DRAFT_81892,-,-,Unknown,-,putative HAD superfamily hydrolase,protein-coding,-,-,-,-,20160917,-
1043004,25416879,M436DRAFT_81899,M436DRAFT_81899,-,-,Unknown,-,hypothetical protein,protein-coding,-,-,-,-,20160325,-
1043004,25416880,M436DRAFT_81901,M436DRAFT_81901,-,-,Unknown,-,hypothetical protein,protein-coding,-,-,-,-,20151104,-
1043004,25416881,M436DRAFT_81906,M436DRAFT_81906,-,-,Unknown,-,tyrosine protein phosphatase 1,protein-coding,-,-,-,-,20160917,-
1043004,25416882,M436DRAFT_81907,M436DRAFT_81907,-,-,Unknown,-,Bystin-domain-containing protein,protein-coding,-,-,-,-,20160917,-
1043004,25416883,M436DRAFT_81908,M436DRAFT_81908,-,-,Unknown,-,glutathione S-transferase,protein-coding,-,-,-,-,20160917,-
1043004,25416884,M436DRAFT_81910,M436DRAFT_81910,-,-,Unknown,-,hypothetical protein,protein-coding,-,-,-,-,20160917,-
1043004,25416885,M436DRAFT_81911,M436DRAFT_81911,-,-,Unknown,-,hypothetical protein,protein-coding,-,-,-,-,20160917,-
1043004,25416886,M436DRAFT_81912,M436DRAFT_81912,-,-,Unknown,-,hypothetical protein,protein-coding,-,-,-,-,20151104,-
1043004,25416887,M436DRAFT_81920,M436DRAFT_81920,-,-,Unknown,-,acyl-CoA N-acyltransferase,protein-coding,-,-,-,-,20160917,-
1043004,25416888,M436DRAFT_81927,M436DRAFT_81927,-,-,Unknown,-,hypothetical protein,protein-coding,-,-,-,-,20151104,-
1043004,25416889,M436DRAFT_81933,M436DRAFT_81933,-,-,Unknown,-,DUF1692-domain-containing protein,protein-coding,-,-,-,-,20160917,-
1043004,25416890,M436DRAFT_81936,M436DRAFT_81936,-,-,Unknown,-,hypothetical protein,protein-coding,-,-,-,-,20151104,-
1043004,25416891,M436DRAFT_81946,M436DRAFT_81946,-,-,Unknown,-,MFS sugar transporter-like protein,protein-coding,-,-,-,-,20160917,-
1043004,25416892,M436DRAFT_81950,M436DRAFT_81950,-,-,Unknown,-,ammonium transporter,protein-coding,-,-,-,-,20151212,-
1043004,25416893,M436DRAFT_81960,M436DRAFT_81960,-,-,Unknown,-,hypothetical protein,protein-coding,-,-,-,-,20160917,-
1043004,25416894,M436DRAFT_81962,M436DRAFT_81962,-,-,Unknown,-,hypothetical protein,protein-coding,-,-,-,-,20151104,-
1043004,25416895,M436DRAFT_81964,M436DRAFT_81964,-,-,Unknown,-,AGC/NDR protein kinase,protein-coding,-,-,-,-,20151212,-
1043004,25416896,M436DRAFT_81967,M436DRAFT_81967,-,-,Unknown,-,hypothetical protein,protein-coding,-,-,-,-,20160325,-
1043004,25416897,M436DRAFT_81973,M436DRAFT_81973,-,-,Unknown,-,hypothetical protein,protein-coding,-,-,-,-,20151104,-
1043004,25416898,M436DRAFT_81983,M436DRAFT_81983,-,-,Unknown,-,DUF221-domain-containing protein,protein-coding,-,-,-,-,20160917,-
1043004,25416899,M436DRAFT_82001,M436DRAFT_82001,-,-,Unknown,-,Aldo/keto reductase,protein-coding,-,-,-,-,20160917,-
1043004,25416900,M436DRAFT_82004,M436DRAFT_82004,-,-,Unknown,-,SFT2-domain-containing protein,protein-coding,-,-,-,-,20160917,-
1043004,25416901,M436DRAFT_82013,M436DRAFT_82013,-,-,Unknown,-,hypothetical protein,protein-coding,-,-,-,-,20151104,-
1043004,25416902,M436DRAFT_82014,M436DRAFT_82014,-,-,Unknown,-,hypothetical protein,protein-coding,-,-,-,-,20160917,-
1043004,25416903,M436DRAFT_82016,M436DRAFT_82016,-,-,Unknown,-,zf-C2HC5-domain-containing protein,protein-coding,-,-,-,-,20160917,-
1043004,25416904,M436DRAFT_82018,M436DRAFT_82018,-,-,Unknown,-,hypothetical protein,protein-coding,-,-,-,-,20160917,-
1043004,25416905,M436DRAFT_82026,M436DRAFT_82026,-,-,Unknown,-,hypothetical protein,protein-coding,-,-,-,-,20151104,-
1043004,25416906,M436DRAFT_82031,M436DRAFT_82031,-,-,Unknown,-,hypothetical protein,protein-coding,-,-,-,-,20160917,-
1043004,25416907,M436DRAFT_82039,M436DRAFT_82039,-,-,Unknown,-,phosphoglucomutase,protein-coding,-,-,-,-,20160917,-
1043004,25416908,M436DRAFT_82045,M436DRAFT_82045,-,-,Unknown,-,hypothetical protein,protein-coding,-,-,-,-,20160917,-
1043004,25416909,M436DRAFT_82046,M436DRAFT_82046,-,-,Unknown,-,glutamine synthetase/guanido kinase,protein-coding,-,-,-,-,20160917,-
1043004,25416910,M436DRAFT_82060,M436DRAFT_82060,-,-,Unknown,-,hypothetical protein,protein-coding,-,-,-,-,20151104,-
1043004,25416911,M436DRAFT_82062,M436DRAFT_82062,-,-,Unknown,-,hypothetical protein,protein-coding,-,-,-,-,20151104,-
1043004,25416912,M436DRAFT_82064,M436DRAFT_82064,-,-,Unknown,-,hypothetical protein,protein-coding,-,-,-,-,20160917,-
1043004,25416913,M436DRAFT_82065,M436DRAFT_82065,-,-,Unknown,-,hypothetical protein,protein-coding,-,-,-,-,20151104,-
1043004,25416914,M436DRAFT_82067,M436DRAFT_82067,-,-,Unknown,-,hypothetical protein,protein-coding,-,-,-,-,20151104,-
1043004,25416915,M436DRAFT_82069,M436DRAFT_82069,-,-,Unknown,-,putative mitochondrial ornithine carrier protein AmcA/Ort1,protein-coding,-,-,-,-,20160917,-
1043004,25416916,M436DRAFT_82070,M436DRAFT_82070,-,-,Unknown,-,hypothetical protein,protein-coding,-,-,-,-,20151104,-
1043004,25416917,M436DRAFT_82071,M436DRAFT_82071,-,-,Unknown,-,hypothetical protein,protein-coding,-,-,-,-,20151104,-
1043004,25416918,M436DRAFT_82072,M436DRAFT_82072,-,-,Unknown,-,hypothetical protein,protein-coding,-,-,-,-,20151104,-
1043004,25416919,M436DRAFT_82073,M436DRAFT_82073,-,-,Unknown,-,myosin-2,protein-coding,-,-,-,-,20160917,-
1043004,25416920,M436DRAFT_82076,M436DRAFT_82076,-,-,Unknown,-,hypothetical protein,protein-coding,-,-,-,-,20151104,-
1043004,25416921,M436DRAFT_82078,M436DRAFT_82078,-,-,Unknown,-,hypothetical protein,protein-coding,-,-,-,-,20151104,-
1043004,25416922,M436DRAFT_82080,M436DRAFT_82080,-,-,Unknown,-,hypothetical protein,protein-coding,-,-,-,-,20160325,-
1043004,25416923,M436DRAFT_82099,M436DRAFT_82099,-,-,Unknown,-,hypothetical protein,protein-coding,-,-,-,-,20151104,-
1043004,25416924,M436DRAFT_82113,M436DRAFT_82113,-,-,Unknown,-,hypothetical protein,protein-coding,-,-,-,-,20151104,-
1043004,25416925,M436DRAFT_82114,M436DRAFT_82114,-,-,Unknown,-,hypothetical protein,protein-coding,-,-,-,-,20151104,-
1043004,25416926,M436DRAFT_82116,M436DRAFT_82116,-,-,Unknown,-,hypothetical protein,protein-coding,-,-,-,-,20160917,-
1043004,25416927,M436DRAFT_82121,M436DRAFT_82121,-,-,Unknown,-,hypothetical protein,protein-coding,-,-,-,-,20160917,-
1043004,25416928,M436DRAFT_82122,M436DRAFT_82122,-,-,Unknown,-,hypothetical protein,protein-coding,-,-,-,-,20160917,-
1043004,25416929,M436DRAFT_82133,M436DRAFT_82133,-,-,Unknown,-,hypothetical protein,protein-coding,-,-,-,-,20160917,-
1043004,25416930,M436DRAFT_82137,M436DRAFT_82137,-,-,Unknown,-,SAICAR synthase-like protein,protein-coding,-,-,-,-,20160917,-
1043004,25416931,M436DRAFT_82148,M436DRAFT_82148,-,-,Unknown,-,MADS box transcription factor Mcm1,protein-coding,-,-,-,-,20151212,-
1043004,25416932,M436DRAFT_82156,M436DRAFT_82156,-,-,Unknown,-,"mannan endo-1,6-alpha-mannosidase",protein-coding,-,-,-,-,20160917,-
1043004,25416933,M436DRAFT_82161,M436DRAFT_82161,-,-,Unknown,-,amidophosphoribosyltransferase,protein-coding,-,-,-,-,20151212,-
1043004,25416934,M436DRAFT_82167,M436DRAFT_82167,-,-,Unknown,-,FAD/NAD(P)-binding domain-containing protein,protein-coding,-,-,-,-,20160917,-
1043004,25416935,M436DRAFT_82170,M436DRAFT_82170,-,-,Unknown,-,COPI associated,protein-coding,-,-,-,-,20160917,-
1043004,25416936,M436DRAFT_82173,M436DRAFT_82173,-,-,Unknown,-,betaine aldehyde dehydrogenase 2,protein-coding,-,-,-,-,20151212,-
1043004,25416937,M436DRAFT_82179,M436DRAFT_82179,-,-,Unknown,-,WD40 repeat-like protein,protein-coding,-,-,-,-,20160917,-
1043004,25416938,M436DRAFT_82190,M436DRAFT_82190,-,-,Unknown,-,putative Stabilin-2,protein-coding,-,-,-,-,20160917,-
1043004,25416939,M436DRAFT_82192,M436DRAFT_82192,-,-,Unknown,-,Mg2+ transporter protein,protein-coding,-,-,-,-,20160325,-
1043004,25416940,M436DRAFT_82195,M436DRAFT_82195,-,-,Unknown,-,hypothetical protein,protein-coding,-,-,-,-,20160917,-
1043004,25416941,M436DRAFT_82198,M436DRAFT_82198,-,-,Unknown,-,hypothetical protein,protein-coding,-,-,-,-,20151212,-
1043004,25416942,M436DRAFT_82199,M436DRAFT_82199,-,-,Unknown,-,hypothetical protein,protein-coding,-,-,-,-,20151104,-
1043004,25416943,M436DRAFT_82201,M436DRAFT_82201,-,-,Unknown,-,hypothetical protein,protein-coding,-,-,-,-,20151212,-
1043004,25416944,M436DRAFT_82202,M436DRAFT_82202,-,-,Unknown,-,hypothetical protein,protein-coding,-,-,-,-,20151104,-
1043004,25416945,M436DRAFT_82211,M436DRAFT_82211,-,-,Unknown,-,hypothetical protein,protein-coding,-,-,-,-,20160917,-
1043004,25416946,M436DRAFT_82215,M436DRAFT_82215,-,-,Unknown,-,hypothetical protein,protein-coding,-,-,-,-,20151104,-
1043004,25416947,M436DRAFT_82216,M436DRAFT_82216,-,-,Unknown,-,hypothetical protein,protein-coding,-,-,-,-,20151104,-
1043004,25416948,M436DRAFT_82217,M436DRAFT_82217,-,-,Unknown,-,hypothetical protein,protein-coding,-,-,-,-,20151104,-
1043004,25416949,M436DRAFT_82218,M436DRAFT_82218,-,-,Unknown,-,hypothetical protein,protein-coding,-,-,-,-,20151212,-
1043004,25416950,M436DRAFT_82227,M436DRAFT_82227,-,-,Unknown,-,ribosomal protein L34e,protein-coding,-,-,-,-,20160917,-
1043004,25416951,M436DRAFT_82253,M436DRAFT_82253,-,-,Unknown,-,DUF336-domain-containing protein,protein-coding,-,-,-,-,20160917,-
1043004,25416952,M436DRAFT_82258,M436DRAFT_82258,-,-,Unknown,-,hypothetical protein,protein-coding,-,-,-,-,20151104,-
1043004,25416953,M436DRAFT_82272,M436DRAFT_82272,-,-,Unknown,-,hypothetical protein,protein-coding,-,-,-,-,20160917,-
1043004,25416954,M436DRAFT_82274,M436DRAFT_82274,-,-,Unknown,-,hypothetical protein,protein-coding,-,-,-,-,20151104,-
1043004,25416955,M436DRAFT_82276,M436DRAFT_82276,-,-,Unknown,-,hypothetical protein,protein-coding,-,-,-,-,20160917,-
1043004,25416956,M436DRAFT_82278,M436DRAFT_82278,-,-,Unknown,-,hypothetical protein,protein-coding,-,-,-,-,20160917,-
1043004,25416957,M436DRAFT_82282,M436DRAFT_82282,-,-,Unknown,-,ribosomal protein L14b/L23e,protein-coding,-,-,-,-,20151212,-
1043004,25416958,M436DRAFT_82285,M436DRAFT_82285,-,-,Unknown,-,ribosomal protein S5 domain 2-like protein,protein-coding,-,-,-,-,20151212,-
1043004,25416959,M436DRAFT_82286,M436DRAFT_82286,-,-,Unknown,-,hypothetical protein,protein-coding,-,-,-,-,20160917,-
1043004,25416960,M436DRAFT_82291,M436DRAFT_82291,-,-,Unknown,-,putative riboflavin biosynthesis protein Rib7,protein-coding,-,-,-,-,20160917,-
1043004,25416961,M436DRAFT_82294,M436DRAFT_82294,-,-,Unknown,-,CGI-121-domain-containing protein,protein-coding,-,-,-,-,20160917,-
1043004,25416962,M436DRAFT_82296,M436DRAFT_82296,-,-,Unknown,-,hypothetical protein,protein-coding,-,-,-,-,20160325,-
1043004,25416963,M436DRAFT_82300,M436DRAFT_82300,-,-,Unknown,-,amidase signature enzyme,protein-coding,-,-,-,-,20160917,-
1043004,25416964,M436DRAFT_82310,M436DRAFT_82310,-,-,Unknown,-,hypothetical protein,protein-coding,-,-,-,-,20151104,-
1043004,25416965,M436DRAFT_82311,M436DRAFT_82311,-,-,Unknown,-,RING finger domain protein,protein-coding,-,-,-,-,20160917,-
1043004,25416966,M436DRAFT_82314,M436DRAFT_82314,-,-,Unknown,-,hypothetical protein,protein-coding,-,-,-,-,20151104,-
1043004,25416967,M436DRAFT_82318,M436DRAFT_82318,-,-,Unknown,-,hypothetical protein,protein-coding,-,-,-,-,20151104,-
1043004,25416968,M436DRAFT_82319,M436DRAFT_82319,-,-,Unknown,-,hypothetical protein,protein-coding,-,-,-,-,20160917,-
1043004,25416969,M436DRAFT_82328,M436DRAFT_82328,-,-,Unknown,-,glycoside hydrolase,protein-coding,-,-,-,-,20160917,-
1043004,25416970,M436DRAFT_82329,M436DRAFT_82329,-,-,Unknown,-,hypothetical protein,protein-coding,-,-,-,-,20160917,-
1043004,25416971,M436DRAFT_82331,M436DRAFT_82331,-,-,Unknown,-,hypothetical protein,protein-coding,-,-,-,-,20151104,-
1043004,25416972,M436DRAFT_82333,M436DRAFT_82333,-,-,Unknown,-,hypothetical protein,protein-coding,-,-,-,-,20151104,-
1043004,25416973,M436DRAFT_82335,M436DRAFT_82335,-,-,Unknown,-,major facilitator superfamily transporter,protein-coding,-,-,-,-,20151212,-
1043004,25416974,M436DRAFT_82339,M436DRAFT_82339,-,-,Unknown,-,inositol oxygenase 1,protein-coding,-,-,-,-,20160917,-
1043004,25416975,M436DRAFT_82341,M436DRAFT_82341,-,-,Unknown,-,hypothetical protein,protein-coding,-,-,-,-,20160917,-
1043004,25416976,M436DRAFT_82344,M436DRAFT_82344,-,-,Unknown,-,GroES-like protein,protein-coding,-,-,-,-,20151212,-
1043004,25416977,M436DRAFT_82349,M436DRAFT_82349,-,-,Unknown,-,TPR-like protein,protein-coding,-,-,-,-,20160917,-
1043004,25416978,M436DRAFT_82356,M436DRAFT_82356,-,-,Unknown,-,FMN-dependent alpha-hydroxy acid dehydrogenase,protein-coding,-,-,-,-,20160917,-
1043004,25416979,M436DRAFT_82359,M436DRAFT_82359,-,-,Unknown,-,pectin lyase-like protein,protein-coding,-,-,-,-,20160325,-
1043004,25416980,M436DRAFT_82362,M436DRAFT_82362,-,-,Unknown,-,hypothetical protein,protein-coding,-,-,-,-,20151104,-
1043004,25416981,M436DRAFT_82368,M436DRAFT_82368,-,-,Unknown,-,hypothetical protein,protein-coding,-,-,-,-,20151104,-
1043004,25416982,M436DRAFT_82375,M436DRAFT_82375,-,-,Unknown,-,N-acetyltransferase GCN5,protein-coding,-,-,-,-,20160917,-
1043004,25416983,M436DRAFT_82379,M436DRAFT_82379,-,-,Unknown,-,hypothetical protein,protein-coding,-,-,-,-,20151104,-
1043004,25416984,M436DRAFT_82382,M436DRAFT_82382,-,-,Unknown,-,hypothetical protein,protein-coding,-,-,-,-,20160917,-
1043004,25416985,M436DRAFT_82384,M436DRAFT_82384,-,-,Unknown,-,hypothetical protein,protein-coding,-,-,-,-,20160917,-
1043004,25416986,M436DRAFT_82385,M436DRAFT_82385,-,-,Unknown,-,alpha/beta-hydrolase,protein-coding,-,-,-,-,20160917,-
1043004,25416987,M436DRAFT_82386,M436DRAFT_82386,-,-,Unknown,-,hypothetical protein,protein-coding,-,-,-,-,20160917,-
1043004,25416988,M436DRAFT_82412,M436DRAFT_82412,-,-,Unknown,-,kinase-like protein,protein-coding,-,-,-,-,20160917,-
1043004,25416989,M436DRAFT_82430,M436DRAFT_82430,-,-,Unknown,-,hypothetical protein,protein-coding,-,-,-,-,20160917,-
1043004,25416990,M436DRAFT_82431,M436DRAFT_82431,-,-,Unknown,-,hypothetical protein,protein-coding,-,-,-,-,20151104,-
1043004,25416991,M436DRAFT_82433,M436DRAFT_82433,-,-,Unknown,-,cora family metal ion transporter,protein-coding,-,-,-,-,20160917,-
1043004,25416992,M436DRAFT_82440,M436DRAFT_82440,-,-,Unknown,-,hypothetical protein,protein-coding,-,-,-,-,20151104,-
1043004,25416993,M436DRAFT_82450,M436DRAFT_82450,-,-,Unknown,-,hypothetical protein,protein-coding,-,-,-,-,20151104,-
1043004,25416994,M436DRAFT_82452,M436DRAFT_82452,-,-,Unknown,-,hypothetical protein,protein-coding,-,-,-,-,20151212,-
1043004,25416995,M436DRAFT_82455,M436DRAFT_82455,-,-,Unknown,-,hypothetical protein,protein-coding,-,-,-,-,20160917,-
1043004,25416996,M436DRAFT_82462,M436DRAFT_82462,-,-,Unknown,-,t-SNARE,protein-coding,-,-,-,-,20160917,-
1043004,25416997,M436DRAFT_82463,M436DRAFT_82463,-,-,Unknown,-,EF-hand,protein-coding,-,-,-,-,20151212,-
1043004,25416998,M436DRAFT_82475,M436DRAFT_82475,-,-,Unknown,-,5-oxoprolinase,protein-coding,-,-,-,-,20160917,-
1043004,25416999,M436DRAFT_82490,M436DRAFT_82490,-,-,Unknown,-,putative anaphase-promoting complex subunit Apc5,protein-coding,-,-,-,-,20160917,-
1043004,25417000,M436DRAFT_82494,M436DRAFT_82494,-,-,Unknown,-,mitochondrial carrier protein-like protein rim2,protein-coding,-,-,-,-,20160917,-
1043004,25417001,M436DRAFT_82503,M436DRAFT_82503,-,-,Unknown,-,hypothetical protein,protein-coding,-,-,-,-,20151104,-
1043004,25417002,M436DRAFT_82507,M436DRAFT_82507,-,-,Unknown,-,hypothetical protein,protein-coding,-,-,-,-,20160917,-
1043004,25417003,M436DRAFT_82512,M436DRAFT_82512,-,-,Unknown,-,DNA damage tolerance protein rad31,protein-coding,-,-,-,-,20151212,-
1043004,25417004,M436DRAFT_82514,M436DRAFT_82514,-,-,Unknown,-,30S ribosomal protein S10,protein-coding,-,-,-,-,20160917,-
1043004,25417005,M436DRAFT_82516,M436DRAFT_82516,-,-,Unknown,-,hypothetical protein,protein-coding,-,-,-,-,20160325,-
1043004,25417006,M436DRAFT_82534,M436DRAFT_82534,-,-,Unknown,-,hypothetical protein,protein-coding,-,-,-,-,20151104,-
1043004,25417007,M436DRAFT_82538,M436DRAFT_82538,-,-,Unknown,-,HAD-superfamily hydrolase,protein-coding,-,-,-,-,20160917,-
1043004,25417008,M436DRAFT_82539,M436DRAFT_82539,-,-,Unknown,-,hypothetical protein,protein-coding,-,-,-,-,20151104,-
1043004,25417009,M436DRAFT_82544,M436DRAFT_82544,-,-,Unknown,-,deoxyribodipyrimidine photo-lyase,protein-coding,-,-,-,-,20160917,-
1043004,25417010,M436DRAFT_82550,M436DRAFT_82550,-,-,Unknown,-,hypothetical protein,protein-coding,-,-,-,-,20151212,-
1043004,25417011,M436DRAFT_82553,M436DRAFT_82553,-,-,Unknown,-,hypothetical protein,protein-coding,-,-,-,-,20160917,-
1043004,25417012,M436DRAFT_82559,M436DRAFT_82559,-,-,Unknown,-,hypothetical protein,protein-coding,-,-,-,-,20160917,-
1043004,25417013,M436DRAFT_82563,M436DRAFT_82563,-,-,Unknown,-,hypothetical protein,protein-coding,-,-,-,-,20151104,-
1043004,25417014,M436DRAFT_82582,M436DRAFT_82582,-,-,Unknown,-,hypothetical protein,protein-coding,-,-,-,-,20151104,-
1043004,25417015,M436DRAFT_82591,M436DRAFT_82591,-,-,Unknown,-,Delta(24(24(1)))-sterol reductase,protein-coding,-,-,-,-,20160917,-
1043004,25417016,M436DRAFT_82592,M436DRAFT_82592,-,-,Unknown,-,hypothetical protein,protein-coding,-,-,-,-,20160917,-
1043004,25417017,M436DRAFT_82593,M436DRAFT_82593,-,-,Unknown,-,alpha/beta-hydrolase,protein-coding,-,-,-,-,20151212,-
1043004,25417018,M436DRAFT_82599,M436DRAFT_82599,-,-,Unknown,-,hypothetical protein,protein-coding,-,-,-,-,20151104,-
1043004,25417019,M436DRAFT_82607,M436DRAFT_82607,-,-,Unknown,-,NIPSNAP family protein,protein-coding,-,-,-,-,20160917,-
1043004,25417020,M436DRAFT_82608,M436DRAFT_82608,-,-,Unknown,-,"sn-1,2-diacylglycerol cholinephosphotransferas-like protein",protein-coding,-,-,-,-,20160917,-
1043004,25417021,M436DRAFT_82616,M436DRAFT_82616,-,-,Unknown,-,hypothetical protein,protein-coding,-,-,-,-,20151212,-
1043004,25417022,M436DRAFT_82618,M436DRAFT_82618,-,-,Unknown,-,dolichyl-phosphate-mannose-protein mannosyltransferase 1,protein-coding,-,-,-,-,20160917,-
1043004,25417023,M436DRAFT_82623,M436DRAFT_82623,-,-,Unknown,-,hypothetical protein,protein-coding,-,-,-,-,20151104,-
1043004,25417024,M436DRAFT_82626,M436DRAFT_82626,-,-,Unknown,-,hypothetical protein,protein-coding,-,-,-,-,20160917,-
1043004,25417025,M436DRAFT_82627,M436DRAFT_82627,-,-,Unknown,-,hypothetical protein,protein-coding,-,-,-,-,20160325,-
1043004,25417026,M436DRAFT_82629,M436DRAFT_82629,-,-,Unknown,-,hypothetical protein,protein-coding,-,-,-,-,20160917,-
1043004,25417027,M436DRAFT_82635,M436DRAFT_82635,-,-,Unknown,-,transcriptional elongation regulator,protein-coding,-,-,-,-,20160917,-
1043004,25417028,M436DRAFT_82641,M436DRAFT_82641,-,-,Unknown,-,hypothetical protein,protein-coding,-,-,-,-,20160917,-
1043004,25417029,M436DRAFT_82652,M436DRAFT_82652,-,-,Unknown,-,50S ribosomal protein L12,protein-coding,-,-,-,-,20160917,-
1043004,25417030,M436DRAFT_82653,M436DRAFT_82653,-,-,Unknown,-,midasin,protein-coding,-,-,-,-,20160917,-
1043004,25417031,M436DRAFT_82661,M436DRAFT_82661,-,-,Unknown,-,hypothetical protein,protein-coding,-,-,-,-,20160917,-
1043004,25417032,M436DRAFT_82674,M436DRAFT_82674,-,-,Unknown,-,hypothetical protein,protein-coding,-,-,-,-,20151104,-
1043004,25417033,M436DRAFT_82677,M436DRAFT_82677,-,-,Unknown,-,hypothetical protein,protein-coding,-,-,-,-,20170520,-
1043004,25417034,M436DRAFT_82680,M436DRAFT_82680,-,-,Unknown,-,hypothetical protein,protein-coding,-,-,-,-,20160917,-
1043004,25417035,M436DRAFT_82685,M436DRAFT_82685,-,-,Unknown,-,hypothetical protein,protein-coding,-,-,-,-,20151104,-
1043004,25417036,M436DRAFT_82693,M436DRAFT_82693,-,-,Unknown,-,hypothetical protein,protein-coding,-,-,-,-,20151104,-
1043004,25417037,M436DRAFT_82695,M436DRAFT_82695,-,-,Unknown,-,hypothetical protein,protein-coding,-,-,-,-,20151104,-
1043004,25417038,M436DRAFT_82698,M436DRAFT_82698,-,-,Unknown,-,hypothetical protein,protein-coding,-,-,-,-,20151104,-
1043004,25417039,M436DRAFT_82703,M436DRAFT_82703,-,-,Unknown,-,hypothetical protein,protein-coding,-,-,-,-,20151104,-
1043004,25417040,M436DRAFT_82704,M436DRAFT_82704,-,-,Unknown,-,SIN1-domain-containing protein,protein-coding,-,-,-,-,20160917,-
1043004,25417041,M436DRAFT_82706,M436DRAFT_82706,-,-,Unknown,-,hypothetical protein,protein-coding,-,-,-,-,20151104,-
1043004,25417042,M436DRAFT_82708,M436DRAFT_82708,-,-,Unknown,-,"aldehyde dehydrogenase, allergen Cla h 10",protein-coding,-,-,-,-,20160325,-
1043004,25417043,M436DRAFT_82710,M436DRAFT_82710,-,-,Unknown,-,chaperonin Cpn10,protein-coding,-,-,-,-,20160917,-
1043004,25417044,M436DRAFT_82714,M436DRAFT_82714,-,-,Unknown,-,hypothetical protein,protein-coding,-,-,-,-,20151104,-
1043004,25417045,M436DRAFT_82719,M436DRAFT_82719,-,-,Unknown,-,hypothetical protein,protein-coding,-,-,-,-,20160917,-
1043004,25417046,M436DRAFT_82725,M436DRAFT_82725,-,-,Unknown,-,tyrosyl-tRNA synthetase,protein-coding,-,-,-,-,20160917,-
1043004,25417047,M436DRAFT_82733,M436DRAFT_82733,-,-,Unknown,-,hypothetical protein,protein-coding,-,-,-,-,20151104,-
1043004,25417048,M436DRAFT_82734,M436DRAFT_82734,-,-,Unknown,-,ALDH-like protein,protein-coding,-,-,-,-,20160917,-
1043004,25417049,M436DRAFT_82736,M436DRAFT_82736,-,-,Unknown,-,extradiol ring-cleavage dioxygenase class iii protein-like protein subunit B,protein-coding,-,-,-,-,20151212,-
1043004,25417050,M436DRAFT_82741,M436DRAFT_82741,-,-,Unknown,-,hypothetical protein,protein-coding,-,-,-,-,20160917,-
1043004,25417051,M436DRAFT_82744,M436DRAFT_82744,-,-,Unknown,-,chaperone HchA,protein-coding,-,-,-,-,20160917,-
1043004,25417052,M436DRAFT_82745,M436DRAFT_82745,-,-,Unknown,-,alpha/beta-hydrolase,protein-coding,-,-,-,-,20160917,-
1043004,25417053,M436DRAFT_82758,M436DRAFT_82758,-,-,Unknown,-,60S ribosomal protein L26,protein-coding,-,-,-,-,20210424,-
1043004,25417054,M436DRAFT_82759,M436DRAFT_82759,-,-,Unknown,-,NAD(P)-binding protein,protein-coding,-,-,-,-,20160917,-
1043004,25417055,M436DRAFT_82762,M436DRAFT_82762,-,-,Unknown,-,hypothetical protein,protein-coding,-,-,-,-,20151212,-
1043004,25417056,M436DRAFT_82763,M436DRAFT_82763,-,-,Unknown,-,hypothetical protein,protein-coding,-,-,-,-,20151104,-
1043004,25417057,M436DRAFT_82767,M436DRAFT_82767,-,-,Unknown,-,hypothetical protein,protein-coding,-,-,-,-,20151104,-
1043004,25417058,M436DRAFT_82768,M436DRAFT_82768,-,-,Unknown,-,hypothetical protein,protein-coding,-,-,-,-,20151104,-
1043004,25417059,M436DRAFT_82774,M436DRAFT_82774,-,-,Unknown,-,Ppx-GppA-domain-containing protein,protein-coding,-,-,-,-,20160917,-
1043004,25417060,M436DRAFT_82786,M436DRAFT_82786,-,-,Unknown,-,NAD(P)-binding protein,protein-coding,-,-,-,-,20160917,-
1043004,25417061,M436DRAFT_82787,M436DRAFT_82787,-,-,Unknown,-,hypothetical protein,protein-coding,-,-,-,-,20151104,-
1043004,25417062,M436DRAFT_82793,M436DRAFT_82793,-,-,Unknown,-,hypothetical protein,protein-coding,-,-,-,-,20160325,-
1043004,25417063,M436DRAFT_82806,M436DRAFT_82806,-,-,Unknown,-,hypothetical protein,protein-coding,-,-,-,-,20151212,-
1043004,25417064,M436DRAFT_82815,M436DRAFT_82815,-,-,Unknown,-,aminopeptidase,protein-coding,-,-,-,-,20151212,-
1043004,25417065,M436DRAFT_82822,M436DRAFT_82822,-,-,Unknown,-,hypothetical protein,protein-coding,-,-,-,-,20160325,-
1043004,25417066,M436DRAFT_82837,M436DRAFT_82837,-,-,Unknown,-,"2',3'-cyclic-nucleotide 3'-phosphodiesteras-like protein",protein-coding,-,-,-,-,20160917,-
1043004,25417067,M436DRAFT_82844,M436DRAFT_82844,-,-,Unknown,-,nucleotide-diphospho-sugar transferase,protein-coding,-,-,-,-,20160917,-
1043004,25417068,M436DRAFT_82849,M436DRAFT_82849,-,-,Unknown,-,hypothetical protein,protein-coding,-,-,-,-,20160917,-
1043004,25417069,M436DRAFT_82853,M436DRAFT_82853,-,-,Unknown,-,hypothetical protein,protein-coding,-,-,-,-,20151104,-
1043004,25417070,M436DRAFT_82856,M436DRAFT_82856,-,-,Unknown,-,decaprenyl-diphosphate synthase subunit 1,protein-coding,-,-,-,-,20160917,-
1043004,25417071,M436DRAFT_82863,M436DRAFT_82863,-,-,Unknown,-,hypothetical protein,protein-coding,-,-,-,-,20160917,-
1043004,25417072,M436DRAFT_82866,M436DRAFT_82866,-,-,Unknown,-,COPII-coated vesicle protein SurF4/Erv29,protein-coding,-,-,-,-,20160917,-
1043004,25417073,M436DRAFT_82867,M436DRAFT_82867,-,-,Unknown,-,hypothetical protein,protein-coding,-,-,-,-,20151104,-
1043004,25417074,M436DRAFT_82884,M436DRAFT_82884,-,-,Unknown,-,hypothetical protein,protein-coding,-,-,-,-,20151104,-
1043004,25417075,M436DRAFT_82892,M436DRAFT_82892,-,-,Unknown,-,hypothetical protein,protein-coding,-,-,-,-,20151104,-
1043004,25417076,M436DRAFT_82909,M436DRAFT_82909,-,-,Unknown,-,gamma-glutamyl phosphate reductase,protein-coding,-,-,-,-,20151212,-
1043004,25417077,M436DRAFT_82913,M436DRAFT_82913,-,-,Unknown,-,tryptophan synthase beta subunit-like PLP-dependent enzyme,protein-coding,-,-,-,-,20160917,-
1043004,25417078,M436DRAFT_82919,M436DRAFT_82919,-,-,Unknown,-,Protoporphyrinogen oxidase,protein-coding,-,-,-,-,20160917,-
1043004,25417079,M436DRAFT_82932,M436DRAFT_82932,-,-,Unknown,-,hypothetical protein,protein-coding,-,-,-,-,20160917,-
1043004,25417080,M436DRAFT_82937,M436DRAFT_82937,-,-,Unknown,-,hypothetical protein,protein-coding,-,-,-,-,20160917,-
1043004,25417081,M436DRAFT_82940,M436DRAFT_82940,-,-,Unknown,-,hypothetical protein,protein-coding,-,-,-,-,20151104,-
1043004,25417082,M436DRAFT_82942,M436DRAFT_82942,-,-,Unknown,-,hypothetical protein,protein-coding,-,-,-,-,20151104,-
1043004,25417083,M436DRAFT_82943,M436DRAFT_82943,-,-,Unknown,-,hypothetical protein,protein-coding,-,-,-,-,20151104,-
1043004,25417084,M436DRAFT_82944,M436DRAFT_82944,-,-,Unknown,-,hypothetical protein,protein-coding,-,-,-,-,20151212,-
1043004,25417085,M436DRAFT_82945,M436DRAFT_82945,-,-,Unknown,-,hypothetical protein,protein-coding,-,-,-,-,20160325,-
1043004,25417086,M436DRAFT_82946,M436DRAFT_82946,-,-,Unknown,-,hypothetical protein,protein-coding,-,-,-,-,20151212,-
1043004,25417087,M436DRAFT_82947,M436DRAFT_82947,-,-,Unknown,-,hypothetical protein,protein-coding,-,-,-,-,20160917,-
1043004,25417088,M436DRAFT_82948,M436DRAFT_82948,-,-,Unknown,-,hypothetical protein,protein-coding,-,-,-,-,20160325,-
1043004,25417089,M436DRAFT_82949,M436DRAFT_82949,-,-,Unknown,-,hypothetical protein,protein-coding,-,-,-,-,20151104,-
1043004,25417090,M436DRAFT_82953,M436DRAFT_82953,-,-,Unknown,-,hypothetical protein,protein-coding,-,-,-,-,20151104,-
1043004,25417091,M436DRAFT_82954,M436DRAFT_82954,-,-,Unknown,-,hypothetical protein,protein-coding,-,-,-,-,20160917,-
1043004,25417092,M436DRAFT_82965,M436DRAFT_82965,-,-,Unknown,-,histone-fold-containing protein,protein-coding,-,-,-,-,20160917,-
1043004,25417093,M436DRAFT_82969,M436DRAFT_82969,-,-,Unknown,-,hypothetical protein,protein-coding,-,-,-,-,20160917,-
1043004,25417094,M436DRAFT_82993,M436DRAFT_82993,-,-,Unknown,-,S-adenosyl-L-methionine-dependent methyltransferase,protein-coding,-,-,-,-,20160917,-
1043004,25417095,M436DRAFT_82994,M436DRAFT_82994,-,-,Unknown,-,hypothetical protein,protein-coding,-,-,-,-,20151104,-
1043004,25417096,M436DRAFT_83000,M436DRAFT_83000,-,-,Unknown,-,hypothetical protein,protein-coding,-,-,-,-,20151104,-
1043004,25417097,M436DRAFT_83002,M436DRAFT_83002,-,-,Unknown,-,Thioesterase/thiol ester dehydrase-isomerase,protein-coding,-,-,-,-,20151212,-
1043004,25417098,M436DRAFT_83006,M436DRAFT_83006,-,-,Unknown,-,hypothetical protein,protein-coding,-,-,-,-,20151104,-
1043004,25417099,M436DRAFT_83022,M436DRAFT_83022,-,-,Unknown,-,glutathione S-transferase GstA,protein-coding,-,-,-,-,20160917,-
1043004,25417100,M436DRAFT_83025,M436DRAFT_83025,-,-,Unknown,-,hypothetical protein,protein-coding,-,-,-,-,20151104,-
1043004,25417101,M436DRAFT_83033,M436DRAFT_83033,-,-,Unknown,-,"transcription initiation factor IIA, gamma subunit",protein-coding,-,-,-,-,20160917,-
1043004,25417102,M436DRAFT_83035,M436DRAFT_83035,-,-,Unknown,-,putative major facilitator superfamily transporter,protein-coding,-,-,-,-,20160917,-
1043004,25417103,M436DRAFT_83045,M436DRAFT_83045,-,-,Unknown,-,DUF1763-domain-containing protein,protein-coding,-,-,-,-,20151104,-
1043004,25417104,M436DRAFT_83052,M436DRAFT_83052,-,-,Unknown,-,"GINS complex, Psf1 component",protein-coding,-,-,-,-,20160917,-
1043004,25417105,M436DRAFT_83055,M436DRAFT_83055,-,-,Unknown,-,"histone transcription regulator HIRA, WD repeat superfamily",protein-coding,-,-,-,-,20160917,-
1043004,25417106,M436DRAFT_83056,M436DRAFT_83056,-,-,Unknown,-,Acylphosphatase,protein-coding,-,-,-,-,20160917,-
1043004,25417107,M436DRAFT_83066,M436DRAFT_83066,-,-,Unknown,-,APH-domain-containing protein,protein-coding,-,-,-,-,20160917,-
1043004,25417108,M436DRAFT_83075,M436DRAFT_83075,-,-,Unknown,-,AAA-domain-containing protein,protein-coding,-,-,-,-,20160917,-
1043004,25417109,M436DRAFT_83101,M436DRAFT_83101,-,-,Unknown,-,putative RTA1 domain protein,protein-coding,-,-,-,-,20160917,-
1043004,25417110,M436DRAFT_83109,M436DRAFT_83109,-,-,Unknown,-,hypothetical protein,protein-coding,-,-,-,-,20151104,-
1043004,25417111,M436DRAFT_83119,M436DRAFT_83119,-,-,Unknown,-,hypothetical protein,protein-coding,-,-,-,-,20160917,-
1043004,25417112,M436DRAFT_83120,M436DRAFT_83120,-,-,Unknown,-,hypothetical protein,protein-coding,-,-,-,-,20151212,-
1043004,25417113,M436DRAFT_83122,M436DRAFT_83122,-,-,Unknown,-,hypothetical protein,protein-coding,-,-,-,-,20151104,-
1043004,25417114,M436DRAFT_83124,M436DRAFT_83124,-,-,Unknown,-,hypothetical protein,protein-coding,-,-,-,-,20151104,-
1043004,25417115,M436DRAFT_83125,M436DRAFT_83125,-,-,Unknown,-,"supernatant protein factor, C-terminal domain-containing protein",protein-coding,-,-,-,-,20160917,-
1043004,25417116,M436DRAFT_83133,M436DRAFT_83133,-,-,Unknown,-,hypothetical protein,protein-coding,-,-,-,-,20160917,-
1043004,25417117,M436DRAFT_83135,M436DRAFT_83135,-,-,Unknown,-,hypothetical protein,protein-coding,-,-,-,-,20151104,-
1043004,25417118,M436DRAFT_83140,M436DRAFT_83140,-,-,Unknown,-,hypothetical protein,protein-coding,-,-,-,-,20160917,-
1043004,25417119,M436DRAFT_83144,M436DRAFT_83144,-,-,Unknown,-,hypothetical protein,protein-coding,-,-,-,-,20151104,-
1043004,25417120,M436DRAFT_83157,M436DRAFT_83157,-,-,Unknown,-,hypothetical protein,protein-coding,-,-,-,-,20151104,-
1043004,25417121,M436DRAFT_83161,M436DRAFT_83161,-,-,Unknown,-,hypothetical protein,protein-coding,-,-,-,-,20151104,-
1043004,25417122,M436DRAFT_83170,M436DRAFT_83170,-,-,Unknown,-,hypothetical protein,protein-coding,-,-,-,-,20160917,-
1043004,25417123,M436DRAFT_83172,M436DRAFT_83172,-,-,Unknown,-,kinase-like protein,protein-coding,-,-,-,-,20151212,-
1043004,25417124,M436DRAFT_83182,M436DRAFT_83182,-,-,Unknown,-,MFS general substrate transporter,protein-coding,-,-,-,-,20151212,-
1043004,25417125,M436DRAFT_83184,M436DRAFT_83184,-,-,Unknown,-,myo-inositol-1-phosphate synthase,protein-coding,-,-,-,-,20160917,-
1043004,25417126,M436DRAFT_83186,M436DRAFT_83186,-,-,Unknown,-,G-protein alpha subunit,protein-coding,-,-,-,-,20191025,-
1043004,25417127,M436DRAFT_83187,M436DRAFT_83187,-,-,Unknown,-,"2,3-diketo-5-methylthio-1-phosphopentane phosphatase",protein-coding,-,-,-,-,20160917,-
1043004,25417128,M436DRAFT_83191,M436DRAFT_83191,-,-,Unknown,-,hypothetical protein,protein-coding,-,-,-,-,20160917,-
1043004,25417129,M436DRAFT_83192,M436DRAFT_83192,-,-,Unknown,-,hypothetical protein,protein-coding,-,-,-,-,20160917,-
1043004,25417130,M436DRAFT_83193,M436DRAFT_83193,-,-,Unknown,-,hypothetical protein,protein-coding,-,-,-,-,20151212,-
1043004,25417131,M436DRAFT_83195,M436DRAFT_83195,-,-,Unknown,-,hypothetical protein,protein-coding,-,-,-,-,20160917,-
1043004,25417132,M436DRAFT_83200,M436DRAFT_83200,-,-,Unknown,-,hypothetical protein,protein-coding,-,-,-,-,20151212,-
1043004,25417133,M436DRAFT_83201,M436DRAFT_83201,-,-,Unknown,-,ubiquitin-conjugating enzyme,protein-coding,-,-,-,-,20160917,-
1043004,25417134,M436DRAFT_83203,M436DRAFT_83203,-,-,Unknown,-,hypothetical protein,protein-coding,-,-,-,-,20160917,-
1043004,25417135,M436DRAFT_83206,M436DRAFT_83206,-,-,Unknown,-,repressor of RNA polymerase III transcription MAF1,protein-coding,-,-,-,-,20160917,-
1043004,25417136,M436DRAFT_83216,M436DRAFT_83216,-,-,Unknown,-,cyclin,protein-coding,-,-,-,-,20160917,-
1043004,25417137,M436DRAFT_83221,M436DRAFT_83221,-,-,Unknown,-,hypothetical protein,protein-coding,-,-,-,-,20151104,-
1043004,25417138,M436DRAFT_83231,M436DRAFT_83231,-,-,Unknown,-,proteasome-domain-containing protein,protein-coding,-,-,-,-,20151212,-
1043004,25417139,M436DRAFT_83233,M436DRAFT_83233,-,-,Unknown,-,hypothetical protein,protein-coding,-,-,-,-,20160917,-
1043004,25417140,M436DRAFT_83237,M436DRAFT_83237,-,-,Unknown,-,"allantoinase, mitochondrial precursor",protein-coding,-,-,-,-,20160917,-
1043004,25417141,M436DRAFT_83239,M436DRAFT_83239,-,-,Unknown,-,hypothetical protein,protein-coding,-,-,-,-,20151104,-
1043004,25417142,M436DRAFT_83245,M436DRAFT_83245,-,-,Unknown,-,DnaJ-domain-containing protein,protein-coding,-,-,-,-,20160917,-
1043004,25417143,M436DRAFT_83253,M436DRAFT_83253,-,-,Unknown,-,hypothetical protein,protein-coding,-,-,-,-,20151104,-
1043004,25417144,M436DRAFT_83254,M436DRAFT_83254,-,-,Unknown,-,"Coatomer, alpha subunit",protein-coding,-,-,-,-,20160917,-
1043004,25417145,M436DRAFT_83256,M436DRAFT_83256,-,-,Unknown,-,hypothetical protein,protein-coding,-,-,-,-,20151104,-
1043004,25417146,M436DRAFT_83260,M436DRAFT_83260,-,-,Unknown,-,hypothetical protein,protein-coding,-,-,-,-,20160917,-
1043004,25417147,M436DRAFT_83264,M436DRAFT_83264,-,-,Unknown,-,"vesicle coat complex AP-1/AP-2/AP-4, beta subunit",protein-coding,-,-,-,-,20160917,-
1043004,25417148,M436DRAFT_83266,M436DRAFT_83266,-,-,Unknown,-,"Alpha,alpha-trehalose-phosphate synthase",protein-coding,-,-,-,-,20160917,-
1043004,25417149,M436DRAFT_83272,M436DRAFT_83272,-,-,Unknown,-,hypothetical protein,protein-coding,-,-,-,-,20160917,-
1043004,25417150,M436DRAFT_83273,M436DRAFT_83273,-,-,Unknown,-,hypothetical protein,protein-coding,-,-,-,-,20151212,-
1043004,25417151,M436DRAFT_83279,M436DRAFT_83279,-,-,Unknown,-,hypothetical protein,protein-coding,-,-,-,-,20160917,-
1043004,25417152,M436DRAFT_83284,M436DRAFT_83284,-,-,Unknown,-,dipeptidyl-peptidase III,protein-coding,-,-,-,-,20160917,-
1043004,25417153,M436DRAFT_83289,M436DRAFT_83289,-,-,Unknown,-,purine and uridine phosphorylase,protein-coding,-,-,-,-,20160917,-
1043004,25417154,M436DRAFT_83302,M436DRAFT_83302,-,-,Unknown,-,hypothetical protein,protein-coding,-,-,-,-,20151104,-
1043004,25417155,M436DRAFT_83303,M436DRAFT_83303,-,-,Unknown,-,hypothetical protein,protein-coding,-,-,-,-,20151104,-
1043004,25417156,M436DRAFT_83304,M436DRAFT_83304,-,-,Unknown,-,hypothetical protein,protein-coding,-,-,-,-,20151104,-
1043004,25417157,M436DRAFT_83315,M436DRAFT_83315,-,-,Unknown,-,hypothetical protein,protein-coding,-,-,-,-,20151104,-
1043004,25417158,M436DRAFT_83318,M436DRAFT_83318,-,-,Unknown,-,ribosomal protein L10e,protein-coding,-,-,-,-,20160917,-
1043004,25417159,M436DRAFT_83319,M436DRAFT_83319,-,-,Unknown,-,"Glutamyl-tRNA amidotransferase subunit B, mitochondrial",protein-coding,-,-,-,-,20160917,-
1043004,25417160,M436DRAFT_83333,M436DRAFT_83333,-,-,Unknown,-,hypothetical protein,protein-coding,-,-,-,-,20151212,-
1043004,25417161,M436DRAFT_83337,M436DRAFT_83337,-,-,Unknown,-,amidase,protein-coding,-,-,-,-,20160917,-
1043004,25417162,M436DRAFT_83339,M436DRAFT_83339,-,-,Unknown,-,hypothetical protein,protein-coding,-,-,-,-,20151104,-
1043004,25417163,M436DRAFT_83347,M436DRAFT_83347,-,-,Unknown,-,bola-like protein,protein-coding,-,-,-,-,20160917,-
1043004,25417164,M436DRAFT_83353,M436DRAFT_83353,-,-,Unknown,-,"DASH complex, subunit Spc34",protein-coding,-,-,-,-,20160917,-
1043004,25417165,M436DRAFT_83355,M436DRAFT_83355,-,-,Unknown,-,cell wall glucanase,protein-coding,-,-,-,-,20151212,-
1043004,25417166,M436DRAFT_83359,M436DRAFT_83359,-,-,Unknown,-,NADH-ubiquinone oxidoreductase 21.3 kDa subunit,protein-coding,-,-,-,-,20151104,-
1043004,25417167,M436DRAFT_83361,M436DRAFT_83361,-,-,Unknown,-,"dynein light chain, cytosolic",protein-coding,-,-,-,-,20160917,-
1043004,25417168,M436DRAFT_83367,M436DRAFT_83367,-,-,Unknown,-,protein import receptor MAS20,protein-coding,-,-,-,-,20160917,-
1043004,25417169,M436DRAFT_83374,M436DRAFT_83374,-,-,Unknown,-,hypothetical protein,protein-coding,-,-,-,-,20151104,-
1043004,25417170,M436DRAFT_83378,M436DRAFT_83378,-,-,Unknown,-,U1 small nuclear ribonucleo protein,protein-coding,-,-,-,-,20160917,-
1043004,25417171,M436DRAFT_83379,M436DRAFT_83379,-,-,Unknown,-,putative vacuolar ATP synthase subunit D,protein-coding,-,-,-,-,20160917,-
1043004,25417172,M436DRAFT_83386,M436DRAFT_83386,-,-,Unknown,-,hypothetical protein,protein-coding,-,-,-,-,20160917,-
1043004,25417173,M436DRAFT_83387,M436DRAFT_83387,-,-,Unknown,-,Sec7-domain-containing protein,protein-coding,-,-,-,-,20160917,-
1043004,25417174,M436DRAFT_83396,M436DRAFT_83396,-,-,Unknown,-,cysteine proteinase,protein-coding,-,-,-,-,20151212,-
1043004,25417175,M436DRAFT_83400,M436DRAFT_83400,-,-,Unknown,-,UDP-glucose 4-epimerase,protein-coding,-,-,-,-,20160917,-
1043004,25417176,M436DRAFT_83401,M436DRAFT_83401,-,-,Unknown,-,hypothetical protein,protein-coding,-,-,-,-,20160917,-
1043004,25417177,M436DRAFT_83404,M436DRAFT_83404,-,-,Unknown,-,"sulphite reductase hemo protein, beta subunit",protein-coding,-,-,-,-,20160917,-
1043004,25417178,M436DRAFT_83417,M436DRAFT_83417,-,-,Unknown,-,cytochrome P450 reductase 1,protein-coding,-,-,-,-,20160917,-
1043004,25417179,M436DRAFT_83424,M436DRAFT_83424,-,-,Unknown,-,hypothetical protein,protein-coding,-,-,-,-,20160917,-
1043004,25417180,M436DRAFT_83428,M436DRAFT_83428,-,-,Unknown,-,WD40 repeat-like protein,protein-coding,-,-,-,-,20160917,-
1043004,25417181,M436DRAFT_83434,M436DRAFT_83434,-,-,Unknown,-,heme-dependent catalase,protein-coding,-,-,-,-,20160917,-
1043004,25417182,M436DRAFT_83460,M436DRAFT_83460,-,-,Unknown,-,flavo protein,protein-coding,-,-,-,-,20160917,-
1043004,25417183,M436DRAFT_83474,M436DRAFT_83474,-,-,Unknown,-,hypothetical protein,protein-coding,-,-,-,-,20160917,-
1043004,25417184,M436DRAFT_83485,M436DRAFT_83485,-,-,Unknown,-,dDENN-domain-containing protein,protein-coding,-,-,-,-,20151212,-
1043004,25417185,M436DRAFT_83494,M436DRAFT_83494,-,-,Unknown,-,hypothetical protein,protein-coding,-,-,-,-,20151104,-
1043004,25417186,M436DRAFT_83499,M436DRAFT_83499,-,-,Unknown,-,hypothetical protein,protein-coding,-,-,-,-,20160917,-
1043004,25417187,M436DRAFT_83503,M436DRAFT_83503,-,-,Unknown,-,hypothetical protein,protein-coding,-,-,-,-,20151104,-
1043004,25417188,M436DRAFT_83504,M436DRAFT_83504,-,-,Unknown,-,SecY protein,protein-coding,-,-,-,-,20160917,-
1043004,25417189,M436DRAFT_83507,M436DRAFT_83507,-,-,Unknown,-,hypothetical protein,protein-coding,-,-,-,-,20151212,-
1043004,25417190,M436DRAFT_83508,M436DRAFT_83508,-,-,Unknown,-,arginine-tRNA-protein transferase 1,protein-coding,-,-,-,-,20160917,-
1043004,25417191,M436DRAFT_83509,M436DRAFT_83509,-,-,Unknown,-,hypothetical protein,protein-coding,-,-,-,-,20160325,-
1043004,25417192,M436DRAFT_83510,M436DRAFT_83510,-,-,Unknown,-,homocitrate synthase,protein-coding,-,-,-,-,20151212,-
1043004,25417193,M436DRAFT_83532,M436DRAFT_83532,-,-,Unknown,-,hypothetical protein,protein-coding,-,-,-,-,20151104,-
1043004,25417194,M436DRAFT_83534,M436DRAFT_83534,-,-,Unknown,-,hypothetical protein,protein-coding,-,-,-,-,20160917,-
1043004,25417195,M436DRAFT_83537,M436DRAFT_83537,-,-,Unknown,-,synaptojanin-2,protein-coding,-,-,-,-,20160917,-
1043004,25417196,M436DRAFT_83539,M436DRAFT_83539,-,-,Unknown,-,hypothetical protein,protein-coding,-,-,-,-,20160917,-
1043004,25417197,M436DRAFT_83543,M436DRAFT_83543,-,-,Unknown,-,hypothetical protein,protein-coding,-,-,-,-,20160917,-
1043004,25417198,M436DRAFT_83544,M436DRAFT_83544,-,-,Unknown,-,hypothetical protein,protein-coding,-,-,-,-,20160917,-
1043004,25417199,M436DRAFT_83545,M436DRAFT_83545,-,-,Unknown,-,hypothetical protein,protein-coding,-,-,-,-,20160917,-
1043004,25417200,M436DRAFT_83550,M436DRAFT_83550,-,-,Unknown,-,isoaspartyl dipeptidase-like protein,protein-coding,-,-,-,-,20160917,-
1043004,25417201,M436DRAFT_83552,M436DRAFT_83552,-,-,Unknown,-,hypothetical protein,protein-coding,-,-,-,-,20160917,-
1043004,25417202,M436DRAFT_83553,M436DRAFT_83553,-,-,Unknown,-,fumarylacetoacetate hydrolase-like protein,protein-coding,-,-,-,-,20160917,-
1043004,25417203,M436DRAFT_83557,M436DRAFT_83557,-,-,Unknown,-,hypothetical protein,protein-coding,-,-,-,-,20160917,-
1043004,25417204,M436DRAFT_83566,M436DRAFT_83566,-,-,Unknown,-,FAD/NAD(P)-binding domain-containing protein,protein-coding,-,-,-,-,20160917,-
1043004,25417205,M436DRAFT_83572,M436DRAFT_83572,-,-,Unknown,-,hypothetical protein,protein-coding,-,-,-,-,20160917,-
1043004,25417206,M436DRAFT_83574,M436DRAFT_83574,-,-,Unknown,-,hypothetical protein,protein-coding,-,-,-,-,20151212,-
1043004,25417207,M436DRAFT_83581,M436DRAFT_83581,-,-,Unknown,-,"cytochrome c oxidase, subunit VIb",protein-coding,-,-,-,-,20151212,-
1043004,25417208,M436DRAFT_83582,M436DRAFT_83582,-,-,Unknown,-,hypothetical protein,protein-coding,-,-,-,-,20151104,-
1043004,25417209,M436DRAFT_83583,M436DRAFT_83583,-,-,Unknown,-,peptidyl prolyl cis-trans isomerase cyclophilin,protein-coding,-,-,-,-,20160917,-
1043004,25417210,M436DRAFT_83595,M436DRAFT_83595,-,-,Unknown,-,hypothetical protein,protein-coding,-,-,-,-,20160917,-
1043004,25417211,M436DRAFT_83596,M436DRAFT_83596,-,-,Unknown,-,hypothetical protein,protein-coding,-,-,-,-,20160325,-
1043004,25417212,M436DRAFT_83597,M436DRAFT_83597,-,-,Unknown,-,hypothetical protein,protein-coding,-,-,-,-,20160917,-
1043004,25417213,M436DRAFT_83600,M436DRAFT_83600,-,-,Unknown,-,putative L-ornithine aminotransferase Car2,protein-coding,-,-,-,-,20160917,-
1043004,25417214,M436DRAFT_83632,M436DRAFT_83632,-,-,Unknown,-,hypothetical protein,protein-coding,-,-,-,-,20160917,-
1043004,25417215,M436DRAFT_83661,M436DRAFT_83661,-,-,Unknown,-,hypothetical protein,protein-coding,-,-,-,-,20160917,-
1043004,25417216,M436DRAFT_83673,M436DRAFT_83673,-,-,Unknown,-,hypothetical protein,protein-coding,-,-,-,-,20160917,-
1043004,25417217,M436DRAFT_83675,M436DRAFT_83675,-,-,Unknown,-,"Palmitoyltransferase akr1, ankyrin repeat-containing protein akr1",protein-coding,-,-,-,-,20160917,-
1043004,25417218,M436DRAFT_83684,M436DRAFT_83684,-,-,Unknown,-,Zn-dependent exopeptidase,protein-coding,-,-,-,-,20151212,-
1043004,25417219,M436DRAFT_83691,M436DRAFT_83691,-,-,Unknown,-,AMFR protein-like protein,protein-coding,-,-,-,-,20151212,-
1043004,25417220,M436DRAFT_83698,M436DRAFT_83698,-,-,Unknown,-,putative aldo-keto reductase,protein-coding,-,-,-,-,20151212,-
1043004,25417221,M436DRAFT_83702,M436DRAFT_83702,-,-,Unknown,-,hypothetical protein,protein-coding,-,-,-,-,20151212,-
1043004,25417222,M436DRAFT_83728,M436DRAFT_83728,-,-,Unknown,-,hypothetical protein,protein-coding,-,-,-,-,20160917,-
1043004,25417223,M436DRAFT_83729,M436DRAFT_83729,-,-,Unknown,-,SPRY-domain-containing protein,protein-coding,-,-,-,-,20160917,-
1043004,25417224,M436DRAFT_83734,M436DRAFT_83734,-,-,Unknown,-,alpha/beta-hydrolase,protein-coding,-,-,-,-,20160917,-
1043004,25417225,M436DRAFT_83741,M436DRAFT_83741,-,-,Unknown,-,hypothetical protein,protein-coding,-,-,-,-,20151104,-
1043004,25417226,M436DRAFT_83743,M436DRAFT_83743,-,-,Unknown,-,4-carboxymuconolactone decarboxylase,protein-coding,-,-,-,-,20160917,-
1043004,25417227,M436DRAFT_83747,M436DRAFT_83747,-,-,Unknown,-,hypothetical protein,protein-coding,-,-,-,-,20160917,-
1043004,25417228,M436DRAFT_83754,M436DRAFT_83754,-,-,Unknown,-,hypothetical protein,protein-coding,-,-,-,-,20151104,-
1043004,25417229,M436DRAFT_83768,M436DRAFT_83768,-,-,Unknown,-,hypothetical protein,protein-coding,-,-,-,-,20151104,-
1043004,25417230,M436DRAFT_83770,M436DRAFT_83770,-,-,Unknown,-,mitochondrial carrier,protein-coding,-,-,-,-,20160917,-
1043004,25417231,M436DRAFT_83772,M436DRAFT_83772,-,-,Unknown,-,TPR-like protein,protein-coding,-,-,-,-,20160917,-
1043004,25417232,M436DRAFT_83773,M436DRAFT_83773,-,-,Unknown,-,barren,protein-coding,-,-,-,-,20160917,-
1043004,25417233,M436DRAFT_83780,M436DRAFT_83780,-,-,Unknown,-,hypothetical protein,protein-coding,-,-,-,-,20151104,-
1043004,25417234,M436DRAFT_83791,M436DRAFT_83791,-,-,Unknown,-,family 16 glycoside hydrolase,protein-coding,-,-,-,-,20160325,-
1043004,25417235,M436DRAFT_83792,M436DRAFT_83792,-,-,Unknown,-,Bud-site selection protein,protein-coding,-,-,-,-,20160917,-
1043004,25417236,M436DRAFT_83793,M436DRAFT_83793,-,-,Unknown,-,ABC drug exporter AtrF,protein-coding,-,-,-,-,20160917,-
1043004,25417237,M436DRAFT_83794,M436DRAFT_83794,-,-,Unknown,-,NAD(P)-binding protein,protein-coding,-,-,-,-,20160917,-
1043004,25417238,M436DRAFT_83800,M436DRAFT_83800,-,-,Unknown,-,hypothetical protein,protein-coding,-,-,-,-,20151104,-
1043004,25417239,M436DRAFT_83811,M436DRAFT_83811,-,-,Unknown,-,Bromodomain-containing protein,protein-coding,-,-,-,-,20160917,-
1043004,25417240,M436DRAFT_83813,M436DRAFT_83813,-,-,Unknown,-,DUF1674-domain-containing protein,protein-coding,-,-,-,-,20160917,-
1043004,25417241,M436DRAFT_83814,M436DRAFT_83814,-,-,Unknown,-,hypothetical protein,protein-coding,-,-,-,-,20160917,-
1043004,25417242,M436DRAFT_83818,M436DRAFT_83818,-,-,Unknown,-,hypothetical protein,protein-coding,-,-,-,-,20151104,-
1043004,25417243,M436DRAFT_83822,M436DRAFT_83822,-,-,Unknown,-,hypothetical protein,protein-coding,-,-,-,-,20151212,-
1043004,25417244,M436DRAFT_83827,M436DRAFT_83827,-,-,Unknown,-,hypothetical protein,protein-coding,-,-,-,-,20151104,-
1043004,25417245,M436DRAFT_83833,M436DRAFT_83833,-,-,Unknown,-,hypothetical protein,protein-coding,-,-,-,-,20160917,-
1043004,25417246,M436DRAFT_83835,M436DRAFT_83835,-,-,Unknown,-,beta-lactamase/transpeptidase-like protein,protein-coding,-,-,-,-,20160917,-
1043004,25417247,M436DRAFT_83836,M436DRAFT_83836,-,-,Unknown,-,putative uracil permease,protein-coding,-,-,-,-,20151212,-
1043004,25417248,M436DRAFT_83838,M436DRAFT_83838,-,-,Unknown,-,hypothetical protein,protein-coding,-,-,-,-,20151104,-
1043004,25417249,M436DRAFT_83840,M436DRAFT_83840,-,-,Unknown,-,hypothetical protein,protein-coding,-,-,-,-,20151104,-
1043004,25417250,M436DRAFT_83847,M436DRAFT_83847,-,-,Unknown,-,Asp-domain-containing protein,protein-coding,-,-,-,-,20160917,-
1043004,25417251,M436DRAFT_83873,M436DRAFT_83873,-,-,Unknown,-,hypothetical protein,protein-coding,-,-,-,-,20160325,-
1043004,25417252,M436DRAFT_83889,M436DRAFT_83889,-,-,Unknown,-,hypothetical protein,protein-coding,-,-,-,-,20160917,-
1043004,25417253,M436DRAFT_83890,M436DRAFT_83890,-,-,Unknown,-,phospholipid-translocating P-type ATPase,protein-coding,-,-,-,-,20160917,-
1043004,25417254,M436DRAFT_83894,M436DRAFT_83894,-,-,Unknown,-,kinase-like protein,protein-coding,-,-,-,-,20160917,-
1043004,25417255,M436DRAFT_83906,M436DRAFT_83906,-,-,Unknown,-,FCF1 small subunit,protein-coding,-,-,-,-,20151212,-
1043004,25417256,M436DRAFT_83907,M436DRAFT_83907,-,-,Unknown,-,hypothetical protein,protein-coding,-,-,-,-,20151104,-
1043004,25417257,M436DRAFT_83917,M436DRAFT_83917,-,-,Unknown,-,glycerol kinase,protein-coding,-,-,-,-,20160917,-
1043004,25417258,M436DRAFT_83923,M436DRAFT_83923,-,-,Unknown,-,hypothetical protein,protein-coding,-,-,-,-,20160917,-
1043004,25417259,M436DRAFT_83927,M436DRAFT_83927,-,-,Unknown,-,hypothetical protein,protein-coding,-,-,-,-,20151104,-
1043004,25417260,M436DRAFT_83928,M436DRAFT_83928,-,-,Unknown,-,hypothetical protein,protein-coding,-,-,-,-,20151104,-
1043004,25417261,M436DRAFT_83935,M436DRAFT_83935,-,-,Unknown,-,hypothetical protein,protein-coding,-,-,-,-,20151104,-
1043004,25417262,M436DRAFT_83946,M436DRAFT_83946,-,-,Unknown,-,hypothetical protein,protein-coding,-,-,-,-,20160917,-
1043004,25417263,M436DRAFT_83951,M436DRAFT_83951,-,-,Unknown,-,60S ribosomal protein L25-like protein,protein-coding,-,-,-,-,20160917,-
1043004,25417264,M436DRAFT_83957,M436DRAFT_83957,-,-,Unknown,-,MFS general substrate transporter,protein-coding,-,-,-,-,20160917,-
1043004,25417265,M436DRAFT_83960,M436DRAFT_83960,-,-,Unknown,-,hypothetical protein,protein-coding,-,-,-,-,20160917,-
1043004,25417266,M436DRAFT_83961,M436DRAFT_83961,-,-,Unknown,-,phosphoribosylformylglycinamidine cyclo-ligase-like protein,protein-coding,-,-,-,-,20160917,-
1043004,25417267,M436DRAFT_83962,M436DRAFT_83962,-,-,Unknown,-,ARP2/3 complex subunit Arc18,protein-coding,-,-,-,-,20160917,-
1043004,25417268,M436DRAFT_83965,M436DRAFT_83965,-,-,Unknown,-,concanavalin A-like lectin/glucanase,protein-coding,-,-,-,-,20151212,-
1043004,25417269,M436DRAFT_83970,M436DRAFT_83970,-,-,Unknown,-,hypothetical protein,protein-coding,-,-,-,-,20151104,-
1043004,25417270,M436DRAFT_83979,M436DRAFT_83979,-,-,Unknown,-,DUF1709-domain-containing protein,protein-coding,-,-,-,-,20160917,-
1043004,25417271,M436DRAFT_83987,M436DRAFT_83987,-,-,Unknown,-,L domain-like protein,protein-coding,-,-,-,-,20160917,-
1043004,25417272,M436DRAFT_84004,M436DRAFT_84004,-,-,Unknown,-,hypothetical protein,protein-coding,-,-,-,-,20160917,-
1043004,25417273,M436DRAFT_84012,M436DRAFT_84012,-,-,Unknown,-,DUF914-domain-containing protein,protein-coding,-,-,-,-,20160917,-
1043004,25417274,M436DRAFT_84014,M436DRAFT_84014,-,-,Unknown,-,DUF625-domain-containing protein,protein-coding,-,-,-,-,20160917,-
1043004,25417275,M436DRAFT_84017,M436DRAFT_84017,-,-,Unknown,-,membrane-associated proteins in eicosanoid and glutathione metabolism,protein-coding,-,-,-,-,20160917,-
1043004,25417276,M436DRAFT_84019,M436DRAFT_84019,-,-,Unknown,-,putative phosphoinositide 3-kinase,protein-coding,-,-,-,-,20151212,-
1043004,25417277,M436DRAFT_84023,M436DRAFT_84023,-,-,Unknown,-,hypothetical protein,protein-coding,-,-,-,-,20160917,-
1043004,25417278,M436DRAFT_84026,M436DRAFT_84026,-,-,Unknown,-,dihydrodipicolinate synthetase,protein-coding,-,-,-,-,20151212,-
1043004,25417279,M436DRAFT_84028,M436DRAFT_84028,-,-,Unknown,-,"NADH dehydrogenase, alpha subcomplex, subunit 6",protein-coding,-,-,-,-,20160917,-
1043004,25417280,M436DRAFT_84059,M436DRAFT_84059,-,-,Unknown,-,hypothetical protein,protein-coding,-,-,-,-,20151104,-
1043004,25417281,M436DRAFT_84061,M436DRAFT_84061,-,-,Unknown,-,hypothetical protein,protein-coding,-,-,-,-,20151212,-
1043004,25417282,M436DRAFT_84066,M436DRAFT_84066,-,-,Unknown,-,hypothetical protein,protein-coding,-,-,-,-,20151104,-
1043004,25417283,M436DRAFT_84068,M436DRAFT_84068,-,-,Unknown,-,glutathione synthetase large chain,protein-coding,-,-,-,-,20160917,-
1043004,25417284,M436DRAFT_84070,M436DRAFT_84070,-,-,Unknown,-,hypothetical protein,protein-coding,-,-,-,-,20151104,-
1043004,25417285,M436DRAFT_84100,M436DRAFT_84100,-,-,Unknown,-,nucleotide-diphospho-sugar transferase,protein-coding,-,-,-,-,20151212,-
1043004,25417286,M436DRAFT_84103,M436DRAFT_84103,-,-,Unknown,-,Tom7-domain-containing protein,protein-coding,-,-,-,-,20160917,-
1043004,25417287,M436DRAFT_84105,M436DRAFT_84105,-,-,Unknown,-,hypothetical protein,protein-coding,-,-,-,-,20160917,-
1043004,25417288,M436DRAFT_84106,M436DRAFT_84106,-,-,Unknown,-,ribosomal protein L28e,protein-coding,-,-,-,-,20160917,-
1043004,25417289,M436DRAFT_84109,M436DRAFT_84109,-,-,Unknown,-,bile acid-transporting ATPase,protein-coding,-,-,-,-,20160917,-
1043004,25417290,M436DRAFT_84120,M436DRAFT_84120,-,-,Unknown,-,hypothetical protein,protein-coding,-,-,-,-,20160917,-
1043004,25417291,M436DRAFT_84127,M436DRAFT_84127,-,-,Unknown,-,homoserine O-acetyltransferase,protein-coding,-,-,-,-,20160917,-
1043004,25417292,M436DRAFT_84133,M436DRAFT_84133,-,-,Unknown,-,hypothetical protein,protein-coding,-,-,-,-,20151104,-
1043004,25417293,M436DRAFT_84135,M436DRAFT_84135,-,-,Unknown,-,DUF1295-domain-containing protein,protein-coding,-,-,-,-,20160917,-
1043004,25417294,M436DRAFT_84136,M436DRAFT_84136,-,-,Unknown,-,hypothetical protein,protein-coding,-,-,-,-,20160325,-
1043004,25417295,M436DRAFT_84150,M436DRAFT_84150,-,-,Unknown,-,hypothetical protein,protein-coding,-,-,-,-,20160917,-
1043004,25417296,M436DRAFT_84151,M436DRAFT_84151,-,-,Unknown,-,hypothetical protein,protein-coding,-,-,-,-,20160917,-
1043004,25417297,M436DRAFT_84154,M436DRAFT_84154,-,-,Unknown,-,hypothetical protein,protein-coding,-,-,-,-,20151104,-
1043004,25417298,M436DRAFT_84158,M436DRAFT_84158,-,-,Unknown,-,hypothetical protein,protein-coding,-,-,-,-,20160917,-
1043004,25417299,M436DRAFT_84164,M436DRAFT_84164,-,-,Unknown,-,phosphatidate cytidylyltransferase,protein-coding,-,-,-,-,20160917,-
1043004,25417300,M436DRAFT_84165,M436DRAFT_84165,-,-,Unknown,-,hypothetical protein,protein-coding,-,-,-,-,20160917,-
1043004,25417301,M436DRAFT_84177,M436DRAFT_84177,-,-,Unknown,-,hypothetical protein,protein-coding,-,-,-,-,20160917,-
1043004,25417302,M436DRAFT_84180,M436DRAFT_84180,-,-,Unknown,-,hypothetical protein,protein-coding,-,-,-,-,20160917,-
1043004,25417303,M436DRAFT_84183,M436DRAFT_84183,-,-,Unknown,-,putative acetyl-coenzyme A synthetase,protein-coding,-,-,-,-,20151212,-
1043004,25417304,M436DRAFT_84187,M436DRAFT_84187,-,-,Unknown,-,toxin biosynthesis cytochrome P450 monooxygenase,protein-coding,-,-,-,-,20160917,-
1043004,25417305,M436DRAFT_84198,M436DRAFT_84198,-,-,Unknown,-,hypothetical protein,protein-coding,-,-,-,-,20151104,-
1043004,25417306,M436DRAFT_84210,M436DRAFT_84210,-,-,Unknown,-,protein phosphatase,protein-coding,-,-,-,-,20160917,-
1043004,25417307,M436DRAFT_84233,M436DRAFT_84233,-,-,Unknown,-,like-Sm ribonucleo protein,protein-coding,-,-,-,-,20151212,-
1043004,25417308,M436DRAFT_84239,M436DRAFT_84239,-,-,Unknown,-,hypothetical protein,protein-coding,-,-,-,-,20151104,-
1043004,25417309,M436DRAFT_84240,M436DRAFT_84240,-,-,Unknown,-,hypothetical protein,protein-coding,-,-,-,-,20151104,-
1043004,25417310,M436DRAFT_84243,M436DRAFT_84243,-,-,Unknown,-,allantoate permease,protein-coding,-,-,-,-,20151212,-
1043004,25417311,M436DRAFT_84245,M436DRAFT_84245,-,-,Unknown,-,ArfGap-domain-containing protein,protein-coding,-,-,-,-,20160917,-
1043004,25417312,M436DRAFT_84252,M436DRAFT_84252,-,-,Unknown,-,cytochrome P450,protein-coding,-,-,-,-,20160917,-
1043004,25417313,M436DRAFT_84261,M436DRAFT_84261,-,-,Unknown,-,hypothetical protein,protein-coding,-,-,-,-,20160917,-
1043004,25417314,M436DRAFT_84263,M436DRAFT_84263,-,-,Unknown,-,S-adenosyl-L-methionine-dependent methyltransferase,protein-coding,-,-,-,-,20160917,-
1043004,25417315,M436DRAFT_84266,M436DRAFT_84266,-,-,Unknown,-,hypothetical protein,protein-coding,-,-,-,-,20160917,-
1043004,25417316,M436DRAFT_84268,M436DRAFT_84268,-,-,Unknown,-,hypothetical protein,protein-coding,-,-,-,-,20160917,-
1043004,25417317,M436DRAFT_84279,M436DRAFT_84279,-,-,Unknown,-,3-hydroxyacyl-CoA dehydrogenase-like protein,protein-coding,-,-,-,-,20160917,-
1043004,25417318,M436DRAFT_84286,M436DRAFT_84286,-,-,Unknown,-,hypothetical protein,protein-coding,-,-,-,-,20160917,-
1043004,25417319,M436DRAFT_84293,M436DRAFT_84293,-,-,Unknown,-,hypothetical protein,protein-coding,-,-,-,-,20160917,-
1043004,25417320,M436DRAFT_84296,M436DRAFT_84296,-,-,Unknown,-,MFS general substrate transporter,protein-coding,-,-,-,-,20160917,-
1043004,25417321,M436DRAFT_84302,M436DRAFT_84302,-,-,Unknown,-,hypothetical protein,protein-coding,-,-,-,-,20151212,-
1043004,25417322,M436DRAFT_84304,M436DRAFT_84304,-,-,Unknown,-,hypothetical protein,protein-coding,-,-,-,-,20151104,-
1043004,25417323,M436DRAFT_84318,M436DRAFT_84318,-,-,Unknown,-,hypothetical protein,protein-coding,-,-,-,-,20151104,-
1043004,25417324,M436DRAFT_84345,M436DRAFT_84345,-,-,Unknown,-,hypothetical protein,protein-coding,-,-,-,-,20160917,-
1043004,25417325,M436DRAFT_84346,M436DRAFT_84346,-,-,Unknown,-,hypothetical protein,protein-coding,-,-,-,-,20160917,-
1043004,25417326,M436DRAFT_84356,M436DRAFT_84356,-,-,Unknown,-,phosphoglycerate mutase-like protein,protein-coding,-,-,-,-,20160917,-
1043004,25417327,M436DRAFT_84358,M436DRAFT_84358,-,-,Unknown,-,PCI-domain-containing protein,protein-coding,-,-,-,-,20160917,-
1043004,25417328,M436DRAFT_84359,M436DRAFT_84359,-,-,Unknown,-,calcium ATPase,protein-coding,-,-,-,-,20160917,-
1043004,25417329,M436DRAFT_84361,M436DRAFT_84361,-,-,Unknown,-,Lumazine synthase,protein-coding,-,-,-,-,20151212,-
1043004,25417330,M436DRAFT_84366,M436DRAFT_84366,-,-,Unknown,-,DUF1748-domain-containing protein,protein-coding,-,-,-,-,20160917,-
1043004,25417331,M436DRAFT_84367,M436DRAFT_84367,-,-,Unknown,-,pyruvate kinase,protein-coding,-,-,-,-,20151212,-
1043004,25417332,M436DRAFT_84368,M436DRAFT_84368,-,-,Unknown,-,hypothetical protein,protein-coding,-,-,-,-,20151104,-
1043004,25417333,M436DRAFT_84371,M436DRAFT_84371,-,-,Unknown,-,threonine dehydratase I,protein-coding,-,-,-,-,20151212,-
1043004,25417334,M436DRAFT_84384,M436DRAFT_84384,-,-,Unknown,-,hypothetical protein,protein-coding,-,-,-,-,20160325,-
1043004,25417335,M436DRAFT_84385,M436DRAFT_84385,-,-,Unknown,-,hypothetical protein,protein-coding,-,-,-,-,20151104,-
1043004,25417336,M436DRAFT_84391,M436DRAFT_84391,-,-,Unknown,-,Rhodanese-like protein,protein-coding,-,-,-,-,20151212,-
1043004,25417337,M436DRAFT_84400,M436DRAFT_84400,-,-,Unknown,-,Clavaminate synthase-like protein,protein-coding,-,-,-,-,20160917,-
1043004,25417338,M436DRAFT_84402,M436DRAFT_84402,-,-,Unknown,-,hypothetical protein,protein-coding,-,-,-,-,20151104,-
1043004,25417339,M436DRAFT_84403,M436DRAFT_84403,-,-,Unknown,-,"26S proteasome regulatory complex, non-ATPase subcomplex, Rpn2/Psmd1 subunit",protein-coding,-,-,-,-,20160917,-
1043004,25417340,M436DRAFT_84413,M436DRAFT_84413,-,-,Unknown,-,hypothetical protein,protein-coding,-,-,-,-,20160917,-
1043004,25417341,M436DRAFT_84418,M436DRAFT_84418,-,-,Unknown,-,malate dehydrogenase,protein-coding,-,-,-,-,20151212,-
1043004,25417342,M436DRAFT_84419,M436DRAFT_84419,-,-,Unknown,-,histone-fold-containing protein,protein-coding,-,-,-,-,20160917,-
1043004,25417343,M436DRAFT_84438,M436DRAFT_84438,-,-,Unknown,-,hypothetical protein,protein-coding,-,-,-,-,20151104,-
1043004,25417344,M436DRAFT_84440,M436DRAFT_84440,-,-,Unknown,-,hypothetical protein,protein-coding,-,-,-,-,20151104,-
1043004,25417345,M436DRAFT_84442,M436DRAFT_84442,-,-,Unknown,-,hypothetical protein,protein-coding,-,-,-,-,20151104,-
1043004,25417346,M436DRAFT_84447,M436DRAFT_84447,-,-,Unknown,-,hypothetical protein,protein-coding,-,-,-,-,20160917,-
1043004,25417347,M436DRAFT_84452,M436DRAFT_84452,-,-,Unknown,-,"transcription initiation factor IIA, gamma subunit",protein-coding,-,-,-,-,20160917,-
1043004,25417348,M436DRAFT_84458,M436DRAFT_84458,-,-,Unknown,-,calcium permease family membrane transporter,protein-coding,-,-,-,-,20160917,-
1043004,25417349,M436DRAFT_84474,M436DRAFT_84474,-,-,Unknown,-,Got1-domain-containing protein,protein-coding,-,-,-,-,20151212,-
1043004,25417350,M436DRAFT_84476,M436DRAFT_84476,-,-,Unknown,-,hypothetical protein,protein-coding,-,-,-,-,20151212,-
1043004,25417351,M436DRAFT_84478,M436DRAFT_84478,-,-,Unknown,-,galactose oxidase,protein-coding,-,-,-,-,20160917,-
1043004,25417352,M436DRAFT_84489,M436DRAFT_84489,-,-,Unknown,-,hypothetical protein,protein-coding,-,-,-,-,20160917,-
1043004,25417353,M436DRAFT_84495,M436DRAFT_84495,-,-,Unknown,-,hypothetical protein,protein-coding,-,-,-,-,20151104,-
1043004,25417354,M436DRAFT_84497,M436DRAFT_84497,-,-,Unknown,-,hypothetical protein,protein-coding,-,-,-,-,20160325,-
1043004,25417355,M436DRAFT_84503,M436DRAFT_84503,-,-,Unknown,-,hypothetical protein,protein-coding,-,-,-,-,20151104,-
1043004,25417356,M436DRAFT_84506,M436DRAFT_84506,-,-,Unknown,-,hypothetical protein,protein-coding,-,-,-,-,20151104,-
1043004,25417357,M436DRAFT_84507,M436DRAFT_84507,-,-,Unknown,-,hypothetical protein,protein-coding,-,-,-,-,20160917,-
1043004,25417358,M436DRAFT_84508,M436DRAFT_84508,-,-,Unknown,-,hypothetical protein,protein-coding,-,-,-,-,20151104,-
1043004,25417359,M436DRAFT_84509,M436DRAFT_84509,-,-,Unknown,-,hypothetical protein,protein-coding,-,-,-,-,20160917,-
1043004,25417360,M436DRAFT_84524,M436DRAFT_84524,-,-,Unknown,-,hypothetical protein,protein-coding,-,-,-,-,20160917,-
1043004,25417361,M436DRAFT_84526,M436DRAFT_84526,-,-,Unknown,-,hypothetical protein,protein-coding,-,-,-,-,20160917,-
1043004,25417362,M436DRAFT_84531,M436DRAFT_84531,-,-,Unknown,-,oligosaccharyl transferase stt3 subunit,protein-coding,-,-,-,-,20160917,-
1043004,25417363,M436DRAFT_84542,M436DRAFT_84542,-,-,Unknown,-,hypothetical protein,protein-coding,-,-,-,-,20160917,-
1043004,25417364,M436DRAFT_84557,M436DRAFT_84557,-,-,Unknown,-,hypothetical protein,protein-coding,-,-,-,-,20151104,-
1043004,25417365,M436DRAFT_84558,M436DRAFT_84558,-,-,Unknown,-,putative polygalacturonase 2,protein-coding,-,-,-,-,20160917,-
1043004,25417366,M436DRAFT_84560,M436DRAFT_84560,-,-,Unknown,-,hypothetical protein,protein-coding,-,-,-,-,20151104,-
1043004,25417367,M436DRAFT_84567,M436DRAFT_84567,-,-,Unknown,-,hypothetical protein,protein-coding,-,-,-,-,20151104,-
1043004,25417368,M436DRAFT_84574,M436DRAFT_84574,-,-,Unknown,-,nitrogen permease regulator 2,protein-coding,-,-,-,-,20160917,-
1043004,25417369,M436DRAFT_84575,M436DRAFT_84575,-,-,Unknown,-,hypothetical protein,protein-coding,-,-,-,-,20151104,-
1043004,25417370,M436DRAFT_84579,M436DRAFT_84579,-,-,Unknown,-,"mannosyl-oligosaccharide 1,2-alpha-mannosidase precursor",protein-coding,-,-,-,-,20160917,-
1043004,25417371,M436DRAFT_84593,M436DRAFT_84593,-,-,Unknown,-,hypothetical protein,protein-coding,-,-,-,-,20151104,-
1043004,25417372,M436DRAFT_84594,M436DRAFT_84594,-,-,Unknown,-,barwin-like endoglucanase,protein-coding,-,-,-,-,20160917,-
1043004,25417373,M436DRAFT_84598,M436DRAFT_84598,-,-,Unknown,-,ras-domain-containing protein,protein-coding,-,-,-,-,20160917,-
1043004,25417374,M436DRAFT_84600,M436DRAFT_84600,-,-,Unknown,-,kinase-like protein,protein-coding,-,-,-,-,20160917,-
1043004,25417375,M436DRAFT_84603,M436DRAFT_84603,-,-,Unknown,-,hypothetical protein,protein-coding,-,-,-,-,20151104,-
1043004,25417376,M436DRAFT_84604,M436DRAFT_84604,-,-,Unknown,-,hypothetical protein,protein-coding,-,-,-,-,20151104,-
1043004,25417377,M436DRAFT_84605,M436DRAFT_84605,-,-,Unknown,-,hypothetical protein,protein-coding,-,-,-,-,20160325,-
1043004,25417378,M436DRAFT_84610,M436DRAFT_84610,-,-,Unknown,-,hypothetical protein,protein-coding,-,-,-,-,20160917,-
1043004,25417379,M436DRAFT_84612,M436DRAFT_84612,-,-,Unknown,-,DUF803-domain-containing protein,protein-coding,-,-,-,-,20160917,-
1043004,25417380,M436DRAFT_84623,M436DRAFT_84623,-,-,Unknown,-,Pkinase-domain-containing protein,protein-coding,-,-,-,-,20160325,-
1043004,25417381,M436DRAFT_84626,M436DRAFT_84626,-,-,Unknown,-,60S ribosomal protein L7,protein-coding,-,-,-,-,20160917,-
1043004,25417382,M436DRAFT_84627,M436DRAFT_84627,-,-,Unknown,-,hypothetical protein,protein-coding,-,-,-,-,20151104,-
1043004,25417383,M436DRAFT_84629,M436DRAFT_84629,-,-,Unknown,-,26S proteasome subunit P45,protein-coding,-,-,-,-,20160917,-
1043004,25417384,M436DRAFT_84638,M436DRAFT_84638,-,-,Unknown,-,HAD-superfamily hydrolase,protein-coding,-,-,-,-,20160917,-
1043004,25417385,M436DRAFT_84641,M436DRAFT_84641,-,-,Unknown,-,hypothetical protein,protein-coding,-,-,-,-,20160917,-
1043004,25417386,M436DRAFT_84643,M436DRAFT_84643,-,-,Unknown,-,cytochrome b5,protein-coding,-,-,-,-,20160917,-
1043004,25417387,M436DRAFT_84645,M436DRAFT_84645,-,-,Unknown,-,translation machinery associated TMA7,protein-coding,-,-,-,-,20160917,-
1043004,25417388,M436DRAFT_84649,M436DRAFT_84649,-,-,Unknown,-,dolichol-phosphate mannosyltransferase,protein-coding,-,-,-,-,20160917,-
1043004,25417389,M436DRAFT_84653,M436DRAFT_84653,-,-,Unknown,-,hypothetical protein,protein-coding,-,-,-,-,20151104,-
1043004,25417390,M436DRAFT_84658,M436DRAFT_84658,-,-,Unknown,-,peptide transport protein PTR2,protein-coding,-,-,-,-,20160917,-
1043004,25417391,M436DRAFT_84666,M436DRAFT_84666,-,-,Unknown,-,SHMT-domain-containing protein,protein-coding,-,-,-,-,20160917,-
1043004,25417392,M436DRAFT_84672,M436DRAFT_84672,-,-,Unknown,-,hypothetical protein,protein-coding,-,-,-,-,20151104,-
1043004,25417393,M436DRAFT_84680,M436DRAFT_84680,-,-,Unknown,-,hypothetical protein,protein-coding,-,-,-,-,20160917,-
1043004,25417394,M436DRAFT_84691,M436DRAFT_84691,-,-,Unknown,-,DNA-directed RNA polymerase I polypeptide,protein-coding,-,-,-,-,20151212,-
1043004,25417395,M436DRAFT_84697,M436DRAFT_84697,-,-,Unknown,-,hypothetical protein,protein-coding,-,-,-,-,20151104,-
1043004,25417396,M436DRAFT_84699,M436DRAFT_84699,-,-,Unknown,-,vacuolar transporter chaperone 4,protein-coding,-,-,-,-,20151212,-
1043004,25417397,M436DRAFT_84716,M436DRAFT_84716,-,-,Unknown,-,Formate/nitrite transporter,protein-coding,-,-,-,-,20160917,-
1043004,25417398,M436DRAFT_84717,M436DRAFT_84717,-,-,Unknown,-,fatty acid/sphingolipid desaturase,protein-coding,-,-,-,-,20160917,-
1043004,25417399,M436DRAFT_84719,M436DRAFT_84719,-,-,Unknown,-,hypothetical protein,protein-coding,-,-,-,-,20151104,-
1043004,25417400,M436DRAFT_84726,M436DRAFT_84726,-,-,Unknown,-,acyl-CoA N-acyltransferase,protein-coding,-,-,-,-,20160917,-
1043004,25417401,M436DRAFT_84728,M436DRAFT_84728,-,-,Unknown,-,hypothetical protein,protein-coding,-,-,-,-,20151104,-
1043004,25417402,M436DRAFT_84731,M436DRAFT_84731,-,-,Unknown,-,hypothetical protein,protein-coding,-,-,-,-,20151104,-
1043004,25417403,M436DRAFT_84732,M436DRAFT_84732,-,-,Unknown,-,"putative thiazole synthase THI4_ASPOR thiazole biosynthetic enzyme, mitochondrial",protein-coding,-,-,-,-,20160917,-
1043004,25417404,M436DRAFT_84737,M436DRAFT_84737,-,-,Unknown,-,beta and beta-prime subunits of DNA dependent RNA-polymerase,protein-coding,-,-,-,-,20160917,-
1043004,25417405,M436DRAFT_84739,M436DRAFT_84739,-,-,Unknown,-,hypothetical protein,protein-coding,-,-,-,-,20151104,-
1043004,25417406,M436DRAFT_84746,M436DRAFT_84746,-,-,Unknown,-,hypothetical protein,protein-coding,-,-,-,-,20151104,-
1043004,25417407,M436DRAFT_84773,M436DRAFT_84773,-,-,Unknown,-,asparagine synthetase,protein-coding,-,-,-,-,20160917,-
1043004,25417408,M436DRAFT_84778,M436DRAFT_84778,-,-,Unknown,-,hypothetical protein,protein-coding,-,-,-,-,20151104,-
1043004,25417409,M436DRAFT_84783,M436DRAFT_84783,-,-,Unknown,-,hypothetical protein,protein-coding,-,-,-,-,20160917,-
1043004,25417410,M436DRAFT_84785,M436DRAFT_84785,-,-,Unknown,-,ribosomal protein S30,protein-coding,-,-,-,-,20210313,-
1043004,25417411,M436DRAFT_84801,M436DRAFT_84801,-,-,Unknown,-,Pkinase-domain-containing protein,protein-coding,-,-,-,-,20151212,-
1043004,25417412,M436DRAFT_84809,M436DRAFT_84809,-,-,Unknown,-,hypothetical protein,protein-coding,-,-,-,-,20151104,-
1043004,25417413,M436DRAFT_84811,M436DRAFT_84811,-,-,Unknown,-,hypothetical protein,protein-coding,-,-,-,-,20151212,-
1043004,25417414,M436DRAFT_84816,M436DRAFT_84816,-,-,Unknown,-,hypothetical protein,protein-coding,-,-,-,-,20160917,-
1043004,25417415,M436DRAFT_84817,M436DRAFT_84817,-,-,Unknown,-,hypothetical protein,protein-coding,-,-,-,-,20151104,-
1043004,25417416,M436DRAFT_84821,M436DRAFT_84821,-,-,Unknown,-,Adaptor protein complex beta subunit,protein-coding,-,-,-,-,20160917,-
1043004,25417417,M436DRAFT_84822,M436DRAFT_84822,-,-,Unknown,-,hypothetical protein,protein-coding,-,-,-,-,20160917,-
1043004,25417418,M436DRAFT_84825,M436DRAFT_84825,-,-,Unknown,-,hypothetical protein,protein-coding,-,-,-,-,20151104,-
1043004,25417419,M436DRAFT_84828,M436DRAFT_84828,-,-,Unknown,-,hypothetical protein,protein-coding,-,-,-,-,20151104,-
1043004,25417420,M436DRAFT_84831,M436DRAFT_84831,-,-,Unknown,-,hypothetical protein,protein-coding,-,-,-,-,20160917,-
1043004,25417421,M436DRAFT_84834,M436DRAFT_84834,-,-,Unknown,-,hypothetical protein,protein-coding,-,-,-,-,20151104,-
1043004,25417422,M436DRAFT_84836,M436DRAFT_84836,-,-,Unknown,-,hypothetical protein,protein-coding,-,-,-,-,20151104,-
1043004,25417423,M436DRAFT_84841,M436DRAFT_84841,-,-,Unknown,-,hypothetical protein,protein-coding,-,-,-,-,20160325,-
1043004,25417424,M436DRAFT_84844,M436DRAFT_84844,-,-,Unknown,-,mitochondrial carrier,protein-coding,-,-,-,-,20160917,-
1043004,25417425,M436DRAFT_84846,M436DRAFT_84846,-,-,Unknown,-,hypothetical protein,protein-coding,-,-,-,-,20151104,-
1043004,25417426,M436DRAFT_84847,M436DRAFT_84847,-,-,Unknown,-,hypothetical protein,protein-coding,-,-,-,-,20151104,-
1043004,25417427,M436DRAFT_84850,M436DRAFT_84850,-,-,Unknown,-,hypothetical protein,protein-coding,-,-,-,-,20160917,-
1043004,25417428,M436DRAFT_84858,M436DRAFT_84858,-,-,Unknown,-,hypothetical protein,protein-coding,-,-,-,-,20151104,-
1043004,25417429,M436DRAFT_84865,M436DRAFT_84865,-,-,Unknown,-,ARM repeat-containing protein,protein-coding,-,-,-,-,20160917,-
1043004,25417430,M436DRAFT_84874,M436DRAFT_84874,-,-,Unknown,-,hypothetical protein,protein-coding,-,-,-,-,20160917,-
1043004,25417431,M436DRAFT_84877,M436DRAFT_84877,-,-,Unknown,-,S-adenosyl-L-methionine-dependent methyltransferase,protein-coding,-,-,-,-,20160917,-
1043004,25417432,M436DRAFT_84879,M436DRAFT_84879,-,-,Unknown,-,ubiquitin,protein-coding,-,-,-,-,20200926,-
1043004,25417433,M436DRAFT_84880,M436DRAFT_84880,-,-,Unknown,-,zf-UBP-domain-containing protein,protein-coding,-,-,-,-,20160917,-
1043004,25417434,M436DRAFT_84892,M436DRAFT_84892,-,-,Unknown,-,retrieval of early ER protein Rer1,protein-coding,-,-,-,-,20160917,-
1043004,25417435,M436DRAFT_84894,M436DRAFT_84894,-,-,Unknown,-,hypothetical protein,protein-coding,-,-,-,-,20160917,-
1043004,25417436,M436DRAFT_84896,M436DRAFT_84896,-,-,Unknown,-,hypothetical protein,protein-coding,-,-,-,-,20160917,-
1043004,25417437,M436DRAFT_84898,M436DRAFT_84898,-,-,Unknown,-,Brix-domain-containing protein,protein-coding,-,-,-,-,20160917,-
1043004,25417438,M436DRAFT_84900,M436DRAFT_84900,-,-,Unknown,-,hypothetical protein,protein-coding,-,-,-,-,20151104,-
1043004,25417439,M436DRAFT_84901,M436DRAFT_84901,-,-,Unknown,-,hypothetical protein,protein-coding,-,-,-,-,20151104,-
1043004,25417440,M436DRAFT_84902,M436DRAFT_84902,-,-,Unknown,-,hypothetical protein,protein-coding,-,-,-,-,20160325,-
1043004,25417441,M436DRAFT_84903,M436DRAFT_84903,-,-,Unknown,-,hypothetical protein,protein-coding,-,-,-,-,20160917,-
1043004,25417442,M436DRAFT_84904,M436DRAFT_84904,-,-,Unknown,-,hypothetical protein,protein-coding,-,-,-,-,20151104,-
1043004,25417443,M436DRAFT_84911,M436DRAFT_84911,-,-,Unknown,-,hypothetical protein,protein-coding,-,-,-,-,20160325,-
1043004,25417444,M436DRAFT_84913,M436DRAFT_84913,-,-,Unknown,-,hypothetical protein,protein-coding,-,-,-,-,20160917,-
1043004,25417445,M436DRAFT_84914,M436DRAFT_84914,-,-,Unknown,-,pectin lyase-like protein,protein-coding,-,-,-,-,20160917,-
1043004,25417446,M436DRAFT_84918,M436DRAFT_84918,-,-,Unknown,-,hypothetical protein,protein-coding,-,-,-,-,20151104,-
1043004,25417447,M436DRAFT_84920,M436DRAFT_84920,-,-,Unknown,-,glycoside hydrolase,protein-coding,-,-,-,-,20160917,-
1043004,25417448,M436DRAFT_84923,M436DRAFT_84923,-,-,Unknown,-,hypothetical protein,protein-coding,-,-,-,-,20151104,-
1043004,25417449,M436DRAFT_84924,M436DRAFT_84924,-,-,Unknown,-,hypothetical protein,protein-coding,-,-,-,-,20151104,-
1043004,25417450,M436DRAFT_84927,M436DRAFT_84927,-,-,Unknown,-,hypothetical protein,protein-coding,-,-,-,-,20160917,-
1043004,25417451,M436DRAFT_84949,M436DRAFT_84949,-,-,Unknown,-,eukaryotic translation initiation factor 3,protein-coding,-,-,-,-,20160917,-
1043004,25417452,M436DRAFT_84954,M436DRAFT_84954,-,-,Unknown,-,profilin,protein-coding,-,-,-,-,20160917,-
1043004,25417453,M436DRAFT_84972,M436DRAFT_84972,-,-,Unknown,-,hypothetical protein,protein-coding,-,-,-,-,20151104,-
1043004,25417454,M436DRAFT_84973,M436DRAFT_84973,-,-,Unknown,-,hypothetical protein,protein-coding,-,-,-,-,20151104,-
1043004,25417455,M436DRAFT_84979,M436DRAFT_84979,-,-,Unknown,-,hypothetical protein,protein-coding,-,-,-,-,20151104,-
1043004,25417456,M436DRAFT_84980,M436DRAFT_84980,-,-,Unknown,-,hypothetical protein,protein-coding,-,-,-,-,20151104,-
1043004,25417457,M436DRAFT_84981,M436DRAFT_84981,-,-,Unknown,-,RNA-binding domain-containing protein,protein-coding,-,-,-,-,20160917,-
1043004,25417458,M436DRAFT_84985,M436DRAFT_84985,-,-,Unknown,-,putative mitochondrial dihydroxy acid dehydratase,protein-coding,-,-,-,-,20160917,-
1043004,25417459,M436DRAFT_84993,M436DRAFT_84993,-,-,Unknown,-,hypothetical protein,protein-coding,-,-,-,-,20151104,-
1043004,25417460,M436DRAFT_84995,M436DRAFT_84995,-,-,Unknown,-,hypothetical protein,protein-coding,-,-,-,-,20160917,-
1043004,25417461,M436DRAFT_85001,M436DRAFT_85001,-,-,Unknown,-,hypothetical protein,protein-coding,-,-,-,-,20160917,-
1043004,25417462,M436DRAFT_85003,M436DRAFT_85003,-,-,Unknown,-,SGNH hydrolase,protein-coding,-,-,-,-,20151212,-
1043004,25417463,M436DRAFT_85006,M436DRAFT_85006,-,-,Unknown,-,hypothetical protein,protein-coding,-,-,-,-,20160325,-
1043004,25417464,M436DRAFT_85012,M436DRAFT_85012,-,-,Unknown,-,YjgF-like protein,protein-coding,-,-,-,-,20160917,-
1043004,25417465,M436DRAFT_85020,M436DRAFT_85020,-,-,Unknown,-,hypothetical protein,protein-coding,-,-,-,-,20151104,-
1043004,25417466,M436DRAFT_85025,M436DRAFT_85025,-,-,Unknown,-,kynureninase,protein-coding,-,-,-,-,20160917,-
1043004,25417467,M436DRAFT_85026,M436DRAFT_85026,-,-,Unknown,-,putative alpha-glucosidase AgdA,protein-coding,-,-,-,-,20160917,-
1043004,25417468,M436DRAFT_85034,M436DRAFT_85034,-,-,Unknown,-,hypothetical protein,protein-coding,-,-,-,-,20151104,-
1043004,25417469,M436DRAFT_85035,M436DRAFT_85035,-,-,Unknown,-,hypothetical protein,protein-coding,-,-,-,-,20151104,-
1043004,25417470,M436DRAFT_85036,M436DRAFT_85036,-,-,Unknown,-,DUF383-domain-containing protein,protein-coding,-,-,-,-,20160917,-
1043004,25417471,M436DRAFT_85043,M436DRAFT_85043,-,-,Unknown,-,hypothetical protein,protein-coding,-,-,-,-,20151104,-
1043004,25417472,M436DRAFT_85045,M436DRAFT_85045,-,-,Unknown,-,hypothetical protein,protein-coding,-,-,-,-,20151104,-
1043004,25417473,M436DRAFT_85046,M436DRAFT_85046,-,-,Unknown,-,hypothetical protein,protein-coding,-,-,-,-,20151104,-
1043004,25417474,M436DRAFT_85049,M436DRAFT_85049,-,-,Unknown,-,hypothetical protein,protein-coding,-,-,-,-,20151104,-
1043004,25417475,M436DRAFT_85058,M436DRAFT_85058,-,-,Unknown,-,hypothetical protein,protein-coding,-,-,-,-,20160917,-
1043004,25417476,M436DRAFT_85064,M436DRAFT_85064,-,-,Unknown,-,Phosphoacetylglucosamine mutase,protein-coding,-,-,-,-,20151212,-
1043004,25417477,M436DRAFT_85066,M436DRAFT_85066,-,-,Unknown,-,hypothetical protein,protein-coding,-,-,-,-,20160917,-
1043004,25417478,M436DRAFT_85067,M436DRAFT_85067,-,-,Unknown,-,hypothetical protein,protein-coding,-,-,-,-,20160917,-
1043004,25417479,M436DRAFT_85069,M436DRAFT_85069,-,-,Unknown,-,hypothetical protein,protein-coding,-,-,-,-,20151104,-
1043004,25417480,M436DRAFT_85076,M436DRAFT_85076,-,-,Unknown,-,antiviral helicase,protein-coding,-,-,-,-,20160917,-
1043004,25417481,M436DRAFT_85091,M436DRAFT_85091,-,-,Unknown,-,MFS putative major facilitator superfamily transporter,protein-coding,-,-,-,-,20160917,-
1043004,25417482,M436DRAFT_85107,M436DRAFT_85107,-,-,Unknown,-,hypothetical protein,protein-coding,-,-,-,-,20151104,-
1043004,25417483,M436DRAFT_85126,M436DRAFT_85126,-,-,Unknown,-,hypothetical protein,protein-coding,-,-,-,-,20151104,-
1043004,25417484,M436DRAFT_85128,M436DRAFT_85128,-,-,Unknown,-,hypothetical protein,protein-coding,-,-,-,-,20151212,-
1043004,25417485,M436DRAFT_85137,M436DRAFT_85137,-,-,Unknown,-,hypothetical protein,protein-coding,-,-,-,-,20151104,-
1043004,25417486,M436DRAFT_85144,M436DRAFT_85144,-,-,Unknown,-,hypothetical protein,protein-coding,-,-,-,-,20151212,-
1043004,25417487,M436DRAFT_85160,M436DRAFT_85160,-,-,Unknown,-,putative carboxypeptidase S1,protein-coding,-,-,-,-,20160917,-
1043004,25417488,M436DRAFT_85167,M436DRAFT_85167,-,-,Unknown,-,hypothetical protein,protein-coding,-,-,-,-,20151104,-
1043004,25417489,M436DRAFT_85169,M436DRAFT_85169,-,-,Unknown,-,hypothetical protein,protein-coding,-,-,-,-,20160917,-
1043004,25417490,M436DRAFT_85180,M436DRAFT_85180,-,-,Unknown,-,hypothetical protein,protein-coding,-,-,-,-,20151104,-
1043004,25417491,M436DRAFT_85182,M436DRAFT_85182,-,-,Unknown,-,meiotically up-regulated gene 190 protein,protein-coding,-,-,-,-,20151212,-
1043004,25417492,M436DRAFT_85184,M436DRAFT_85184,-,-,Unknown,-,hypothetical protein,protein-coding,-,-,-,-,20160917,-
1043004,25417493,M436DRAFT_85192,M436DRAFT_85192,-,-,Unknown,-,cytochrome P450,protein-coding,-,-,-,-,20160917,-
1043004,25417494,M436DRAFT_85194,M436DRAFT_85194,-,-,Unknown,-,beta-glucan synthesis-associated,protein-coding,-,-,-,-,20160917,-
1043004,25417495,M436DRAFT_85198,M436DRAFT_85198,-,-,Unknown,-,hypothetical protein,protein-coding,-,-,-,-,20160917,-
1043004,25417496,M436DRAFT_85201,M436DRAFT_85201,-,-,Unknown,-,hypothetical protein,protein-coding,-,-,-,-,20151104,-
1043004,25417497,M436DRAFT_85206,M436DRAFT_85206,-,-,Unknown,-,polygalacturonase precursor,protein-coding,-,-,-,-,20160917,-
1043004,25417498,M436DRAFT_85208,M436DRAFT_85208,-,-,Unknown,-,hypothetical protein,protein-coding,-,-,-,-,20151104,-
1043004,25417499,M436DRAFT_85215,M436DRAFT_85215,-,-,Unknown,-,hypothetical protein,protein-coding,-,-,-,-,20160917,-
1043004,25417500,M436DRAFT_85222,M436DRAFT_85222,-,-,Unknown,-,hypothetical protein,protein-coding,-,-,-,-,20160917,-
1043004,25417501,M436DRAFT_85228,M436DRAFT_85228,-,-,Unknown,-,hypothetical protein,protein-coding,-,-,-,-,20151104,-
1043004,25417502,M436DRAFT_85269,M436DRAFT_85269,-,-,Unknown,-,phosphatases II,protein-coding,-,-,-,-,20160917,-
1043004,25417503,M436DRAFT_85270,M436DRAFT_85270,-,-,Unknown,-,hypothetical protein,protein-coding,-,-,-,-,20160917,-
1043004,25417504,M436DRAFT_85271,M436DRAFT_85271,-,-,Unknown,-,putative isoamyl alcohol oxidase,protein-coding,-,-,-,-,20160917,-
1043004,25417505,M436DRAFT_85275,M436DRAFT_85275,-,-,Unknown,-,hypothetical protein,protein-coding,-,-,-,-,20160917,-
1043004,25417506,M436DRAFT_85279,M436DRAFT_85279,-,-,Unknown,-,hypothetical protein,protein-coding,-,-,-,-,20160325,-
1043004,25417507,M436DRAFT_85287,M436DRAFT_85287,-,-,Unknown,-,MFS general substrate transporter,protein-coding,-,-,-,-,20160917,-
1043004,25417508,M436DRAFT_85289,M436DRAFT_85289,-,-,Unknown,-,xanthine dehydrogenase,protein-coding,-,-,-,-,20160917,-
1043004,25417509,M436DRAFT_85293,M436DRAFT_85293,-,-,Unknown,-,hypothetical protein,protein-coding,-,-,-,-,20160917,-
1043004,25417510,M436DRAFT_85294,M436DRAFT_85294,-,-,Unknown,-,hypothetical protein,protein-coding,-,-,-,-,20151104,-
1043004,25417511,M436DRAFT_85297,M436DRAFT_85297,-,-,Unknown,-,hypothetical protein,protein-coding,-,-,-,-,20151104,-
1043004,25417512,M436DRAFT_85298,M436DRAFT_85298,-,-,Unknown,-,hypothetical protein,protein-coding,-,-,-,-,20151104,-
1043004,25417513,M436DRAFT_85305,M436DRAFT_85305,-,-,Unknown,-,hypothetical protein,protein-coding,-,-,-,-,20151104,-
1043004,25417514,M436DRAFT_85306,M436DRAFT_85306,-,-,Unknown,-,hypothetical protein,protein-coding,-,-,-,-,20151104,-
1043004,25417515,M436DRAFT_85308,M436DRAFT_85308,-,-,Unknown,-,pantothenate transporter-like protein,protein-coding,-,-,-,-,20151212,-
1043004,25417516,M436DRAFT_85317,M436DRAFT_85317,-,-,Unknown,-,hypothetical protein,protein-coding,-,-,-,-,20151104,-
1043004,25417517,M436DRAFT_85319,M436DRAFT_85319,-,-,Unknown,-,hypothetical protein,protein-coding,-,-,-,-,20151104,-
1043004,25417518,M436DRAFT_85333,M436DRAFT_85333,-,-,Unknown,-,PLP-dependent transferase,protein-coding,-,-,-,-,20151212,-
1043004,25417519,M436DRAFT_85344,M436DRAFT_85344,-,-,Unknown,-,hypothetical protein,protein-coding,-,-,-,-,20160917,-
1043004,25417520,M436DRAFT_85350,M436DRAFT_85350,-,-,Unknown,-,HCP-like protein,protein-coding,-,-,-,-,20160917,-
1043004,25417521,M436DRAFT_85353,M436DRAFT_85353,-,-,Unknown,-,hypothetical protein,protein-coding,-,-,-,-,20160917,-
1043004,25417522,M436DRAFT_85365,M436DRAFT_85365,-,-,Unknown,-,putative biotin apo-protein ligase,protein-coding,-,-,-,-,20160917,-
1043004,25417523,M436DRAFT_85369,M436DRAFT_85369,-,-,Unknown,-,histone-fold-containing protein,protein-coding,-,-,-,-,20160325,-
1043004,25417524,M436DRAFT_85389,M436DRAFT_85389,-,-,Unknown,-,amidase signature enzyme,protein-coding,-,-,-,-,20151212,-
1043004,25417525,M436DRAFT_85391,M436DRAFT_85391,-,-,Unknown,-,hypothetical protein,protein-coding,-,-,-,-,20151212,-
1043004,25417526,M436DRAFT_85398,M436DRAFT_85398,-,-,Unknown,-,glutathione transferase omega-1,protein-coding,-,-,-,-,20160917,-
1043004,25417527,M436DRAFT_85399,M436DRAFT_85399,-,-,Unknown,-,hypothetical protein,protein-coding,-,-,-,-,20160917,-
1043004,25417528,M436DRAFT_85406,M436DRAFT_85406,-,-,Unknown,-,hypothetical protein,protein-coding,-,-,-,-,20151104,-
1043004,25417529,M436DRAFT_85409,M436DRAFT_85409,-,-,Unknown,-,TPR-like protein,protein-coding,-,-,-,-,20160917,-
1043004,25417530,M436DRAFT_85413,M436DRAFT_85413,-,-,Unknown,-,hypothetical protein,protein-coding,-,-,-,-,20151104,-
1043004,25417531,M436DRAFT_85423,M436DRAFT_85423,-,-,Unknown,-,hypothetical protein,protein-coding,-,-,-,-,20160917,-
1043004,25417532,M436DRAFT_85430,M436DRAFT_85430,-,-,Unknown,-,asparaginyl-tRNA synthetase,protein-coding,-,-,-,-,20160917,-
1043004,25417533,M436DRAFT_85434,M436DRAFT_85434,-,-,Unknown,-,hypothetical protein,protein-coding,-,-,-,-,20151104,-
1043004,25417534,M436DRAFT_85446,M436DRAFT_85446,-,-,Unknown,-,hypothetical protein,protein-coding,-,-,-,-,20160917,-
1043004,25417535,M436DRAFT_85448,M436DRAFT_85448,-,-,Unknown,-,hypothetical protein,protein-coding,-,-,-,-,20160917,-
1043004,25417536,M436DRAFT_85459,M436DRAFT_85459,-,-,Unknown,-,hypothetical protein,protein-coding,-,-,-,-,20151104,-
1043004,25417537,M436DRAFT_85460,M436DRAFT_85460,-,-,Unknown,-,putative N amino acid transport system protein,protein-coding,-,-,-,-,20160917,-
1043004,25417538,M436DRAFT_85461,M436DRAFT_85461,-,-,Unknown,-,nicotinate-nucleotide pyrophosphorylase,protein-coding,-,-,-,-,20151212,-
1043004,25417539,M436DRAFT_85465,M436DRAFT_85465,-,-,Unknown,-,hypothetical protein,protein-coding,-,-,-,-,20160917,-
1043004,25417540,M436DRAFT_85470,M436DRAFT_85470,-,-,Unknown,-,"UDP-glucose,sterol transferase",protein-coding,-,-,-,-,20151212,-
1043004,25417541,M436DRAFT_85473,M436DRAFT_85473,-,-,Unknown,-,hypothetical protein,protein-coding,-,-,-,-,20160917,-
1043004,25417542,M436DRAFT_85482,M436DRAFT_85482,-,-,Unknown,-,hypothetical protein,protein-coding,-,-,-,-,20151212,-
1043004,25417543,M436DRAFT_85486,M436DRAFT_85486,-,-,Unknown,-,DEAD-domain-containing protein,protein-coding,-,-,-,-,20160325,-
1043004,25417544,M436DRAFT_85502,M436DRAFT_85502,-,-,Unknown,-,hypothetical protein,protein-coding,-,-,-,-,20151104,-
1043004,25417545,M436DRAFT_85504,M436DRAFT_85504,-,-,Unknown,-,hypothetical protein,protein-coding,-,-,-,-,20160917,-
1043004,25417546,M436DRAFT_85546,M436DRAFT_85546,-,-,Unknown,-,proteasome subunit beta type-3,protein-coding,-,-,-,-,20191025,-
1043004,25417547,M436DRAFT_85553,M436DRAFT_85553,-,-,Unknown,-,galactose oxidase,protein-coding,-,-,-,-,20160917,-
1043004,25417548,M436DRAFT_85554,M436DRAFT_85554,-,-,Unknown,-,alpha/beta-hydrolase,protein-coding,-,-,-,-,20160917,-
1043004,25417549,M436DRAFT_85559,M436DRAFT_85559,-,-,Unknown,-,MFS general substrate transporter,protein-coding,-,-,-,-,20151212,-
1043004,25417550,M436DRAFT_85565,M436DRAFT_85565,-,-,Unknown,-,hypothetical protein,protein-coding,-,-,-,-,20151104,-
1043004,25417551,M436DRAFT_85580,M436DRAFT_85580,-,-,Unknown,-,histone-fold-containing protein,protein-coding,-,-,-,-,20160917,-
1043004,25417552,M436DRAFT_85594,M436DRAFT_85594,-,-,Unknown,-,hypothetical protein,protein-coding,-,-,-,-,20151104,-
1043004,25417553,M436DRAFT_85596,M436DRAFT_85596,-,-,Unknown,-,hypothetical protein,protein-coding,-,-,-,-,20160917,-
1043004,25417554,M436DRAFT_85608,M436DRAFT_85608,-,-,Unknown,-,p53-like transcription factor,protein-coding,-,-,-,-,20160917,-
1043004,25417555,M436DRAFT_85615,M436DRAFT_85615,-,-,Unknown,-,Sm-like ribonucleo protein,protein-coding,-,-,-,-,20151212,-
1043004,25417556,M436DRAFT_85616,M436DRAFT_85616,-,-,Unknown,-,hypothetical protein,protein-coding,-,-,-,-,20151212,-
1043004,25417557,M436DRAFT_85617,M436DRAFT_85617,-,-,Unknown,-,glutamyl-tRNA amidotransferas-like protein subunit A,protein-coding,-,-,-,-,20160917,-
1043004,25417558,M436DRAFT_85624,M436DRAFT_85624,-,-,Unknown,-,"1,3-beta-glucan synthase",protein-coding,-,-,-,-,20160917,-
1043004,25417559,M436DRAFT_85626,M436DRAFT_85626,-,-,Unknown,-,hypothetical protein,protein-coding,-,-,-,-,20160917,-
1043004,25417560,M436DRAFT_85631,M436DRAFT_85631,-,-,Unknown,-,hypothetical protein,protein-coding,-,-,-,-,20151104,-
1043004,25417561,M436DRAFT_85642,M436DRAFT_85642,-,-,Unknown,-,hypothetical protein,protein-coding,-,-,-,-,20151104,-
1043004,25417562,M436DRAFT_85643,M436DRAFT_85643,-,-,Unknown,-,hypothetical protein,protein-coding,-,-,-,-,20151104,-
1043004,25417563,M436DRAFT_85645,M436DRAFT_85645,-,-,Unknown,-,glutamine synthetase/guanido kinase,protein-coding,-,-,-,-,20160917,-
1043004,25417564,M436DRAFT_85655,M436DRAFT_85655,-,-,Unknown,-,hypothetical protein,protein-coding,-,-,-,-,20170520,-
1043004,25417565,M436DRAFT_85658,M436DRAFT_85658,-,-,Unknown,-,hypothetical protein,protein-coding,-,-,-,-,20160917,-
1043004,25417566,M436DRAFT_85660,M436DRAFT_85660,-,-,Unknown,-,hypothetical protein,protein-coding,-,-,-,-,20160325,-
1043004,25417567,M436DRAFT_85661,M436DRAFT_85661,-,-,Unknown,-,hypothetical protein,protein-coding,-,-,-,-,20151104,-
1043004,25417568,M436DRAFT_85670,M436DRAFT_85670,-,-,Unknown,-,hypothetical protein,protein-coding,-,-,-,-,20151104,-
1043004,25417569,M436DRAFT_85672,M436DRAFT_85672,-,-,Unknown,-,X-Pro dipeptidyl-peptidase protein,protein-coding,-,-,-,-,20160917,-
1043004,25417570,M436DRAFT_85674,M436DRAFT_85674,-,-,Unknown,-,hypothetical protein,protein-coding,-,-,-,-,20151104,-
1043004,25417571,M436DRAFT_85675,M436DRAFT_85675,-,-,Unknown,-,hypothetical protein,protein-coding,-,-,-,-,20160917,-
1043004,25417572,M436DRAFT_85682,M436DRAFT_85682,-,-,Unknown,-,hypothetical protein,protein-coding,-,-,-,-,20151104,-
1043004,25417573,M436DRAFT_85692,M436DRAFT_85692,-,-,Unknown,-,hypothetical protein,protein-coding,-,-,-,-,20160917,-
1043004,25417574,M436DRAFT_85693,M436DRAFT_85693,-,-,Unknown,-,"Prefoldin, subunit 3",protein-coding,-,-,-,-,20160917,-
1043004,25417575,M436DRAFT_85709,M436DRAFT_85709,-,-,Unknown,-,beta-galactosidase,protein-coding,-,-,-,-,20160917,-
1043004,25417576,M436DRAFT_85730,M436DRAFT_85730,-,-,Unknown,-,DNA binding methylated-DNA--cysteine S-methyltransferase,protein-coding,-,-,-,-,20160917,-
1043004,25417577,M436DRAFT_85738,M436DRAFT_85738,-,-,Unknown,-,mitochondrial carrier,protein-coding,-,-,-,-,20160917,-
1043004,25417578,M436DRAFT_85744,M436DRAFT_85744,-,-,Unknown,-,putative feruloyl esterase,protein-coding,-,-,-,-,20160917,-
1043004,25417579,M436DRAFT_85750,M436DRAFT_85750,-,-,Unknown,-,hypothetical protein,protein-coding,-,-,-,-,20151104,-
1043004,25417580,M436DRAFT_85752,M436DRAFT_85752,-,-,Unknown,-,hypothetical protein,protein-coding,-,-,-,-,20160917,-
1043004,25417581,M436DRAFT_85757,M436DRAFT_85757,-,-,Unknown,-,hypothetical protein,protein-coding,-,-,-,-,20151104,-
1043004,25417582,M436DRAFT_85758,M436DRAFT_85758,-,-,Unknown,-,acetyl-CoA carboxylase acc1,protein-coding,-,-,-,-,20160917,-
1043004,25417583,M436DRAFT_85762,M436DRAFT_85762,-,-,Unknown,-,hypothetical protein,protein-coding,-,-,-,-,20160325,-
1043004,25417584,M436DRAFT_85766,M436DRAFT_85766,-,-,Unknown,-,hypothetical protein,protein-coding,-,-,-,-,20151104,-
1043004,25417585,M436DRAFT_85768,M436DRAFT_85768,-,-,Unknown,-,hypothetical protein,protein-coding,-,-,-,-,20160917,-
1043004,25417586,M436DRAFT_85776,M436DRAFT_85776,-,-,Unknown,-,hypothetical protein,protein-coding,-,-,-,-,20160325,-
1043004,25417587,M436DRAFT_85777,M436DRAFT_85777,-,-,Unknown,-,hypothetical protein,protein-coding,-,-,-,-,20160917,-
1043004,25417588,M436DRAFT_85781,M436DRAFT_85781,-,-,Unknown,-,hypothetical protein,protein-coding,-,-,-,-,20160917,-
1043004,25417589,M436DRAFT_85783,M436DRAFT_85783,-,-,Unknown,-,putative nuclear transport factor NTF-2,protein-coding,-,-,-,-,20151212,-
1043004,25417590,M436DRAFT_85785,M436DRAFT_85785,-,-,Unknown,-,hypothetical protein,protein-coding,-,-,-,-,20151104,-
1043004,25417591,M436DRAFT_85787,M436DRAFT_85787,-,-,Unknown,-,hypothetical protein,protein-coding,-,-,-,-,20151104,-
1043004,25417592,M436DRAFT_85794,M436DRAFT_85794,-,-,Unknown,-,arabinofuranosidase,protein-coding,-,-,-,-,20151212,-
1043004,25417593,M436DRAFT_85807,M436DRAFT_85807,-,-,Unknown,-,P34-Arc-domain-containing protein,protein-coding,-,-,-,-,20160917,-
1043004,25417594,M436DRAFT_85810,M436DRAFT_85810,-,-,Unknown,-,hypothetical protein,protein-coding,-,-,-,-,20160917,-
1043004,25417595,M436DRAFT_85813,M436DRAFT_85813,-,-,Unknown,-,hypothetical protein,protein-coding,-,-,-,-,20160917,-
1043004,25417596,M436DRAFT_85815,M436DRAFT_85815,-,-,Unknown,-,actin-like ATPase domain-containing protein,protein-coding,-,-,-,-,20160917,-
1043004,25417597,M436DRAFT_85826,M436DRAFT_85826,-,-,Unknown,-,hypothetical protein,protein-coding,-,-,-,-,20151104,-
1043004,25417598,M436DRAFT_85828,M436DRAFT_85828,-,-,Unknown,-,hypothetical protein,protein-coding,-,-,-,-,20160917,-
1043004,25417599,M436DRAFT_85837,M436DRAFT_85837,-,-,Unknown,-,hypothetical protein,protein-coding,-,-,-,-,20151104,-
1043004,25417600,M436DRAFT_85840,M436DRAFT_85840,-,-,Unknown,-,PIN domain-like protein,protein-coding,-,-,-,-,20160917,-
1043004,25417601,M436DRAFT_85842,M436DRAFT_85842,-,-,Unknown,-,mitochondrial glyco protein,protein-coding,-,-,-,-,20160917,-
1043004,25417602,M436DRAFT_85848,M436DRAFT_85848,-,-,Unknown,-,ENA P-type ATPase 2,protein-coding,-,-,-,-,20160917,-
1043004,25417603,M436DRAFT_85853,M436DRAFT_85853,-,-,Unknown,-,hypothetical protein,protein-coding,-,-,-,-,20160325,-
1043004,25417604,M436DRAFT_85863,M436DRAFT_85863,-,-,Unknown,-,hypothetical protein,protein-coding,-,-,-,-,20160917,-
1043004,25417605,M436DRAFT_85867,M436DRAFT_85867,-,-,Unknown,-,hypothetical protein,protein-coding,-,-,-,-,20151104,-
1043004,25417606,M436DRAFT_85904,M436DRAFT_85904,-,-,Unknown,-,adenylylsulfate kinase,protein-coding,-,-,-,-,20160917,-
1043004,25417607,M436DRAFT_85911,M436DRAFT_85911,-,-,Unknown,-,GCS-domain-containing protein,protein-coding,-,-,-,-,20160917,-
1043004,25417608,M436DRAFT_85913,M436DRAFT_85913,-,-,Unknown,-,hypothetical protein,protein-coding,-,-,-,-,20151104,-
1043004,25417609,M436DRAFT_85916,M436DRAFT_85916,-,-,Unknown,-,MFS general substrate transporter,protein-coding,-,-,-,-,20160325,-
1043004,25417610,M436DRAFT_85925,M436DRAFT_85925,-,-,Unknown,-,hypothetical protein,protein-coding,-,-,-,-,20160917,-
1043004,25417611,M436DRAFT_85935,M436DRAFT_85935,-,-,Unknown,-,hypothetical protein,protein-coding,-,-,-,-,20151104,-
1043004,25417612,M436DRAFT_85939,M436DRAFT_85939,-,-,Unknown,-,glutathione peroxidase 1,protein-coding,-,-,-,-,20160917,-
1043004,25417613,M436DRAFT_85944,M436DRAFT_85944,-,-,Unknown,-,UPF0057-domain-containing protein,protein-coding,-,-,-,-,20160917,-
1043004,25417614,M436DRAFT_85960,M436DRAFT_85960,-,-,Unknown,-,DEAD-domain-containing protein,protein-coding,-,-,-,-,20160917,-
1043004,25417615,M436DRAFT_85963,M436DRAFT_85963,-,-,Unknown,-,hypothetical protein,protein-coding,-,-,-,-,20151104,-
1043004,25417616,M436DRAFT_85967,M436DRAFT_85967,-,-,Unknown,-,hypothetical protein,protein-coding,-,-,-,-,20160917,-
1043004,25417617,M436DRAFT_85974,M436DRAFT_85974,-,-,Unknown,-,hypothetical protein,protein-coding,-,-,-,-,20151104,-
1043004,25417618,M436DRAFT_85976,M436DRAFT_85976,-,-,Unknown,-,hypothetical protein,protein-coding,-,-,-,-,20160917,-
1043004,25417619,M436DRAFT_85986,M436DRAFT_85986,-,-,Unknown,-,hypothetical protein,protein-coding,-,-,-,-,20151104,-
1043004,25417620,M436DRAFT_85990,M436DRAFT_85990,-,-,Unknown,-,hypothetical protein,protein-coding,-,-,-,-,20151104,-
1043004,25417621,M436DRAFT_85999,M436DRAFT_85999,-,-,Unknown,-,hypothetical protein,protein-coding,-,-,-,-,20151104,-
1043004,25417622,M436DRAFT_86000,M436DRAFT_86000,-,-,Unknown,-,hypothetical protein,protein-coding,-,-,-,-,20160917,-
1043004,25417623,M436DRAFT_86002,M436DRAFT_86002,-,-,Unknown,-,hypothetical protein,protein-coding,-,-,-,-,20151104,-
1043004,25417624,M436DRAFT_86003,M436DRAFT_86003,-,-,Unknown,-,hypothetical protein,protein-coding,-,-,-,-,20151104,-
1043004,25417625,M436DRAFT_86008,M436DRAFT_86008,-,-,Unknown,-,hypothetical protein,protein-coding,-,-,-,-,20151104,-
1043004,25417626,M436DRAFT_86010,M436DRAFT_86010,-,-,Unknown,-,hypothetical protein,protein-coding,-,-,-,-,20160325,-
1043004,25417627,M436DRAFT_86011,M436DRAFT_86011,-,-,Unknown,-,hypothetical protein,protein-coding,-,-,-,-,20151104,-
1043004,25417628,M436DRAFT_86021,M436DRAFT_86021,-,-,Unknown,-,hypothetical protein,protein-coding,-,-,-,-,20151104,-
1043004,25417629,M436DRAFT_86023,M436DRAFT_86023,-,-,Unknown,-,hypothetical protein,protein-coding,-,-,-,-,20160917,-
1043004,25417630,M436DRAFT_86024,M436DRAFT_86024,-,-,Unknown,-,hypothetical protein,protein-coding,-,-,-,-,20151104,-
1043004,25417631,M436DRAFT_86031,M436DRAFT_86031,-,-,Unknown,-,hypothetical protein,protein-coding,-,-,-,-,20151104,-
1043004,25417632,M436DRAFT_86033,M436DRAFT_86033,-,-,Unknown,-,hypothetical protein,protein-coding,-,-,-,-,20151104,-
1043004,25417633,M436DRAFT_86034,M436DRAFT_86034,-,-,Unknown,-,hypothetical protein,protein-coding,-,-,-,-,20151104,-
1043004,25417634,M436DRAFT_86036,M436DRAFT_86036,-,-,Unknown,-,hypothetical protein,protein-coding,-,-,-,-,20151104,-
1043004,25417635,M436DRAFT_86037,M436DRAFT_86037,-,-,Unknown,-,hypothetical protein,protein-coding,-,-,-,-,20160917,-
1043004,25417636,M436DRAFT_86042,M436DRAFT_86042,-,-,Unknown,-,hypothetical protein,protein-coding,-,-,-,-,20151104,-
1043004,25417637,M436DRAFT_86043,M436DRAFT_86043,-,-,Unknown,-,hypothetical protein,protein-coding,-,-,-,-,20151104,-
1043004,25417638,M436DRAFT_86044,M436DRAFT_86044,-,-,Unknown,-,hypothetical protein,protein-coding,-,-,-,-,20151104,-
1043004,25417639,M436DRAFT_86050,M436DRAFT_86050,-,-,Unknown,-,hypothetical protein,protein-coding,-,-,-,-,20160917,-
1043004,25417640,M436DRAFT_86062,M436DRAFT_86062,-,-,Unknown,-,chromatin associated protein KTI12,protein-coding,-,-,-,-,20160917,-
1043004,25417641,M436DRAFT_86074,M436DRAFT_86074,-,-,Unknown,-,hypothetical protein,protein-coding,-,-,-,-,20151104,-
1043004,25417642,M436DRAFT_86085,M436DRAFT_86085,-,-,Unknown,-,hypothetical protein,protein-coding,-,-,-,-,20160917,-
1043004,25417643,M436DRAFT_86093,M436DRAFT_86093,-,-,Unknown,-,hypothetical protein,protein-coding,-,-,-,-,20160917,-
1043004,25417644,M436DRAFT_86098,M436DRAFT_86098,-,-,Unknown,-,NCA2-domain-containing protein,protein-coding,-,-,-,-,20160917,-
1043004,25417645,M436DRAFT_86099,M436DRAFT_86099,-,-,Unknown,-,hypothetical protein,protein-coding,-,-,-,-,20160917,-
1043004,25417646,M436DRAFT_86106,M436DRAFT_86106,-,-,Unknown,-,hypothetical protein,protein-coding,-,-,-,-,20151104,-
1043004,25417647,M436DRAFT_86108,M436DRAFT_86108,-,-,Unknown,-,monoamine oxidase N,protein-coding,-,-,-,-,20160917,-
1043004,25417648,M436DRAFT_86110,M436DRAFT_86110,-,-,Unknown,-,hypothetical protein,protein-coding,-,-,-,-,20151104,-
1043004,25417649,M436DRAFT_86112,M436DRAFT_86112,-,-,Unknown,-,hypothetical protein,protein-coding,-,-,-,-,20160325,-
1043004,25417650,M436DRAFT_86117,M436DRAFT_86117,-,-,Unknown,-,hypothetical protein,protein-coding,-,-,-,-,20160917,-
1043004,25417651,M436DRAFT_86120,M436DRAFT_86120,-,-,Unknown,-,MFS general substrate transporter,protein-coding,-,-,-,-,20151212,-
1043004,25417652,M436DRAFT_86121,M436DRAFT_86121,-,-,Unknown,-,general substrate transporter,protein-coding,-,-,-,-,20160917,-
1043004,25417653,M436DRAFT_86122,M436DRAFT_86122,-,-,Unknown,-,hypothetical protein,protein-coding,-,-,-,-,20151104,-
1043004,25417654,M436DRAFT_86125,M436DRAFT_86125,-,-,Unknown,-,putative MFS transporter,protein-coding,-,-,-,-,20151212,-
1043004,25417655,M436DRAFT_86128,M436DRAFT_86128,-,-,Unknown,-,alpha glucuronidase,protein-coding,-,-,-,-,20160917,-
1043004,25417656,M436DRAFT_86129,M436DRAFT_86129,-,-,Unknown,-,NAD(P)-binding protein,protein-coding,-,-,-,-,20160917,-
1043004,25417657,M436DRAFT_86131,M436DRAFT_86131,-,-,Unknown,-,glycoside hydrolase,protein-coding,-,-,-,-,20160917,-
1043004,25417658,M436DRAFT_86133,M436DRAFT_86133,-,-,Unknown,-,hypothetical protein,protein-coding,-,-,-,-,20151104,-
1043004,25417659,M436DRAFT_86137,M436DRAFT_86137,-,-,Unknown,-,hypothetical protein,protein-coding,-,-,-,-,20160917,-
1043004,25417660,M436DRAFT_86146,M436DRAFT_86146,-,-,Unknown,-,N-terminal nucleophile aminohydrolase,protein-coding,-,-,-,-,20151212,-
1043004,25417661,M436DRAFT_86152,M436DRAFT_86152,-,-,Unknown,-,hypothetical protein,protein-coding,-,-,-,-,20151104,-
1043004,25417662,M436DRAFT_86153,M436DRAFT_86153,-,-,Unknown,-,hypothetical protein,protein-coding,-,-,-,-,20151212,-
1043004,25417663,M436DRAFT_86154,M436DRAFT_86154,-,-,Unknown,-,vacuolar protein sorting protein-like protein,protein-coding,-,-,-,-,20160917,-
1043004,25417664,M436DRAFT_86161,M436DRAFT_86161,-,-,Unknown,-,FAD/NAD(P)-binding domain-containing protein,protein-coding,-,-,-,-,20160917,-
1043004,25417665,M436DRAFT_86163,M436DRAFT_86163,-,-,Unknown,-,hypothetical protein,protein-coding,-,-,-,-,20160917,-
1043004,25417666,M436DRAFT_86170,M436DRAFT_86170,-,-,Unknown,-,hypothetical protein,protein-coding,-,-,-,-,20160917,-
1043004,25417667,M436DRAFT_86174,M436DRAFT_86174,-,-,Unknown,-,Bromodomain-containing protein,protein-coding,-,-,-,-,20160917,-
1043004,25417668,M436DRAFT_86191,M436DRAFT_86191,-,-,Unknown,-,hypothetical protein,protein-coding,-,-,-,-,20151104,-
1043004,25417669,M436DRAFT_86192,M436DRAFT_86192,-,-,Unknown,-,hypothetical protein,protein-coding,-,-,-,-,20151104,-
1043004,25417670,M436DRAFT_86197,M436DRAFT_86197,-,-,Unknown,-,hypothetical protein,protein-coding,-,-,-,-,20160917,-
1043004,25417671,M436DRAFT_86202,M436DRAFT_86202,-,-,Unknown,-,hypothetical protein,protein-coding,-,-,-,-,20160917,-
1043004,25417672,M436DRAFT_86203,M436DRAFT_86203,-,-,Unknown,-,acetyl-CoA synthetase-like protein,protein-coding,-,-,-,-,20160917,-
1043004,25417673,M436DRAFT_86204,M436DRAFT_86204,-,-,Unknown,-,hypothetical protein,protein-coding,-,-,-,-,20151104,-
1043004,25417674,M436DRAFT_86207,M436DRAFT_86207,-,-,Unknown,-,endothelin-converting enzyme,protein-coding,-,-,-,-,20151212,-
1043004,25417675,M436DRAFT_86211,M436DRAFT_86211,-,-,Unknown,-,mannitol dehydrogenase,protein-coding,-,-,-,-,20151212,-
1043004,25417676,M436DRAFT_86214,M436DRAFT_86214,-,-,Unknown,-,RabGAP/TBC,protein-coding,-,-,-,-,20151212,-
1043004,25417677,M436DRAFT_86216,M436DRAFT_86216,-,-,Unknown,-,hypothetical protein,protein-coding,-,-,-,-,20160917,-
1043004,25417678,M436DRAFT_86230,M436DRAFT_86230,-,-,Unknown,-,hypothetical protein,protein-coding,-,-,-,-,20151104,-
1043004,25417679,M436DRAFT_86235,M436DRAFT_86235,-,-,Unknown,-,hypothetical protein,protein-coding,-,-,-,-,20160917,-
1043004,25417680,M436DRAFT_86237,M436DRAFT_86237,-,-,Unknown,-,hypothetical protein,protein-coding,-,-,-,-,20160917,-
1043004,25417681,M436DRAFT_86243,M436DRAFT_86243,-,-,Unknown,-,hypothetical protein,protein-coding,-,-,-,-,20151104,-
1043004,25417682,M436DRAFT_86249,M436DRAFT_86249,-,-,Unknown,-,hypothetical protein,protein-coding,-,-,-,-,20160917,-
1043004,25417683,M436DRAFT_86250,M436DRAFT_86250,-,-,Unknown,-,hypothetical protein,protein-coding,-,-,-,-,20151104,-
1043004,25417684,M436DRAFT_86255,M436DRAFT_86255,-,-,Unknown,-,density-regulated protein DRP1,protein-coding,-,-,-,-,20160917,-
1043004,25417685,M436DRAFT_86259,M436DRAFT_86259,-,-,Unknown,-,hypothetical protein,protein-coding,-,-,-,-,20151104,-
1043004,25417686,M436DRAFT_86260,M436DRAFT_86260,-,-,Unknown,-,hypothetical protein,protein-coding,-,-,-,-,20151104,-
1043004,25417687,M436DRAFT_86261,M436DRAFT_86261,-,-,Unknown,-,hypothetical protein,protein-coding,-,-,-,-,20151104,-
1043004,25417688,M436DRAFT_86278,M436DRAFT_86278,-,-,Unknown,-,hypothetical protein,protein-coding,-,-,-,-,20151104,-
1043004,25417689,M436DRAFT_86290,M436DRAFT_86290,-,-,Unknown,-,U6 snRNA-associated Sm-like protein LSm7,protein-coding,-,-,-,-,20160325,-
1043004,25417690,M436DRAFT_86291,M436DRAFT_86291,-,-,Unknown,-,hypothetical protein,protein-coding,-,-,-,-,20151104,-
1043004,25417691,M436DRAFT_86299,M436DRAFT_86299,-,-,Unknown,-,hypothetical protein,protein-coding,-,-,-,-,20151104,-
1043004,25417692,M436DRAFT_86302,M436DRAFT_86302,-,-,Unknown,-,hypothetical protein,protein-coding,-,-,-,-,20160325,-
1043004,25417693,M436DRAFT_86321,M436DRAFT_86321,-,-,Unknown,-,hypothetical protein,protein-coding,-,-,-,-,20151104,-
1043004,25417694,M436DRAFT_86325,M436DRAFT_86325,-,-,Unknown,-,hypothetical protein,protein-coding,-,-,-,-,20151104,-
1043004,25417695,M436DRAFT_86332,M436DRAFT_86332,-,-,Unknown,-,hypothetical protein,protein-coding,-,-,-,-,20151104,-
1043004,25417696,M436DRAFT_86333,M436DRAFT_86333,-,-,Unknown,-,hypothetical protein,protein-coding,-,-,-,-,20151104,-
1043004,25417697,M436DRAFT_86334,M436DRAFT_86334,-,-,Unknown,-,acyl-CoA dehydrogenase,protein-coding,-,-,-,-,20160917,-
1043004,25417698,M436DRAFT_86336,M436DRAFT_86336,-,-,Unknown,-,aspartyl-tRNA synthetase,protein-coding,-,-,-,-,20160917,-
1043004,25417699,M436DRAFT_86344,M436DRAFT_86344,-,-,Unknown,-,hypothetical protein,protein-coding,-,-,-,-,20160917,-
1043004,25417700,M436DRAFT_86349,M436DRAFT_86349,-,-,Unknown,-,hypothetical protein,protein-coding,-,-,-,-,20160917,-
1043004,25417701,M436DRAFT_86350,M436DRAFT_86350,-,-,Unknown,-,"ESCRT-1 complex, Vps28 subunit",protein-coding,-,-,-,-,20160917,-
1043004,25417702,M436DRAFT_86361,M436DRAFT_86361,-,-,Unknown,-,NAD(P)-binding protein,protein-coding,-,-,-,-,20160917,-
1043004,25417703,M436DRAFT_86370,M436DRAFT_86370,-,-,Unknown,-,hypothetical protein,protein-coding,-,-,-,-,20151104,-
1043004,25417704,M436DRAFT_86371,M436DRAFT_86371,-,-,Unknown,-,hypothetical protein,protein-coding,-,-,-,-,20160917,-
1043004,25417705,M436DRAFT_86373,M436DRAFT_86373,-,-,Unknown,-,hypothetical protein,protein-coding,-,-,-,-,20160917,-
1043004,25417706,M436DRAFT_86375,M436DRAFT_86375,-,-,Unknown,-,hypothetical protein,protein-coding,-,-,-,-,20160917,-
1043004,25417707,M436DRAFT_86387,M436DRAFT_86387,-,-,Unknown,-,hypothetical protein,protein-coding,-,-,-,-,20160917,-
1043004,25417708,M436DRAFT_86389,M436DRAFT_86389,-,-,Unknown,-,hypothetical protein,protein-coding,-,-,-,-,20151104,-
1043004,25417709,M436DRAFT_86391,M436DRAFT_86391,-,-,Unknown,-,hypothetical protein,protein-coding,-,-,-,-,20160325,-
1043004,25417710,M436DRAFT_86394,M436DRAFT_86394,-,-,Unknown,-,hypothetical protein,protein-coding,-,-,-,-,20160917,-
1043004,25417711,M436DRAFT_86402,M436DRAFT_86402,-,-,Unknown,-,hypothetical protein,protein-coding,-,-,-,-,20160917,-
1043004,25417712,M436DRAFT_86415,M436DRAFT_86415,-,-,Unknown,-,hypothetical protein,protein-coding,-,-,-,-,20160325,-
1043004,25417713,M436DRAFT_86422,M436DRAFT_86422,-,-,Unknown,-,transketolase,protein-coding,-,-,-,-,20160917,-
1043004,25417714,M436DRAFT_86426,M436DRAFT_86426,-,-,Unknown,-,peptide-N4-(N-acetyl-beta-D-glucosaminyl) asparaginase amidase N,protein-coding,-,-,-,-,20160917,-
1043004,25417715,M436DRAFT_86428,M436DRAFT_86428,-,-,Unknown,-,putative 2-haloalkanoic acid dehalogenase,protein-coding,-,-,-,-,20160917,-
1043004,25417716,M436DRAFT_86430,M436DRAFT_86430,-,-,Unknown,-,FAD dependent oxidoreductase superfamily,protein-coding,-,-,-,-,20160917,-
1043004,25417717,M436DRAFT_86435,M436DRAFT_86435,-,-,Unknown,-,hypothetical protein,protein-coding,-,-,-,-,20151212,-
1043004,25417718,M436DRAFT_86449,M436DRAFT_86449,-,-,Unknown,-,hypothetical protein,protein-coding,-,-,-,-,20151104,-
1043004,25417719,M436DRAFT_86450,M436DRAFT_86450,-,-,Unknown,-,sterol-binding-like protein,protein-coding,-,-,-,-,20160917,-
1043004,25417720,M436DRAFT_86454,M436DRAFT_86454,-,-,Unknown,-,hypothetical protein,protein-coding,-,-,-,-,20151104,-
1043004,25417721,M436DRAFT_86455,M436DRAFT_86455,-,-,Unknown,-,hypothetical protein,protein-coding,-,-,-,-,20151104,-
1043004,25417722,M436DRAFT_86457,M436DRAFT_86457,-,-,Unknown,-,serine carboxypeptidase,protein-coding,-,-,-,-,20160917,-
1043004,25417723,M436DRAFT_86462,M436DRAFT_86462,-,-,Unknown,-,family 12 glycosyl hydrolase,protein-coding,-,-,-,-,20160917,-
1043004,25417724,M436DRAFT_86475,M436DRAFT_86475,-,-,Unknown,-,hypothetical protein,protein-coding,-,-,-,-,20151104,-
1043004,25417725,M436DRAFT_86480,M436DRAFT_86480,-,-,Unknown,-,hypothetical protein,protein-coding,-,-,-,-,20151104,-
1043004,25417726,M436DRAFT_86481,M436DRAFT_86481,-,-,Unknown,-,hypothetical protein,protein-coding,-,-,-,-,20151104,-
1043004,25417727,M436DRAFT_86485,M436DRAFT_86485,-,-,Unknown,-,hypothetical protein,protein-coding,-,-,-,-,20151104,-
1043004,25417728,M436DRAFT_86489,M436DRAFT_86489,-,-,Unknown,-,MFS general substrate transporter,protein-coding,-,-,-,-,20160917,-
1043004,25417729,M436DRAFT_86493,M436DRAFT_86493,-,-,Unknown,-,hypothetical protein,protein-coding,-,-,-,-,20160325,-
1043004,25417730,M436DRAFT_86495,M436DRAFT_86495,-,-,Unknown,-,hypothetical protein,protein-coding,-,-,-,-,20160917,-
1043004,25417731,M436DRAFT_86500,M436DRAFT_86500,-,-,Unknown,-,alcohol oxidase,protein-coding,-,-,-,-,20160917,-
1043004,25417732,M436DRAFT_86502,M436DRAFT_86502,-,-,Unknown,-,hypothetical protein,protein-coding,-,-,-,-,20160325,-
1043004,25417733,M436DRAFT_86507,M436DRAFT_86507,-,-,Unknown,-,LIP-domain-containing protein,protein-coding,-,-,-,-,20160917,-
1043004,25417734,M436DRAFT_86508,M436DRAFT_86508,-,-,Unknown,-,hypothetical protein,protein-coding,-,-,-,-,20160917,-
1043004,25417735,M436DRAFT_86509,M436DRAFT_86509,-,-,Unknown,-,hypothetical protein,protein-coding,-,-,-,-,20160917,-
1043004,25417736,M436DRAFT_86510,M436DRAFT_86510,-,-,Unknown,-,hypothetical protein,protein-coding,-,-,-,-,20151104,-
1043004,25417737,M436DRAFT_86519,M436DRAFT_86519,-,-,Unknown,-,glutathione S-transferase,protein-coding,-,-,-,-,20160917,-
1043004,25417738,M436DRAFT_86522,M436DRAFT_86522,-,-,Unknown,-,hypothetical protein,protein-coding,-,-,-,-,20151104,-
1043004,25417739,M436DRAFT_86525,M436DRAFT_86525,-,-,Unknown,-,putative uracil permease,protein-coding,-,-,-,-,20151212,-
1043004,25417740,M436DRAFT_86527,M436DRAFT_86527,-,-,Unknown,-,endoxylanase fam 11,protein-coding,-,-,-,-,20160917,-
1043004,25417741,M436DRAFT_86530,M436DRAFT_86530,-,-,Unknown,-,"endo-1,4-beta-xylanase",protein-coding,-,-,-,-,20160917,-
1043004,25417742,M436DRAFT_86537,M436DRAFT_86537,-,-,Unknown,-,hypothetical protein,protein-coding,-,-,-,-,20160917,-
1043004,25417743,M436DRAFT_86546,M436DRAFT_86546,-,-,Unknown,-,hypothetical protein,protein-coding,-,-,-,-,20160917,-
1043004,25417744,M436DRAFT_86549,M436DRAFT_86549,-,-,Unknown,-,hypothetical protein,protein-coding,-,-,-,-,20160917,-
1043004,25417745,M436DRAFT_86551,M436DRAFT_86551,-,-,Unknown,-,putative dihydrodipicolinate synthase,protein-coding,-,-,-,-,20151212,-
1043004,25417746,M436DRAFT_86559,M436DRAFT_86559,-,-,Unknown,-,hypothetical protein,protein-coding,-,-,-,-,20151104,-
1043004,25417747,M436DRAFT_86561,M436DRAFT_86561,-,-,Unknown,-,hypothetical protein,protein-coding,-,-,-,-,20151104,-
1043004,25417748,M436DRAFT_86562,M436DRAFT_86562,-,-,Unknown,-,"MFS transporter, MCP family, solute carrier family 16, member 10, variant",protein-coding,-,-,-,-,20160917,-
1043004,25417749,M436DRAFT_86568,M436DRAFT_86568,-,-,Unknown,-,hypothetical protein,protein-coding,-,-,-,-,20160325,-
1043004,25417750,M436DRAFT_86575,M436DRAFT_86575,-,-,Unknown,-,hypothetical protein,protein-coding,-,-,-,-,20151104,-
1043004,25417751,M436DRAFT_86578,M436DRAFT_86578,-,-,Unknown,-,hypothetical protein,protein-coding,-,-,-,-,20151104,-
1043004,25417752,M436DRAFT_86581,M436DRAFT_86581,-,-,Unknown,-,CoA-transferase family III,protein-coding,-,-,-,-,20160917,-
1043004,25417753,M436DRAFT_86585,M436DRAFT_86585,-,-,Unknown,-,WW domain-containing oxidoreductase,protein-coding,-,-,-,-,20160917,-
1043004,25417754,M436DRAFT_86586,M436DRAFT_86586,-,-,Unknown,-,hypothetical protein,protein-coding,-,-,-,-,20160917,-
1043004,25417755,M436DRAFT_86588,M436DRAFT_86588,-,-,Unknown,-,glucose-methanol-choline oxidoreductase,protein-coding,-,-,-,-,20160917,-
1043004,25417756,M436DRAFT_86589,M436DRAFT_86589,-,-,Unknown,-,hypothetical protein,protein-coding,-,-,-,-,20151104,-
1043004,25417757,M436DRAFT_86594,M436DRAFT_86594,-,-,Unknown,-,GroES-like protein,protein-coding,-,-,-,-,20151212,-
1043004,25417758,M436DRAFT_86603,M436DRAFT_86603,-,-,Unknown,-,Six-hairpin glycosidase,protein-coding,-,-,-,-,20160917,-
1043004,25417759,M436DRAFT_86604,M436DRAFT_86604,-,-,Unknown,-,glycoside hydrolase,protein-coding,-,-,-,-,20160917,-
1043004,25417760,M436DRAFT_86608,M436DRAFT_86608,-,-,Unknown,-,hypothetical protein,protein-coding,-,-,-,-,20160917,-
1043004,25417761,M436DRAFT_86610,M436DRAFT_86610,-,-,Unknown,-,hypothetical protein,protein-coding,-,-,-,-,20151104,-
1043004,25417762,M436DRAFT_86611,M436DRAFT_86611,-,-,Unknown,-,hypothetical protein,protein-coding,-,-,-,-,20160917,-
1043004,25417763,M436DRAFT_86613,M436DRAFT_86613,-,-,Unknown,-,hypothetical protein,protein-coding,-,-,-,-,20151104,-
1043004,25417764,M436DRAFT_86617,M436DRAFT_86617,-,-,Unknown,-,hypothetical protein,protein-coding,-,-,-,-,20151104,-
1043004,25417765,M436DRAFT_86618,M436DRAFT_86618,-,-,Unknown,-,Ribonuclease/ribotoxin,protein-coding,-,-,-,-,20160917,-
1043004,25417766,M436DRAFT_86619,M436DRAFT_86619,-,-,Unknown,-,hypothetical protein,protein-coding,-,-,-,-,20151104,-
1043004,25417767,M436DRAFT_86620,M436DRAFT_86620,-,-,Unknown,-,hypothetical protein,protein-coding,-,-,-,-,20151104,-
1043004,25417768,M436DRAFT_86625,M436DRAFT_86625,-,-,Unknown,-,hypothetical protein,protein-coding,-,-,-,-,20151104,-
1043004,25417769,M436DRAFT_86632,M436DRAFT_86632,-,-,Unknown,-,hypothetical protein,protein-coding,-,-,-,-,20160917,-
1043004,25417770,M436DRAFT_86633,M436DRAFT_86633,-,-,Unknown,-,MFS transporter,protein-coding,-,-,-,-,20160917,-
1043004,25417771,M436DRAFT_86635,M436DRAFT_86635,-,-,Unknown,-,maltose permease,protein-coding,-,-,-,-,20160917,-
1043004,25417772,M436DRAFT_86636,M436DRAFT_86636,-,-,Unknown,-,hypothetical protein,protein-coding,-,-,-,-,20160917,-
1043004,25417773,M436DRAFT_86645,M436DRAFT_86645,-,-,Unknown,-,hypothetical protein,protein-coding,-,-,-,-,20151212,-
1043004,25417774,M436DRAFT_86649,M436DRAFT_86649,-,-,Unknown,-,solute carrier protein,protein-coding,-,-,-,-,20160917,-
1043004,25417775,M436DRAFT_86651,M436DRAFT_86651,-,-,Unknown,-,methylenetetrahydrofolate dehydrogenase,protein-coding,-,-,-,-,20160917,-
1043004,25417776,M436DRAFT_86652,M436DRAFT_86652,-,-,Unknown,-,MMS19 nucleotide excision repair protein-like protein,protein-coding,-,-,-,-,20160917,-
1043004,25417777,M436DRAFT_86655,M436DRAFT_86655,-,-,Unknown,-,kinesin-domain-containing protein,protein-coding,-,-,-,-,20160917,-
1043004,25417778,M436DRAFT_86656,M436DRAFT_86656,-,-,Unknown,-,putative ABC multidrug transporter,protein-coding,-,-,-,-,20160917,-
1043004,25417779,M436DRAFT_86660,M436DRAFT_86660,-,-,Unknown,-,putative sarcosine oxidase,protein-coding,-,-,-,-,20160917,-
1043004,25417780,M436DRAFT_86662,M436DRAFT_86662,-,-,Unknown,-,hypothetical protein,protein-coding,-,-,-,-,20151104,-
1043004,25417781,M436DRAFT_86666,M436DRAFT_86666,-,-,Unknown,-,hypothetical protein,protein-coding,-,-,-,-,20151104,-
1043004,25417782,M436DRAFT_86668,M436DRAFT_86668,-,-,Unknown,-,subtilisin-like protein,protein-coding,-,-,-,-,20160917,-
1043004,25417783,M436DRAFT_86671,M436DRAFT_86671,-,-,Unknown,-,NAD(P)-binding protein,protein-coding,-,-,-,-,20160917,-
1043004,25417784,M436DRAFT_86677,M436DRAFT_86677,-,-,Unknown,-,carboxylesterase type B,protein-coding,-,-,-,-,20160917,-
1043004,25417785,M436DRAFT_86678,M436DRAFT_86678,-,-,Unknown,-,GroES-like protein,protein-coding,-,-,-,-,20151212,-
1043004,25417786,M436DRAFT_86681,M436DRAFT_86681,-,-,Unknown,-,oxidase cueO precursor,protein-coding,-,-,-,-,20160917,-
1043004,25417787,M436DRAFT_86689,M436DRAFT_86689,-,-,Unknown,-,3-hydroxyacyl-CoA dehyrogenase,protein-coding,-,-,-,-,20160917,-
1043004,25417788,M436DRAFT_86690,M436DRAFT_86690,-,-,Unknown,-,YWTD domain-containing protein,protein-coding,-,-,-,-,20151104,-
1043004,25417789,M436DRAFT_86694,M436DRAFT_86694,-,-,Unknown,-,lipase/esterase,protein-coding,-,-,-,-,20160917,-
1043004,25417790,M436DRAFT_86695,M436DRAFT_86695,-,-,Unknown,-,hypothetical protein,protein-coding,-,-,-,-,20160917,-
1043004,25417791,M436DRAFT_86700,M436DRAFT_86700,-,-,Unknown,-,hypothetical protein,protein-coding,-,-,-,-,20160917,-
1043004,25417792,M436DRAFT_86706,M436DRAFT_86706,-,-,Unknown,-,FAD/NAD(P)-binding domain-containing protein,protein-coding,-,-,-,-,20160917,-
1043004,25417793,M436DRAFT_86716,M436DRAFT_86716,-,-,Unknown,-,hypothetical protein,protein-coding,-,-,-,-,20151104,-
1043004,25417794,M436DRAFT_86717,M436DRAFT_86717,-,-,Unknown,-,putative transporter,protein-coding,-,-,-,-,20160917,-
1043004,25417795,M436DRAFT_86720,M436DRAFT_86720,-,-,Unknown,-,hypothetical protein,protein-coding,-,-,-,-,20160325,-
1043004,25417796,M436DRAFT_86721,M436DRAFT_86721,-,-,Unknown,-,hypothetical protein,protein-coding,-,-,-,-,20151104,-
1043004,25417797,M436DRAFT_86723,M436DRAFT_86723,-,-,Unknown,-,amino acid transporter,protein-coding,-,-,-,-,20151212,-
1043004,25417798,M436DRAFT_8690,M436DRAFT_8690,-,-,Unknown,-,hypothetical protein,protein-coding,-,-,-,-,20160917,-
1043004,25417799,M436DRAFT_8697,M436DRAFT_8697,-,-,Unknown,-,hypothetical protein,protein-coding,-,-,-,-,20151212,-
1043004,25417800,M436DRAFT_8702,M436DRAFT_8702,-,-,Unknown,-,hypothetical protein,protein-coding,-,-,-,-,20151212,-
1043004,25417801,M436DRAFT_8746,M436DRAFT_8746,-,-,Unknown,-,hypothetical protein,protein-coding,-,-,-,-,20160917,-
1043004,25417802,M436DRAFT_8752,M436DRAFT_8752,-,-,Unknown,-,hypothetical protein,protein-coding,-,-,-,-,20160917,-
1043004,25417803,M436DRAFT_8753,M436DRAFT_8753,-,-,Unknown,-,P-loop containing nucleoside triphosphate hydrolase protein,protein-coding,-,-,-,-,20151212,-
1043004,25417804,M436DRAFT_8770,M436DRAFT_8770,-,-,Unknown,-,Scramblase-domain-containing protein,protein-coding,-,-,-,-,20160917,-
1043004,25417805,M436DRAFT_8782,M436DRAFT_8782,-,-,Unknown,-,hypothetical protein,protein-coding,-,-,-,-,20151104,-
1043004,25417806,M436DRAFT_8810,M436DRAFT_8810,-,-,Unknown,-,hypothetical protein,protein-coding,-,-,-,-,20160917,-
1043004,25417807,M436DRAFT_8813,M436DRAFT_8813,-,-,Unknown,-,hypothetical protein,protein-coding,-,-,-,-,20160917,-
1043004,25417808,M436DRAFT_8825,M436DRAFT_8825,-,-,Unknown,-,hypothetical protein,protein-coding,-,-,-,-,20151104,-
1043004,25417809,M436DRAFT_8861,M436DRAFT_8861,-,-,Unknown,-,hypothetical protein,protein-coding,-,-,-,-,20160917,-
1043004,25417810,M436DRAFT_8886,M436DRAFT_8886,-,-,Unknown,-,isoleucyl-tRNA synthetase,protein-coding,-,-,-,-,20160917,-
1043004,25417811,M436DRAFT_8898,M436DRAFT_8898,-,-,Unknown,-,hypothetical protein,protein-coding,-,-,-,-,20151104,-
1043004,25417812,M436DRAFT_8903,M436DRAFT_8903,-,-,Unknown,-,putative proteasome component Pre6,protein-coding,-,-,-,-,20160325,-
1043004,25417813,M436DRAFT_8913,M436DRAFT_8913,-,-,Unknown,-,heme peroxidase,protein-coding,-,-,-,-,20160917,-
1043004,25417814,M436DRAFT_8918,M436DRAFT_8918,-,-,Unknown,-,Plectin/S10,protein-coding,-,-,-,-,20160917,-
1043004,25417815,M436DRAFT_8930,M436DRAFT_8930,-,-,Unknown,-,aquaporin,protein-coding,-,-,-,-,20160917,-
1043004,25417816,M436DRAFT_8947,M436DRAFT_8947,-,-,Unknown,-,hypothetical protein,protein-coding,-,-,-,-,20160917,-
1043004,25417817,M436DRAFT_8985,M436DRAFT_8985,-,-,Unknown,-,hypothetical protein,protein-coding,-,-,-,-,20151104,-
1043004,25417818,M436DRAFT_8999,M436DRAFT_8999,-,-,Unknown,-,hypothetical protein,protein-coding,-,-,-,-,20160917,-
1043004,25417819,M436DRAFT_9027,M436DRAFT_9027,-,-,Unknown,-,Pkinase-domain-containing protein,protein-coding,-,-,-,-,20160917,-
1043004,25417820,M436DRAFT_9029,M436DRAFT_9029,-,-,Unknown,-,hypothetical protein,protein-coding,-,-,-,-,20160917,-
1043004,25417821,M436DRAFT_9043,M436DRAFT_9043,-,-,Unknown,-,hypothetical protein,protein-coding,-,-,-,-,20160917,-
1043004,25417822,M436DRAFT_9053,M436DRAFT_9053,-,-,Unknown,-,DNA glycosylase,protein-coding,-,-,-,-,20160917,-
1043004,25417823,M436DRAFT_9069,M436DRAFT_9069,-,-,Unknown,-,hypothetical protein,protein-coding,-,-,-,-,20151104,-
1043004,25417824,M436DRAFT_9071,M436DRAFT_9071,-,-,Unknown,-,hypothetical protein,protein-coding,-,-,-,-,20151104,-
1043004,25417825,M436DRAFT_9078,M436DRAFT_9078,-,-,Unknown,-,hypothetical protein,protein-coding,-,-,-,-,20160917,-
1043004,25417826,M436DRAFT_9128,M436DRAFT_9128,-,-,Unknown,-,alpha/beta-hydrolase,protein-coding,-,-,-,-,20160917,-
1043004,25417827,M436DRAFT_9156,M436DRAFT_9156,-,-,Unknown,-,hypothetical protein,protein-coding,-,-,-,-,20151212,-
1043004,25417828,M436DRAFT_9165,M436DRAFT_9165,-,-,Unknown,-,hypothetical protein,protein-coding,-,-,-,-,20160917,-
1043004,25417829,M436DRAFT_9172,M436DRAFT_9172,-,-,Unknown,-,hypothetical protein,protein-coding,-,-,-,-,20160917,-
1043004,25417830,M436DRAFT_9184,M436DRAFT_9184,-,-,Unknown,-,alpha/beta knot,protein-coding,-,-,-,-,20160917,-
1043004,25417831,M436DRAFT_9185,M436DRAFT_9185,-,-,Unknown,-,hypothetical protein,protein-coding,-,-,-,-,20151104,-
1043004,25417832,M436DRAFT_9222,M436DRAFT_9222,-,-,Unknown,-,PAP/OAS1 substrate-binding domain-containing protein,protein-coding,-,-,-,-,20160917,-
1043004,25417833,M436DRAFT_9223,M436DRAFT_9223,-,-,Unknown,-,glycoside hydrolase,protein-coding,-,-,-,-,20151212,-
1043004,25417834,M436DRAFT_9237,M436DRAFT_9237,-,-,Unknown,-,Mur ligase,protein-coding,-,-,-,-,20160917,-
1043004,25417835,M436DRAFT_9275,M436DRAFT_9275,-,-,Unknown,-,hypothetical protein,protein-coding,-,-,-,-,20160917,-
1043004,25417836,M436DRAFT_9280,M436DRAFT_9280,-,-,Unknown,-,hypothetical protein,protein-coding,-,-,-,-,20160917,-
1043004,25417837,M436DRAFT_9293,M436DRAFT_9293,-,-,Unknown,-,GPI-anchor biosynthesis protein-like protein,protein-coding,-,-,-,-,20160917,-
1043004,25417838,M436DRAFT_9303,M436DRAFT_9303,-,-,Unknown,-,hypothetical protein,protein-coding,-,-,-,-,20160325,-
1043004,25417839,M436DRAFT_9309,M436DRAFT_9309,-,-,Unknown,-,hypothetical protein,protein-coding,-,-,-,-,20151212,-
1043004,25417840,M436DRAFT_9332,M436DRAFT_9332,-,-,Unknown,-,cell division control protein Cdc15,protein-coding,-,-,-,-,20151212,-
1043004,25417841,M436DRAFT_9342,M436DRAFT_9342,-,-,Unknown,-,hypothetical protein,protein-coding,-,-,-,-,20160917,-
1043004,25417842,M436DRAFT_9364,M436DRAFT_9364,-,-,Unknown,-,hypothetical protein,protein-coding,-,-,-,-,20160917,-
1043004,25417843,M436DRAFT_9372,M436DRAFT_9372,-,-,Unknown,-,hypothetical protein,protein-coding,-,-,-,-,20160917,-
1043004,25417844,M436DRAFT_9387,M436DRAFT_9387,-,-,Unknown,-,hypothetical protein,protein-coding,-,-,-,-,20160917,-
1043004,25417845,M436DRAFT_9395,M436DRAFT_9395,-,-,Unknown,-,kinesin-domain-containing protein,protein-coding,-,-,-,-,20160917,-
1043004,25417846,M436DRAFT_9466,M436DRAFT_9466,-,-,Unknown,-,hypothetical protein,protein-coding,-,-,-,-,20160917,-
1043004,25417847,M436DRAFT_9501,M436DRAFT_9501,-,-,Unknown,-,ureidoglycolate hydrolase,protein-coding,-,-,-,-,20160917,-
1043004,25417848,M436DRAFT_9508,M436DRAFT_9508,-,-,Unknown,-,hypothetical protein,protein-coding,-,-,-,-,20151104,-
1043004,25417849,M436DRAFT_9514,M436DRAFT_9514,-,-,Unknown,-,hypothetical protein,protein-coding,-,-,-,-,20151212,-
1043004,25417850,M436DRAFT_9591,M436DRAFT_9591,-,-,Unknown,-,Peroxin-3,protein-coding,-,-,-,-,20160917,-
1043004,25417851,M436DRAFT_9602,M436DRAFT_9602,-,-,Unknown,-,protoheme IX farnesyltransferase,protein-coding,-,-,-,-,20151212,-
1043004,25417852,M436DRAFT_9604,M436DRAFT_9604,-,-,Unknown,-,hypothetical protein,protein-coding,-,-,-,-,20160917,-
1043004,25417853,M436DRAFT_9624,M436DRAFT_9624,-,-,Unknown,-,hypothetical protein,protein-coding,-,-,-,-,20160917,-
1043004,25417854,M436DRAFT_9633,M436DRAFT_9633,-,-,Unknown,-,Yip1-domain-containing protein,protein-coding,-,-,-,-,20160917,-
1043004,25417855,M436DRAFT_9664,M436DRAFT_9664,-,-,Unknown,-,zf-DHHC-domain-containing protein,protein-coding,-,-,-,-,20160917,-
1043004,25417856,M436DRAFT_9665,M436DRAFT_9665,-,-,Unknown,-,Aldo/keto reductase,protein-coding,-,-,-,-,20151212,-
1043004,25417857,M436DRAFT_9683,M436DRAFT_9683,-,-,Unknown,-,PIN domain-like protein,protein-coding,-,-,-,-,20160917,-
1043004,25417858,M436DRAFT_9690,M436DRAFT_9690,-,-,Unknown,-,hypothetical protein,protein-coding,-,-,-,-,20160325,-
1043004,25417859,M436DRAFT_9704,M436DRAFT_9704,-,-,Unknown,-,hypothetical protein,protein-coding,-,-,-,-,20160917,-
1043004,25417860,M436DRAFT_9712,M436DRAFT_9712,-,-,Unknown,-,RNA-binding domain-containing protein,protein-coding,-,-,-,-,20160917,-
1043004,25417861,M436DRAFT_9714,M436DRAFT_9714,-,-,Unknown,-,hypothetical protein,protein-coding,-,-,-,-,20151104,-
1043004,25417862,M436DRAFT_9723,M436DRAFT_9723,-,-,Unknown,-,hypothetical protein,protein-coding,-,-,-,-,20151104,-
1043004,25417863,M436DRAFT_9728,M436DRAFT_9728,-,-,Unknown,-,hypothetical protein,protein-coding,-,-,-,-,20170520,-
1043004,25417864,M436DRAFT_9748,M436DRAFT_9748,-,-,Unknown,-,Maf-domain-containing protein,protein-coding,-,-,-,-,20160917,-
1043004,25417865,M436DRAFT_9767,M436DRAFT_9767,-,-,Unknown,-,hypothetical protein,protein-coding,-,-,-,-,20151104,-
1043004,25417866,M436DRAFT_9769,M436DRAFT_9769,-,-,Unknown,-,WD40 repeat-like protein,protein-coding,-,-,-,-,20160917,-
1043004,25417867,M436DRAFT_9774,M436DRAFT_9774,-,-,Unknown,-,hypothetical protein,protein-coding,-,-,-,-,20160917,-
1043004,25417868,M436DRAFT_9822,M436DRAFT_9822,-,-,Unknown,-,hypothetical protein,protein-coding,-,-,-,-,20160917,-
1043004,25417869,M436DRAFT_9844,M436DRAFT_9844,-,-,Unknown,-,hypothetical protein,protein-coding,-,-,-,-,20160917,-
1043004,25417870,M436DRAFT_9848,M436DRAFT_9848,-,-,Unknown,-,hypothetical protein,protein-coding,-,-,-,-,20160917,-
1043004,25417871,M436DRAFT_9853,M436DRAFT_9853,-,-,Unknown,-,glycoside hydrolase,protein-coding,-,-,-,-,20160917,-
1043004,25417872,M436DRAFT_9855,M436DRAFT_9855,-,-,Unknown,-,glycoside hydrolase family 43 protein,protein-coding,-,-,-,-,20160917,-
1043004,25417873,M436DRAFT_9870,M436DRAFT_9870,-,-,Unknown,-,hypothetical protein,protein-coding,-,-,-,-,20151104,-
1043004,25417874,M436DRAFT_9895,M436DRAFT_9895,-,-,Unknown,-,NHL repeat-containing protein,protein-coding,-,-,-,-,20151212,-
1043004,25417875,M436DRAFT_9917,M436DRAFT_9917,-,-,Unknown,-,hypothetical protein,protein-coding,-,-,-,-,20160325,-
1043004,25417876,M436DRAFT_9926,M436DRAFT_9926,-,-,Unknown,-,hypothetical protein,protein-coding,-,-,-,-,20151104,-
1043004,25417877,M436DRAFT_9985,M436DRAFT_9985,-,-,Unknown,-,hypothetical protein,protein-coding,-,-,-,-,20160917,-
1043004,25556130,NEWENTRY,-,-,-,-,-,Record to support submission of GeneRIFs for a gene not in Gene (Aureobasidium pullulans var. namibiae CBS 147.97).,other,-,-,-,-,20170628,-
