#tax_id,GeneID,Symbol,LocusTag,Synonyms,dbXrefs,chromosome,map_location,description,type_of_gene,Symbol_from_nomenclature_authority,Full_name_from_nomenclature_authority,Nomenclature_status,Other_designations,Modification_date,Feature_type
130825,6423943,ND1,-,-,-,MT,-,NADH dehydrogenase subunit 1,protein-coding,-,-,-,-,20210420,-
130825,6423944,CYTB,-,-,-,MT,-,cytochrome b,protein-coding,-,-,-,-,20210420,-
130825,6423945,ND6,-,-,-,MT,-,NADH dehydrogenase subunit 6,protein-coding,-,-,-,-,20210420,-
130825,6423946,ND5,-,-,-,MT,-,NADH dehydrogenase subunit 5,protein-coding,-,-,-,-,20210420,-
130825,6423947,ND4,-,-,-,MT,-,NADH dehydrogenase subunit 4,protein-coding,-,-,-,-,20210420,-
130825,6423948,ND4L,-,-,-,MT,-,NADH dehydrogenase subunit 4L,protein-coding,-,-,-,-,20210420,-
130825,6423949,ND3,-,-,-,MT,-,NADH dehydrogenase subunit 3,protein-coding,-,-,-,-,20210420,-
130825,6423950,COX3,-,-,-,MT,-,cytochrome c oxidase subunit III,protein-coding,-,-,-,-,20210420,-
130825,6423951,ATP6,-,-,-,MT,-,ATP synthase F0 subunit 6,protein-coding,-,-,-,-,20210420,-
130825,6423952,ATP8,-,-,-,MT,-,ATP synthase F0 subunit 8,protein-coding,-,-,-,-,20210420,-
130825,6423953,COX2,-,-,-,MT,-,cytochrome c oxidase subunit II,protein-coding,-,-,-,-,20210420,-
130825,6423954,COX1,-,-,-,MT,-,cytochrome c oxidase subunit I,protein-coding,-,-,-,-,20210420,-
130825,6423955,ND2,-,-,-,MT,-,NADH dehydrogenase subunit 2,protein-coding,-,-,-,-,20210420,-
130825,63925678,NEWENTRY,-,-,-,-,-,Record to support submission of GeneRIFs for a gene not in Gene (Ochotona curzonae; black-lipped pika; plateau pika).,other,-,-,-,-,20210421,-
130825,121144505,LOC121144505,-,-,-,Un,-,nucleophosmin-like,pseudo,-,-,-,-,20210420,-
130825,121144506,IPPK,-,-,-,Un,-,inositol-pentakisphosphate 2-kinase,protein-coding,-,-,-,inositol-pentakisphosphate 2-kinase,20210420,-
130825,121144507,BNC2,-,-,-,Un,-,basonuclin 2,protein-coding,-,-,-,zinc finger protein basonuclin-2,20210420,-
130825,121144508,SWI5,-,-,-,Un,-,SWI5 homologous recombination repair protein,protein-coding,-,-,-,DNA repair protein SWI5 homolog,20210420,-
130825,121144509,ENTPD2,-,-,-,Un,-,ectonucleoside triphosphate diphosphohydrolase 2,protein-coding,-,-,-,ectonucleoside triphosphate diphosphohydrolase 2,20210420,-
130825,121144510,ACER2,-,-,-,Un,-,alkaline ceramidase 2,protein-coding,-,-,-,alkaline ceramidase 2,20210420,-
130825,121144511,LCN15,-,-,-,Un,-,lipocalin 15,protein-coding,-,-,-,lipocalin-15,20210420,-
130825,121144512,CHMP5,-,-,-,Un,-,charged multivesicular body protein 5,protein-coding,-,-,-,charged multivesicular body protein 5,20210522,-
130825,121144513,TTC16,-,-,-,Un,-,tetratricopeptide repeat domain 16,protein-coding,-,-,-,tetratricopeptide repeat protein 16,20210420,-
130825,121144514,STX17,-,-,-,Un,-,syntaxin 17,protein-coding,-,-,-,syntaxin-17,20210420,-
130825,121144515,CFAP157,-,-,-,Un,-,cilia and flagella associated protein 157,protein-coding,-,-,-,cilia- and flagella-associated protein 157,20210420,-
130825,121144516,RYK,-,-,-,Un,-,receptor like tyrosine kinase,protein-coding,-,-,-,tyrosine-protein kinase RYK,20210420,-
130825,121144517,TRAF2,-,-,-,Un,-,TNF receptor associated factor 2,protein-coding,-,-,-,TNF receptor-associated factor 2,20210420,-
130825,121144518,FBXO10,-,-,-,Un,-,F-box protein 10,protein-coding,-,-,-,F-box only protein 10,20210420,-
130825,121144519,CSF2RA,-,-,-,Un,-,colony stimulating factor 2 receptor subunit alpha,protein-coding,-,-,-,granulocyte-macrophage colony-stimulating factor receptor subunit alpha,20210420,-
130825,121144520,WDR38,-,-,-,Un,-,WD repeat domain 38,protein-coding,-,-,-,WD repeat-containing protein 38,20210420,-
130825,121144521,ARHGEF39,-,-,-,Un,-,Rho guanine nucleotide exchange factor 39,protein-coding,-,-,-,rho guanine nucleotide exchange factor 39,20210420,-
130825,121144522,CCDC107,-,-,-,Un,-,coiled-coil domain containing 107,protein-coding,-,-,-,coiled-coil domain-containing protein 107,20210420,-
130825,121144523,ADGRD2,-,-,-,Un,-,adhesion G protein-coupled receptor D2,protein-coding,-,-,-,LOW QUALITY PROTEIN: adhesion G-protein coupled receptor D2,20210420,-
130825,121144524,CRB2,-,-,-,Un,-,crumbs cell polarity complex component 2,protein-coding,-,-,-,protein crumbs homolog 2,20210420,-
130825,121144525,CNTLN,-,-,-,Un,-,centlein,protein-coding,-,-,-,centlein,20210420,-
130825,121144526,ECM2,-,-,-,Un,-,extracellular matrix protein 2,protein-coding,-,-,-,extracellular matrix protein 2,20210420,-
130825,121144527,TF,-,-,-,Un,-,transferrin,protein-coding,-,-,-,LOW QUALITY PROTEIN: serotransferrin,20210420,-
130825,121144528,ASPN,-,-,-,Un,-,asporin,protein-coding,-,-,-,asporin,20210420,-
130825,121144529,OGN,-,-,-,Un,-,osteoglycin,protein-coding,-,-,-,mimecan,20210420,-
130825,121144530,CCIN,-,-,-,Un,-,calicin,protein-coding,-,-,-,calicin,20210420,-
130825,121144531,SSNA1,-,-,-,Un,-,SS nuclear autoantigen 1,protein-coding,-,-,-,Sjoegren syndrome nuclear autoantigen 1,20210420,-
130825,121144532,GOLGA2,-,-,-,Un,-,golgin A2,protein-coding,-,-,-,golgin subfamily A member 2,20210420,-
130825,121144533,GABBR2,-,-,-,Un,-,gamma-aminobutyric acid type B receptor subunit 2,protein-coding,-,-,-,gamma-aminobutyric acid type B receptor subunit 2,20210420,-
130825,121144534,LOC121144534,-,-,-,Un,-,inhibitor of carbonic anhydrase-like,protein-coding,-,-,-,inhibitor of carbonic anhydrase-like,20210420,-
130825,121144535,LOC121144535,-,-,-,Un,-,olfactory receptor 5C1,protein-coding,-,-,-,olfactory receptor 5C1,20210420,-
130825,121144536,LOC121144536,-,-,-,Un,-,olfactory receptor 1G1-like,protein-coding,-,-,-,olfactory receptor 1G1-like,20210420,-
130825,121144537,LOC121144537,-,-,-,Un,-,olfactory receptor 1L6-like,protein-coding,-,-,-,olfactory receptor 1L6-like,20210420,-
130825,121144538,USP20,-,-,-,Un,-,ubiquitin specific peptidase 20,protein-coding,-,-,-,ubiquitin carboxyl-terminal hydrolase 20,20210420,-
130825,121144539,LOC121144539,-,-,-,Un,-,olfactory receptor 1Q1,protein-coding,-,-,-,olfactory receptor 1Q1,20210420,-
130825,121144540,MORN5,-,-,-,Un,-,MORN repeat containing 5,protein-coding,-,-,-,MORN repeat-containing protein 5,20210420,-
130825,121144541,OLFML2A,-,-,-,Un,-,olfactomedin like 2A,protein-coding,-,-,-,olfactomedin-like protein 2A,20210420,-
130825,121144542,MPDZ,-,-,-,Un,-,multiple PDZ domain crumbs cell polarity complex component,protein-coding,-,-,-,multiple PDZ domain protein,20210420,-
130825,121144543,LOC121144543,-,-,-,Un,-,uncharacterized LOC121144543,ncRNA,-,-,-,-,20210420,-
130825,121144544,LOC121144544,-,-,-,Un,-,"N-acetyllactosaminide alpha-1,3-galactosyltransferase-like 1",protein-coding,-,-,-,"N-acetyllactosaminide alpha-1,3-galactosyltransferase-like 1",20210420,-
130825,121144545,NPHP3,-,-,-,Un,-,nephrocystin 3,protein-coding,-,-,-,nephrocystin-3,20210420,-
130825,121144546,ACTL7A,-,-,-,Un,-,actin like 7A,protein-coding,-,-,-,actin-like protein 7A,20210420,-
130825,121144547,LOC121144547,-,-,-,Un,-,uncharacterized protein C4orf3 homolog,protein-coding,-,-,-,uncharacterized protein C4orf3 homolog,20210420,-
130825,121144548,DNAJB5,-,-,-,Un,-,DnaJ heat shock protein family (Hsp40) member B5,protein-coding,-,-,-,dnaJ homolog subfamily B member 5,20210420,-
130825,121144549,LOC121144549,-,-,-,Un,-,uncharacterized LOC121144549,pseudo,-,-,-,-,20210420,-
130825,121144550,LOC121144550,-,-,-,Un,-,uncharacterized LOC121144550,pseudo,-,-,-,-,20210420,-
130825,121144551,TBC1D13,-,-,-,Un,-,TBC1 domain family member 13,protein-coding,-,-,-,TBC1 domain family member 13,20210420,-
130825,121144552,PGAP4,-,-,-,Un,-,post-GPI attachment to proteins GalNAc transferase 4,protein-coding,-,-,-,post-GPI attachment to proteins factor 4,20210420,-
130825,121144553,FREM1,-,-,-,Un,-,FRAS1 related extracellular matrix 1,protein-coding,-,-,-,FRAS1-related extracellular matrix protein 1,20210420,-
130825,121144554,GRHPR,-,-,-,Un,-,glyoxylate and hydroxypyruvate reductase,protein-coding,-,-,-,glyoxylate reductase/hydroxypyruvate reductase,20210420,-
130825,121144555,UBA5,-,-,-,Un,-,ubiquitin like modifier activating enzyme 5,protein-coding,-,-,-,ubiquitin-like modifier-activating enzyme 5,20210420,-
130825,121144556,B3GALT9,-,-,-,Un,-,"beta-1,3-galactosyltransferase 9",protein-coding,-,-,-,"beta-1,3-galactosyltransferase 9",20210420,-
130825,121144557,LOC121144557,-,-,-,Un,-,PRELI domain containing protein 3B-like,pseudo,-,-,-,-,20210420,-
130825,121144558,TMEM203,-,-,-,Un,-,transmembrane protein 203,protein-coding,-,-,-,transmembrane protein 203,20210420,-
130825,121144559,LOC121144559,-,-,-,Un,-,protein SET-like,pseudo,-,-,-,-,20210420,-
130825,121144560,BAG1,-,-,-,Un,-,BAG cochaperone 1,protein-coding,-,-,-,BAG family molecular chaperone regulator 1,20210420,-
130825,121144561,CACNA1B,-,-,-,Un,-,calcium voltage-gated channel subunit alpha1 B,protein-coding,-,-,-,voltage-dependent N-type calcium channel subunit alpha-1B,20210420,-
130825,121144562,PHYHD1,-,-,-,Un,-,phytanoyl-CoA dioxygenase domain containing 1,protein-coding,-,-,-,phytanoyl-CoA dioxygenase domain-containing protein 1,20210420,-
130825,121144563,DNAJC13,-,-,-,Un,-,DnaJ heat shock protein family (Hsp40) member C13,protein-coding,-,-,-,dnaJ homolog subfamily C member 13,20210420,-
130825,121144564,NOL8,-,-,-,Un,-,nucleolar protein 8,protein-coding,-,-,-,nucleolar protein 8,20210420,-
130825,121144565,ORM1,-,-,-,Un,-,orosomucoid 1,protein-coding,-,-,-,alpha-1-acid glycoprotein 1,20210420,-
130825,121144566,LOC121144566,-,-,-,Un,-,histo-blood group ABO system transferase 2-like,protein-coding,-,-,-,histo-blood group ABO system transferase 1-like|histo-blood group ABO system transferase 2-like,20210420,-
130825,121144567,KIF12,-,-,-,Un,-,kinesin family member 12,protein-coding,-,-,-,kinesin-like protein KIF12,20210420,-
130825,121144568,LOC121144568,-,-,-,Un,-,olfactory receptor 1J4-like,protein-coding,-,-,-,olfactory receptor 1J4-like,20210420,-
130825,121144569,LOC121144569,-,-,-,Un,-,olfactory receptor 1L3-like,protein-coding,-,-,-,olfactory receptor 1L3-like,20210420,-
130825,121144570,LOC121144570,-,-,-,Un,-,olfactory receptor 24-like,protein-coding,-,-,-,olfactory receptor 24-like,20210420,-
130825,121144571,LOC121144571,-,-,-,Un,-,olfactory receptor 1B1,protein-coding,-,-,-,olfactory receptor 1B1,20210420,-
130825,121144572,LOC121144572,-,-,-,Un,-,uncharacterized LOC121144572,ncRNA,-,-,-,-,20210420,-
130825,121144573,CAMSAP1,-,-,-,Un,-,calmodulin regulated spectrin associated protein 1,protein-coding,-,-,-,calmodulin-regulated spectrin-associated protein 1,20210420,-
130825,121144574,ACAD11,-,-,-,Un,-,acyl-CoA dehydrogenase family member 11,protein-coding,-,-,-,acyl-CoA dehydrogenase family member 11,20210420,-
130825,121144575,KCNT1,-,-,-,Un,-,potassium sodium-activated channel subfamily T member 1,protein-coding,-,-,-,potassium channel subfamily T member 1,20210420,-
130825,121144576,SLC28A3,-,-,-,Un,-,solute carrier family 28 member 3,protein-coding,-,-,-,solute carrier family 28 member 3,20210420,-
130825,121144577,ZFP37,-,-,-,Un,-,ZFP37 zinc finger protein,protein-coding,-,-,-,zinc finger protein 37 homolog,20210420,-
130825,121144578,RAB24,-,-,-,Un,-,"RAB24, member RAS oncogene family",protein-coding,-,-,-,ras-related protein Rab-24,20210420,-
130825,121144579,LOC121144579,-,-,-,Un,-,major urinary protein 4-like,protein-coding,-,-,-,major urinary protein 4-like,20210420,-
130825,121144580,LOC121144580,-,-,-,Un,-,lipocalin Can f 6.0101-like,protein-coding,-,-,-,lipocalin Can f 6.0101-like,20210420,-
130825,121144581,LOC121144581,-,-,-,Un,-,translation initiation factor IF-2-like,protein-coding,-,-,-,translation initiation factor IF-2-like,20210420,-
130825,121144582,ACKR4,-,-,-,Un,-,atypical chemokine receptor 4,protein-coding,-,-,-,atypical chemokine receptor 4,20210420,-
130825,121144583,NSMF,-,-,-,Un,-,NMDA receptor synaptonuclear signaling and neuronal migration factor,protein-coding,-,-,-,NMDA receptor synaptonuclear signaling and neuronal migration factor,20210420,-
130825,121144584,SLC31A1,-,-,-,Un,-,solute carrier family 31 member 1,protein-coding,-,-,-,high affinity copper uptake protein 1,20210420,-
130825,121144585,PTPRD,-,-,-,Un,-,protein tyrosine phosphatase receptor type D,protein-coding,-,-,-,receptor-type tyrosine-protein phosphatase delta,20210420,-
130825,121144586,ACP3,-,-,-,Un,-,acid phosphatase 3,protein-coding,-,-,-,prostatic acid phosphatase,20210420,-
130825,121144587,ZNF483,-,-,-,Un,-,zinc finger protein 483,protein-coding,-,-,-,zinc finger protein 483,20210420,-
130825,121144588,AQP3,-,-,-,Un,-,aquaporin 3 (Gill blood group),protein-coding,-,-,-,aquaporin-3,20210420,-
130825,121144589,DMAC1,-,-,-,Un,-,distal membrane arm assembly component 1,protein-coding,-,-,-,distal membrane-arm assembly complex protein 1,20210420,-
130825,121144590,ZCCHC7,-,-,-,Un,-,zinc finger CCHC-type containing 7,protein-coding,-,-,-,zinc finger CCHC domain-containing protein 7,20210420,-
130825,121144591,LOC121144591,-,-,-,Un,-,uncharacterized LOC121144591,ncRNA,-,-,-,-,20210420,-
130825,121144592,LOC121144592,-,-,-,Un,-,casein kinase II subunit alpha'-like,pseudo,-,-,-,-,20210420,-
130825,121144593,POLE3,-,-,-,Un,-,"DNA polymerase epsilon 3, accessory subunit",protein-coding,-,-,-,DNA polymerase epsilon subunit 3,20210420,-
130825,121144594,TTLL11,-,-,-,Un,-,tubulin tyrosine ligase like 11,protein-coding,-,-,-,tubulin polyglutamylase TTLL11,20210420,-
130825,121144595,LOC121144595,-,-,-,Un,-,olfactory receptor 13D1,protein-coding,-,-,-,LOW QUALITY PROTEIN: olfactory receptor 13D1,20210420,-
130825,121144596,LOC121144596,-,-,-,Un,-,olfactory receptor 13C3-like,protein-coding,-,-,-,LOW QUALITY PROTEIN: olfactory receptor 13C3-like,20210420,-
130825,121144597,BRINP1,-,-,-,Un,-,BMP/retinoic acid inducible neural specific 1,protein-coding,-,-,-,BMP/retinoic acid-inducible neural-specific protein 1,20210420,-
130825,121144598,LOC121144598,-,-,-,Un,-,olfactory receptor 13F1,protein-coding,-,-,-,LOW QUALITY PROTEIN: olfactory receptor 13F1,20210420,-
130825,121144599,LOC121144599,-,-,-,Un,-,E3 ubiquitin-protein ligase Mdm2-like,pseudo,-,-,-,-,20210420,-
130825,121144600,MRPL3,-,-,-,Un,-,mitochondrial ribosomal protein L3,protein-coding,-,-,-,"39S ribosomal protein L3, mitochondrial",20210420,-
130825,121144601,LOC121144601,-,-,-,Un,-,E3 ubiquitin-protein ligase Topors-like,protein-coding,-,-,-,E3 ubiquitin-protein ligase Topors-like,20210420,-
130825,121144602,LOC121144602,-,-,-,Un,-,peroxisomal membrane protein PEX13-like,pseudo,-,-,-,-,20210420,-
130825,121144603,ANKS6,-,-,-,Un,-,ankyrin repeat and sterile alpha motif domain containing 6,protein-coding,-,-,-,ankyrin repeat and SAM domain-containing protein 6,20210420,-
130825,121144604,CUNH9orf24,-,-,-,Un,-,chromosome unknown C9orf24 homolog,protein-coding,-,-,-,spermatid-specific manchette-related protein 1,20210420,-
130825,121144605,LOC121144605,-,-,-,Un,-,olfactory receptor 13C7-like,protein-coding,-,-,-,olfactory receptor 13C7-like,20210420,-
130825,121144606,PTRH1,-,-,-,Un,-,peptidyl-tRNA hydrolase 1 homolog,protein-coding,-,-,-,probable peptidyl-tRNA hydrolase,20210420,-
130825,121144607,TLN1,-,-,-,Un,-,talin 1,protein-coding,-,-,-,talin-1,20210420,-
130825,121144608,LOC121144608,-,-,-,Un,-,U8 snoRNA-decapping enzyme-like,protein-coding,-,-,-,U8 snoRNA-decapping enzyme-like,20210420,-
130825,121144609,GBA2,-,-,-,Un,-,glucosylceramidase beta 2,protein-coding,-,-,-,non-lysosomal glucosylceramidase,20210420,-
130825,121144610,RGP1,-,-,-,Un,-,"RGP1 homolog, RAB6A GEF complex partner 1",protein-coding,-,-,-,RAB6A-GEF complex partner protein 2,20210420,-
130825,121144611,CREB3,-,-,-,Un,-,cAMP responsive element binding protein 3,protein-coding,-,-,-,cyclic AMP-responsive element-binding protein 3,20210420,-
130825,121144612,CTNNAL1,-,-,-,Un,-,catenin alpha like 1,protein-coding,-,-,-,alpha-catulin,20210420,-
130825,121144613,ABITRAM,-,-,-,Un,-,actin binding transcription modulator,protein-coding,-,-,-,protein Abitram,20210420,-
130825,121144614,SLC46A2,-,-,-,Un,-,solute carrier family 46 member 2,protein-coding,-,-,-,thymic stromal cotransporter homolog,20210420,-
130825,121144615,ALAD,-,-,-,Un,-,aminolevulinate dehydratase,protein-coding,-,-,-,delta-aminolevulinic acid dehydratase,20210420,-
130825,121144616,MAN1B1,-,-,-,Un,-,mannosidase alpha class 1B member 1,protein-coding,-,-,-,"endoplasmic reticulum mannosyl-oligosaccharide 1,2-alpha-mannosidase",20210420,-
130825,121144617,CNTFR,-,-,-,Un,-,ciliary neurotrophic factor receptor,protein-coding,-,-,-,ciliary neurotrophic factor receptor subunit alpha,20210420,-
130825,121144618,TRAF1,-,-,-,Un,-,TNF receptor associated factor 1,protein-coding,-,-,-,TNF receptor-associated factor 1,20210420,-
130825,121144619,LOC121144619,-,-,-,Un,-,olfactory receptor 13C7-like,protein-coding,-,-,-,olfactory receptor 13C7-like,20210420,-
130825,121144620,LHX6,-,-,-,Un,-,LIM homeobox 6,protein-coding,-,-,-,LIM/homeobox protein Lhx6,20210420,-
130825,121144621,ATP2C1,-,-,-,Un,-,ATPase secretory pathway Ca2+ transporting 1,protein-coding,-,-,-,calcium-transporting ATPase type 2C member 1,20210420,-
130825,121144622,ZNF189,-,-,-,Un,-,zinc finger protein 189,protein-coding,-,-,-,zinc finger protein 189,20210420,-
130825,121144623,CNTRL,-,-,-,Un,-,centriolin,protein-coding,-,-,-,centriolin,20210420,-
130825,121144624,LOC121144624,-,-,-,Un,-,"nucleoside diphosphate kinase, mitochondrial-like",protein-coding,-,-,-,"nucleoside diphosphate kinase, mitochondrial-like",20210420,-
130825,121144625,LOC121144625,-,-,-,Un,-,uncharacterized LOC121144625,ncRNA,-,-,-,-,20210420,-
130825,121144626,DNAJC25,-,-,-,Un,-,DnaJ heat shock protein family (Hsp40) member C25,protein-coding,-,-,-,dnaJ homolog subfamily C member 25,20210420,-
130825,121144627,GNG10,-,-,-,Un,-,G protein subunit gamma 10,protein-coding,-,-,-,guanine nucleotide-binding protein G(I)/G(S)/G(O) subunit gamma-10,20210420,-
130825,121144628,ARRDC1,-,-,-,Un,-,arrestin domain containing 1,protein-coding,-,-,-,arrestin domain-containing protein 1,20210420,-
130825,121144629,PHF19,-,-,-,Un,-,PHD finger protein 19,protein-coding,-,-,-,PHD finger protein 19,20210420,-
130825,121144630,LHX2,-,-,-,Un,-,LIM homeobox 2,protein-coding,-,-,-,LIM/homeobox protein Lhx2,20210420,-
130825,121144631,GADD45G,-,-,-,Un,-,growth arrest and DNA damage inducible gamma,protein-coding,-,-,-,growth arrest and DNA damage-inducible protein GADD45 gamma,20210420,-
130825,121144632,APTX,-,-,-,Un,-,aprataxin,protein-coding,-,-,-,aprataxin,20210420,-
130825,121144633,KLF4,-,-,-,Un,-,Kruppel like factor 4,protein-coding,-,-,-,Krueppel-like factor 4,20210420,-
130825,121144634,TRIM14,-,-,-,Un,-,tripartite motif containing 14,protein-coding,-,-,-,tripartite motif-containing protein 14,20210420,-
130825,121144635,LOC121144635,-,-,-,Un,-,uncharacterized LOC121144635,ncRNA,-,-,-,-,20210420,-
130825,121144636,SLC24A2,-,-,-,Un,-,solute carrier family 24 member 2,protein-coding,-,-,-,sodium/potassium/calcium exchanger 2,20210420,-
130825,121144637,ASTE1,-,-,-,Un,-,asteroid homolog 1,protein-coding,-,-,-,protein asteroid homolog 1,20210420,-
130825,121144638,ABCA2,-,-,-,Un,-,ATP binding cassette subfamily A member 2,protein-coding,-,-,-,ATP-binding cassette sub-family A member 2,20210420,-
130825,121144639,HSDL2,-,-,-,Un,-,hydroxysteroid dehydrogenase like 2,protein-coding,-,-,-,hydroxysteroid dehydrogenase-like protein 2,20210420,-
130825,121144640,SCAI,-,-,-,Un,-,suppressor of cancer cell invasion,protein-coding,-,-,-,protein SCAI,20210420,-
130825,121144641,NFIL3,-,-,-,Un,-,"nuclear factor, interleukin 3 regulated",protein-coding,-,-,-,nuclear factor interleukin-3-regulated protein,20210420,-
130825,121144642,PRPF4,-,-,-,Un,-,pre-mRNA processing factor 4,protein-coding,-,-,-,U4/U6 small nuclear ribonucleoprotein Prp4,20210420,-
130825,121144643,CYLC2,-,-,-,Un,-,cylicin 2,protein-coding,-,-,-,cylicin-2,20210420,-
130825,121144644,LOC121144644,-,-,-,Un,-,uncharacterized LOC121144644,ncRNA,-,-,-,-,20210420,-
130825,121144645,SPACA9,-,-,-,Un,-,sperm acrosome associated 9,protein-coding,-,-,-,sperm acrosome-associated protein 9,20210420,-
130825,121144646,GGTA1,-,-,-,Un,-,glycoprotein alpha-galactosyltransferase 1 (inactive),protein-coding,-,-,-,"inactive N-acetyllactosaminide alpha-1,3-galactosyltransferase",20210420,-
130825,121144647,LOC121144647,-,-,-,Un,-,"N-acetyllactosaminide alpha-1,3-galactosyltransferase-like",protein-coding,-,-,-,"N-acetyllactosaminide alpha-1,3-galactosyltransferase-like",20210420,-
130825,121144648,COL6A6,-,-,-,Un,-,collagen type VI alpha 6 chain,protein-coding,-,-,-,collagen alpha-6(VI) chain,20210420,-
130825,121144649,UBAC1,-,-,-,Un,-,UBA domain containing 1,protein-coding,-,-,-,ubiquitin-associated domain-containing protein 1,20210420,-
130825,121144650,TMEM38B,-,-,-,Un,-,transmembrane protein 38B,protein-coding,-,-,-,trimeric intracellular cation channel type B,20210420,-
130825,121144651,TMEM210,-,-,-,Un,-,transmembrane protein 210,protein-coding,-,-,-,transmembrane protein 210,20210420,-
130825,121144652,GALT,-,-,-,Un,-,galactose-1-phosphate uridylyltransferase,protein-coding,-,-,-,galactose-1-phosphate uridylyltransferase,20210420,-
130825,121144653,SIGMAR1,-,-,-,Un,-,sigma non-opioid intracellular receptor 1,protein-coding,-,-,-,sigma non-opioid intracellular receptor 1,20210420,-
130825,121144654,PIK3R4,-,-,-,Un,-,phosphoinositide-3-kinase regulatory subunit 4,protein-coding,-,-,-,phosphoinositide 3-kinase regulatory subunit 4,20210420,-
130825,121144655,NR6A1,-,-,-,Un,-,nuclear receptor subfamily 6 group A member 1,protein-coding,-,-,-,nuclear receptor subfamily 6 group A member 1,20210420,-
130825,121144656,RECK,-,-,-,Un,-,reversion inducing cysteine rich protein with kazal motifs,protein-coding,-,-,-,reversion-inducing cysteine-rich protein with Kazal motifs,20210420,-
130825,121144657,GPSM1,-,-,-,Un,-,G protein signaling modulator 1,protein-coding,-,-,-,G-protein-signaling modulator 1,20210420,-
130825,121144658,CARD9,-,-,-,Un,-,caspase recruitment domain family member 9,protein-coding,-,-,-,caspase recruitment domain-containing protein 9,20210420,-
130825,121144659,TRMO,-,-,-,Un,-,tRNA methyltransferase O,protein-coding,-,-,-,tRNA (adenine(37)-N6)-methyltransferase,20210420,-
130825,121144660,NR5A1,-,-,-,Un,-,nuclear receptor subfamily 5 group A member 1,protein-coding,-,-,-,steroidogenic factor 1,20210420,-
130825,121144661,SLC25A25,-,-,-,Un,-,solute carrier family 25 member 25,protein-coding,-,-,-,calcium-binding mitochondrial carrier protein SCaMC-2,20210420,-
130825,121144662,COL6A5,-,-,-,Un,-,collagen type VI alpha 5 chain,protein-coding,-,-,-,collagen alpha-5(VI) chain,20210420,-
130825,121144663,LOC121144663,-,-,-,Un,-,60S ribosomal protein L10a-like,protein-coding,-,-,-,60S ribosomal protein L10a-like,20210420,-
130825,121144664,LOC121144664,-,-,-,Un,-,uncharacterized LOC121144664,ncRNA,-,-,-,-,20210420,-
130825,121144665,MIGA2,-,-,-,Un,-,mitoguardin 2,protein-coding,-,-,-,mitoguardin 2,20210420,-
130825,121144666,URM1,-,-,-,Un,-,ubiquitin related modifier 1,protein-coding,-,-,-,ubiquitin-related modifier 1,20210420,-
130825,121144667,GLE1,-,-,-,Un,-,GLE1 RNA export mediator,protein-coding,-,-,-,nucleoporin GLE1,20210420,-
130825,121144668,LOC121144668,-,-,-,Un,-,F-box/WD repeat-containing protein 12-like,protein-coding,-,-,-,F-box/WD repeat-containing protein 12-like,20210420,-
130825,121144669,CAPN7,-,-,-,Un,-,calpain 7,protein-coding,-,-,-,calpain-7,20210420,-
130825,121144670,LOC121144670,-,-,-,Un,-,hippocampus abundant transcript-like protein 1,pseudo,-,-,-,-,20210420,-
130825,121144671,LOC121144671,-,-,-,Un,-,uncharacterized LOC121144671,ncRNA,-,-,-,-,20210420,-
130825,121144672,GALNT12,-,-,-,Un,-,polypeptide N-acetylgalactosaminyltransferase 12,protein-coding,-,-,-,polypeptide N-acetylgalactosaminyltransferase 12,20210420,-
130825,121144673,FUBP3,-,-,-,Un,-,far upstream element binding protein 3,protein-coding,-,-,-,far upstream element-binding protein 3,20210420,-
130825,121144674,FAM205C,-,-,-,Un,-,family with sequence similarity 205 member C,protein-coding,-,-,-,protein FAM205C,20210420,-
130825,121144675,HDHD3,-,-,-,Un,-,haloacid dehalogenase like hydrolase domain containing 3,protein-coding,-,-,-,haloacid dehalogenase-like hydrolase domain-containing protein 3,20210420,-
130825,121144676,ASB6,-,-,-,Un,-,ankyrin repeat and SOCS box containing 6,protein-coding,-,-,-,ankyrin repeat and SOCS box protein 6,20210420,-
130825,121144677,NTMT1,-,-,-,Un,-,N-terminal Xaa-Pro-Lys N-methyltransferase 1,protein-coding,-,-,-,N-terminal Xaa-Pro-Lys N-methyltransferase 1,20210420,-
130825,121144678,ZBTB26,-,-,-,Un,-,zinc finger and BTB domain containing 26,protein-coding,-,-,-,zinc finger and BTB domain-containing protein 26,20210420,-
130825,121144679,LOC121144679,-,-,-,Un,-,glyceraldehyde-3-phosphate dehydrogenase-like,protein-coding,-,-,-,glyceraldehyde-3-phosphate dehydrogenase-like,20210420,-
130825,121144680,NFIB,-,-,-,Un,-,nuclear factor I B,protein-coding,-,-,-,nuclear factor 1 B-type,20210529,-
130825,121144681,PTPDC1,-,-,-,Un,-,protein tyrosine phosphatase domain containing 1,protein-coding,-,-,-,protein tyrosine phosphatase domain-containing protein 1,20210420,-
130825,121144682,PLPP7,-,-,-,Un,-,phospholipid phosphatase 7 (inactive),protein-coding,-,-,-,inactive phospholipid phosphatase 7,20210420,-
130825,121144683,IFT74,-,-,-,Un,-,intraflagellar transport 74,protein-coding,-,-,-,intraflagellar transport protein 74 homolog,20210420,-
130825,121144684,LRRC19,-,-,-,Un,-,leucine rich repeat containing 19,protein-coding,-,-,-,leucine-rich repeat-containing protein 19,20210420,-
130825,121144685,ST6GALNAC4,-,-,-,Un,-,"ST6 N-acetylgalactosaminide alpha-2,6-sialyltransferase 4",protein-coding,-,-,-,"alpha-N-acetyl-neuraminyl-2,3-beta-galactosyl-1,3-N-acetyl-galactosaminide alpha-2,6-sialyltransferase",20210420,-
130825,121144686,KIAA1958,-,-,-,Un,-,KIAA1958 ortholog,protein-coding,-,-,-,uncharacterized protein KIAA1958 homolog,20210420,-
130825,121144687,ALG2,-,-,-,Un,-,"ALG2 alpha-1,3/1,6-mannosyltransferase",protein-coding,-,-,-,"alpha-1,3/1,6-mannosyltransferase ALG2",20210420,-
130825,121144688,SEC61B,-,-,-,Un,-,SEC61 translocon subunit beta,protein-coding,-,-,-,protein transport protein Sec61 subunit beta,20210424,-
130825,121144689,TXN,-,-,-,Un,-,thioredoxin,protein-coding,-,-,-,thioredoxin,20210420,-
130825,121144690,CLIC3,-,-,-,Un,-,chloride intracellular channel 3,protein-coding,-,-,-,chloride intracellular channel protein 3,20210420,-
130825,121144691,ASTN2,-,-,-,Un,-,astrotactin 2,protein-coding,-,-,-,astrotactin-2,20210420,-
130825,121144692,TRIM32,-,-,-,Un,-,tripartite motif containing 32,protein-coding,-,-,-,E3 ubiquitin-protein ligase TRIM32,20210420,-
130825,121144693,PBX3,-,-,-,Un,-,PBX homeobox 3,protein-coding,-,-,-,pre-B-cell leukemia transcription factor 3,20210420,-
130825,121144694,TNC,-,-,-,Un,-,tenascin C,protein-coding,-,-,-,tenascin,20210420,-
130825,121144695,DNM1,-,-,-,Un,-,dynamin 1,protein-coding,-,-,-,dynamin-1,20210420,-
130825,121144696,SH3BP5,-,-,-,Un,-,SH3 domain binding protein 5,protein-coding,-,-,-,SH3 domain-binding protein 5,20210420,-
130825,121144697,LOC121144697,-,-,-,Un,-,olfactory receptor 1L6-like,protein-coding,-,-,-,olfactory receptor 1L6-like,20210420,-
130825,121144698,C5,-,-,-,Un,-,complement C5,protein-coding,-,-,-,complement C5,20210420,-
130825,121144699,ARPC5L,-,-,-,Un,-,actin related protein 2/3 complex subunit 5 like,protein-coding,-,-,-,actin-related protein 2/3 complex subunit 5-like protein,20210420,-
130825,121144700,CERCAM,-,-,-,Un,-,cerebral endothelial cell adhesion molecule,protein-coding,-,-,-,inactive glycosyltransferase 25 family member 3,20210420,-
130825,121144701,PTGR1,-,-,-,Un,-,prostaglandin reductase 1,protein-coding,-,-,-,prostaglandin reductase 1,20210420,-
130825,121144702,EAF1,-,-,-,Un,-,ELL associated factor 1,protein-coding,-,-,-,ELL-associated factor 1,20210420,-
130825,121144703,CDK20,-,-,-,Un,-,cyclin dependent kinase 20,protein-coding,-,-,-,cyclin-dependent kinase 20,20210420,-
130825,121144704,LOC121144704,-,-,-,Un,-,olfactory receptor 13C7-like,protein-coding,-,-,-,olfactory receptor 13C7-like,20210420,-
130825,121144705,LOC121144705,-,-,-,Un,-,alpha-1-microglobulin/bikunin precursor,protein-coding,-,-,-,protein AMBP,20210420,-
130825,121144706,BAAT,-,-,-,Un,-,bile acid-CoA:amino acid N-acyltransferase,protein-coding,-,-,-,bile acid-CoA:amino acid N-acyltransferase,20210420,-
130825,121144707,LOC121144707,-,-,-,Un,-,"coenzyme Q-binding protein COQ10 homolog B, mitochondrial-like",pseudo,-,-,-,-,20210420,-
130825,121144708,PTGDS,-,-,-,Un,-,prostaglandin D2 synthase,protein-coding,-,-,-,prostaglandin-H2 D-isomerase,20210420,-
130825,121144709,DENND4C,-,-,-,Un,-,DENN domain containing 4C,protein-coding,-,-,-,DENN domain-containing protein 4C,20210420,-
130825,121144710,LOC121144710,-,-,-,Un,-,"40S ribosomal protein S4, X isoform-like",protein-coding,-,-,-,"40S ribosomal protein S4, X isoform-like",20210420,-
130825,121144711,RPS6,-,-,-,Un,-,ribosomal protein S6,protein-coding,-,-,-,40S ribosomal protein S6,20210501,-
130825,121144712,TMEM8B,-,-,-,Un,-,transmembrane protein 8B,protein-coding,-,-,-,transmembrane protein 8B,20210420,-
130825,121144713,LOC121144713,-,-,-,Un,-,"cytochrome c oxidase subunit 7B, mitochondrial-like",protein-coding,-,-,-,"cytochrome c oxidase subunit 7B, mitochondrial-like",20210420,-
130825,121144714,PRRX2,-,-,-,Un,-,paired related homeobox 2,protein-coding,-,-,-,paired mesoderm homeobox protein 2,20210420,-
130825,121144715,PTGES,-,-,-,Un,-,prostaglandin E synthase,protein-coding,-,-,-,prostaglandin E synthase,20210420,-
130825,121144716,TMEM141,-,-,-,Un,-,transmembrane protein 141,protein-coding,-,-,-,transmembrane protein 141,20210420,-
130825,121144717,LOC121144717,-,-,-,Un,-,olfactory receptor 1L6,protein-coding,-,-,-,olfactory receptor 1L6,20210420,-
130825,121144718,METTL6,-,-,-,Un,-,"methyltransferase 6, methylcytidine",protein-coding,-,-,-,tRNA N(3)-methylcytidine methyltransferase METTL6|methyltransferase like 6,20210519,-
130825,121144719,NDUFA8,-,-,-,Un,-,NADH:ubiquinone oxidoreductase subunit A8,protein-coding,-,-,-,NADH dehydrogenase [ubiquinone] 1 alpha subcomplex subunit 8,20210420,-
130825,121144720,LOC121144720,-,-,-,Un,-,protein CutA homolog,protein-coding,-,-,-,protein CutA homolog,20210420,-
130825,121144721,TOR1B,-,-,-,Un,-,torsin family 1 member B,protein-coding,-,-,-,torsin-1B,20210420,-
130825,121144722,NPR2,-,-,-,Un,-,natriuretic peptide receptor 2,protein-coding,-,-,-,atrial natriuretic peptide receptor 2,20210420,-
130825,121144723,ZNF346,-,-,-,Un,-,zinc finger protein 346,protein-coding,-,-,-,zinc finger protein 346,20210420,-
130825,121144724,HINT2,-,-,-,Un,-,histidine triad nucleotide binding protein 2,protein-coding,-,-,-,"histidine triad nucleotide-binding protein 2, mitochondrial",20210420,-
130825,121144725,PTBP3,-,-,-,Un,-,polypyrimidine tract binding protein 3,protein-coding,-,-,-,polypyrimidine tract-binding protein 3,20210420,-
130825,121144726,DNAI1,-,-,-,Un,-,dynein axonemal intermediate chain 1,protein-coding,-,-,-,"dynein intermediate chain 1, axonemal",20210420,-
130825,121144727,GSN,-,-,-,Un,-,gelsolin,protein-coding,-,-,-,gelsolin,20210420,-
130825,121144728,STOM,-,-,-,Un,-,stomatin,protein-coding,-,-,-,stomatin,20210420,-
130825,121144729,LMX1B,-,-,-,Un,-,LIM homeobox transcription factor 1 beta,protein-coding,-,-,-,LIM homeobox transcription factor 1-beta,20210420,-
130825,121144730,COLQ,-,-,-,Un,-,collagen like tail subunit of asymmetric acetylcholinesterase,protein-coding,-,-,-,acetylcholinesterase collagenic tail peptide,20210420,-
130825,121144731,ST6GALNAC6,-,-,-,Un,-,"ST6 N-acetylgalactosaminide alpha-2,6-sialyltransferase 6",protein-coding,-,-,-,"alpha-N-acetylgalactosaminide alpha-2,6-sialyltransferase 6",20210420,-
130825,121144732,ZBTB5,-,-,-,Un,-,zinc finger and BTB domain containing 5,protein-coding,-,-,-,zinc finger and BTB domain-containing protein 5,20210420,-
130825,121144733,GTF3C5,-,-,-,Un,-,general transcription factor IIIC subunit 5,protein-coding,-,-,-,general transcription factor 3C polypeptide 5,20210420,-
130825,121144734,LOC121144734,-,-,-,Un,-,uncharacterized LOC121144734,ncRNA,-,-,-,-,20210420,-
130825,121144735,TMEM250,-,-,-,Un,-,transmembrane protein 250,protein-coding,-,-,-,LOW QUALITY PROTEIN: transmembrane protein 250,20210420,-
130825,121144736,FAM120A,-,-,-,Un,-,family with sequence similarity 120A,protein-coding,-,-,-,constitutive coactivator of PPAR-gamma-like protein 1,20210420,-
130825,121144737,UAP1L1,-,-,-,Un,-,UDP-N-acetylglucosamine pyrophosphorylase 1 like 1,protein-coding,-,-,-,UDP-N-acetylhexosamine pyrophosphorylase-like protein 1,20210420,-
130825,121144738,SAPCD2,-,-,-,Un,-,suppressor APC domain containing 2,protein-coding,-,-,-,suppressor APC domain-containing protein 2,20210420,-
130825,121144739,HACL1,-,-,-,Un,-,2-hydroxyacyl-CoA lyase 1,protein-coding,-,-,-,2-hydroxyacyl-CoA lyase 1,20210420,-
130825,121144740,UBAP2,-,-,-,Un,-,ubiquitin associated protein 2,protein-coding,-,-,-,ubiquitin-associated protein 2,20210420,-
130825,121144741,UBE2R2,-,-,-,Un,-,ubiquitin conjugating enzyme E2 R2,protein-coding,-,-,-,ubiquitin-conjugating enzyme E2 R2,20210529,-
130825,121144742,ZNF462,-,-,-,Un,-,zinc finger protein 462,protein-coding,-,-,-,zinc finger protein 462,20210420,-
130825,121144743,WDR31,-,-,-,Un,-,WD repeat domain 31,protein-coding,-,-,-,WD repeat-containing protein 31,20210420,-
130825,121144744,PIGO,-,-,-,Un,-,phosphatidylinositol glycan anchor biosynthesis class O,protein-coding,-,-,-,GPI ethanolamine phosphate transferase 3,20210420,-
130825,121144745,SLC27A4,-,-,-,Un,-,solute carrier family 27 member 4,protein-coding,-,-,-,long-chain fatty acid transport protein 4,20210420,-
130825,121144746,SPOUT1,-,-,-,Un,-,SPOUT domain containing methyltransferase 1,protein-coding,-,-,-,putative methyltransferase C9orf114 homolog,20210420,-
130825,121144747,ENDOG,-,-,-,Un,-,endonuclease G,protein-coding,-,-,-,"endonuclease G, mitochondrial",20210420,-
130825,121144748,IL11RA,-,-,-,Un,-,interleukin 11 receptor subunit alpha,protein-coding,-,-,-,interleukin-11 receptor subunit alpha,20210420,-
130825,121144749,CCL27,-,-,-,Un,-,C-C motif chemokine ligand 27,protein-coding,-,-,-,C-C motif chemokine 27,20210420,-
130825,121144750,LOC121144750,-,-,-,Un,-,uncharacterized LOC121144750,protein-coding,-,-,-,uncharacterized protein LOC121144750,20210420,-
130825,121144751,RRAGA,-,-,-,Un,-,Ras related GTP binding A,protein-coding,-,-,-,ras-related GTP-binding protein A,20210501,-
130825,121144752,TRMT10B,-,-,-,Un,-,tRNA methyltransferase 10B,protein-coding,-,-,-,tRNA methyltransferase 10 homolog B,20210420,-
130825,121144753,LOC121144753,-,-,-,Un,-,INTS3 and NABP interacting protein,protein-coding,-,-,-,SOSS complex subunit C,20210420,-
130825,121144754,STOML2,-,-,-,Un,-,stomatin like 2,protein-coding,-,-,-,"stomatin-like protein 2, mitochondrial",20210420,-
130825,121144755,PSMD5,-,-,-,Un,-,"proteasome 26S subunit, non-ATPase 5",protein-coding,-,-,-,26S proteasome non-ATPase regulatory subunit 5,20210420,-
130825,121144756,NANS,-,-,-,Un,-,N-acetylneuraminate synthase,protein-coding,-,-,-,sialic acid synthase,20210420,-
130825,121144757,EQTN,-,-,-,Un,-,equatorin,protein-coding,-,-,-,equatorin,20210420,-
130825,121144758,ANKRD28,-,-,-,Un,-,ankyrin repeat domain 28,protein-coding,-,-,-,serine/threonine-protein phosphatase 6 regulatory ankyrin repeat subunit A,20210420,-
130825,121144759,KYAT1,-,-,-,Un,-,kynurenine aminotransferase 1,protein-coding,-,-,-,kynurenine--oxoglutarate transaminase 1,20210420,-
130825,121144760,FUT7,-,-,-,Un,-,fucosyltransferase 7,protein-coding,-,-,-,"alpha-(1,3)-fucosyltransferase 7",20210420,-
130825,121144761,SLC31A2,-,-,-,Un,-,solute carrier family 31 member 2,protein-coding,-,-,-,probable low affinity copper uptake protein 2,20210420,-
130825,121144762,AGPAT2,-,-,-,Un,-,1-acylglycerol-3-phosphate O-acyltransferase 2,protein-coding,-,-,-,1-acyl-sn-glycerol-3-phosphate acyltransferase beta,20210420,-
130825,121144763,EGFL7,-,-,-,Un,-,EGF like domain multiple 7,protein-coding,-,-,-,epidermal growth factor-like protein 7,20210420,-
130825,121144764,AK1,-,-,-,Un,-,adenylate kinase 1,protein-coding,-,-,-,adenylate kinase isoenzyme 1,20210420,-
130825,121144765,PIP5KL1,-,-,-,Un,-,phosphatidylinositol-4-phosphate 5-kinase like 1,protein-coding,-,-,-,phosphatidylinositol 4-phosphate 5-kinase-like protein 1,20210420,-
130825,121144766,DPH7,-,-,-,Un,-,diphthamide biosynthesis 7,protein-coding,-,-,-,diphthine methyltransferase,20210420,-
130825,121144767,MRPL41,-,-,-,Un,-,mitochondrial ribosomal protein L41,protein-coding,-,-,-,"39S ribosomal protein L41, mitochondrial",20210420,-
130825,121144768,BTD,-,-,-,Un,-,biotinidase,protein-coding,-,-,-,biotinidase,20210420,-
130825,121144769,LOC121144769,-,-,-,Un,-,diamine acetyltransferase 1-like,protein-coding,-,-,-,diamine acetyltransferase 1-like,20210420,-
130825,121144770,ENG,-,-,-,Un,-,endoglin,protein-coding,-,-,-,endoglin,20210420,-
130825,121144771,LOC121144771,-,-,-,Un,-,60S ribosomal protein L23-like,protein-coding,-,-,-,60S ribosomal protein L23-like,20210420,-
130825,121144772,NUDT2,-,-,-,Un,-,nudix hydrolase 2,protein-coding,-,-,-,bis(5'-nucleosyl)-tetraphosphatase [asymmetrical],20210420,-
130825,121144773,MRRF,-,-,-,Un,-,mitochondrial ribosome recycling factor,protein-coding,-,-,-,"ribosome-recycling factor, mitochondrial",20210420,-
130825,121144774,COL27A1,-,-,-,Un,-,collagen type XXVII alpha 1 chain,protein-coding,-,-,-,collagen alpha-1(XXVII) chain,20210420,-
130825,121144775,FSD1L,-,-,-,Un,-,fibronectin type III and SPRY domain containing 1 like,protein-coding,-,-,-,FSD1-like protein,20210420,-
130825,121144776,GALNT15,-,-,-,Un,-,polypeptide N-acetylgalactosaminyltransferase 15,protein-coding,-,-,-,polypeptide N-acetylgalactosaminyltransferase 15,20210420,-
130825,121144777,FRMD3,-,-,-,Un,-,FERM domain containing 3,protein-coding,-,-,-,FERM domain-containing protein 3,20210420,-
130825,121144778,ZDHHC21,-,-,-,Un,-,zinc finger DHHC-type palmitoyltransferase 21,protein-coding,-,-,-,palmitoyltransferase ZDHHC21,20210529,-
130825,121144779,TLR4,-,-,-,Un,-,toll like receptor 4,protein-coding,-,-,-,toll-like receptor 4,20210420,-
130825,121144780,COQ4,-,-,-,Un,-,coenzyme Q4,protein-coding,-,-,-,"ubiquinone biosynthesis protein COQ4 homolog, mitochondrial",20210420,-
130825,121144781,CUNH9orf78,-,-,-,Un,-,chromosome unknown C9orf78 homolog,protein-coding,-,-,-,telomere length and silencing protein 1 homolog,20210420,-
130825,121144782,DPH3,-,-,-,Un,-,diphthamide biosynthesis 3,protein-coding,-,-,-,DPH3 homolog,20210420,-
130825,121144783,SIT1,-,-,-,Un,-,signaling threshold regulating transmembrane adaptor 1,protein-coding,-,-,-,signaling threshold-regulating transmembrane adapter 1,20210420,-
130825,121144784,MLLT3,-,-,-,Un,-,MLLT3 super elongation complex subunit,protein-coding,-,-,-,protein AF-9,20210522,-
130825,121144785,LOC121144785,-,-,-,Un,-,uncharacterized LOC121144785,ncRNA,-,-,-,-,20210420,-
130825,121144786,LOC121144786,-,-,-,Un,-,asparagine synthetase domain-containing protein 1-like,protein-coding,-,-,-,asparagine synthetase domain-containing protein 1-like,20210420,-
130825,121144787,LOC121144787,-,-,-,Un,-,ASNSD1 upstream open reading frame protein-like,protein-coding,-,-,-,ASNSD1 upstream open reading frame protein-like,20210420,-
130825,121144788,AKNA,-,-,-,Un,-,AT-hook transcription factor,protein-coding,-,-,-,microtubule organization protein AKNA,20210420,-
130825,121144789,DPP7,-,-,-,Un,-,dipeptidyl peptidase 7,protein-coding,-,-,-,dipeptidyl peptidase 2,20210420,-
130825,121144790,CCDC183,-,-,-,Un,-,coiled-coil domain containing 183,protein-coding,-,-,-,coiled-coil domain-containing protein 183,20210420,-
130825,121144791,TOR1A,-,-,-,Un,-,torsin family 1 member A,protein-coding,-,-,-,torsin-1A,20210420,-
130825,121144792,LOC121144792,-,-,-,Un,-,cyclin-dependent kinase inhibitor 2A-like,protein-coding,-,-,-,cyclin-dependent kinase inhibitor 2A-like,20210420,-
130825,121144793,OXNAD1,-,-,-,Un,-,oxidoreductase NAD binding domain containing 1,protein-coding,-,-,-,oxidoreductase NAD-binding domain-containing protein 1,20210420,-
130825,121144794,GKAP1,-,-,-,Un,-,G kinase anchoring protein 1,protein-coding,-,-,-,G kinase-anchoring protein 1,20210420,-
130825,121144795,FNBP1,-,-,-,Un,-,formin binding protein 1,protein-coding,-,-,-,formin-binding protein 1,20210420,-
130825,121144796,CAVIN4,-,-,-,Un,-,caveolae associated protein 4,protein-coding,-,-,-,caveolae-associated protein 4,20210420,-
130825,121144797,LOC121144797,-,-,-,Un,-,phosphatidylinositol transfer protein beta isoform-like,pseudo,-,-,-,-,20210420,-
130825,121144798,DAPK1,-,-,-,Un,-,death associated protein kinase 1,protein-coding,-,-,-,death-associated protein kinase 1,20210420,-
130825,121144799,RFTN1,-,-,-,Un,-,"raftlin, lipid raft linker 1",protein-coding,-,-,-,raftlin,20210420,-
130825,121144800,LOC121144800,-,-,-,Un,-,uncharacterized LOC121144800,ncRNA,-,-,-,-,20210420,-
130825,121144801,LOC121144801,-,-,-,Un,-,major allergen Equ c 1-like,protein-coding,-,-,-,major allergen Equ c 1-like,20210420,-
130825,121144802,TMEM268,-,-,-,Un,-,transmembrane protein 268,protein-coding,-,-,-,transmembrane protein 268,20210420,-
130825,121144803,TEX48,-,-,-,Un,-,testis expressed 48,protein-coding,-,-,-,testis-expressed protein 48,20210420,-
130825,121144804,MRPL50,-,-,-,Un,-,mitochondrial ribosomal protein L50,protein-coding,-,-,-,"39S ribosomal protein L50, mitochondrial",20210420,-
130825,121144805,NOL6,-,-,-,Un,-,nucleolar protein 6,protein-coding,-,-,-,nucleolar protein 6,20210420,-
130825,121144806,NPDC1,-,-,-,Un,-,"neural proliferation, differentiation and control 1",protein-coding,-,-,-,neural proliferation differentiation and control protein 1,20210420,-
130825,121144807,LOC121144807,-,-,-,Un,-,major urinary protein 4-like,protein-coding,-,-,-,major urinary protein 4-like,20210420,-
130825,121144808,LOC121144808,-,-,-,Un,-,uncharacterized LOC121144808,ncRNA,-,-,-,-,20210420,-
130825,121144809,DPM2,-,-,-,Un,-,"dolichyl-phosphate mannosyltransferase subunit 2, regulatory",protein-coding,-,-,-,dolichol phosphate-mannose biosynthesis regulatory protein,20210420,-
130825,121144810,PDCL,-,-,-,Un,-,phosducin like,protein-coding,-,-,-,phosducin-like protein,20210420,-
130825,121144811,COL5A1,-,-,-,Un,-,collagen type V alpha 1 chain,protein-coding,-,-,-,collagen alpha-1(V) chain,20210420,-
130825,121144812,PPP1R26,-,-,-,Un,-,protein phosphatase 1 regulatory subunit 26,protein-coding,-,-,-,protein phosphatase 1 regulatory subunit 26,20210420,-
130825,121144813,ADAMTSL2,-,-,-,Un,-,ADAMTS like 2,protein-coding,-,-,-,ADAMTS-like protein 2,20210420,-
130825,121144814,VAV2,-,-,-,Un,-,vav guanine nucleotide exchange factor 2,protein-coding,-,-,-,guanine nucleotide exchange factor VAV2,20210420,-
130825,121144815,SARDH,-,-,-,Un,-,sarcosine dehydrogenase,protein-coding,-,-,-,"sarcosine dehydrogenase, mitochondrial",20210420,-
130825,121144816,PLCL2,-,-,-,Un,-,phospholipase C like 2,protein-coding,-,-,-,inactive phospholipase C-like protein 2,20210420,-
130825,121144817,BRD3,-,-,-,Un,-,bromodomain containing 3,protein-coding,-,-,-,bromodomain-containing protein 3,20210420,-
130825,121144818,SLC2A6,-,-,-,Un,-,solute carrier family 2 member 6,protein-coding,-,-,-,"solute carrier family 2, facilitated glucose transporter member 6",20210420,-
130825,121144819,OLFM1,-,-,-,Un,-,olfactomedin 1,protein-coding,-,-,-,noelin,20210420,-
130825,121144820,RXRA,-,-,-,Un,-,retinoid X receptor alpha,protein-coding,-,-,-,retinoic acid receptor RXR-alpha,20210420,-
130825,121144821,REXO4,-,-,-,Un,-,"REX4 homolog, 3'-5' exonuclease",protein-coding,-,-,-,RNA exonuclease 4,20210420,-
130825,121144822,DIPK1B,-,-,-,Un,-,divergent protein kinase domain 1B,protein-coding,-,-,-,divergent protein kinase domain 1B,20210420,-
130825,121144823,DBH,-,-,-,Un,-,dopamine beta-hydroxylase,protein-coding,-,-,-,dopamine beta-hydroxylase,20210420,-
130825,121144824,SURF6,-,-,-,Un,-,surfeit 6,protein-coding,-,-,-,surfeit locus protein 6,20210420,-
130825,121144825,WDR5,-,-,-,Un,-,WD repeat domain 5,protein-coding,-,-,-,WD repeat-containing protein 5,20210420,-
130825,121144826,LOC121144826,-,-,-,Un,-,spliceosome-associated protein CWC15 homolog,pseudo,-,-,-,-,20210420,-
130825,121144827,LOC121144827,-,-,-,Un,-,histo-blood group ABO system transferase 2-like,protein-coding,-,-,-,histo-blood group ABO system transferase 2-like,20210420,-
130825,121144828,SURF4,-,-,-,Un,-,surfeit 4,protein-coding,-,-,-,surfeit locus protein 4,20210420,-
130825,121144829,RPL7A,-,-,-,Un,-,ribosomal protein L7a,protein-coding,-,-,-,60S ribosomal protein L7a,20210420,-
130825,121144830,SURF2,-,-,-,Un,-,surfeit 2,protein-coding,-,-,-,surfeit locus protein 2,20210420,-
130825,121144831,MYMK,-,-,-,Un,-,"myomaker, myoblast fusion factor",protein-coding,-,-,-,protein myomaker,20210420,-
130825,121144832,CACFD1,-,-,-,Un,-,calcium channel flower domain containing 1,protein-coding,-,-,-,calcium channel flower homolog,20210420,-
130825,121144833,TBC1D5,-,-,-,Un,-,TBC1 domain family member 5,protein-coding,-,-,-,TBC1 domain family member 5,20210420,-
130825,121144834,LOC121144834,-,-,-,Un,-,surfeit locus protein 1,protein-coding,-,-,-,surfeit locus protein 1,20210420,-
130825,121144835,MED22,-,-,-,Un,-,mediator complex subunit 22,protein-coding,-,-,-,LOW QUALITY PROTEIN: mediator of RNA polymerase II transcription subunit 22,20210420,-
130825,121144836,FAM163B,-,-,-,Un,-,family with sequence similarity 163 member B,protein-coding,-,-,-,protein FAM163B,20210420,-
130825,121144837,CUNH9orf116,-,-,-,Un,-,chromosome unknown C9orf116 homolog,protein-coding,-,-,-,UPF0691 protein C9orf116 homolog,20210420,-
130825,121144838,BRD3OS,-,-,-,Un,-,BRD3 opposite strand,protein-coding,-,-,-,putative uncharacterized protein BRD3OS,20210420,-
130825,121144839,LOC121144839,-,-,-,Un,-,uncharacterized LOC121144839,ncRNA,-,-,-,-,20210420,-
130825,121144840,NAA35,-,-,-,Un,-,"N-alpha-acetyltransferase 35, NatC auxiliary subunit",protein-coding,-,-,-,"N-alpha-acetyltransferase 35, NatC auxiliary subunit",20210420,-
130825,121144841,GOLM1,-,-,-,Un,-,golgi membrane protein 1,protein-coding,-,-,-,Golgi membrane protein 1,20210420,-
130825,121144842,LOC121144842,-,-,-,Un,-,uncharacterized LOC121144842,ncRNA,-,-,-,-,20210420,-
130825,121144843,SVEP1,-,-,-,Un,-,"sushi, von Willebrand factor type A, EGF and pentraxin domain containing 1",protein-coding,-,-,-,"sushi, von Willebrand factor type A, EGF and pentraxin domain-containing protein 1",20210420,-
130825,121144844,LOC121144844,-,-,-,Un,-,uncharacterized LOC121144844,ncRNA,-,-,-,-,20210420,-
130825,121144845,NDOR1,-,-,-,Un,-,NADPH dependent diflavin oxidoreductase 1,protein-coding,-,-,-,NADPH-dependent diflavin oxidoreductase 1,20210420,-
130825,121144846,TRUB2,-,-,-,Un,-,TruB pseudouridine synthase family member 2,protein-coding,-,-,-,mitochondrial mRNA pseudouridine synthase TRUB2,20210420,-
130825,121144847,LOC121144847,-,-,-,Un,-,uncharacterized LOC121144847,ncRNA,-,-,-,-,20210420,-
130825,121144848,CRAT,-,-,-,Un,-,carnitine O-acetyltransferase,protein-coding,-,-,-,carnitine O-acetyltransferase,20210420,-
130825,121144849,AUH,-,-,-,Un,-,AU RNA binding methylglutaconyl-CoA hydratase,protein-coding,-,-,-,"methylglutaconyl-CoA hydratase, mitochondrial",20210420,-
130825,121144850,LOC121144850,-,-,-,Un,-,UPF0688 protein C1orf174-like,protein-coding,-,-,-,UPF0688 protein C1orf174-like,20210420,-
130825,121144851,SATB1,-,-,-,Un,-,SATB homeobox 1,protein-coding,-,-,-,DNA-binding protein SATB1,20210420,-
130825,121144852,ACTL7B,-,-,-,Un,-,actin like 7B,protein-coding,-,-,-,actin-like protein 7B,20210420,-
130825,121144853,QSOX2,-,-,-,Un,-,quiescin sulfhydryl oxidase 2,protein-coding,-,-,-,sulfhydryl oxidase 2,20210420,-
130825,121144854,FBXW5,-,-,-,Un,-,F-box and WD repeat domain containing 5,protein-coding,-,-,-,F-box/WD repeat-containing protein 5,20210420,-
130825,121144855,AGTPBP1,-,-,-,Un,-,ATP/GTP binding carboxypeptidase 1,protein-coding,-,-,-,cytosolic carboxypeptidase 1,20210420,-
130825,121144856,LOC121144856,-,-,-,Un,-,cAMP-regulated phosphoprotein 19-like,pseudo,-,-,-,-,20210420,-
130825,121144857,LOC121144857,-,-,-,Un,-,DAB2 interacting protein,protein-coding,-,-,-,disabled homolog 2-interacting protein,20210420,-
130825,121144858,LOC121144858,-,-,-,Un,-,olfactory receptor 2K2,protein-coding,-,-,-,olfactory receptor 2K2,20210420,-
130825,121144859,NCS1,-,-,-,Un,-,neuronal calcium sensor 1,protein-coding,-,-,-,neuronal calcium sensor 1,20210501,-
130825,121144860,LPAR1,-,-,-,Un,-,lysophosphatidic acid receptor 1,protein-coding,-,-,-,lysophosphatidic acid receptor 1,20210420,-
130825,121144861,TUSC1,-,-,-,Un,-,tumor suppressor candidate 1,protein-coding,-,-,-,tumor suppressor candidate gene 1 protein,20210420,-
130825,121144862,DCTN3,-,-,-,Un,-,dynactin subunit 3,protein-coding,-,-,-,dynactin subunit 3,20210420,-
130825,121144863,TNFSF15,-,-,-,Un,-,TNF superfamily member 15,protein-coding,-,-,-,tumor necrosis factor ligand superfamily member 15,20210420,-
130825,121144864,TOR2A,-,-,-,Un,-,torsin family 2 member A,protein-coding,-,-,-,prosalusin,20210420,-
130825,121144865,BSPRY,-,-,-,Un,-,B-box and SPRY domain containing,protein-coding,-,-,-,B box and SPRY domain-containing protein,20210420,-
130825,121144866,RABGAP1,-,-,-,Un,-,RAB GTPase activating protein 1,protein-coding,-,-,-,rab GTPase-activating protein 1,20210420,-
130825,121144867,GPR21,-,-,-,Un,-,G protein-coupled receptor 21,protein-coding,-,-,-,probable G-protein coupled receptor 21,20210420,-
130825,121144868,KIF27,-,-,-,Un,-,kinesin family member 27,protein-coding,-,-,-,kinesin-like protein KIF27,20210420,-
130825,121144869,LOC121144869,-,-,-,Un,-,uncharacterized LOC121144869,ncRNA,-,-,-,-,20210420,-
130825,121144870,POLR1E,-,-,-,Un,-,RNA polymerase I subunit E,protein-coding,-,-,-,DNA-directed RNA polymerase I subunit RPA49,20210420,-
130825,121144871,RPL35,-,-,-,Un,-,ribosomal protein L35,protein-coding,-,-,-,60S ribosomal protein L35,20210501,-
130825,121144872,LOC121144872,-,-,-,Un,-,uncharacterized LOC121144872,ncRNA,-,-,-,-,20210420,-
130825,121144873,LOC121144873,-,-,-,Un,-,zinc transporter 9-like,protein-coding,-,-,-,LOW QUALITY PROTEIN: zinc transporter 9-like,20210420,-
130825,121144874,PTPN3,-,-,-,Un,-,protein tyrosine phosphatase non-receptor type 3,protein-coding,-,-,-,tyrosine-protein phosphatase non-receptor type 3,20210420,-
130825,121144875,SNX30,-,-,-,Un,-,sorting nexin family member 30,protein-coding,-,-,-,sorting nexin-30,20210420,-
130825,121144876,RAB5A,-,-,-,Un,-,"RAB5A, member RAS oncogene family",protein-coding,-,-,-,ras-related protein Rab-5A,20210420,-
130825,121144877,TXNDC8,-,-,-,Un,-,thioredoxin domain containing 8,protein-coding,-,-,-,thioredoxin domain-containing protein 8,20210420,-
130825,121144878,LOC121144878,-,-,-,Un,-,uncharacterized LOC121144878,ncRNA,-,-,-,-,20210420,-
130825,121144879,FRMPD1,-,-,-,Un,-,FERM and PDZ domain containing 1,protein-coding,-,-,-,FERM and PDZ domain-containing protein 1,20210420,-
130825,121144880,TTC39B,-,-,-,Un,-,tetratricopeptide repeat domain 39B,protein-coding,-,-,-,tetratricopeptide repeat protein 39B,20210420,-
130825,121144881,LOC121144881,-,-,-,Un,-,protein FAM205A-like,protein-coding,-,-,-,protein FAM205A-like,20210420,-
130825,121144882,NELFB,-,-,-,Un,-,negative elongation factor complex member B,protein-coding,-,-,-,negative elongation factor B,20210420,-
130825,121144883,ECPAS,-,-,-,Un,-,Ecm29 proteasome adaptor and scaffold,protein-coding,-,-,-,proteasome adapter and scaffold protein ECM29,20210420,-
130825,121144884,TOR4A,-,-,-,Un,-,torsin family 4 member A,protein-coding,-,-,-,torsin-4A,20210420,-
130825,121144885,IDNK,-,-,-,Un,-,IDNK gluconokinase,protein-coding,-,-,-,probable gluconokinase,20210420,-
130825,121144886,LURAP1L,-,-,-,Un,-,leucine rich adaptor protein 1 like,protein-coding,-,-,-,leucine rich adaptor protein 1-like,20210420,-
130825,121144887,LOC121144887,-,-,-,Un,-,uncharacterized LOC121144887,ncRNA,-,-,-,-,20210420,-
130825,121144888,LOC121144888,-,-,-,Un,-,olfactory receptor 13C8-like,pseudo,-,-,-,-,20210420,-
130825,121144889,LOC121144889,-,-,-,Un,-,uncharacterized LOC121144889,ncRNA,-,-,-,-,20210420,-
130825,121144890,S1PR3,-,-,-,Un,-,sphingosine-1-phosphate receptor 3,protein-coding,-,-,-,sphingosine 1-phosphate receptor 3,20210420,-
130825,121144891,NTRK2,-,-,-,Un,-,neurotrophic receptor tyrosine kinase 2,protein-coding,-,-,-,BDNF/NT-3 growth factors receptor,20210420,-
130825,121144892,KAT2B,-,-,-,Un,-,lysine acetyltransferase 2B,protein-coding,-,-,-,histone acetyltransferase KAT2B,20210420,-
130825,121144893,C8G,-,-,-,Un,-,complement C8 gamma chain,protein-coding,-,-,-,complement component C8 gamma chain,20210420,-
130825,121144894,SHB,-,-,-,Un,-,SH2 domain containing adaptor protein B,protein-coding,-,-,-,SH2 domain-containing adapter protein B,20210420,-
130825,121144895,LOC121144895,-,-,-,Un,-,ubiquitin-fold modifier-conjugating enzyme 1-like,pseudo,-,-,-,-,20210420,-
130825,121144896,CUNH9orf64,-,-,-,Un,-,chromosome unknown C9orf64 homolog,protein-coding,-,-,-,queuosine salvage protein,20210420,-
130825,121144897,ALDH1B1,-,-,-,Un,-,aldehyde dehydrogenase 1 family member B1,protein-coding,-,-,-,"aldehyde dehydrogenase X, mitochondrial",20210420,-
130825,121144898,RC3H2,-,-,-,Un,-,ring finger and CCCH-type domains 2,protein-coding,-,-,-,roquin-2,20210420,-
130825,121144899,TGFBR1,-,-,-,Un,-,transforming growth factor beta receptor 1,protein-coding,-,-,-,TGF-beta receptor type-1,20210420,-
130825,121144900,LOC121144900,-,-,-,Un,-,uncharacterized LOC121144900,ncRNA,-,-,-,-,20210420,-
130825,121144901,EPB41L4B,-,-,-,Un,-,erythrocyte membrane protein band 4.1 like 4B,protein-coding,-,-,-,band 4.1-like protein 4B,20210420,-
130825,121144902,CCDC180,-,-,-,Un,-,coiled-coil domain containing 180,protein-coding,-,-,-,coiled-coil domain-containing protein 180,20210420,-
130825,121144903,LOC121144903,-,-,-,Un,-,uncharacterized LOC121144903,ncRNA,-,-,-,-,20210420,-
130825,121144904,SLC2A8,-,-,-,Un,-,solute carrier family 2 member 8,protein-coding,-,-,-,"solute carrier family 2, facilitated glucose transporter member 8",20210420,-
130825,121144905,ZBTB6,-,-,-,Un,-,zinc finger and BTB domain containing 6,protein-coding,-,-,-,zinc finger and BTB domain-containing protein 6,20210420,-
130825,121144906,LOC121144906,-,-,-,Un,-,uncharacterized LOC121144906,ncRNA,-,-,-,-,20210420,-
130825,121144907,GRIN3A,-,-,-,Un,-,glutamate ionotropic receptor NMDA type subunit 3A,protein-coding,-,-,-,"glutamate receptor ionotropic, NMDA 3A",20210420,-
130825,121144908,PPP3R2,-,-,-,Un,-,"protein phosphatase 3 regulatory subunit B, beta",protein-coding,-,-,-,calcineurin subunit B type 2,20210420,-
130825,121144909,CDC26,-,-,-,Un,-,cell division cycle 26,protein-coding,-,-,-,anaphase-promoting complex subunit CDC26,20210420,-
130825,121144910,LHX3,-,-,-,Un,-,LIM homeobox 3,protein-coding,-,-,-,LIM/homeobox protein Lhx3,20210420,-
130825,121144911,NR4A3,-,-,-,Un,-,nuclear receptor subfamily 4 group A member 3,protein-coding,-,-,-,nuclear receptor subfamily 4 group A member 3,20210420,-
130825,121144912,LOC121144912,-,-,-,Un,-,uncharacterized LOC121144912,ncRNA,-,-,-,-,20210420,-
130825,121144913,ENHO,-,-,-,Un,-,energy homeostasis associated,protein-coding,-,-,-,adropin,20210420,-
130825,121144914,LINGO2,-,-,-,Un,-,leucine rich repeat and Ig domain containing 2,protein-coding,-,-,-,leucine-rich repeat and immunoglobulin-like domain-containing nogo receptor-interacting protein 2,20210420,-
130825,121144915,SHOC1,-,-,-,Un,-,shortage in chiasmata 1,protein-coding,-,-,-,protein shortage in chiasmata 1 ortholog,20210420,-
130825,121144916,SUSD1,-,-,-,Un,-,sushi domain containing 1,protein-coding,-,-,-,sushi domain-containing protein 1,20210420,-
130825,121144917,SGO1,-,-,-,Un,-,shugoshin 1,protein-coding,-,-,-,shugoshin 1,20210420,-
130825,121144918,CUNH9orf43,-,-,-,Un,-,chromosome unknown C9orf43 homolog,protein-coding,-,-,-,uncharacterized protein C9orf43 homolog,20210420,-
130825,121144919,RNF208,-,-,-,Un,-,ring finger protein 208,protein-coding,-,-,-,RING finger protein 208,20210420,-
130825,121144920,NACC2,-,-,-,Un,-,NACC family member 2,protein-coding,-,-,-,nucleus accumbens-associated protein 2,20210420,-
130825,121144921,ZNF618,-,-,-,Un,-,zinc finger protein 618,protein-coding,-,-,-,zinc finger protein 618,20210420,-
130825,121144922,CCL21,-,-,-,Un,-,C-C motif chemokine ligand 21,protein-coding,-,-,-,C-C motif chemokine 21,20210420,-
130825,121144923,LOC121144923,-,-,-,Un,-,uncharacterized LOC121144923,ncRNA,-,-,-,-,20210420,-
130825,121144924,PSIP1,-,-,-,Un,-,PC4 and SFRS1 interacting protein 1,protein-coding,-,-,-,PC4 and SFRS1-interacting protein,20210420,-
130825,121144925,SNAPC3,-,-,-,Un,-,small nuclear RNA activating complex polypeptide 3,protein-coding,-,-,-,snRNA-activating protein complex subunit 3,20210420,-
130825,121144926,ENTPD8,-,-,-,Un,-,ectonucleoside triphosphate diphosphohydrolase 8,protein-coding,-,-,-,ectonucleoside triphosphate diphosphohydrolase 8,20210420,-
130825,121144927,LOC121144927,-,-,-,Un,-,14-3-3 protein beta/alpha-like,pseudo,-,-,-,-,20210420,-
130825,121144928,LOC121144928,-,-,-,Un,-,small nuclear ribonucleoprotein E-like,pseudo,-,-,-,-,20210420,-
130825,121144929,COL15A1,-,-,-,Un,-,collagen type XV alpha 1 chain,protein-coding,-,-,-,collagen alpha-1(XV) chain,20210420,-
130825,121144930,IGFBPL1,-,-,-,Un,-,insulin like growth factor binding protein like 1,protein-coding,-,-,-,insulin-like growth factor-binding protein-like 1,20210420,-
130825,121144931,LOC121144931,-,-,-,Un,-,ubiquitin-conjugating enzyme E2 E2,protein-coding,-,-,-,ubiquitin-conjugating enzyme E2 E2,20210420,-
130825,121144932,LOC121144932,-,-,-,Un,-,uncharacterized LOC121144932,protein-coding,-,-,-,uncharacterized protein LOC121144932,20210420,-
130825,121144933,EXOSC3,-,-,-,Un,-,exosome component 3,protein-coding,-,-,-,exosome complex component RRP40,20210420,-
130825,121144934,LOC121144934,-,-,-,Un,-,RNA-binding protein EWS-like,pseudo,-,-,-,-,20210420,-
130825,121144935,SPAG8,-,-,-,Un,-,sperm associated antigen 8,protein-coding,-,-,-,LOW QUALITY PROTEIN: sperm-associated antigen 8,20210420,-
130825,121144936,LOC121144936,-,-,-,Un,-,"microseminoprotein, prostate associated",protein-coding,-,-,-,prostate-associated microseminoprotein,20210420,-
130825,121144937,CA9,-,-,-,Un,-,carbonic anhydrase 9,protein-coding,-,-,-,carbonic anhydrase 9,20210420,-
130825,121144938,LOC121144938,-,-,-,Un,-,dual specificity testis-specific protein kinase 1-like,pseudo,-,-,-,-,20210420,-
130825,121144939,LOC121144939,-,-,-,Un,-,dual specificity testis-specific protein kinase 1-like,pseudo,-,-,-,-,20210420,-
130825,121144940,LOC121144940,-,-,-,Un,-,dual specificity testis-specific protein kinase 1-like,pseudo,-,-,-,-,20210420,-
130825,121144941,LOC121144941,-,-,-,Un,-,dual specificity testis-specific protein kinase 1-like,pseudo,-,-,-,-,20210420,-
130825,121144942,UBE2E1,-,-,-,Un,-,ubiquitin conjugating enzyme E2 E1,protein-coding,-,-,-,ubiquitin-conjugating enzyme E2 E1,20210420,-
130825,121144943,LOC121144943,-,-,-,Un,-,B-cell differentiation antigen CD72-like,protein-coding,-,-,-,B-cell differentiation antigen CD72-like,20210420,-
130825,121144944,LOC121144944,-,-,-,Un,-,dual specificity testis-specific protein kinase 1-like,pseudo,-,-,-,-,20210420,-
130825,121144945,LOC121144945,-,-,-,Un,-,B-cell differentiation antigen CD72-like,protein-coding,-,-,-,B-cell differentiation antigen CD72-like,20210420,-
130825,121144946,LOC121144946,-,-,-,Un,-,dual specificity testis-specific protein kinase 1-like,pseudo,-,-,-,-,20210420,-
130825,121144947,LOC121144947,-,-,-,Un,-,B-cell differentiation antigen CD72-like,protein-coding,-,-,-,B-cell differentiation antigen CD72-like,20210420,-
130825,121144948,LOC121144948,-,-,-,Un,-,dual specificity testis-specific protein kinase 1-like,pseudo,-,-,-,-,20210420,-
130825,121144949,LOC121144949,-,-,-,Un,-,phospholipid-transporting ATPase FetA-like,protein-coding,-,-,-,phospholipid-transporting ATPase FetA-like,20210420,-
130825,121144950,CUNH9orf131,-,-,-,Un,-,chromosome unknown C9orf131 homolog,protein-coding,-,-,-,uncharacterized protein C9orf131 homolog,20210420,-
130825,121144951,LOC121144951,-,-,-,Un,-,protein FAM205A-like,protein-coding,-,-,-,protein FAM205A-like,20210420,-
130825,121144952,CCL19,-,-,-,Un,-,C-C motif chemokine ligand 19,protein-coding,-,-,-,C-C motif chemokine 19,20210420,-
130825,121144953,LOC121144953,-,-,-,Un,-,DNA-directed RNA polymerase II subunit RPB9-like,pseudo,-,-,-,-,20210420,-
130825,121144954,LOC121144954,-,-,-,Un,-,elongation factor 1-alpha 1-like,pseudo,-,-,-,-,20210420,-
130825,121144955,LOC121144955,-,-,-,Un,-,60S acidic ribosomal protein P0-like,pseudo,-,-,-,-,20210420,-
130825,121144956,LOC121144956,-,-,-,Un,-,"28S ribosomal protein S14, mitochondrial-like",pseudo,-,-,-,-,20210420,-
130825,121144957,LOC121144957,-,-,-,Un,-,WW domain-binding protein 11-like,pseudo,-,-,-,-,20210420,-
130825,121144958,LOC121144958,-,-,-,Un,-,POC1 centriolar protein homolog B-like,pseudo,-,-,-,-,20210420,-
130825,121144959,MOB3B,-,-,-,Un,-,MOB kinase activator 3B,protein-coding,-,-,-,MOB kinase activator 3B,20210420,-
130825,121144960,RPL15,-,-,-,Un,-,ribosomal protein L15,protein-coding,-,-,-,60S ribosomal protein L15,20210501,-
130825,121144961,LOC121144961,-,-,-,Un,-,40S ribosomal protein S15a-like,pseudo,-,-,-,-,20210420,-
130825,121144962,LOC121144962,-,-,-,Un,-,"HIG1 domain family member 1A, mitochondrial-like",pseudo,-,-,-,-,20210420,-
130825,121144963,LOC121144963,-,-,-,Un,-,40S ribosomal protein SA-like,pseudo,-,-,-,-,20210420,-
130825,121144964,LOC121144964,-,-,-,Un,-,POC1 centriolar protein homolog B-like,pseudo,-,-,-,-,20210420,-
130825,121144965,IFNE,-,-,-,Un,-,interferon epsilon,protein-coding,-,-,-,interferon epsilon,20210420,-
130825,121144966,LOC121144966,-,-,-,Un,-,interferon omega-1-like,protein-coding,-,-,-,interferon omega-1-like,20210420,-
130825,121144967,LOC121144967,-,-,-,Un,-,interferon alpha-10-like,pseudo,-,-,-,-,20210420,-
130825,121144968,LOC121144968,-,-,-,Un,-,interferon alpha-10-like,pseudo,-,-,-,-,20210420,-
130825,121144969,LOC121144969,-,-,-,Un,-,interferon alpha-1/13-like,protein-coding,-,-,-,interferon alpha-1/13-like,20210420,-
130825,121144970,LOC121144970,-,-,-,Un,-,interferon alpha-10-like,pseudo,-,-,-,-,20210420,-
130825,121144971,LOC121144971,-,-,-,Un,-,interferon alpha-1/13-like,protein-coding,-,-,-,interferon alpha-1/13-like,20210420,-
130825,121144972,IFNB1,-,-,-,Un,-,interferon beta 1,protein-coding,-,-,-,interferon beta,20210420,-
130825,121144973,LOC121144973,-,-,-,Un,-,non-histone chromosomal protein HMG-17-like,protein-coding,-,-,-,non-histone chromosomal protein HMG-17-like,20210420,-
130825,121144974,LOC121144974,-,-,-,Un,-,snRNA-activating protein complex subunit 1-like,pseudo,-,-,-,-,20210420,-
130825,121144975,LOC121144975,-,-,-,Un,-,5-azacytidine-induced protein 2-like,pseudo,-,-,-,-,20210420,-
130825,121144976,LOC121144976,-,-,-,Un,-,cleavage and polyadenylation specificity factor subunit 5-like,pseudo,-,-,-,-,20210420,-
130825,121144977,LOC121144977,-,-,-,Un,-,microtubule-associated proteins 1A/1B light chain 3 beta 2-like,pseudo,-,-,-,-,20210420,-
130825,121144978,NR1D2,-,-,-,Un,-,nuclear receptor subfamily 1 group D member 2,protein-coding,-,-,-,nuclear receptor subfamily 1 group D member 2,20210420,-
130825,121144979,LOC121144979,-,-,-,Un,-,NADH dehydrogenase [ubiquinone] 1 alpha subcomplex subunit 5-like,pseudo,-,-,-,-,20210420,-
130825,121144980,LOC121144980,-,-,-,Un,-,60S ribosomal protein L3-like,pseudo,-,-,-,-,20210420,-
130825,121144981,CUNH9orf153,-,-,-,Un,-,chromosome unknown C9orf153 homolog,protein-coding,-,-,-,uncharacterized protein C9orf153 homolog,20210420,-
130825,121144982,LOC121144982,-,-,-,Un,-,translation initiation factor IF-2-like,protein-coding,-,-,-,translation initiation factor IF-2-like,20210420,-
130825,121144983,LOC121144983,-,-,-,Un,-,spermatogenesis-associated protein 31E1-like,protein-coding,-,-,-,spermatogenesis-associated protein 31E1-like,20210420,-
130825,121144984,LOC121144984,-,-,-,Un,-,14-3-3 protein zeta/delta-like,pseudo,-,-,-,-,20210420,-
130825,121144985,SHC3,-,-,-,Un,-,SHC adaptor protein 3,protein-coding,-,-,-,SHC-transforming protein 3,20210420,-
130825,121144986,LOC121144986,-,-,-,Un,-,F-box/WD repeat-containing protein 12-like,protein-coding,-,-,-,F-box/WD repeat-containing protein 12-like,20210420,-
130825,121144987,LOC121144987,-,-,-,Un,-,F-box/WD repeat-containing protein 12-like,protein-coding,-,-,-,F-box/WD repeat-containing protein 12-like,20210420,-
130825,121144988,LOC121144988,-,-,-,Un,-,F-box/WD repeat-containing protein 12-like,protein-coding,-,-,-,F-box/WD repeat-containing protein 12-like,20210420,-
130825,121144989,LOC121144989,-,-,-,Un,-,NUT family member 2G-like,protein-coding,-,-,-,NUT family member 2G-like,20210420,-
130825,121144990,LOC121144990,-,-,-,Un,-,NUT family member 2G-like,protein-coding,-,-,-,NUT family member 2G-like,20210420,-
130825,121144991,LOC121144991,-,-,-,Un,-,NUT family member 2G-like,protein-coding,-,-,-,NUT family member 2G-like,20210420,-
130825,121144992,LOC121144992,-,-,-,Un,-,NUT family member 2A-like,protein-coding,-,-,-,NUT family member 2A-like,20210420,-
130825,121144993,LOC121144993,-,-,-,Un,-,NUT family member 2G-like,protein-coding,-,-,-,NUT family member 2G-like,20210420,-
130825,121144994,LOC121144994,-,-,-,Un,-,NUT family member 2G-like,protein-coding,-,-,-,NUT family member 2G-like,20210420,-
130825,121144995,LOC121144995,-,-,-,Un,-,60S ribosomal protein L27-like,pseudo,-,-,-,-,20210420,-
130825,121144996,LOC121144996,-,-,-,Un,-,NUT family member 2G-like,protein-coding,-,-,-,NUT family member 2G-like,20210420,-
130825,121144997,BARX1,-,-,-,Un,-,BARX homeobox 1,protein-coding,-,-,-,homeobox protein BarH-like 1,20210420,-
130825,121144998,WNK2,-,-,-,Un,-,WNK lysine deficient protein kinase 2,protein-coding,-,-,-,serine/threonine-protein kinase WNK2,20210420,-
130825,121144999,LOC121144999,-,-,-,Un,-,40S ribosomal protein S12-like,pseudo,-,-,-,-,20210420,-
130825,121145000,LOC121145000,-,-,-,Un,-,centromere protein P,protein-coding,-,-,-,centromere protein P,20210420,-
130825,121145001,IARS1,-,-,-,Un,-,isoleucyl-tRNA synthetase 1,protein-coding,-,-,-,"isoleucine--tRNA ligase, cytoplasmic",20210420,-
130825,121145002,CUNH9orf152,-,-,-,Un,-,chromosome unknown C9orf152 homolog,protein-coding,-,-,-,uncharacterized protein C9orf152 homolog,20210420,-
130825,121145003,GAS1,-,-,-,Un,-,growth arrest specific 1,protein-coding,-,-,-,growth arrest-specific protein 1,20210420,-
130825,121145004,LOC121145004,-,-,-,Un,-,progestagen associated endometrial protein,protein-coding,-,-,-,glycodelin,20210420,-
130825,121145005,RNF38,-,-,-,Un,-,ring finger protein 38,protein-coding,-,-,-,E3 ubiquitin-protein ligase RNF38,20210420,-
130825,121145006,TOP2B,-,-,-,Un,-,DNA topoisomerase II beta,protein-coding,-,-,-,DNA topoisomerase 2-beta,20210420,-
130825,121145007,LOC121145007,-,-,-,Un,-,small integral membrane protein 29-like,pseudo,-,-,-,-,20210420,-
130825,121145008,B4GALT1,-,-,-,Un,-,"beta-1,4-galactosyltransferase 1",protein-coding,-,-,-,"beta-1,4-galactosyltransferase 1",20210420,-
130825,121145009,LOC121145009,-,-,-,Un,-,60S ribosomal protein L21-like,pseudo,-,-,-,-,20210420,-
130825,121145010,PRSS47,-,-,-,Un,-,serine protease 47,protein-coding,-,-,-,putative serine protease 47,20210420,-
130825,121145011,MYORG,-,-,-,Un,-,myogenesis regulating glycosidase (putative),protein-coding,-,-,-,myogenesis-regulating glycosidase,20210420,-
130825,121145012,SPTAN1,-,-,-,Un,-,"spectrin alpha, non-erythrocytic 1",protein-coding,-,-,-,"spectrin alpha chain, non-erythrocytic 1",20210420,-
130825,121145013,FGD3,-,-,-,Un,-,"FYVE, RhoGEF and PH domain containing 3",protein-coding,-,-,-,"FYVE, RhoGEF and PH domain-containing protein 3",20210420,-
130825,121145014,LOC121145014,-,-,-,Un,-,uncharacterized LOC121145014,ncRNA,-,-,-,-,20210420,-
130825,121145015,LOC121145015,-,-,-,Un,-,40S ribosomal protein S18-like,pseudo,-,-,-,-,20210420,-
130825,121145016,SPAAR,-,-,-,Un,-,small regulatory polypeptide of amino acid response,protein-coding,-,-,-,small regulatory polypeptide of amino acid response,20210420,-
130825,121145017,PRRC2B,-,-,-,Un,-,proline rich coiled-coil 2B,protein-coding,-,-,-,protein PRRC2B,20210420,-
130825,121145018,GAPVD1,-,-,-,Un,-,GTPase activating protein and VPS9 domains 1,protein-coding,-,-,-,GTPase-activating protein and VPS9 domain-containing protein 1,20210420,-
130825,121145019,DIRAS2,-,-,-,Un,-,DIRAS family GTPase 2,protein-coding,-,-,-,GTP-binding protein Di-Ras2,20210425,-
130825,121145020,LOC121145020,-,-,-,Un,-,protein archease-like,pseudo,-,-,-,-,20210420,-
130825,121145021,LOC121145021,-,-,-,Un,-,ubiquitin-fold modifier-conjugating enzyme 1-like,pseudo,-,-,-,-,20210420,-
130825,121145022,PRDM12,-,-,-,Un,-,PR/SET domain 12,protein-coding,-,-,-,PR domain zinc finger protein 12,20210420,-
130825,121145023,RARB,-,-,-,Un,-,retinoic acid receptor beta,protein-coding,-,-,-,retinoic acid receptor beta,20210420,-
130825,121145024,ARID3C,-,-,-,Un,-,AT-rich interaction domain 3C,protein-coding,-,-,-,AT-rich interactive domain-containing protein 3C,20210420,-
130825,121145025,FRRS1L,-,-,-,Un,-,ferric chelate reductase 1 like,protein-coding,-,-,-,DOMON domain-containing protein FRRS1L,20210420,-
130825,121145026,LOC121145026,-,-,-,Un,-,60S ribosomal protein L27-like,pseudo,-,-,-,-,20210420,-
130825,121145027,UIMC1,-,-,-,Un,-,ubiquitin interaction motif containing 1,protein-coding,-,-,-,BRCA1-A complex subunit RAP80,20210420,-
130825,121145028,FAM166B,-,-,-,Un,-,family with sequence similarity 166 member B,protein-coding,-,-,-,protein FAM166B,20210420,-
130825,121145029,RAB14,-,-,-,Un,-,"RAB14, member RAS oncogene family",protein-coding,-,-,-,ras-related protein Rab-14,20210522,-
130825,121145030,LOC121145030,-,-,-,Un,-,NOTCH regulated ankyrin repeat protein,protein-coding,-,-,-,notch-regulated ankyrin repeat-containing protein,20210420,-
130825,121145031,LOC121145031,-,-,-,Un,-,uncharacterized LOC121145031,ncRNA,-,-,-,-,20210420,-
130825,121145032,PHF24,-,-,-,Un,-,PHD finger protein 24,protein-coding,-,-,-,PHD finger protein 24,20210420,-
130825,121145033,LOC121145033,-,-,-,Un,-,U6 snRNA-associated Sm-like protein LSm5,pseudo,-,-,-,-,20210420,-
130825,121145034,ABCA1,-,-,-,Un,-,ATP binding cassette subfamily A member 1,protein-coding,-,-,-,phospholipid-transporting ATPase ABCA1,20210420,-
130825,121145035,LOC121145035,-,-,-,Un,-,protein NipSnap homolog 3A,protein-coding,-,-,-,protein NipSnap homolog 3A,20210420,-
130825,121145036,FAM221B,-,-,-,Un,-,family with sequence similarity 221 member B,protein-coding,-,-,-,protein FAM221B,20210420,-
130825,121145037,LOC121145037,-,-,-,Un,-,uncharacterized LOC121145037,ncRNA,-,-,-,-,20210420,-
130825,121145038,SPIN1,-,-,-,Un,-,spindlin 1,protein-coding,-,-,-,spindlin-1,20210522,-
130825,121145039,LOC121145039,-,-,-,Un,-,60S ribosomal protein L39-like,pseudo,-,-,-,-,20210420,-
130825,121145040,NFX1,-,-,-,Un,-,"nuclear transcription factor, X-box binding 1",protein-coding,-,-,-,transcriptional repressor NF-X1,20210420,-
130825,121145041,AQP7,-,-,-,Un,-,aquaporin 7,protein-coding,-,-,-,aquaporin-7,20210420,-
130825,121145042,OXSM,-,-,-,Un,-,"3-oxoacyl-ACP synthase, mitochondrial",protein-coding,-,-,-,"3-oxoacyl-[acyl-carrier-protein] synthase, mitochondrial",20210420,-
130825,121145043,UBQLN1,-,-,-,Un,-,ubiquilin 1,protein-coding,-,-,-,ubiquilin-1,20210420,-
130825,121145044,LOC121145044,-,-,-,Un,-,olfactory receptor 13J1,protein-coding,-,-,-,olfactory receptor 13J1,20210420,-
130825,121145045,CARD19,-,-,-,Un,-,caspase recruitment domain family member 19,protein-coding,-,-,-,caspase recruitment domain-containing protein 19,20210420,-
130825,121145046,NINJ1,-,-,-,Un,-,ninjurin 1,protein-coding,-,-,-,ninjurin-1,20210420,-
130825,121145047,NEK6,-,-,-,Un,-,NIMA related kinase 6,protein-coding,-,-,-,serine/threonine-protein kinase Nek6,20210420,-
130825,121145048,PSMB7,-,-,-,Un,-,proteasome 20S subunit beta 7,protein-coding,-,-,-,proteasome subunit beta type-7,20210420,-
130825,121145049,LOC121145049,-,-,-,Un,-,60S ribosomal protein L35-like,pseudo,-,-,-,-,20210420,-
130825,121145050,LOC121145050,-,-,-,Un,-,interferon omega-1-like,protein-coding,-,-,-,interferon omega-1-like,20210420,-
130825,121145051,DCAF12,-,-,-,Un,-,DDB1 and CUL4 associated factor 12,protein-coding,-,-,-,DDB1- and CUL4-associated factor 12,20210420,-
130825,121145052,TAL2,-,-,-,Un,-,TAL bHLH transcription factor 2,protein-coding,-,-,-,T-cell acute lymphocytic leukemia protein 2,20210420,-
130825,121145053,LOC121145053,-,-,-,Un,-,40S ribosomal protein S23-like,pseudo,-,-,-,-,20210420,-
130825,121145054,KDM4C,-,-,-,Un,-,lysine demethylase 4C,protein-coding,-,-,-,lysine-specific demethylase 4C,20210420,-
130825,121145055,LOC121145055,-,-,-,Un,-,uncharacterized LOC121145055,ncRNA,-,-,-,-,20210420,-
130825,121145056,SETX,-,-,-,Un,-,senataxin,protein-coding,-,-,-,probable helicase senataxin,20210420,-
130825,121145057,RAPGEF1,-,-,-,Un,-,Rap guanine nucleotide exchange factor 1,protein-coding,-,-,-,rap guanine nucleotide exchange factor 1,20210420,-
130825,121145058,SLC4A7,-,-,-,Un,-,solute carrier family 4 member 7,protein-coding,-,-,-,sodium bicarbonate cotransporter 3,20210420,-
130825,121145059,GTF3C4,-,-,-,Un,-,general transcription factor IIIC subunit 4,protein-coding,-,-,-,general transcription factor 3C polypeptide 4,20210420,-
130825,121145060,TTF1,-,-,-,Un,-,transcription termination factor 1,protein-coding,-,-,-,transcription termination factor 1,20210420,-
130825,121145061,POMT1,-,-,-,Un,-,protein O-mannosyltransferase 1,protein-coding,-,-,-,protein O-mannosyl-transferase 1,20210420,-
130825,121145062,DDX31,-,-,-,Un,-,DEAD-box helicase 31,protein-coding,-,-,-,probable ATP-dependent RNA helicase DDX31,20210420,-
130825,121145063,AK8,-,-,-,Un,-,adenylate kinase 8,protein-coding,-,-,-,adenylate kinase 8,20210420,-
130825,121145064,BARHL1,-,-,-,Un,-,BarH like homeobox 1,protein-coding,-,-,-,barH-like 1 homeobox protein,20210420,-
130825,121145065,MED27,-,-,-,Un,-,mediator complex subunit 27,protein-coding,-,-,-,mediator of RNA polymerase II transcription subunit 27,20210420,-
130825,121145066,UCK1,-,-,-,Un,-,uridine-cytidine kinase 1,protein-coding,-,-,-,uridine-cytidine kinase 1,20210420,-
130825,121145067,CFAP77,-,-,-,Un,-,cilia and flagella associated protein 77,protein-coding,-,-,-,cilia- and flagella-associated protein 77,20210420,-
130825,121145068,LOC121145068,-,-,-,Un,-,uncharacterized LOC121145068,ncRNA,-,-,-,-,20210420,-
130825,121145069,SEMA4D,-,-,-,Un,-,semaphorin 4D,protein-coding,-,-,-,semaphorin-4D,20210420,-
130825,121145070,EOMES,-,-,-,Un,-,eomesodermin,protein-coding,-,-,-,eomesodermin homolog,20210420,-
130825,121145071,SECISBP2,-,-,-,Un,-,SECIS binding protein 2,protein-coding,-,-,-,selenocysteine insertion sequence-binding protein 2,20210420,-
130825,121145072,IZUMO3,-,-,-,Un,-,IZUMO family member 3,protein-coding,-,-,-,izumo sperm-egg fusion protein 3,20210420,-
130825,121145073,HAUS6,-,-,-,Un,-,HAUS augmin like complex subunit 6,protein-coding,-,-,-,HAUS augmin-like complex subunit 6,20210420,-
130825,121145074,PLIN2,-,-,-,Un,-,perilipin 2,protein-coding,-,-,-,perilipin-2,20210420,-
130825,121145075,SAXO1,-,-,-,Un,-,stabilizer of axonemal microtubules 1,protein-coding,-,-,-,stabilizer of axonemal microtubules 1,20210420,-
130825,121145076,LOC121145076,-,-,-,Un,-,stimulated by retinoic acid gene 6 protein-like,protein-coding,-,-,-,stimulated by retinoic acid gene 6 protein-like,20210420,-
130825,121145077,LOC121145077,-,-,-,Un,-,interferon omega-1-like,protein-coding,-,-,-,interferon omega-1-like,20210420,-
130825,121145078,TNFSF8,-,-,-,Un,-,TNF superfamily member 8,protein-coding,-,-,-,tumor necrosis factor ligand superfamily member 8,20210420,-
130825,121145079,AZI2,-,-,-,Un,-,5-azacytidine induced 2,protein-coding,-,-,-,5-azacytidine-induced protein 2,20210420,-
130825,121145080,TMEM245,-,-,-,Un,-,transmembrane protein 245,protein-coding,-,-,-,transmembrane protein 245,20210420,-
130825,121145081,CER1,-,-,-,Un,-,"cerberus 1, DAN family BMP antagonist",protein-coding,-,-,-,cerberus,20210420,-
130825,121145082,RMI1,-,-,-,Un,-,RecQ mediated genome instability 1,protein-coding,-,-,-,recQ-mediated genome instability protein 1,20210420,-
130825,121145083,HNRNPK,-,-,-,Un,-,heterogeneous nuclear ribonucleoprotein K,protein-coding,-,-,-,heterogeneous nuclear ribonucleoprotein K,20210529,-
130825,121145084,DDX58,-,-,-,Un,-,DExD/H-box helicase 58,protein-coding,-,-,-,antiviral innate immune response receptor RIG-I,20210420,-
130825,121145085,ACO1,-,-,-,Un,-,aconitase 1,protein-coding,-,-,-,cytoplasmic aconitate hydratase,20210420,-
130825,121145086,NXNL2,-,-,-,Un,-,nucleoredoxin like 2,protein-coding,-,-,-,nucleoredoxin-like protein 2,20210420,-
130825,121145087,DENND1A,-,-,-,Un,-,DENN domain containing 1A,protein-coding,-,-,-,DENN domain-containing protein 1A,20210420,-
130825,121145088,FKBP15,-,-,-,Un,-,FKBP prolyl isomerase family member 15,protein-coding,-,-,-,FK506-binding protein 15,20210420,-
130825,121145089,LOC121145089,-,-,-,Un,-,interferon omega-1-like,protein-coding,-,-,-,interferon omega-1-like,20210420,-
130825,121145090,FOXE1,-,-,-,Un,-,forkhead box E1,protein-coding,-,-,-,forkhead box protein E1,20210420,-
130825,121145091,DMRTA1,-,-,-,Un,-,DMRT like family A1,protein-coding,-,-,-,doublesex- and mab-3-related transcription factor A1,20210420,-
130825,121145092,CDK5RAP2,-,-,-,Un,-,CDK5 regulatory subunit associated protein 2,protein-coding,-,-,-,CDK5 regulatory subunit-associated protein 2,20210420,-
130825,121145093,KIF24,-,-,-,Un,-,kinesin family member 24,protein-coding,-,-,-,kinesin-like protein KIF24,20210420,-
130825,121145094,UBAP1,-,-,-,Un,-,ubiquitin associated protein 1,protein-coding,-,-,-,ubiquitin-associated protein 1,20210420,-
130825,121145095,ZCWPW2,-,-,-,Un,-,zinc finger CW-type and PWWP domain containing 2,protein-coding,-,-,-,zinc finger CW-type PWWP domain protein 2,20210420,-
130825,121145096,PHF2,-,-,-,Un,-,PHD finger protein 2,protein-coding,-,-,-,lysine-specific demethylase PHF2,20210420,-
130825,121145097,PPP6C,-,-,-,Un,-,protein phosphatase 6 catalytic subunit,protein-coding,-,-,-,serine/threonine-protein phosphatase 6 catalytic subunit,20210501,-
130825,121145098,PTGS1,-,-,-,Un,-,prostaglandin-endoperoxide synthase 1,protein-coding,-,-,-,prostaglandin G/H synthase 1,20210420,-
130825,121145099,NUP214,-,-,-,Un,-,nucleoporin 214,protein-coding,-,-,-,nuclear pore complex protein Nup214,20210420,-
130825,121145100,LAMC3,-,-,-,Un,-,laminin subunit gamma 3,protein-coding,-,-,-,laminin subunit gamma-3,20210420,-
130825,121145101,FIBCD1,-,-,-,Un,-,fibrinogen C domain containing 1,protein-coding,-,-,-,fibrinogen C domain-containing protein 1,20210420,-
130825,121145102,AIF1L,-,-,-,Un,-,allograft inflammatory factor 1 like,protein-coding,-,-,-,allograft inflammatory factor 1-like,20210420,-
130825,121145103,LOC121145103,-,-,-,Un,-,interferon omega-1-like,protein-coding,-,-,-,interferon omega-1-like,20210420,-
130825,121145104,LOC121145104,-,-,-,Un,-,interferon omega-1-like,protein-coding,-,-,-,interferon omega-1-like,20210420,-
130825,121145105,LOC121145105,-,-,-,Un,-,interferon omega-1-like,protein-coding,-,-,-,interferon omega-1-like,20210420,-
130825,121145106,LOC121145106,-,-,-,Un,-,interferon omega-1-like,protein-coding,-,-,-,interferon omega-1-like,20210420,-
130825,121145107,LOC121145107,-,-,-,Un,-,interferon omega-1-like,protein-coding,-,-,-,interferon omega-1-like,20210420,-
130825,121145108,LOC121145108,-,-,-,Un,-,interferon omega-1-like,protein-coding,-,-,-,interferon omega-1-like,20210420,-
130825,121145109,LOC121145109,-,-,-,Un,-,interferon omega-1-like,protein-coding,-,-,-,interferon omega-1-like,20210420,-
130825,121145110,LOC121145110,-,-,-,Un,-,interferon omega-1-like,protein-coding,-,-,-,interferon omega-1-like,20210420,-
130825,121145111,LOC121145111,-,-,-,Un,-,interferon omega-1-like,protein-coding,-,-,-,interferon omega-1-like,20210420,-
130825,121145112,LOC121145112,-,-,-,Un,-,interferon omega-1-like,protein-coding,-,-,-,interferon omega-1-like,20210420,-
130825,121145113,LOC121145113,-,-,-,Un,-,interferon omega-1-like,protein-coding,-,-,-,interferon omega-1-like,20210420,-
130825,121145114,LOC121145114,-,-,-,Un,-,interferon omega-1-like,protein-coding,-,-,-,interferon omega-1-like,20210420,-
130825,121145115,LOC121145115,-,-,-,Un,-,interferon omega-1-like,protein-coding,-,-,-,interferon omega-1-like,20210420,-
130825,121145116,CMC1,-,-,-,Un,-,C-X9-C motif containing 1,protein-coding,-,-,-,COX assembly mitochondrial protein homolog,20210420,-
130825,121145117,LOC121145117,-,-,-,Un,-,spermatid perinuclear RNA binding protein,protein-coding,-,-,-,spermatid perinuclear RNA-binding protein,20210420,-
130825,121145118,TOPORS,-,-,-,Un,-,"TOP1 binding arginine/serine rich protein, E3 ubiquitin ligase",protein-coding,-,-,-,E3 ubiquitin-protein ligase Topors,20210420,-
130825,121145119,NDUFB6,-,-,-,Un,-,NADH:ubiquinone oxidoreductase subunit B6,protein-coding,-,-,-,NADH dehydrogenase [ubiquinone] 1 beta subcomplex subunit 6,20210420,-
130825,121145120,SMIM27,-,-,-,Un,-,small integral membrane protein 27,protein-coding,-,-,-,small integral membrane protein 27,20210420,-
130825,121145121,RAD23B,-,-,-,Un,-,"RAD23 homolog B, nucleotide excision repair protein",protein-coding,-,-,-,UV excision repair protein RAD23 homolog B,20210420,-
130825,121145122,CYSRT1,-,-,-,Un,-,cysteine rich tail 1,protein-coding,-,-,-,cysteine-rich tail protein 1,20210420,-
130825,121145123,SLC44A1,-,-,-,Un,-,solute carrier family 44 member 1,protein-coding,-,-,-,choline transporter-like protein 1,20210420,-
130825,121145124,RGS3,-,-,-,Un,-,regulator of G protein signaling 3,protein-coding,-,-,-,regulator of G-protein signaling 3,20210420,-
130825,121145125,RBMS3,-,-,-,Un,-,RNA binding motif single stranded interacting protein 3,protein-coding,-,-,-,"RNA-binding motif, single-stranded-interacting protein 3",20210420,-
130825,121145126,MEGF9,-,-,-,Un,-,multiple EGF like domains 9,protein-coding,-,-,-,multiple epidermal growth factor-like domains protein 9,20210420,-
130825,121145127,FOCAD,-,-,-,Un,-,focadhesin,protein-coding,-,-,-,focadhesin,20210420,-
130825,121145128,MAPKAP1,-,-,-,Un,-,MAPK associated protein 1,protein-coding,-,-,-,target of rapamycin complex 2 subunit MAPKAP1,20210420,-
130825,121145129,LOC121145129,-,-,-,Un,-,tumor suppressor candidate 2-like,pseudo,-,-,-,-,20210420,-
130825,121145130,TESK1,-,-,-,Un,-,testis associated actin remodelling kinase 1,protein-coding,-,-,-,dual specificity testis-specific protein kinase 1,20210420,-
130825,121145131,LOC121145131,-,-,-,Un,-,B-cell differentiation antigen CD72-like,protein-coding,-,-,-,B-cell differentiation antigen CD72-like,20210420,-
130825,121145132,LOC121145132,-,-,-,Un,-,B-cell differentiation antigen CD72-like,protein-coding,-,-,-,B-cell differentiation antigen CD72-like,20210420,-
130825,121145133,LOC121145133,-,-,-,Un,-,B-cell differentiation antigen CD72-like,protein-coding,-,-,-,B-cell differentiation antigen CD72-like,20210420,-
130825,121145134,LOC121145134,-,-,-,Un,-,B-cell differentiation antigen CD72-like,protein-coding,-,-,-,B-cell differentiation antigen CD72-like,20210420,-
130825,121145135,LOC121145135,-,-,-,Un,-,B-cell differentiation antigen CD72-like,protein-coding,-,-,-,B-cell differentiation antigen CD72-like,20210420,-
130825,121145136,LOC121145136,-,-,-,Un,-,B-cell differentiation antigen CD72-like,protein-coding,-,-,-,B-cell differentiation antigen CD72-like,20210420,-
130825,121145137,LOC121145137,-,-,-,Un,-,uncharacterized LOC121145137,ncRNA,-,-,-,-,20210420,-
130825,121145138,SPTLC1,-,-,-,Un,-,serine palmitoyltransferase long chain base subunit 1,protein-coding,-,-,-,serine palmitoyltransferase 1,20210420,-
130825,121145139,FBXW2,-,-,-,Un,-,F-box and WD repeat domain containing 2,protein-coding,-,-,-,F-box/WD repeat-containing protein 2,20210529,-
130825,121145140,LOC121145140,-,-,-,Un,-,5S ribosomal RNA,pseudo,-,-,-,-,20210420,-
130825,121145141,LOC121145141,-,-,-,Un,-,U6 spliceosomal RNA,snRNA,-,-,-,-,20210420,-
130825,121145142,LOC121145142,-,-,-,Un,-,U6 spliceosomal RNA,snRNA,-,-,-,-,20210420,-
130825,121145143,LOC121145143,-,-,-,Un,-,U6 spliceosomal RNA,pseudo,-,-,-,-,20210420,-
130825,121145144,LOC121145144,-,-,-,Un,-,U6 spliceosomal RNA,snRNA,-,-,-,-,20210420,-
130825,121145145,LOC121145145,-,-,-,Un,-,U6 spliceosomal RNA,snRNA,-,-,-,-,20210420,-
130825,121145146,LOC121145146,-,-,-,Un,-,U6 spliceosomal RNA,pseudo,-,-,-,-,20210420,-
130825,121145147,LOC121145147,-,-,-,Un,-,U6 spliceosomal RNA,snRNA,-,-,-,-,20210420,-
130825,121145148,LOC121145148,-,-,-,Un,-,U6 spliceosomal RNA,snRNA,-,-,-,-,20210420,-
130825,121145149,LOC121145149,-,-,-,Un,-,U6 spliceosomal RNA,snRNA,-,-,-,-,20210420,-
130825,121145150,LOC121145150,-,-,-,Un,-,U6 spliceosomal RNA,pseudo,-,-,-,-,20210420,-
130825,121145151,LOC121145151,-,-,-,Un,-,U6 spliceosomal RNA,snRNA,-,-,-,-,20210420,-
130825,121145152,LOC121145152,-,-,-,Un,-,U6 spliceosomal RNA,snRNA,-,-,-,-,20210420,-
130825,121145153,LOC121145153,-,-,-,Un,-,small nucleolar RNA SNORD36,snoRNA,-,-,-,-,20210420,-
130825,121145154,LOC121145154,-,-,-,Un,-,small nucleolar RNA SNORA71,snoRNA,-,-,-,-,20210420,-
130825,121145155,LOC121145155,-,-,-,Un,-,small nucleolar RNA SNORD24,snoRNA,-,-,-,-,20210420,-
130825,121145156,LOC121145156,-,-,-,Un,-,small nucleolar RNA SNORD62,snoRNA,-,-,-,-,20210420,-
130825,121145157,LOC121145157,-,-,-,Un,-,small nucleolar RNA SNORD62,snoRNA,-,-,-,-,20210420,-
130825,121145158,LOC121145158,-,-,-,Un,-,small nucleolar RNA SNORD62,snoRNA,-,-,-,-,20210420,-
130825,121145159,LOC121145159,-,-,-,Un,-,small Cajal body-specific RNA 8,ncRNA,-,-,-,-,20210420,-
130825,121145160,LOC121145160,-,-,-,Un,-,small nucleolar RNA SNORA65,snoRNA,-,-,-,-,20210420,-
130825,121145161,LOC121145161,-,-,-,Un,-,small nucleolar RNA SNORA31,snoRNA,-,-,-,-,20210420,-
130825,121145162,LOC121145162,-,-,-,Un,-,small nucleolar RNA SNORA44,snoRNA,-,-,-,-,20210420,-
130825,121145163,LOC121145163,-,-,-,Un,-,small nucleolar RNA SNORA21,snoRNA,-,-,-,-,20210420,-
130825,121145164,LOC121145164,-,-,-,Un,-,small nucleolar RNA SNORA30/SNORA37 family,snoRNA,-,-,-,-,20210420,-
130825,121145165,LOC121145165,-,-,-,Un,-,small nucleolar RNA SNORA17,snoRNA,-,-,-,-,20210420,-
130825,121145166,LOC121145166,-,-,-,Un,-,small nucleolar RNA SNORA17,snoRNA,-,-,-,-,20210420,-
130825,121145167,LOC121145167,-,-,-,Un,-,small nucleolar RNA SNORA40,snoRNA,-,-,-,-,20210420,-
130825,121145168,LOC121145168,-,-,-,Un,-,small nucleolar RNA SNORD90,snoRNA,-,-,-,-,20210420,-
130825,121145169,LOC121145169,-,-,-,Un,-,U6atac minor spliceosomal RNA,snRNA,-,-,-,-,20210420,-
130825,121145170,LOC121145170,-,-,-,Un,-,small nucleolar RNA SNORD121A,snoRNA,-,-,-,-,20210420,-
130825,121145171,LOC121145171,-,-,-,Un,-,small nucleolar RNA SNORD121A,snoRNA,-,-,-,-,20210420,-
130825,121145172,LOC121145172,-,-,-,Un,-,small nucleolar RNA U13,pseudo,-,-,-,-,20210420,-
130825,121145173,LOC121145173,-,-,-,Un,-,small nucleolar RNA U13,snoRNA,-,-,-,-,20210420,-
130825,121145174,LOC121145174,-,-,-,Un,-,small nucleolar RNA ACA64,snoRNA,-,-,-,-,20210420,-
130825,121145175,LOC121145175,-,-,-,Un,-,small nucleolar RNA ACA64,snoRNA,-,-,-,-,20210420,-
130825,121145176,LOC121145176,-,-,-,Un,-,small nucleolar RNA SNORA84,snoRNA,-,-,-,-,20210420,-
130825,121145177,LOC121145177,-,-,-,Un,-,U1 spliceosomal RNA,snRNA,-,-,-,-,20210420,-
130825,121145178,LOC121145178,-,-,-,Un,-,U1 spliceosomal RNA,pseudo,-,-,-,-,20210420,-
130825,121145179,LOC121145179,-,-,-,Un,-,U1 spliceosomal RNA,pseudo,-,-,-,-,20210420,-
130825,121145180,LOC121145180,-,-,-,Un,-,U2 spliceosomal RNA,snRNA,-,-,-,-,20210420,-
130825,121145181,TGFBR2,-,-,-,Un,-,transforming growth factor beta receptor 2,protein-coding,-,-,-,TGF-beta receptor type-2,20210420,-
130825,121145182,LOC121145182,-,-,-,Un,-,U2 spliceosomal RNA,pseudo,-,-,-,-,20210420,-
130825,121145183,LOC121145183,-,-,-,Un,-,U2 spliceosomal RNA,pseudo,-,-,-,-,20210420,-
130825,121145184,LOC121145184,-,-,-,Un,-,U2 spliceosomal RNA,pseudo,-,-,-,-,20210420,-
130825,121145185,LOC121145185,-,-,-,Un,-,U2 spliceosomal RNA,pseudo,-,-,-,-,20210420,-
130825,121145186,LOC121145186,-,-,-,Un,-,U2 spliceosomal RNA,pseudo,-,-,-,-,20210420,-
130825,121145187,LOC121145187,-,-,-,Un,-,U2 spliceosomal RNA,pseudo,-,-,-,-,20210420,-
130825,121145188,LOC121145188,-,-,-,Un,-,U2 spliceosomal RNA,snRNA,-,-,-,-,20210420,-
130825,121145189,LOC121145189,-,-,-,Un,-,U2 spliceosomal RNA,pseudo,-,-,-,-,20210420,-
130825,121145190,LOC121145190,-,-,-,Un,-,U2 spliceosomal RNA,snRNA,-,-,-,-,20210420,-
130825,121145191,LOC121145191,-,-,-,Un,-,U2 spliceosomal RNA,pseudo,-,-,-,-,20210420,-
130825,121145192,LOC121145192,-,-,-,Un,-,U2 spliceosomal RNA,pseudo,-,-,-,-,20210420,-
130825,121145193,LOC121145193,-,-,-,Un,-,U12 minor spliceosomal RNA,snRNA,-,-,-,-,20210420,-
130825,121145194,LOC121145194,-,-,-,Un,-,small nucleolar RNA U3,snoRNA,-,-,-,-,20210420,-
130825,121145195,LOC121145195,-,-,-,Un,-,small nucleolar RNA U3,pseudo,-,-,-,-,20210420,-
130825,121145196,LOC121145196,-,-,-,Un,-,small nucleolar RNA U3,pseudo,-,-,-,-,20210420,-
130825,121145197,LOC121145197,-,-,-,Un,-,U4 spliceosomal RNA,pseudo,-,-,-,-,20210420,-
130825,121145198,LOC121145198,-,-,-,Un,-,U5 spliceosomal RNA,snRNA,-,-,-,-,20210420,-
130825,121145199,LOC121145199,-,-,-,Un,-,U6 spliceosomal RNA,snRNA,-,-,-,-,20210420,-
130825,121145200,LOC121145200,-,-,-,Un,-,U6 spliceosomal RNA,snRNA,-,-,-,-,20210420,-
130825,121145201,LOC121145201,-,-,-,Un,-,U6 spliceosomal RNA,snRNA,-,-,-,-,20210420,-
130825,121145202,LOC121145202,-,-,-,Un,-,U6 spliceosomal RNA,snRNA,-,-,-,-,20210420,-
130825,121145203,LOC121145203,-,-,-,Un,-,U6 spliceosomal RNA,snRNA,-,-,-,-,20210420,-
130825,121145204,LOC121145204,-,-,-,Un,-,U6 spliceosomal RNA,snRNA,-,-,-,-,20210420,-
130825,121145205,LOC121145205,-,-,-,Un,-,U6 spliceosomal RNA,pseudo,-,-,-,-,20210420,-
130825,121145206,LOC121145206,-,-,-,Un,-,U6 spliceosomal RNA,snRNA,-,-,-,-,20210420,-
130825,121145207,STT3B,-,-,-,Un,-,STT3 oligosaccharyltransferase complex catalytic subunit B,protein-coding,-,-,-,dolichyl-diphosphooligosaccharide--protein glycosyltransferase subunit STT3B,20210420,-
130825,121145208,LOC121145208,-,-,-,Un,-,U6 spliceosomal RNA,snRNA,-,-,-,-,20210420,-
130825,121145209,LOC121145209,-,-,-,Un,-,U6 spliceosomal RNA,pseudo,-,-,-,-,20210420,-
130825,121145210,LOC121145210,-,-,-,Un,-,U6 spliceosomal RNA,pseudo,-,-,-,-,20210420,-
130825,121145211,LOC121145211,-,-,-,Un,-,U6 spliceosomal RNA,snRNA,-,-,-,-,20210420,-
130825,121145212,TRNAR-UCU,-,-,-,Un,-,transfer RNA arginine (anticodon UCU),tRNA,-,-,-,-,20210420,-
130825,121145213,TRNAH-GUG,-,-,-,Un,-,transfer RNA histidin (anticodon GUG),tRNA,-,-,-,-,20210420,-
130825,121145214,TMEM126A,-,-,-,Un,-,transmembrane protein 126A,protein-coding,-,-,-,transmembrane protein 126A,20210420,-
130825,121145215,CREBZF,-,-,-,Un,-,CREB/ATF bZIP transcription factor,protein-coding,-,-,-,CREB/ATF bZIP transcription factor,20210420,-
130825,121145216,UCP2,-,-,-,Un,-,uncoupling protein 2,protein-coding,-,-,-,mitochondrial uncoupling protein 2,20210420,-
130825,121145217,OSBPL10,-,-,-,Un,-,oxysterol binding protein like 10,protein-coding,-,-,-,oxysterol-binding protein-related protein 10,20210420,-
130825,121145218,UVRAG,-,-,-,Un,-,UV radiation resistance associated,protein-coding,-,-,-,UV radiation resistance-associated gene protein,20210420,-
130825,121145219,LOC121145219,-,-,-,Un,-,uncharacterized LOC121145219,ncRNA,-,-,-,-,20210420,-
130825,121145220,B3GNT6,-,-,-,Un,-,"UDP-GlcNAc:betaGal beta-1,3-N-acetylglucosaminyltransferase 6",protein-coding,-,-,-,"LOW QUALITY PROTEIN: acetylgalactosaminyl-O-glycosyl-glycoprotein beta-1,3-N-acetylglucosaminyltransferase",20210420,-
130825,121145221,LOC121145221,-,-,-,Un,-,protocadherin beta-7-like,protein-coding,-,-,-,protocadherin beta-7-like,20210420,-
130825,121145222,HK3,-,-,-,Un,-,hexokinase 3,protein-coding,-,-,-,hexokinase-3,20210420,-
130825,121145223,FHIP1B,-,-,-,Un,-,FHF complex subunit HOOK interacting protein 1B,protein-coding,-,-,-,FTS and Hook-interacting protein,20210420,-
130825,121145224,CUNH11orf42,-,-,-,Un,-,chromosome unknown C11orf42 homolog,protein-coding,-,-,-,uncharacterized protein C11orf42 homolog,20210420,-
130825,121145225,LOC121145225,-,-,-,Un,-,tripartite motif-containing protein 5-like,protein-coding,-,-,-,tripartite motif-containing protein 5-like,20210420,-
130825,121145226,LOC121145226,-,-,-,Un,-,tripartite motif-containing protein 6-like,protein-coding,-,-,-,tripartite motif-containing protein 6-like,20210420,-
130825,121145227,LOC121145227,-,-,-,Un,-,interferon-induced very large GTPase 1-like,protein-coding,-,-,-,interferon-induced very large GTPase 1-like,20210420,-
130825,121145228,PGM2L1,-,-,-,Un,-,phosphoglucomutase 2 like 1,protein-coding,-,-,-,"glucose 1,6-bisphosphate synthase",20210420,-
130825,121145229,THAP12,-,-,-,Un,-,THAP domain containing 12,protein-coding,-,-,-,52 kDa repressor of the inhibitor of the protein kinase,20210420,-
130825,121145230,TPBGL,-,-,-,Un,-,trophoblast glycoprotein like,protein-coding,-,-,-,trophoblast glycoprotein-like,20210420,-
130825,121145231,GPD1L,-,-,-,Un,-,glycerol-3-phosphate dehydrogenase 1 like,protein-coding,-,-,-,glycerol-3-phosphate dehydrogenase 1-like protein,20210420,-
130825,121145232,TENM4,-,-,-,Un,-,teneurin transmembrane protein 4,protein-coding,-,-,-,teneurin-4,20210420,-
130825,121145233,TIMM10B,-,-,-,Un,-,translocase of inner mitochondrial membrane 10B,protein-coding,-,-,-,mitochondrial import inner membrane translocase subunit Tim10 B,20210420,-
130825,121145234,LOC121145234,-,-,-,Un,-,cellular nucleic acid-binding protein-like,pseudo,-,-,-,-,20210420,-
130825,121145235,RRP8,-,-,-,Un,-,ribosomal RNA processing 8,protein-coding,-,-,-,ribosomal RNA-processing protein 8,20210420,-
130825,121145236,ILK,-,-,-,Un,-,integrin linked kinase,protein-coding,-,-,-,integrin-linked protein kinase,20210420,-
130825,121145237,CMTM8,-,-,-,Un,-,CKLF like MARVEL transmembrane domain containing 8,protein-coding,-,-,-,CKLF-like MARVEL transmembrane domain-containing protein 8,20210420,-
130825,121145238,TAF10,-,-,-,Un,-,TATA-box binding protein associated factor 10,protein-coding,-,-,-,transcription initiation factor TFIID subunit 10,20210420,-
130825,121145239,SERPINH1,-,-,-,Un,-,serpin family H member 1,protein-coding,-,-,-,serpin H1,20210420,-
130825,121145240,LOC121145240,-,-,-,Un,-,transmembrane O-methyltransferase,protein-coding,-,-,-,transmembrane O-methyltransferase,20210420,-
130825,121145241,LRRC51,-,-,-,Un,-,leucine rich repeat containing 51,protein-coding,-,-,-,leucine-rich repeat-containing protein 51,20210420,-
130825,121145242,LAMTOR1,-,-,-,Un,-,"late endosomal/lysosomal adaptor, MAPK and MTOR activator 1",protein-coding,-,-,-,ragulator complex protein LAMTOR1,20210420,-
130825,121145243,ANAPC15,-,-,-,Un,-,anaphase promoting complex subunit 15,protein-coding,-,-,-,anaphase-promoting complex subunit 15,20210529,-
130825,121145244,MYO7A,-,-,-,Un,-,myosin VIIA,protein-coding,-,-,-,unconventional myosin-VIIa,20210420,-
130825,121145245,LOC121145245,-,-,-,Un,-,uncharacterized LOC121145245,ncRNA,-,-,-,-,20210420,-
130825,121145246,NARS2,-,-,-,Un,-,"asparaginyl-tRNA synthetase 2, mitochondrial",protein-coding,-,-,-,"probable asparagine--tRNA ligase, mitochondrial",20210420,-
130825,121145247,CMTM7,-,-,-,Un,-,CKLF like MARVEL transmembrane domain containing 7,protein-coding,-,-,-,CKLF-like MARVEL transmembrane domain-containing protein 7,20210420,-
130825,121145248,LOC121145248,-,-,-,Un,-,poly [ADP-ribose] polymerase tankyrase-2-like,pseudo,-,-,-,-,20210420,-
130825,121145249,EED,-,-,-,Un,-,embryonic ectoderm development,protein-coding,-,-,-,polycomb protein EED,20210515,-
130825,121145250,LOC121145250,-,-,-,Un,-,uncharacterized LOC121145250,ncRNA,-,-,-,-,20210420,-
130825,121145251,NOX4,-,-,-,Un,-,NADPH oxidase 4,protein-coding,-,-,-,NADPH oxidase 4,20210420,-
130825,121145252,GRM5,-,-,-,Un,-,glutamate metabotropic receptor 5,protein-coding,-,-,-,metabotropic glutamate receptor 5,20210420,-
130825,121145253,DCHS1,-,-,-,Un,-,dachsous cadherin-related 1,protein-coding,-,-,-,protocadherin-16,20210420,-
130825,121145254,TPP1,-,-,-,Un,-,tripeptidyl peptidase 1,protein-coding,-,-,-,tripeptidyl-peptidase 1,20210420,-
130825,121145255,POLD3,-,-,-,Un,-,"DNA polymerase delta 3, accessory subunit",protein-coding,-,-,-,DNA polymerase delta subunit 3,20210420,-
130825,121145256,LOC121145256,-,-,-,Un,-,transformer-2 protein homolog beta-like,pseudo,-,-,-,-,20210420,-
130825,121145257,LOC121145257,-,-,-,Un,-,protein MIX23-like,pseudo,-,-,-,-,20210420,-
130825,121145258,LOC121145258,-,-,-,Un,-,eukaryotic translation initiation factor 2 subunit 2-like,pseudo,-,-,-,-,20210420,-
130825,121145259,LOC121145259,-,-,-,Un,-,protein ILRUN-like,pseudo,-,-,-,-,20210420,-
130825,121145260,LOC121145260,-,-,-,Un,-,transmembrane protein 62-like,pseudo,-,-,-,-,20210420,-
130825,121145261,LOC121145261,-,-,-,Un,-,ragulator complex protein LAMTOR2-like,protein-coding,-,-,-,ragulator complex protein LAMTOR2-like,20210420,-
130825,121145262,CMTM6,-,-,-,Un,-,CKLF like MARVEL transmembrane domain containing 6,protein-coding,-,-,-,CKLF-like MARVEL transmembrane domain-containing protein 6,20210420,-
130825,121145263,LOC121145263,-,-,-,Un,-,elongation factor 1-beta-like,pseudo,-,-,-,-,20210420,-
130825,121145264,LOC121145264,-,-,-,Un,-,dynein heavy chain domain-containing protein 1-like,protein-coding,-,-,-,dynein heavy chain domain-containing protein 1-like,20210420,-
130825,121145265,LOC121145265,-,-,-,Un,-,60S ribosomal protein L23a-like,pseudo,-,-,-,-,20210420,-
130825,121145266,CNGA4,-,-,-,Un,-,cyclic nucleotide gated channel subunit alpha 4,protein-coding,-,-,-,cyclic nucleotide-gated cation channel alpha-4,20210420,-
130825,121145267,LOC121145267,-,-,-,Un,-,olfactory receptor 52E4-like,protein-coding,-,-,-,olfactory receptor 52E4-like,20210420,-
130825,121145268,LOC121145268,-,-,-,Un,-,olfactory receptor 52N2,protein-coding,-,-,-,olfactory receptor 52N2,20210420,-
130825,121145269,LOC121145269,-,-,-,Un,-,olfactory receptor 52N2-like,pseudo,-,-,-,-,20210420,-
130825,121145270,LOC121145270,-,-,-,Un,-,putative olfactory receptor 56B2,protein-coding,-,-,-,putative olfactory receptor 56B2,20210420,-
130825,121145271,LOC121145271,-,-,-,Un,-,putative olfactory receptor 52P1,protein-coding,-,-,-,putative olfactory receptor 52P1,20210420,-
130825,121145272,LOC121145272,-,-,-,Un,-,olfactory receptor 52E4-like,protein-coding,-,-,-,LOW QUALITY PROTEIN: olfactory receptor 52E4-like,20210420,-
130825,121145273,DYNC1LI1,-,-,-,Un,-,dynein cytoplasmic 1 light intermediate chain 1,protein-coding,-,-,-,cytoplasmic dynein 1 light intermediate chain 1,20210420,-
130825,121145274,LOC121145274,-,-,-,Un,-,olfactory receptor 52H1,protein-coding,-,-,-,olfactory receptor 52H1,20210420,-
130825,121145275,LOC121145275,-,-,-,Un,-,olfactomedin-4-like,protein-coding,-,-,-,olfactomedin-4-like,20210420,-
130825,121145276,LOC121145276,-,-,-,Un,-,olfactory receptor 52D1,protein-coding,-,-,-,olfactory receptor 52D1,20210420,-
130825,121145277,LOC121145277,-,-,-,Un,-,olfactory receptor 51I2-like,protein-coding,-,-,-,LOW QUALITY PROTEIN: olfactory receptor 51I2-like,20210420,-
130825,121145278,LOC121145278,-,-,-,Un,-,olfactory receptor 51I2-like,protein-coding,-,-,-,olfactory receptor 51I2-like,20210420,-
130825,121145279,LOC121145279,-,-,-,Un,-,olfactory receptor 52E2-like,protein-coding,-,-,-,olfactory receptor 52E2-like,20210420,-
130825,121145280,LOC121145280,-,-,-,Un,-,olfactory receptor 52A1-like,protein-coding,-,-,-,olfactory receptor 52A1-like,20210420,-
130825,121145281,LOC121145281,-,-,-,Un,-,olfactory receptor 51V1,protein-coding,-,-,-,olfactory receptor 51V1,20210420,-
130825,121145282,LOC121145282,-,-,-,Un,-,olfactory receptor 52A5-like,protein-coding,-,-,-,olfactory receptor 52A5-like,20210420,-
130825,121145283,LOC121145283,-,-,-,Un,-,olfactory receptor 51G2-like,protein-coding,-,-,-,olfactory receptor 51G2-like,20210420,-
130825,121145284,LOC121145284,-,-,-,Un,-,olfactory receptor 52Z1-like,protein-coding,-,-,-,olfactory receptor 52Z1-like,20210420,-
130825,121145285,LOC121145285,-,-,-,Un,-,olfactory receptor 51G1-like,protein-coding,-,-,-,olfactory receptor 51G1-like,20210420,-
130825,121145286,LOC121145286,-,-,-,Un,-,olfactory receptor 51G2-like,protein-coding,-,-,-,olfactory receptor 51G2-like,20210420,-
130825,121145287,LOC121145287,-,-,-,Un,-,olfactory receptor 52A5-like,protein-coding,-,-,-,olfactory receptor 52A5-like,20210420,-
130825,121145288,LOC121145288,-,-,-,Un,-,olfactory receptor 52A5-like,pseudo,-,-,-,-,20210420,-
130825,121145289,LOC121145289,-,-,-,Un,-,olfactory receptor 52E2-like,protein-coding,-,-,-,olfactory receptor 52E2-like,20210420,-
130825,121145290,LOC121145290,-,-,-,Un,-,olfactory receptor 51G2-like,protein-coding,-,-,-,olfactory receptor 51G2-like,20210420,-
130825,121145291,LOC121145291,-,-,-,Un,-,olfactory receptor 51G1,protein-coding,-,-,-,olfactory receptor 51G1,20210420,-
130825,121145292,LOC121145292,-,-,-,Un,-,olfactory receptor 51T1,protein-coding,-,-,-,olfactory receptor 51T1,20210420,-
130825,121145293,LOC121145293,-,-,-,Un,-,olfactory receptor 51S1,protein-coding,-,-,-,olfactory receptor 51S1,20210420,-
130825,121145294,LOC121145294,-,-,-,Un,-,olfactory receptor 51F2-like,protein-coding,-,-,-,olfactory receptor 51F2-like,20210420,-
130825,121145295,LOC121145295,-,-,-,Un,-,olfactory receptor 51I2-like,protein-coding,-,-,-,olfactory receptor 51I2-like,20210420,-
130825,121145296,LOC121145296,-,-,-,Un,-,olfactory receptor 52I2-like,protein-coding,-,-,-,olfactory receptor 52I2-like,20210420,-
130825,121145297,LOC121145297,-,-,-,Un,-,olfactory receptor 52I2-like,protein-coding,-,-,-,olfactory receptor 52I2-like,20210420,-
130825,121145298,LOC121145298,-,-,-,Un,-,olfactory receptor 52I2-like,protein-coding,-,-,-,olfactory receptor 52I2-like,20210420,-
130825,121145299,LOC121145299,-,-,-,Un,-,olfactory receptor 52I1-like,protein-coding,-,-,-,olfactory receptor 52I1-like,20210420,-
130825,121145300,LOC121145300,-,-,-,Un,-,olfactory receptor 52M1-like,protein-coding,-,-,-,olfactory receptor 52M1-like,20210420,-
130825,121145301,LOC121145301,-,-,-,Un,-,olfactory receptor 52B4-like,protein-coding,-,-,-,olfactory receptor 52B4-like,20210420,-
130825,121145302,ART1,-,-,-,Un,-,ADP-ribosyltransferase 1,protein-coding,-,-,-,GPI-linked NAD(P)(+)--arginine ADP-ribosyltransferase 1,20210420,-
130825,121145303,ART5,-,-,-,Un,-,ADP-ribosyltransferase 5,protein-coding,-,-,-,ecto-ADP-ribosyltransferase 5,20210420,-
130825,121145304,CNOT10,-,-,-,Un,-,CCR4-NOT transcription complex subunit 10,protein-coding,-,-,-,CCR4-NOT transcription complex subunit 10,20210420,-
130825,121145305,LOC121145305,-,-,-,Un,-,short transient receptor potential channel 2,protein-coding,-,-,-,short transient receptor potential channel 2,20210420,-
130825,121145306,LOC121145306,-,-,-,Un,-,interleukin 18 binding protein,protein-coding,-,-,-,interleukin-18-binding protein,20210420,-
130825,121145307,LOC121145307,-,-,-,Un,-,T-cell ecto-ADP-ribosyltransferase 2-like,protein-coding,-,-,-,T-cell ecto-ADP-ribosyltransferase 2-like,20210420,-
130825,121145308,UNC5A,-,-,-,Un,-,unc-5 netrin receptor A,protein-coding,-,-,-,netrin receptor UNC5A,20210420,-
130825,121145309,LOC121145309,-,-,-,Un,-,T-cell ecto-ADP-ribosyltransferase 1-like,protein-coding,-,-,-,T-cell ecto-ADP-ribosyltransferase 1-like,20210420,-
130825,121145310,P2RY6,-,-,-,Un,-,pyrimidinergic receptor P2Y6,protein-coding,-,-,-,P2Y purinoceptor 6,20210420,-
130825,121145311,LOC121145311,-,-,-,Un,-,guanylate cyclase D-like,protein-coding,-,-,-,guanylate cyclase D-like,20210420,-
130825,121145312,GDPD4,-,-,-,Un,-,glycerophosphodiester phosphodiesterase domain containing 4,protein-coding,-,-,-,glycerophosphodiester phosphodiesterase domain-containing protein 4,20210420,-
130825,121145313,LOC121145313,-,-,-,Un,-,glycerophosphodiester phosphodiesterase domain-containing protein 4-like,protein-coding,-,-,-,glycerophosphodiester phosphodiesterase domain-containing protein 4-like,20210420,-
130825,121145314,LOC121145314,-,-,-,Un,-,60S ribosomal protein L21-like,pseudo,-,-,-,-,20210420,-
130825,121145315,LOC121145315,-,-,-,Un,-,ATP-dependent RNA helicase DDX19B-like,pseudo,-,-,-,-,20210420,-
130825,121145316,LOC121145316,-,-,-,Un,-,suppressor of cytokine signaling 6-like,pseudo,-,-,-,-,20210420,-
130825,121145317,LOC121145317,-,-,-,Un,-,"DNA-directed RNA polymerases I, II, and III subunit RPABC4-like",pseudo,-,-,-,-,20210420,-
130825,121145318,LOC121145318,-,-,-,Un,-,putative tripartite motif-containing protein 75,protein-coding,-,-,-,putative tripartite motif-containing protein 75,20210420,-
130825,121145319,LOC121145319,-,-,-,Un,-,mortality factor 4-like protein 1,pseudo,-,-,-,-,20210420,-
130825,121145320,LOC121145320,-,-,-,Un,-,60S ribosomal protein L36a-like,pseudo,-,-,-,-,20210420,-
130825,121145321,LOC121145321,-,-,-,Un,-,tripartite motif-containing protein 64-like,protein-coding,-,-,-,tripartite motif-containing protein 64-like,20210420,-
130825,121145322,LOC121145322,-,-,-,Un,-,tripartite motif-containing protein 64-like,protein-coding,-,-,-,tripartite motif-containing protein 64-like,20210420,-
130825,121145323,LOC121145323,-,-,-,Un,-,tripartite motif-containing protein 43-like,protein-coding,-,-,-,tripartite motif-containing protein 43-like,20210420,-
130825,121145324,LOC121145324,-,-,-,Un,-,tripartite motif-containing protein 64-like,protein-coding,-,-,-,tripartite motif-containing protein 64-like,20210420,-
130825,121145325,LOC121145325,-,-,-,Un,-,tripartite motif-containing protein 43-like,protein-coding,-,-,-,tripartite motif-containing protein 43-like,20210420,-
130825,121145326,LOC121145326,-,-,-,Un,-,tripartite motif-containing protein 64-like,protein-coding,-,-,-,tripartite motif-containing protein 64-like,20210420,-
130825,121145327,LOC121145327,-,-,-,Un,-,tripartite motif-containing protein 64-like,protein-coding,-,-,-,tripartite motif-containing protein 64-like,20210420,-
130825,121145328,LOC121145328,-,-,-,Un,-,tripartite motif-containing protein 64-like,protein-coding,-,-,-,tripartite motif-containing protein 64-like,20210420,-
130825,121145329,FAM181B,-,-,-,Un,-,family with sequence similarity 181 member B,protein-coding,-,-,-,protein FAM181B,20210420,-
130825,121145330,FOLH1B,-,-,-,Un,-,folate hydrolase 1B,protein-coding,-,-,-,putative N-acetylated-alpha-linked acidic dipeptidase,20210420,-
130825,121145331,LIPT2,-,-,-,Un,-,lipoyl(octanoyl) transferase 2,protein-coding,-,-,-,"putative lipoyltransferase 2, mitochondrial",20210420,-
130825,121145332,LOC121145332,-,-,-,Un,-,prolylcarboxypeptidase,protein-coding,-,-,-,lysosomal Pro-X carboxypeptidase,20210420,-
130825,121145333,APBB1,-,-,-,Un,-,amyloid beta precursor protein binding family B member 1,protein-coding,-,-,-,amyloid-beta A4 precursor protein-binding family B member 1,20210420,-
130825,121145334,SMPD1,-,-,-,Un,-,sphingomyelin phosphodiesterase 1,protein-coding,-,-,-,sphingomyelin phosphodiesterase,20210420,-
130825,121145335,TMEM126B,-,-,-,Un,-,transmembrane protein 126B,protein-coding,-,-,-,"complex I assembly factor TMEM126B, mitochondrial",20210420,-
130825,121145336,USP35,-,-,-,Un,-,ubiquitin specific peptidase 35,protein-coding,-,-,-,ubiquitin carboxyl-terminal hydrolase 35,20210420,-
130825,121145337,GAB2,-,-,-,Un,-,GRB2 associated binding protein 2,protein-coding,-,-,-,GRB2-associated-binding protein 2,20210420,-
130825,121145338,LOC121145338,-,-,-,Un,-,uncharacterized LOC121145338,ncRNA,-,-,-,-,20210420,-
130825,121145339,RRM1,-,-,-,Un,-,ribonucleotide reductase catalytic subunit M1,protein-coding,-,-,-,ribonucleoside-diphosphate reductase large subunit,20210420,-
130825,121145340,DGAT2,-,-,-,Un,-,diacylglycerol O-acyltransferase 2,protein-coding,-,-,-,diacylglycerol O-acyltransferase 2,20210420,-
130825,121145341,ME3,-,-,-,Un,-,malic enzyme 3,protein-coding,-,-,-,"NADP-dependent malic enzyme, mitochondrial",20210420,-
130825,121145342,TRIM68,-,-,-,Un,-,tripartite motif containing 68,protein-coding,-,-,-,E3 ubiquitin-protein ligase TRIM68,20210420,-
130825,121145343,INPPL1,-,-,-,Un,-,inositol polyphosphate phosphatase like 1,protein-coding,-,-,-,"phosphatidylinositol 3,4,5-trisphosphate 5-phosphatase 2",20210420,-
130825,121145344,LOC121145344,-,-,-,Un,-,putative short transient receptor potential channel 2-like protein,protein-coding,-,-,-,putative short transient receptor potential channel 2-like protein,20210420,-
130825,121145345,AQP11,-,-,-,Un,-,aquaporin 11,protein-coding,-,-,-,aquaporin-11,20210420,-
130825,121145346,CCDC81,-,-,-,Un,-,coiled-coil domain containing 81,protein-coding,-,-,-,coiled-coil domain-containing protein 81,20210420,-
130825,121145347,LOC121145347,-,-,-,Un,-,40S ribosomal protein S12-like,pseudo,-,-,-,-,20210420,-
130825,121145348,LOC121145348,-,-,-,Un,-,microtubule-associated protein 6-like,protein-coding,-,-,-,microtubule-associated protein 6-like,20210420,-
130825,121145349,LOC121145349,-,-,-,Un,-,microtubule-associated protein 6-like,protein-coding,-,-,-,microtubule-associated protein 6-like,20210420,-
130825,121145350,ARHGEF17,-,-,-,Un,-,Rho guanine nucleotide exchange factor 17,protein-coding,-,-,-,rho guanine nucleotide exchange factor 17,20210420,-
130825,121145351,LOC121145351,-,-,-,Un,-,mitochondrial uncoupling protein 3,protein-coding,-,-,-,mitochondrial uncoupling protein 3,20210420,-
130825,121145352,LOC121145352,-,-,-,Un,-,60S ribosomal protein L23a-like,pseudo,-,-,-,-,20210420,-
130825,121145353,LOC121145353,-,-,-,Un,-,folate receptor alpha-like,protein-coding,-,-,-,folate receptor alpha-like,20210420,-
130825,121145354,PDE2A,-,-,-,Un,-,phosphodiesterase 2A,protein-coding,-,-,-,"cGMP-dependent 3',5'-cyclic phosphodiesterase",20210420,-
130825,121145355,CCR4,-,-,-,Un,-,C-C motif chemokine receptor 4,protein-coding,-,-,-,C-C chemokine receptor type 4,20210420,-
130825,121145356,LOC121145356,-,-,-,Un,-,olfactory receptor 52Z1-like,protein-coding,-,-,-,LOW QUALITY PROTEIN: olfactory receptor 52Z1-like,20210420,-
130825,121145357,FCHSD2,-,-,-,Un,-,FCH and double SH3 domains 2,protein-coding,-,-,-,F-BAR and double SH3 domains protein 2,20210420,-
130825,121145358,ATG16L2,-,-,-,Un,-,autophagy related 16 like 2,protein-coding,-,-,-,protein Atg16l2,20210420,-
130825,121145359,LOC121145359,-,-,-,Un,-,olfactory receptor 51E2,protein-coding,-,-,-,olfactory receptor 51E2,20210420,-
130825,121145360,LOC121145360,-,-,-,Un,-,olfactory receptor 51F2-like,protein-coding,-,-,-,olfactory receptor 51F2-like,20210420,-
130825,121145361,GLB1,-,-,-,Un,-,galactosidase beta 1,protein-coding,-,-,-,beta-galactosidase,20210420,-
130825,121145362,SYTL2,-,-,-,Un,-,synaptotagmin like 2,protein-coding,-,-,-,synaptotagmin-like protein 2,20210420,-
130825,121145363,PICALM,-,-,-,Un,-,phosphatidylinositol binding clathrin assembly protein,protein-coding,-,-,-,phosphatidylinositol-binding clathrin assembly protein,20210420,-
130825,121145364,TMPPE,-,-,-,Un,-,transmembrane protein with metallophosphoesterase domain,protein-coding,-,-,-,transmembrane protein with metallophosphoesterase domain,20210420,-
130825,121145365,CCDC83,-,-,-,Un,-,coiled-coil domain containing 83,protein-coding,-,-,-,coiled-coil domain-containing protein 83,20210420,-
130825,121145366,TRIM3,-,-,-,Un,-,tripartite motif containing 3,protein-coding,-,-,-,tripartite motif-containing protein 3,20210420,-
130825,121145367,KCTD21,-,-,-,Un,-,potassium channel tetramerization domain containing 21,protein-coding,-,-,-,BTB/POZ domain-containing protein KCTD21,20210420,-
130825,121145368,HPX,-,-,-,Un,-,hemopexin,protein-coding,-,-,-,hemopexin,20210420,-
130825,121145369,ALG8,-,-,-,Un,-,"ALG8 alpha-1,3-glucosyltransferase",protein-coding,-,-,-,"probable dolichyl pyrophosphate Glc1Man9GlcNAc2 alpha-1,3-glucosyltransferase",20210420,-
130825,121145370,LOC121145370,-,-,-,Un,-,cartilage associated protein,protein-coding,-,-,-,cartilage-associated protein,20210420,-
130825,121145371,LOC121145371,-,-,-,Un,-,olfactory receptor 51M1,protein-coding,-,-,-,olfactory receptor 51M1,20210420,-
130825,121145372,LOC121145372,-,-,-,Un,-,olfactory receptor 51J1,protein-coding,-,-,-,olfactory receptor 51J1,20210420,-
130825,121145373,LOC121145373,-,-,-,Un,-,olfactory receptor 51Q1,protein-coding,-,-,-,olfactory receptor 51Q1,20210420,-
130825,121145374,LOC121145374,-,-,-,Un,-,olfactory receptor 51I2-like,protein-coding,-,-,-,olfactory receptor 51I2-like,20210420,-
130825,121145375,LOC121145375,-,-,-,Un,-,olfactory receptor 51I1,protein-coding,-,-,-,olfactory receptor 51I1,20210420,-
130825,121145376,LOC121145376,-,-,-,Un,-,olfactory receptor 51I2,protein-coding,-,-,-,olfactory receptor 51I2,20210420,-
130825,121145377,LOC121145377,-,-,-,Un,-,olfactory receptor 51B2-like,protein-coding,-,-,-,olfactory receptor 51B2-like,20210420,-
130825,121145378,LOC121145378,-,-,-,Un,-,hemoglobin subunit epsilon,protein-coding,-,-,-,hemoglobin subunit epsilon,20210420,-
130825,121145379,LOC121145379,-,-,-,Un,-,hemoglobin subunit beta,protein-coding,-,-,-,hemoglobin subunit beta,20210420,-
130825,121145380,LOC121145380,-,-,-,Un,-,hemoglobin subunit beta-like,protein-coding,-,-,-,hemoglobin subunit beta-like,20210420,-
130825,121145381,LOC121145381,-,-,-,Un,-,hemoglobin subunit gamma,protein-coding,-,-,-,hemoglobin subunit gamma,20210420,-
130825,121145382,LOC121145382,-,-,-,Un,-,olfactory receptor 51B6,protein-coding,-,-,-,olfactory receptor 51B6,20210420,-
130825,121145383,LOC121145383,-,-,-,Un,-,uncharacterized LOC121145383,ncRNA,-,-,-,-,20210420,-
130825,121145384,LOC121145384,-,-,-,Un,-,uncharacterized LOC121145384,ncRNA,-,-,-,-,20210420,-
130825,121145385,LOC121145385,-,-,-,Un,-,uncharacterized LOC121145385,ncRNA,-,-,-,-,20210420,-
130825,121145386,LOC121145386,-,-,-,Un,-,olfactory receptor 52E8,protein-coding,-,-,-,olfactory receptor 52E8,20210420,-
130825,121145387,LOC121145387,-,-,-,Un,-,olfactory receptor 51G2,protein-coding,-,-,-,olfactory receptor 51G2,20210420,-
130825,121145388,HIKESHI,-,-,-,Un,-,heat shock protein nuclear import factor hikeshi,protein-coding,-,-,-,protein Hikeshi,20210420,-
130825,121145389,LOC121145389,-,-,-,Un,-,olfactory receptor 51G2-like,protein-coding,-,-,-,olfactory receptor 51G2-like,20210420,-
130825,121145390,LOC121145390,-,-,-,Un,-,olfactory receptor 52J3-like,protein-coding,-,-,-,olfactory receptor 52J3-like,20210420,-
130825,121145391,WNT11,-,-,-,Un,-,Wnt family member 11,protein-coding,-,-,-,protein Wnt-11,20210420,-
130825,121145392,P2RY2,-,-,-,Un,-,purinergic receptor P2Y2,protein-coding,-,-,-,P2Y purinoceptor 2,20210420,-
130825,121145393,UBP1,-,-,-,Un,-,upstream binding protein 1,protein-coding,-,-,-,upstream-binding protein 1,20210420,-
130825,121145394,CCDC90B,-,-,-,Un,-,coiled-coil domain containing 90B,protein-coding,-,-,-,"coiled-coil domain-containing protein 90B, mitochondrial",20210420,-
130825,121145395,LOC121145395,-,-,-,Un,-,olfactory receptor 52E1-like,protein-coding,-,-,-,LOW QUALITY PROTEIN: olfactory receptor 52E1-like,20210420,-
130825,121145396,CLNS1A,-,-,-,Un,-,chloride nucleotide-sensitive channel 1A,protein-coding,-,-,-,methylosome subunit pICln,20210420,-
130825,121145397,LOC121145397,-,-,-,Un,-,olfactory receptor 52H1-like,protein-coding,-,-,-,olfactory receptor 52H1-like,20210420,-
130825,121145398,CAPN5,-,-,-,Un,-,calpain 5,protein-coding,-,-,-,calpain-5,20210420,-
130825,121145399,LOC121145399,-,-,-,Un,-,olfactory marker protein,protein-coding,-,-,-,olfactory marker protein,20210420,-
130825,121145400,TRIM21,-,-,-,Un,-,tripartite motif containing 21,protein-coding,-,-,-,E3 ubiquitin-protein ligase TRIM21,20210420,-
130825,121145401,RAB30,-,-,-,Un,-,"RAB30, member RAS oncogene family",protein-coding,-,-,-,ras-related protein Rab-30,20210420,-
130825,121145402,DDIAS,-,-,-,Un,-,DNA damage induced apoptosis suppressor,protein-coding,-,-,-,DNA damage-induced apoptosis suppressor protein,20210420,-
130825,121145403,LOC121145403,-,-,-,Un,-,olfactory receptor 51I2-like,protein-coding,-,-,-,olfactory receptor 51I2-like,20210420,-
130825,121145404,LOC121145404,-,-,-,Un,-,olfactory receptor 52R1-like,protein-coding,-,-,-,olfactory receptor 52R1-like,20210420,-
130825,121145405,RSF1,-,-,-,Un,-,remodeling and spacing factor 1,protein-coding,-,-,-,remodeling and spacing factor 1,20210420,-
130825,121145406,LOC121145406,-,-,-,Un,-,olfactory receptor 52B2,protein-coding,-,-,-,olfactory receptor 52B2,20210420,-
130825,121145407,GVQW3,-,-,-,Un,-,GVQW motif containing 3,protein-coding,-,-,-,LOW QUALITY PROTEIN: protein GVQW3,20210420,-
130825,121145408,LOC121145408,-,-,-,Un,-,olfactory receptor 51F2-like,protein-coding,-,-,-,olfactory receptor 51F2-like,20210420,-
130825,121145409,PRSS23,-,-,-,Un,-,serine protease 23,protein-coding,-,-,-,serine protease 23,20210420,-
130825,121145410,TYR,-,-,-,Un,-,tyrosinase,protein-coding,-,-,-,tyrosinase,20210420,-
130825,121145411,LOC121145411,-,-,-,Un,-,olfactory receptor 52J3,protein-coding,-,-,-,olfactory receptor 52J3,20210420,-
130825,121145412,ARFIP2,-,-,-,Un,-,ADP ribosylation factor interacting protein 2,protein-coding,-,-,-,arfaptin-2,20210522,-
130825,121145413,LOC121145413,-,-,-,Un,-,olfactory receptor 51L1,protein-coding,-,-,-,olfactory receptor 51L1,20210420,-
130825,121145414,TSPAN17,-,-,-,Un,-,tetraspanin 17,protein-coding,-,-,-,tetraspanin-17,20210420,-
130825,121145415,FBXL2,-,-,-,Un,-,F-box and leucine rich repeat protein 2,protein-coding,-,-,-,F-box/LRR-repeat protein 2,20210420,-
130825,121145416,LOC121145416,-,-,-,Un,-,olfactory receptor 52R1-like,protein-coding,-,-,-,olfactory receptor 52R1-like,20210420,-
130825,121145417,LOC121145417,-,-,-,Un,-,olfactory receptor 51E1,protein-coding,-,-,-,olfactory receptor 51E1,20210420,-
130825,121145418,TSKU,-,-,-,Un,-,"tsukushi, small leucine rich proteoglycan",protein-coding,-,-,-,tsukushi,20210420,-
130825,121145419,LOC121145419,-,-,-,Un,-,olfactory receptor 52H1-like,protein-coding,-,-,-,olfactory receptor 52H1-like,20210420,-
130825,121145420,NUMA1,-,-,-,Un,-,nuclear mitotic apparatus protein 1,protein-coding,-,-,-,nuclear mitotic apparatus protein 1,20210420,-
130825,121145421,RNF121,-,-,-,Un,-,ring finger protein 121,protein-coding,-,-,-,RING finger protein 121,20210424,-
130825,121145422,LOC121145422,-,-,-,Un,-,olfactory receptor 51I2-like,protein-coding,-,-,-,olfactory receptor 51I2-like,20210420,-
130825,121145423,XRRA1,-,-,-,Un,-,X-ray radiation resistance associated 1,protein-coding,-,-,-,X-ray radiation resistance-associated protein 1,20210420,-
130825,121145424,RNF169,-,-,-,Un,-,ring finger protein 169,protein-coding,-,-,-,E3 ubiquitin-protein ligase RNF169,20210420,-
130825,121145425,NEU3,-,-,-,Un,-,neuraminidase 3,protein-coding,-,-,-,sialidase-3,20210420,-
130825,121145426,SPCS2,-,-,-,Un,-,signal peptidase complex subunit 2,protein-coding,-,-,-,signal peptidase complex subunit 2,20210420,-
130825,121145427,ANKRD42,-,-,-,Un,-,ankyrin repeat domain 42,protein-coding,-,-,-,ankyrin repeat domain-containing protein 42,20210420,-
130825,121145428,LOC121145428,-,-,-,Un,-,BET1 homolog,pseudo,-,-,-,-,20210420,-
130825,121145429,RAB38,-,-,-,Un,-,"RAB38, member RAS oncogene family",protein-coding,-,-,-,ras-related protein Rab-38,20210420,-
130825,121145430,LOC121145430,-,-,-,Un,-,olfactory receptor 52N4,protein-coding,-,-,-,olfactory receptor 52N4,20210420,-
130825,121145431,UBQLN3,-,-,-,Un,-,ubiquilin 3,protein-coding,-,-,-,ubiquilin-3,20210420,-
130825,121145432,NDUFC2,-,-,-,Un,-,NADH:ubiquinone oxidoreductase subunit C2,protein-coding,-,-,-,NADH dehydrogenase [ubiquinone] 1 subunit C2,20210420,-
130825,121145433,CAVIN3,-,-,-,Un,-,caveolae associated protein 3,protein-coding,-,-,-,caveolae-associated protein 3,20210420,-
130825,121145434,LOC121145434,-,-,-,Un,-,golgin subfamily A member 4-like,protein-coding,-,-,-,golgin subfamily A member 4-like,20210420,-
130825,121145435,LOC121145435,-,-,-,Un,-,olfactory receptor 52H1-like,protein-coding,-,-,-,olfactory receptor 52H1-like,20210420,-
130825,121145436,LOC121145436,-,-,-,Un,-,olfactory receptor 52R1-like,protein-coding,-,-,-,olfactory receptor 52R1-like,20210420,-
130825,121145437,RELT,-,-,-,Un,-,RELT TNF receptor,protein-coding,-,-,-,tumor necrosis factor receptor superfamily member 19L,20210420,-
130825,121145438,FAM168A,-,-,-,Un,-,family with sequence similarity 168 member A,protein-coding,-,-,-,protein FAM168A,20210420,-
130825,121145439,LOC121145439,-,-,-,Un,-,uncharacterized LOC121145439,ncRNA,-,-,-,-,20210420,-
130825,121145440,LOC121145440,-,-,-,Un,-,uncharacterized LOC121145440,ncRNA,-,-,-,-,20210420,-
130825,121145441,LOC121145441,-,-,-,Un,-,olfactory receptor 52W1,protein-coding,-,-,-,olfactory receptor 52W1,20210420,-
130825,121145442,ARRB1,-,-,-,Un,-,arrestin beta 1,protein-coding,-,-,-,beta-arrestin-1,20210420,-
130825,121145443,MLH1,-,-,-,Un,-,mutL homolog 1,protein-coding,-,-,-,DNA mismatch repair protein Mlh1,20210420,-
130825,121145444,LOC121145444,-,-,-,Un,-,protein tyrosine phosphatase type IVA 1-like,protein-coding,-,-,-,protein tyrosine phosphatase type IVA 1-like,20210420,-
130825,121145445,STARD10,-,-,-,Un,-,StAR related lipid transfer domain containing 10,protein-coding,-,-,-,START domain-containing protein 10,20210420,-
130825,121145446,C2CD3,-,-,-,Un,-,C2 domain containing 3 centriole elongation regulator,protein-coding,-,-,-,C2 domain-containing protein 3,20210420,-
130825,121145447,PPME1,-,-,-,Un,-,protein phosphatase methylesterase 1,protein-coding,-,-,-,protein phosphatase methylesterase 1,20210420,-
130825,121145448,LOC121145448,-,-,-,Un,-,uncharacterized LOC121145448,ncRNA,-,-,-,-,20210420,-
130825,121145449,LOC121145449,-,-,-,Un,-,olfactory receptor 52D1-like,protein-coding,-,-,-,olfactory receptor 52D1-like,20210420,-
130825,121145450,CCDC89,-,-,-,Un,-,coiled-coil domain containing 89,protein-coding,-,-,-,coiled-coil domain-containing protein 89,20210420,-
130825,121145451,UBQLNL,-,-,-,Un,-,ubiquilin like,protein-coding,-,-,-,ubiquilin-like protein,20210420,-
130825,121145452,SLCO2B1,-,-,-,Un,-,solute carrier organic anion transporter family member 2B1,protein-coding,-,-,-,solute carrier organic anion transporter family member 2B1,20210420,-
130825,121145453,CHRNA10,-,-,-,Un,-,cholinergic receptor nicotinic alpha 10 subunit,protein-coding,-,-,-,neuronal acetylcholine receptor subunit alpha-10,20210420,-
130825,121145454,LOC121145454,-,-,-,Un,-,ubiquilin-3-like,protein-coding,-,-,-,ubiquilin-3-like,20210420,-
130825,121145455,LOC121145455,-,-,-,Un,-,olfactory receptor 51F1-like,protein-coding,-,-,-,olfactory receptor 51F1-like,20210420,-
130825,121145456,P4HA3,-,-,-,Un,-,prolyl 4-hydroxylase subunit alpha 3,protein-coding,-,-,-,prolyl 4-hydroxylase subunit alpha-3,20210420,-
130825,121145457,CHRDL2,-,-,-,Un,-,chordin like 2,protein-coding,-,-,-,chordin-like protein 2,20210420,-
130825,121145458,DNHD1,-,-,-,Un,-,dynein heavy chain domain 1,protein-coding,-,-,-,dynein heavy chain domain-containing protein 1,20210420,-
130825,121145459,KCTD14,-,-,-,Un,-,potassium channel tetramerization domain containing 14,protein-coding,-,-,-,BTB/POZ domain-containing protein KCTD14,20210420,-
130825,121145460,LOC121145460,-,-,-,Un,-,ribosome maturation protein SBDS-like,pseudo,-,-,-,-,20210420,-
130825,121145461,FZD4,-,-,-,Un,-,frizzled class receptor 4,protein-coding,-,-,-,frizzled-4,20210420,-
130825,121145462,PLEKHB1,-,-,-,Un,-,pleckstrin homology domain containing B1,protein-coding,-,-,-,pleckstrin homology domain-containing family B member 1,20210420,-
130825,121145463,LOC121145463,-,-,-,Un,-,olfactory receptor 52L1,protein-coding,-,-,-,olfactory receptor 52L1,20210420,-
130825,121145464,MRPL17,-,-,-,Un,-,mitochondrial ribosomal protein L17,protein-coding,-,-,-,"39S ribosomal protein L17, mitochondrial",20210420,-
130825,121145465,LOC121145465,-,-,-,Un,-,thyroid hormone responsive,protein-coding,-,-,-,thyroid hormone-inducible hepatic protein,20210420,-
130825,121145466,INTS4,-,-,-,Un,-,integrator complex subunit 4,protein-coding,-,-,-,integrator complex subunit 4,20210420,-
130825,121145467,AAMDC,-,-,-,Un,-,adipogenesis associated Mth938 domain containing,protein-coding,-,-,-,mth938 domain-containing protein,20210420,-
130825,121145468,LOC121145468,-,-,-,Un,-,olfactory receptor 52A5-like,protein-coding,-,-,-,olfactory receptor 52A5-like,20210420,-
130825,121145469,LOC121145469,-,-,-,Un,-,olfactory receptor 51F2,protein-coding,-,-,-,olfactory receptor 51F2,20210420,-
130825,121145470,CCKBR,-,-,-,Un,-,cholecystokinin B receptor,protein-coding,-,-,-,gastrin/cholecystokinin type B receptor,20210420,-
130825,121145471,DLG2,-,-,-,Un,-,discs large MAGUK scaffold protein 2,protein-coding,-,-,-,disks large homolog 2,20210420,-
130825,121145472,LRRFIP2,-,-,-,Un,-,LRR binding FLII interacting protein 2,protein-coding,-,-,-,leucine-rich repeat flightless-interacting protein 2,20210420,-
130825,121145473,KCNE3,-,-,-,Un,-,potassium voltage-gated channel subfamily E regulatory subunit 3,protein-coding,-,-,-,potassium voltage-gated channel subfamily E member 3,20210420,-
130825,121145474,LRRC32,-,-,-,Un,-,leucine rich repeat containing 32,protein-coding,-,-,-,transforming growth factor beta activator LRRC32,20210420,-
130825,121145475,LOC121145475,-,-,-,Un,-,complex III assembly factor LYRM7-like,protein-coding,-,-,-,complex III assembly factor LYRM7-like,20210420,-
130825,121145476,LOC121145476,-,-,-,Un,-,olfactory receptor 51D1,protein-coding,-,-,-,olfactory receptor 51D1,20210420,-
130825,121145477,LOC121145477,-,-,-,Un,-,olfactory receptor 51G2-like,protein-coding,-,-,-,olfactory receptor 51G2-like,20210420,-
130825,121145478,PHOX2A,-,-,-,Un,-,paired like homeobox 2A,protein-coding,-,-,-,paired mesoderm homeobox protein 2A,20210420,-
130825,121145479,LOC121145479,-,-,-,Un,-,olfactory receptor 56A1,protein-coding,-,-,-,olfactory receptor 56A1,20210420,-
130825,121145480,LOC121145480,-,-,-,Un,-,olfactory receptor 52K1-like,protein-coding,-,-,-,olfactory receptor 52K1-like,20210420,-
130825,121145481,LOC121145481,-,-,-,Un,-,olfactory receptor 51L1-like,protein-coding,-,-,-,olfactory receptor 51L1-like,20210420,-
130825,121145482,PCF11,-,-,-,Un,-,PCF11 cleavage and polyadenylation factor subunit,protein-coding,-,-,-,pre-mRNA cleavage complex 2 protein Pcf11,20210420,-
130825,121145483,LOC121145483,-,-,-,Un,-,uncharacterized LOC121145483,ncRNA,-,-,-,-,20210420,-
130825,121145484,LOC121145484,-,-,-,Un,-,olfactory receptor 51A4-like,protein-coding,-,-,-,olfactory receptor 51A4-like,20210420,-
130825,121145485,MMP26,-,-,-,Un,-,matrix metallopeptidase 26,protein-coding,-,-,-,matrix metalloproteinase-26,20210420,-
130825,121145486,NUP98,-,-,-,Un,-,nucleoporin 98 and 96 precursor,protein-coding,-,-,-,nuclear pore complex protein Nup98-Nup96,20210420,-
130825,121145487,TMEM135,-,-,-,Un,-,transmembrane protein 135,protein-coding,-,-,-,transmembrane protein 135,20210420,-
130825,121145488,LOC121145488,-,-,-,Un,-,40S ribosomal protein S27-like,protein-coding,-,-,-,40S ribosomal protein S27-like,20210420,-
130825,121145489,LOC121145489,-,-,-,Un,-,uncharacterized LOC121145489,ncRNA,-,-,-,-,20210420,-
130825,121145490,CTSC,-,-,-,Un,-,cathepsin C,protein-coding,-,-,-,dipeptidyl peptidase 1,20210420,-
130825,121145491,EPM2AIP1,-,-,-,Un,-,EPM2A interacting protein 1,protein-coding,-,-,-,EPM2A-interacting protein 1,20210420,-
130825,121145492,LOC121145492,-,-,-,Un,-,olfactory receptor 52K2,protein-coding,-,-,-,olfactory receptor 52K2,20210420,-
130825,121145493,MOGAT2,-,-,-,Un,-,monoacylglycerol O-acyltransferase 2,protein-coding,-,-,-,2-acylglycerol O-acyltransferase 2,20210420,-
130825,121145494,EMSY,-,-,-,Un,-,"EMSY transcriptional repressor, BRCA2 interacting",protein-coding,-,-,-,BRCA2-interacting transcriptional repressor EMSY,20210420,-
130825,121145495,LOC121145495,-,-,-,Un,-,uncharacterized LOC121145495,ncRNA,-,-,-,-,20210420,-
130825,121145496,LOC121145496,-,-,-,Un,-,olfactory receptor 51H1-like,protein-coding,-,-,-,olfactory receptor 51H1-like,20210420,-
130825,121145497,ARAP1,-,-,-,Un,-,"ArfGAP with RhoGAP domain, ankyrin repeat and PH domain 1",protein-coding,-,-,-,"arf-GAP with Rho-GAP domain, ANK repeat and PH domain-containing protein 1",20210420,-
130825,121145498,ARPP21,-,-,-,Un,-,cAMP regulated phosphoprotein 21,protein-coding,-,-,-,cAMP-regulated phosphoprotein 21,20210420,-
130825,121145499,PAAF1,-,-,-,Un,-,proteasomal ATPase associated factor 1,protein-coding,-,-,-,proteasomal ATPase-associated factor 1,20210420,-
130825,121145500,DNAJB13,-,-,-,Un,-,DnaJ heat shock protein family (Hsp40) member B13,protein-coding,-,-,-,dnaJ homolog subfamily B member 13,20210420,-
130825,121145501,MRPL48,-,-,-,Un,-,mitochondrial ribosomal protein L48,protein-coding,-,-,-,"39S ribosomal protein L48, mitochondrial",20210420,-
130825,121145502,LOC121145502,-,-,-,Un,-,"cytochrome c oxidase assembly factor 4 homolog, mitochondrial",protein-coding,-,-,-,"cytochrome c oxidase assembly factor 4 homolog, mitochondrial",20210420,-
130825,121145503,LOC121145503,-,-,-,Un,-,40S ribosomal protein S24-like,pseudo,-,-,-,-,20210420,-
130825,121145504,LOC121145504,-,-,-,Un,-,ubiquitin-conjugating enzyme E2 variant 1-like,pseudo,-,-,-,-,20210420,-
130825,121145505,LOC121145505,-,-,-,Un,-,olfactory receptor 52L1-like,protein-coding,-,-,-,olfactory receptor 52L1-like,20210420,-
130825,121145506,RAB6A,-,-,-,Un,-,"RAB6A, member RAS oncogene family",protein-coding,-,-,-,ras-related protein Rab-6A,20210605,-
130825,121145507,LOC121145507,-,-,-,Un,-,olfactory receptor 51I1-like,protein-coding,-,-,-,olfactory receptor 51I1-like,20210420,-
130825,121145508,PGAP2,-,-,-,Un,-,post-GPI attachment to proteins 2,protein-coding,-,-,-,post-GPI attachment to proteins factor 2,20210420,-
130825,121145509,RHOG,-,-,-,Un,-,ras homolog family member G,protein-coding,-,-,-,rho-related GTP-binding protein RhoG,20210529,-
130825,121145510,LOC121145510,-,-,-,Un,-,60S ribosomal protein L34-like,pseudo,-,-,-,-,20210420,-
130825,121145511,LOC121145511,-,-,-,Un,-,putative olfactory receptor 52P1,protein-coding,-,-,-,putative olfactory receptor 52P1,20210420,-
130825,121145512,LOC121145512,-,-,-,Un,-,olfactory receptor 52Z1-like,protein-coding,-,-,-,olfactory receptor 52Z1-like,20210420,-
130825,121145513,LOC121145513,-,-,-,Un,-,hemoglobin subunit beta-like,protein-coding,-,-,-,hemoglobin subunit beta-like,20210420,-
130825,121145514,LOC121145514,-,-,-,Un,-,uncharacterized LOC121145514,ncRNA,-,-,-,-,20210420,-
130825,121145515,LOC121145515,-,-,-,Un,-,olfactory receptor 2AT4,protein-coding,-,-,-,olfactory receptor 2AT4,20210420,-
130825,121145516,LOC121145516,-,-,-,Un,-,hemoglobin subunit beta-like,protein-coding,-,-,-,hemoglobin subunit beta-like|hemoglobin beta chain,20210420,-
130825,121145517,LOC121145517,-,-,-,Un,-,uncharacterized LOC121145517,ncRNA,-,-,-,-,20210420,-
130825,121145518,LOC121145518,-,-,-,Un,-,putative olfactory receptor 52P1,protein-coding,-,-,-,putative olfactory receptor 52P1,20210420,-
130825,121145519,STIM1,-,-,-,Un,-,stromal interaction molecule 1,protein-coding,-,-,-,stromal interaction molecule 1,20210420,-
130825,121145520,LOC121145520,-,-,-,Un,-,cyclin-dependent kinase 2-interacting protein-like,pseudo,-,-,-,-,20210420,-
130825,121145521,CLPB,-,-,-,Un,-,caseinolytic mitochondrial matrix peptidase chaperone subunit B,protein-coding,-,-,-,caseinolytic peptidase B protein homolog,20210420,-
130825,121145522,PAK1,-,-,-,Un,-,p21 (RAC1) activated kinase 1,protein-coding,-,-,-,serine/threonine-protein kinase PAK 1,20210420,-
130825,121145523,LOC121145523,-,-,-,Un,-,olfactory receptor 51G2-like,protein-coding,-,-,-,olfactory receptor 51G2-like,20210420,-
130825,121145524,ACER3,-,-,-,Un,-,alkaline ceramidase 3,protein-coding,-,-,-,alkaline ceramidase 3,20210420,-
130825,121145525,GDPD5,-,-,-,Un,-,glycerophosphodiester phosphodiesterase domain containing 5,protein-coding,-,-,-,glycerophosphodiester phosphodiesterase domain-containing protein 5,20210420,-
130825,121145526,KLHL35,-,-,-,Un,-,kelch like family member 35,protein-coding,-,-,-,kelch-like protein 35,20210420,-
130825,121145527,RPS3,-,-,-,Un,-,ribosomal protein S3,protein-coding,-,-,-,40S ribosomal protein S3,20210501,-
130825,121145528,LOC121145528,-,-,-,Un,-,olfactory receptor 51A4-like,protein-coding,-,-,-,olfactory receptor 51A4-like,20210420,-
130825,121145529,LOC121145529,-,-,-,Un,-,U1 spliceosomal RNA,snRNA,-,-,-,-,20210420,-
130825,121145530,LOC121145530,-,-,-,Un,-,U1 spliceosomal RNA,snRNA,-,-,-,-,20210420,-
130825,121145531,LOC121145531,-,-,-,Un,-,U1 spliceosomal RNA,pseudo,-,-,-,-,20210420,-
130825,121145532,LOC121145532,-,-,-,Un,-,U2 spliceosomal RNA,pseudo,-,-,-,-,20210420,-
130825,121145533,LOC121145533,-,-,-,Un,-,U2 spliceosomal RNA,pseudo,-,-,-,-,20210420,-
130825,121145534,LOC121145534,-,-,-,Un,-,U6 spliceosomal RNA,snRNA,-,-,-,-,20210420,-
130825,121145535,LOC121145535,-,-,-,Un,-,U6 spliceosomal RNA,snRNA,-,-,-,-,20210420,-
130825,121145536,LOC121145536,-,-,-,Un,-,U6 spliceosomal RNA,snRNA,-,-,-,-,20210420,-
130825,121145537,LOC121145537,-,-,-,Un,-,U6 spliceosomal RNA,snRNA,-,-,-,-,20210420,-
130825,121145538,LOC121145538,-,-,-,Un,-,U6 spliceosomal RNA,snRNA,-,-,-,-,20210420,-
130825,121145539,LOC121145539,-,-,-,Un,-,U6 spliceosomal RNA,snRNA,-,-,-,-,20210420,-
130825,121145540,LOC121145540,-,-,-,Un,-,U6 spliceosomal RNA,pseudo,-,-,-,-,20210420,-
130825,121145541,LOC121145541,-,-,-,Un,-,small nucleolar RNA SNORD15,snoRNA,-,-,-,-,20210420,-
130825,121145542,LOC121145542,-,-,-,Un,-,small nucleolar RNA SNORA54,snoRNA,-,-,-,-,20210420,-
130825,121145543,LOC121145543,-,-,-,Un,-,small nucleolar RNA U13,pseudo,-,-,-,-,20210420,-
130825,121145544,LOC121145544,-,-,-,Un,-,small nucleolar RNA ACA64,snoRNA,-,-,-,-,20210420,-
130825,121145545,TRNAP-AGG,-,-,-,Un,-,transfer RNA proline (anticodon AGG),tRNA,-,-,-,-,20210420,-
130825,121145546,TRNAP-UGG,-,-,-,Un,-,transfer RNA proline (anticodon UGG),tRNA,-,-,-,-,20210420,-
130825,121145547,LOC121145547,-,-,-,Un,-,zinc finger MYND domain-containing protein 19-like,pseudo,-,-,-,-,20210420,-
130825,121145548,LOC121145548,-,-,-,Un,-,cytochrome P450 3A6-like,protein-coding,-,-,-,cytochrome P450 3A6-like,20210420,-
130825,121145549,LOC121145549,-,-,-,Un,-,cytochrome b5-like,pseudo,-,-,-,-,20210420,-
130825,121145550,MAPK9,-,-,-,Un,-,mitogen-activated protein kinase 9,protein-coding,-,-,-,mitogen-activated protein kinase 9,20210420,-
130825,121145551,TBC1D9B,-,-,-,Un,-,TBC1 domain family member 9B,protein-coding,-,-,-,TBC1 domain family member 9B,20210420,-
130825,121145552,GFPT2,-,-,-,Un,-,glutamine-fructose-6-phosphate transaminase 2,protein-coding,-,-,-,glutamine--fructose-6-phosphate aminotransferase [isomerizing] 2,20210529,-
130825,121145553,LOC121145553,-,-,-,Un,-,A disintegrin and metalloproteinase with thrombospondin motifs 2-like,protein-coding,-,-,-,A disintegrin and metalloproteinase with thrombospondin motifs 2-like,20210420,-
130825,121145554,LOC121145554,-,-,-,Un,-,uncharacterized LOC121145554,ncRNA,-,-,-,-,20210420,-
130825,121145555,LOC121145555,-,-,-,Un,-,short stature homeobox protein 2-like,protein-coding,-,-,-,short stature homeobox protein 2-like,20210420,-
130825,121145556,RNF130,-,-,-,Un,-,ring finger protein 130,protein-coding,-,-,-,E3 ubiquitin-protein ligase RNF130,20210420,-
130825,121145557,FLT4,-,-,-,Un,-,fms related receptor tyrosine kinase 4,protein-coding,-,-,-,vascular endothelial growth factor receptor 3,20210420,-
130825,121145558,LOC121145558,-,-,-,Un,-,ornithine decarboxylase-like,pseudo,-,-,-,-,20210420,-
130825,121145559,LOC121145559,-,-,-,Un,-,glutathione S-transferase Mu 3-like,pseudo,-,-,-,-,20210420,-
130825,121145560,RASGEF1C,-,-,-,Un,-,RasGEF domain family member 1C,protein-coding,-,-,-,ras-GEF domain-containing family member 1C,20210420,-
130825,121145561,LOC121145561,-,-,-,Un,-,methyltransferase-like protein 9,pseudo,-,-,-,-,20210420,-
130825,121145562,LOC121145562,-,-,-,Un,-,TBC1 domain family member 9B-like,protein-coding,-,-,-,TBC1 domain family member 9B-like,20210420,-
130825,121145563,SCGB3A1,-,-,-,Un,-,secretoglobin family 3A member 1,protein-coding,-,-,-,secretoglobin family 3A member 1,20210420,-
130825,121145564,CNOT6,-,-,-,Un,-,CCR4-NOT transcription complex subunit 6,protein-coding,-,-,-,CCR4-NOT transcription complex subunit 6,20210420,-
130825,121145565,LOC121145565,-,-,-,Un,-,uncharacterized LOC121145565,ncRNA,-,-,-,-,20210420,-
130825,121145566,LOC121145566,-,-,-,Un,-,U6 spliceosomal RNA,snRNA,-,-,-,-,20210420,-
130825,121145567,SLC25A13,-,-,-,Un,-,solute carrier family 25 member 13,protein-coding,-,-,-,calcium-binding mitochondrial carrier protein Aralar2,20210420,-
130825,121145568,TRIL,-,-,-,Un,-,TLR4 interactor with leucine rich repeats,protein-coding,-,-,-,TLR4 interactor with leucine rich repeats,20210420,-
130825,121145569,MTURN,-,-,-,Un,-,"maturin, neural progenitor differentiation regulator homolog",protein-coding,-,-,-,maturin,20210420,-
130825,121145570,LOC121145570,-,-,-,Un,-,uncharacterized LOC121145570,ncRNA,-,-,-,-,20210420,-
130825,121145571,LOC121145571,-,-,-,Un,-,40S ribosomal protein S3a-like,pseudo,-,-,-,-,20210420,-
130825,121145572,LOC121145572,-,-,-,Un,-,40S ribosomal protein S24-like,pseudo,-,-,-,-,20210420,-
130825,121145573,LOC121145573,-,-,-,Un,-,poly(rC)-binding protein 2-like,pseudo,-,-,-,-,20210420,-
130825,121145574,LOC121145574,-,-,-,Un,-,protein DEK-like,pseudo,-,-,-,-,20210420,-
130825,121145575,LOC121145575,-,-,-,Un,-,anomalous homeobox protein-like,protein-coding,-,-,-,anomalous homeobox protein-like,20210420,-
130825,121145576,VOPP1,-,-,-,Un,-,VOPP1 WW domain binding protein,protein-coding,-,-,-,"vesicular, overexpressed in cancer, prosurvival protein 1",20210420,-
130825,121145577,COBL,-,-,-,Un,-,cordon-bleu WH2 repeat protein,protein-coding,-,-,-,protein cordon-bleu,20210420,-
130825,121145578,LOC121145578,-,-,-,Un,-,zona pellucida binding protein,protein-coding,-,-,-,zona pellucida-binding protein 1,20210420,-
130825,121145579,ABCA13,-,-,-,Un,-,ATP binding cassette subfamily A member 13,protein-coding,-,-,-,LOW QUALITY PROTEIN: ATP-binding cassette sub-family A member 13,20210420,-
130825,121145580,CUNH7orf57,-,-,-,Un,-,chromosome unknown C7orf57 homolog,protein-coding,-,-,-,uncharacterized protein C7orf57 homolog,20210420,-
130825,121145581,PKD1L1,-,-,-,Un,-,"polycystin 1 like 1, transient receptor potential channel interacting",protein-coding,-,-,-,LOW QUALITY PROTEIN: polycystic kidney disease protein 1-like 1,20210420,-
130825,121145582,LOC121145582,-,-,-,Un,-,WAP four-disulfide core domain protein 5-like,protein-coding,-,-,-,WAP four-disulfide core domain protein 5-like,20210420,-
130825,121145583,NACAD,-,-,-,Un,-,NAC alpha domain containing,protein-coding,-,-,-,NAC-alpha domain-containing protein 1,20210420,-
130825,121145584,LOC121145584,-,-,-,Un,-,programmed cell death 6 interacting protein,protein-coding,-,-,-,programmed cell death 6-interacting protein,20210420,-
130825,121145585,LOC121145585,-,-,-,Un,-,DEP domain-containing protein 1B-like,pseudo,-,-,-,-,20210420,-
130825,121145586,CFAP69,-,-,-,Un,-,cilia and flagella associated protein 69,protein-coding,-,-,-,cilia- and flagella-associated protein 69,20210420,-
130825,121145587,FAM237B,-,-,-,Un,-,family with sequence similarity 237 member B,protein-coding,-,-,-,LOW QUALITY PROTEIN: protein FAM237B,20210420,-
130825,121145588,CASD1,-,-,-,Un,-,CAS1 domain containing 1,protein-coding,-,-,-,N-acetylneuraminate 9-O-acetyltransferase,20210420,-
130825,121145589,LRRD1,-,-,-,Un,-,leucine rich repeats and death domain containing 1,protein-coding,-,-,-,leucine-rich repeat and death domain-containing protein 1,20210420,-
130825,121145590,LOC121145590,-,-,-,Un,-,protein lifeguard 2-like,protein-coding,-,-,-,protein lifeguard 2-like,20210420,-
130825,121145591,LOC121145591,-,-,-,Un,-,extensin-like,protein-coding,-,-,-,extensin-like,20210420,-
130825,121145592,LOC121145592,-,-,-,Un,-,high mobility group protein B3-like,pseudo,-,-,-,-,20210420,-
130825,121145593,CCM2,-,-,-,Un,-,CCM2 scaffold protein,protein-coding,-,-,-,cerebral cavernous malformations 2 protein,20210420,-
130825,121145594,COL28A1,-,-,-,Un,-,collagen type XXVIII alpha 1 chain,protein-coding,-,-,-,collagen alpha-1(XXVIII) chain,20210420,-
130825,121145595,LOC121145595,-,-,-,Un,-,uncharacterized LOC121145595,protein-coding,-,-,-,uncharacterized LOC102725191 homolog,20210420,-
130825,121145596,LOC121145596,-,-,-,Un,-,60S ribosomal protein L23-like,pseudo,-,-,-,-,20210420,-
130825,121145597,LOC121145597,-,-,-,Un,-,"39S ribosomal protein L30, mitochondrial-like",pseudo,-,-,-,-,20210420,-
130825,121145598,DPY19L2,-,-,-,Un,-,dpy-19 like 2,protein-coding,-,-,-,LOW QUALITY PROTEIN: probable C-mannosyltransferase DPY19L2,20210420,-
130825,121145599,LOC121145599,-,-,-,Un,-,"RNA-binding motif protein, X-linked 2-like",pseudo,-,-,-,-,20210420,-
130825,121145600,ITPRID1,-,-,-,Un,-,ITPR interacting domain containing 1,protein-coding,-,-,-,protein ITPRID1,20210420,-
130825,121145601,GHRHR,-,-,-,Un,-,growth hormone releasing hormone receptor,protein-coding,-,-,-,growth hormone-releasing hormone receptor,20210420,-
130825,121145602,NOD1,-,-,-,Un,-,nucleotide binding oligomerization domain containing 1,protein-coding,-,-,-,nucleotide-binding oligomerization domain-containing protein 1,20210420,-
130825,121145603,WIPF3,-,-,-,Un,-,WAS/WASL interacting protein family member 3,protein-coding,-,-,-,WAS/WASL-interacting protein family member 3,20210420,-
130825,121145604,PRR15,-,-,-,Un,-,proline rich 15,protein-coding,-,-,-,proline-rich protein 15,20210420,-
130825,121145605,NFE2L3,-,-,-,Un,-,"nuclear factor, erythroid 2 like 3",protein-coding,-,-,-,nuclear factor erythroid 2-related factor 3,20210420,-
130825,121145606,CLASP2,-,-,-,Un,-,cytoplasmic linker associated protein 2,protein-coding,-,-,-,CLIP-associating protein 2,20210420,-
130825,121145607,LOC121145607,-,-,-,Un,-,dnaJ homolog subfamily C member 17-like,pseudo,-,-,-,-,20210420,-
130825,121145608,NPVF,-,-,-,Un,-,neuropeptide VF precursor,protein-coding,-,-,-,pro-FMRFamide-related neuropeptide VF,20210420,-
130825,121145609,MALSU1,-,-,-,Un,-,mitochondrial assembly of ribosomal large subunit 1,protein-coding,-,-,-,mitochondrial assembly of ribosomal large subunit protein 1,20210420,-
130825,121145610,LOC121145610,-,-,-,Un,-,FGFR1 oncogene partner 2 homolog,pseudo,-,-,-,-,20210420,-
130825,121145611,CUNH7orf25,-,-,-,Un,-,chromosome unknown C7orf25 homolog,protein-coding,-,-,-,UPF0415 protein C7orf25 homolog,20210420,-
130825,121145612,PSMA2,-,-,-,Un,-,proteasome 20S subunit alpha 2,protein-coding,-,-,-,proteasome subunit alpha type-2,20210501,-
130825,121145613,MRPL32,-,-,-,Un,-,mitochondrial ribosomal protein L32,protein-coding,-,-,-,"39S ribosomal protein L32, mitochondrial",20210420,-
130825,121145614,MYO1G,-,-,-,Un,-,myosin IG,protein-coding,-,-,-,unconventional myosin-Ig,20210420,-
130825,121145615,KLHL7,-,-,-,Un,-,kelch like family member 7,protein-coding,-,-,-,kelch-like protein 7,20210420,-
130825,121145616,ARL4A,-,-,-,Un,-,ADP ribosylation factor like GTPase 4A,protein-coding,-,-,-,ADP-ribosylation factor-like protein 4A,20210420,-
130825,121145617,KBTBD2,-,-,-,Un,-,kelch repeat and BTB domain containing 2,protein-coding,-,-,-,kelch repeat and BTB domain-containing protein 2,20210420,-
130825,121145618,TMEM106B,-,-,-,Un,-,transmembrane protein 106B,protein-coding,-,-,-,transmembrane protein 106B,20210420,-
130825,121145619,DNAH11,-,-,-,Un,-,dynein axonemal heavy chain 11,protein-coding,-,-,-,"dynein heavy chain 11, axonemal",20210420,-
130825,121145620,CDCA7L,-,-,-,Un,-,cell division cycle associated 7 like,protein-coding,-,-,-,cell division cycle-associated 7-like protein,20210420,-
130825,121145621,LOC121145621,-,-,-,Un,-,protein limb expression 1 homolog,pseudo,-,-,-,-,20210420,-
130825,121145622,CCDC126,-,-,-,Un,-,coiled-coil domain containing 126,protein-coding,-,-,-,coiled-coil domain-containing protein 126,20210420,-
130825,121145623,LOC121145623,-,-,-,Un,-,uncharacterized LOC121145623,ncRNA,-,-,-,-,20210420,-
130825,121145624,CHN2,-,-,-,Un,-,chimerin 2,protein-coding,-,-,-,beta-chimaerin,20210420,-
130825,121145625,ANKMY2,-,-,-,Un,-,ankyrin repeat and MYND domain containing 2,protein-coding,-,-,-,ankyrin repeat and MYND domain-containing protein 2,20210420,-
130825,121145626,SGCE,-,-,-,Un,-,sarcoglycan epsilon,protein-coding,-,-,-,epsilon-sarcoglycan,20210420,-
130825,121145627,STK17A,-,-,-,Un,-,serine/threonine kinase 17a,protein-coding,-,-,-,serine/threonine-protein kinase 17A,20210420,-
130825,121145628,LOC121145628,-,-,-,Un,-,cytochrome c oxidase assembly factor 1 homolog,protein-coding,-,-,-,cytochrome c oxidase assembly factor 1 homolog,20210420,-
130825,121145629,LOC121145629,-,-,-,Un,-,uncharacterized LOC121145629,ncRNA,-,-,-,-,20210420,-
130825,121145630,EGFR,-,-,-,Un,-,epidermal growth factor receptor,protein-coding,-,-,-,epidermal growth factor receptor,20210420,-
130825,121145631,EEPD1,-,-,-,Un,-,endonuclease/exonuclease/phosphatase family domain containing 1,protein-coding,-,-,-,endonuclease/exonuclease/phosphatase family domain-containing protein 1,20210420,-
130825,121145632,MIOS,-,-,-,Un,-,meiosis regulator for oocyte development,protein-coding,-,-,-,GATOR complex protein MIOS,20210420,-
130825,121145633,MTERF1,-,-,-,Un,-,mitochondrial transcription termination factor 1,protein-coding,-,-,-,"transcription termination factor 1, mitochondrial",20210420,-
130825,121145634,GARS1,-,-,-,Un,-,glycyl-tRNA synthetase 1,protein-coding,-,-,-,glycine--tRNA ligase,20210420,-
130825,121145635,RNF44,-,-,-,Un,-,ring finger protein 44,protein-coding,-,-,-,RING finger protein 44,20210420,-
130825,121145636,PDE1C,-,-,-,Un,-,phosphodiesterase 1C,protein-coding,-,-,-,"calcium/calmodulin-dependent 3',5'-cyclic nucleotide phosphodiesterase 1C",20210420,-
130825,121145637,LOC121145637,-,-,-,Un,-,60S ribosomal protein L36a-like,pseudo,-,-,-,-,20210420,-
130825,121145638,MRPS24,-,-,-,Un,-,mitochondrial ribosomal protein S24,protein-coding,-,-,-,"28S ribosomal protein S24, mitochondrial",20210420,-
130825,121145639,PON3,-,-,-,Un,-,paraoxonase 3,protein-coding,-,-,-,LOW QUALITY PROTEIN: serum paraoxonase/lactonase 3,20210420,-
130825,121145640,TAX1BP1,-,-,-,Un,-,Tax1 binding protein 1,protein-coding,-,-,-,tax1-binding protein 1,20210420,-
130825,121145641,JAZF1,-,-,-,Un,-,JAZF zinc finger 1,protein-coding,-,-,-,juxtaposed with another zinc finger protein 1,20210420,-
130825,121145642,DYNC1I1,-,-,-,Un,-,dynein cytoplasmic 1 intermediate chain 1,protein-coding,-,-,-,cytoplasmic dynein 1 intermediate chain 1,20210420,-
130825,121145643,LANCL2,-,-,-,Un,-,LanC like 2,protein-coding,-,-,-,lanC-like protein 2,20210420,-
130825,121145644,IKZF1,-,-,-,Un,-,IKAROS family zinc finger 1,protein-coding,-,-,-,DNA-binding protein Ikaros,20210420,-
130825,121145645,CD99,-,-,-,Un,-,CD99 molecule (Xg blood group),protein-coding,-,-,-,CD99 antigen,20210420,-
130825,121145646,ELAPOR2,-,-,-,Un,-,endosome-lysosome associated apoptosis and autophagy regulator family member 2,protein-coding,-,-,-,endosome/lysosome-associated apoptosis and autophagy regulator family member 2,20210420,-
130825,121145647,DGKB,-,-,-,Un,-,diacylglycerol kinase beta,protein-coding,-,-,-,diacylglycerol kinase beta,20210420,-
130825,121145648,FKBP9,-,-,-,Un,-,FKBP prolyl isomerase 9,protein-coding,-,-,-,peptidyl-prolyl cis-trans isomerase FKBP9,20210420,-
130825,121145649,TSPAN13,-,-,-,Un,-,tetraspanin 13,protein-coding,-,-,-,tetraspanin-13,20210420,-
130825,121145650,OSBPL3,-,-,-,Un,-,oxysterol binding protein like 3,protein-coding,-,-,-,oxysterol-binding protein-related protein 3,20210420,-
130825,121145651,RPA3,-,-,-,Un,-,replication protein A3,protein-coding,-,-,-,replication protein A 14 kDa subunit,20210420,-
130825,121145652,ELMO1,-,-,-,Un,-,engulfment and cell motility 1,protein-coding,-,-,-,engulfment and cell motility protein 1,20210420,-
130825,121145653,AOAH,-,-,-,Un,-,acyloxyacyl hydrolase,protein-coding,-,-,-,acyloxyacyl hydrolase,20210420,-
130825,121145654,NME8,-,-,-,Un,-,NME/NM23 family member 8,protein-coding,-,-,-,thioredoxin domain-containing protein 3,20210420,-
130825,121145655,SFRP4,-,-,-,Un,-,secreted frizzled related protein 4,protein-coding,-,-,-,secreted frizzled-related protein 4,20210420,-
130825,121145656,GPR141,-,-,-,Un,-,G protein-coupled receptor 141,protein-coding,-,-,-,probable G-protein coupled receptor 141,20210420,-
130825,121145657,LOC121145657,-,-,-,Un,-,probable G-protein coupled receptor 141,protein-coding,-,-,-,probable G-protein coupled receptor 141,20210420,-
130825,121145658,EPDR1,-,-,-,Un,-,ependymin related 1,protein-coding,-,-,-,mammalian ependymin-related protein 1,20210420,-
130825,121145659,CDK6,-,-,-,Un,-,cyclin dependent kinase 6,protein-coding,-,-,-,cyclin-dependent kinase 6,20210420,-
130825,121145660,LOC121145660,-,-,-,Un,-,uncharacterized LOC121145660,ncRNA,-,-,-,-,20210420,-
130825,121145661,LOC121145661,-,-,-,Un,-,uncharacterized LOC121145661,ncRNA,-,-,-,-,20210420,-
130825,121145662,LOC121145662,-,-,-,Un,-,cytochrome P450 4F2-like,protein-coding,-,-,-,cytochrome P450 4F2-like,20210420,-
130825,121145663,CRHR2,-,-,-,Un,-,corticotropin releasing hormone receptor 2,protein-coding,-,-,-,corticotropin-releasing factor receptor 2,20210420,-
130825,121145664,AQP1,-,-,-,Un,-,aquaporin 1 (Colton blood group),protein-coding,-,-,-,aquaporin-1,20210420,-
130825,121145665,PLEKHA8,-,-,-,Un,-,pleckstrin homology domain containing A8,protein-coding,-,-,-,pleckstrin homology domain-containing family A member 8,20210420,-
130825,121145666,THSD7A,-,-,-,Un,-,thrombospondin type 1 domain containing 7A,protein-coding,-,-,-,thrombospondin type-1 domain-containing protein 7A,20210420,-
130825,121145667,ADCYAP1R1,-,-,-,Un,-,ADCYAP receptor type I,protein-coding,-,-,-,pituitary adenylate cyclase-activating polypeptide type I receptor,20210420,-
130825,121145668,HOXA7,-,-,-,Un,-,homeobox A7,protein-coding,-,-,-,homeobox protein Hox-A7,20210420,-
130825,121145669,LOC121145669,-,-,-,Un,-,lanosterol 14-alpha demethylase,protein-coding,-,-,-,lanosterol 14-alpha demethylase,20210420,-
130825,121145670,LOC121145670,-,-,-,Un,-,uncharacterized LOC121145670,ncRNA,-,-,-,-,20210420,-
130825,121145671,GPNMB,-,-,-,Un,-,glycoprotein nmb,protein-coding,-,-,-,transmembrane glycoprotein NMB,20210420,-
130825,121145672,LOC121145672,-,-,-,Un,-,transcription initiation factor TFIID subunit 13-like,protein-coding,-,-,-,transcription initiation factor TFIID subunit 13-like,20210420,-
130825,121145673,LOC121145673,-,-,-,Un,-,uncharacterized LOC121145673,ncRNA,-,-,-,-,20210420,-
130825,121145674,HOXA4,-,-,-,Un,-,homeobox A4,protein-coding,-,-,-,homeobox protein Hox-A4,20210420,-
130825,121145675,PON1,-,-,-,Un,-,paraoxonase 1,protein-coding,-,-,-,serum paraoxonase/arylesterase 1,20210420,-
130825,121145676,DBNL,-,-,-,Un,-,drebrin like,protein-coding,-,-,-,drebrin-like protein,20210420,-
130825,121145677,PGAM2,-,-,-,Un,-,phosphoglycerate mutase 2,protein-coding,-,-,-,phosphoglycerate mutase 2,20210420,-
130825,121145678,LSM5,-,-,-,Un,-,"LSM5 homolog, U6 small nuclear RNA and mRNA degradation associated",protein-coding,-,-,-,U6 snRNA-associated Sm-like protein LSm5,20210425,-
130825,121145679,PEX1,-,-,-,Un,-,peroxisomal biogenesis factor 1,protein-coding,-,-,-,peroxisome biogenesis factor 1,20210420,-
130825,121145680,GLI3,-,-,-,Un,-,GLI family zinc finger 3,protein-coding,-,-,-,transcriptional activator GLI3,20210420,-
130825,121145681,LOC121145681,-,-,-,Un,-,uncharacterized LOC121145681,ncRNA,-,-,-,-,20210420,-
130825,121145682,YAE1,-,-,-,Un,-,YAE1 maturation factor of ABCE1,protein-coding,-,-,-,protein YAE1 homolog,20210420,-
130825,121145683,AEBP1,-,-,-,Un,-,AE binding protein 1,protein-coding,-,-,-,adipocyte enhancer-binding protein 1,20210420,-
130825,121145684,HDAC9,-,-,-,Un,-,histone deacetylase 9,protein-coding,-,-,-,histone deacetylase 9,20210420,-
130825,121145685,CUNH7orf31,-,-,-,Un,-,chromosome unknown C7orf31 homolog,protein-coding,-,-,-,uncharacterized protein C7orf31 homolog,20210420,-
130825,121145686,GRM3,-,-,-,Un,-,glutamate metabotropic receptor 3,protein-coding,-,-,-,metabotropic glutamate receptor 3,20210420,-
130825,121145687,GOLGA4,-,-,-,Un,-,golgin A4,protein-coding,-,-,-,golgin subfamily A member 4,20210420,-
130825,121145688,BET1,-,-,-,Un,-,Bet1 golgi vesicular membrane trafficking protein,protein-coding,-,-,-,BET1 homolog,20210420,-
130825,121145689,COL1A2,-,-,-,Un,-,collagen type I alpha 2 chain,protein-coding,-,-,-,LOW QUALITY PROTEIN: collagen alpha-2(I) chain,20210420,-
130825,121145690,LOC121145690,-,-,-,Un,-,uncharacterized LOC121145690,ncRNA,-,-,-,-,20210420,-
130825,121145691,FAM133B,-,-,-,Un,-,family with sequence similarity 133 member B,protein-coding,-,-,-,protein FAM133B,20210420,-
130825,121145692,ADAM22,-,-,-,Un,-,ADAM metallopeptidase domain 22,protein-coding,-,-,-,disintegrin and metalloproteinase domain-containing protein 22,20210420,-
130825,121145693,UPP1,-,-,-,Un,-,uridine phosphorylase 1,protein-coding,-,-,-,uridine phosphorylase 1,20210420,-
130825,121145694,ITGA9,-,-,-,Un,-,integrin subunit alpha 9,protein-coding,-,-,-,integrin alpha-9,20210420,-
130825,121145695,ETV1,-,-,-,Un,-,ETS variant transcription factor 1,protein-coding,-,-,-,ETS translocation variant 1,20210420,-
130825,121145696,HOXA3,-,-,-,Un,-,homeobox A3,protein-coding,-,-,-,homeobox protein Hox-A3,20210420,-
130825,121145697,ANLN,-,-,-,Un,-,anillin actin binding protein,protein-coding,-,-,-,anillin,20210420,-
130825,121145698,KIAA0895,-,-,-,Un,-,KIAA0895 ortholog,protein-coding,-,-,-,uncharacterized protein KIAA0895 homolog,20210420,-
130825,121145699,PLCD1,-,-,-,Un,-,phospholipase C delta 1,protein-coding,-,-,-,"1-phosphatidylinositol 4,5-bisphosphate phosphodiesterase delta-1",20210420,-
130825,121145700,HOXA1,-,-,-,Un,-,homeobox A1,protein-coding,-,-,-,homeobox protein Hox-A1,20210420,-
130825,121145701,CPVL,-,-,-,Un,-,carboxypeptidase vitellogenic like,protein-coding,-,-,-,probable serine carboxypeptidase CPVL,20210420,-
130825,121145702,LOC121145702,-,-,-,Un,-,uncharacterized LOC121145702,ncRNA,-,-,-,-,20210420,-
130825,121145703,LOC121145703,-,-,-,Un,-,uncharacterized LOC121145703,ncRNA,-,-,-,-,20210420,-
130825,121145704,FIGNL1,-,-,-,Un,-,fidgetin like 1,protein-coding,-,-,-,fidgetin-like protein 1,20210420,-
130825,121145705,GCK,-,-,-,Un,-,glucokinase,protein-coding,-,-,-,hexokinase-4,20210420,-
130825,121145706,HOXA9,-,-,-,Un,-,homeobox A9,protein-coding,-,-,-,homeobox protein Hox-A9,20210420,-
130825,121145707,NEUROD6,-,-,-,Un,-,neuronal differentiation 6,protein-coding,-,-,-,neurogenic differentiation factor 6,20210420,-
130825,121145708,HOXA2,-,-,-,Un,-,homeobox A2,protein-coding,-,-,-,homeobox protein Hox-A2,20210420,-
130825,121145709,FKBP14,-,-,-,Un,-,FKBP prolyl isomerase 14,protein-coding,-,-,-,peptidyl-prolyl cis-trans isomerase FKBP14,20210420,-
130825,121145710,SEMA3E,-,-,-,Un,-,semaphorin 3E,protein-coding,-,-,-,semaphorin-3E,20210420,-
130825,121145711,AMPH,-,-,-,Un,-,amphiphysin,protein-coding,-,-,-,amphiphysin,20210420,-
130825,121145712,ACAA1,-,-,-,Un,-,acetyl-CoA acyltransferase 1,protein-coding,-,-,-,"3-ketoacyl-CoA thiolase, peroxisomal",20210420,-
130825,121145713,LOC121145713,-,-,-,Un,-,T cell receptor gamma constant 2-like,other,-,-,-,-,20210420,-
130825,121145714,LOC121145714,-,-,-,Un,-,T-cell receptor gamma chain C region C10.5-like,other,-,-,-,-,20210420,-
130825,121145715,STARD3NL,-,-,-,Un,-,STARD3 N-terminal like,protein-coding,-,-,-,STARD3 N-terminal-like protein,20210420,-
130825,121145716,LOC121145716,-,-,-,Un,-,T cell receptor gamma variable 8-like,other,-,-,-,-,20210420,-
130825,121145717,LOC121145717,-,-,-,Un,-,T-cell receptor gamma chain V region V108B-like,other,-,-,-,-,20210420,-
130825,121145718,LOC121145718,-,-,-,Un,-,T cell receptor gamma variable 4-like,other,-,-,-,-,20210420,-
130825,121145719,LOC121145719,-,-,-,Un,-,uncharacterized LOC121145719,ncRNA,-,-,-,-,20210420,-
130825,121145720,LOC121145720,-,-,-,Un,-,uncharacterized LOC121145720,ncRNA,-,-,-,-,20210420,-
130825,121145721,ZMIZ2,-,-,-,Un,-,zinc finger MIZ-type containing 2,protein-coding,-,-,-,zinc finger MIZ domain-containing protein 2,20210420,-
130825,121145722,GTPBP10,-,-,-,Un,-,GTP binding protein 10,protein-coding,-,-,-,GTP-binding protein 10,20210420,-
130825,121145723,CLDN12,-,-,-,Un,-,claudin 12,protein-coding,-,-,-,claudin-12,20210420,-
130825,121145724,CROT,-,-,-,Un,-,carnitine O-octanoyltransferase,protein-coding,-,-,-,peroxisomal carnitine O-octanoyltransferase,20210420,-
130825,121145725,PON2,-,-,-,Un,-,paraoxonase 2,protein-coding,-,-,-,serum paraoxonase/arylesterase 2,20210420,-
130825,121145726,SEM1,-,-,-,Un,-,SEM1 26S proteasome subunit,protein-coding,-,-,-,26S proteasome complex subunit SEM1,20210420,-
130825,121145727,ABCB5,-,-,-,Un,-,ATP binding cassette subfamily B member 5,protein-coding,-,-,-,ATP-binding cassette sub-family B member 5,20210420,-
130825,121145728,EXOG,-,-,-,Un,-,exo/endonuclease G,protein-coding,-,-,-,"nuclease EXOG, mitochondrial",20210420,-
130825,121145729,LOC121145729,-,-,-,Un,-,uncharacterized LOC121145729,ncRNA,-,-,-,-,20210420,-
130825,121145730,ASB4,-,-,-,Un,-,ankyrin repeat and SOCS box containing 4,protein-coding,-,-,-,ankyrin repeat and SOCS box protein 4,20210420,-
130825,121145731,TFPI2,-,-,-,Un,-,tissue factor pathway inhibitor 2,protein-coding,-,-,-,tissue factor pathway inhibitor 2,20210420,-
130825,121145732,GNGT1,-,-,-,Un,-,G protein subunit gamma transducin 1,protein-coding,-,-,-,guanine nucleotide-binding protein G(T) subunit gamma-T1,20210522,-
130825,121145733,GNG11,-,-,-,Un,-,G protein subunit gamma 11,protein-coding,-,-,-,guanine nucleotide-binding protein G(I)/G(S)/G(O) subunit gamma-11,20210424,-
130825,121145734,HOXA10,-,-,-,Un,-,homeobox A10,protein-coding,-,-,-,homeobox protein Hox-A10,20210420,-
130825,121145735,IGFBP3,-,-,-,Un,-,insulin like growth factor binding protein 3,protein-coding,-,-,-,insulin-like growth factor-binding protein 3,20210420,-
130825,121145736,ABCB4,-,-,-,Un,-,ATP binding cassette subfamily B member 4,protein-coding,-,-,-,phosphatidylcholine translocator ABCB4,20210420,-
130825,121145737,YKT6,-,-,-,Un,-,YKT6 v-SNARE homolog,protein-coding,-,-,-,synaptobrevin homolog YKT6,20210420,-
130825,121145738,NPC1L1,-,-,-,Un,-,NPC1 like intracellular cholesterol transporter 1,protein-coding,-,-,-,NPC1-like intracellular cholesterol transporter 1,20210420,-
130825,121145739,DDX56,-,-,-,Un,-,DEAD-box helicase 56,protein-coding,-,-,-,probable ATP-dependent RNA helicase DDX56,20210420,-
130825,121145740,ANKIB1,-,-,-,Un,-,ankyrin repeat and IBR domain containing 1,protein-coding,-,-,-,ankyrin repeat and IBR domain-containing protein 1,20210420,-
130825,121145741,KRIT1,-,-,-,Un,-,KRIT1 ankyrin repeat containing,protein-coding,-,-,-,krev interaction trapped protein 1,20210420,-
130825,121145742,SLC22A14,-,-,-,Un,-,solute carrier family 22 member 14,protein-coding,-,-,-,solute carrier family 22 member 14,20210420,-
130825,121145743,VSTM2A,-,-,-,Un,-,V-set and transmembrane domain containing 2A,protein-coding,-,-,-,V-set and transmembrane domain-containing protein 2A,20210420,-
130825,121145744,STEAP2,-,-,-,Un,-,STEAP2 metalloreductase,protein-coding,-,-,-,metalloreductase STEAP2,20210420,-
130825,121145745,LRRC72,-,-,-,Un,-,leucine rich repeat containing 72,protein-coding,-,-,-,leucine-rich repeat-containing protein 72,20210420,-
130825,121145746,GRB10,-,-,-,Un,-,growth factor receptor bound protein 10,protein-coding,-,-,-,growth factor receptor-bound protein 10,20210420,-
130825,121145747,LOC121145747,-,-,-,Un,-,Friend virus susceptibility protein 1-like,protein-coding,-,-,-,Friend virus susceptibility protein 1-like,20210420,-
130825,121145748,POLD2,-,-,-,Un,-,"DNA polymerase delta 2, accessory subunit",protein-coding,-,-,-,DNA polymerase delta subunit 2,20210420,-
130825,121145749,LOC121145749,-,-,-,Un,-,"3-ketoacyl-CoA thiolase B, peroxisomal-like",protein-coding,-,-,-,"3-ketoacyl-CoA thiolase B, peroxisomal-like",20210420,-
130825,121145750,MYL7,-,-,-,Un,-,myosin light chain 7,protein-coding,-,-,-,"myosin regulatory light chain 2, atrial isoform",20210420,-
130825,121145751,CDK14,-,-,-,Un,-,cyclin dependent kinase 14,protein-coding,-,-,-,cyclin-dependent kinase 14,20210420,-
130825,121145752,LOC121145752,-,-,-,Un,-,uncharacterized LOC121145752,ncRNA,-,-,-,-,20210420,-
130825,121145753,LOC121145753,-,-,-,Un,-,uncharacterized LOC121145753,ncRNA,-,-,-,-,20210420,-
130825,121145754,LOC121145754,-,-,-,Un,-,uncharacterized LOC121145754,ncRNA,-,-,-,-,20210420,-
130825,121145755,CALCR,-,-,-,Un,-,calcitonin receptor,protein-coding,-,-,-,calcitonin receptor,20210420,-
130825,121145756,SCRN1,-,-,-,Un,-,secernin 1,protein-coding,-,-,-,secernin-1,20210420,-
130825,121145757,LOC121145757,-,-,-,Un,-,uncharacterized LOC121145757,ncRNA,-,-,-,-,20210420,-
130825,121145758,DBF4,-,-,-,Un,-,DBF4 zinc finger,protein-coding,-,-,-,protein DBF4 homolog A,20210420,-
130825,121145759,LOC121145759,-,-,-,Un,-,indolethylamine N-methyltransferase-like,protein-coding,-,-,-,indolethylamine N-methyltransferase-like,20210420,-
130825,121145760,BMPER,-,-,-,Un,-,BMP binding endothelial regulator,protein-coding,-,-,-,BMP-binding endothelial regulator protein,20210420,-
130825,121145761,SDHAF3,-,-,-,Un,-,succinate dehydrogenase complex assembly factor 3,protein-coding,-,-,-,"succinate dehydrogenase assembly factor 3, mitochondrial",20210420,-
130825,121145762,LOC121145762,-,-,-,Un,-,up-regulator of cell proliferation-like,protein-coding,-,-,-,up-regulator of cell proliferation-like,20210420,-
130825,121145763,DLX5,-,-,-,Un,-,distal-less homeobox 5,protein-coding,-,-,-,homeobox protein DLX-5,20210420,-
130825,121145764,FZD1,-,-,-,Un,-,frizzled class receptor 1,protein-coding,-,-,-,frizzled-1,20210420,-
130825,121145765,ABCB1,-,-,-,Un,-,ATP binding cassette subfamily B member 1,protein-coding,-,-,-,ATP-dependent translocase ABCB1,20210420,-
130825,121145766,INHBA,-,-,-,Un,-,inhibin subunit beta A,protein-coding,-,-,-,inhibin beta A chain,20210420,-
130825,121145767,MYD88,-,-,-,Un,-,MYD88 innate immune signal transduction adaptor,protein-coding,-,-,-,myeloid differentiation primary response protein MyD88,20210420,-
130825,121145768,SCIN,-,-,-,Un,-,scinderin,protein-coding,-,-,-,adseverin,20210420,-
130825,121145769,LOC121145769,-,-,-,Un,-,uncharacterized LOC121145769,ncRNA,-,-,-,-,20210420,-
130825,121145770,STEAP1,-,-,-,Un,-,STEAP family member 1,protein-coding,-,-,-,metalloreductase STEAP1,20210420,-
130825,121145771,TBX20,-,-,-,Un,-,T-box transcription factor 20,protein-coding,-,-,-,T-box transcription factor TBX20,20210420,-
130825,121145772,TBRG4,-,-,-,Un,-,transforming growth factor beta regulator 4,protein-coding,-,-,-,FAST kinase domain-containing protein 4,20210420,-
130825,121145773,LOC121145773,-,-,-,Un,-,60S ribosomal protein L7a-like,pseudo,-,-,-,-,20210420,-
130825,121145774,LOC121145774,-,-,-,Un,-,small nuclear ribonucleoprotein Sm D1-like,protein-coding,-,-,-,LOW QUALITY PROTEIN: small nuclear ribonucleoprotein Sm D1-like,20210420,-
130825,121145775,ZNRF2,-,-,-,Un,-,zinc and ring finger 2,protein-coding,-,-,-,E3 ubiquitin-protein ligase ZNRF2,20210420,-
130825,121145776,AGR2,-,-,-,Un,-,"anterior gradient 2, protein disulphide isomerase family member",protein-coding,-,-,-,anterior gradient protein 2 homolog,20210420,-
130825,121145777,GSDME,-,-,-,Un,-,gasdermin E,protein-coding,-,-,-,gasdermin-E,20210420,-
130825,121145778,TAC1,-,-,-,Un,-,tachykinin precursor 1,protein-coding,-,-,-,protachykinin-1,20210420,-
130825,121145779,ITGB8,-,-,-,Un,-,integrin subunit beta 8,protein-coding,-,-,-,integrin beta-8,20210420,-
130825,121145780,HUS1,-,-,-,Un,-,HUS1 checkpoint clamp component,protein-coding,-,-,-,checkpoint protein HUS1,20210420,-
130825,121145781,ADCY1,-,-,-,Un,-,adenylate cyclase 1,protein-coding,-,-,-,adenylate cyclase type 1,20210420,-
130825,121145782,GATAD1,-,-,-,Un,-,GATA zinc finger domain containing 1,protein-coding,-,-,-,GATA zinc finger domain-containing protein 1,20210420,-
130825,121145783,CDK13,-,-,-,Un,-,cyclin dependent kinase 13,protein-coding,-,-,-,cyclin-dependent kinase 13,20210420,-
130825,121145784,DDC,-,-,-,Un,-,dopa decarboxylase,protein-coding,-,-,-,aromatic-L-amino-acid decarboxylase,20210420,-
130825,121145785,POLR1F,-,-,-,Un,-,RNA polymerase I subunit F,protein-coding,-,-,-,DNA-directed RNA polymerase I subunit RPA43,20210420,-
130825,121145786,FERD3L,-,-,-,Un,-,Fer3 like bHLH transcription factor,protein-coding,-,-,-,fer3-like protein,20210420,-
130825,121145787,LOC121145787,-,-,-,Un,-,coiled-coil domain-containing protein 169-like,protein-coding,-,-,-,coiled-coil domain-containing protein 169-like,20210420,-
130825,121145788,LOC121145788,-,-,-,Un,-,heat shock cognate 71 kDa protein-like,pseudo,-,-,-,-,20210420,-
130825,121145789,LOC121145789,-,-,-,Un,-,60S ribosomal protein L13a-like,pseudo,-,-,-,-,20210420,-
130825,121145790,LOC121145790,-,-,-,Un,-,female-specific lacrimal gland protein-like,protein-coding,-,-,-,female-specific lacrimal gland protein-like,20210420,-
130825,121145791,LOC121145791,-,-,-,Un,-,transcription initiation factor TFIID subunit 13-like,pseudo,-,-,-,-,20210420,-
130825,121145792,LOC121145792,-,-,-,Un,-,serine/threonine-protein kinase 17A-like,pseudo,-,-,-,-,20210420,-
130825,121145793,LOC121145793,-,-,-,Un,-,40S ribosomal protein S12-like,pseudo,-,-,-,-,20210420,-
130825,121145794,LOC121145794,-,-,-,Un,-,zinc finger protein 271-like,protein-coding,-,-,-,zinc finger protein 271-like,20210420,-
130825,121145795,LOC121145795,-,-,-,Un,-,zinc finger protein OZF-like,protein-coding,-,-,-,zinc finger protein OZF-like,20210420,-
130825,121145796,LOC121145796,-,-,-,Un,-,terminal nucleotidyltransferase 4A-like,pseudo,-,-,-,-,20210420,-
130825,121145797,LOC121145797,-,-,-,Un,-,steroid receptor RNA activator 1-like,pseudo,-,-,-,-,20210420,-
130825,121145798,DMTF1,-,-,-,Un,-,cyclin D binding myb like transcription factor 1,protein-coding,-,-,-,cyclin-D-binding Myb-like transcription factor 1,20210420,-
130825,121145799,TMEM243,-,-,-,Un,-,transmembrane protein 243,protein-coding,-,-,-,transmembrane protein 243,20210420,-
130825,121145800,PDK4,-,-,-,Un,-,pyruvate dehydrogenase kinase 4,protein-coding,-,-,-,"pyruvate dehydrogenase kinase, isozyme 4",20210420,-
130825,121145801,LOC121145801,-,-,-,Un,-,uncharacterized LOC121145801,ncRNA,-,-,-,-,20210420,-
130825,121145802,MEOX2,-,-,-,Un,-,mesenchyme homeobox 2,protein-coding,-,-,-,homeobox protein MOX-2,20210420,-
130825,121145803,VPS41,-,-,-,Un,-,VPS41 subunit of HOPS complex,protein-coding,-,-,-,vacuolar protein sorting-associated protein 41 homolog,20210420,-
130825,121145804,FAM221A,-,-,-,Un,-,family with sequence similarity 221 member A,protein-coding,-,-,-,protein FAM221A,20210420,-
130825,121145805,SEMA3D,-,-,-,Un,-,semaphorin 3D,protein-coding,-,-,-,semaphorin-3D,20210420,-
130825,121145806,SEMA3A,-,-,-,Un,-,semaphorin 3A,protein-coding,-,-,-,semaphorin-3A,20210420,-
130825,121145807,SNX13,-,-,-,Un,-,sorting nexin 13,protein-coding,-,-,-,sorting nexin-13,20210420,-
130825,121145808,LOC121145808,-,-,-,Un,-,uncharacterized LOC121145808,ncRNA,-,-,-,-,20210420,-
130825,121145809,POLM,-,-,-,Un,-,DNA polymerase mu,protein-coding,-,-,-,DNA-directed DNA/RNA polymerase mu,20210420,-
130825,121145810,TMED4,-,-,-,Un,-,transmembrane p24 trafficking protein 4,protein-coding,-,-,-,transmembrane emp24 domain-containing protein 4,20210420,-
130825,121145811,TWIST1,-,-,-,Un,-,twist family bHLH transcription factor 1,protein-coding,-,-,-,twist-related protein 1,20210420,-
130825,121145812,NDUFA4,-,-,-,Un,-,NDUFA4 mitochondrial complex associated,protein-coding,-,-,-,cytochrome c oxidase subunit NDUFA4,20210420,-
130825,121145813,OXSR1,-,-,-,Un,-,oxidative stress responsive kinase 1,protein-coding,-,-,-,serine/threonine-protein kinase OSR1,20210420,-
130825,121145814,LOC121145814,-,-,-,Un,-,"cytochrome c, somatic",protein-coding,-,-,-,"cytochrome c, somatic",20210420,-
130825,121145815,PALS2,-,-,-,Un,-,"protein associated with LIN7 2, MAGUK family member",protein-coding,-,-,-,MAGUK p55 subfamily member 6,20210420,-
130825,121145816,IGFBP1,-,-,-,Un,-,insulin like growth factor binding protein 1,protein-coding,-,-,-,insulin-like growth factor-binding protein 1,20210420,-
130825,121145817,HECW1,-,-,-,Un,-,"HECT, C2 and WW domain containing E3 ubiquitin protein ligase 1",protein-coding,-,-,-,E3 ubiquitin-protein ligase HECW1,20210420,-
130825,121145818,NXPH1,-,-,-,Un,-,neurexophilin 1,protein-coding,-,-,-,neurexophilin-1,20210420,-
130825,121145819,RP9,-,-,-,Un,-,RP9 pre-mRNA splicing factor,protein-coding,-,-,-,retinitis pigmentosa 9 protein,20210420,-
130825,121145820,ASNS,-,-,-,Un,-,asparagine synthetase (glutamine-hydrolyzing),protein-coding,-,-,-,asparagine synthetase [glutamine-hydrolyzing],20210420,-
130825,121145821,RBM48,-,-,-,Un,-,RNA binding motif protein 48,protein-coding,-,-,-,RNA-binding protein 48,20210420,-
130825,121145822,HOXA5,-,-,-,Un,-,homeobox A5,protein-coding,-,-,-,homeobox protein Hox-A5,20210420,-
130825,121145823,HOXA6,-,-,-,Un,-,homeobox A6,protein-coding,-,-,-,homeobox protein Hox-A6,20210420,-
130825,121145824,TOMM7,-,-,-,Un,-,translocase of outer mitochondrial membrane 7,protein-coding,-,-,-,mitochondrial import receptor subunit TOM7 homolog,20210529,-
130825,121145825,LOC121145825,-,-,-,Un,-,uncharacterized LOC121145825,ncRNA,-,-,-,-,20210420,-
130825,121145826,GGCT,-,-,-,Un,-,gamma-glutamylcyclotransferase,protein-coding,-,-,-,gamma-glutamylcyclotransferase,20210420,-
130825,121145827,NPSR1,-,-,-,Un,-,neuropeptide S receptor 1,protein-coding,-,-,-,neuropeptide S receptor,20210420,-
130825,121145828,LOC121145828,-,-,-,Un,-,uncharacterized LOC121145828,ncRNA,-,-,-,-,20210420,-
130825,121145829,PPP1R9A,-,-,-,Un,-,protein phosphatase 1 regulatory subunit 9A,protein-coding,-,-,-,neurabin-1,20210420,-
130825,121145830,LOC121145830,-,-,-,Un,-,60S ribosomal protein L19-like,pseudo,-,-,-,-,20210420,-
130825,121145831,STEAP4,-,-,-,Un,-,STEAP4 metalloreductase,protein-coding,-,-,-,metalloreductase STEAP4,20210420,-
130825,121145832,LOC121145832,-,-,-,Un,-,phospholipid scramblase 1-like,pseudo,-,-,-,-,20210420,-
130825,121145833,SRI,-,-,-,Un,-,sorcin,protein-coding,-,-,-,sorcin,20210420,-
130825,121145834,LOC121145834,-,-,-,Un,-,ubiquitin-40S ribosomal protein S27a-like,pseudo,-,-,-,-,20210420,-
130825,121145835,LOC121145835,-,-,-,Un,-,uncharacterized LOC121145835,ncRNA,-,-,-,-,20210420,-
130825,121145836,LOC121145836,-,-,-,Un,-,uncharacterized LOC121145836,ncRNA,-,-,-,-,20210420,-
130825,121145837,IGF2BP3,-,-,-,Un,-,insulin like growth factor 2 mRNA binding protein 3,protein-coding,-,-,-,insulin-like growth factor 2 mRNA-binding protein 3,20210420,-
130825,121145838,DPY19L1,-,-,-,Un,-,dpy-19 like C-mannosyltransferase 1,protein-coding,-,-,-,probable C-mannosyltransferase DPY19L1,20210420,-
130825,121145839,NUP42,-,-,-,Un,-,nucleoporin 42,protein-coding,-,-,-,nucleoporin NUP42,20210420,-
130825,121145840,AGMO,-,-,-,Un,-,alkylglycerol monooxygenase,protein-coding,-,-,-,alkylglycerol monooxygenase,20210420,-
130825,121145841,TRIM42,-,-,-,Un,-,tripartite motif containing 42,protein-coding,-,-,-,tripartite motif-containing protein 42,20210420,-
130825,121145842,LOC121145842,-,-,-,Un,-,M-phase specific PLK1 interacting protein,protein-coding,-,-,-,M-phase-specific PLK1-interacting protein,20210420,-
130825,121145843,POU6F2,-,-,-,Un,-,POU class 6 homeobox 2,protein-coding,-,-,-,"POU domain, class 6, transcription factor 2",20210420,-
130825,121145844,AKAP9,-,-,-,Un,-,A-kinase anchoring protein 9,protein-coding,-,-,-,LOW QUALITY PROTEIN: A-kinase anchor protein 9,20210420,-
130825,121145845,RUNDC3B,-,-,-,Un,-,RUN domain containing 3B,protein-coding,-,-,-,RUN domain-containing protein 3B,20210420,-
130825,121145846,DLX6,-,-,-,Un,-,distal-less homeobox 6,protein-coding,-,-,-,homeobox protein DLX-6,20210420,-
130825,121145847,SUN3,-,-,-,Un,-,Sad1 and UNC84 domain containing 3,protein-coding,-,-,-,SUN domain-containing protein 3,20210420,-
130825,121145848,PTTG1IP2,-,-,-,Un,-,PTTG1IP family member 2,protein-coding,-,-,-,PTTG1IP family member 2,20210420,-
130825,121145849,HOXA11,-,-,-,Un,-,homeobox A11,protein-coding,-,-,-,homeobox protein Hox-A11,20210420,-
130825,121145850,SUGCT,-,-,-,Un,-,succinyl-CoA:glutarate-CoA transferase,protein-coding,-,-,-,succinate--hydroxymethylglutarate CoA-transferase,20210420,-
130825,121145851,CLSTN2,-,-,-,Un,-,calsyntenin 2,protein-coding,-,-,-,calsyntenin-2,20210420,-
130825,121145852,SLC25A40,-,-,-,Un,-,solute carrier family 25 member 40,protein-coding,-,-,-,solute carrier family 25 member 40,20210420,-
130825,121145853,SEC61G,-,-,-,Un,-,SEC61 translocon subunit gamma,protein-coding,-,-,-,protein transport protein Sec61 subunit gamma,20210501,-
130825,121145854,LOC121145854,-,-,-,Un,-,40S ribosomal protein S6-like,pseudo,-,-,-,-,20210420,-
130825,121145855,VWC2,-,-,-,Un,-,von Willebrand factor C domain containing 2,protein-coding,-,-,-,brorin,20210420,-
130825,121145856,MINDY4,-,-,-,Un,-,MINDY lysine 48 deubiquitinase 4,protein-coding,-,-,-,probable ubiquitin carboxyl-terminal hydrolase MINDY-4,20210420,-
130825,121145857,INMT,-,-,-,Un,-,indolethylamine N-methyltransferase,protein-coding,-,-,-,indolethylamine N-methyltransferase,20210420,-
130825,121145858,PEG10,-,-,-,Un,-,paternally expressed 10,protein-coding,-,-,-,LOW QUALITY PROTEIN: retrotransposon-derived protein PEG10,20210420,-
130825,121145859,STK31,-,-,-,Un,-,serine/threonine kinase 31,protein-coding,-,-,-,serine/threonine-protein kinase 31,20210420,-
130825,121145860,IL6,-,-,-,Un,-,interleukin 6,protein-coding,-,-,-,interleukin-6,20210420,-
130825,121145861,NPY,-,-,-,Un,-,neuropeptide Y,protein-coding,-,-,-,pro-neuropeptide Y,20210420,-
130825,121145862,RBP1,-,-,-,Un,-,retinol binding protein 1,protein-coding,-,-,-,LOW QUALITY PROTEIN: retinol-binding protein 1,20210420,-
130825,121145863,HOXA13,-,-,-,Un,-,homeobox A13,protein-coding,-,-,-,homeobox protein Hox-A13,20210420,-
130825,121145864,PHF14,-,-,-,Un,-,PHD finger protein 14,protein-coding,-,-,-,PHD finger protein 14,20210420,-
130825,121145865,LOC121145865,-,-,-,Un,-,uncharacterized LOC121145865,ncRNA,-,-,-,-,20210420,-
130825,121145866,LOC121145866,-,-,-,Un,-,uncharacterized LOC121145866,ncRNA,-,-,-,-,20210420,-
130825,121145867,LOC121145867,-,-,-,Un,-,60S ribosomal protein L23-like,pseudo,-,-,-,-,20210420,-
130825,121145868,SPATA48,-,-,-,Un,-,spermatogenesis associated 48,protein-coding,-,-,-,spermatogenesis-associated protein 48,20210420,-
130825,121145869,RBP2,-,-,-,Un,-,retinol binding protein 2,protein-coding,-,-,-,retinol-binding protein 2,20210420,-
130825,121145870,CRPPA,-,-,-,Un,-,CDP-L-ribitol pyrophosphorylase A,protein-coding,-,-,-,D-ribitol-5-phosphate cytidylyltransferase,20210420,-
130825,121145871,OGDH,-,-,-,Un,-,oxoglutarate dehydrogenase,protein-coding,-,-,-,"2-oxoglutarate dehydrogenase, mitochondrial",20210420,-
130825,121145872,SEPTIN7,-,-,-,Un,-,septin 7,protein-coding,-,-,-,septin-7,20210424,-
130825,121145873,FOXL2,-,-,-,Un,-,forkhead box L2,protein-coding,-,-,-,forkhead box protein L2,20210420,-
130825,121145874,LOC121145874,-,-,-,Un,-,uncharacterized LOC121145874,ncRNA,-,-,-,-,20210420,-
130825,121145875,TMEM196,-,-,-,Un,-,transmembrane protein 196,protein-coding,-,-,-,transmembrane protein 196,20210420,-
130825,121145876,SP8,-,-,-,Un,-,Sp8 transcription factor,protein-coding,-,-,-,transcription factor Sp8,20210420,-
130825,121145877,SOSTDC1,-,-,-,Un,-,sclerostin domain containing 1,protein-coding,-,-,-,sclerostin domain-containing protein 1,20210420,-
130825,121145878,HNRNPA2B1,-,-,-,Un,-,heterogeneous nuclear ribonucleoprotein A2/B1,protein-coding,-,-,-,heterogeneous nuclear ribonucleoproteins A2/B1,20210420,-
130825,121145879,LOC121145879,-,-,-,Un,-,uncharacterized LOC121145879,ncRNA,-,-,-,-,20210420,-
130825,121145880,CBX3,-,-,-,Un,-,chromobox 3,protein-coding,-,-,-,chromobox protein homolog 3,20210420,-
130825,121145881,HIBADH,-,-,-,Un,-,3-hydroxyisobutyrate dehydrogenase,protein-coding,-,-,-,"3-hydroxyisobutyrate dehydrogenase, mitochondrial",20210420,-
130825,121145882,GLCCI1,-,-,-,Un,-,glucocorticoid induced 1,protein-coding,-,-,-,glucocorticoid-induced transcript 1 protein,20210420,-
130825,121145883,A4GNT,-,-,-,Un,-,"alpha-1,4-N-acetylglucosaminyltransferase",protein-coding,-,-,-,"alpha-1,4-N-acetylglucosaminyltransferase",20210420,-
130825,121145884,UMAD1,-,-,-,Un,-,UBAP1-MVB12-associated (UMA) domain containing 1,protein-coding,-,-,-,UBAP1-MVB12-associated (UMA)-domain containing protein 1,20210420,-
130825,121145885,ZNF804B,-,-,-,Un,-,zinc finger protein 804B,protein-coding,-,-,-,zinc finger protein 804B,20210420,-
130825,121145886,TEX47,-,-,-,Un,-,testis expressed 47,protein-coding,-,-,-,testis-expressed protein 47,20210420,-
130825,121145887,FAM126A,-,-,-,Un,-,family with sequence similarity 126 member A,protein-coding,-,-,-,hyccin,20210420,-
130825,121145888,CREB5,-,-,-,Un,-,cAMP responsive element binding protein 5,protein-coding,-,-,-,cyclic AMP-responsive element-binding protein 5,20210420,-
130825,121145889,LOC121145889,-,-,-,Un,-,uncharacterized LOC121145889,ncRNA,-,-,-,-,20210420,-
130825,121145890,SNX10,-,-,-,Un,-,sorting nexin 10,protein-coding,-,-,-,sorting nexin-10,20210420,-
130825,121145891,DZIP1L,-,-,-,Un,-,DAZ interacting zinc finger protein 1 like,protein-coding,-,-,-,zinc finger protein DZIP1L,20210420,-
130825,121145892,LOC121145892,-,-,-,Un,-,uncharacterized LOC121145892,ncRNA,-,-,-,-,20210420,-
130825,121145893,SKAP2,-,-,-,Un,-,src kinase associated phosphoprotein 2,protein-coding,-,-,-,src kinase-associated phosphoprotein 2,20210420,-
130825,121145894,AGR3,-,-,-,Un,-,"anterior gradient 3, protein disulphide isomerase family member",protein-coding,-,-,-,anterior gradient protein 3,20210420,-
130825,121145895,PURB,-,-,-,Un,-,purine rich element binding protein B,protein-coding,-,-,-,transcriptional activator protein Pur-beta,20210420,-
130825,121145896,PPIA,-,-,-,Un,-,peptidylprolyl isomerase A,protein-coding,-,-,-,peptidyl-prolyl cis-trans isomerase A,20210420,-
130825,121145897,LOC121145897,-,-,-,Un,-,histone H2A.V,protein-coding,-,-,-,histone H2A.V,20210501,-
130825,121145898,MACC1,-,-,-,Un,-,MET transcriptional regulator MACC1,protein-coding,-,-,-,LOW QUALITY PROTEIN: metastasis-associated in colon cancer protein 1,20210420,-
130825,121145899,CAMK2B,-,-,-,Un,-,calcium/calmodulin dependent protein kinase II beta,protein-coding,-,-,-,calcium/calmodulin-dependent protein kinase type II subunit beta,20210605,-
130825,121145900,CLDN18,-,-,-,Un,-,claudin 18,protein-coding,-,-,-,claudin-18,20210420,-
130825,121145901,NUDCD3,-,-,-,Un,-,NudC domain containing 3,protein-coding,-,-,-,nudC domain-containing protein 3,20210420,-
130825,121145902,AHR,-,-,-,Un,-,aryl hydrocarbon receptor,protein-coding,-,-,-,aryl hydrocarbon receptor,20210420,-
130825,121145903,LOC121145903,-,-,-,Un,-,methionine aminopeptidase 1-like,pseudo,-,-,-,-,20210420,-
130825,121145904,ICA1,-,-,-,Un,-,islet cell autoantigen 1,protein-coding,-,-,-,islet cell autoantigen 1,20210420,-
130825,121145905,BBS9,-,-,-,Un,-,Bardet-Biedl syndrome 9,protein-coding,-,-,-,protein PTHB1,20210420,-
130825,121145906,SOX14,-,-,-,Un,-,SRY-box transcription factor 14,protein-coding,-,-,-,transcription factor SOX-14,20210420,-
130825,121145907,TNS3,-,-,-,Un,-,tensin 3,protein-coding,-,-,-,tensin-3,20210420,-
130825,121145908,LOC121145908,-,-,-,Un,-,uncharacterized LOC121145908,ncRNA,-,-,-,-,20210420,-
130825,121145909,SAMD9L,-,-,-,Un,-,sterile alpha motif domain containing 9 like,protein-coding,-,-,-,sterile alpha motif domain-containing protein 9-like,20210420,-
130825,121145910,HEPACAM2,-,-,-,Un,-,HEPACAM family member 2,protein-coding,-,-,-,HEPACAM family member 2,20210420,-
130825,121145911,SLC35G2,-,-,-,Un,-,solute carrier family 35 member G2,protein-coding,-,-,-,solute carrier family 35 member G2,20210420,-
130825,121145912,LOC121145912,-,-,-,Un,-,uncharacterized LOC121145912,ncRNA,-,-,-,-,20210420,-
130825,121145913,BLVRA,-,-,-,Un,-,biliverdin reductase A,protein-coding,-,-,-,biliverdin reductase A,20210420,-
130825,121145914,NT5C3A,-,-,-,Un,-,"5'-nucleotidase, cytosolic IIIA",protein-coding,-,-,-,cytosolic 5'-nucleotidase 3A,20210420,-
130825,121145915,EVX1,-,-,-,Un,-,even-skipped homeobox 1,protein-coding,-,-,-,homeobox even-skipped homolog protein 1,20210420,-
130825,121145916,LOC121145916,-,-,-,Un,-,zinc finger protein 260-like,protein-coding,-,-,-,zinc finger protein 260-like,20210420,-
130825,121145917,LOC121145917,-,-,-,Un,-,protocadherin beta-17-like,protein-coding,-,-,-,protocadherin beta-17-like,20210420,-
130825,121145918,LOC121145918,-,-,-,Un,-,actin-related protein 2/3 complex subunit 5-like protein,protein-coding,-,-,-,actin-related protein 2/3 complex subunit 5-like protein,20210420,-
130825,121145919,LOC121145919,-,-,-,Un,-,60S ribosomal protein L7a-like,pseudo,-,-,-,-,20210420,-
130825,121145920,RALA,-,-,-,Un,-,RAS like proto-oncogene A,protein-coding,-,-,-,ras-related protein Ral-A,20210522,-
130825,121145921,SAMD9,-,-,-,Un,-,sterile alpha motif domain containing 9,protein-coding,-,-,-,sterile alpha motif domain-containing protein 9,20210420,-
130825,121145922,PPP1R17,-,-,-,Un,-,protein phosphatase 1 regulatory subunit 17,protein-coding,-,-,-,protein phosphatase 1 regulatory subunit 17,20210420,-
130825,121145923,TRA2A,-,-,-,Un,-,transformer 2 alpha homolog,protein-coding,-,-,-,transformer-2 protein homolog alpha,20210420,-
130825,121145924,EPHB1,-,-,-,Un,-,EPH receptor B1,protein-coding,-,-,-,ephrin type-B receptor 1,20210420,-
130825,121145925,BZW2,-,-,-,Un,-,basic leucine zipper and W2 domains 2,protein-coding,-,-,-,basic leucine zipper and W2 domain-containing protein 2,20210420,-
130825,121145926,RAPGEF5,-,-,-,Un,-,Rap guanine nucleotide exchange factor 5,protein-coding,-,-,-,rap guanine nucleotide exchange factor 5,20210420,-
130825,121145927,AVL9,-,-,-,Un,-,AVL9 cell migration associated,protein-coding,-,-,-,late secretory pathway protein AVL9 homolog,20210420,-
130825,121145928,LOC121145928,-,-,-,Un,-,transcription and mRNA export factor ENY2-like,pseudo,-,-,-,-,20210420,-
130825,121145929,C1GALT1,-,-,-,Un,-,"core 1 synthase, glycoprotein-N-acetylgalactosamine 3-beta-galactosyltransferase 1",protein-coding,-,-,-,glycoprotein-N-acetylgalactosamine 3-beta-galactosyltransferase 1,20210420,-
130825,121145930,KY,-,-,-,Un,-,kyphoscoliosis peptidase,protein-coding,-,-,-,kyphoscoliosis peptidase,20210420,-
130825,121145931,LOC121145931,-,-,-,Un,-,taste receptor type 2 member 7-like,protein-coding,-,-,-,taste receptor type 2 member 7-like,20210420,-
130825,121145932,VPS50,-,-,-,Un,-,VPS50 subunit of EARP/GARPII complex,protein-coding,-,-,-,syndetin,20210420,-
130825,121145933,HERPUD2,-,-,-,Un,-,HERPUD family member 2,protein-coding,-,-,-,homocysteine-responsive endoplasmic reticulum-resident ubiquitin-like domain member 2 protein,20210420,-
130825,121145934,SP4,-,-,-,Un,-,Sp4 transcription factor,protein-coding,-,-,-,transcription factor Sp4,20210420,-
130825,121145935,LOC121145935,-,-,-,Un,-,U2 spliceosomal RNA,snRNA,-,-,-,-,20210420,-
130825,121145936,LOC121145936,-,-,-,Un,-,U2 spliceosomal RNA,pseudo,-,-,-,-,20210420,-
130825,121145937,LOC121145937,-,-,-,Un,-,U2 spliceosomal RNA,pseudo,-,-,-,-,20210420,-
130825,121145938,LOC121145938,-,-,-,Un,-,U2 spliceosomal RNA,pseudo,-,-,-,-,20210420,-
130825,121145939,LOC121145939,-,-,-,Un,-,U2 spliceosomal RNA,pseudo,-,-,-,-,20210420,-
130825,121145940,LOC121145940,-,-,-,Un,-,U2 spliceosomal RNA,pseudo,-,-,-,-,20210420,-
130825,121145941,LOC121145941,-,-,-,Un,-,U2 spliceosomal RNA,pseudo,-,-,-,-,20210420,-
130825,121145942,LOC121145942,-,-,-,Un,-,U2 spliceosomal RNA,pseudo,-,-,-,-,20210420,-
130825,121145943,LOC121145943,-,-,-,Un,-,U4 spliceosomal RNA,snRNA,-,-,-,-,20210420,-
130825,121145944,LOC121145944,-,-,-,Un,-,U4 spliceosomal RNA,snRNA,-,-,-,-,20210420,-
130825,121145945,LOC121145945,-,-,-,Un,-,U5 spliceosomal RNA,snRNA,-,-,-,-,20210420,-
130825,121145946,LOC121145946,-,-,-,Un,-,U5 spliceosomal RNA,snRNA,-,-,-,-,20210420,-
130825,121145947,LOC121145947,-,-,-,Un,-,U6 spliceosomal RNA,snRNA,-,-,-,-,20210420,-
130825,121145948,LOC121145948,-,-,-,Un,-,U6 spliceosomal RNA,snRNA,-,-,-,-,20210420,-
130825,121145949,LOC121145949,-,-,-,Un,-,U6 spliceosomal RNA,snRNA,-,-,-,-,20210420,-
130825,121145950,LOC121145950,-,-,-,Un,-,U6 spliceosomal RNA,snRNA,-,-,-,-,20210420,-
130825,121145951,AMOTL2,-,-,-,Un,-,angiomotin like 2,protein-coding,-,-,-,angiomotin-like protein 2,20210420,-
130825,121145952,LOC121145952,-,-,-,Un,-,U6 spliceosomal RNA,snRNA,-,-,-,-,20210420,-
130825,121145953,LOC121145953,-,-,-,Un,-,U6 spliceosomal RNA,snRNA,-,-,-,-,20210420,-
130825,121145954,LOC121145954,-,-,-,Un,-,U6 spliceosomal RNA,snRNA,-,-,-,-,20210420,-
130825,121145955,LOC121145955,-,-,-,Un,-,U6 spliceosomal RNA,snRNA,-,-,-,-,20210420,-
130825,121145956,LOC121145956,-,-,-,Un,-,U6 spliceosomal RNA,snRNA,-,-,-,-,20210420,-
130825,121145957,LOC121145957,-,-,-,Un,-,U6 spliceosomal RNA,snRNA,-,-,-,-,20210420,-
130825,121145958,LOC121145958,-,-,-,Un,-,U6 spliceosomal RNA,pseudo,-,-,-,-,20210420,-
130825,121145959,LOC121145959,-,-,-,Un,-,U6 spliceosomal RNA,snRNA,-,-,-,-,20210420,-
130825,121145960,LOC121145960,-,-,-,Un,-,U6 spliceosomal RNA,pseudo,-,-,-,-,20210420,-
130825,121145961,LOC121145961,-,-,-,Un,-,U6 spliceosomal RNA,snRNA,-,-,-,-,20210420,-
130825,121145962,LOC121145962,-,-,-,Un,-,U6 spliceosomal RNA,snRNA,-,-,-,-,20210420,-
130825,121145963,LOC121145963,-,-,-,Un,-,U6 spliceosomal RNA,pseudo,-,-,-,-,20210420,-
130825,121145964,LOC121145964,-,-,-,Un,-,U6 spliceosomal RNA,snRNA,-,-,-,-,20210420,-
130825,121145965,LOC121145965,-,-,-,Un,-,U6 spliceosomal RNA,snRNA,-,-,-,-,20210420,-
130825,121145966,LOC121145966,-,-,-,Un,-,U6 spliceosomal RNA,pseudo,-,-,-,-,20210420,-
130825,121145967,LOC121145967,-,-,-,Un,-,small nucleolar RNA SNORA5,snoRNA,-,-,-,-,20210420,-
130825,121145968,LOC121145968,-,-,-,Un,-,small nucleolar RNA SNORA5,snoRNA,-,-,-,-,20210420,-
130825,121145969,LOC121145969,-,-,-,Un,-,small nucleolar RNA SNORA9,snoRNA,-,-,-,-,20210420,-
130825,121145970,LOC121145970,-,-,-,Un,-,small nucleolar RNA SNORA58,snoRNA,-,-,-,-,20210420,-
130825,121145971,LOC121145971,-,-,-,Un,-,small nucleolar RNA SNORA26,snoRNA,-,-,-,-,20210420,-
130825,121145972,LOC121145972,-,-,-,Un,-,small nucleolar RNA SNORD93,snoRNA,-,-,-,-,20210420,-
130825,121145973,LOC121145973,-,-,-,Un,-,small nucleolar RNA U13,snoRNA,-,-,-,-,20210420,-
130825,121145974,PHF10,-,-,-,Un,-,PHD finger protein 10,protein-coding,-,-,-,PHD finger protein 10,20210420,-
130825,121145975,DYNLT2,-,-,-,Un,-,dynein light chain Tctex-type 2,protein-coding,-,-,-,dynein light chain Tctex-type protein 2,20210420,-
130825,121145976,CUNH6orf120,-,-,-,Un,-,chromosome unknown C6orf120 homolog,protein-coding,-,-,-,UPF0669 protein C6orf120 homolog,20210420,-
130825,121145977,PEX7,-,-,-,Un,-,peroxisomal biogenesis factor 7,protein-coding,-,-,-,peroxisomal biogenesis factor 7,20210420,-
130825,121145978,LOC121145978,-,-,-,Un,-,uncharacterized LOC121145978,ncRNA,-,-,-,-,20210420,-
130825,121145979,SLCO2A1,-,-,-,Un,-,solute carrier organic anion transporter family member 2A1,protein-coding,-,-,-,solute carrier organic anion transporter family member 2A1,20210420,-
130825,121145980,LOC121145980,-,-,-,Un,-,uncharacterized LOC121145980,ncRNA,-,-,-,-,20210420,-
130825,121145981,QKI,-,-,-,Un,-,"QKI, KH domain containing RNA binding",protein-coding,-,-,-,protein quaking,20210420,-
130825,121145982,SYNE1,-,-,-,Un,-,spectrin repeat containing nuclear envelope protein 1,protein-coding,-,-,-,nesprin-1,20210420,-
130825,121145983,PCMT1,-,-,-,Un,-,protein-L-isoaspartate (D-aspartate) O-methyltransferase,protein-coding,-,-,-,protein-L-isoaspartate(D-aspartate) O-methyltransferase,20210420,-
130825,121145984,RAB6B,-,-,-,Un,-,"RAB6B, member RAS oncogene family",protein-coding,-,-,-,ras-related protein Rab-6B,20210501,-
130825,121145985,LOC121145985,-,-,-,Un,-,uncharacterized LOC121145985,ncRNA,-,-,-,-,20210420,-
130825,121145986,NUS1,-,-,-,Un,-,NUS1 dehydrodolichyl diphosphate synthase subunit,protein-coding,-,-,-,dehydrodolichyl diphosphate synthase complex subunit NUS1,20210420,-
130825,121145987,TRMT11,-,-,-,Un,-,tRNA methyltransferase 11 homolog,protein-coding,-,-,-,tRNA (guanine(10)-N2)-methyltransferase homolog,20210420,-
130825,121145988,GJE1,-,-,-,Un,-,gap junction protein epsilon 1,protein-coding,-,-,-,putative gap junction epsilon-1 protein,20210420,-
130825,121145989,HSF2,-,-,-,Un,-,heat shock transcription factor 2,protein-coding,-,-,-,heat shock factor protein 2,20210420,-
130825,121145990,RPS6KA2,-,-,-,Un,-,ribosomal protein S6 kinase A2,protein-coding,-,-,-,ribosomal protein S6 kinase alpha-2,20210420,-
130825,121145991,ENPP1,-,-,-,Un,-,ectonucleotide pyrophosphatase/phosphodiesterase 1,protein-coding,-,-,-,ectonucleotide pyrophosphatase/phosphodiesterase family member 1,20210420,-
130825,121145992,RAB32,-,-,-,Un,-,"RAB32, member RAS oncogene family",protein-coding,-,-,-,ras-related protein Rab-32,20210420,-
130825,121145993,TMEM181,-,-,-,Un,-,transmembrane protein 181,protein-coding,-,-,-,transmembrane protein 181,20210420,-
130825,121145994,CPNE4,-,-,-,Un,-,copine 4,protein-coding,-,-,-,copine-4,20210420,-
130825,121145995,DYNLT1,-,-,-,Un,-,dynein light chain Tctex-type 1,protein-coding,-,-,-,dynein light chain Tctex-type 1,20210612,-
130825,121145996,LATS1,-,-,-,Un,-,large tumor suppressor kinase 1,protein-coding,-,-,-,serine/threonine-protein kinase LATS1,20210420,-
130825,121145997,AFDN,-,-,-,Un,-,"afadin, adherens junction formation factor",protein-coding,-,-,-,afadin,20210420,-
130825,121145998,MYCT1,-,-,-,Un,-,MYC target 1,protein-coding,-,-,-,myc target protein 1,20210420,-
130825,121145999,ARID1B,-,-,-,Un,-,AT-rich interaction domain 1B,protein-coding,-,-,-,AT-rich interactive domain-containing protein 1B,20210420,-
130825,121146000,LOC121146000,-,-,-,Un,-,uncharacterized LOC121146000,ncRNA,-,-,-,-,20210420,-
130825,121146001,ARHGAP18,-,-,-,Un,-,Rho GTPase activating protein 18,protein-coding,-,-,-,rho GTPase-activating protein 18,20210420,-
130825,121146002,PKIB,-,-,-,Un,-,cAMP-dependent protein kinase inhibitor beta,protein-coding,-,-,-,cAMP-dependent protein kinase inhibitor beta,20210420,-
130825,121146003,GINM1,-,-,-,Un,-,glycoprotein integral membrane 1,protein-coding,-,-,-,glycoprotein integral membrane protein 1,20210420,-
130825,121146004,TCP1,-,-,-,Un,-,t-complex 1,protein-coding,-,-,-,T-complex protein 1 subunit alpha,20210420,-
130825,121146005,DAZL,-,-,-,Un,-,deleted in azoospermia like,protein-coding,-,-,-,deleted in azoospermia-like,20210420,-
130825,121146006,ACAT2,-,-,-,Un,-,acetyl-CoA acetyltransferase 2,protein-coding,-,-,-,"acetyl-CoA acetyltransferase, cytosolic",20210420,-
130825,121146007,IFNGR1,-,-,-,Un,-,interferon gamma receptor 1,protein-coding,-,-,-,interferon gamma receptor 1,20210420,-
130825,121146008,LOC121146008,-,-,-,Un,-,40S ribosomal protein S27-like,protein-coding,-,-,-,40S ribosomal protein S27-like,20210420,-
130825,121146009,FAM184A,-,-,-,Un,-,family with sequence similarity 184 member A,protein-coding,-,-,-,protein FAM184A,20210420,-
130825,121146010,RMND1,-,-,-,Un,-,required for meiotic nuclear division 1 homolog,protein-coding,-,-,-,required for meiotic nuclear division protein 1 homolog,20210420,-
130825,121146011,LOC121146011,-,-,-,Un,-,uncharacterized LOC121146011,ncRNA,-,-,-,-,20210420,-
130825,121146012,CLVS2,-,-,-,Un,-,clavesin 2,protein-coding,-,-,-,clavesin-2,20210420,-
130825,121146013,LOC121146013,-,-,-,Un,-,uncharacterized LOC121146013,ncRNA,-,-,-,-,20210420,-
130825,121146014,TNFAIP3,-,-,-,Un,-,TNF alpha induced protein 3,protein-coding,-,-,-,tumor necrosis factor alpha-induced protein 3,20210420,-
130825,121146015,SNX9,-,-,-,Un,-,sorting nexin 9,protein-coding,-,-,-,sorting nexin-9,20210420,-
130825,121146016,LOC121146016,-,-,-,Un,-,"succinate--CoA ligase [GDP-forming] subunit beta, mitochondrial-like",pseudo,-,-,-,-,20210420,-
130825,121146017,GTF2H5,-,-,-,Un,-,general transcription factor IIH subunit 5,protein-coding,-,-,-,general transcription factor IIH subunit 5,20210522,-
130825,121146018,KCNH8,-,-,-,Un,-,potassium voltage-gated channel subfamily H member 8,protein-coding,-,-,-,potassium voltage-gated channel subfamily H member 8,20210420,-
130825,121146019,FAM120B,-,-,-,Un,-,family with sequence similarity 120B,protein-coding,-,-,-,constitutive coactivator of peroxisome proliferator-activated receptor gamma,20210420,-
130825,121146020,ARFGEF3,-,-,-,Un,-,ARFGEF family member 3,protein-coding,-,-,-,brefeldin A-inhibited guanine nucleotide-exchange protein 3,20210420,-
130825,121146021,RNF146,-,-,-,Un,-,ring finger protein 146,protein-coding,-,-,-,E3 ubiquitin-protein ligase RNF146,20210420,-
130825,121146022,SF3B5,-,-,-,Un,-,splicing factor 3b subunit 5,protein-coding,-,-,-,splicing factor 3B subunit 5,20210420,-
130825,121146023,ECHDC1,-,-,-,Un,-,ethylmalonyl-CoA decarboxylase 1,protein-coding,-,-,-,ethylmalonyl-CoA decarboxylase,20210420,-
130825,121146024,LOC121146024,-,-,-,Un,-,T cell activation RhoGTPase activating protein,protein-coding,-,-,-,T-cell activation Rho GTPase-activating protein,20210420,-
130825,121146025,ZNF385D,-,-,-,Un,-,zinc finger protein 385D,protein-coding,-,-,-,zinc finger protein 385D,20210420,-
130825,121146026,PRR18,-,-,-,Un,-,proline rich 18,protein-coding,-,-,-,proline-rich protein 18,20210420,-
130825,121146027,PEX3,-,-,-,Un,-,peroxisomal biogenesis factor 3,protein-coding,-,-,-,peroxisomal biogenesis factor 3,20210420,-
130825,121146028,ADAT2,-,-,-,Un,-,adenosine deaminase tRNA specific 2,protein-coding,-,-,-,tRNA-specific adenosine deaminase 2,20210420,-
130825,121146029,PPIL4,-,-,-,Un,-,peptidylprolyl isomerase like 4,protein-coding,-,-,-,peptidyl-prolyl cis-trans isomerase-like 4,20210420,-
130825,121146030,LOC121146030,-,-,-,Un,-,midkine-like,pseudo,-,-,-,-,20210420,-
130825,121146031,SOD2,-,-,-,Un,-,superoxide dismutase 2,protein-coding,-,-,-,"superoxide dismutase [Mn], mitochondrial",20210420,-
130825,121146032,ZUP1,-,-,-,Un,-,zinc finger containing ubiquitin peptidase 1,protein-coding,-,-,-,zinc finger-containing ubiquitin peptidase 1,20210420,-
130825,121146033,GRM1,-,-,-,Un,-,glutamate metabotropic receptor 1,protein-coding,-,-,-,metabotropic glutamate receptor 1,20210420,-
130825,121146034,LOC121146034,-,-,-,Un,-,uncharacterized LOC121146034,ncRNA,-,-,-,-,20210420,-
130825,121146035,LOC121146035,-,-,-,Un,-,uncharacterized LOC121146035,ncRNA,-,-,-,-,20210420,-
130825,121146036,TAB2,-,-,-,Un,-,TGF-beta activated kinase 1 (MAP3K7) binding protein 2,protein-coding,-,-,-,TGF-beta-activated kinase 1 and MAP3K7-binding protein 2,20210420,-
130825,121146037,SLC35F1,-,-,-,Un,-,solute carrier family 35 member F1,protein-coding,-,-,-,solute carrier family 35 member F1,20210420,-
130825,121146038,EPM2A,-,-,-,Un,-,"EPM2A glucan phosphatase, laforin",protein-coding,-,-,-,laforin,20210420,-
130825,121146039,LOC121146039,-,-,-,Un,-,NADH dehydrogenase [ubiquinone] 1 beta subcomplex subunit 10-like,pseudo,-,-,-,-,20210420,-
130825,121146040,LOC121146040,-,-,-,Un,-,p53 apoptosis effector related to PMP22,protein-coding,-,-,-,p53 apoptosis effector related to PMP-22,20210420,-
130825,121146041,LOC121146041,-,-,-,Un,-,protection of telomeres protein 1-like,protein-coding,-,-,-,LOW QUALITY PROTEIN: protection of telomeres protein 1-like,20210420,-
130825,121146042,ZBTB2,-,-,-,Un,-,zinc finger and BTB domain containing 2,protein-coding,-,-,-,zinc finger and BTB domain-containing protein 2,20210420,-
130825,121146043,HEY2,-,-,-,Un,-,hes related family bHLH transcription factor with YRPW motif 2,protein-coding,-,-,-,hairy/enhancer-of-split related with YRPW motif protein 2,20210420,-
130825,121146044,SERAC1,-,-,-,Un,-,serine active site containing 1,protein-coding,-,-,-,protein SERAC1,20210420,-
130825,121146045,CNKSR3,-,-,-,Un,-,CNKSR family member 3,protein-coding,-,-,-,connector enhancer of kinase suppressor of ras 3,20210420,-
130825,121146046,IPCEF1,-,-,-,Un,-,interaction protein for cytohesin exchange factors 1,protein-coding,-,-,-,interactor protein for cytohesin exchange factors 1,20210420,-
130825,121146047,THRB,-,-,-,Un,-,thyroid hormone receptor beta,protein-coding,-,-,-,thyroid hormone receptor beta,20210420,-
130825,121146048,OPRM1,-,-,-,Un,-,opioid receptor mu 1,protein-coding,-,-,-,mu-type opioid receptor,20210420,-
130825,121146049,LOC121146049,-,-,-,Un,-,protein LEG1 homolog,protein-coding,-,-,-,protein LEG1 homolog,20210420,-
130825,121146050,ROS1,-,-,-,Un,-,"ROS proto-oncogene 1, receptor tyrosine kinase",protein-coding,-,-,-,proto-oncogene tyrosine-protein kinase ROS,20210420,-
130825,121146051,KATNA1,-,-,-,Un,-,katanin catalytic subunit A1,protein-coding,-,-,-,katanin p60 ATPase-containing subunit A1,20210420,-
130825,121146052,LOC121146052,-,-,-,Un,-,uncharacterized LOC121146052,ncRNA,-,-,-,-,20210420,-
130825,121146053,ADGRG6,-,-,-,Un,-,adhesion G protein-coupled receptor G6,protein-coding,-,-,-,adhesion G-protein coupled receptor G6,20210420,-
130825,121146054,FABP7,-,-,-,Un,-,fatty acid binding protein 7,protein-coding,-,-,-,"fatty acid-binding protein, brain",20210420,-
130825,121146055,SMPDL3A,-,-,-,Un,-,sphingomyelin phosphodiesterase acid like 3A,protein-coding,-,-,-,acid sphingomyelinase-like phosphodiesterase 3a,20210420,-
130825,121146056,HDDC2,-,-,-,Un,-,HD domain containing 2,protein-coding,-,-,-,5'-deoxynucleotidase HDDC2,20210420,-
130825,121146057,NHSL1,-,-,-,Un,-,NHS like 1,protein-coding,-,-,-,NHS-like protein 1,20210420,-
130825,121146058,LOC121146058,-,-,-,Un,-,"39S ribosomal protein L13, mitochondrial-like",pseudo,-,-,-,-,20210420,-
130825,121146059,MOXD1,-,-,-,Un,-,monooxygenase DBH like 1,protein-coding,-,-,-,DBH-like monooxygenase protein 1,20210420,-
130825,121146060,TPD52L1,-,-,-,Un,-,TPD52 like 1,protein-coding,-,-,-,tumor protein D53,20210420,-
130825,121146061,SLC22A3,-,-,-,Un,-,solute carrier family 22 member 3,protein-coding,-,-,-,solute carrier family 22 member 3,20210420,-
130825,121146062,LOC121146062,-,-,-,Un,-,ubiquitin-conjugating enzyme E2 variant 2-like,pseudo,-,-,-,-,20210420,-
130825,121146063,EZR,-,-,-,Un,-,ezrin,protein-coding,-,-,-,ezrin,20210420,-
130825,121146064,PLG,-,-,-,Un,-,plasminogen,protein-coding,-,-,-,plasminogen,20210420,-
130825,121146065,PSMB1,-,-,-,Un,-,proteasome 20S subunit beta 1,protein-coding,-,-,-,proteasome subunit beta type-1,20210420,-
130825,121146066,LRRC3B,-,-,-,Un,-,leucine rich repeat containing 3B,protein-coding,-,-,-,leucine-rich repeat-containing protein 3B,20210420,-
130825,121146067,HINT3,-,-,-,Un,-,histidine triad nucleotide binding protein 3,protein-coding,-,-,-,histidine triad nucleotide-binding protein 3,20210420,-
130825,121146068,ERMARD,-,-,-,Un,-,ER membrane associated RNA degradation,protein-coding,-,-,-,endoplasmic reticulum membrane-associated RNA degradation protein,20210420,-
130825,121146069,SFT2D1,-,-,-,Un,-,SFT2 domain containing 1,protein-coding,-,-,-,vesicle transport protein SFT2A,20210420,-
130825,121146070,MYB,-,-,-,Un,-,"MYB proto-oncogene, transcription factor",protein-coding,-,-,-,transcriptional activator Myb,20210420,-
130825,121146071,FAF2,-,-,-,Un,-,Fas associated factor family member 2,protein-coding,-,-,-,FAS-associated factor 2,20210420,-
130825,121146072,NEK10,-,-,-,Un,-,NIMA related kinase 10,protein-coding,-,-,-,serine/threonine-protein kinase Nek10,20210420,-
130825,121146073,ZDHHC14,-,-,-,Un,-,zinc finger DHHC-type palmitoyltransferase 14,protein-coding,-,-,-,palmitoyltransferase ZDHHC14,20210420,-
130825,121146074,RNF217,-,-,-,Un,-,ring finger protein 217,protein-coding,-,-,-,probable E3 ubiquitin-protein ligase RNF217,20210420,-
130825,121146075,RFX6,-,-,-,Un,-,regulatory factor X6,protein-coding,-,-,-,DNA-binding protein RFX6,20210420,-
130825,121146076,ALDH8A1,-,-,-,Un,-,aldehyde dehydrogenase 8 family member A1,protein-coding,-,-,-,2-aminomuconic semialdehyde dehydrogenase,20210420,-
130825,121146077,PPP1R14C,-,-,-,Un,-,protein phosphatase 1 regulatory inhibitor subunit 14C,protein-coding,-,-,-,protein phosphatase 1 regulatory subunit 14C,20210420,-
130825,121146078,PDE7B,-,-,-,Un,-,phosphodiesterase 7B,protein-coding,-,-,-,"cAMP-specific 3',5'-cyclic phosphodiesterase 7B",20210420,-
130825,121146079,LTV1,-,-,-,Un,-,LTV1 ribosome biogenesis factor,protein-coding,-,-,-,protein LTV1 homolog,20210420,-
130825,121146080,ZC2HC1B,-,-,-,Un,-,zinc finger C2HC-type containing 1B,protein-coding,-,-,-,zinc finger C2HC domain-containing protein 1B,20210420,-
130825,121146081,LRP11,-,-,-,Un,-,LDL receptor related protein 11,protein-coding,-,-,-,low-density lipoprotein receptor-related protein 11,20210420,-
130825,121146082,LOC121146082,-,-,-,Un,-,sialomucin core protein 24-like,pseudo,-,-,-,-,20210420,-
130825,121146083,CITED2,-,-,-,Un,-,Cbp/p300 interacting transactivator with Glu/Asp rich carboxy-terminal domain 2,protein-coding,-,-,-,cbp/p300-interacting transactivator 2,20210420,-
130825,121146084,DCBLD1,-,-,-,Un,-,"discoidin, CUB and LCCL domain containing 1",protein-coding,-,-,-,"discoidin, CUB and LCCL domain-containing protein 1",20210420,-
130825,121146085,TMEM242,-,-,-,Un,-,transmembrane protein 242,protein-coding,-,-,-,transmembrane protein 242,20210420,-
130825,121146086,RNASET2,-,-,-,Un,-,ribonuclease T2,protein-coding,-,-,-,ribonuclease T2,20210420,-
130825,121146087,HEBP2,-,-,-,Un,-,heme binding protein 2,protein-coding,-,-,-,heme-binding protein 2,20210420,-
130825,121146088,WDR27,-,-,-,Un,-,WD repeat domain 27,protein-coding,-,-,-,WD repeat-containing protein 27,20210420,-
130825,121146089,DLL1,-,-,-,Un,-,delta like canonical Notch ligand 1,protein-coding,-,-,-,delta-like protein 1,20210420,-
130825,121146090,LOC121146090,-,-,-,Un,-,uncharacterized LOC121146090,protein-coding,-,-,-,uncharacterized protein LOC121146090,20210420,-
130825,121146091,LOC121146091,-,-,-,Un,-,rho GTPase-activating protein 20-like,protein-coding,-,-,-,rho GTPase-activating protein 20-like,20210420,-
130825,121146092,PDE10A,-,-,-,Un,-,phosphodiesterase 10A,protein-coding,-,-,-,"cAMP and cAMP-inhibited cGMP 3',5'-cyclic phosphodiesterase 10A",20210420,-
130825,121146093,LOC121146093,-,-,-,Un,-,uncharacterized LOC121146093,ncRNA,-,-,-,-,20210420,-
130825,121146094,L3MBTL3,-,-,-,Un,-,L3MBTL histone methyl-lysine binding protein 3,protein-coding,-,-,-,lethal(3)malignant brain tumor-like protein 3,20210420,-
130825,121146095,SAMD3,-,-,-,Un,-,sterile alpha motif domain containing 3,protein-coding,-,-,-,LOW QUALITY PROTEIN: sterile alpha motif domain-containing protein 3,20210420,-
130825,121146096,TRIM71,-,-,-,Un,-,tripartite motif containing 71,protein-coding,-,-,-,E3 ubiquitin-protein ligase TRIM71,20210420,-
130825,121146097,ARMT1,-,-,-,Un,-,acidic residue methyltransferase 1,protein-coding,-,-,-,damage-control phosphatase ARMT1,20210420,-
130825,121146098,LOC121146098,-,-,-,Un,-,vasoactive intestinal peptide,protein-coding,-,-,-,VIP peptides,20210420,-
130825,121146099,SMOC2,-,-,-,Un,-,SPARC related modular calcium binding 2,protein-coding,-,-,-,SPARC-related modular calcium-binding protein 2,20210420,-
130825,121146100,CCDC28A,-,-,-,Un,-,coiled-coil domain containing 28A,protein-coding,-,-,-,coiled-coil domain-containing protein 28A,20210420,-
130825,121146101,LOC121146101,-,-,-,Un,-,uncharacterized LOC121146101,ncRNA,-,-,-,-,20210420,-
130825,121146102,NKAIN2,-,-,-,Un,-,sodium/potassium transporting ATPase interacting 2,protein-coding,-,-,-,sodium/potassium-transporting ATPase subunit beta-1-interacting protein 2,20210420,-
130825,121146103,SYTL3,-,-,-,Un,-,synaptotagmin like 3,protein-coding,-,-,-,synaptotagmin-like protein 3,20210420,-
130825,121146104,LOC121146104,-,-,-,Un,-,uncharacterized LOC121146104,ncRNA,-,-,-,-,20210420,-
130825,121146105,TAAR5,-,-,-,Un,-,trace amine associated receptor 5,protein-coding,-,-,-,trace amine-associated receptor 5,20210420,-
130825,121146106,ARG1,-,-,-,Un,-,arginase 1,protein-coding,-,-,-,arginase-1,20210420,-
130825,121146107,TBXT,-,-,-,Un,-,T-box transcription factor T,protein-coding,-,-,-,T-box transcription factor T,20210420,-
130825,121146108,TCF21,-,-,-,Un,-,transcription factor 21,protein-coding,-,-,-,transcription factor 21,20210420,-
130825,121146109,DCLK3,-,-,-,Un,-,doublecortin like kinase 3,protein-coding,-,-,-,serine/threonine-protein kinase DCLK3,20210420,-
130825,121146110,SYNJ2,-,-,-,Un,-,synaptojanin 2,protein-coding,-,-,-,synaptojanin-2,20210420,-
130825,121146111,CEP43,-,-,-,Un,-,centrosomal protein 43,protein-coding,-,-,-,centrosomal protein 43,20210420,-
130825,121146112,ABRACL,-,-,-,Un,-,ABRA C-terminal like,protein-coding,-,-,-,costars family protein ABRACL,20210420,-
130825,121146113,RSPH3,-,-,-,Un,-,radial spoke head 3,protein-coding,-,-,-,radial spoke head protein 3 homolog,20210420,-
130825,121146114,LOC121146114,-,-,-,Un,-,uncharacterized LOC121146114,ncRNA,-,-,-,-,20210420,-
130825,121146115,HECA,-,-,-,Un,-,"hdc homolog, cell cycle regulator",protein-coding,-,-,-,headcase protein homolog,20210420,-
130825,121146116,MAP3K5,-,-,-,Un,-,mitogen-activated protein kinase kinase kinase 5,protein-coding,-,-,-,mitogen-activated protein kinase kinase kinase 5,20210420,-
130825,121146117,STAC,-,-,-,Un,-,SH3 and cysteine rich domain,protein-coding,-,-,-,SH3 and cysteine-rich domain-containing protein|SH3 and cysteine rich domain protein,20210420,-
130825,121146118,ESR1,-,-,-,Un,-,estrogen receptor 1,protein-coding,-,-,-,estrogen receptor,20210420,-
130825,121146119,HIVEP2,-,-,-,Un,-,HIVEP zinc finger 2,protein-coding,-,-,-,transcription factor HIVEP2,20210420,-
130825,121146120,EYA4,-,-,-,Un,-,EYA transcriptional coactivator and phosphatase 4,protein-coding,-,-,-,eyes absent homolog 4,20210420,-
130825,121146121,LOC121146121,-,-,-,Un,-,40S ribosomal protein S4-like,pseudo,-,-,-,-,20210420,-
130825,121146122,LOC121146122,-,-,-,Un,-,40S ribosomal protein S12,protein-coding,-,-,-,40S ribosomal protein S12,20210424,-
130825,121146123,UST,-,-,-,Un,-,uronyl 2-sulfotransferase,protein-coding,-,-,-,uronyl 2-sulfotransferase,20210420,-
130825,121146124,TBC1D32,-,-,-,Un,-,TBC1 domain family member 32,protein-coding,-,-,-,LOW QUALITY PROTEIN: protein broad-minded,20210420,-
130825,121146125,AGPAT4,-,-,-,Un,-,1-acylglycerol-3-phosphate O-acyltransferase 4,protein-coding,-,-,-,1-acyl-sn-glycerol-3-phosphate acyltransferase delta,20210420,-
130825,121146126,LOC121146126,-,-,-,Un,-,trace amine-associated receptor 6,protein-coding,-,-,-,trace amine-associated receptor 6,20210420,-
130825,121146127,MPC1,-,-,-,Un,-,mitochondrial pyruvate carrier 1,protein-coding,-,-,-,mitochondrial pyruvate carrier 1,20210420,-
130825,121146128,CTDSPL,-,-,-,Un,-,CTD small phosphatase like,protein-coding,-,-,-,CTD small phosphatase-like protein,20210420,-
130825,121146129,PNLDC1,-,-,-,Un,-,PARN like ribonuclease domain containing exonuclease 1,protein-coding,-,-,-,poly(A)-specific ribonuclease PNLDC1,20210420,-
130825,121146130,LOC121146130,-,-,-,Un,-,trace amine-associated receptor 2,protein-coding,-,-,-,trace amine-associated receptor 2,20210420,-
130825,121146131,CCR6,-,-,-,Un,-,C-C motif chemokine receptor 6,protein-coding,-,-,-,C-C chemokine receptor type 6,20210420,-
130825,121146132,RGS17,-,-,-,Un,-,regulator of G protein signaling 17,protein-coding,-,-,-,regulator of G-protein signaling 17,20210420,-
130825,121146133,SAMD5,-,-,-,Un,-,sterile alpha motif domain containing 5,protein-coding,-,-,-,sterile alpha motif domain-containing protein 5,20210420,-
130825,121146134,LOC121146134,-,-,-,Un,-,"adenylate kinase 2, mitochondrial-like",pseudo,-,-,-,-,20210420,-
130825,121146135,SLC22A1,-,-,-,Un,-,solute carrier family 22 member 1,protein-coding,-,-,-,solute carrier family 22 member 1,20210420,-
130825,121146136,MRPL18,-,-,-,Un,-,mitochondrial ribosomal protein L18,protein-coding,-,-,-,"39S ribosomal protein L18, mitochondrial",20210420,-
130825,121146137,NUP43,-,-,-,Un,-,nucleoporin 43,protein-coding,-,-,-,nucleoporin Nup43,20210420,-
130825,121146138,LOC121146138,-,-,-,Un,-,trace amine-associated receptor 8-like,protein-coding,-,-,-,trace amine-associated receptor 8-like,20210420,-
130825,121146139,NMBR,-,-,-,Un,-,neuromedin B receptor,protein-coding,-,-,-,neuromedin-B receptor,20210420,-
130825,121146140,CENPW,-,-,-,Un,-,centromere protein W,protein-coding,-,-,-,centromere protein W,20210420,-
130825,121146141,SCN11A,-,-,-,Un,-,sodium voltage-gated channel alpha subunit 11,protein-coding,-,-,-,sodium channel protein type 11 subunit alpha,20210420,-
130825,121146142,LOC121146142,-,-,-,Un,-,40S ribosomal protein S12-like,pseudo,-,-,-,-,20210420,-
130825,121146143,TRDN,-,-,-,Un,-,triadin,protein-coding,-,-,-,triadin,20210420,-
130825,121146144,LOC121146144,-,-,-,Un,-,uncharacterized LOC121146144,ncRNA,-,-,-,-,20210420,-
130825,121146145,PLAGL1,-,-,-,Un,-,PLAG1 like zinc finger 1,protein-coding,-,-,-,LOW QUALITY PROTEIN: zinc finger protein PLAGL1,20210420,-
130825,121146146,LOC121146146,-,-,-,Un,-,protein LEG1 homolog,protein-coding,-,-,-,protein LEG1 homolog,20210420,-
130825,121146147,CUNH6orf58,-,-,-,Un,-,chromosome unknown C6orf58 homolog,protein-coding,-,-,-,protein LEG1 homolog,20210420,-
130825,121146148,SASH1,-,-,-,Un,-,SAM and SH3 domain containing 1,protein-coding,-,-,-,SAM and SH3 domain-containing protein 1,20210420,-
130825,121146149,RSPO3,-,-,-,Un,-,R-spondin 3,protein-coding,-,-,-,R-spondin-3,20210420,-
130825,121146150,AKAP12,-,-,-,Un,-,A-kinase anchoring protein 12,protein-coding,-,-,-,A-kinase anchor protein 12,20210420,-
130825,121146151,SCN10A,-,-,-,Un,-,sodium voltage-gated channel alpha subunit 10,protein-coding,-,-,-,sodium channel protein type 10 subunit alpha,20210420,-
130825,121146152,MTRF1L,-,-,-,Un,-,mitochondrial translation release factor 1 like,protein-coding,-,-,-,"peptide chain release factor 1-like, mitochondrial",20210420,-
130825,121146153,FBXO5,-,-,-,Un,-,F-box protein 5,protein-coding,-,-,-,F-box only protein 5,20210420,-
130825,121146154,CCN2,-,-,-,Un,-,cellular communication network factor 2,protein-coding,-,-,-,CCN family member 2,20210420,-
130825,121146155,LOC121146155,-,-,-,Un,-,trace amine-associated receptor 3,protein-coding,-,-,-,trace amine-associated receptor 3,20210420,-
130825,121146156,IYD,-,-,-,Un,-,iodotyrosine deiodinase,protein-coding,-,-,-,LOW QUALITY PROTEIN: iodotyrosine deiodinase 1,20210420,-
130825,121146157,LOC121146157,-,-,-,Un,-,uncharacterized LOC121146157,ncRNA,-,-,-,-,20210420,-
130825,121146158,RSPH4A,-,-,-,Un,-,radial spoke head component 4A,protein-coding,-,-,-,radial spoke head protein 4 homolog A,20210420,-
130825,121146159,LOC121146159,-,-,-,Un,-,60S ribosomal protein L22-like 1,pseudo,-,-,-,-,20210420,-
130825,121146160,SERINC1,-,-,-,Un,-,serine incorporator 1,protein-coding,-,-,-,serine incorporator 1,20210420,-
130825,121146161,LOC121146161,-,-,-,Un,-,NADH dehydrogenase [ubiquinone] 1 alpha subcomplex subunit 5-like,pseudo,-,-,-,-,20210420,-
130825,121146162,SOGA3,-,-,-,Un,-,SOGA family member 3,protein-coding,-,-,-,protein SOGA3,20210420,-
130825,121146163,KIAA0408,-,-,-,Un,-,KIAA0408 ortholog,protein-coding,-,-,-,uncharacterized protein KIAA0408 homolog,20210420,-
130825,121146164,GJA1,-,-,-,Un,-,gap junction protein alpha 1,protein-coding,-,-,-,gap junction alpha-1 protein,20210420,-
130825,121146165,PLEKHG1,-,-,-,Un,-,pleckstrin homology and RhoGEF domain containing G1,protein-coding,-,-,-,pleckstrin homology domain-containing family G member 1,20210420,-
130825,121146166,LOC121146166,-,-,-,Un,-,uncharacterized LOC121146166,ncRNA,-,-,-,-,20210420,-
130825,121146167,LOC121146167,-,-,-,Un,-,MFS-type transporter SLC18B1-like,protein-coding,-,-,-,MFS-type transporter SLC18B1-like,20210420,-
130825,121146168,LOC121146168,-,-,-,Un,-,uncharacterized LOC121146168,protein-coding,-,-,-,uncharacterized protein LOC121146168,20210420,-
130825,121146169,HBS1L,-,-,-,Un,-,HBS1 like translational GTPase,protein-coding,-,-,-,HBS1-like protein,20210420,-
130825,121146170,PACRG,-,-,-,Un,-,parkin coregulated,protein-coding,-,-,-,parkin coregulated gene protein,20210420,-
130825,121146171,LOC121146171,-,-,-,Un,-,uncharacterized LOC121146171,ncRNA,-,-,-,-,20210420,-
130825,121146172,MTFR2,-,-,-,Un,-,mitochondrial fission regulator 2,protein-coding,-,-,-,mitochondrial fission regulator 2,20210420,-
130825,121146173,ECT2L,-,-,-,Un,-,epithelial cell transforming 2 like,protein-coding,-,-,-,epithelial cell-transforming sequence 2 oncogene-like,20210420,-
130825,121146174,REPS1,-,-,-,Un,-,RALBP1 associated Eps domain containing 1,protein-coding,-,-,-,ralBP1-associated Eps domain-containing protein 1,20210420,-
130825,121146175,SCN5A,-,-,-,Un,-,sodium voltage-gated channel alpha subunit 5,protein-coding,-,-,-,sodium channel protein type 5 subunit alpha,20210420,-
130825,121146176,IL20RA,-,-,-,Un,-,interleukin 20 receptor subunit alpha,protein-coding,-,-,-,interleukin-20 receptor subunit alpha,20210420,-
130825,121146177,LOC121146177,-,-,-,Un,-,UL16-binding protein 1-like,protein-coding,-,-,-,UL16-binding protein 1-like,20210420,-
130825,121146178,LOC121146178,-,-,-,Un,-,UL16-binding protein 1-like,protein-coding,-,-,-,UL16-binding protein 1-like,20210420,-
130825,121146179,LOC121146179,-,-,-,Un,-,UL16-binding protein 1-like,protein-coding,-,-,-,UL16-binding protein 1-like,20210420,-
130825,121146180,LOC121146180,-,-,-,Un,-,uncharacterized LOC121146180,ncRNA,-,-,-,-,20210420,-
130825,121146181,LOC121146181,-,-,-,Un,-,uncharacterized LOC121146181,ncRNA,-,-,-,-,20210420,-
130825,121146182,LOC121146182,-,-,-,Un,-,uncharacterized LOC121146182,ncRNA,-,-,-,-,20210420,-
130825,121146183,LOC121146183,-,-,-,Un,-,uncharacterized LOC121146183,ncRNA,-,-,-,-,20210420,-
130825,121146184,LOC121146184,-,-,-,Un,-,uncharacterized LOC121146184,ncRNA,-,-,-,-,20210420,-
130825,121146185,SLC35D3,-,-,-,Un,-,solute carrier family 35 member D3,protein-coding,-,-,-,solute carrier family 35 member D3,20210420,-
130825,121146186,MAS1,-,-,-,Un,-,"MAS1 proto-oncogene, G protein-coupled receptor",protein-coding,-,-,-,LOW QUALITY PROTEIN: proto-oncogene Mas,20210420,-
130825,121146187,VGLL2,-,-,-,Un,-,vestigial like family member 2,protein-coding,-,-,-,transcription cofactor vestigial-like protein 2,20210420,-
130825,121146188,SHPRH,-,-,-,Un,-,SNF2 histone linker PHD RING helicase,protein-coding,-,-,-,E3 ubiquitin-protein ligase SHPRH,20210420,-
130825,121146189,LOC121146189,-,-,-,Un,-,uncharacterized LOC121146189,ncRNA,-,-,-,-,20210420,-
130825,121146190,TMEM200A,-,-,-,Un,-,transmembrane protein 200A,protein-coding,-,-,-,transmembrane protein 200A,20210420,-
130825,121146191,AIG1,-,-,-,Un,-,androgen induced 1,protein-coding,-,-,-,androgen-induced gene 1 protein,20210529,-
130825,121146192,MCM9,-,-,-,Un,-,minichromosome maintenance 9 homologous recombination repair factor,protein-coding,-,-,-,DNA helicase MCM9,20210420,-
130825,121146193,ASF1A,-,-,-,Un,-,anti-silencing function 1A histone chaperone,protein-coding,-,-,-,histone chaperone ASF1A,20210424,-
130825,121146194,BCLAF1,-,-,-,Un,-,BCL2 associated transcription factor 1,protein-coding,-,-,-,bcl-2-associated transcription factor 1,20210420,-
130825,121146195,LOC121146195,-,-,-,Un,-,uncharacterized LOC121146195,ncRNA,-,-,-,-,20210420,-
130825,121146196,CEP85L,-,-,-,Un,-,centrosomal protein 85 like,protein-coding,-,-,-,centrosomal protein of 85 kDa-like,20210420,-
130825,121146197,CLTB,-,-,-,Un,-,clathrin light chain B,protein-coding,-,-,-,clathrin light chain B,20210420,-
130825,121146198,PLN,-,-,-,Un,-,phospholamban,protein-coding,-,-,-,cardiac phospholamban,20210501,-
130825,121146199,LOC121146199,-,-,-,Un,-,uncharacterized LOC121146199,ncRNA,-,-,-,-,20210420,-
130825,121146200,IGF2R,-,-,-,Un,-,insulin like growth factor 2 receptor,protein-coding,-,-,-,cation-independent mannose-6-phosphate receptor,20210420,-
130825,121146201,VNN1,-,-,-,Un,-,vanin 1,protein-coding,-,-,-,pantetheinase,20210420,-
130825,121146202,LOC121146202,-,-,-,Un,-,trace amine-associated receptor 4-like,protein-coding,-,-,-,LOW QUALITY PROTEIN: trace amine-associated receptor 4-like,20210420,-
130825,121146203,MTHFD1L,-,-,-,Un,-,methylenetetrahydrofolate dehydrogenase (NADP+ dependent) 1 like,protein-coding,-,-,-,"monofunctional C1-tetrahydrofolate synthase, mitochondrial",20210420,-
130825,121146204,EPB41L2,-,-,-,Un,-,erythrocyte membrane protein band 4.1 like 2,protein-coding,-,-,-,band 4.1-like protein 2,20210420,-
130825,121146205,LOC121146205,-,-,-,Un,-,band 4.1-like protein 3,protein-coding,-,-,-,band 4.1-like protein 3,20210420,-
130825,121146206,CUNH6orf118,-,-,-,Un,-,chromosome unknown C6orf118 homolog,protein-coding,-,-,-,uncharacterized protein C6orf118 homolog,20210420,-
130825,121146207,LOC121146207,-,-,-,Un,-,uncharacterized LOC121146207,ncRNA,-,-,-,-,20210420,-
130825,121146208,THEMIS,-,-,-,Un,-,thymocyte selection associated,protein-coding,-,-,-,protein THEMIS,20210420,-
130825,121146209,MAN1A1,-,-,-,Un,-,mannosidase alpha class 1A member 1,protein-coding,-,-,-,"mannosyl-oligosaccharide 1,2-alpha-mannosidase IA",20210420,-
130825,121146210,LOC121146210,-,-,-,Un,-,mediator of RNA polymerase II transcription subunit 28-like,pseudo,-,-,-,-,20210420,-
130825,121146211,TIAM2,-,-,-,Un,-,TIAM Rac1 associated GEF 2,protein-coding,-,-,-,LOW QUALITY PROTEIN: T-lymphoma invasion and metastasis-inducing protein 2,20210420,-
130825,121146212,TFB1M,-,-,-,Un,-,"transcription factor B1, mitochondrial",protein-coding,-,-,-,"dimethyladenosine transferase 1, mitochondrial",20210420,-
130825,121146213,CLDN20,-,-,-,Un,-,claudin 20,protein-coding,-,-,-,claudin-20,20210420,-
130825,121146214,LOC121146214,-,-,-,Un,-,uncharacterized LOC121146214,ncRNA,-,-,-,-,20210420,-
130825,121146215,LOC121146215,-,-,-,Un,-,nephrocan-like,protein-coding,-,-,-,nephrocan-like,20210420,-
130825,121146216,GOPC,-,-,-,Un,-,golgi associated PDZ and coiled-coil motif containing,protein-coding,-,-,-,Golgi-associated PDZ and coiled-coil motif-containing protein,20210420,-
130825,121146217,OLIG3,-,-,-,Un,-,oligodendrocyte transcription factor 3,protein-coding,-,-,-,oligodendrocyte transcription factor 3,20210420,-
130825,121146218,LOC121146218,-,-,-,Un,-,WT1 associated protein,protein-coding,-,-,-,pre-mRNA-splicing regulator WTAP,20210420,-
130825,121146219,MAP3K4,-,-,-,Un,-,mitogen-activated protein kinase kinase kinase 4,protein-coding,-,-,-,mitogen-activated protein kinase kinase kinase 4,20210420,-
130825,121146220,UTRN,-,-,-,Un,-,utrophin,protein-coding,-,-,-,utrophin,20210420,-
130825,121146221,STX7,-,-,-,Un,-,syntaxin 7,protein-coding,-,-,-,syntaxin-7,20210420,-
130825,121146222,SLC2A12,-,-,-,Un,-,solute carrier family 2 member 12,protein-coding,-,-,-,"solute carrier family 2, facilitated glucose transporter member 12",20210420,-
130825,121146223,TBPL1,-,-,-,Un,-,TATA-box binding protein like 1,protein-coding,-,-,-,TATA box-binding protein-like 1,20210522,-
130825,121146224,LOC121146224,-,-,-,Un,-,uncharacterized LOC121146224,ncRNA,-,-,-,-,20210420,-
130825,121146225,STXBP5,-,-,-,Un,-,syntaxin binding protein 5,protein-coding,-,-,-,syntaxin-binding protein 5,20210420,-
130825,121146226,FAM162B,-,-,-,Un,-,family with sequence similarity 162 member B,protein-coding,-,-,-,protein FAM162B,20210420,-
130825,121146227,STX11,-,-,-,Un,-,syntaxin 11,protein-coding,-,-,-,syntaxin-11,20210420,-
130825,121146228,MED23,-,-,-,Un,-,mediator complex subunit 23,protein-coding,-,-,-,mediator of RNA polymerase II transcription subunit 23,20210420,-
130825,121146229,AHI1,-,-,-,Un,-,Abelson helper integration site 1,protein-coding,-,-,-,jouberin,20210420,-
130825,121146230,TULP4,-,-,-,Un,-,TUB like protein 4,protein-coding,-,-,-,tubby-related protein 4,20210420,-
130825,121146231,PTPRK,-,-,-,Un,-,protein tyrosine phosphatase receptor type K,protein-coding,-,-,-,receptor-type tyrosine-protein phosphatase kappa,20210420,-
130825,121146232,ACVR2B,-,-,-,Un,-,activin A receptor type 2B,protein-coding,-,-,-,activin receptor type-2B,20210420,-
130825,121146233,ZC3H12D,-,-,-,Un,-,zinc finger CCCH-type containing 12D,protein-coding,-,-,-,probable ribonuclease ZC3H12D,20210420,-
130825,121146234,LOC121146234,-,-,-,Un,-,mesoderm-specific transcript homolog protein-like,pseudo,-,-,-,-,20210420,-
130825,121146235,LOC121146235,-,-,-,Un,-,synaptonemal complex central element protein 1-like,pseudo,-,-,-,-,20210420,-
130825,121146236,LOC121146236,-,-,-,Un,-,protein CDV3 homolog,pseudo,-,-,-,-,20210420,-
130825,121146237,LOC121146237,-,-,-,Un,-,protein CDV3 homolog,pseudo,-,-,-,-,20210420,-
130825,121146238,LOC121146238,-,-,-,Un,-,"10 kDa heat shock protein, mitochondrial-like",protein-coding,-,-,-,"10 kDa heat shock protein, mitochondrial-like",20210420,-
130825,121146239,LOC121146239,-,-,-,Un,-,cytochrome c-like,pseudo,-,-,-,-,20210420,-
130825,121146240,LOC121146240,-,-,-,Un,-,rRNA-processing protein FCF1 homolog,pseudo,-,-,-,-,20210420,-
130825,121146241,LOC121146241,-,-,-,Un,-,ubiquitin thioesterase OTUB1-like,pseudo,-,-,-,-,20210420,-
130825,121146242,GPRC6A,-,-,-,Un,-,G protein-coupled receptor class C group 6 member A,protein-coding,-,-,-,LOW QUALITY PROTEIN: G-protein coupled receptor family C group 6 member A,20210420,-
130825,121146243,LOC121146243,-,-,-,Un,-,uncharacterized LOC121146243,pseudo,-,-,-,-,20210420,-
130825,121146244,LOC121146244,-,-,-,Un,-,membrane cofactor protein-like,protein-coding,-,-,-,membrane cofactor protein-like,20210420,-
130825,121146245,LOC121146245,-,-,-,Un,-,membrane cofactor protein-like,protein-coding,-,-,-,membrane cofactor protein-like,20210420,-
130825,121146246,LOC121146246,-,-,-,Un,-,securin-like,protein-coding,-,-,-,securin-like,20210420,-
130825,121146247,LOC121146247,-,-,-,Un,-,"ATP synthase subunit g, mitochondrial-like",pseudo,-,-,-,-,20210420,-
130825,121146248,LOC121146248,-,-,-,Un,-,60S ribosomal protein L37a-like,pseudo,-,-,-,-,20210420,-
130825,121146249,LOC121146249,-,-,-,Un,-,eukaryotic translation initiation factor 3 subunit H-like,pseudo,-,-,-,-,20210420,-
130825,121146250,XYLB,-,-,-,Un,-,xylulokinase,protein-coding,-,-,-,xylulose kinase,20210420,-
130825,121146251,LOC121146251,-,-,-,Un,-,anion exchange protein 2-like,pseudo,-,-,-,-,20210420,-
130825,121146252,LOC121146252,-,-,-,Un,-,60S ribosomal protein L24-like,pseudo,-,-,-,-,20210420,-
130825,121146253,LOC121146253,-,-,-,Un,-,hyaluronan mediated motility receptor-like,pseudo,-,-,-,-,20210420,-
130825,121146254,LAMA2,-,-,-,Un,-,laminin subunit alpha 2,protein-coding,-,-,-,laminin subunit alpha-2,20210420,-
130825,121146255,TMEM244,-,-,-,Un,-,transmembrane protein 244,protein-coding,-,-,-,transmembrane protein 244,20210420,-
130825,121146256,LOC121146256,-,-,-,Un,-,5'-nucleotidase domain-containing protein 1-like,pseudo,-,-,-,-,20210420,-
130825,121146257,LOC121146257,-,-,-,Un,-,DDB1- and CUL4-associated factor 13-like,pseudo,-,-,-,-,20210420,-
130825,121146258,LOC121146258,-,-,-,Un,-,translation initiation factor IF-2-like,protein-coding,-,-,-,translation initiation factor IF-2-like,20210420,-
130825,121146259,LOC121146259,-,-,-,Un,-,uncharacterized protein C3orf26 homolog,pseudo,-,-,-,-,20210420,-
130825,121146260,ENPP3,-,-,-,Un,-,ectonucleotide pyrophosphatase/phosphodiesterase 3,protein-coding,-,-,-,ectonucleotide pyrophosphatase/phosphodiesterase family member 3,20210420,-
130825,121146261,LOC121146261,-,-,-,Un,-,U2 spliceosomal RNA,pseudo,-,-,-,-,20210420,-
130825,121146262,LOC121146262,-,-,-,Un,-,60S ribosomal protein L36a-like,pseudo,-,-,-,-,20210420,-
130825,121146263,LOC121146263,-,-,-,Un,-,NTF2-related export protein 2-like,protein-coding,-,-,-,NTF2-related export protein 2-like,20210420,-
130825,121146264,LOC121146264,-,-,-,Un,-,MFS-type transporter SLC18B1-like,protein-coding,-,-,-,MFS-type transporter SLC18B1-like,20210420,-
130825,121146265,LOC121146265,-,-,-,Un,-,60S ribosomal protein L6-like,pseudo,-,-,-,-,20210420,-
130825,121146266,MAP7,-,-,-,Un,-,microtubule associated protein 7,protein-coding,-,-,-,ensconsin,20210420,-
130825,121146267,IL22RA2,-,-,-,Un,-,interleukin 22 receptor subunit alpha 2,protein-coding,-,-,-,interleukin-22 receptor subunit alpha-2,20210420,-
130825,121146268,SMIM28,-,-,-,Un,-,small integral membrane protein 28,protein-coding,-,-,-,small integral membrane protein 28,20210420,-
130825,121146269,LOC121146269,-,-,-,Un,-,U2 spliceosomal RNA,pseudo,-,-,-,-,20210420,-
130825,121146270,VTA1,-,-,-,Un,-,vesicle trafficking 1,protein-coding,-,-,-,vacuolar protein sorting-associated protein VTA1 homolog,20210420,-
130825,121146271,TXLNB,-,-,-,Un,-,taxilin beta,protein-coding,-,-,-,beta-taxilin,20210420,-
130825,121146272,PHACTR2,-,-,-,Un,-,phosphatase and actin regulator 2,protein-coding,-,-,-,phosphatase and actin regulator 2,20210420,-
130825,121146273,FUCA2,-,-,-,Un,-,alpha-L-fucosidase 2,protein-coding,-,-,-,plasma alpha-L-fucosidase,20210420,-
130825,121146274,LOC121146274,-,-,-,Un,-,chromobox protein homolog 3-like,pseudo,-,-,-,-,20210420,-
130825,121146275,LOC121146275,-,-,-,Un,-,U4 spliceosomal RNA,snRNA,-,-,-,-,20210420,-
130825,121146276,ADGB,-,-,-,Un,-,androglobin,protein-coding,-,-,-,androglobin,20210420,-
130825,121146277,LOC121146277,-,-,-,Un,-,uncharacterized LOC121146277,protein-coding,-,-,-,uncharacterized protein LOC121146277,20210420,-
130825,121146278,CCDC170,-,-,-,Un,-,coiled-coil domain containing 170,protein-coding,-,-,-,coiled-coil domain-containing protein 170,20210420,-
130825,121146279,SGK1,-,-,-,Un,-,serum/glucocorticoid regulated kinase 1,protein-coding,-,-,-,serine/threonine-protein kinase Sgk1,20210420,-
130825,121146280,LOC121146280,-,-,-,Un,-,U6 spliceosomal RNA,snRNA,-,-,-,-,20210420,-
130825,121146281,NOX3,-,-,-,Un,-,NADPH oxidase 3,protein-coding,-,-,-,NADPH oxidase 3,20210420,-
130825,121146282,FNDC1,-,-,-,Un,-,fibronectin type III domain containing 1,protein-coding,-,-,-,fibronectin type III domain-containing protein 1,20210420,-
130825,121146283,SLC22A2,-,-,-,Un,-,solute carrier family 22 member 2,protein-coding,-,-,-,solute carrier family 22 member 2,20210420,-
130825,121146284,PRKN,-,-,-,Un,-,parkin RBR E3 ubiquitin protein ligase,protein-coding,-,-,-,E3 ubiquitin-protein ligase parkin,20210420,-
130825,121146285,LOC121146285,-,-,-,Un,-,centromere protein J-like,protein-coding,-,-,-,centromere protein J-like,20210420,-
130825,121146286,UNC93A,-,-,-,Un,-,unc-93 homolog A,protein-coding,-,-,-,protein unc-93 homolog A,20210420,-
130825,121146287,AKAP7,-,-,-,Un,-,A-kinase anchoring protein 7,protein-coding,-,-,-,A-kinase anchoring protein 7,20210420,-
130825,121146288,LOC121146288,-,-,-,Un,-,U6 spliceosomal RNA,snRNA,-,-,-,-,20210420,-
130825,121146289,KIF25,-,-,-,Un,-,kinesin family member 25,protein-coding,-,-,-,kinesin-like protein KIF25,20210420,-
130825,121146290,DACT2,-,-,-,Un,-,dishevelled binding antagonist of beta catenin 2,protein-coding,-,-,-,dapper homolog 2,20210420,-
130825,121146291,THBS2,-,-,-,Un,-,thrombospondin 2,protein-coding,-,-,-,thrombospondin-2,20210420,-
130825,121146292,LOC121146292,-,-,-,Un,-,U6 spliceosomal RNA,snRNA,-,-,-,-,20210420,-
130825,121146293,PDCD2,-,-,-,Un,-,programmed cell death 2,protein-coding,-,-,-,programmed cell death protein 2,20210420,-
130825,121146294,LOC121146294,-,-,-,Un,-,TATA-box binding protein,protein-coding,-,-,-,TATA-box-binding protein,20210420,-
130825,121146295,NCOA7,-,-,-,Un,-,nuclear receptor coactivator 7,protein-coding,-,-,-,nuclear receptor coactivator 7,20210420,-
130825,121146296,LOC121146296,-,-,-,Un,-,U6 spliceosomal RNA,snRNA,-,-,-,-,20210420,-
130825,121146297,LOC121146297,-,-,-,Un,-,bridging integrator 3-like,pseudo,-,-,-,-,20210420,-
130825,121146298,LOC121146298,-,-,-,Un,-,uncharacterized LOC121146298,ncRNA,-,-,-,-,20210420,-
130825,121146299,FBXO30,-,-,-,Un,-,F-box protein 30,protein-coding,-,-,-,F-box only protein 30,20210420,-
130825,121146300,LOC121146300,-,-,-,Un,-,small nucleolar RNA ACA64,snoRNA,-,-,-,-,20210420,-
130825,121146301,LOC121146301,-,-,-,Un,-,small nucleolar RNA ACA64,snoRNA,-,-,-,-,20210420,-
130825,121146302,LOC121146302,-,-,-,Un,-,U6 spliceosomal RNA,snRNA,-,-,-,-,20210420,-
130825,121146303,LOC121146303,-,-,-,Un,-,small nucleolar RNA ACA64,snoRNA,-,-,-,-,20210420,-
130825,121146304,LOC121146304,-,-,-,Un,-,small nucleolar RNA ACA64,snoRNA,-,-,-,-,20210420,-
130825,121146305,LOC121146305,-,-,-,Un,-,small nucleolar RNA ACA64,snoRNA,-,-,-,-,20210420,-
130825,121146306,LOC121146306,-,-,-,Un,-,U1 spliceosomal RNA,pseudo,-,-,-,-,20210420,-
130825,121146307,LOC121146307,-,-,-,Un,-,U1 spliceosomal RNA,snRNA,-,-,-,-,20210420,-
130825,121146308,LOC121146308,-,-,-,Un,-,U2 spliceosomal RNA,pseudo,-,-,-,-,20210420,-
130825,121146309,LOC121146309,-,-,-,Un,-,U2 spliceosomal RNA,pseudo,-,-,-,-,20210420,-
130825,121146310,LOC121146310,-,-,-,Un,-,U2 spliceosomal RNA,pseudo,-,-,-,-,20210420,-
130825,121146311,LOC121146311,-,-,-,Un,-,U2 spliceosomal RNA,pseudo,-,-,-,-,20210420,-
130825,121146312,LOC121146312,-,-,-,Un,-,U4 spliceosomal RNA,snRNA,-,-,-,-,20210420,-
130825,121146313,LOC121146313,-,-,-,Un,-,U6 spliceosomal RNA,snRNA,-,-,-,-,20210420,-
130825,121146314,LOC121146314,-,-,-,Un,-,U6 spliceosomal RNA,snRNA,-,-,-,-,20210420,-
130825,121146315,LOC121146315,-,-,-,Un,-,U6 spliceosomal RNA,snRNA,-,-,-,-,20210420,-
130825,121146316,LOC121146316,-,-,-,Un,-,U6 spliceosomal RNA,snRNA,-,-,-,-,20210420,-
130825,121146317,LOC121146317,-,-,-,Un,-,U6 spliceosomal RNA,snRNA,-,-,-,-,20210420,-
130825,121146318,LOC121146318,-,-,-,Un,-,U6 spliceosomal RNA,snRNA,-,-,-,-,20210420,-
130825,121146319,LOC121146319,-,-,-,Un,-,U6 spliceosomal RNA,snRNA,-,-,-,-,20210420,-
130825,121146320,LOC121146320,-,-,-,Un,-,U6 spliceosomal RNA,snRNA,-,-,-,-,20210420,-
130825,121146321,LOC121146321,-,-,-,Un,-,U6 spliceosomal RNA,snRNA,-,-,-,-,20210420,-
130825,121146322,LOC121146322,-,-,-,Un,-,U6 spliceosomal RNA,pseudo,-,-,-,-,20210420,-
130825,121146323,LOC121146323,-,-,-,Un,-,U6 spliceosomal RNA,snRNA,-,-,-,-,20210420,-
130825,121146324,LOC121146324,-,-,-,Un,-,U6 spliceosomal RNA,pseudo,-,-,-,-,20210420,-
130825,121146325,LOC121146325,-,-,-,Un,-,U6 spliceosomal RNA,snRNA,-,-,-,-,20210420,-
130825,121146326,LOC121146326,-,-,-,Un,-,U6 spliceosomal RNA,snRNA,-,-,-,-,20210420,-
130825,121146327,LOC121146327,-,-,-,Un,-,U6 spliceosomal RNA,pseudo,-,-,-,-,20210420,-
130825,121146328,LOC121146328,-,-,-,Un,-,U6 spliceosomal RNA,snRNA,-,-,-,-,20210420,-
130825,121146329,LOC121146329,-,-,-,Un,-,small nucleolar RNA SNORA70,snoRNA,-,-,-,-,20210420,-
130825,121146330,LOC121146330,-,-,-,Un,-,small nucleolar RNA SNORD101,snoRNA,-,-,-,-,20210420,-
130825,121146331,LOC121146331,-,-,-,Un,-,small nucleolar RNA SNORA16B/SNORA16A family,snoRNA,-,-,-,-,20210420,-
130825,121146332,LOC121146332,-,-,-,Un,-,small nucleolar RNA SNORA20,snoRNA,-,-,-,-,20210420,-
130825,121146333,LOC121146333,-,-,-,Un,-,small nucleolar RNA SNORA29,snoRNA,-,-,-,-,20210420,-
130825,121146334,LOC121146334,-,-,-,Un,-,small nucleolar RNA SNORA33,snoRNA,-,-,-,-,20210420,-
130825,121146335,LOC121146335,-,-,-,Un,-,U6 spliceosomal RNA,pseudo,-,-,-,-,20210420,-
130825,121146336,LOC121146336,-,-,-,Un,-,U11 spliceosomal RNA,snRNA,-,-,-,-,20210420,-
130825,121146337,LOC121146337,-,-,-,Un,-,small nucleolar RNA SNORD100,snoRNA,-,-,-,-,20210420,-
130825,121146338,LOC121146338,-,-,-,Un,-,U6atac minor spliceosomal RNA,pseudo,-,-,-,-,20210420,-
130825,121146339,LOC121146339,-,-,-,Un,-,small nucleolar RNA U13,pseudo,-,-,-,-,20210420,-
130825,121146340,LOC121146340,-,-,-,Un,-,small nucleolar RNA ACA64,snoRNA,-,-,-,-,20210420,-
130825,121146341,TRNAL-UAA,-,-,-,Un,-,transfer RNA leucine (anticodon UAA),tRNA,-,-,-,-,20210420,-
130825,121146342,TRNAE-CUC,-,-,-,Un,-,transfer RNA glutamic acid (anticodon CUC),tRNA,-,-,-,-,20210420,-
130825,121146343,ASAH1,-,-,-,Un,-,N-acylsphingosine amidohydrolase 1,protein-coding,-,-,-,acid ceramidase,20210420,-
130825,121146344,ERI1,-,-,-,Un,-,exoribonuclease 1,protein-coding,-,-,-,3'-5' exoribonuclease 1,20210420,-
130825,121146345,LOC121146345,-,-,-,Un,-,small nucleolar RNA SNORA51,snoRNA,-,-,-,-,20210420,-
130825,121146346,EXTL3,-,-,-,Un,-,exostosin like glycosyltransferase 3,protein-coding,-,-,-,exostosin-like 3,20210420,-
130825,121146347,MSRA,-,-,-,Un,-,methionine sulfoxide reductase A,protein-coding,-,-,-,mitochondrial peptide methionine sulfoxide reductase,20210420,-
130825,121146348,LOC121146348,-,-,-,Un,-,small nucleolar RNA SNORA17,snoRNA,-,-,-,-,20210420,-
130825,121146349,LOC121146349,-,-,-,Un,-,uncharacterized LOC121146349,ncRNA,-,-,-,-,20210420,-
130825,121146350,STX18,-,-,-,Un,-,syntaxin 18,protein-coding,-,-,-,syntaxin-18,20210420,-
130825,121146351,LOC121146351,-,-,-,Un,-,uncharacterized LOC121146351,ncRNA,-,-,-,-,20210420,-
130825,121146352,CFAP99,-,-,-,Un,-,cilia and flagella associated protein 99,protein-coding,-,-,-,cilia- and flagella-associated protein 99,20210420,-
130825,121146353,ZNF518B,-,-,-,Un,-,zinc finger protein 518B,protein-coding,-,-,-,zinc finger protein 518B,20210420,-
130825,121146354,LOC121146354,-,-,-,Un,-,small nucleolar RNA SNORA77,snoRNA,-,-,-,-,20210420,-
130825,121146355,LOC121146355,-,-,-,Un,-,transmembrane protein 170A-like,protein-coding,-,-,-,transmembrane protein 170A-like,20210420,-
130825,121146356,CUNH4orf19,-,-,-,Un,-,chromosome unknown C4orf19 homolog,protein-coding,-,-,-,uncharacterized protein C4orf19 homolog,20210420,-
130825,121146357,RELL1,-,-,-,Un,-,RELT like 1,protein-coding,-,-,-,RELT-like protein 1,20210420,-
130825,121146358,CEP44,-,-,-,Un,-,centrosomal protein 44,protein-coding,-,-,-,centrosomal protein of 44 kDa,20210420,-
130825,121146359,FBXO8,-,-,-,Un,-,F-box protein 8,protein-coding,-,-,-,F-box only protein 8,20210420,-
130825,121146360,TRNAC-GCA,-,-,-,Un,-,transfer RNA cysteine (anticodon GCA),tRNA,-,-,-,-,20210420,-
130825,121146361,LOC121146361,-,-,-,Un,-,40S ribosomal protein S24-like,pseudo,-,-,-,-,20210420,-
130825,121146362,CFAP97,-,-,-,Un,-,cilia and flagella associated protein 97,protein-coding,-,-,-,cilia- and flagella-associated protein 97,20210420,-
130825,121146363,SLC25A4,-,-,-,Un,-,solute carrier family 25 member 4,protein-coding,-,-,-,ADP/ATP translocase 1,20210420,-
130825,121146364,FAM167A,-,-,-,Un,-,family with sequence similarity 167 member A,protein-coding,-,-,-,protein FAM167A,20210420,-
130825,121146365,TRNAC-GCA,-,-,-,Un,-,transfer RNA cysteine (anticodon GCA),tRNA,-,-,-,-,20210420,-
130825,121146366,SLC30A9,-,-,-,Un,-,solute carrier family 30 member 9,protein-coding,-,-,-,zinc transporter 9,20210420,-
130825,121146367,OCIAD1,-,-,-,Un,-,OCIA domain containing 1,protein-coding,-,-,-,OCIA domain-containing protein 1,20210420,-
130825,121146368,TAPT1,-,-,-,Un,-,transmembrane anterior posterior transformation 1,protein-coding,-,-,-,transmembrane anterior posterior transformation protein 1 homolog,20210420,-
130825,121146369,LOC121146369,-,-,-,Un,-,serine/arginine repetitive matrix protein 3-like,protein-coding,-,-,-,serine/arginine repetitive matrix protein 3-like,20210420,-
130825,121146370,GUF1,-,-,-,Un,-,GTP binding elongation factor GUF1,protein-coding,-,-,-,"translation factor GUF1, mitochondrial",20210420,-
130825,121146371,GNPDA2,-,-,-,Un,-,glucosamine-6-phosphate deaminase 2,protein-coding,-,-,-,glucosamine-6-phosphate isomerase 2,20210420,-
130825,121146372,YIPF7,-,-,-,Un,-,Yip1 domain family member 7,protein-coding,-,-,-,protein YIPF7,20210420,-
130825,121146373,ADAM7,-,-,-,Un,-,ADAM metallopeptidase domain 7,protein-coding,-,-,-,disintegrin and metalloproteinase domain-containing protein 7,20210420,-
130825,121146374,ADAMDEC1,-,-,-,Un,-,ADAM like decysin 1,protein-coding,-,-,-,ADAM DEC1,20210420,-
130825,121146375,ADAM28,-,-,-,Un,-,ADAM metallopeptidase domain 28,protein-coding,-,-,-,disintegrin and metalloproteinase domain-containing protein 28,20210420,-
130825,121146376,NKX3-1,-,-,-,Un,-,NK3 homeobox 1,protein-coding,-,-,-,homeobox protein Nkx-3.1,20210420,-
130825,121146377,LOC121146377,-,-,-,Un,-,glucosamine 6-phosphate N-acetyltransferase-like,pseudo,-,-,-,-,20210420,-
130825,121146378,LOC121146378,-,-,-,Un,-,WW domain-binding protein 11-like,pseudo,-,-,-,-,20210420,-
130825,121146379,LOC121146379,-,-,-,Un,-,small nucleolar RNA U13,snoRNA,-,-,-,-,20210420,-
130825,121146380,LOC121146380,-,-,-,Un,-,mitochondrial import inner membrane translocase subunit TIM16-like,pseudo,-,-,-,-,20210420,-
130825,121146381,LOC121146381,-,-,-,Un,-,glucosamine 6-phosphate N-acetyltransferase-like,pseudo,-,-,-,-,20210420,-
130825,121146382,LOC121146382,-,-,-,Un,-,glucosamine 6-phosphate N-acetyltransferase-like,pseudo,-,-,-,-,20210420,-
130825,121146383,LOC121146383,-,-,-,Un,-,glucosamine 6-phosphate N-acetyltransferase-like,pseudo,-,-,-,-,20210420,-
130825,121146384,LOC121146384,-,-,-,Un,-,glucosamine 6-phosphate N-acetyltransferase-like,pseudo,-,-,-,-,20210420,-
130825,121146385,LOC121146385,-,-,-,Un,-,ubiquitin-conjugating enzyme E2 variant 1-like,protein-coding,-,-,-,ubiquitin-conjugating enzyme E2 variant 1-like,20210420,-
130825,121146386,LOC121146386,-,-,-,Un,-,disintegrin and metalloproteinase domain-containing protein 29-like,protein-coding,-,-,-,disintegrin and metalloproteinase domain-containing protein 29-like,20210420,-
130825,121146387,TOPBP1,-,-,-,Un,-,DNA topoisomerase II binding protein 1,protein-coding,-,-,-,DNA topoisomerase 2-binding protein 1,20210420,-
130825,121146388,LOC121146388,-,-,-,Un,-,casein kinase I-like,protein-coding,-,-,-,casein kinase I-like,20210420,-
130825,121146389,LOC121146389,-,-,-,Un,-,40S ribosomal protein S20-like,pseudo,-,-,-,-,20210420,-
130825,121146390,LOC121146390,-,-,-,Un,-,heat shock protein HSP 90-beta-like,pseudo,-,-,-,-,20210420,-
130825,121146391,LOC121146391,-,-,-,Un,-,receptor expression-enhancing protein 3-like,pseudo,-,-,-,-,20210420,-
130825,121146392,LOC121146392,-,-,-,Un,-,suppressor of IKBKE 1-like,pseudo,-,-,-,-,20210420,-
130825,121146393,CENPU,-,-,-,Un,-,centromere protein U,protein-coding,-,-,-,centromere protein U,20210420,-
130825,121146394,LOC121146394,-,-,-,Un,-,60S ribosomal protein L35-like,protein-coding,-,-,-,60S ribosomal protein L35-like,20210420,-
130825,121146395,CCDC110,-,-,-,Un,-,coiled-coil domain containing 110,protein-coding,-,-,-,coiled-coil domain-containing protein 110,20210420,-
130825,121146396,LOC121146396,-,-,-,Un,-,Y-box-binding protein 1-like,pseudo,-,-,-,-,20210420,-
130825,121146397,CDV3,-,-,-,Un,-,CDV3 homolog,protein-coding,-,-,-,protein CDV3 homolog,20210420,-
130825,121146398,LOC121146398,-,-,-,Un,-,disintegrin and metalloproteinase domain-containing protein 25-like,protein-coding,-,-,-,disintegrin and metalloproteinase domain-containing protein 25-like,20210420,-
130825,121146399,LOC121146399,-,-,-,Un,-,disintegrin and metalloproteinase domain-containing protein 25-like,protein-coding,-,-,-,disintegrin and metalloproteinase domain-containing protein 25-like,20210420,-
130825,121146400,LOC121146400,-,-,-,Un,-,disintegrin and metalloproteinase domain-containing protein 25-like,protein-coding,-,-,-,disintegrin and metalloproteinase domain-containing protein 25-like,20210420,-
130825,121146401,LOC121146401,-,-,-,Un,-,disintegrin and metalloproteinase domain-containing protein 25-like,protein-coding,-,-,-,disintegrin and metalloproteinase domain-containing protein 25-like,20210420,-
130825,121146402,ZFP42,-,-,-,Un,-,ZFP42 zinc finger protein,protein-coding,-,-,-,zinc finger protein 42 homolog,20210420,-
130825,121146403,LOC121146403,-,-,-,Un,-,transcription factor BTF3-like,pseudo,-,-,-,-,20210420,-
130825,121146404,LOC121146404,-,-,-,Un,-,disintegrin and metalloproteinase domain-containing protein 25-like,protein-coding,-,-,-,disintegrin and metalloproteinase domain-containing protein 25-like,20210420,-
130825,121146405,LOC121146405,-,-,-,Un,-,sperm-associated antigen 7-like,pseudo,-,-,-,-,20210420,-
130825,121146406,LOC121146406,-,-,-,Un,-,uncharacterized LOC121146406,ncRNA,-,-,-,-,20210420,-
130825,121146407,MAN2B2,-,-,-,Un,-,mannosidase alpha class 2B member 2,protein-coding,-,-,-,epididymis-specific alpha-mannosidase,20210420,-
130825,121146408,MRFAP1,-,-,-,Un,-,Morf4 family associated protein 1,protein-coding,-,-,-,MORF4 family-associated protein 1,20210420,-
130825,121146409,LOC121146409,-,-,-,Un,-,uncharacterized LOC121146409,ncRNA,-,-,-,-,20210420,-
130825,121146410,MFHAS1,-,-,-,Un,-,malignant fibrous histiocytoma amplified sequence 1,protein-coding,-,-,-,malignant fibrous histiocytoma-amplified sequence 1,20210420,-
130825,121146411,GALNTL6,-,-,-,Un,-,polypeptide N-acetylgalactosaminyltransferase like 6,protein-coding,-,-,-,polypeptide N-acetylgalactosaminyltransferase-like 6,20210420,-
130825,121146412,LOC121146412,-,-,-,Un,-,G1/S-specific cyclin-E2-like,pseudo,-,-,-,-,20210420,-
130825,121146413,LOC121146413,-,-,-,Un,-,uncharacterized LOC121146413,ncRNA,-,-,-,-,20210420,-
130825,121146414,LOC121146414,-,-,-,Un,-,uncharacterized LOC121146414,ncRNA,-,-,-,-,20210420,-
130825,121146415,CHRNA9,-,-,-,Un,-,cholinergic receptor nicotinic alpha 9 subunit,protein-coding,-,-,-,neuronal acetylcholine receptor subunit alpha-9,20210420,-
130825,121146416,RBM47,-,-,-,Un,-,RNA binding motif protein 47,protein-coding,-,-,-,RNA-binding protein 47,20210420,-
130825,121146417,LOC121146417,-,-,-,Un,-,40S ribosomal protein S12-like,pseudo,-,-,-,-,20210420,-
130825,121146418,LOC121146418,-,-,-,Un,-,uncharacterized LOC121146418,ncRNA,-,-,-,-,20210420,-
130825,121146419,VPS37A,-,-,-,Un,-,VPS37A subunit of ESCRT-I,protein-coding,-,-,-,vacuolar protein sorting-associated protein 37A,20210420,-
130825,121146420,ANAPC4,-,-,-,Un,-,anaphase promoting complex subunit 4,protein-coding,-,-,-,anaphase-promoting complex subunit 4,20210420,-
130825,121146421,LOC121146421,-,-,-,Un,-,uncharacterized LOC121146421,ncRNA,-,-,-,-,20210420,-
130825,121146422,LOC121146422,-,-,-,Un,-,uncharacterized LOC121146422,ncRNA,-,-,-,-,20210420,-
130825,121146423,TMEM33,-,-,-,Un,-,transmembrane protein 33,protein-coding,-,-,-,transmembrane protein 33,20210420,-
130825,121146424,LOC121146424,-,-,-,Un,-,uncharacterized LOC121146424,ncRNA,-,-,-,-,20210420,-
130825,121146425,PALLD,-,-,-,Un,-,"palladin, cytoskeletal associated protein",protein-coding,-,-,-,palladin,20210420,-
130825,121146426,LOC121146426,-,-,-,Un,-,ubiquitin-conjugating enzyme E2 S-like,pseudo,-,-,-,-,20210420,-
130825,121146427,LOC121146427,-,-,-,Un,-,uncharacterized LOC121146427,ncRNA,-,-,-,-,20210420,-
130825,121146428,CBR4,-,-,-,Un,-,carbonyl reductase 4,protein-coding,-,-,-,carbonyl reductase family member 4,20210420,-
130825,121146429,TRAPPC11,-,-,-,Un,-,trafficking protein particle complex subunit 11,protein-coding,-,-,-,trafficking protein particle complex subunit 11,20210420,-
130825,121146430,LOC121146430,-,-,-,Un,-,cytochrome c oxidase subunit NDUFA4-like,pseudo,-,-,-,-,20210420,-
130825,121146431,LCORL,-,-,-,Un,-,ligand dependent nuclear receptor corepressor like,protein-coding,-,-,-,ligand-dependent nuclear receptor corepressor-like protein,20210420,-
130825,121146432,LOC121146432,-,-,-,Un,-,olfactory receptor 7A10-like,protein-coding,-,-,-,olfactory receptor 7A10-like,20210420,-
130825,121146433,NCAPG,-,-,-,Un,-,non-SMC condensin I complex subunit G,protein-coding,-,-,-,condensin complex subunit 3,20210420,-
130825,121146434,DCAF16,-,-,-,Un,-,DDB1 and CUL4 associated factor 16,protein-coding,-,-,-,DDB1- and CUL4-associated factor 16,20210420,-
130825,121146435,KCTD9,-,-,-,Un,-,potassium channel tetramerization domain containing 9,protein-coding,-,-,-,BTB/POZ domain-containing protein KCTD9,20210420,-
130825,121146436,TENM3,-,-,-,Un,-,teneurin transmembrane protein 3,protein-coding,-,-,-,teneurin-3,20210420,-
130825,121146437,LOC121146437,-,-,-,Un,-,olfactory receptor 7A10-like,protein-coding,-,-,-,olfactory receptor 7A10-like,20210420,-
130825,121146438,LDB2,-,-,-,Un,-,LIM domain binding 2,protein-coding,-,-,-,LIM domain-binding protein 2,20210420,-
130825,121146439,RNF4,-,-,-,Un,-,ring finger protein 4,protein-coding,-,-,-,E3 ubiquitin-protein ligase RNF4,20210420,-
130825,121146440,JAKMIP1,-,-,-,Un,-,janus kinase and microtubule interacting protein 1,protein-coding,-,-,-,janus kinase and microtubule-interacting protein 1,20210420,-
130825,121146441,LOC121146441,-,-,-,Un,-,olfactory receptor 7A17-like,pseudo,-,-,-,-,20210420,-
130825,121146442,TBC1D19,-,-,-,Un,-,TBC1 domain family member 19,protein-coding,-,-,-,TBC1 domain family member 19,20210420,-
130825,121146443,TNKS,-,-,-,Un,-,tankyrase,protein-coding,-,-,-,poly [ADP-ribose] polymerase tankyrase-1,20210420,-
130825,121146444,LOC121146444,-,-,-,Un,-,uncharacterized LOC121146444,ncRNA,-,-,-,-,20210420,-
130825,121146445,ABLIM2,-,-,-,Un,-,actin binding LIM protein family member 2,protein-coding,-,-,-,actin-binding LIM protein 2,20210420,-
130825,121146446,PRAG1,-,-,-,Un,-,"PEAK1 related, kinase-activating pseudokinase 1",protein-coding,-,-,-,inactive tyrosine-protein kinase PRAG1,20210420,-
130825,121146447,PDE6B,-,-,-,Un,-,phosphodiesterase 6B,protein-coding,-,-,-,"rod cGMP-specific 3',5'-cyclic phosphodiesterase subunit beta",20210420,-
130825,121146448,LOC121146448,-,-,-,Un,-,CDKN2A interacting protein,protein-coding,-,-,-,CDKN2A-interacting protein,20210420,-
130825,121146449,MXD4,-,-,-,Un,-,MAX dimerization protein 4,protein-coding,-,-,-,max dimerization protein 4,20210420,-
130825,121146450,LOC121146450,-,-,-,Un,-,olfactory receptor-like protein OLF4,pseudo,-,-,-,-,20210420,-
130825,121146451,CNOT7,-,-,-,Un,-,CCR4-NOT transcription complex subunit 7,protein-coding,-,-,-,CCR4-NOT transcription complex subunit 7,20210420,-
130825,121146452,LOC121146452,-,-,-,Un,-,probable ATP-dependent RNA helicase DDX60,protein-coding,-,-,-,probable ATP-dependent RNA helicase DDX60,20210420,-
130825,121146453,LOC121146453,-,-,-,Un,-,uncharacterized LOC121146453,ncRNA,-,-,-,-,20210420,-
130825,121146454,TRIM35,-,-,-,Un,-,tripartite motif containing 35,protein-coding,-,-,-,E3 ubiquitin-protein ligase TRIM35,20210420,-
130825,121146455,PI4K2B,-,-,-,Un,-,phosphatidylinositol 4-kinase type 2 beta,protein-coding,-,-,-,phosphatidylinositol 4-kinase type 2-beta,20210420,-
130825,121146456,CD38,-,-,-,Un,-,CD38 molecule,protein-coding,-,-,-,ADP-ribosyl cyclase/cyclic ADP-ribose hydrolase 1,20210420,-
130825,121146457,EBF2,-,-,-,Un,-,EBF transcription factor 2,protein-coding,-,-,-,transcription factor COE2,20210605,-
130825,121146458,LOC121146458,-,-,-,Un,-,olfactory receptor 7A17-like,pseudo,-,-,-,-,20210420,-
130825,121146459,DOK7,-,-,-,Un,-,docking protein 7,protein-coding,-,-,-,protein Dok-7,20210420,-
130825,121146460,PINX1,-,-,-,Un,-,PIN2 (TERF1) interacting telomerase inhibitor 1,protein-coding,-,-,-,PIN2/TERF1-interacting telomerase inhibitor 1,20210420,-
130825,121146461,CCDC25,-,-,-,Un,-,coiled-coil domain containing 25,protein-coding,-,-,-,coiled-coil domain-containing protein 25,20210420,-
130825,121146462,GABRA4,-,-,-,Un,-,gamma-aminobutyric acid type A receptor subunit alpha4,protein-coding,-,-,-,gamma-aminobutyric acid receptor subunit alpha-4,20210420,-
130825,121146463,LOC121146463,-,-,-,Un,-,olfactory receptor 7A10-like,pseudo,-,-,-,-,20210420,-
130825,121146464,NEK1,-,-,-,Un,-,NIMA related kinase 1,protein-coding,-,-,-,serine/threonine-protein kinase Nek1,20210420,-
130825,121146465,NEFL,-,-,-,Un,-,neurofilament light chain,protein-coding,-,-,-,neurofilament light polypeptide,20210420,-
130825,121146466,GABRB1,-,-,-,Un,-,gamma-aminobutyric acid type A receptor subunit beta1,protein-coding,-,-,-,gamma-aminobutyric acid receptor subunit beta-1,20210420,-
130825,121146467,WDR17,-,-,-,Un,-,WD repeat domain 17,protein-coding,-,-,-,WD repeat-containing protein 17,20210420,-
130825,121146468,LOC121146468,-,-,-,Un,-,olfactory receptor 7A17-like,protein-coding,-,-,-,olfactory receptor 7A17-like,20210420,-
130825,121146469,MTMR9,-,-,-,Un,-,myotubularin related protein 9,protein-coding,-,-,-,myotubularin-related protein 9,20210420,-
130825,121146470,NSG1,-,-,-,Un,-,neuronal vesicle trafficking associated 1,protein-coding,-,-,-,neuronal vesicle trafficking-associated protein 1,20210420,-
130825,121146471,CTBP1,-,-,-,Un,-,C-terminal binding protein 1,protein-coding,-,-,-,C-terminal-binding protein 1,20210420,-
130825,121146472,AFAP1,-,-,-,Un,-,actin filament associated protein 1,protein-coding,-,-,-,actin filament-associated protein 1,20210420,-
130825,121146473,ENTPD4,-,-,-,Un,-,ectonucleoside triphosphate diphosphohydrolase 4,protein-coding,-,-,-,ectonucleoside triphosphate diphosphohydrolase 4,20210420,-
130825,121146474,TADA2B,-,-,-,Un,-,transcriptional adaptor 2B,protein-coding,-,-,-,transcriptional adapter 2-beta,20210420,-
130825,121146475,LOC121146475,-,-,-,Un,-,olfactory receptor 7A10-like,protein-coding,-,-,-,olfactory receptor 7A10-like,20210420,-
130825,121146476,GRPEL1,-,-,-,Un,-,"GrpE like 1, mitochondrial",protein-coding,-,-,-,"grpE protein homolog 1, mitochondrial",20210420,-
130825,121146477,GNRH1,-,-,-,Un,-,gonadotropin releasing hormone 1,protein-coding,-,-,-,progonadoliberin-1,20210420,-
130825,121146478,MTMR7,-,-,-,Un,-,myotubularin related protein 7,protein-coding,-,-,-,myotubularin-related protein 7,20210420,-
130825,121146479,STMN4,-,-,-,Un,-,stathmin 4,protein-coding,-,-,-,stathmin-4,20210420,-
130825,121146480,ADGRA3,-,-,-,Un,-,adhesion G protein-coupled receptor A3,protein-coding,-,-,-,adhesion G protein-coupled receptor A3,20210420,-
130825,121146481,BEND4,-,-,-,Un,-,BEN domain containing 4,protein-coding,-,-,-,BEN domain-containing protein 4,20210420,-
130825,121146482,LOC121146482,-,-,-,Un,-,olfactory receptor-like protein OLF4,protein-coding,-,-,-,olfactory receptor-like protein OLF4,20210420,-
130825,121146483,PPP2R2C,-,-,-,Un,-,protein phosphatase 2 regulatory subunit Bgamma,protein-coding,-,-,-,"protein phosphatase 2, regulatory subunit B, gamma",20210420,-
130825,121146484,CRMP1,-,-,-,Un,-,collapsin response mediator protein 1,protein-coding,-,-,-,dihydropyrimidinase-related protein 1,20210420,-
130825,121146485,NFXL1,-,-,-,Un,-,"nuclear transcription factor, X-box binding like 1",protein-coding,-,-,-,NF-X1-type zinc finger protein NFXL1,20210420,-
130825,121146486,OCIAD2,-,-,-,Un,-,OCIA domain containing 2,protein-coding,-,-,-,OCIA domain-containing protein 2,20210420,-
130825,121146487,PDLIM3,-,-,-,Un,-,PDZ and LIM domain 3,protein-coding,-,-,-,PDZ and LIM domain protein 3,20210420,-
130825,121146488,LOC121146488,-,-,-,Un,-,olfactory receptor 7A10-like,pseudo,-,-,-,-,20210420,-
130825,121146489,ARAP2,-,-,-,Un,-,"ArfGAP with RhoGAP domain, ankyrin repeat and PH domain 2",protein-coding,-,-,-,"arf-GAP with Rho-GAP domain, ANK repeat and PH domain-containing protein 2",20210420,-
130825,121146490,TRMT9B,-,-,-,Un,-,tRNA methyltransferase 9B (putative),protein-coding,-,-,-,probable tRNA methyltransferase 9B,20210420,-
130825,121146491,SLC7A2,-,-,-,Un,-,solute carrier family 7 member 2,protein-coding,-,-,-,cationic amino acid transporter 2,20210420,-
130825,121146492,ZCCHC4,-,-,-,Un,-,zinc finger CCHC-type containing 4,protein-coding,-,-,-,rRNA N6-adenosine-methyltransferase ZCCHC4,20210420,-
130825,121146493,LOC121146493,-,-,-,Un,-,olfactory receptor 7A10-like,pseudo,-,-,-,-,20210420,-
130825,121146494,STOX2,-,-,-,Un,-,storkhead box 2,protein-coding,-,-,-,storkhead-box protein 2,20210420,-
130825,121146495,SORBS2,-,-,-,Un,-,sorbin and SH3 domain containing 2,protein-coding,-,-,-,sorbin and SH3 domain-containing protein 2,20210420,-
130825,121146496,FGFRL1,-,-,-,Un,-,fibroblast growth factor receptor like 1,protein-coding,-,-,-,fibroblast growth factor receptor-like 1,20210420,-
130825,121146497,SLC26A1,-,-,-,Un,-,solute carrier family 26 member 1,protein-coding,-,-,-,sulfate anion transporter 1,20210420,-
130825,121146498,LOC121146498,-,-,-,Un,-,cytochrome P450 4V2,protein-coding,-,-,-,cytochrome P450 4V2,20210420,-
130825,121146499,TACC3,-,-,-,Un,-,transforming acidic coiled-coil containing protein 3,protein-coding,-,-,-,transforming acidic coiled-coil-containing protein 3,20210420,-
130825,121146500,LOC121146500,-,-,-,Un,-,olfactory receptor 7A10-like,protein-coding,-,-,-,olfactory receptor 7A10-like,20210420,-
130825,121146501,TMEM129,-,-,-,Un,-,"transmembrane protein 129, E3 ubiquitin ligase",protein-coding,-,-,-,E3 ubiquitin-protein ligase TM129,20210420,-
130825,121146502,CLU,-,-,-,Un,-,clusterin,protein-coding,-,-,-,clusterin,20210420,-
130825,121146503,KCNIP4,-,-,-,Un,-,potassium voltage-gated channel interacting protein 4,protein-coding,-,-,-,Kv channel-interacting protein 4,20210522,-
130825,121146504,PACRGL,-,-,-,Un,-,parkin coregulated like,protein-coding,-,-,-,PACRG-like protein,20210420,-
130825,121146505,LOC121146505,-,-,-,Un,-,olfactory receptor 7A10-like,pseudo,-,-,-,-,20210420,-
130825,121146506,IRF2,-,-,-,Un,-,interferon regulatory factor 2,protein-coding,-,-,-,interferon regulatory factor 2,20210420,-
130825,121146507,XKR6,-,-,-,Un,-,XK related 6,protein-coding,-,-,-,XK-related protein 6,20210420,-
130825,121146508,MAEA,-,-,-,Un,-,"macrophage erythroblast attacher, E3 ubiquitin ligase",protein-coding,-,-,-,E3 ubiquitin-protein transferase MAEA,20210420,-
130825,121146509,LOC121146509,-,-,-,Un,-,uncharacterized LOC121146509,ncRNA,-,-,-,-,20210420,-
130825,121146510,LOC121146510,-,-,-,Un,-,uncharacterized LOC121146510,ncRNA,-,-,-,-,20210420,-
130825,121146511,UFSP2,-,-,-,Un,-,UFM1 specific peptidase 2,protein-coding,-,-,-,ufm1-specific protease 2,20210420,-
130825,121146512,LOC121146512,-,-,-,Un,-,putative gustatory receptor clone PTE01,protein-coding,-,-,-,putative gustatory receptor clone PTE01,20210420,-
130825,121146513,ANKRD37,-,-,-,Un,-,ankyrin repeat domain 37,protein-coding,-,-,-,ankyrin repeat domain-containing protein 37,20210420,-
130825,121146514,FAM149A,-,-,-,Un,-,family with sequence similarity 149 member A,protein-coding,-,-,-,protein FAM149A,20210420,-
130825,121146515,FDFT1,-,-,-,Un,-,farnesyl-diphosphate farnesyltransferase 1,protein-coding,-,-,-,squalene synthase,20210420,-
130825,121146516,NEIL2,-,-,-,Un,-,nei like DNA glycosylase 2,protein-coding,-,-,-,endonuclease 8-like 2,20210420,-
130825,121146517,LOC121146517,-,-,-,Un,-,histone PARylation factor 1,protein-coding,-,-,-,histone PARylation factor 1,20210420,-
130825,121146518,STC1,-,-,-,Un,-,stanniocalcin 1,protein-coding,-,-,-,stanniocalcin-1,20210420,-
130825,121146519,LOC121146519,-,-,-,Un,-,olfactory receptor 18-like,pseudo,-,-,-,-,20210420,-
130825,121146520,FZD3,-,-,-,Un,-,frizzled class receptor 3,protein-coding,-,-,-,frizzled-3,20210420,-
130825,121146521,EPHX2,-,-,-,Un,-,epoxide hydrolase 2,protein-coding,-,-,-,bifunctional epoxide hydrolase 2,20210420,-
130825,121146522,LOC121146522,-,-,-,Un,-,uncharacterized LOC121146522,ncRNA,-,-,-,-,20210420,-
130825,121146523,FRG1,-,-,-,Un,-,FSHD region gene 1,protein-coding,-,-,-,protein FRG1,20210420,-
130825,121146524,AADAT,-,-,-,Un,-,aminoadipate aminotransferase,protein-coding,-,-,-,"kynurenine/alpha-aminoadipate aminotransferase, mitochondrial",20210420,-
130825,121146525,DLC1,-,-,-,Un,-,DLC1 Rho GTPase activating protein,protein-coding,-,-,-,rho GTPase-activating protein 7,20210420,-
130825,121146526,FGL1,-,-,-,Un,-,fibrinogen like 1,protein-coding,-,-,-,fibrinogen-like protein 1,20210420,-
130825,121146527,SMIM20,-,-,-,Un,-,small integral membrane protein 20,protein-coding,-,-,-,small integral membrane protein 20,20210420,-
130825,121146528,LOC121146528,-,-,-,Un,-,olfactory receptor 18-like,pseudo,-,-,-,-,20210420,-
130825,121146529,DUSP4,-,-,-,Un,-,dual specificity phosphatase 4,protein-coding,-,-,-,dual specificity protein phosphatase 4,20210420,-
130825,121146530,LOC121146530,-,-,-,Un,-,uncharacterized LOC121146530,ncRNA,-,-,-,-,20210420,-
130825,121146531,MFAP3L,-,-,-,Un,-,microfibril associated protein 3 like,protein-coding,-,-,-,microfibrillar-associated protein 3-like,20210420,-
130825,121146532,MED28,-,-,-,Un,-,mediator complex subunit 28,protein-coding,-,-,-,mediator of RNA polymerase II transcription subunit 28,20210420,-
130825,121146533,LAP3,-,-,-,Un,-,leucine aminopeptidase 3,protein-coding,-,-,-,cytosol aminopeptidase,20210420,-
130825,121146534,NEFM,-,-,-,Un,-,neurofilament medium chain,protein-coding,-,-,-,neurofilament medium polypeptide,20210420,-
130825,121146535,CUNH8orf48,-,-,-,Un,-,chromosome unknown C8orf48 homolog,protein-coding,-,-,-,uncharacterized protein C8orf48 homolog,20210420,-
130825,121146536,GATA4,-,-,-,Un,-,GATA binding protein 4,protein-coding,-,-,-,transcription factor GATA-4,20210420,-
130825,121146537,LOC121146537,-,-,-,Un,-,olfactory receptor 18-like,protein-coding,-,-,-,olfactory receptor 18-like,20210420,-
130825,121146538,GABRG1,-,-,-,Un,-,gamma-aminobutyric acid type A receptor subunit gamma1,protein-coding,-,-,-,gamma-aminobutyric acid receptor subunit gamma-1,20210420,-
130825,121146539,HMBOX1,-,-,-,Un,-,homeobox containing 1,protein-coding,-,-,-,homeobox-containing protein 1,20210420,-
130825,121146540,MICU3,-,-,-,Un,-,mitochondrial calcium uptake family member 3,protein-coding,-,-,-,"calcium uptake protein 3, mitochondrial",20210420,-
130825,121146541,PIGG,-,-,-,Un,-,phosphatidylinositol glycan anchor biosynthesis class G,protein-coding,-,-,-,GPI ethanolamine phosphate transferase 2,20210420,-
130825,121146542,LOC121146542,-,-,-,Un,-,olfactory receptor 18-like,protein-coding,-,-,-,olfactory receptor 18-like,20210420,-
130825,121146543,SGCZ,-,-,-,Un,-,sarcoglycan zeta,protein-coding,-,-,-,zeta-sarcoglycan,20210420,-
130825,121146544,LOC121146544,-,-,-,Un,-,uncharacterized LOC121146544,ncRNA,-,-,-,-,20210420,-
130825,121146545,LOC121146545,-,-,-,Un,-,uncharacterized LOC121146545,ncRNA,-,-,-,-,20210420,-
130825,121146546,HMGB2,-,-,-,Un,-,high mobility group box 2,protein-coding,-,-,-,high mobility group protein B2,20210420,-
130825,121146547,LOC121146547,-,-,-,Un,-,olfactory receptor 18-like,protein-coding,-,-,-,olfactory receptor 18-like,20210420,-
130825,121146548,LIMCH1,-,-,-,Un,-,LIM and calponin homology domains 1,protein-coding,-,-,-,LOW QUALITY PROTEIN: LIM and calponin homology domains-containing protein 1,20210420,-
130825,121146549,LGI2,-,-,-,Un,-,leucine rich repeat LGI family member 2,protein-coding,-,-,-,leucine-rich repeat LGI family member 2,20210420,-
130825,121146550,ADRA1A,-,-,-,Un,-,adrenoceptor alpha 1A,protein-coding,-,-,-,alpha-1A adrenergic receptor,20210420,-
130825,121146551,HTRA3,-,-,-,Un,-,HtrA serine peptidase 3,protein-coding,-,-,-,serine protease HTRA3,20210420,-
130825,121146552,LOC121146552,-,-,-,Un,-,60S ribosomal protein L9-like,pseudo,-,-,-,-,20210420,-
130825,121146553,CWH43,-,-,-,Un,-,cell wall biogenesis 43 C-terminal homolog,protein-coding,-,-,-,PGAP2-interacting protein,20210420,-
130825,121146554,CDCA2,-,-,-,Un,-,cell division cycle associated 2,protein-coding,-,-,-,cell division cycle-associated protein 2,20210420,-
130825,121146555,UCHL1,-,-,-,Un,-,ubiquitin C-terminal hydrolase L1,protein-coding,-,-,-,ubiquitin carboxyl-terminal hydrolase isozyme L1,20210420,-
130825,121146556,TBC1D1,-,-,-,Un,-,TBC1 domain family member 1,protein-coding,-,-,-,TBC1 domain family member 1,20210420,-
130825,121146557,LOC121146557,-,-,-,Un,-,putative gustatory receptor clone PTE01,pseudo,-,-,-,-,20210420,-
130825,121146558,LOC121146558,-,-,-,Un,-,60S ribosomal protein L14-like,pseudo,-,-,-,-,20210420,-
130825,121146559,SLC49A3,-,-,-,Un,-,solute carrier family 49 member 3,protein-coding,-,-,-,solute carrier family 49 member A3,20210420,-
130825,121146560,ATP5ME,-,-,-,Un,-,ATP synthase membrane subunit e,protein-coding,-,-,-,"ATP synthase subunit e, mitochondrial",20210529,-
130825,121146561,ZNF395,-,-,-,Un,-,zinc finger protein 395,protein-coding,-,-,-,zinc finger protein 395,20210420,-
130825,121146562,LOC121146562,-,-,-,Un,-,uncharacterized LOC121146562,ncRNA,-,-,-,-,20210420,-
130825,121146563,CUNH4orf47,-,-,-,Un,-,chromosome unknown C4orf47 homolog,protein-coding,-,-,-,UPF0602 protein C4orf47 homolog,20210420,-
130825,121146564,LOC121146564,-,-,-,Un,-,olfactory receptor 7E24-like,pseudo,-,-,-,-,20210420,-
130825,121146565,LOC121146565,-,-,-,Un,-,small nuclear ribonucleoprotein G-like,protein-coding,-,-,-,small nuclear ribonucleoprotein G-like,20210420,-
130825,121146566,LOC121146566,-,-,-,Un,-,"kynurenine/alpha-aminoadipate aminotransferase, mitochondrial-like",protein-coding,-,-,-,"kynurenine/alpha-aminoadipate aminotransferase, mitochondrial-like",20210420,-
130825,121146567,STK32B,-,-,-,Un,-,serine/threonine kinase 32B,protein-coding,-,-,-,serine/threonine-protein kinase 32B,20210420,-
130825,121146568,GPM6A,-,-,-,Un,-,glycoprotein M6A,protein-coding,-,-,-,neuronal membrane glycoprotein M6-a,20210420,-
130825,121146569,GLRA3,-,-,-,Un,-,glycine receptor alpha 3,protein-coding,-,-,-,glycine receptor subunit alpha-3,20210420,-
130825,121146570,TMEM271,-,-,-,Un,-,transmembrane protein 271,protein-coding,-,-,-,transmembrane protein 271,20210420,-
130825,121146571,BLK,-,-,-,Un,-,"BLK proto-oncogene, Src family tyrosine kinase",protein-coding,-,-,-,tyrosine-protein kinase Blk,20210420,-
130825,121146572,LOC121146572,-,-,-,Un,-,putative gustatory receptor clone PTE01,protein-coding,-,-,-,putative gustatory receptor clone PTE01,20210420,-
130825,121146573,TLR10,-,-,-,Un,-,toll like receptor 10,protein-coding,-,-,-,toll-like receptor 10,20210420,-
130825,121146574,WFS1,-,-,-,Un,-,wolframin ER transmembrane glycoprotein,protein-coding,-,-,-,wolframin,20210420,-
130825,121146575,CC2D2A,-,-,-,Un,-,coiled-coil and C2 domain containing 2A,protein-coding,-,-,-,coiled-coil and C2 domain-containing protein 2A,20210420,-
130825,121146576,QDPR,-,-,-,Un,-,quinoid dihydropteridine reductase,protein-coding,-,-,-,dihydropteridine reductase,20210420,-
130825,121146577,CLRN2,-,-,-,Un,-,clarin 2,protein-coding,-,-,-,clarin-2,20210420,-
130825,121146578,LOC121146578,-,-,-,Un,-,coagulation factor XI-like,protein-coding,-,-,-,coagulation factor XI-like,20210420,-
130825,121146579,LOC121146579,-,-,-,Un,-,olfactory receptor 7E24-like,protein-coding,-,-,-,olfactory receptor 7E24-like,20210420,-
130825,121146580,CCDC149,-,-,-,Un,-,coiled-coil domain containing 149,protein-coding,-,-,-,coiled-coil domain-containing protein 149,20210420,-
130825,121146581,KCTD8,-,-,-,Un,-,potassium channel tetramerization domain containing 8,protein-coding,-,-,-,BTB/POZ domain-containing protein KCTD8,20210420,-
130825,121146582,FGFBP1,-,-,-,Un,-,fibroblast growth factor binding protein 1,protein-coding,-,-,-,fibroblast growth factor-binding protein 1,20210420,-
130825,121146583,LOC121146583,-,-,-,Un,-,cytosolic beta-glucosidase,protein-coding,-,-,-,cytosolic beta-glucosidase,20210420,-
130825,121146584,UGDH,-,-,-,Un,-,UDP-glucose 6-dehydrogenase,protein-coding,-,-,-,UDP-glucose 6-dehydrogenase,20210420,-
130825,121146585,C1QTNF7,-,-,-,Un,-,C1q and TNF related 7,protein-coding,-,-,-,complement C1q tumor necrosis factor-related protein 7,20210420,-
130825,121146586,PCGF3,-,-,-,Un,-,polycomb group ring finger 3,protein-coding,-,-,-,polycomb group RING finger protein 3,20210420,-
130825,121146587,SORCS2,-,-,-,Un,-,sortilin related VPS10 domain containing receptor 2,protein-coding,-,-,-,VPS10 domain-containing receptor SorCS2,20210420,-
130825,121146588,PROM1,-,-,-,Un,-,prominin 1,protein-coding,-,-,-,prominin-1,20210420,-
130825,121146589,LOC121146589,-,-,-,Un,-,olfactory receptor 7A10-like,pseudo,-,-,-,-,20210420,-
130825,121146590,LOC121146590,-,-,-,Un,-,ubiquitin carboxyl-terminal hydrolase isozyme L3-like,pseudo,-,-,-,-,20210420,-
130825,121146591,UVSSA,-,-,-,Un,-,UV stimulated scaffold protein A,protein-coding,-,-,-,UV-stimulated scaffold protein A,20210420,-
130825,121146592,DGKQ,-,-,-,Un,-,diacylglycerol kinase theta,protein-coding,-,-,-,diacylglycerol kinase theta,20210420,-
130825,121146593,PDGFRL,-,-,-,Un,-,platelet derived growth factor receptor like,protein-coding,-,-,-,platelet-derived growth factor receptor-like protein,20210420,-
130825,121146594,RPL9,-,-,-,Un,-,ribosomal protein L9,protein-coding,-,-,-,60S ribosomal protein L9,20210420,-
130825,121146595,ESCO2,-,-,-,Un,-,establishment of sister chromatid cohesion N-acetyltransferase 2,protein-coding,-,-,-,N-acetyltransferase ESCO2,20210420,-
130825,121146596,LOC121146596,-,-,-,Un,-,olfactory receptor 7A10-like,pseudo,-,-,-,-,20210420,-
130825,121146597,PBK,-,-,-,Un,-,PDZ binding kinase,protein-coding,-,-,-,lymphokine-activated killer T-cell-originated protein kinase,20210420,-
130825,121146598,IDUA,-,-,-,Un,-,alpha-L-iduronidase,protein-coding,-,-,-,alpha-L-iduronidase,20210420,-
130825,121146599,RWDD4,-,-,-,Un,-,RWD domain containing 4,protein-coding,-,-,-,RWD domain-containing protein 4,20210420,-
130825,121146600,BST1,-,-,-,Un,-,bone marrow stromal cell antigen 1,protein-coding,-,-,-,ADP-ribosyl cyclase/cyclic ADP-ribose hydrolase 2,20210420,-
130825,121146601,GRK4,-,-,-,Un,-,G protein-coupled receptor kinase 4,protein-coding,-,-,-,G protein-coupled receptor kinase 4,20210420,-
130825,121146602,SCARA5,-,-,-,Un,-,scavenger receptor class A member 5,protein-coding,-,-,-,scavenger receptor class A member 5,20210420,-
130825,121146603,ZFYVE28,-,-,-,Un,-,zinc finger FYVE-type containing 28,protein-coding,-,-,-,lateral signaling target protein 2 homolog,20210420,-
130825,121146604,LOC121146604,-,-,-,Un,-,disintegrin and metalloproteinase domain-containing protein 29-like,protein-coding,-,-,-,disintegrin and metalloproteinase domain-containing protein 29-like,20210420,-
130825,121146605,LOC121146605,-,-,-,Un,-,"28S ribosomal protein S18c, mitochondrial-like",pseudo,-,-,-,-,20210420,-
130825,121146606,COMMD8,-,-,-,Un,-,COMM domain containing 8,protein-coding,-,-,-,COMM domain-containing protein 8,20210420,-
130825,121146607,VEGFC,-,-,-,Un,-,vascular endothelial growth factor C,protein-coding,-,-,-,vascular endothelial growth factor C,20210420,-
130825,121146608,ING2,-,-,-,Un,-,inhibitor of growth family member 2,protein-coding,-,-,-,inhibitor of growth protein 2,20210420,-
130825,121146609,LOC121146609,-,-,-,Un,-,"cytochrome c oxidase subunit 7B, mitochondrial",protein-coding,-,-,-,"cytochrome c oxidase subunit 7B, mitochondrial",20210420,-
130825,121146610,SAP30,-,-,-,Un,-,Sin3A associated protein 30,protein-coding,-,-,-,histone deacetylase complex subunit SAP30,20210420,-
130825,121146611,LIAS,-,-,-,Un,-,lipoic acid synthetase,protein-coding,-,-,-,"lipoyl synthase, mitochondrial",20210420,-
130825,121146612,DTHD1,-,-,-,Un,-,death domain containing 1,protein-coding,-,-,-,death domain-containing protein 1,20210420,-
130825,121146613,BFSP2,-,-,-,Un,-,beaded filament structural protein 2,protein-coding,-,-,-,phakinin,20210420,-
130825,121146614,TRIML1,-,-,-,Un,-,tripartite motif family like 1,protein-coding,-,-,-,probable E3 ubiquitin-protein ligase TRIML1,20210420,-
130825,121146615,SHISA3,-,-,-,Un,-,shisa family member 3,protein-coding,-,-,-,protein shisa-3 homolog,20210420,-
130825,121146616,TNIP2,-,-,-,Un,-,TNFAIP3 interacting protein 2,protein-coding,-,-,-,TNFAIP3-interacting protein 2,20210420,-
130825,121146617,NOP14,-,-,-,Un,-,NOP14 nucleolar protein,protein-coding,-,-,-,nucleolar protein 14,20210420,-
130825,121146618,ADD1,-,-,-,Un,-,adducin 1,protein-coding,-,-,-,alpha-adducin,20210420,-
130825,121146619,TMEM108,-,-,-,Un,-,transmembrane protein 108,protein-coding,-,-,-,transmembrane protein 108,20210420,-
130825,121146620,SH3BP2,-,-,-,Un,-,SH3 domain binding protein 2,protein-coding,-,-,-,SH3 domain-binding protein 2,20210420,-
130825,121146621,MFSD10,-,-,-,Un,-,major facilitator superfamily domain containing 10,protein-coding,-,-,-,major facilitator superfamily domain-containing protein 10,20210420,-
130825,121146622,LYAR,-,-,-,Un,-,Ly1 antibody reactive,protein-coding,-,-,-,cell growth-regulating nucleolar protein,20210420,-
130825,121146623,TLR3,-,-,-,Un,-,toll like receptor 3,protein-coding,-,-,-,toll-like receptor 3,20210420,-
130825,121146624,PRSS55,-,-,-,Un,-,serine protease 55,protein-coding,-,-,-,serine protease 55,20210420,-
130825,121146625,DCTD,-,-,-,Un,-,dCMP deaminase,protein-coding,-,-,-,deoxycytidylate deaminase,20210420,-
130825,121146626,LOC121146626,-,-,-,Un,-,ubiquitin-conjugating enzyme E2 S-like,pseudo,-,-,-,-,20210420,-
130825,121146627,TMEM128,-,-,-,Un,-,transmembrane protein 128,protein-coding,-,-,-,transmembrane protein 128,20210420,-
130825,121146628,CPZ,-,-,-,Un,-,carboxypeptidase Z,protein-coding,-,-,-,carboxypeptidase Z,20210420,-
130825,121146629,MSX1,-,-,-,Un,-,msh homeobox 1,protein-coding,-,-,-,homeobox protein MSX-1,20210420,-
130825,121146630,WWC2,-,-,-,Un,-,WW and C2 domain containing 2,protein-coding,-,-,-,protein WWC2,20210420,-
130825,121146631,LOC121146631,-,-,-,Un,-,uncharacterized LOC121146631,ncRNA,-,-,-,-,20210420,-
130825,121146632,PHOX2B,-,-,-,Un,-,paired like homeobox 2B,protein-coding,-,-,-,paired mesoderm homeobox protein 2B,20210420,-
130825,121146633,TRMT44,-,-,-,Un,-,tRNA methyltransferase 44 homolog,protein-coding,-,-,-,probable tRNA (uracil-O(2)-)-methyltransferase,20210420,-
130825,121146634,SH3TC1,-,-,-,Un,-,SH3 domain and tetratricopeptide repeats 1,protein-coding,-,-,-,SH3 domain and tetratricopeptide repeat-containing protein 1,20210420,-
130825,121146635,LOC121146635,-,-,-,Un,-,stem-loop binding protein,protein-coding,-,-,-,histone RNA hairpin-binding protein,20210420,-
130825,121146636,LOC121146636,-,-,-,Un,-,60S ribosomal protein L23a-like,protein-coding,-,-,-,60S ribosomal protein L23a-like,20210420,-
130825,121146637,LOC121146637,-,-,-,Un,-,cysteine and glycine-rich protein 2-like,pseudo,-,-,-,-,20210420,-
130825,121146638,CPEB2,-,-,-,Un,-,cytoplasmic polyadenylation element binding protein 2,protein-coding,-,-,-,cytoplasmic polyadenylation element-binding protein 2,20210420,-
130825,121146639,SIMC1,-,-,-,Un,-,SUMO interacting motifs containing 1,protein-coding,-,-,-,SUMO-interacting motif-containing protein 1,20210420,-
130825,121146640,EVC,-,-,-,Un,-,EvC ciliary complex subunit 1,protein-coding,-,-,-,ellis-van Creveld syndrome protein,20210420,-
130825,121146641,NWD2,-,-,-,Un,-,NACHT and WD repeat domain containing 2,protein-coding,-,-,-,NACHT and WD repeat domain-containing protein 2,20210420,-
130825,121146642,CLDN24,-,-,-,Un,-,claudin 24,protein-coding,-,-,-,putative claudin-24,20210420,-
130825,121146643,LOC121146643,-,-,-,Un,-,olfactory receptor 7A10-like,protein-coding,-,-,-,olfactory receptor 7A10-like,20210420,-
130825,121146644,SOD3,-,-,-,Un,-,superoxide dismutase 3,protein-coding,-,-,-,extracellular superoxide dismutase [Cu-Zn],20210420,-
130825,121146645,HS3ST1,-,-,-,Un,-,heparan sulfate-glucosamine 3-sulfotransferase 1,protein-coding,-,-,-,heparan sulfate glucosamine 3-O-sulfotransferase 1,20210420,-
130825,121146646,FGF20,-,-,-,Un,-,fibroblast growth factor 20,protein-coding,-,-,-,fibroblast growth factor 20,20210420,-
130825,121146647,MTUS1,-,-,-,Un,-,microtubule associated scaffold protein 1,protein-coding,-,-,-,microtubule-associated tumor suppressor 1,20210420,-
130825,121146648,ZBTB49,-,-,-,Un,-,zinc finger and BTB domain containing 49,protein-coding,-,-,-,zinc finger and BTB domain-containing protein 49,20210420,-
130825,121146649,HPGD,-,-,-,Un,-,15-hydroxyprostaglandin dehydrogenase,protein-coding,-,-,-,15-hydroxyprostaglandin dehydrogenase [NAD(+)],20210420,-
130825,121146650,LOC121146650,-,-,-,Un,-,olfactory receptor 7A10-like,protein-coding,-,-,-,olfactory receptor 7A10-like,20210420,-
130825,121146651,RGS12,-,-,-,Un,-,regulator of G protein signaling 12,protein-coding,-,-,-,regulator of G-protein signaling 12,20210420,-
130825,121146652,ACOX3,-,-,-,Un,-,"acyl-CoA oxidase 3, pristanoyl",protein-coding,-,-,-,peroxisomal acyl-coenzyme A oxidase 3,20210420,-
130825,121146653,CYTL1,-,-,-,Un,-,cytokine like 1,protein-coding,-,-,-,cytokine-like protein 1,20210420,-
130825,121146654,LOC121146654,-,-,-,Un,-,uncharacterized LOC121146654,ncRNA,-,-,-,-,20210420,-
130825,121146655,LOC121146655,-,-,-,Un,-,uncharacterized LOC121146655,ncRNA,-,-,-,-,20210420,-
130825,121146656,LOC121146656,-,-,-,Un,-,S100 calcium binding protein P,protein-coding,-,-,-,protein S100-P,20210420,-
130825,121146657,SPATA18,-,-,-,Un,-,spermatogenesis associated 18,protein-coding,-,-,-,mitochondria-eating protein,20210420,-
130825,121146658,LOC121146658,-,-,-,Un,-,acidic leucine-rich nuclear phosphoprotein 32 family member E-like,pseudo,-,-,-,-,20210420,-
130825,121146659,LOC121146659,-,-,-,Un,-,non-histone chromosomal protein HMG-17-like,pseudo,-,-,-,-,20210420,-
130825,121146660,GABRA2,-,-,-,Un,-,gamma-aminobutyric acid type A receptor subunit alpha2,protein-coding,-,-,-,gamma-aminobutyric acid receptor subunit alpha-2,20210420,-
130825,121146661,GRXCR1,-,-,-,Un,-,glutaredoxin and cysteine rich domain containing 1,protein-coding,-,-,-,glutaredoxin domain-containing cysteine-rich protein 1,20210420,-
130825,121146662,LOC121146662,-,-,-,Un,-,uncharacterized LOC121146662,ncRNA,-,-,-,-,20210420,-
130825,121146663,LOC121146663,-,-,-,Un,-,LRP2 binding protein,protein-coding,-,-,-,LRP2-binding protein,20210420,-
130825,121146664,LRPAP1,-,-,-,Un,-,LDL receptor related protein associated protein 1,protein-coding,-,-,-,alpha-2-macroglobulin receptor-associated protein,20210420,-
130825,121146665,LOC121146665,-,-,-,Un,-,uncharacterized LOC121146665,ncRNA,-,-,-,-,20210420,-
130825,121146666,ENPP6,-,-,-,Un,-,ectonucleotide pyrophosphatase/phosphodiesterase 6,protein-coding,-,-,-,glycerophosphocholine cholinephosphodiesterase ENPP6,20210420,-
130825,121146667,PNOC,-,-,-,Un,-,prepronociceptin,protein-coding,-,-,-,prepronociceptin,20210420,-
130825,121146668,LOC121146668,-,-,-,Un,-,uncharacterized LOC121146668,ncRNA,-,-,-,-,20210420,-
130825,121146669,NEIL3,-,-,-,Un,-,nei like DNA glycosylase 3,protein-coding,-,-,-,endonuclease 8-like 3,20210420,-
130825,121146670,PPP2R2A,-,-,-,Un,-,protein phosphatase 2 regulatory subunit Balpha,protein-coding,-,-,-,serine/threonine-protein phosphatase 2A 55 kDa regulatory subunit B alpha isoform,20210522,-
130825,121146671,SPATA4,-,-,-,Un,-,spermatogenesis associated 4,protein-coding,-,-,-,spermatogenesis-associated protein 4,20210420,-
130825,121146672,LOC121146672,-,-,-,Un,-,uncharacterized LOC121146672,ncRNA,-,-,-,-,20210420,-
130825,121146673,TUSC3,-,-,-,Un,-,tumor suppressor candidate 3,protein-coding,-,-,-,tumor suppressor candidate 3,20210501,-
130825,121146674,LOC121146674,-,-,-,Un,-,40S ribosomal protein S23-like,pseudo,-,-,-,-,20210420,-
130825,121146675,KLKB1,-,-,-,Un,-,kallikrein B1,protein-coding,-,-,-,plasma kallikrein,20210420,-
130825,121146676,LOC121146676,-,-,-,Un,-,uncharacterized LOC121146676,ncRNA,-,-,-,-,20210420,-
130825,121146677,LOC121146677,-,-,-,Un,-,phosphoglycerate mutase 1-like,pseudo,-,-,-,-,20210420,-
130825,121146678,ZDHHC2,-,-,-,Un,-,zinc finger DHHC-type palmitoyltransferase 2,protein-coding,-,-,-,palmitoyltransferase ZDHHC2,20210420,-
130825,121146679,HELT,-,-,-,Un,-,helt bHLH transcription factor,protein-coding,-,-,-,hairy and enhancer of split-related protein HELT,20210420,-
130825,121146680,SGCB,-,-,-,Un,-,sarcoglycan beta,protein-coding,-,-,-,beta-sarcoglycan,20210420,-
130825,121146681,RBPJ,-,-,-,Un,-,recombination signal binding protein for immunoglobulin kappa J region,protein-coding,-,-,-,recombining binding protein suppressor of hairless,20210420,-
130825,121146682,LOC121146682,-,-,-,Un,-,U1 spliceosomal RNA,snRNA,-,-,-,-,20210420,-
130825,121146683,SH3RF1,-,-,-,Un,-,SH3 domain containing ring finger 1,protein-coding,-,-,-,E3 ubiquitin-protein ligase SH3RF1,20210420,-
130825,121146684,PPP1R3B,-,-,-,Un,-,protein phosphatase 1 regulatory subunit 3B,protein-coding,-,-,-,protein phosphatase 1 regulatory subunit 3B,20210420,-
130825,121146685,SCRG1,-,-,-,Un,-,stimulator of chondrogenesis 1,protein-coding,-,-,-,scrapie-responsive protein 1,20210420,-
130825,121146686,LOC121146686,-,-,-,Un,-,uncharacterized LOC121146686,ncRNA,-,-,-,-,20210420,-
130825,121146687,FAT1,-,-,-,Un,-,FAT atypical cadherin 1,protein-coding,-,-,-,protocadherin Fat 1,20210420,-
130825,121146688,CLCN3,-,-,-,Un,-,chloride voltage-gated channel 3,protein-coding,-,-,-,H(+)/Cl(-) exchange transporter 3,20210420,-
130825,121146689,LOC121146689,-,-,-,Un,-,U4 spliceosomal RNA,pseudo,-,-,-,-,20210420,-
130825,121146690,PDS5A,-,-,-,Un,-,PDS5 cohesin associated factor A,protein-coding,-,-,-,sister chromatid cohesion protein PDS5 homolog A,20210420,-
130825,121146691,LOC121146691,-,-,-,Un,-,60S ribosomal protein L9-like,pseudo,-,-,-,-,20210420,-
130825,121146692,LOC121146692,-,-,-,Un,-,U6 spliceosomal RNA,snRNA,-,-,-,-,20210420,-
130825,121146693,ADRA2C,-,-,-,Un,-,adrenoceptor alpha 2C,protein-coding,-,-,-,alpha-2C adrenergic receptor,20210420,-
130825,121146694,MSANTD1,-,-,-,Un,-,Myb/SANT DNA binding domain containing 1,protein-coding,-,-,-,myb/SANT-like DNA-binding domain-containing protein 1,20210420,-
130825,121146695,WDR19,-,-,-,Un,-,WD repeat domain 19,protein-coding,-,-,-,WD repeat-containing protein 19,20210420,-
130825,121146696,RFC1,-,-,-,Un,-,replication factor C subunit 1,protein-coding,-,-,-,replication factor C subunit 1,20210420,-
130825,121146697,KIF13B,-,-,-,Un,-,kinesin family member 13B,protein-coding,-,-,-,kinesin-like protein KIF13B,20210420,-
130825,121146698,LOC121146698,-,-,-,Un,-,uncharacterized LOC121146698,ncRNA,-,-,-,-,20210420,-
130825,121146699,TRNAG-GCC,-,-,-,Un,-,transfer RNA glycine (anticodon GCC),tRNA,-,-,-,-,20210420,-
130825,121146700,TMEM156,-,-,-,Un,-,transmembrane protein 156,protein-coding,-,-,-,transmembrane protein 156,20210420,-
130825,121146701,KLB,-,-,-,Un,-,klotho beta,protein-coding,-,-,-,beta-klotho,20210420,-
130825,121146702,SEL1L3,-,-,-,Un,-,SEL1L family member 3,protein-coding,-,-,-,protein sel-1 homolog 3,20210420,-
130825,121146703,LOC121146703,-,-,-,Un,-,cyclic AMP-dependent transcription factor ATF-1-like,pseudo,-,-,-,-,20210420,-
130825,121146704,TRIML2,-,-,-,Un,-,tripartite motif family like 2,protein-coding,-,-,-,probable E3 ubiquitin-protein ligase TRIML2,20210420,-
130825,121146705,BNIP3L,-,-,-,Un,-,BCL2 interacting protein 3 like,protein-coding,-,-,-,BCL2/adenovirus E1B 19 kDa protein-interacting protein 3-like,20210420,-
130825,121146706,LOC121146706,-,-,-,Un,-,claudin-22-like,protein-coding,-,-,-,claudin-22-like,20210420,-
130825,121146707,ACSL1,-,-,-,Un,-,acyl-CoA synthetase long chain family member 1,protein-coding,-,-,-,long-chain-fatty-acid--CoA ligase 1,20210420,-
130825,121146708,TLR6,-,-,-,Un,-,toll like receptor 6,protein-coding,-,-,-,toll-like receptor 6,20210420,-
130825,121146709,LOC121146709,-,-,-,Un,-,ubiquitin-conjugating enzyme E2 S-like,pseudo,-,-,-,-,20210420,-
130825,121146710,TLR1,-,-,-,Un,-,toll like receptor 1,protein-coding,-,-,-,toll-like receptor 1,20210420,-
130825,121146711,LOC121146711,-,-,-,Un,-,uncharacterized LOC121146711,ncRNA,-,-,-,-,20210420,-
130825,121146712,PRIMPOL,-,-,-,Un,-,primase and DNA directed polymerase,protein-coding,-,-,-,DNA-directed primase/polymerase protein,20210420,-
130825,121146713,LOC121146713,-,-,-,Un,-,cyclic AMP-dependent transcription factor ATF-1-like,pseudo,-,-,-,-,20210420,-
130825,121146714,CASP3,-,-,-,Un,-,caspase 3,protein-coding,-,-,-,caspase-3,20210420,-
130825,121146715,LOC121146715,-,-,-,Un,-,uncharacterized LOC121146715,ncRNA,-,-,-,-,20210420,-
130825,121146716,SPON2,-,-,-,Un,-,spondin 2,protein-coding,-,-,-,spondin-2,20210420,-
130825,121146717,STIM2,-,-,-,Un,-,stromal interaction molecule 2,protein-coding,-,-,-,stromal interaction molecule 2,20210420,-
130825,121146718,LOC121146718,-,-,-,Un,-,tropomyosin alpha-3 chain-like,pseudo,-,-,-,-,20210420,-
130825,121146719,LOC121146719,-,-,-,Un,-,cyclic AMP-dependent transcription factor ATF-1-like,pseudo,-,-,-,-,20210420,-
130825,121146720,PSAPL1,-,-,-,Un,-,prosaposin like 1,protein-coding,-,-,-,proactivator polypeptide-like 1,20210420,-
130825,121146721,MSR1,-,-,-,Un,-,macrophage scavenger receptor 1,protein-coding,-,-,-,macrophage scavenger receptor types I and II,20210420,-
130825,121146722,LOC121146722,-,-,-,Un,-,40S ribosomal protein S15-like,pseudo,-,-,-,-,20210420,-
130825,121146723,LOC121146723,-,-,-,Un,-,glucosamine 6-phosphate N-acetyltransferase-like,pseudo,-,-,-,-,20210420,-
130825,121146724,LOC121146724,-,-,-,Un,-,glucosamine 6-phosphate N-acetyltransferase-like,pseudo,-,-,-,-,20210420,-
130825,121146725,LOC121146725,-,-,-,Un,-,glucosamine 6-phosphate N-acetyltransferase-like,pseudo,-,-,-,-,20210420,-
130825,121146726,LOC121146726,-,-,-,Un,-,glucosamine 6-phosphate N-acetyltransferase-like,pseudo,-,-,-,-,20210420,-
130825,121146727,LOC121146727,-,-,-,Un,-,cyclic AMP-dependent transcription factor ATF-1-like,pseudo,-,-,-,-,20210420,-
130825,121146728,LOC121146728,-,-,-,Un,-,NADH dehydrogenase [ubiquinone] 1 alpha subcomplex subunit 5-like,pseudo,-,-,-,-,20210420,-
130825,121146729,LOC121146729,-,-,-,Un,-,zinc finger CCHC-type and RNA-binding motif-containing protein 1-like,pseudo,-,-,-,-,20210420,-
130825,121146730,LOC121146730,-,-,-,Un,-,40S ribosomal protein S15a-like,pseudo,-,-,-,-,20210420,-
130825,121146731,LOC121146731,-,-,-,Un,-,UBX domain-containing protein 2A-like,pseudo,-,-,-,-,20210420,-
130825,121146732,LOC121146732,-,-,-,Un,-,anomalous homeobox protein-like,pseudo,-,-,-,-,20210420,-
130825,121146733,RNF212,-,-,-,Un,-,ring finger protein 212,protein-coding,-,-,-,probable E3 SUMO-protein ligase RNF212,20210420,-
130825,121146734,LOC121146734,-,-,-,Un,-,transmembrane emp24 domain-containing protein 11-like,protein-coding,-,-,-,transmembrane emp24 domain-containing protein 11-like,20210420,-
130825,121146735,HAND2,-,-,-,Un,-,heart and neural crest derivatives expressed 2,protein-coding,-,-,-,heart- and neural crest derivatives-expressed protein 2,20210420,-
130825,121146736,CUNH4orf48,-,-,-,Un,-,chromosome unknown C4orf48 homolog,protein-coding,-,-,-,neuropeptide-like protein C4orf48 homolog,20210420,-
130825,121146737,POLN,-,-,-,Un,-,DNA polymerase nu,protein-coding,-,-,-,DNA polymerase nu,20210420,-
130825,121146738,LOC121146738,-,-,-,Un,-,40S ribosomal protein S23-like,pseudo,-,-,-,-,20210420,-
130825,121146739,HAUS3,-,-,-,Un,-,HAUS augmin like complex subunit 3,protein-coding,-,-,-,HAUS augmin-like complex subunit 3,20210420,-
130825,121146740,HGFAC,-,-,-,Un,-,HGF activator,protein-coding,-,-,-,hepatocyte growth factor activator,20210420,-
130825,121146741,CCDC96,-,-,-,Un,-,coiled-coil domain containing 96,protein-coding,-,-,-,coiled-coil domain-containing protein 96,20210420,-
130825,121146742,LOC121146742,-,-,-,Un,-,basic proline-rich protein-like,protein-coding,-,-,-,basic proline-rich protein-like,20210420,-
130825,121146743,BLOC1S4,-,-,-,Un,-,biogenesis of lysosomal organelles complex 1 subunit 4,protein-coding,-,-,-,biogenesis of lysosome-related organelles complex 1 subunit 4,20210420,-
130825,121146744,CUNH4orf50,-,-,-,Un,-,chromosome unknown C4orf50 homolog,protein-coding,-,-,-,uncharacterized protein C4orf50 homolog,20210420,-
130825,121146745,LOC121146745,-,-,-,Un,-,40S ribosomal protein S18-like,pseudo,-,-,-,-,20210420,-
130825,121146746,EVC2,-,-,-,Un,-,EvC ciliary complex subunit 2,protein-coding,-,-,-,limbin,20210420,-
130825,121146747,OTOP1,-,-,-,Un,-,otopetrin 1,protein-coding,-,-,-,proton channel OTOP1,20210420,-
130825,121146748,SLC2A9,-,-,-,Un,-,solute carrier family 2 member 9,protein-coding,-,-,-,"solute carrier family 2, facilitated glucose transporter member 9",20210420,-
130825,121146749,LOC121146749,-,-,-,Un,-,cyclic AMP-dependent transcription factor ATF-1-like,pseudo,-,-,-,-,20210420,-
130825,121146750,LOC121146750,-,-,-,Un,-,ferritin light chain 1-like,pseudo,-,-,-,-,20210420,-
130825,121146751,LOC121146751,-,-,-,Un,-,"bifunctional methylenetetrahydrofolate dehydrogenase/cyclohydrolase, mitochondrial-like",pseudo,-,-,-,-,20210420,-
130825,121146752,DOCK5,-,-,-,Un,-,dedicator of cytokinesis 5,protein-coding,-,-,-,dedicator of cytokinesis protein 5,20210420,-
130825,121146753,DEFB134,-,-,-,Un,-,defensin beta 134,protein-coding,-,-,-,beta-defensin 134,20210420,-
130825,121146754,CLNK,-,-,-,Un,-,cytokine dependent hematopoietic cell linker,protein-coding,-,-,-,cytokine-dependent hematopoietic cell linker,20210420,-
130825,121146755,LOC121146755,-,-,-,Un,-,uncharacterized LOC121146755,pseudo,-,-,-,-,20210420,-
130825,121146756,LOC121146756,-,-,-,Un,-,classical arabinogalactan protein 4-like,protein-coding,-,-,-,classical arabinogalactan protein 4-like,20210420,-
130825,121146757,CPLX1,-,-,-,Un,-,complexin 1,protein-coding,-,-,-,complexin-1,20210420,-
130825,121146758,LOC121146758,-,-,-,Un,-,fibroblast growth factor-binding protein 1-like,protein-coding,-,-,-,fibroblast growth factor-binding protein 1-like,20210420,-
130825,121146759,LOC121146759,-,-,-,Un,-,cleavage stimulation factor subunit 3-like,pseudo,-,-,-,-,20210420,-
130825,121146760,LOC121146760,-,-,-,Un,-,cyclic AMP-dependent transcription factor ATF-1-like,pseudo,-,-,-,-,20210420,-
130825,121146761,FAM184B,-,-,-,Un,-,family with sequence similarity 184 member B,protein-coding,-,-,-,protein FAM184B,20210420,-
130825,121146762,NSUN7,-,-,-,Un,-,NOP2/Sun RNA methyltransferase family member 7,protein-coding,-,-,-,putative methyltransferase NSUN7,20210420,-
130825,121146763,SLC34A2,-,-,-,Un,-,solute carrier family 34 member 2,protein-coding,-,-,-,sodium-dependent phosphate transport protein 2B,20210420,-
130825,121146764,LOC121146764,-,-,-,Un,-,PSME3-interacting protein-like,pseudo,-,-,-,-,20210420,-
130825,121146765,CCKAR,-,-,-,Un,-,cholecystokinin A receptor,protein-coding,-,-,-,cholecystokinin receptor type A,20210420,-
130825,121146766,LOC121146766,-,-,-,Un,-,receptor expression-enhancing protein 3-like,pseudo,-,-,-,-,20210420,-
130825,121146767,PCDH7,-,-,-,Un,-,protocadherin 7,protein-coding,-,-,-,protocadherin-7,20210420,-
130825,121146768,WDR1,-,-,-,Un,-,WD repeat domain 1,protein-coding,-,-,-,WD repeat-containing protein 1,20210420,-
130825,121146769,LOC121146769,-,-,-,Un,-,mitochondrial intermembrane space import and assembly protein 40-like,pseudo,-,-,-,-,20210420,-
130825,121146770,LOC121146770,-,-,-,Un,-,cyclic AMP-dependent transcription factor ATF-1-like,pseudo,-,-,-,-,20210420,-
130825,121146771,FGFBP2,-,-,-,Un,-,fibroblast growth factor binding protein 2,protein-coding,-,-,-,fibroblast growth factor-binding protein 2,20210420,-
130825,121146772,LOC121146772,-,-,-,Un,-,transcription elongation factor SPT4-A-like,pseudo,-,-,-,-,20210420,-
130825,121146773,LOC121146773,-,-,-,Un,-,dnaJ homolog subfamily C member 17-like,pseudo,-,-,-,-,20210420,-
130825,121146774,LOC121146774,-,-,-,Un,-,dual specificity protein phosphatase 14-like,protein-coding,-,-,-,LOW QUALITY PROTEIN: dual specificity protein phosphatase 14-like,20210420,-
130825,121146775,KIAA1191,-,-,-,Un,-,KIAA1191 ortholog,protein-coding,-,-,-,putative monooxygenase p33MONOX,20210420,-
130825,121146776,APBB2,-,-,-,Un,-,amyloid beta precursor protein binding family B member 2,protein-coding,-,-,-,amyloid-beta A4 precursor protein-binding family B member 2,20210420,-
130825,121146777,LOC121146777,-,-,-,Un,-,glyceraldehyde-3-phosphate dehydrogenase-like,pseudo,-,-,-,-,20210420,-
130825,121146778,DHX15,-,-,-,Un,-,DEAH-box helicase 15,protein-coding,-,-,-,pre-mRNA-splicing factor ATP-dependent RNA helicase DHX15,20210420,-
130825,121146779,LRRC66,-,-,-,Un,-,leucine rich repeat containing 66,protein-coding,-,-,-,leucine-rich repeat-containing protein 66,20210420,-
130825,121146780,DEFB109B,-,-,-,Un,-,defensin beta 109B,protein-coding,-,-,-,putative beta-defensin 109B,20210420,-
130825,121146781,LOC121146781,-,-,-,Un,-,beta-defensin 130B-like,protein-coding,-,-,-,beta-defensin 130B-like,20210420,-
130825,121146782,LOC121146782,-,-,-,Un,-,ubiquitin-conjugating enzyme E2 S-like,pseudo,-,-,-,-,20210420,-
130825,121146783,DEFB136,-,-,-,Un,-,defensin beta 136,protein-coding,-,-,-,beta-defensin 136,20210420,-
130825,121146784,RP1L1,-,-,-,Un,-,RP1 like 1,protein-coding,-,-,-,retinitis pigmentosa 1-like 1 protein,20210420,-
130825,121146785,LOC121146785,-,-,-,Un,-,serine protease 52-like,protein-coding,-,-,-,serine protease 52-like,20210420,-
130825,121146786,PCM1,-,-,-,Un,-,pericentriolar material 1,protein-coding,-,-,-,pericentriolar material 1 protein,20210420,-
130825,121146787,LOC121146787,-,-,-,Un,-,U6 snRNA-associated Sm-like protein LSm8,protein-coding,-,-,-,U6 snRNA-associated Sm-like protein LSm8,20210420,-
130825,121146788,SOX7,-,-,-,Un,-,SRY-box transcription factor 7,protein-coding,-,-,-,transcription factor SOX-7,20210420,-
130825,121146789,NUGGC,-,-,-,Un,-,"nuclear GTPase, germinal center associated",protein-coding,-,-,-,nuclear GTPase SLIP-GC,20210420,-
130825,121146790,KLF3,-,-,-,Un,-,Kruppel like factor 3,protein-coding,-,-,-,Krueppel-like factor 3,20210420,-
130825,121146791,SCARA3,-,-,-,Un,-,scavenger receptor class A member 3,protein-coding,-,-,-,scavenger receptor class A member 3,20210420,-
130825,121146792,LOC121146792,-,-,-,Un,-,40S ribosomal protein S23-like,pseudo,-,-,-,-,20210420,-
130825,121146793,LOC121146793,-,-,-,Un,-,L-gulonolactone oxidase,protein-coding,-,-,-,L-gulonolactone oxidase,20210420,-
130825,121146794,LOC121146794,-,-,-,Un,-,disintegrin and metalloproteinase domain-containing protein 2-like,protein-coding,-,-,-,disintegrin and metalloproteinase domain-containing protein 2-like,20210420,-
130825,121146795,PNMA2,-,-,-,Un,-,PNMA family member 2,protein-coding,-,-,-,LOW QUALITY PROTEIN: paraneoplastic antigen Ma2,20210420,-
130825,121146796,LOC121146796,-,-,-,Un,-,serine protease 55-like,protein-coding,-,-,-,serine protease 55-like,20210420,-
130825,121146797,NKX3-2,-,-,-,Un,-,NK3 homeobox 2,protein-coding,-,-,-,homeobox protein Nkx-3.2,20210420,-
130825,121146798,LOC121146798,-,-,-,Un,-,uncharacterized LOC121146798,ncRNA,-,-,-,-,20210420,-
130825,121146799,LOC121146799,-,-,-,Un,-,"L-threonine 3-dehydrogenase, mitochondrial",protein-coding,-,-,-,"L-threonine 3-dehydrogenase, mitochondrial",20210420,-
130825,121146800,ATP8A1,-,-,-,Un,-,ATPase phospholipid transporting 8A1,protein-coding,-,-,-,phospholipid-transporting ATPase IA,20210420,-
130825,121146801,LOC121146801,-,-,-,Un,-,uncharacterized LOC121146801,ncRNA,-,-,-,-,20210420,-
130825,121146802,LOC121146802,-,-,-,Un,-,ubiquitin-conjugating enzyme E2 S-like,pseudo,-,-,-,-,20210420,-
130825,121146803,ATP10D,-,-,-,Un,-,ATPase phospholipid transporting 10D (putative),protein-coding,-,-,-,phospholipid-transporting ATPase VD,20210420,-
130825,121146804,CORIN,-,-,-,Un,-,"corin, serine peptidase",protein-coding,-,-,-,atrial natriuretic peptide-converting enzyme,20210420,-
130825,121146805,NAT8L,-,-,-,Un,-,N-acetyltransferase 8 like,protein-coding,-,-,-,N-acetylaspartate synthetase,20210420,-
130825,121146806,RHOH,-,-,-,Un,-,ras homolog family member H,protein-coding,-,-,-,rho-related GTP-binding protein RhoH,20210420,-
130825,121146807,GALNT7,-,-,-,Un,-,polypeptide N-acetylgalactosaminyltransferase 7,protein-coding,-,-,-,N-acetylgalactosaminyltransferase 7,20210420,-
130825,121146808,LOC121146808,-,-,-,Un,-,mitochondrial import inner membrane translocase subunit Tim9-like,pseudo,-,-,-,-,20210420,-
130825,121146809,LOC121146809,-,-,-,Un,-,cyclic AMP-dependent transcription factor ATF-1-like,pseudo,-,-,-,-,20210420,-
130825,121146810,LOC121146810,-,-,-,Un,-,uncharacterized LOC121146810,ncRNA,-,-,-,-,20210420,-
130825,121146811,CNGA1,-,-,-,Un,-,cyclic nucleotide gated channel subunit alpha 1,protein-coding,-,-,-,cGMP-gated cation channel alpha-1,20210420,-
130825,121146812,TEC,-,-,-,Un,-,tec protein tyrosine kinase,protein-coding,-,-,-,tyrosine-protein kinase Tec,20210420,-
130825,121146813,TXK,-,-,-,Un,-,TXK tyrosine kinase,protein-coding,-,-,-,tyrosine-protein kinase TXK,20210420,-
130825,121146814,NIPAL1,-,-,-,Un,-,NIPA like domain containing 1,protein-coding,-,-,-,magnesium transporter NIPA3,20210420,-
130825,121146815,LOC121146815,-,-,-,Un,-,GTP-binding nuclear protein Ran-like,pseudo,-,-,-,-,20210420,-
130825,121146816,NKX1-1,-,-,-,Un,-,NK1 homeobox 1,protein-coding,-,-,-,NK1 transcription factor-related protein 1,20210420,-
130825,121146817,LOC121146817,-,-,-,Un,-,cyclic AMP-dependent transcription factor ATF-1-like,pseudo,-,-,-,-,20210420,-
130825,121146818,LOC121146818,-,-,-,Un,-,cytochrome c oxidase subunit NDUFA4-like,protein-coding,-,-,-,LOW QUALITY PROTEIN: cytochrome c oxidase subunit NDUFA4-like,20210420,-
130825,121146819,N4BP2,-,-,-,Un,-,NEDD4 binding protein 2,protein-coding,-,-,-,NEDD4-binding protein 2,20210420,-
130825,121146820,ZAR1,-,-,-,Un,-,zygote arrest 1,protein-coding,-,-,-,zygote arrest protein 1,20210420,-
130825,121146821,MTNR1A,-,-,-,Un,-,melatonin receptor 1A,protein-coding,-,-,-,melatonin receptor type 1A,20210420,-
130825,121146822,TBC1D14,-,-,-,Un,-,TBC1 domain family member 14,protein-coding,-,-,-,TBC1 domain family member 14,20210420,-
130825,121146823,UBE2K,-,-,-,Un,-,ubiquitin conjugating enzyme E2 K,protein-coding,-,-,-,ubiquitin-conjugating enzyme E2 K,20210515,-
130825,121146824,LOC121146824,-,-,-,Un,-,ubiquitin-conjugating enzyme E2 S-like,pseudo,-,-,-,-,20210420,-
130825,121146825,DRD5,-,-,-,Un,-,dopamine receptor D5,protein-coding,-,-,-,D(1B) dopamine receptor,20210420,-
130825,121146826,PGM2,-,-,-,Un,-,phosphoglucomutase 2,protein-coding,-,-,-,phosphoglucomutase-2,20210420,-
130825,121146827,AGA,-,-,-,Un,-,aspartylglucosaminidase,protein-coding,-,-,-,N(4)-(beta-N-acetylglucosaminyl)-L-asparaginase,20210420,-
130825,121146828,LOC121146828,-,-,-,Un,-,uncharacterized LOC121146828,ncRNA,-,-,-,-,20210420,-
130825,121146829,LOC121146829,-,-,-,Un,-,uncharacterized LOC121146829,ncRNA,-,-,-,-,20210420,-
130825,121146830,HMX1,-,-,-,Un,-,H6 family homeobox 1,protein-coding,-,-,-,homeobox protein HMX1,20210420,-
130825,121146831,NSD2,-,-,-,Un,-,nuclear receptor binding SET domain protein 2,protein-coding,-,-,-,histone-lysine N-methyltransferase NSD2,20210420,-
130825,121146832,LOC121146832,-,-,-,Un,-,cyclic AMP-dependent transcription factor ATF-1-like,pseudo,-,-,-,-,20210420,-
130825,121146833,FGFR3,-,-,-,Un,-,fibroblast growth factor receptor 3,protein-coding,-,-,-,fibroblast growth factor receptor 3,20210420,-
130825,121146834,LETM1,-,-,-,Un,-,leucine zipper and EF-hand containing transmembrane protein 1,protein-coding,-,-,-,mitochondrial proton/calcium exchanger protein,20210420,-
130825,121146835,NELFA,-,-,-,Un,-,negative elongation factor complex member A,protein-coding,-,-,-,negative elongation factor A,20210420,-
130825,121146836,SLAIN2,-,-,-,Un,-,SLAIN motif family member 2,protein-coding,-,-,-,SLAIN motif-containing protein 2,20210420,-
130825,121146837,LOC121146837,-,-,-,Un,-,ubiquitin-conjugating enzyme E2 S-like,pseudo,-,-,-,-,20210420,-
130825,121146838,SLC10A4,-,-,-,Un,-,solute carrier family 10 member 4,protein-coding,-,-,-,sodium/bile acid cotransporter 4,20210420,-
130825,121146839,KLHL5,-,-,-,Un,-,kelch like family member 5,protein-coding,-,-,-,kelch-like protein 5,20210420,-
130825,121146840,FRYL,-,-,-,Un,-,FRY like transcription coactivator,protein-coding,-,-,-,protein furry homolog-like,20210420,-
130825,121146841,LOC121146841,-,-,-,Un,-,ubiquitin-conjugating enzyme E2 S-like,pseudo,-,-,-,-,20210420,-
130825,121146842,CTSB,-,-,-,Un,-,cathepsin B,protein-coding,-,-,-,cathepsin B,20210420,-
130825,121146843,PPARGC1A,-,PGC1,-,Un,-,PPARG coactivator 1 alpha,protein-coding,-,-,-,peroxisome proliferator-activated receptor gamma coactivator 1-alpha|peroxisome proliferative activated receptor gamma coactivator 1,20210420,-
130825,121146844,LOC121146844,-,-,-,Un,-,uncharacterized LOC121146844,ncRNA,-,-,-,-,20210420,-
130825,121146845,LOC121146845,-,-,-,Un,-,uncharacterized LOC121146845,ncRNA,-,-,-,-,20210420,-
130825,121146846,LOC121146846,-,-,-,Un,-,uncharacterized LOC121146846,ncRNA,-,-,-,-,20210420,-
130825,121146847,PTK2B,-,-,-,Un,-,protein tyrosine kinase 2 beta,protein-coding,-,-,-,protein-tyrosine kinase 2-beta,20210420,-
130825,121146848,LOC121146848,-,-,-,Un,-,rho GTPase-activating protein 20-like,protein-coding,-,-,-,rho GTPase-activating protein 20-like,20210420,-
130825,121146849,CHRNA2,-,-,-,Un,-,cholinergic receptor nicotinic alpha 2 subunit,protein-coding,-,-,-,LOW QUALITY PROTEIN: neuronal acetylcholine receptor subunit alpha-2,20210420,-
130825,121146850,BOD1L1,-,-,-,Un,-,biorientation of chromosomes in cell division 1 like 1,protein-coding,-,-,-,biorientation of chromosomes in cell division protein 1-like 1,20210420,-
130825,121146851,LOC121146851,-,-,-,Un,-,uncharacterized LOC121146851,ncRNA,-,-,-,-,20210420,-
130825,121146852,SLC25A37,-,-,-,Un,-,solute carrier family 25 member 37,protein-coding,-,-,-,mitoferrin-1,20210420,-
130825,121146853,SEPSECS,-,-,-,Un,-,Sep (O-phosphoserine) tRNA:Sec (selenocysteine) tRNA synthase,protein-coding,-,-,-,O-phosphoseryl-tRNA(Sec) selenium transferase,20210420,-
130825,121146854,LOC121146854,-,-,-,Un,-,uncharacterized LOC121146854,ncRNA,-,-,-,-,20210420,-
130825,121146855,LOC121146855,-,-,-,Un,-,uncharacterized LOC121146855,ncRNA,-,-,-,-,20210420,-
130825,121146856,HTT,-,-,-,Un,-,huntingtin,protein-coding,-,-,-,huntingtin,20210420,-
130825,121146857,ELP3,-,-,-,Un,-,elongator acetyltransferase complex subunit 3,protein-coding,-,-,-,elongator complex protein 3,20210420,-
130825,121146858,LOC121146858,-,-,-,Un,-,uncharacterized LOC121146858,ncRNA,-,-,-,-,20210420,-
130825,121146859,NKX2-6,-,-,-,Un,-,NK2 homeobox 6,protein-coding,-,-,-,homeobox protein Nkx-2.6,20210420,-
130825,121146860,FBXL5,-,-,-,Un,-,F-box and leucine rich repeat protein 5,protein-coding,-,-,-,F-box/LRR-repeat protein 5,20210420,-
130825,121146861,LOC121146861,-,-,-,Un,-,uncharacterized LOC121146861,ncRNA,-,-,-,-,20210420,-
130825,121146862,DPYSL2,-,-,-,Un,-,dihydropyrimidinase like 2,protein-coding,-,-,-,dihydropyrimidinase-related protein 2,20210420,-
130825,121146863,SNX25,-,-,-,Un,-,sorting nexin 25,protein-coding,-,-,-,sorting nexin-25,20210420,-
130825,121146864,INTS9,-,-,-,Un,-,integrator complex subunit 9,protein-coding,-,-,-,integrator complex subunit 9,20210420,-
130825,121146865,LOC121146865,-,-,-,Un,-,60S ribosomal protein L14-like,pseudo,-,-,-,-,20210420,-
130825,121146866,LOC121146866,-,-,-,Un,-,uncharacterized LOC121146866,ncRNA,-,-,-,-,20210420,-
130825,121146867,CLDN23,-,-,-,Un,-,claudin 23,protein-coding,-,-,-,claudin-23,20210420,-
130825,121146868,FAM193A,-,-,-,Un,-,family with sequence similarity 193 member A,protein-coding,-,-,-,protein FAM193A,20210420,-
130825,121146869,CUNH8orf74,-,-,-,Un,-,chromosome unknown C8orf74 homolog,protein-coding,-,-,-,uncharacterized protein C8orf74 homolog,20210420,-
130825,121146870,FAM114A1,-,-,-,Un,-,family with sequence similarity 114 member A1,protein-coding,-,-,-,protein NOXP20,20210420,-
130825,121146871,DCUN1D4,-,-,-,Un,-,defective in cullin neddylation 1 domain containing 4,protein-coding,-,-,-,DCN1-like protein 4,20210420,-
130825,121146872,LOC121146872,-,-,-,Un,-,extracellular serine/threonine protein kinase FAM20C-like,pseudo,-,-,-,-,20210420,-
130825,121146873,KIAA0232,-,-,-,Un,-,KIAA0232 ortholog,protein-coding,-,-,-,uncharacterized protein KIAA0232 homolog,20210420,-
130825,121146874,SMIM14,-,-,-,Un,-,small integral membrane protein 14,protein-coding,-,-,-,small integral membrane protein 14,20210420,-
130825,121146875,SLIT2,-,-,-,Un,-,slit guidance ligand 2,protein-coding,-,-,-,slit homolog 2 protein,20210420,-
130825,121146876,LOC121146876,-,-,-,Un,-,uncharacterized LOC121146876,ncRNA,-,-,-,-,20210420,-
130825,121146877,ASB5,-,-,-,Un,-,ankyrin repeat and SOCS box containing 5,protein-coding,-,-,-,ankyrin repeat and SOCS box protein 5,20210420,-
130825,121146878,SPCS3,-,-,-,Un,-,signal peptidase complex subunit 3,protein-coding,-,-,-,signal peptidase complex subunit 3,20210501,-
130825,121146879,GAK,-,-,-,Un,-,cyclin G associated kinase,protein-coding,-,-,-,cyclin-G-associated kinase,20210420,-
130825,121146880,LOC121146880,-,-,-,Un,-,uncharacterized LOC121146880,ncRNA,-,-,-,-,20210420,-
130825,121146881,TMEM175,-,-,-,Un,-,transmembrane protein 175,protein-coding,-,-,-,endosomal/lysosomal potassium channel TMEM175,20210420,-
130825,121146882,LONRF1,-,-,-,Un,-,LON peptidase N-terminal domain and ring finger 1,protein-coding,-,-,-,LON peptidase N-terminal domain and RING finger protein 1,20210420,-
130825,121146883,DEFB135,-,-,-,Un,-,defensin beta 135,protein-coding,-,-,-,beta-defensin 135,20210420,-
130825,121146884,RAB28,-,-,-,Un,-,"RAB28, member RAS oncogene family",protein-coding,-,-,-,ras-related protein Rab-28,20210420,-
130825,121146885,LOC121146885,-,-,-,Un,-,uncharacterized LOC121146885,ncRNA,-,-,-,-,20210420,-
130825,121146886,LOC121146886,-,-,-,Un,-,uncharacterized LOC121146886,ncRNA,-,-,-,-,20210420,-
130825,121146887,LOC121146887,-,-,-,Un,-,5S ribosomal RNA,pseudo,-,-,-,-,20210420,-
130825,121146888,LOC121146888,-,-,-,Un,-,U6 spliceosomal RNA,pseudo,-,-,-,-,20210420,-
130825,121146889,LOC121146889,-,-,-,Un,-,U6 spliceosomal RNA,snRNA,-,-,-,-,20210420,-
130825,121146890,LOC121146890,-,-,-,Un,-,U6 spliceosomal RNA,snRNA,-,-,-,-,20210420,-
130825,121146891,LOC121146891,-,-,-,Un,-,U6 spliceosomal RNA,snRNA,-,-,-,-,20210420,-
130825,121146892,LOC121146892,-,-,-,Un,-,U6 spliceosomal RNA,snRNA,-,-,-,-,20210420,-
130825,121146893,LOC121146893,-,-,-,Un,-,U6 spliceosomal RNA,snRNA,-,-,-,-,20210420,-
130825,121146894,LOC121146894,-,-,-,Un,-,U6 spliceosomal RNA,snRNA,-,-,-,-,20210420,-
130825,121146895,LOC121146895,-,-,-,Un,-,uncharacterized LOC121146895,ncRNA,-,-,-,-,20210420,-
130825,121146896,LOC121146896,-,-,-,Un,-,U6 spliceosomal RNA,snRNA,-,-,-,-,20210420,-
130825,121146897,LOC121146897,-,-,-,Un,-,U6 spliceosomal RNA,snRNA,-,-,-,-,20210420,-
130825,121146898,LOC121146898,-,-,-,Un,-,U6 spliceosomal RNA,snRNA,-,-,-,-,20210420,-
130825,121146899,LOC121146899,-,-,-,Un,-,U6 spliceosomal RNA,snRNA,-,-,-,-,20210420,-
130825,121146900,LOC121146900,-,-,-,Un,-,U6 spliceosomal RNA,snRNA,-,-,-,-,20210420,-
130825,121146901,LOC121146901,-,-,-,Un,-,U6 spliceosomal RNA,snRNA,-,-,-,-,20210420,-
130825,121146902,LOC121146902,-,-,-,Un,-,U6 spliceosomal RNA,snRNA,-,-,-,-,20210420,-
130825,121146903,LOC121146903,-,-,-,Un,-,U6 spliceosomal RNA,snRNA,-,-,-,-,20210420,-
130825,121146904,LOC121146904,-,-,-,Un,-,U6 spliceosomal RNA,snRNA,-,-,-,-,20210420,-
130825,121146905,LOC121146905,-,-,-,Un,-,U6 spliceosomal RNA,pseudo,-,-,-,-,20210420,-
130825,121146906,THOC3,-,-,-,Un,-,THO complex 3,protein-coding,-,-,-,THO complex subunit 3,20210420,-
130825,121146907,LOC121146907,-,-,-,Un,-,methyl-CpG-binding domain protein 3-like 2,protein-coding,-,-,-,methyl-CpG-binding domain protein 3-like 2,20210420,-
130825,121146908,LOC121146908,-,-,-,Un,-,U6 spliceosomal RNA,snRNA,-,-,-,-,20210420,-
130825,121146909,LOC121146909,-,-,-,Un,-,U6 spliceosomal RNA,pseudo,-,-,-,-,20210420,-
130825,121146910,LOC121146910,-,-,-,Un,-,U6 spliceosomal RNA,snRNA,-,-,-,-,20210420,-
130825,121146911,LOC121146911,-,-,-,Un,-,U6 spliceosomal RNA,pseudo,-,-,-,-,20210420,-
130825,121146912,LOC121146912,-,-,-,Un,-,U6 spliceosomal RNA,snRNA,-,-,-,-,20210420,-
130825,121146913,LOC121146913,-,-,-,Un,-,U6 spliceosomal RNA,snRNA,-,-,-,-,20210420,-
130825,121146914,LOC121146914,-,-,-,Un,-,small nucleolar RNA SNORA72,snoRNA,-,-,-,-,20210420,-
130825,121146915,LOC121146915,-,-,-,Un,-,small nucleolar RNA SNORA70,snoRNA,-,-,-,-,20210420,-
130825,121146916,LOC121146916,-,-,-,Un,-,small nucleolar RNA SNORA36 family,snoRNA,-,-,-,-,20210420,-
130825,121146917,LOC121146917,-,-,-,Un,-,small Cajal body-specific RNA 23,ncRNA,-,-,-,-,20210420,-
130825,121146918,LOC121146918,-,-,-,Un,-,U6atac minor spliceosomal RNA,pseudo,-,-,-,-,20210420,-
130825,121146919,LOC121146919,-,-,-,Un,-,U6atac minor spliceosomal RNA,snRNA,-,-,-,-,20210420,-
130825,121146920,LOC121146920,-,-,-,Un,-,U6atac minor spliceosomal RNA,snRNA,-,-,-,-,20210420,-
130825,121146921,LOC121146921,-,-,-,Un,-,small nucleolar RNA U13,pseudo,-,-,-,-,20210420,-
130825,121146922,LOC121146922,-,-,-,Un,-,U1 spliceosomal RNA,snRNA,-,-,-,-,20210420,-
130825,121146923,LOC121146923,-,-,-,Un,-,zinc finger protein 260-like,protein-coding,-,-,-,zinc finger protein 260-like,20210420,-
130825,121146924,LOC121146924,-,-,-,Un,-,U1 spliceosomal RNA,snRNA,-,-,-,-,20210420,-
130825,121146925,LOC121146925,-,-,-,Un,-,U1 spliceosomal RNA,snRNA,-,-,-,-,20210420,-
130825,121146926,LOC121146926,-,-,-,Un,-,U1 spliceosomal RNA,snRNA,-,-,-,-,20210420,-
130825,121146927,LOC121146927,-,-,-,Un,-,U1 spliceosomal RNA,snRNA,-,-,-,-,20210420,-
130825,121146928,LOC121146928,-,-,-,Un,-,U1 spliceosomal RNA,snRNA,-,-,-,-,20210420,-
130825,121146929,LOC121146929,-,-,-,Un,-,U1 spliceosomal RNA,pseudo,-,-,-,-,20210420,-
130825,121146930,LOC121146930,-,-,-,Un,-,U2 spliceosomal RNA,pseudo,-,-,-,-,20210420,-
130825,121146931,LOC121146931,-,-,-,Un,-,U2 spliceosomal RNA,pseudo,-,-,-,-,20210420,-
130825,121146932,LOC121146932,-,-,-,Un,-,U2 spliceosomal RNA,pseudo,-,-,-,-,20210420,-
130825,121146933,LOC121146933,-,-,-,Un,-,U2 spliceosomal RNA,pseudo,-,-,-,-,20210420,-
130825,121146934,LOC121146934,-,-,-,Un,-,U2 spliceosomal RNA,snRNA,-,-,-,-,20210420,-
130825,121146935,LOC121146935,-,-,-,Un,-,U2 spliceosomal RNA,pseudo,-,-,-,-,20210420,-
130825,121146936,LOC121146936,-,-,-,Un,-,U2 spliceosomal RNA,pseudo,-,-,-,-,20210420,-
130825,121146937,LOC121146937,-,-,-,Un,-,U2 spliceosomal RNA,pseudo,-,-,-,-,20210420,-
130825,121146938,LOC121146938,-,-,-,Un,-,U2 spliceosomal RNA,pseudo,-,-,-,-,20210420,-
130825,121146939,LOC121146939,-,-,-,Un,-,uncharacterized LOC121146939,ncRNA,-,-,-,-,20210420,-
130825,121146940,LOC121146940,-,-,-,Un,-,U4 spliceosomal RNA,pseudo,-,-,-,-,20210420,-
130825,121146941,LOC121146941,-,-,-,Un,-,U4 spliceosomal RNA,pseudo,-,-,-,-,20210420,-
130825,121146942,LOC121146942,-,-,-,Un,-,U4 spliceosomal RNA,pseudo,-,-,-,-,20210420,-
130825,121146943,LOC121146943,-,-,-,Un,-,U6 spliceosomal RNA,snRNA,-,-,-,-,20210420,-
130825,121146944,LOC121146944,-,-,-,Un,-,U6 spliceosomal RNA,snRNA,-,-,-,-,20210420,-
130825,121146945,LOC121146945,-,-,-,Un,-,U6 spliceosomal RNA,snRNA,-,-,-,-,20210420,-
130825,121146946,LOC121146946,-,-,-,Un,-,U6 spliceosomal RNA,snRNA,-,-,-,-,20210420,-
130825,121146947,LOC121146947,-,-,-,Un,-,U6 spliceosomal RNA,snRNA,-,-,-,-,20210420,-
130825,121146948,LOC121146948,-,-,-,Un,-,U6 spliceosomal RNA,snRNA,-,-,-,-,20210420,-
130825,121146949,LOC121146949,-,-,-,Un,-,U6 spliceosomal RNA,snRNA,-,-,-,-,20210420,-
130825,121146950,LOC121146950,-,-,-,Un,-,U6 spliceosomal RNA,snRNA,-,-,-,-,20210420,-
130825,121146951,BMPR1B,-,-,-,Un,-,bone morphogenetic protein receptor type 1B,protein-coding,-,-,-,bone morphogenetic protein receptor type-1B,20210420,-
130825,121146952,LRIT3,-,-,-,Un,-,"leucine rich repeat, Ig-like and transmembrane domains 3",protein-coding,-,-,-,"leucine-rich repeat, immunoglobulin-like domain and transmembrane domain-containing protein 3",20210420,-
130825,121146953,GPRIN3,-,-,-,Un,-,GPRIN family member 3,protein-coding,-,-,-,G protein-regulated inducer of neurite outgrowth 3,20210420,-
130825,121146954,SCFD2,-,-,-,Un,-,sec1 family domain containing 2,protein-coding,-,-,-,sec1 family domain-containing protein 2,20210420,-
130825,121146955,LOC121146955,-,-,-,Un,-,uncharacterized LOC121146955,ncRNA,-,-,-,-,20210420,-
130825,121146956,LOC121146956,-,-,-,Un,-,uncharacterized LOC121146956,ncRNA,-,-,-,-,20210420,-
130825,121146957,PAPSS1,-,-,-,Un,-,3'-phosphoadenosine 5'-phosphosulfate synthase 1,protein-coding,-,-,-,bifunctional 3'-phosphoadenosine 5'-phosphosulfate synthase 1,20210420,-
130825,121146958,ANTXR2,-,-,-,Un,-,ANTXR cell adhesion molecule 2,protein-coding,-,-,-,anthrax toxin receptor 2,20210420,-
130825,121146959,CNOT6L,-,-,-,Un,-,CCR4-NOT transcription complex subunit 6 like,protein-coding,-,-,-,CCR4-NOT transcription complex subunit 6-like,20210420,-
130825,121146960,LOC121146960,-,-,-,Un,-,uncharacterized LOC121146960,ncRNA,-,-,-,-,20210420,-
130825,121146961,ADGRL3,-,-,-,Un,-,adhesion G protein-coupled receptor L3,protein-coding,-,-,-,adhesion G protein-coupled receptor L3,20210420,-
130825,121146962,LOC121146962,-,-,-,Un,-,zinc finger protein 39-like,protein-coding,-,-,-,zinc finger protein 39-like,20210420,-
130825,121146963,LOC121146963,-,-,-,Un,-,tubulin alpha-1C chain-like,pseudo,-,-,-,-,20210420,-
130825,121146964,TLR2,-,-,-,Un,-,toll like receptor 2,protein-coding,-,-,-,toll-like receptor 2,20210420,-
130825,121146965,LOC121146965,-,-,-,Un,-,uncharacterized LOC121146965,ncRNA,-,-,-,-,20210420,-
130825,121146966,METAP1,-,-,-,Un,-,methionyl aminopeptidase 1,protein-coding,-,-,-,methionine aminopeptidase 1,20210420,-
130825,121146967,CLOCK,-,-,-,Un,-,clock circadian regulator,protein-coding,-,-,-,circadian locomoter output cycles protein kaput,20210420,-
130825,121146968,LOC121146968,-,-,-,Un,-,signal recognition particle 9 kDa protein-like,pseudo,-,-,-,-,20210420,-
130825,121146969,CEP135,-,-,-,Un,-,centrosomal protein 135,protein-coding,-,-,-,centrosomal protein of 135 kDa,20210420,-
130825,121146970,DCLK2,-,-,-,Un,-,doublecortin like kinase 2,protein-coding,-,-,-,serine/threonine-protein kinase DCLK2,20210420,-
130825,121146971,MRPL1,-,-,-,Un,-,mitochondrial ribosomal protein L1,protein-coding,-,-,-,"39S ribosomal protein L1, mitochondrial",20210420,-
130825,121146972,NR3C2,-,-,-,Un,-,nuclear receptor subfamily 3 group C member 2,protein-coding,-,-,-,mineralocorticoid receptor,20210420,-
130825,121146973,NFKB1,-,-,-,Un,-,nuclear factor kappa B subunit 1,protein-coding,-,-,-,nuclear factor NF-kappa-B p105 subunit,20210420,-
130825,121146974,LOC121146974,-,-,-,Un,-,zinc finger protein 717-like,protein-coding,-,-,-,zinc finger protein 717-like,20210420,-
130825,121146975,AP1AR,-,-,-,Un,-,adaptor related protein complex 1 associated regulatory protein,protein-coding,-,-,-,AP-1 complex-associated regulatory protein,20210420,-
130825,121146976,ANXA5,-,-,-,Un,-,annexin A5,protein-coding,-,-,-,annexin A5,20210420,-
130825,121146977,TRPC3,-,-,-,Un,-,transient receptor potential cation channel subfamily C member 3,protein-coding,-,-,-,short transient receptor potential channel 3,20210420,-
130825,121146978,LOC121146978,-,-,-,Un,-,ubiquitin-conjugating enzyme E2 variant 1-like,protein-coding,-,-,-,ubiquitin-conjugating enzyme E2 variant 1-like,20210420,-
130825,121146979,USP38,-,-,-,Un,-,ubiquitin specific peptidase 38,protein-coding,-,-,-,ubiquitin carboxyl-terminal hydrolase 38,20210420,-
130825,121146980,REST,-,-,-,Un,-,RE1 silencing transcription factor,protein-coding,-,-,-,RE1-silencing transcription factor,20210420,-
130825,121146981,LOC121146981,-,-,-,Un,-,tubulin alpha-1C chain-like,pseudo,-,-,-,-,20210420,-
130825,121146982,NUDT9,-,-,-,Un,-,nudix hydrolase 9,protein-coding,-,-,-,"ADP-ribose pyrophosphatase, mitochondrial",20210420,-
130825,121146983,PLAC8,-,-,-,Un,-,placenta associated 8,protein-coding,-,-,-,placenta-specific gene 8 protein,20210420,-
130825,121146984,LOC121146984,-,-,-,Un,-,uncharacterized LOC121146984,ncRNA,-,-,-,-,20210420,-
130825,121146985,GPAT3,-,-,-,Un,-,glycerol-3-phosphate acyltransferase 3,protein-coding,-,-,-,glycerol-3-phosphate acyltransferase 3,20210420,-
130825,121146986,ANK2,-,-,-,Un,-,ankyrin 2,protein-coding,-,-,-,ankyrin-2,20210420,-
130825,121146987,LOC121146987,-,-,-,Un,-,putative vomeronasal receptor-like protein 4,protein-coding,-,-,-,putative vomeronasal receptor-like protein 4,20210420,-
130825,121146988,LOC121146988,-,-,-,Un,-,60S ribosomal protein L32-like,pseudo,-,-,-,-,20210420,-
130825,121146989,LOC121146989,-,-,-,Un,-,peflin-like,protein-coding,-,-,-,LOW QUALITY PROTEIN: peflin-like,20210420,-
130825,121146990,LOC121146990,-,-,-,Un,-,proline-rich nuclear receptor coactivator 2-like,pseudo,-,-,-,-,20210420,-
130825,121146991,POLR2B,-,-,-,Un,-,RNA polymerase II subunit B,protein-coding,-,-,-,DNA-directed RNA polymerase II subunit RPB2,20210420,-
130825,121146992,IGFBP7,-,-,-,Un,-,insulin like growth factor binding protein 7,protein-coding,-,-,-,insulin-like growth factor-binding protein 7,20210420,-
130825,121146993,DNAJB14,-,-,-,Un,-,DnaJ heat shock protein family (Hsp40) member B14,protein-coding,-,-,-,dnaJ homolog subfamily B member 14,20210420,-
130825,121146994,LOC121146994,-,-,-,Un,-,60S ribosomal protein L39,protein-coding,-,-,-,60S ribosomal protein L39,20210501,-
130825,121146995,TNIP1,-,-,-,Un,-,TNFAIP3 interacting protein 1,protein-coding,-,-,-,TNFAIP3-interacting protein 1,20210420,-
130825,121146996,LOC121146996,-,-,-,Un,-,putative vomeronasal receptor-like protein 4,protein-coding,-,-,-,putative vomeronasal receptor-like protein 4,20210420,-
130825,121146997,PYURF,-,-,-,Un,-,PIGY upstream open reading frame,protein-coding,-,-,-,"protein preY, mitochondrial",20210420,-
130825,121146998,PIGY,-,-,-,Un,-,phosphatidylinositol glycan anchor biosynthesis class Y,protein-coding,-,-,-,phosphatidylinositol N-acetylglucosaminyltransferase subunit Y,20210420,-
130825,121146999,RNF175,-,-,-,Un,-,ring finger protein 175,protein-coding,-,-,-,RING finger protein 175,20210420,-
130825,121147000,LOC121147000,-,-,-,Un,-,UDP-glucuronosyltransferase 2B17-like,protein-coding,-,-,-,UDP-glucuronosyltransferase 2B17-like,20210420,-
130825,121147001,FBXW7,-,-,-,Un,-,F-box and WD repeat domain containing 7,protein-coding,-,-,-,F-box/WD repeat-containing protein 7,20210420,-
130825,121147002,LOC121147002,-,-,-,Un,-,putative vomeronasal receptor-like protein 4,protein-coding,-,-,-,putative vomeronasal receptor-like protein 4,20210420,-
130825,121147003,LOC121147003,-,-,-,Un,-,uncharacterized LOC121147003,ncRNA,-,-,-,-,20210420,-
130825,121147004,LOC121147004,-,-,-,Un,-,UDP-glucuronosyltransferase 2B31-like,protein-coding,-,-,-,UDP-glucuronosyltransferase 2B31-like,20210420,-
130825,121147005,FIP1L1,-,-,-,Un,-,factor interacting with PAPOLA and CPSF1,protein-coding,-,-,-,pre-mRNA 3'-end-processing factor FIP1,20210420,-
130825,121147006,LOC121147006,-,-,-,Un,-,putative vomeronasal receptor-like protein 4,protein-coding,-,-,-,putative vomeronasal receptor-like protein 4,20210420,-
130825,121147007,LOC121147007,-,-,-,Un,-,putative vomeronasal receptor-like protein 4,protein-coding,-,-,-,putative vomeronasal receptor-like protein 4,20210420,-
130825,121147008,LOC121147008,-,-,-,Un,-,putative vomeronasal receptor-like protein 4,protein-coding,-,-,-,putative vomeronasal receptor-like protein 4,20210420,-
130825,121147009,LNX1,-,-,-,Un,-,ligand of numb-protein X 1,protein-coding,-,-,-,E3 ubiquitin-protein ligase LNX,20210420,-
130825,121147010,GSX2,-,-,-,Un,-,GS homeobox 2,protein-coding,-,-,-,GS homeobox 2,20210420,-
130825,121147011,CHIC2,-,-,-,Un,-,cysteine rich hydrophobic domain 2,protein-coding,-,-,-,cysteine-rich hydrophobic domain-containing protein 2,20210420,-
130825,121147012,LOC121147012,-,-,-,Un,-,uncharacterized LOC121147012,ncRNA,-,-,-,-,20210420,-
130825,121147013,LOC121147013,-,-,-,Un,-,UDP-glucuronosyltransferase 2B16-like,protein-coding,-,-,-,UDP-glucuronosyltransferase 2B14-like|UDP-glucuronosyltransferase 2B16-like,20210420,-
130825,121147014,LOC121147014,-,-,-,Un,-,putative vomeronasal receptor-like protein 4,protein-coding,-,-,-,putative vomeronasal receptor-like protein 4,20210420,-
130825,121147015,HNRNPDL,-,-,-,Un,-,heterogeneous nuclear ribonucleoprotein D like,protein-coding,-,-,-,heterogeneous nuclear ribonucleoprotein D-like,20210420,-
130825,121147016,LOC121147016,-,-,-,Un,-,beta-defensin 33-like,protein-coding,-,-,-,beta-defensin 33-like,20210420,-
130825,121147017,LOC121147017,-,-,-,Un,-,UDP-glucuronosyltransferase 2B13-like,protein-coding,-,-,-,UDP-glucuronosyltransferase 2B13-like|UDP-glucuronosyltransferase 2B16-like,20210420,-
130825,121147018,LOC121147018,-,-,-,Un,-,UDP-glucuronosyltransferase 2B31-like,protein-coding,-,-,-,UDP-glucuronosyltransferase 2B31-like,20210420,-
130825,121147019,LOC121147019,-,-,-,Un,-,UDP-glucuronosyltransferase 2B17-like,protein-coding,-,-,-,UDP-glucuronosyltransferase 2B15-like|UDP-glucuronosyltransferase 2B17-like,20210420,-
130825,121147020,LOC121147020,-,-,-,Un,-,putative vomeronasal receptor-like protein 4,protein-coding,-,-,-,putative vomeronasal receptor-like protein 4,20210420,-
130825,121147021,NDST3,-,-,-,Un,-,N-deacetylase and N-sulfotransferase 3,protein-coding,-,-,-,bifunctional heparan sulfate N-deacetylase/N-sulfotransferase 3,20210420,-
130825,121147022,TMEM184C,-,-,-,Un,-,transmembrane protein 184C,protein-coding,-,-,-,transmembrane protein 184C,20210420,-
130825,121147023,LOC121147023,-,-,-,Un,-,uncharacterized LOC121147023,ncRNA,-,-,-,-,20210420,-
130825,121147024,LOC121147024,-,-,-,Un,-,UDP-glucuronosyltransferase 2B16-like,protein-coding,-,-,-,UDP-glucuronosyltransferase 2B16-like,20210420,-
130825,121147025,COL25A1,-,-,-,Un,-,collagen type XXV alpha 1 chain,protein-coding,-,-,-,collagen alpha-1(XXV) chain,20210420,-
130825,121147026,ELOVL6,-,-,-,Un,-,ELOVL fatty acid elongase 6,protein-coding,-,-,-,elongation of very long chain fatty acids protein 6,20210420,-
130825,121147027,HSD17B11,-,-,-,Un,-,hydroxysteroid 17-beta dehydrogenase 11,protein-coding,-,-,-,estradiol 17-beta-dehydrogenase 11,20210420,-
130825,121147028,LOC121147028,-,-,-,Un,-,putative vomeronasal receptor-like protein 4,protein-coding,-,-,-,putative vomeronasal receptor-like protein 4,20210420,-
130825,121147029,LOC121147029,-,-,-,Un,-,platelet factor 4-like,protein-coding,-,-,-,platelet factor 4-like,20210420,-
130825,121147030,CXCL8,-,-,-,Un,-,C-X-C motif chemokine ligand 8,protein-coding,-,-,-,interleukin-8,20210420,-
130825,121147031,PPP3CA,-,-,-,Un,-,protein phosphatase 3 catalytic subunit alpha,protein-coding,-,-,-,serine/threonine-protein phosphatase 2B catalytic subunit alpha isoform,20210522,-
130825,121147032,LOC121147032,-,-,-,Un,-,UDP-glucuronosyltransferase 2B16-like,protein-coding,-,-,-,UDP-glucuronosyltransferase 2B16-like,20210420,-
130825,121147033,LOC121147033,-,-,-,Un,-,uncharacterized LOC121147033,ncRNA,-,-,-,-,20210420,-
130825,121147034,LOC121147034,-,-,-,Un,-,UDP-glucuronosyltransferase 2B16-like,protein-coding,-,-,-,UDP-glucuronosyltransferase 2B16-like,20210420,-
130825,121147035,LOC121147035,-,-,-,Un,-,putative vomeronasal receptor-like protein 4,protein-coding,-,-,-,putative vomeronasal receptor-like protein 4,20210420,-
130825,121147036,ERICH1,-,-,-,Un,-,glutamate rich 1,protein-coding,-,-,-,glutamate-rich protein 1,20210420,-
130825,121147037,LOC121147037,-,-,-,Un,-,testis development related protein,protein-coding,-,-,-,testis development-related protein,20210420,-
130825,121147038,LOC121147038,-,-,-,Un,-,UDP-glucuronosyltransferase 2A1,protein-coding,-,-,-,UDP-glucuronosyltransferase 2A1|UDP-glucuronosyltransferase 2A2,20210420,-
130825,121147039,GRSF1,-,-,-,Un,-,G-rich RNA sequence binding factor 1,protein-coding,-,-,-,G-rich sequence factor 1,20210420,-
130825,121147040,LOC121147040,-,-,-,Un,-,THAP domain-containing protein 1-like,pseudo,-,-,-,-,20210420,-
130825,121147041,LOC121147041,-,-,-,Un,-,UDP-glucuronosyltransferase 2B14-like,protein-coding,-,-,-,UDP-glucuronosyltransferase 2B14-like,20210420,-
130825,121147042,CCNG2,-,-,-,Un,-,cyclin G2,protein-coding,-,-,-,cyclin-G2,20210420,-
130825,121147043,SCARB2,-,-,-,Un,-,scavenger receptor class B member 2,protein-coding,-,-,-,lysosome membrane protein 2,20210420,-
130825,121147044,LOC121147044,-,-,-,Un,-,"cytochrome c, somatic-like",pseudo,-,-,-,-,20210420,-
130825,121147045,MAD2L1,-,-,-,Un,-,mitotic arrest deficient 2 like 1,protein-coding,-,-,-,mitotic spindle assembly checkpoint protein MAD2A,20210420,-
130825,121147046,LOC121147046,-,-,-,Un,-,UDP-glucuronosyltransferase 2B14-like,protein-coding,-,-,-,UDP-glucuronosyltransferase 2B14-like,20210420,-
130825,121147047,LIN54,-,-,-,Un,-,lin-54 DREAM MuvB core complex component,protein-coding,-,-,-,protein lin-54 homolog,20210420,-
130825,121147048,LOC121147048,-,-,-,Un,-,calcium and integrin-binding family member 3-like,protein-coding,-,-,-,calcium and integrin-binding family member 3-like,20210420,-
130825,121147049,BBS7,-,-,-,Un,-,Bardet-Biedl syndrome 7,protein-coding,-,-,-,Bardet-Biedl syndrome 7 protein,20210420,-
130825,121147050,EXOSC9,-,-,-,Un,-,exosome component 9,protein-coding,-,-,-,exosome complex component RRP45,20210420,-
130825,121147051,CCNA2,-,-,-,Un,-,cyclin A2,protein-coding,-,-,-,cyclin-A2,20210420,-
130825,121147052,LOC121147052,-,-,-,Un,-,tubulin alpha-1C chain-like,pseudo,-,-,-,-,20210420,-
130825,121147053,KDR,-,-,-,Un,-,kinase insert domain receptor,protein-coding,-,-,-,vascular endothelial growth factor receptor 2,20210420,-
130825,121147054,LOC121147054,-,-,-,Un,-,UDP-glucuronosyltransferase 2B16-like,protein-coding,-,-,-,UDP-glucuronosyltransferase 2B16-like,20210420,-
130825,121147055,LOC121147055,-,-,-,Un,-,alcohol dehydrogenase class-2 isozyme 2,protein-coding,-,-,-,alcohol dehydrogenase class-2 isozyme 2,20210420,-
130825,121147056,DLGAP2,-,-,-,Un,-,DLG associated protein 2,protein-coding,-,-,-,disks large-associated protein 2,20210420,-
130825,121147057,LOC121147057,-,-,-,Un,-,E3 ubiquitin-protein ligase RING2-like,pseudo,-,-,-,-,20210420,-
130825,121147058,JCHAIN,-,-,-,Un,-,joining chain of multimeric IgA and IgM,protein-coding,-,-,-,immunoglobulin J chain,20210420,-
130825,121147059,NPNT,-,-,-,Un,-,nephronectin,protein-coding,-,-,-,nephronectin,20210420,-
130825,121147060,LOC121147060,-,-,-,Un,-,coiled-coil domain-containing protein 130-like,protein-coding,-,-,-,coiled-coil domain-containing protein 130-like,20210420,-
130825,121147061,SCLT1,-,-,-,Un,-,sodium channel and clathrin linker 1,protein-coding,-,-,-,sodium channel and clathrin linker 1,20210420,-
130825,121147062,LOC121147062,-,-,-,Un,-,uncharacterized LOC121147062,ncRNA,-,-,-,-,20210420,-
130825,121147063,TMEM165,-,-,-,Un,-,transmembrane protein 165,protein-coding,-,-,-,transmembrane protein 165,20210420,-
130825,121147064,NDUFC1,-,-,-,Un,-,NADH:ubiquinone oxidoreductase subunit C1,protein-coding,-,-,-,"NADH dehydrogenase [ubiquinone] 1 subunit C1, mitochondrial",20210420,-
130825,121147065,LOC121147065,-,-,-,Un,-,microsomal triglyceride transfer protein,protein-coding,-,-,-,microsomal triglyceride transfer protein large subunit,20210420,-
130825,121147066,ANKRD50,-,-,-,Un,-,ankyrin repeat domain 50,protein-coding,-,-,-,ankyrin repeat domain-containing protein 50,20210420,-
130825,121147067,LOC121147067,-,-,-,Un,-,UDP-glucuronosyltransferase 2B14-like,protein-coding,-,-,-,UDP-glucuronosyltransferase 2B14-like,20210420,-
130825,121147068,LOC121147068,-,-,-,Un,-,UDP-glucuronosyltransferase 2B14-like,protein-coding,-,-,-,UDP-glucuronosyltransferase 2B14-like,20210420,-
130825,121147069,LOC121147069,-,-,-,Un,-,methylthioribose-1-phosphate isomerase-like,protein-coding,-,-,-,methylthioribose-1-phosphate isomerase-like,20210420,-
130825,121147070,MANBA,-,-,-,Un,-,mannosidase beta,protein-coding,-,-,-,beta-mannosidase,20210420,-
130825,121147071,LARP1B,-,-,-,Un,-,La ribonucleoprotein 1B,protein-coding,-,-,-,la-related protein 1B,20210420,-
130825,121147072,LOC121147072,-,-,-,Un,-,la-related protein 1B-like,protein-coding,-,-,-,la-related protein 1B-like,20210420,-
130825,121147073,LOC121147073,-,-,-,Un,-,60S ribosomal protein L32-like,pseudo,-,-,-,-,20210420,-
130825,121147074,MCPH1,-,-,-,Un,-,microcephalin 1,protein-coding,-,-,-,microcephalin,20210420,-
130825,121147075,LOC121147075,-,-,-,Un,-,olfactory receptor 7C1-like,protein-coding,-,-,-,olfactory receptor 7C1-like,20210420,-
130825,121147076,ANGPT2,-,-,-,Un,-,angiopoietin 2,protein-coding,-,-,-,angiopoietin-2,20210420,-
130825,121147077,ANXA3,-,-,-,Un,-,annexin A3,protein-coding,-,-,-,annexin A3,20210420,-
130825,121147078,LOC121147078,-,-,-,Un,-,uncharacterized LOC121147078,protein-coding,-,-,-,uncharacterized protein LOC121147078,20210420,-
130825,121147079,LOC121147079,-,-,-,Un,-,uncharacterized LOC121147079,ncRNA,-,-,-,-,20210420,-
130825,121147080,LOC121147080,-,-,-,Un,-,vomeronasal type-2 receptor 116-like,protein-coding,-,-,-,vomeronasal type-2 receptor 116-like,20210420,-
130825,121147081,LOC121147081,-,-,-,Un,-,uncharacterized LOC121147081,ncRNA,-,-,-,-,20210420,-
130825,121147082,CDKL2,-,-,-,Un,-,cyclin dependent kinase like 2,protein-coding,-,-,-,cyclin-dependent kinase-like 2,20210420,-
130825,121147083,UNC5C,-,-,-,Un,-,unc-5 netrin receptor C,protein-coding,-,-,-,netrin receptor UNC5C,20210420,-
130825,121147084,RASSF6,-,-,-,Un,-,Ras association domain family member 6,protein-coding,-,-,-,ras association domain-containing protein 6,20210420,-
130825,121147085,SRP72,-,-,-,Un,-,signal recognition particle 72,protein-coding,-,-,-,signal recognition particle subunit SRP72,20210420,-
130825,121147086,HADH,-,-,-,Un,-,hydroxyacyl-CoA dehydrogenase,protein-coding,-,-,-,"hydroxyacyl-coenzyme A dehydrogenase, mitochondrial",20210420,-
130825,121147087,LOC121147087,-,-,-,Un,-,UDP-glucuronosyltransferase 2B14-like,protein-coding,-,-,-,UDP-glucuronosyltransferase 2B14-like,20210420,-
130825,121147088,CCDC158,-,-,-,Un,-,coiled-coil domain containing 158,protein-coding,-,-,-,coiled-coil domain-containing protein 158,20210420,-
130825,121147089,LOC121147089,-,-,-,Un,-,vomeronasal type-2 receptor 116-like,pseudo,-,-,-,-,20210420,-
130825,121147090,PITX2,-,-,-,Un,-,paired like homeodomain 2,protein-coding,-,-,-,pituitary homeobox 2,20210420,-
130825,121147091,MND1,-,-,-,Un,-,meiotic nuclear divisions 1,protein-coding,-,-,-,meiotic nuclear division protein 1 homolog,20210420,-
130825,121147092,CXCL10,-,-,-,Un,-,C-X-C motif chemokine ligand 10,protein-coding,-,-,-,C-X-C motif chemokine 10,20210420,-
130825,121147093,ETNPPL,-,-,-,Un,-,ethanolamine-phosphate phospho-lyase,protein-coding,-,-,-,ethanolamine-phosphate phospho-lyase,20210420,-
130825,121147094,PPAT,-,-,-,Un,-,phosphoribosyl pyrophosphate amidotransferase,protein-coding,-,-,-,amidophosphoribosyltransferase,20210420,-
130825,121147095,PAICS,-,-,-,Un,-,phosphoribosylaminoimidazole carboxylase and phosphoribosylaminoimidazolesuccinocarboxamide synthase,protein-coding,-,-,-,multifunctional protein ADE2,20210420,-
130825,121147096,LOC121147096,-,-,-,Un,-,mitochondrial import inner membrane translocase subunit TIM14-like,pseudo,-,-,-,-,20210420,-
130825,121147097,PRMT9,-,-,-,Un,-,protein arginine methyltransferase 9,protein-coding,-,-,-,protein arginine N-methyltransferase 9,20210420,-
130825,121147098,CENPC,-,-,-,Un,-,centromere protein C,protein-coding,-,-,-,centromere protein C,20210420,-
130825,121147099,PDCL2,-,-,-,Un,-,phosducin like 2,protein-coding,-,-,-,phosducin-like protein 2,20210420,-
130825,121147100,LOC121147100,-,-,-,Un,-,uncharacterized LOC121147100,ncRNA,-,-,-,-,20210420,-
130825,121147101,CUNH4orf33,-,-,-,Un,-,chromosome unknown C4orf33 homolog,protein-coding,-,-,-,UPF0462 protein C4orf33 homolog,20210420,-
130825,121147102,GATB,-,-,-,Un,-,glutamyl-tRNA amidotransferase subunit B,protein-coding,-,-,-,"glutamyl-tRNA(Gln) amidotransferase subunit B, mitochondrial",20210420,-
130825,121147103,LOC121147103,-,-,-,Un,-,killer cell lectin-like receptor 2,protein-coding,-,-,-,killer cell lectin-like receptor 2,20210420,-
130825,121147104,FBXO25,-,-,-,Un,-,F-box protein 25,protein-coding,-,-,-,F-box only protein 25,20210420,-
130825,121147105,LOC121147105,-,-,-,Un,-,uncharacterized LOC121147105,ncRNA,-,-,-,-,20210420,-
130825,121147106,PRDM5,-,-,-,Un,-,PR/SET domain 5,protein-coding,-,-,-,PR domain zinc finger protein 5,20210420,-
130825,121147107,CLN8,-,-,-,Un,-,CLN8 transmembrane ER and ERGIC protein,protein-coding,-,-,-,protein CLN8,20210420,-
130825,121147108,SPARCL1,-,-,-,Un,-,SPARC like 1,protein-coding,-,-,-,SPARC-like protein 1,20210420,-
130825,121147109,KLHL8,-,-,-,Un,-,kelch like family member 8,protein-coding,-,-,-,kelch-like protein 8,20210420,-
130825,121147110,LOC121147110,-,-,-,Un,-,uncharacterized LOC121147110,ncRNA,-,-,-,-,20210420,-
130825,121147111,LOC121147111,-,-,-,Un,-,RING finger protein 10-like,protein-coding,-,-,-,RING finger protein 10-like,20210420,-
130825,121147112,PKD2,-,-,-,Un,-,"polycystin 2, transient receptor potential cation channel",protein-coding,-,-,-,polycystin-2,20210420,-
130825,121147113,LOC121147113,-,-,-,Un,-,uncharacterized LOC121147113,ncRNA,-,-,-,-,20210420,-
130825,121147114,LOC121147114,-,-,-,Un,-,killer cell lectin-like receptor 7,protein-coding,-,-,-,killer cell lectin-like receptor 7,20210420,-
130825,121147115,LOC121147115,-,-,-,Un,-,alcohol dehydrogenase 1,protein-coding,-,-,-,alcohol dehydrogenase 1,20210420,-
130825,121147116,LOC121147116,-,-,-,Un,-,alcohol dehydrogenase 1-like,protein-coding,-,-,-,alcohol dehydrogenase 1-like,20210420,-
130825,121147117,LOC121147117,-,-,-,Un,-,alcohol dehydrogenase 1-like,protein-coding,-,-,-,alcohol dehydrogenase 1-like,20210420,-
130825,121147118,ARHGEF38,-,-,-,Un,-,Rho guanine nucleotide exchange factor 38,protein-coding,-,-,-,rho guanine nucleotide exchange factor 38,20210420,-
130825,121147119,SLC10A7,-,-,-,Un,-,solute carrier family 10 member 7,protein-coding,-,-,-,sodium/bile acid cotransporter 7,20210420,-
130825,121147120,INTU,-,-,-,Un,-,inturned planar cell polarity protein,protein-coding,-,-,-,protein inturned,20210420,-
130825,121147121,LOC121147121,-,-,-,Un,-,killer cell lectin-like receptor 7,protein-coding,-,-,-,killer cell lectin-like receptor 7,20210420,-
130825,121147122,LOC121147122,-,-,-,Un,-,transmembrane protease serine 11E-like,protein-coding,-,-,-,transmembrane protease serine 11E-like,20210420,-
130825,121147123,MYOZ2,-,-,-,Un,-,myozenin 2,protein-coding,-,-,-,myozenin-2,20210420,-
130825,121147124,FAT4,-,-,-,Un,-,FAT atypical cadherin 4,protein-coding,-,-,-,protocadherin Fat 4,20210420,-
130825,121147125,USP46,-,-,-,Un,-,ubiquitin specific peptidase 46,protein-coding,-,-,-,ubiquitin carboxyl-terminal hydrolase 46,20210420,-
130825,121147126,SCD5,-,-,-,Un,-,stearoyl-CoA desaturase 5,protein-coding,-,-,-,stearoyl-CoA desaturase 5,20210420,-
130825,121147127,EDNRA,-,-,-,Un,-,endothelin receptor type A,protein-coding,-,-,-,endothelin-1 receptor,20210420,-
130825,121147128,LOC121147128,-,-,-,Un,-,killer cell lectin-like receptor 2,protein-coding,-,-,-,killer cell lectin-like receptor 2,20210420,-
130825,121147129,LAMTOR3,-,-,-,Un,-,"late endosomal/lysosomal adaptor, MAPK and MTOR activator 3",protein-coding,-,-,-,ragulator complex protein LAMTOR3,20210420,-
130825,121147130,CABS1,-,-,-,Un,-,"calcium binding protein, spermatid associated 1",protein-coding,-,-,-,calcium-binding and spermatid-specific protein 1,20210420,-
130825,121147131,NDST4,-,-,-,Un,-,N-deacetylase and N-sulfotransferase 4,protein-coding,-,-,-,bifunctional heparan sulfate N-deacetylase/N-sulfotransferase 4,20210420,-
130825,121147132,CFI,-,-,-,Un,-,complement factor I,protein-coding,-,-,-,complement factor I,20210420,-
130825,121147133,FGB,-,-,-,Un,-,fibrinogen beta chain,protein-coding,-,-,-,fibrinogen beta chain,20210420,-
130825,121147134,YBX3,-,-,-,Un,-,Y-box binding protein 3,protein-coding,-,-,-,Y-box-binding protein 3,20210420,-
130825,121147135,ARHGEF10,-,-,-,Un,-,Rho guanine nucleotide exchange factor 10,protein-coding,-,-,-,rho guanine nucleotide exchange factor 10,20210420,-
130825,121147136,LOC121147136,-,-,-,Un,-,uncharacterized LOC121147136,ncRNA,-,-,-,-,20210420,-
130825,121147137,CUNH4orf54,-,-,-,Un,-,chromosome unknown C4orf54 homolog,protein-coding,-,-,-,uncharacterized protein C4orf54 homolog,20210420,-
130825,121147138,LOC121147138,-,-,-,Un,-,sodium/hydrogen exchanger 9B2,protein-coding,-,-,-,sodium/hydrogen exchanger 9B2,20210420,-
130825,121147139,TMEM131L,-,-,-,Un,-,transmembrane 131 like,protein-coding,-,-,-,transmembrane protein 131-like,20210420,-
130825,121147140,LOC121147140,-,-,-,Un,-,non-histone chromosomal protein HMG-14-like,pseudo,-,-,-,-,20210420,-
130825,121147141,LOC121147141,-,-,-,Un,-,histone H2B type 1-F/J/L-like,pseudo,-,-,-,-,20210420,-
130825,121147142,PDE5A,-,-,-,Un,-,phosphodiesterase 5A,protein-coding,-,-,-,"cGMP-specific 3',5'-cyclic phosphodiesterase",20210420,-
130825,121147143,SLC4A4,-,-,-,Un,-,solute carrier family 4 member 4,protein-coding,-,-,-,electrogenic sodium bicarbonate cotransporter 1,20210420,-
130825,121147144,DCK,-,-,-,Un,-,deoxycytidine kinase,protein-coding,-,-,-,deoxycytidine kinase,20210420,-
130825,121147145,SMIM10L1,-,-,-,Un,-,small integral membrane protein 10 like 1,protein-coding,-,-,-,small integral membrane protein 10-like protein 1,20210420,-
130825,121147146,MMRN1,-,-,-,Un,-,multimerin 1,protein-coding,-,-,-,multimerin-1,20210420,-
130825,121147147,LOC121147147,-,-,-,Un,-,alpha-S2-casein-like,protein-coding,-,-,-,alpha-S2-casein-like,20210420,-
130825,121147148,DDIT4L,-,-,-,Un,-,DNA damage inducible transcript 4 like,protein-coding,-,-,-,DNA damage-inducible transcript 4-like protein,20210420,-
130825,121147149,LOC121147149,-,-,-,Un,-,60S ribosomal protein L36a-like,protein-coding,-,-,-,60S ribosomal protein L36a-like,20210420,-
130825,121147150,SDAD1,-,-,-,Un,-,SDA1 domain containing 1,protein-coding,-,-,-,protein SDA1 homolog,20210420,-
130825,121147151,BDH2,-,-,-,Un,-,3-hydroxybutyrate dehydrogenase 2,protein-coding,-,-,-,3-hydroxybutyrate dehydrogenase type 2,20210420,-
130825,121147152,PGRMC2,-,-,-,Un,-,progesterone receptor membrane component 2,protein-coding,-,-,-,membrane-associated progesterone receptor component 2,20210420,-
130825,121147153,ETV6,-,-,-,Un,-,ETS variant transcription factor 6,protein-coding,-,-,-,transcription factor ETV6,20210420,-
130825,121147154,CENPE,-,-,-,Un,-,centromere protein E,protein-coding,-,-,-,centromere-associated protein E,20210420,-
130825,121147155,CSN2,-,-,-,Un,-,casein beta,protein-coding,-,-,-,beta-casein,20210420,-
130825,121147156,AASDH,-,-,-,Un,-,aminoadipate-semialdehyde dehydrogenase,protein-coding,-,-,-,beta-alanine-activating enzyme,20210420,-
130825,121147157,NUP54,-,-,-,Un,-,nucleoporin 54,protein-coding,-,-,-,nucleoporin p54,20210420,-
130825,121147158,ART3,-,-,-,Un,-,ADP-ribosyltransferase 3 (inactive),protein-coding,-,-,-,ecto-ADP-ribosyltransferase 3,20210420,-
130825,121147159,TNIP3,-,-,-,Un,-,TNFAIP3 interacting protein 3,protein-coding,-,-,-,TNFAIP3-interacting protein 3,20210420,-
130825,121147160,SMAD1,-,-,-,Un,-,SMAD family member 1,protein-coding,-,-,-,mothers against decapentaplegic homolog 1,20210420,-
130825,121147161,REELD1,-,-,-,Un,-,reeler domain containing 1,protein-coding,-,-,-,reelin domain-containing protein 1,20210420,-
130825,121147162,TIGD4,-,-,-,Un,-,tigger transposable element derived 4,protein-coding,-,-,-,tigger transposable element-derived protein 4,20210420,-
130825,121147163,ARFIP1,-,-,-,Un,-,ADP ribosylation factor interacting protein 1,protein-coding,-,-,-,arfaptin-1,20210420,-
130825,121147164,BCL2L14,-,-,-,Un,-,BCL2 like 14,protein-coding,-,-,-,apoptosis facilitator Bcl-2-like protein 14,20210420,-
130825,121147165,SHROOM3,-,-,-,Un,-,shroom family member 3,protein-coding,-,-,-,protein Shroom3,20210420,-
130825,121147166,GC,-,-,-,Un,-,GC vitamin D binding protein,protein-coding,-,-,-,vitamin D-binding protein,20210420,-
130825,121147167,RASGEF1B,-,-,-,Un,-,RasGEF domain family member 1B,protein-coding,-,-,-,ras-GEF domain-containing family member 1B,20210420,-
130825,121147168,MYOM2,-,-,-,Un,-,myomesin 2,protein-coding,-,-,-,myomesin-2,20210420,-
130825,121147169,LOC121147169,-,-,-,Un,-,mitochondria localized glutamic acid rich protein,protein-coding,-,-,-,protein MGARP,20210420,-
130825,121147170,LOC121147170,-,-,-,Un,-,bcl-2 homologous antagonist/killer-like,pseudo,-,-,-,-,20210420,-
130825,121147171,LOC121147171,-,-,-,Un,-,sodium/hydrogen exchanger 9B1-like,protein-coding,-,-,-,sodium/hydrogen exchanger 9B1-like,20210420,-
130825,121147172,CISD2,-,-,-,Un,-,CDGSH iron sulfur domain 2,protein-coding,-,-,-,CDGSH iron-sulfur domain-containing protein 2,20210529,-
130825,121147173,ADH5,-,-,-,Un,-,"alcohol dehydrogenase 5 (class III), chi polypeptide",protein-coding,-,-,-,alcohol dehydrogenase class-3,20210420,-
130825,121147174,INTS12,-,-,-,Un,-,integrator complex subunit 12,protein-coding,-,-,-,integrator complex subunit 12,20210420,-
130825,121147175,ELMOD2,-,-,-,Un,-,ELMO domain containing 2,protein-coding,-,-,-,ELMO domain-containing protein 2,20210420,-
130825,121147176,ALB,-,-,-,Un,-,albumin,protein-coding,-,-,-,albumin,20210420,-
130825,121147177,LOC121147177,-,-,-,Un,-,histone H2A.Z,protein-coding,-,-,-,histone H2A.Z,20210501,-
130825,121147178,LOC121147178,-,-,-,Un,-,uncharacterized LOC121147178,ncRNA,-,-,-,-,20210420,-
130825,121147179,LRP6,-,-,-,Un,-,LDL receptor related protein 6,protein-coding,-,-,-,low-density lipoprotein receptor-related protein 6,20210420,-
130825,121147180,HSPA4L,-,-,-,Un,-,heat shock protein family A (Hsp70) member 4 like,protein-coding,-,-,-,heat shock 70 kDa protein 4L,20210420,-
130825,121147181,LOC121147181,-,-,-,Un,-,40S ribosomal protein S26-like,pseudo,-,-,-,-,20210420,-
130825,121147182,PTPN13,-,-,-,Un,-,protein tyrosine phosphatase non-receptor type 13,protein-coding,-,-,-,tyrosine-protein phosphatase non-receptor type 13,20210420,-
130825,121147183,RPL34,-,-,-,Un,-,ribosomal protein L34,protein-coding,-,-,-,60S ribosomal protein L34,20210424,-
130825,121147184,NAAA,-,-,-,Un,-,N-acylethanolamine acid amidase,protein-coding,-,-,-,N-acylethanolamine-hydrolyzing acid amidase,20210420,-
130825,121147185,PCDH10,-,-,-,Un,-,protocadherin 10,protein-coding,-,-,-,protocadherin-10,20210420,-
130825,121147186,NUDT6,-,-,-,Un,-,nudix hydrolase 6,protein-coding,-,-,-,nucleoside diphosphate-linked moiety X motif 6,20210420,-
130825,121147187,LOC121147187,-,-,-,Un,-,mitochondrial import inner membrane translocase subunit TIM14-like,pseudo,-,-,-,-,20210420,-
130825,121147188,BORCS5,-,-,-,Un,-,BLOC-1 related complex subunit 5,protein-coding,-,-,-,BLOC-1-related complex subunit 5,20210529,-
130825,121147189,GNRHR,-,-,-,Un,-,gonadotropin releasing hormone receptor,protein-coding,-,-,-,gonadotropin-releasing hormone receptor,20210420,-
130825,121147190,SPRY1,-,-,-,Un,-,sprouty RTK signaling antagonist 1,protein-coding,-,-,-,protein sprouty homolog 1,20210420,-
130825,121147191,RPS3A,-,-,-,Un,-,ribosomal protein S3A,protein-coding,-,-,-,40S ribosomal protein S3a,20210501,-
130825,121147192,TACR3,-,-,-,Un,-,tachykinin receptor 3,protein-coding,-,-,-,neuromedin-K receptor,20210420,-
130825,121147193,FGG,-,-,-,Un,-,fibrinogen gamma chain,protein-coding,-,-,-,fibrinogen gamma chain,20210420,-
130825,121147194,LOC121147194,-,-,-,Un,-,zinc finger protein 583-like,pseudo,-,-,-,-,20210420,-
130825,121147195,GSTCD,-,-,-,Un,-,glutathione S-transferase C-terminal domain containing,protein-coding,-,-,-,glutathione S-transferase C-terminal domain-containing protein,20210420,-
130825,121147196,FHDC1,-,-,-,Un,-,FH2 domain containing 1,protein-coding,-,-,-,FH2 domain-containing protein 1,20210420,-
130825,121147197,LOC121147197,-,-,-,Un,-,uncharacterized LOC121147197,ncRNA,-,-,-,-,20210420,-
130825,121147198,ENOPH1,-,-,-,Un,-,enolase-phosphatase 1,protein-coding,-,-,-,enolase-phosphatase E1,20210420,-
130825,121147199,GK2,-,-,-,Un,-,glycerol kinase 2,protein-coding,-,-,-,glycerol kinase 2,20210420,-
130825,121147200,EPGN,-,-,-,Un,-,epithelial mitogen,protein-coding,-,-,-,epigen,20210420,-
130825,121147201,PCDH18,-,-,-,Un,-,protocadherin 18,protein-coding,-,-,-,protocadherin-18,20210420,-
130825,121147202,PLRG1,-,-,-,Un,-,pleiotropic regulator 1,protein-coding,-,-,-,pleiotropic regulator 1,20210420,-
130825,121147203,LOC121147203,-,-,-,Un,-,uncharacterized LOC121147203,ncRNA,-,-,-,-,20210420,-
130825,121147204,SLC25A31,-,-,-,Un,-,solute carrier family 25 member 31,protein-coding,-,-,-,ADP/ATP translocase 4,20210420,-
130825,121147205,HERC6,-,-,-,Un,-,HECT and RLD domain containing E3 ubiquitin protein ligase family member 6,protein-coding,-,-,-,probable E3 ubiquitin-protein ligase HERC6,20210420,-
130825,121147206,DUSP16,-,-,-,Un,-,dual specificity phosphatase 16,protein-coding,-,-,-,dual specificity protein phosphatase 16,20210420,-
130825,121147207,RAP1GDS1,-,-,-,Un,-,Rap1 GTPase-GDP dissociation stimulator 1,protein-coding,-,-,-,rap1 GTPase-GDP dissociation stimulator 1,20210420,-
130825,121147208,SMIM43,-,-,-,Un,-,small integral membrane protein 43,protein-coding,-,-,-,small integral membrane protein 43,20210420,-
130825,121147209,LOC121147209,-,-,-,Un,-,growth-regulated protein homolog gamma-like,protein-coding,-,-,-,growth-regulated protein homolog gamma-like,20210420,-
130825,121147210,COPS4,-,-,-,Un,-,COP9 signalosome subunit 4,protein-coding,-,-,-,COP9 signalosome complex subunit 4,20210420,-
130825,121147211,LOC121147211,-,-,-,Un,-,corticostatin-3-like,protein-coding,-,-,-,corticostatin-3-like,20210420,-
130825,121147212,ARHGAP24,-,-,-,Un,-,Rho GTPase activating protein 24,protein-coding,-,-,-,rho GTPase-activating protein 24,20210420,-
130825,121147213,AFM,-,-,-,Un,-,afamin,protein-coding,-,-,-,afamin,20210420,-
130825,121147214,OSTC,-,-,-,Un,-,oligosaccharyltransferase complex non-catalytic subunit,protein-coding,-,-,-,oligosaccharyltransferase complex subunit OSTC,20210522,-
130825,121147215,ABHD18,-,-,-,Un,-,abhydrolase domain containing 18,protein-coding,-,-,-,protein ABHD18,20210420,-
130825,121147216,LOC121147216,-,-,-,Un,-,dnaJ homolog subfamily C member 17-like,protein-coding,-,-,-,dnaJ homolog subfamily C member 17-like,20210420,-
130825,121147217,TMEM150C,-,-,-,Un,-,transmembrane protein 150C,protein-coding,-,-,-,transmembrane protein 150C,20210420,-
130825,121147218,BANK1,-,-,-,Un,-,B cell scaffold protein with ankyrin repeats 1,protein-coding,-,-,-,B-cell scaffold protein with ankyrin repeats,20210420,-
130825,121147219,LOC121147219,-,-,-,Un,-,uncharacterized LOC121147219,ncRNA,-,-,-,-,20210420,-
130825,121147220,MFSD8,-,-,-,Un,-,major facilitator superfamily domain containing 8,protein-coding,-,-,-,major facilitator superfamily domain-containing protein 8,20210420,-
130825,121147221,PLK4,-,-,-,Un,-,polo like kinase 4,protein-coding,-,-,-,serine/threonine-protein kinase PLK4,20210420,-
130825,121147222,LOC121147222,-,-,-,Un,-,uncharacterized LOC121147222,ncRNA,-,-,-,-,20210420,-
130825,121147223,LOC121147223,-,-,-,Un,-,40S ribosomal protein S2-like,pseudo,-,-,-,-,20210420,-
130825,121147224,TTC29,-,-,-,Un,-,tetratricopeptide repeat domain 29,protein-coding,-,-,-,tetratricopeptide repeat protein 29,20210420,-
130825,121147225,ALPK1,-,-,-,Un,-,alpha kinase 1,protein-coding,-,-,-,alpha-protein kinase 1,20210420,-
130825,121147226,CREBL2,-,-,-,Un,-,cAMP responsive element binding protein like 2,protein-coding,-,-,-,cAMP-responsive element-binding protein-like 2,20210420,-
130825,121147227,LOC121147227,-,-,-,Un,-,uncharacterized LOC121147227,ncRNA,-,-,-,-,20210420,-
130825,121147228,GRID2,-,-,-,Un,-,glutamate ionotropic receptor delta type subunit 2,protein-coding,-,-,-,"glutamate receptor ionotropic, delta-2",20210420,-
130825,121147229,MAML3,-,-,-,Un,-,mastermind like transcriptional coactivator 3,protein-coding,-,-,-,mastermind-like protein 3,20210420,-
130825,121147230,LOC121147230,-,-,-,Un,-,uncharacterized LOC121147230,ncRNA,-,-,-,-,20210420,-
130825,121147231,LOC121147231,-,-,-,Un,-,uncharacterized LOC121147231,ncRNA,-,-,-,-,20210420,-
130825,121147232,TIGD2,-,-,-,Un,-,tigger transposable element derived 2,protein-coding,-,-,-,tigger transposable element-derived protein 2,20210420,-
130825,121147233,NOCT,-,-,-,Un,-,nocturnin,protein-coding,-,-,-,nocturnin,20210420,-
130825,121147234,PRKG2,-,-,-,Un,-,protein kinase cGMP-dependent 2,protein-coding,-,-,-,cGMP-dependent protein kinase 2,20210420,-
130825,121147235,LOC121147235,-,-,-,Un,-,"POU domain, class 5, transcription factor 1-like",protein-coding,-,-,-,"POU domain, class 5, transcription factor 1-like",20210420,-
130825,121147236,UGT8,-,-,-,Un,-,UDP glycosyltransferase 8,protein-coding,-,-,-,2-hydroxyacylsphingosine 1-beta-galactosyltransferase,20210420,-
130825,121147237,SFRP2,-,-,-,Un,-,secreted frizzled related protein 2,protein-coding,-,-,-,secreted frizzled-related protein 2,20210420,-
130825,121147238,LOC121147238,-,-,-,Un,-,alcohol dehydrogenase 6-like,protein-coding,-,-,-,alcohol dehydrogenase 6-like,20210420,-
130825,121147239,LOC121147239,-,-,-,Un,-,DNA (cytosine-5)-methyltransferase 3A-like,pseudo,-,-,-,-,20210420,-
130825,121147240,SGMS2,-,-,-,Un,-,sphingomyelin synthase 2,protein-coding,-,-,-,phosphatidylcholine:ceramide cholinephosphotransferase 2,20210420,-
130825,121147241,GPX3,-,-,-,Un,-,glutathione peroxidase 3,protein-coding,-,-,-,glutathione peroxidase 3,20210420,-
130825,121147242,GPR19,-,-,-,Un,-,G protein-coupled receptor 19,protein-coding,-,-,-,probable G-protein coupled receptor 19,20210420,-
130825,121147243,MGST2,-,-,-,Un,-,microsomal glutathione S-transferase 2,protein-coding,-,-,-,microsomal glutathione S-transferase 2,20210420,-
130825,121147244,CUNH4orf17,-,-,-,Un,-,chromosome unknown C4orf17 homolog,protein-coding,-,-,-,uncharacterized protein C4orf17 homolog,20210420,-
130825,121147245,HERC3,-,-,-,Un,-,HECT and RLD domain containing E3 ubiquitin protein ligase 3,protein-coding,-,-,-,probable E3 ubiquitin-protein ligase HERC3,20210420,-
130825,121147246,NAP1L5,-,-,-,Un,-,nucleosome assembly protein 1 like 5,protein-coding,-,-,-,nucleosome assembly protein 1-like 5,20210420,-
130825,121147247,LOC121147247,-,-,-,Un,-,40S ribosomal protein S15-like,pseudo,-,-,-,-,20210420,-
130825,121147248,LOC121147248,-,-,-,Un,-,ubiquitin-like,protein-coding,-,-,-,ubiquitin-like,20210420,-
130825,121147249,LOC121147249,-,-,-,Un,-,iron-sulfur cluster co-chaperone protein HscB-like,pseudo,-,-,-,-,20210420,-
130825,121147250,LOC121147250,-,-,-,Un,-,ribosome biogenesis protein NSA2 homolog,pseudo,-,-,-,-,20210420,-
130825,121147251,LOC121147251,-,-,-,Un,-,dnaJ homolog subfamily C member 17-like,pseudo,-,-,-,-,20210420,-
130825,121147252,LOC121147252,-,-,-,Un,-,glyceraldehyde-3-phosphate dehydrogenase-like,pseudo,-,-,-,-,20210420,-
130825,121147253,LOC121147253,-,-,-,Un,-,60S ribosomal protein L36-like,pseudo,-,-,-,-,20210420,-
130825,121147254,SCOC,-,-,-,Un,-,short coiled-coil protein,protein-coding,-,-,-,short coiled-coil protein,20210522,-
130825,121147255,LOC121147255,-,-,-,Un,-,DEP domain-containing protein 1B-like,pseudo,-,-,-,-,20210420,-
130825,121147256,LOC121147256,-,-,-,Un,-,transcription factor E2F4-like,pseudo,-,-,-,-,20210420,-
130825,121147257,LOC121147257,-,-,-,Un,-,disintegrin and metalloproteinase domain-containing protein 21-like,protein-coding,-,-,-,disintegrin and metalloproteinase domain-containing protein 21-like,20210420,-
130825,121147258,RASL11B,-,-,-,Un,-,RAS like family 11 member B,protein-coding,-,-,-,ras-like protein family member 11B,20210420,-
130825,121147259,KBTBD11,-,-,-,Un,-,kelch repeat and BTB domain containing 11,protein-coding,-,-,-,kelch repeat and BTB domain-containing protein 11,20210420,-
130825,121147260,CSMD1,-,-,-,Un,-,CUB and Sushi multiple domains 1,protein-coding,-,-,-,CUB and sushi domain-containing protein 1,20210420,-
130825,121147261,LOC121147261,-,-,-,Un,-,corticostatin-3-like,protein-coding,-,-,-,corticostatin-3-like,20210420,-
130825,121147262,ZNF330,-,-,-,Un,-,zinc finger protein 330,protein-coding,-,-,-,zinc finger protein 330,20210420,-
130825,121147263,CSN1S1,-,-,-,Un,-,casein alpha s1,protein-coding,-,-,-,alpha-S1-casein,20210420,-
130825,121147264,LOC121147264,-,-,-,Un,-,high mobility group protein B2-like,pseudo,-,-,-,-,20210420,-
130825,121147265,LOC121147265,-,-,-,Un,-,60S ribosomal protein L17-like,pseudo,-,-,-,-,20210420,-
130825,121147266,XKR5,-,-,-,Un,-,XK related 5,protein-coding,-,-,-,XK-related protein 5,20210420,-
130825,121147267,LOC121147267,-,-,-,Un,-,sperm-associated antigen 11-like,protein-coding,-,-,-,sperm-associated antigen 11-like,20210420,-
130825,121147268,AMBN,-,-,-,Un,-,ameloblastin,protein-coding,-,-,-,ameloblastin,20210420,-
130825,121147269,LOC121147269,-,-,-,Un,-,beta-defensin 12-like,protein-coding,-,-,-,beta-defensin 12-like,20210420,-
130825,121147270,PDGFRA,-,-,-,Un,-,platelet derived growth factor receptor alpha,protein-coding,-,-,-,platelet-derived growth factor receptor alpha,20210420,-
130825,121147271,KIT,-,-,-,Un,-,"KIT proto-oncogene, receptor tyrosine kinase",protein-coding,-,-,-,mast/stem cell growth factor receptor Kit,20210420,-
130825,121147272,LSM6,-,-,-,Un,-,"LSM6 homolog, U6 small nuclear RNA and mRNA degradation associated",protein-coding,-,-,-,U6 snRNA-associated Sm-like protein LSm6,20210501,-
130825,121147273,ANAPC10,-,-,-,Un,-,anaphase promoting complex subunit 10,protein-coding,-,-,-,anaphase-promoting complex subunit 10,20210522,-
130825,121147274,LOC121147274,-,-,-,Un,-,uncharacterized LOC121147274,ncRNA,-,-,-,-,20210420,-
130825,121147275,CRACD,-,-,-,Un,-,capping protein inhibiting regulator of actin dynamics,protein-coding,-,-,-,capping protein inhibiting regulator of actin dynamics,20210420,-
130825,121147276,THEGL,-,-,-,Un,-,theg spermatid protein like,protein-coding,-,-,-,testicular haploid expressed gene protein-like,20210420,-
130825,121147277,NOA1,-,-,-,Un,-,nitric oxide associated 1,protein-coding,-,-,-,nitric oxide-associated protein 1,20210420,-
130825,121147278,ADAD1,-,-,-,Un,-,adenosine deaminase domain containing 1,protein-coding,-,-,-,adenosine deaminase domain-containing protein 1,20210420,-
130825,121147279,IL2,-,-,-,Un,-,interleukin 2,protein-coding,-,-,-,interleukin-2,20210420,-
130825,121147280,LOC121147280,-,-,-,Un,-,transmembrane protease serine 11F,protein-coding,-,-,-,transmembrane protease serine 11F,20210420,-
130825,121147281,STAP1,-,-,-,Un,-,signal transducing adaptor family member 1,protein-coding,-,-,-,signal-transducing adaptor protein 1,20210420,-
130825,121147282,FGF5,-,-,-,Un,-,fibroblast growth factor 5,protein-coding,-,-,-,fibroblast growth factor 5,20210420,-
130825,121147283,LOC121147283,-,-,-,Un,-,uncharacterized LOC121147283,ncRNA,-,-,-,-,20210420,-
130825,121147284,LOC121147284,-,-,-,Un,-,uncharacterized LOC121147284,ncRNA,-,-,-,-,20210420,-
130825,121147285,LOC121147285,-,-,-,Un,-,ruvB-like 1,pseudo,-,-,-,-,20210420,-
130825,121147286,TECRL,-,-,-,Un,-,"trans-2,3-enoyl-CoA reductase like",protein-coding,-,-,-,"trans-2,3-enoyl-CoA reductase-like",20210420,-
130825,121147287,LOC121147287,-,-,-,Un,-,extensin-like,protein-coding,-,-,-,extensin-like,20210420,-
130825,121147288,LOC121147288,-,-,-,Un,-,WW domain-binding protein 11-like,pseudo,-,-,-,-,20210420,-
130825,121147289,LOC121147289,-,-,-,Un,-,40S ribosomal protein S2-like,pseudo,-,-,-,-,20210420,-
130825,121147290,IL15,-,-,-,Un,-,interleukin 15,protein-coding,-,-,-,interleukin-15,20210420,-
130825,121147291,EPHA5,-,-,-,Un,-,EPH receptor A5,protein-coding,-,-,-,ephrin type-A receptor 5,20210420,-
130825,121147292,CDKN1B,-,-,-,Un,-,cyclin dependent kinase inhibitor 1B,protein-coding,-,-,-,cyclin-dependent kinase inhibitor 1B,20210420,-
130825,121147293,LOC121147293,-,-,-,Un,-,transmembrane protease serine 11D-like,protein-coding,-,-,-,transmembrane protease serine 11D-like,20210420,-
130825,121147294,LOC121147294,-,-,-,Un,-,sulfotransferase 1 family member D1-like,protein-coding,-,-,-,sulfotransferase 1 family member D1-like,20210420,-
130825,121147295,LOC121147295,-,-,-,Un,-,transmembrane protease serine 11A-like,protein-coding,-,-,-,transmembrane protease serine 11A-like,20210420,-
130825,121147296,LOC121147296,-,-,-,Un,-,transmembrane protease serine 11G-like,protein-coding,-,-,-,transmembrane protease serine 11G-like,20210420,-
130825,121147297,LOC121147297,-,-,-,Un,-,transmembrane protease serine 11B-like protein,protein-coding,-,-,-,transmembrane protease serine 11B-like protein,20210420,-
130825,121147298,LOC121147298,-,-,-,Un,-,transmembrane protease serine 11B-like,protein-coding,-,-,-,transmembrane protease serine 11B-like,20210420,-
130825,121147299,LOC121147299,-,-,-,Un,-,DNA helicase MCM9-like,pseudo,-,-,-,-,20210420,-
130825,121147300,LOC121147300,-,-,-,Un,-,UDP-glucuronosyltransferase 2B13-like,protein-coding,-,-,-,UDP-glucuronosyltransferase 2B13-like,20210420,-
130825,121147301,LOC121147301,-,-,-,Un,-,UDP-glucuronosyltransferase 2B14-like,pseudo,-,-,-,-,20210420,-
130825,121147302,LOC121147302,-,-,-,Un,-,UDP-glucuronosyltransferase 2B14-like,pseudo,-,-,-,-,20210420,-
130825,121147303,AMTN,-,-,-,Un,-,amelotin,protein-coding,-,-,-,amelotin,20210420,-
130825,121147304,ENAM,-,-,-,Un,-,enamelin,protein-coding,-,-,-,enamelin,20210420,-
130825,121147305,LOC121147305,-,-,-,Un,-,"cytochrome c oxidase assembly protein COX18, mitochondrial",protein-coding,-,-,-,"cytochrome c oxidase assembly protein COX18, mitochondrial",20210420,-
130825,121147306,LOC121147306,-,-,-,Un,-,afamin-like,pseudo,-,-,-,-,20210420,-
130825,121147307,LOC121147307,-,-,-,Un,-,platelet basic protein-like,protein-coding,-,-,-,platelet basic protein-like,20210420,-
130825,121147308,TRIM2,-,-,-,Un,-,tripartite motif containing 2,protein-coding,-,-,-,tripartite motif-containing protein 2,20210420,-
130825,121147309,LOC121147309,-,-,-,Un,-,growth-regulated protein homolog gamma-like,protein-coding,-,-,-,growth-regulated protein homolog gamma-like,20210420,-
130825,121147310,BTC,-,-,-,Un,-,betacellulin,protein-coding,-,-,-,probetacellulin,20210420,-
130825,121147311,PARM1,-,-,-,Un,-,prostate androgen-regulated mucin-like protein 1,protein-coding,-,-,-,prostate androgen-regulated mucin-like protein 1,20210420,-
130825,121147312,UCP1,-,-,-,Un,-,uncoupling protein 1,protein-coding,-,-,-,mitochondrial brown fat uncoupling protein 1,20210420,-
130825,121147313,ODAPH,-,-,-,Un,-,odontogenesis associated phosphoprotein,protein-coding,-,-,-,odontogenesis associated phosphoprotein,20210420,-
130825,121147314,CSN3,-,-,-,Un,-,casein kappa,protein-coding,-,-,-,kappa-casein,20210420,-
130825,121147315,PPEF2,-,-,-,Un,-,protein phosphatase with EF-hand domain 2,protein-coding,-,-,-,serine/threonine-protein phosphatase with EF-hands 2,20210420,-
130825,121147316,LOC121147316,-,-,-,Un,-,26S proteasome complex subunit SEM1-like,protein-coding,-,-,-,LOW QUALITY PROTEIN: 26S proteasome complex subunit SEM1-like,20210420,-
130825,121147317,CXCL9,-,-,-,Un,-,C-X-C motif chemokine ligand 9,protein-coding,-,-,-,C-X-C motif chemokine 9,20210420,-
130825,121147318,FAM47E,-,-,-,Un,-,family with sequence similarity 47 member E,protein-coding,-,-,-,protein FAM47E,20210420,-
130825,121147319,SOWAHB,-,-,-,Un,-,sosondowah ankyrin repeat domain family member B,protein-coding,-,-,-,ankyrin repeat domain-containing protein SOWAHB,20210420,-
130825,121147320,STBD1,-,-,-,Un,-,starch binding domain 1,protein-coding,-,-,-,starch-binding domain-containing protein 1,20210420,-
130825,121147321,LOC121147321,-,-,-,Un,-,40S ribosomal protein S20-like,pseudo,-,-,-,-,20210420,-
130825,121147322,LOC121147322,-,-,-,Un,-,telomere length and silencing protein 1 homolog,pseudo,-,-,-,-,20210420,-
130825,121147323,LOC121147323,-,-,-,Un,-,pre-mRNA-splicing factor SYF1-like,pseudo,-,-,-,-,20210420,-
130825,121147324,LOC121147324,-,-,-,Un,-,smad nuclear-interacting protein 1-like,pseudo,-,-,-,-,20210420,-
130825,121147325,LOC121147325,-,-,-,Un,-,pre-mRNA-splicing factor SYF1-like,protein-coding,-,-,-,LOW QUALITY PROTEIN: pre-mRNA-splicing factor SYF1-like,20210420,-
130825,121147326,LOC121147326,-,-,-,Un,-,parafibromin-like,pseudo,-,-,-,-,20210420,-
130825,121147327,LOC121147327,-,-,-,Un,-,telomere length and silencing protein 1 homolog,protein-coding,-,-,-,telomere length and silencing protein 1 homolog,20210420,-
130825,121147328,PDHA2,-,-,-,Un,-,pyruvate dehydrogenase E1 subunit alpha 2,protein-coding,-,-,-,"pyruvate dehydrogenase E1 component subunit alpha, testis-specific form, mitochondrial",20210420,-
130825,121147329,LOC121147329,-,-,-,Un,-,tubulin alpha chain-like,pseudo,-,-,-,-,20210420,-
130825,121147330,FRAS1,-,-,-,Un,-,Fraser extracellular matrix complex subunit 1,protein-coding,-,-,-,extracellular matrix organizing protein FRAS1,20210420,-
130825,121147331,LOC121147331,-,-,-,Un,-,signal recognition particle 19 kDa protein-like,pseudo,-,-,-,-,20210420,-
130825,121147332,NAA11,-,-,-,Un,-,"N-alpha-acetyltransferase 11, NatA catalytic subunit",protein-coding,-,-,-,N-alpha-acetyltransferase 11,20210420,-
130825,121147333,TRMT10A,-,-,-,Un,-,tRNA methyltransferase 10A,protein-coding,-,-,-,tRNA methyltransferase 10 homolog A,20210420,-
130825,121147334,LOC121147334,-,-,-,Un,-,uncharacterized LOC121147334,ncRNA,-,-,-,-,20210420,-
130825,121147335,COQ2,-,-,-,Un,-,"coenzyme Q2, polyprenyltransferase",protein-coding,-,-,-,"4-hydroxybenzoate polyprenyltransferase, mitochondrial",20210420,-
130825,121147336,HPSE,-,-,-,Un,-,heparanase,protein-coding,-,-,-,heparanase,20210420,-
130825,121147337,LOC121147337,-,-,-,Un,-,mitochondrial import inner membrane translocase subunit Tim23-like,pseudo,-,-,-,-,20210420,-
130825,121147338,FHIP1A,-,-,-,Un,-,FHF complex subunit HOOK interacting protein 1A,protein-coding,-,-,-,protein FAM160A1,20210420,-
130825,121147339,BBS12,-,-,-,Un,-,Bardet-Biedl syndrome 12,protein-coding,-,-,-,Bardet-Biedl syndrome 12 protein,20210420,-
130825,121147340,NDNF,-,-,-,Un,-,neuron derived neurotrophic factor,protein-coding,-,-,-,protein NDNF,20210420,-
130825,121147341,DDX47,-,-,-,Un,-,DEAD-box helicase 47,protein-coding,-,-,-,probable ATP-dependent RNA helicase DDX47,20210420,-
130825,121147342,LOC121147342,-,-,-,Un,-,dentin sialophosphoprotein,protein-coding,-,-,-,dentin sialophosphoprotein,20210420,-
130825,121147343,DMP1,-,-,-,Un,-,dentin matrix acidic phosphoprotein 1,protein-coding,-,-,-,dentin matrix acidic phosphoprotein 1,20210420,-
130825,121147344,HERC5,-,-,-,Un,-,HECT and RLD domain containing E3 ubiquitin protein ligase 5,protein-coding,-,-,-,E3 ISG15--protein ligase HERC5,20210420,-
130825,121147345,DKK2,-,-,-,Un,-,dickkopf WNT signaling pathway inhibitor 2,protein-coding,-,-,-,dickkopf-related protein 2,20210420,-
130825,121147346,LOC121147346,-,-,-,Un,-,growth-regulated protein homolog gamma-like,protein-coding,-,-,-,growth-regulated protein homolog gamma-like,20210420,-
130825,121147347,LOC121147347,-,-,-,Un,-,26S proteasome complex subunit SEM1-like,protein-coding,-,-,-,LOW QUALITY PROTEIN: 26S proteasome complex subunit SEM1-like,20210420,-
130825,121147348,LOC121147348,-,-,-,Un,-,serine/threonine-protein kinase RIO3-like,pseudo,-,-,-,-,20210420,-
130825,121147349,TIFA,-,-,-,Un,-,TRAF interacting protein with forkhead associated domain,protein-coding,-,-,-,TRAF-interacting protein with FHA domain-containing protein A,20210420,-
130825,121147350,APOLD1,-,-,-,Un,-,apolipoprotein L domain containing 1,protein-coding,-,-,-,apolipoprotein L domain-containing protein 1,20210420,-
130825,121147351,ARL9,-,-,-,Un,-,ADP ribosylation factor like GTPase 9,protein-coding,-,-,-,ADP-ribosylation factor-like protein 9,20210420,-
130825,121147352,SYNPO2,-,-,-,Un,-,synaptopodin 2,protein-coding,-,-,-,synaptopodin-2,20210420,-
130825,121147353,LOC121147353,-,-,-,Un,-,uncharacterized LOC121147353,ncRNA,-,-,-,-,20210420,-
130825,121147354,LOC121147354,-,-,-,Un,-,uncharacterized LOC121147354,ncRNA,-,-,-,-,20210420,-
130825,121147355,CDS1,-,-,-,Un,-,CDP-diacylglycerol synthase 1,protein-coding,-,-,-,phosphatidate cytidylyltransferase 1,20210420,-
130825,121147356,LARP7,-,-,-,Un,-,"La ribonucleoprotein 7, transcriptional regulator",protein-coding,-,-,-,la-related protein 7,20210420,-
130825,121147357,ADAMTS3,-,-,-,Un,-,ADAM metallopeptidase with thrombospondin type 1 motif 3,protein-coding,-,-,-,A disintegrin and metalloproteinase with thrombospondin motifs 3,20210420,-
130825,121147358,LOC121147358,-,-,-,Un,-,cytochrome P450 2U1,protein-coding,-,-,-,cytochrome P450 2U1,20210420,-
130825,121147359,LOC121147359,-,-,-,Un,-,integumentary mucin C.1-like,protein-coding,-,-,-,integumentary mucin C.1-like,20210420,-
130825,121147360,BMP3,-,-,-,Un,-,bone morphogenetic protein 3,protein-coding,-,-,-,bone morphogenetic protein 3,20210420,-
130825,121147361,THAP9,-,-,-,Un,-,THAP domain containing 9,protein-coding,-,-,-,LOW QUALITY PROTEIN: DNA transposase THAP9,20210420,-
130825,121147362,LOC121147362,-,-,-,Un,-,uncharacterized LOC121147362,protein-coding,-,-,-,uncharacterized protein LOC121147362,20210420,-
130825,121147363,MMAA,-,-,-,Un,-,metabolism of cobalamin associated A,protein-coding,-,-,-,"methylmalonic aciduria type A protein, mitochondrial",20210420,-
130825,121147364,PLA2G12A,-,-,-,Un,-,phospholipase A2 group XIIA,protein-coding,-,-,-,group XIIA secretory phospholipase A2,20210420,-
130825,121147365,PDLIM5,-,-,-,Un,-,PDZ and LIM domain 5,protein-coding,-,-,-,PDZ and LIM domain protein 5,20210420,-
130825,121147366,MAPK10,-,-,-,Un,-,mitogen-activated protein kinase 10,protein-coding,-,-,-,mitogen-activated protein kinase 10,20210515,-
130825,121147367,EMCN,-,-,-,Un,-,endomucin,protein-coding,-,-,-,endomucin,20210420,-
130825,121147368,LOC121147368,-,-,-,Un,-,uncharacterized LOC121147368,ncRNA,-,-,-,-,20210420,-
130825,121147369,UTP3,-,-,-,Un,-,UTP3 small subunit processome component,protein-coding,-,-,-,something about silencing protein 10,20210420,-
130825,121147370,UBE2D3,-,-,-,Un,-,ubiquitin conjugating enzyme E2 D3,protein-coding,-,-,-,ubiquitin-conjugating enzyme E2 D3,20210522,-
130825,121147371,TBCK,-,-,-,Un,-,TBC1 domain containing kinase,protein-coding,-,-,-,TBC domain-containing protein kinase-like protein,20210420,-
130825,121147372,AIMP1,-,-,-,Un,-,aminoacyl tRNA synthetase complex interacting multifunctional protein 1,protein-coding,-,-,-,aminoacyl tRNA synthase complex-interacting multifunctional protein 1,20210420,-
130825,121147373,LOC121147373,-,-,-,Un,-,protein FAM50A-like,protein-coding,-,-,-,protein FAM50A-like,20210420,-
130825,121147374,ZGRF1,-,-,-,Un,-,zinc finger GRF-type containing 1,protein-coding,-,-,-,protein ZGRF1,20210420,-
130825,121147375,SRD5A3,-,-,-,Un,-,steroid 5 alpha-reductase 3,protein-coding,-,-,-,polyprenol reductase,20210420,-
130825,121147376,MTHFD2L,-,-,-,Un,-,methylenetetrahydrofolate dehydrogenase (NADP+ dependent) 2 like,protein-coding,-,-,-,LOW QUALITY PROTEIN: probable bifunctional methylenetetrahydrofolate dehydrogenase/cyclohydrolase 2,20210420,-
130825,121147377,ELF2,-,-,-,Un,-,E74 like ETS transcription factor 2,protein-coding,-,-,-,ETS-related transcription factor Elf-2,20210420,-
130825,121147378,CXXC4,-,-,-,Un,-,CXXC finger protein 4,protein-coding,-,-,-,CXXC-type zinc finger protein 4,20210420,-
130825,121147379,HOPX,-,-,-,Un,-,HOP homeobox,protein-coding,-,-,-,homeodomain-only protein,20210420,-
130825,121147380,HEBP1,-,-,-,Un,-,heme binding protein 1,protein-coding,-,-,-,heme-binding protein 1,20210420,-
130825,121147381,QRFPR,-,-,-,Un,-,pyroglutamylated RFamide peptide receptor,protein-coding,-,-,-,pyroglutamylated RF-amide peptide receptor,20210420,-
130825,121147382,LOC121147382,-,-,-,Un,-,centrin-4-like,protein-coding,-,-,-,centrin-4-like,20210420,-
130825,121147383,LOC121147383,-,-,-,Un,-,alpha-S2-casein-like A,protein-coding,-,-,-,alpha-S2-casein-like A,20210420,-
130825,121147384,SLC10A6,-,-,-,Un,-,solute carrier family 10 member 6,protein-coding,-,-,-,solute carrier family 10 member 6,20210420,-
130825,121147385,CUNH4orf36,-,-,-,Un,-,chromosome unknown C4orf36 homolog,protein-coding,-,-,-,uncharacterized protein C4orf36 homolog,20210420,-
130825,121147386,LOC121147386,-,-,-,Un,-,uncharacterized LOC121147386,ncRNA,-,-,-,-,20210420,-
130825,121147387,LOC121147387,-,-,-,Un,-,uncharacterized LOC121147387,ncRNA,-,-,-,-,20210420,-
130825,121147388,RRH,-,-,-,Un,-,retinal pigment epithelium-derived rhodopsin homolog,protein-coding,-,-,-,visual pigment-like receptor peropsin,20210420,-
130825,121147389,CLGN,-,-,-,Un,-,calmegin,protein-coding,-,-,-,calmegin,20210420,-
130825,121147390,FAM234B,-,-,-,Un,-,family with sequence similarity 234 member B,protein-coding,-,-,-,protein FAM234B,20210420,-
130825,121147391,LOC121147391,-,-,-,Un,-,60S ribosomal protein L32-like,pseudo,-,-,-,-,20210420,-
130825,121147392,LOC121147392,-,-,-,Un,-,alpha fetoprotein,protein-coding,-,-,-,alpha-fetoprotein,20210420,-
130825,121147393,LOC121147393,-,-,-,Un,-,60S ribosomal protein L23a-like,pseudo,-,-,-,-,20210420,-
130825,121147394,PRSS12,-,-,-,Un,-,serine protease 12,protein-coding,-,-,-,neurotrypsin,20210420,-
130825,121147395,LOC121147395,-,-,-,Un,-,uncharacterized LOC121147395,ncRNA,-,-,-,-,20210420,-
130825,121147396,WDFY3,-,-,-,Un,-,WD repeat and FYVE domain containing 3,protein-coding,-,-,-,WD repeat and FYVE domain-containing protein 3,20210420,-
130825,121147397,LOC121147397,-,-,-,Un,-,integrin binding sialoprotein,protein-coding,-,-,-,bone sialoprotein 2,20210420,-
130825,121147398,IL21,-,-,-,Un,-,interleukin 21,protein-coding,-,-,-,interleukin-21,20210420,-
130825,121147399,LOC121147399,-,-,-,Un,-,uncharacterized LOC121147399,ncRNA,-,-,-,-,20210420,-
130825,121147400,LOC121147400,-,-,-,Un,-,uncharacterized LOC121147400,ncRNA,-,-,-,-,20210420,-
130825,121147401,LOC121147401,-,-,-,Un,-,uncharacterized LOC121147401,ncRNA,-,-,-,-,20210420,-
130825,121147402,SPATA5,-,-,-,Un,-,spermatogenesis associated 5,protein-coding,-,-,-,ATPase family protein 2 homolog,20210420,-
130825,121147403,LOC121147403,-,-,-,Un,-,60S ribosomal protein L18a-like,pseudo,-,-,-,-,20210420,-
130825,121147404,PABPC4L,-,-,-,Un,-,poly(A) binding protein cytoplasmic 4 like,protein-coding,-,-,-,polyadenylate-binding protein 4-like,20210420,-
130825,121147405,LOC121147405,-,-,-,Un,-,"NADH dehydrogenase [ubiquinone] flavoprotein 2, mitochondrial-like",protein-coding,-,-,-,"NADH dehydrogenase [ubiquinone] flavoprotein 2, mitochondrial-like",20210420,-
130825,121147406,EMP1,-,-,-,Un,-,epithelial membrane protein 1,protein-coding,-,-,-,epithelial membrane protein 1,20210420,-
130825,121147407,LOC121147407,-,-,-,Un,-,uncharacterized LOC121147407,ncRNA,-,-,-,-,20210420,-
130825,121147408,LOC121147408,-,-,-,Un,-,alcohol dehydrogenase class-2 isozyme 1,protein-coding,-,-,-,alcohol dehydrogenase class-2 isozyme 1,20210420,-
130825,121147409,LOC121147409,-,-,-,Un,-,transcription factor E2F4-like,pseudo,-,-,-,-,20210420,-
130825,121147410,LOC121147410,-,-,-,Un,-,hedgehog interacting protein,protein-coding,-,-,-,hedgehog-interacting protein,20210420,-
130825,121147411,CFAP299,-,-,-,Un,-,cilia and flagella associated protein 299,protein-coding,-,-,-,cilia- and flagella-associated protein 299,20210420,-
130825,121147412,POU4F2,-,-,-,Un,-,POU class 4 homeobox 2,protein-coding,-,-,-,"POU domain, class 4, transcription factor 2",20210420,-
130825,121147413,HSD17B13,-,-,-,Un,-,hydroxysteroid 17-beta dehydrogenase 13,protein-coding,-,-,-,17-beta-hydroxysteroid dehydrogenase 13,20210420,-
130825,121147414,LOC121147414,-,-,-,Un,-,vesicle-associated membrane protein 7B-like,protein-coding,-,-,-,vesicle-associated membrane protein 714-like|vesicle-associated membrane protein 7B-like,20210420,-
130825,121147415,LOC121147415,-,-,-,Un,-,activating transcription factor 7 interacting protein,protein-coding,-,-,-,activating transcription factor 7-interacting protein 1,20210420,-
130825,121147416,RNF150,-,-,-,Un,-,ring finger protein 150,protein-coding,-,-,-,RING finger protein 150,20210420,-
130825,121147417,LOC121147417,-,-,-,Un,-,uncharacterized LOC121147417,ncRNA,-,-,-,-,20210420,-
130825,121147418,LOC121147418,-,-,-,Un,-,huntingtin-interacting protein K-like,pseudo,-,-,-,-,20210420,-
130825,121147419,OTUD4,-,-,-,Un,-,OTU deubiquitinase 4,protein-coding,-,-,-,OTU domain-containing protein 4,20210420,-
130825,121147420,ABCE1,-,-,-,Un,-,ATP binding cassette subfamily E member 1,protein-coding,-,-,-,ATP-binding cassette sub-family E member 1,20210424,-
130825,121147421,LOC121147421,-,-,-,Un,-,uncharacterized LOC121147421,ncRNA,-,-,-,-,20210420,-
130825,121147422,SLC39A8,-,-,-,Un,-,solute carrier family 39 member 8,protein-coding,-,-,-,metal cation symporter ZIP8,20210420,-
130825,121147423,SPP1,-,-,-,Un,-,secreted phosphoprotein 1,protein-coding,-,-,-,osteopontin,20210420,-
130825,121147424,STPG2,-,-,-,Un,-,sperm tail PG-rich repeat containing 2,protein-coding,-,-,-,sperm-tail PG-rich repeat-containing protein 2,20210420,-
130825,121147425,MCUB,-,-,-,Un,-,mitochondrial calcium uniporter dominant negative subunit beta,protein-coding,-,-,-,"calcium uniporter regulatory subunit MCUb, mitochondrial",20210420,-
130825,121147426,LOC121147426,-,-,-,Un,-,caspase-6-like,protein-coding,-,-,-,caspase-6-like,20210420,-
130825,121147427,LOC121147427,-,-,-,Un,-,caspase-6-like,protein-coding,-,-,-,caspase-6-like,20210420,-
130825,121147428,LOC121147428,-,-,-,Un,-,caspase-6,protein-coding,-,-,-,caspase-6,20210420,-
130825,121147429,LOC121147429,-,-,-,Un,-,uncharacterized LOC121147429,ncRNA,-,-,-,-,20210420,-
130825,121147430,LOC121147430,-,-,-,Un,-,uncharacterized LOC121147430,ncRNA,-,-,-,-,20210420,-
130825,121147431,LOC121147431,-,-,-,Un,-,transmembrane protease serine 11C-like,protein-coding,-,-,-,transmembrane protease serine 11C-like,20210420,-
130825,121147432,NPFFR2,-,-,-,Un,-,neuropeptide FF receptor 2,protein-coding,-,-,-,neuropeptide FF receptor 2,20210420,-
130825,121147433,DEFB1,-,-,-,Un,-,defensin beta 1,protein-coding,-,-,-,beta-defensin 1,20210420,-
130825,121147434,ARHGAP10,-,-,-,Un,-,Rho GTPase activating protein 10,protein-coding,-,-,-,rho GTPase-activating protein 10,20210420,-
130825,121147435,SETD7,-,-,-,Un,-,"SET domain containing 7, histone lysine methyltransferase",protein-coding,-,-,-,histone-lysine N-methyltransferase SETD7,20210420,-
130825,121147436,INPP4B,-,-,-,Un,-,inositol polyphosphate-4-phosphatase type II B,protein-coding,-,-,-,inositol polyphosphate 4-phosphatase type II,20210420,-
130825,121147437,ANXA6,-,-,-,Un,-,annexin A6,protein-coding,-,-,-,annexin A6,20210420,-
130825,121147438,FABP2,-,-,-,Un,-,fatty acid binding protein 2,protein-coding,-,-,-,"fatty acid-binding protein, intestinal",20210420,-
130825,121147439,ABCG2,-,-,-,Un,-,ATP binding cassette subfamily G member 2 (Junior blood group),protein-coding,-,-,-,broad substrate specificity ATP-binding cassette transporter ABCG2,20210420,-
130825,121147440,PPM1K,-,-,-,Un,-,"protein phosphatase, Mg2+/Mn2+ dependent 1K",protein-coding,-,-,-,"protein phosphatase 1K, mitochondrial",20210420,-
130825,121147441,LOC121147441,-,-,-,Un,-,nucleoporin SEH1-like,pseudo,-,-,-,-,20210420,-
130825,121147442,LOC121147442,-,-,-,Un,-,uncharacterized LOC121147442,ncRNA,-,-,-,-,20210420,-
130825,121147443,AFF1,-,-,-,Un,-,AF4/FMR2 family member 1,protein-coding,-,-,-,AF4/FMR2 family member 1,20210420,-
130825,121147444,LOC121147444,-,-,-,Un,-,uncharacterized LOC121147444,ncRNA,-,-,-,-,20210420,-
130825,121147445,FGA,-,-,-,Un,-,fibrinogen alpha chain,protein-coding,-,-,-,fibrinogen alpha chain,20210420,-
130825,121147446,SEC24D,-,-,-,Un,-,"SEC24 homolog D, COPII coat complex component",protein-coding,-,-,-,protein transport protein Sec24D,20210420,-
130825,121147447,PLBD1,-,-,-,Un,-,phospholipase B domain containing 1,protein-coding,-,-,-,phospholipase B-like 1,20210420,-
130825,121147448,METTL14,-,-,-,Un,-,"methyltransferase 14, N6-adenosine-methyltransferase subunit",protein-coding,-,-,-,N6-adenosine-methyltransferase non-catalytic subunit|methyltransferase like 14,20210519,-
130825,121147449,CAMK2D,-,-,-,Un,-,calcium/calmodulin dependent protein kinase II delta,protein-coding,-,-,-,calcium/calmodulin-dependent protein kinase type II subunit delta,20210529,-
130825,121147450,LOC121147450,-,-,-,Un,-,uncharacterized LOC121147450,ncRNA,-,-,-,-,20210420,-
130825,121147451,TET2,-,-,-,Un,-,tet methylcytosine dioxygenase 2,protein-coding,-,-,-,methylcytosine dioxygenase TET2,20210420,-
130825,121147452,LOC121147452,-,-,-,Un,-,uncharacterized LOC121147452,ncRNA,-,-,-,-,20210420,-
130825,121147453,LOC121147453,-,-,-,Un,-,40S ribosomal protein S18-like,pseudo,-,-,-,-,20210420,-
130825,121147454,G3BP2,-,-,-,Un,-,G3BP stress granule assembly factor 2,protein-coding,-,-,-,ras GTPase-activating protein-binding protein 2,20210420,-
130825,121147455,LOC121147455,-,-,-,Un,-,uncharacterized LOC121147455,ncRNA,-,-,-,-,20210420,-
130825,121147456,NKX6-1,-,-,-,Un,-,NK6 homeobox 1,protein-coding,-,-,-,homeobox protein Nkx-6.1,20210420,-
130825,121147457,CXCL11,-,-,-,Un,-,C-X-C motif chemokine ligand 11,protein-coding,-,-,-,C-X-C motif chemokine 11,20210420,-
130825,121147458,SEC24B,-,-,-,Un,-,"SEC24 homolog B, COPII coat complex component",protein-coding,-,-,-,protein transport protein Sec24B,20210420,-
130825,121147459,GUCY2C,-,-,-,Un,-,guanylate cyclase 2C,protein-coding,-,-,-,heat-stable enterotoxin receptor,20210420,-
130825,121147460,USO1,-,-,-,Un,-,USO1 vesicle transport factor,protein-coding,-,-,-,general vesicular transport factor p115,20210420,-
130825,121147461,LOC121147461,-,-,-,Un,-,uncharacterized LOC121147461,ncRNA,-,-,-,-,20210420,-
130825,121147462,RUFY3,-,-,-,Un,-,RUN and FYVE domain containing 3,protein-coding,-,-,-,protein RUFY3,20210420,-
130825,121147463,FAM13A,-,-,-,Un,-,family with sequence similarity 13 member A,protein-coding,-,-,-,protein FAM13A,20210420,-
130825,121147464,SPINK2,-,-,-,Un,-,serine peptidase inhibitor Kazal type 2,protein-coding,-,-,-,serine protease inhibitor Kazal-type 2,20210420,-
130825,121147465,LOC121147465,-,-,-,Un,-,histone H2A.J,protein-coding,-,-,-,histone H2A.J,20210424,-
130825,121147466,EREG,-,-,-,Un,-,epiregulin,protein-coding,-,-,-,proepiregulin,20210420,-
130825,121147467,LRBA,-,-,-,Un,-,LPS responsive beige-like anchor protein,protein-coding,-,-,-,lipopolysaccharide-responsive and beige-like anchor protein,20210420,-
130825,121147468,MAB21L2,-,-,-,Un,-,mab-21 like 2,protein-coding,-,-,-,protein mab-21-like 2,20210424,-
130825,121147469,DAPP1,-,-,-,Un,-,dual adaptor of phosphotyrosine and 3-phosphoinositides 1,protein-coding,-,-,-,dual adapter for phosphotyrosine and 3-phosphotyrosine and 3-phosphoinositide,20210420,-
130825,121147470,LOC121147470,-,-,-,Un,-,uncharacterized LOC121147470,ncRNA,-,-,-,-,20210420,-
130825,121147471,LOC121147471,-,-,-,Un,-,PDZ domain-containing protein 11-like,pseudo,-,-,-,-,20210420,-
130825,121147472,FAM241A,-,-,-,Un,-,family with sequence similarity 241 member A,protein-coding,-,-,-,uncharacterized protein FAM241A,20210420,-
130825,121147473,WBP11,-,-,-,Un,-,WW domain binding protein 11,protein-coding,-,-,-,WW domain-binding protein 11,20210420,-
130825,121147474,EXOC1L,-,-,-,Un,-,exocyst complex component 1 like,protein-coding,-,-,-,exocyst complex component 1-like,20210420,-
130825,121147475,KIAA1109,-,-,-,Un,-,KIAA1109 ortholog,protein-coding,-,-,-,transmembrane protein KIAA1109 homolog,20210420,-
130825,121147476,TMEM154,-,-,-,Un,-,transmembrane protein 154,protein-coding,-,-,-,transmembrane protein 154,20210420,-
130825,121147477,LOC121147477,-,-,-,Un,-,uncharacterized LOC121147477,ncRNA,-,-,-,-,20210420,-
130825,121147478,RCHY1,-,-,-,Un,-,ring finger and CHY zinc finger domain containing 1,protein-coding,-,-,-,RING finger and CHY zinc finger domain-containing protein 1,20210420,-
130825,121147479,THAP6,-,-,-,Un,-,THAP domain containing 6,protein-coding,-,-,-,THAP domain-containing protein 6,20210420,-
130825,121147480,SMARCAD1,-,-,-,Un,-,"SWI/SNF-related, matrix-associated actin-dependent regulator of chromatin, subfamily a, containing DEAD/H box 1",protein-coding,-,-,-,SWI/SNF-related matrix-associated actin-dependent regulator of chromatin subfamily A containing DEAD/H box 1,20210420,-
130825,121147481,HPGDS,-,-,-,Un,-,hematopoietic prostaglandin D synthase,protein-coding,-,-,-,hematopoietic prostaglandin D synthase,20210420,-
130825,121147482,ART4,-,-,-,Un,-,ADP-ribosyltransferase 4 (inactive) (Dombrock blood group),protein-coding,-,-,-,ecto-ADP-ribosyltransferase 4,20210420,-
130825,121147483,PRDM8,-,-,-,Un,-,PR/SET domain 8,protein-coding,-,-,-,PR domain zinc finger protein 8,20210420,-
130825,121147484,AREG,-,-,-,Un,-,amphiregulin,protein-coding,-,-,-,amphiregulin,20210420,-
130825,121147485,LOC121147485,-,-,-,Un,-,eukaryotic initiation factor 4A-I-like,pseudo,-,-,-,-,20210420,-
130825,121147486,LOC121147486,-,-,-,Un,-,alcohol dehydrogenase 6-like,protein-coding,-,-,-,alcohol dehydrogenase 6-like,20210420,-
130825,121147487,LOC121147487,-,-,-,Un,-,dihydroxyacetone phosphate acyltransferase-like,pseudo,-,-,-,-,20210420,-
130825,121147488,LOC121147488,-,-,-,Un,-,high mobility group protein B1-like,pseudo,-,-,-,-,20210420,-
130825,121147489,LOC121147489,-,-,-,Un,-,40S ribosomal protein S12-like,pseudo,-,-,-,-,20210420,-
130825,121147490,LOC121147490,-,-,-,Un,-,thioredoxin-like,pseudo,-,-,-,-,20210420,-
130825,121147491,LOC121147491,-,-,-,Un,-,U2 small nuclear ribonucleoprotein B''-like,pseudo,-,-,-,-,20210420,-
130825,121147492,LOC121147492,-,-,-,Un,-,transcription factor Sp3-like,pseudo,-,-,-,-,20210420,-
130825,121147493,LOC121147493,-,-,-,Un,-,mediator of RNA polymerase II transcription subunit 25-like,pseudo,-,-,-,-,20210420,-
130825,121147494,LOC121147494,-,-,-,Un,-,SWI/SNF-related matrix-associated actin-dependent regulator of chromatin subfamily E member 1-like,pseudo,-,-,-,-,20210420,-
130825,121147495,TRAM1L1,-,-,-,Un,-,translocation associated membrane protein 1 like 1,protein-coding,-,-,-,translocating chain-associated membrane protein 1-like 1,20210420,-
130825,121147496,LOC121147496,-,-,-,Un,-,transmembrane protein 68-like,pseudo,-,-,-,-,20210420,-
130825,121147497,ARSJ,-,-,-,Un,-,arylsulfatase family member J,protein-coding,-,-,-,arylsulfatase J,20210420,-
130825,121147498,LOC121147498,-,-,-,Un,-,"grpE protein homolog 2, mitochondrial-like",pseudo,-,-,-,-,20210420,-
130825,121147499,LOC121147499,-,-,-,Un,-,glutamyl aminopeptidase,protein-coding,-,-,-,glutamyl aminopeptidase,20210420,-
130825,121147500,EGF,-,-,-,Un,-,epidermal growth factor,protein-coding,-,-,-,pro-epidermal growth factor,20210420,-
130825,121147501,GAR1,-,-,-,Un,-,GAR1 ribonucleoprotein,protein-coding,-,-,-,H/ACA ribonucleoprotein complex subunit 1,20210420,-
130825,121147502,CUNH12orf60,-,-,-,Un,-,chromosome unknown C12orf60 homolog,protein-coding,-,-,-,uncharacterized protein C12orf60 homolog,20210420,-
130825,121147503,LOC121147503,-,-,-,Un,-,caspase-6-like,protein-coding,-,-,-,caspase-6-like,20210420,-
130825,121147504,LOC121147504,-,-,-,Un,-,60S ribosomal protein L10-like,pseudo,-,-,-,-,20210420,-
130825,121147505,LOC121147505,-,-,-,Un,-,MOB-like protein phocein,pseudo,-,-,-,-,20210420,-
130825,121147506,FGF2,-,-,-,Un,-,fibroblast growth factor 2,protein-coding,-,-,-,LOW QUALITY PROTEIN: fibroblast growth factor 2,20210420,-
130825,121147507,LOC121147507,-,-,-,Un,-,protein Aster-B-like,pseudo,-,-,-,-,20210420,-
130825,121147508,LOC121147508,-,-,-,Un,-,eukaryotic translation initiation factor 3 subunit M-like,pseudo,-,-,-,-,20210420,-
130825,121147509,LOC121147509,-,-,-,Un,-,protein mago nashi homolog,pseudo,-,-,-,-,20210420,-
130825,121147510,LOC121147510,-,-,-,Un,-,60S ribosomal protein L7-like,pseudo,-,-,-,-,20210420,-
130825,121147511,LOC121147511,-,-,-,Un,-,large proline-rich protein BAG6-like,protein-coding,-,-,-,large proline-rich protein BAG6-like,20210420,-
130825,121147512,SMCO3,-,-,-,Un,-,single-pass membrane protein with coiled-coil domains 3,protein-coding,-,-,-,single-pass membrane and coiled-coil domain-containing protein 3,20210420,-
130825,121147513,LOC121147513,-,-,-,Un,-,Golgi reassembly-stacking protein 2-like,pseudo,-,-,-,-,20210420,-
130825,121147514,LOC121147514,-,-,-,Un,-,60S ribosomal protein L6-like,pseudo,-,-,-,-,20210420,-
130825,121147515,LOC121147515,-,-,-,Un,-,peroxisomal biogenesis factor 3-like,pseudo,-,-,-,-,20210420,-
130825,121147516,LOC121147516,-,-,-,Un,-,stearoyl-CoA desaturase-like,pseudo,-,-,-,-,20210420,-
130825,121147517,SLC7A11,-,-,-,Un,-,solute carrier family 7 member 11,protein-coding,-,-,-,cystine/glutamate transporter,20210420,-
130825,121147518,LOC121147518,-,-,-,Un,-,high mobility group protein B2-like,pseudo,-,-,-,-,20210420,-
130825,121147519,LOC121147519,-,-,-,Un,-,rho guanine nucleotide exchange factor 1-like,protein-coding,-,-,-,rho guanine nucleotide exchange factor 1-like,20210420,-
130825,121147520,RAB33B,-,-,-,Un,-,"RAB33B, member RAS oncogene family",protein-coding,-,-,-,ras-related protein Rab-33B,20210420,-
130825,121147521,MGAT4D,-,-,-,Un,-,MGAT4 family member D,protein-coding,-,-,-,"alpha-1,3-mannosyl-glycoprotein 4-beta-N-acetylglucosaminyltransferase-like protein MGAT4D",20210420,-
130825,121147522,LOC121147522,-,-,-,Un,-,protein SET-like,pseudo,-,-,-,-,20210420,-
130825,121147523,LOC121147523,-,-,-,Un,-,phospholipid phosphatase 6-like,pseudo,-,-,-,-,20210420,-
130825,121147524,CUNH4orf51,-,-,-,Un,-,chromosome unknown C4orf51 homolog,protein-coding,-,-,-,uncharacterized protein C4orf51 homolog,20210420,-
130825,121147525,ZNF827,-,-,-,Un,-,zinc finger protein 827,protein-coding,-,-,-,zinc finger protein 827,20210420,-
130825,121147526,LOC121147526,-,-,-,Un,-,60S ribosomal protein L31-like,pseudo,-,-,-,-,20210420,-
130825,121147527,IQCM,-,-,-,Un,-,IQ motif containing M,protein-coding,-,-,-,IQ domain-containing protein M,20210420,-
130825,121147528,ERP27,-,-,-,Un,-,endoplasmic reticulum protein 27,protein-coding,-,-,-,endoplasmic reticulum resident protein 27,20210420,-
130825,121147529,LOC121147529,-,-,-,Un,-,"complement component 1 Q subcomponent-binding protein, mitochondrial-like",pseudo,-,-,-,-,20210420,-
130825,121147530,DCHS2,-,-,-,Un,-,dachsous cadherin-related 2,protein-coding,-,-,-,protocadherin-23,20210420,-
130825,121147531,LOC121147531,-,-,-,Un,-,BCL2/adenovirus E1B 19 kDa protein-interacting protein 3-like,pseudo,-,-,-,-,20210420,-
130825,121147532,LEF1,-,-,-,Un,-,lymphoid enhancer binding factor 1,protein-coding,-,-,-,lymphoid enhancer-binding factor 1,20210420,-
130825,121147533,NAA15,-,-,-,Un,-,"N-alpha-acetyltransferase 15, NatA auxiliary subunit",protein-coding,-,-,-,"N-alpha-acetyltransferase 15, NatA auxiliary subunit",20210420,-
130825,121147534,LOC121147534,-,-,-,Un,-,uncharacterized LOC121147534,ncRNA,-,-,-,-,20210420,-
130825,121147535,TBC1D9,-,-,-,Un,-,TBC1 domain family member 9,protein-coding,-,-,-,TBC1 domain family member 9,20210420,-
130825,121147536,EXOC1,-,-,-,Un,-,exocyst complex component 1,protein-coding,-,-,-,exocyst complex component 1,20210420,-
130825,121147537,ARHGDIB,-,-,-,Un,-,Rho GDP dissociation inhibitor beta,protein-coding,-,-,-,rho GDP-dissociation inhibitor 2,20210420,-
130825,121147538,MOB1B,-,-,-,Un,-,MOB kinase activator 1B,protein-coding,-,-,-,MOB kinase activator 1B,20210420,-
130825,121147539,YTHDC1,-,-,-,Un,-,YTH domain containing 1,protein-coding,-,-,-,YTH domain-containing protein 1,20210420,-
130825,121147540,USP53,-,-,-,Un,-,ubiquitin specific peptidase 53,protein-coding,-,-,-,inactive ubiquitin carboxyl-terminal hydrolase 53,20210420,-
130825,121147541,CUNH4orf3,-,-,-,Un,-,chromosome unknown C4orf3 homolog,protein-coding,-,-,-,uncharacterized protein C4orf3 homolog,20210420,-
130825,121147542,LOC121147542,-,-,-,Un,-,proline-rich protein 27-like,protein-coding,-,-,-,proline-rich protein 27-like,20210420,-
130825,121147543,LRAT,-,-,-,Un,-,lecithin retinol acyltransferase,protein-coding,-,-,-,lecithin retinol acyltransferase,20210420,-
130825,121147544,SH3D19,-,-,-,Un,-,SH3 domain containing 19,protein-coding,-,-,-,SH3 domain-containing protein 19,20210420,-
130825,121147545,PRSS48,-,-,-,Un,-,serine protease 48,protein-coding,-,-,-,serine protease 48,20210420,-
130825,121147546,PDE6H,-,-,-,Un,-,phosphodiesterase 6H,protein-coding,-,-,-,"retinal cone rhodopsin-sensitive cGMP 3',5'-cyclic phosphodiesterase subunit gamma",20210420,-
130825,121147547,AGPAT5,-,-,-,Un,-,1-acylglycerol-3-phosphate O-acyltransferase 5,protein-coding,-,-,-,1-acyl-sn-glycerol-3-phosphate acyltransferase epsilon,20210420,-
130825,121147548,ODAM,-,-,-,Un,-,"odontogenic, ameloblast associated",protein-coding,-,-,-,odontogenic ameloblast-associated protein,20210420,-
130825,121147549,CXCL13,-,-,-,Un,-,C-X-C motif chemokine ligand 13,protein-coding,-,-,-,C-X-C motif chemokine 13,20210420,-
130825,121147550,SEC31A,-,-,-,Un,-,"SEC31 homolog A, COPII coat complex component",protein-coding,-,-,-,protein transport protein Sec31A,20210420,-
130825,121147551,PPA2,-,-,-,Un,-,inorganic pyrophosphatase 2,protein-coding,-,-,-,"inorganic pyrophosphatase 2, mitochondrial",20210420,-
130825,121147552,RERG,-,-,-,Un,-,RAS like estrogen regulated growth inhibitor,protein-coding,-,-,-,ras-related and estrogen-regulated growth inhibitor,20210420,-
130825,121147553,TSPAN5,-,-,-,Un,-,tetraspanin 5,protein-coding,-,-,-,tetraspanin-5,20210501,-
130825,121147554,LOC121147554,-,-,-,Un,-,uncharacterized LOC121147554,ncRNA,-,-,-,-,20210420,-
130825,121147555,EIF4E,-,-,-,Un,-,eukaryotic translation initiation factor 4E,protein-coding,-,-,-,eukaryotic translation initiation factor 4E,20210420,-
130825,121147556,GYPA,-,-,-,Un,-,glycophorin A (MNS blood group),protein-coding,-,-,-,glycophorin-A,20210420,-
130825,121147557,LOC121147557,-,-,-,Un,-,uncharacterized LOC121147557,ncRNA,-,-,-,-,20210420,-
130825,121147558,HNRNPD,-,-,-,Un,-,heterogeneous nuclear ribonucleoprotein D,protein-coding,-,-,-,heterogeneous nuclear ribonucleoprotein D0,20210420,-
130825,121147559,LOC121147559,-,-,-,Un,-,uncharacterized LOC121147559,ncRNA,-,-,-,-,20210420,-
130825,121147560,PTPRO,-,-,-,Un,-,protein tyrosine phosphatase receptor type O,protein-coding,-,-,-,receptor-type tyrosine-protein phosphatase O,20210420,-
130825,121147561,NEUROG2,-,-,-,Un,-,neurogenin 2,protein-coding,-,-,-,neurogenin-2,20210420,-
130825,121147562,LOC121147562,-,-,-,Un,-,uncharacterized LOC121147562,ncRNA,-,-,-,-,20210420,-
130825,121147563,LOC121147563,-,-,-,Un,-,uncharacterized LOC121147563,ncRNA,-,-,-,-,20210420,-
130825,121147564,ANKRD17,-,-,-,Un,-,ankyrin repeat domain 17,protein-coding,-,-,-,ankyrin repeat domain-containing protein 17,20210420,-
130825,121147565,ATOH1,-,-,-,Un,-,atonal bHLH transcription factor 1,protein-coding,-,-,-,protein atonal homolog 1,20210420,-
130825,121147566,HELQ,-,-,-,Un,-,"helicase, POLQ like",protein-coding,-,-,-,helicase POLQ-like,20210420,-
130825,121147567,MRPS18C,-,-,-,Un,-,mitochondrial ribosomal protein S18C,protein-coding,-,-,-,"28S ribosomal protein S18c, mitochondrial",20210420,-
130825,121147568,MEPE,-,-,-,Un,-,matrix extracellular phosphoglycoprotein,protein-coding,-,-,-,matrix extracellular phosphoglycoprotein,20210420,-
130825,121147569,EPS8,-,-,-,Un,-,epidermal growth factor receptor pathway substrate 8,protein-coding,-,-,-,epidermal growth factor receptor kinase substrate 8,20210420,-
130825,121147570,CCSER1,-,-,-,Un,-,coiled-coil serine rich protein 1,protein-coding,-,-,-,serine-rich coiled-coil domain-containing protein 1,20210420,-
130825,121147571,LOC121147571,-,-,-,Un,-,beta-defensin 103A,protein-coding,-,-,-,beta-defensin 103A,20210420,-
130825,121147572,GIMD1,-,-,-,Un,-,GIMAP family P-loop NTPase domain containing 1,protein-coding,-,-,-,GTPase IMAP family member GIMD1,20210420,-
130825,121147573,JADE1,-,-,-,Un,-,jade family PHD finger 1,protein-coding,-,-,-,protein Jade-1,20210420,-
130825,121147574,BMP2K,-,-,-,Un,-,BMP2 inducible kinase,protein-coding,-,-,-,BMP-2-inducible protein kinase,20210420,-
130825,121147575,PAQR3,-,-,-,Un,-,progestin and adipoQ receptor family member 3,protein-coding,-,-,-,progestin and adipoQ receptor family member 3,20210420,-
130825,121147576,SMARCA5,-,-,-,Un,-,"SWI/SNF related, matrix associated, actin dependent regulator of chromatin, subfamily a, member 5",protein-coding,-,-,-,SWI/SNF-related matrix-associated actin-dependent regulator of chromatin subfamily A member 5,20210420,-
130825,121147577,SNCA,-,-,-,Un,-,synuclein alpha,protein-coding,-,-,-,alpha-synuclein,20210420,-
130825,121147578,LOC121147578,-,-,-,Un,-,serine/threonine kinase receptor associated protein,protein-coding,-,-,-,serine-threonine kinase receptor-associated protein,20210420,-
130825,121147579,GAB1,-,-,-,Un,-,GRB2 associated binding protein 1,protein-coding,-,-,-,GRB2-associated-binding protein 1,20210420,-
130825,121147580,LOC121147580,-,-,-,Un,-,protein SET-like,pseudo,-,-,-,-,20210420,-
130825,121147581,LOC121147581,-,-,-,Un,-,UDP-glucuronosyltransferase 2B13-like,protein-coding,-,-,-,UDP-glucuronosyltransferase 2B13-like,20210420,-
130825,121147582,LOC121147582,-,-,-,Un,-,UDP-glucuronosyltransferase 2B13-like,protein-coding,-,-,-,UDP-glucuronosyltransferase 2B13-like,20210420,-
130825,121147583,LOC121147583,-,-,-,Un,-,UDP-glucuronosyltransferase 2B13-like,protein-coding,-,-,-,UDP-glucuronosyltransferase 2B13-like,20210420,-
130825,121147584,LOC121147584,-,-,-,Un,-,UDP-glucuronosyltransferase 2B13-like,protein-coding,-,-,-,UDP-glucuronosyltransferase 2B13-like|UDP-glucuronosyltransferase 2B16-like,20210420,-
130825,121147585,DERA,-,-,-,Un,-,deoxyribose-phosphate aldolase,protein-coding,-,-,-,deoxyribose-phosphate aldolase,20210420,-
130825,121147586,LOC121147586,-,-,-,Un,-,UDP-glucuronosyltransferase 2B13-like,protein-coding,-,-,-,UDP-glucuronosyltransferase 2B13-like,20210420,-
130825,121147587,SEPTIN11,-,-,-,Un,-,septin 11,protein-coding,-,-,-,septin-11,20210420,-
130825,121147588,CCNI,-,-,-,Un,-,cyclin I,protein-coding,-,-,-,cyclin-I,20210420,-
130825,121147589,UBA6,-,-,-,Un,-,ubiquitin like modifier activating enzyme 6,protein-coding,-,-,-,ubiquitin-like modifier-activating enzyme 6,20210420,-
130825,121147590,LOC121147590,-,-,-,Un,-,U6 spliceosomal RNA,snRNA,-,-,-,-,20210420,-
130825,121147591,LOC121147591,-,-,-,Un,-,U6 spliceosomal RNA,snRNA,-,-,-,-,20210420,-
130825,121147592,LOC121147592,-,-,-,Un,-,U6 spliceosomal RNA,snRNA,-,-,-,-,20210420,-
130825,121147593,LOC121147593,-,-,-,Un,-,U6 spliceosomal RNA,snRNA,-,-,-,-,20210420,-
130825,121147594,LOC121147594,-,-,-,Un,-,U6 spliceosomal RNA,snRNA,-,-,-,-,20210420,-
130825,121147595,LOC121147595,-,-,-,Un,-,U6 spliceosomal RNA,snRNA,-,-,-,-,20210420,-
130825,121147596,LOC121147596,-,-,-,Un,-,U6 spliceosomal RNA,snRNA,-,-,-,-,20210420,-
130825,121147597,LOC121147597,-,-,-,Un,-,uncharacterized LOC121147597,ncRNA,-,-,-,-,20210420,-
130825,121147598,LOC121147598,-,-,-,Un,-,U6 spliceosomal RNA,snRNA,-,-,-,-,20210420,-
130825,121147599,LOC121147599,-,-,-,Un,-,U6 spliceosomal RNA,snRNA,-,-,-,-,20210420,-
130825,121147600,LOC121147600,-,-,-,Un,-,U6 spliceosomal RNA,snRNA,-,-,-,-,20210420,-
130825,121147601,LOC121147601,-,-,-,Un,-,U6 spliceosomal RNA,snRNA,-,-,-,-,20210420,-
130825,121147602,LOC121147602,-,-,-,Un,-,U6 spliceosomal RNA,snRNA,-,-,-,-,20210420,-
130825,121147603,LOC121147603,-,-,-,Un,-,U6 spliceosomal RNA,snRNA,-,-,-,-,20210420,-
130825,121147604,LOC121147604,-,-,-,Un,-,U6 spliceosomal RNA,snRNA,-,-,-,-,20210420,-
130825,121147605,LOC121147605,-,-,-,Un,-,U6 spliceosomal RNA,snRNA,-,-,-,-,20210420,-
130825,121147606,LOC121147606,-,-,-,Un,-,U6 spliceosomal RNA,snRNA,-,-,-,-,20210420,-
130825,121147607,LOC121147607,-,-,-,Un,-,U6 spliceosomal RNA,snRNA,-,-,-,-,20210420,-
130825,121147608,MGST1,-,-,-,Un,-,microsomal glutathione S-transferase 1,protein-coding,-,-,-,microsomal glutathione S-transferase 1,20210420,-
130825,121147609,LOC121147609,-,-,-,Un,-,U6 spliceosomal RNA,snRNA,-,-,-,-,20210420,-
130825,121147610,LOC121147610,-,-,-,Un,-,U6 spliceosomal RNA,snRNA,-,-,-,-,20210420,-
130825,121147611,LOC121147611,-,-,-,Un,-,U6 spliceosomal RNA,snRNA,-,-,-,-,20210420,-
130825,121147612,LOC121147612,-,-,-,Un,-,U6 spliceosomal RNA,snRNA,-,-,-,-,20210420,-
130825,121147613,LOC121147613,-,-,-,Un,-,U6 spliceosomal RNA,snRNA,-,-,-,-,20210420,-
130825,121147614,LOC121147614,-,-,-,Un,-,U6 spliceosomal RNA,snRNA,-,-,-,-,20210420,-
130825,121147615,LOC121147615,-,-,-,Un,-,U6 spliceosomal RNA,pseudo,-,-,-,-,20210420,-
130825,121147616,LOC121147616,-,-,-,Un,-,U6 spliceosomal RNA,snRNA,-,-,-,-,20210420,-
130825,121147617,LOC121147617,-,-,-,Un,-,U6 spliceosomal RNA,snRNA,-,-,-,-,20210420,-
130825,121147618,LOC121147618,-,-,-,Un,-,U6 spliceosomal RNA,snRNA,-,-,-,-,20210420,-
130825,121147619,LOC121147619,-,-,-,Un,-,U6 spliceosomal RNA,snRNA,-,-,-,-,20210420,-
130825,121147620,LOC121147620,-,-,-,Un,-,U6 spliceosomal RNA,snRNA,-,-,-,-,20210420,-
130825,121147621,LOC121147621,-,-,-,Un,-,U6 spliceosomal RNA,pseudo,-,-,-,-,20210420,-
130825,121147622,LOC121147622,-,-,-,Un,-,U6 spliceosomal RNA,snRNA,-,-,-,-,20210420,-
130825,121147623,LOC121147623,-,-,-,Un,-,U6 spliceosomal RNA,pseudo,-,-,-,-,20210420,-
130825,121147624,LOC121147624,-,-,-,Un,-,U6 spliceosomal RNA,snRNA,-,-,-,-,20210420,-
130825,121147625,LOC121147625,-,-,-,Un,-,U6 spliceosomal RNA,pseudo,-,-,-,-,20210420,-
130825,121147626,LOC121147626,-,-,-,Un,-,U6 spliceosomal RNA,snRNA,-,-,-,-,20210420,-
130825,121147627,LOC121147627,-,-,-,Un,-,U6 spliceosomal RNA,snRNA,-,-,-,-,20210420,-
130825,121147628,LOC121147628,-,-,-,Un,-,U6 spliceosomal RNA,snRNA,-,-,-,-,20210420,-
130825,121147629,LOC121147629,-,-,-,Un,-,small nucleolar RNA SNORD73,snoRNA,-,-,-,-,20210420,-
130825,121147630,LOC121147630,-,-,-,Un,-,small nucleolar RNA SNORD73,snoRNA,-,-,-,-,20210420,-
130825,121147631,LOC121147631,-,-,-,Un,-,small nucleolar RNA SNORD31,snoRNA,-,-,-,-,20210420,-
130825,121147632,LOC121147632,-,-,-,Un,-,small nucleolar RNA SNORA70,snoRNA,-,-,-,-,20210420,-
130825,121147633,LOC121147633,-,-,-,Un,-,small nucleolar RNA SNORA3/SNORA45 family,snoRNA,-,-,-,-,20210420,-
130825,121147634,PLEKHA5,-,-,-,Un,-,pleckstrin homology domain containing A5,protein-coding,-,-,-,pleckstrin homology domain-containing family A member 5,20210420,-
130825,121147635,LOC121147635,-,-,-,Un,-,small nucleolar RNA SNORA24,snoRNA,-,-,-,-,20210420,-
130825,121147636,LOC121147636,-,-,-,Un,-,small nucleolar RNA SNORA51,snoRNA,-,-,-,-,20210420,-
130825,121147637,LOC121147637,-,-,-,Un,-,small nucleolar RNA SNORA26,snoRNA,-,-,-,-,20210420,-
130825,121147638,LOC121147638,-,-,-,Un,-,small nucleolar RNA U13,snoRNA,-,-,-,-,20210420,-
130825,121147639,LOC121147639,-,-,-,Un,-,small nucleolar RNA U13,snoRNA,-,-,-,-,20210420,-
130825,121147640,LOC121147640,-,-,-,Un,-,U1 spliceosomal RNA,snRNA,-,-,-,-,20210420,-
130825,121147641,LOC121147641,-,-,-,Un,-,U1 spliceosomal RNA,snRNA,-,-,-,-,20210420,-
130825,121147642,LOC121147642,-,-,-,Un,-,U2 spliceosomal RNA,snRNA,-,-,-,-,20210420,-
130825,121147643,LOC121147643,-,-,-,Un,-,U2 spliceosomal RNA,snRNA,-,-,-,-,20210420,-
130825,121147644,LOC121147644,-,-,-,Un,-,U2 spliceosomal RNA,snRNA,-,-,-,-,20210420,-
130825,121147645,LOC121147645,-,-,-,Un,-,U2 spliceosomal RNA,pseudo,-,-,-,-,20210420,-
130825,121147646,LOC121147646,-,-,-,Un,-,U2 spliceosomal RNA,pseudo,-,-,-,-,20210420,-
130825,121147647,LOC121147647,-,-,-,Un,-,U2 spliceosomal RNA,pseudo,-,-,-,-,20210420,-
130825,121147648,LOC121147648,-,-,-,Un,-,U2 spliceosomal RNA,pseudo,-,-,-,-,20210420,-
130825,121147649,LOC121147649,-,-,-,Un,-,U2 spliceosomal RNA,pseudo,-,-,-,-,20210420,-
130825,121147650,SRFBP1,-,-,-,Un,-,serum response factor binding protein 1,protein-coding,-,-,-,serum response factor-binding protein 1,20210420,-
130825,121147651,AEBP2,-,-,-,Un,-,AE binding protein 2,protein-coding,-,-,-,zinc finger protein AEBP2,20210420,-
130825,121147652,LOC121147652,-,-,-,Un,-,U2 spliceosomal RNA,pseudo,-,-,-,-,20210420,-
130825,121147653,LOC121147653,-,-,-,Un,-,U2 spliceosomal RNA,pseudo,-,-,-,-,20210420,-
130825,121147654,LOC121147654,-,-,-,Un,-,U2 spliceosomal RNA,pseudo,-,-,-,-,20210420,-
130825,121147655,LOC121147655,-,-,-,Un,-,U2 spliceosomal RNA,pseudo,-,-,-,-,20210420,-
130825,121147656,LOC121147656,-,-,-,Un,-,U2 spliceosomal RNA,pseudo,-,-,-,-,20210420,-
130825,121147657,LOC121147657,-,-,-,Un,-,U2 spliceosomal RNA,pseudo,-,-,-,-,20210420,-
130825,121147658,LOC121147658,-,-,-,Un,-,U2 spliceosomal RNA,pseudo,-,-,-,-,20210420,-
130825,121147659,LOC121147659,-,-,-,Un,-,small nucleolar RNA U3,snoRNA,-,-,-,-,20210420,-
130825,121147660,LOC121147660,-,-,-,Un,-,U5 spliceosomal RNA,snRNA,-,-,-,-,20210420,-
130825,121147661,LOC121147661,-,-,-,Un,-,U5 spliceosomal RNA,snRNA,-,-,-,-,20210420,-
130825,121147662,LOC121147662,-,-,-,Un,-,U6 spliceosomal RNA,snRNA,-,-,-,-,20210420,-
130825,121147663,LOC121147663,-,-,-,Un,-,U6 spliceosomal RNA,snRNA,-,-,-,-,20210420,-
130825,121147664,LOC121147664,-,-,-,Un,-,U6 spliceosomal RNA,snRNA,-,-,-,-,20210420,-
130825,121147665,LOC121147665,-,-,-,Un,-,U6 spliceosomal RNA,snRNA,-,-,-,-,20210420,-
130825,121147666,LOC121147666,-,-,-,Un,-,myosin regulatory light chain interacting protein,protein-coding,-,-,-,E3 ubiquitin-protein ligase MYLIP,20210420,-
130825,121147667,GPLD1,-,-,-,Un,-,glycosylphosphatidylinositol specific phospholipase D1,protein-coding,-,-,-,phosphatidylinositol-glycan-specific phospholipase D,20210420,-
130825,121147668,MRS2,-,-,-,Un,-,magnesium transporter MRS2,protein-coding,-,-,-,"magnesium transporter MRS2 homolog, mitochondrial",20210420,-
130825,121147669,LOC121147669,-,-,-,Un,-,histone H1.3-like,protein-coding,-,-,-,histone H1.3-like,20210420,-
130825,121147670,H1-2,-,-,-,Un,-,"H1.2 linker histone, cluster member",protein-coding,-,-,-,histone H1.2,20210420,-
130825,121147671,H1-6,-,-,-,Un,-,"H1.6 linker histone, cluster member",protein-coding,-,-,-,histone H1t,20210420,-
130825,121147672,LOC121147672,-,-,-,Un,-,histone H3.1,protein-coding,-,-,-,histone H3.1,20210424,-
130825,121147673,LOC121147673,-,-,-,Un,-,histone H3.1,protein-coding,-,-,-,histone H3.1,20210424,-
130825,121147674,LOC121147674,-,-,-,Un,-,histone H3.1,protein-coding,-,-,-,histone H3.1,20210424,-
130825,121147675,LOC121147675,-,-,-,Un,-,histone H2A type 1-C,protein-coding,-,-,-,histone H2A type 1-C,20210522,-
130825,121147676,LOC121147676,-,-,-,Un,-,histone H2A type 1-H-like,protein-coding,-,-,-,histone H2A type 1-H-like,20210420,-
130825,121147677,LOC121147677,-,-,-,Un,-,histone H2A type 1-E,protein-coding,-,-,-,histone H2A type 1-E,20210424,-
130825,121147678,LOC121147678,-,-,-,Un,-,histone H2A type 1,protein-coding,-,-,-,histone H2A type 1,20210425,-
130825,121147679,LOC121147679,-,-,-,Un,-,histone H2A type 1-E,protein-coding,-,-,-,histone H2A type 1-E,20210424,-
130825,121147680,LOC121147680,-,-,-,Un,-,solute carrier organic anion transporter family member 1B3-like,protein-coding,-,-,-,solute carrier organic anion transporter family member 1B3-like,20210420,-
130825,121147681,LOC121147681,-,-,-,Un,-,histone H2A type 1-B,protein-coding,-,-,-,histone H2A type 1-B,20210501,-
130825,121147682,LOC121147682,-,-,-,Un,-,histone H2A type 1-D,protein-coding,-,-,-,histone H2A type 1-D,20210424,-
130825,121147683,LOC121147683,-,-,-,Un,-,histone H2B type 1-C/E/F/G/I,protein-coding,-,-,-,histone H2B type 1-C/E/F/G/I,20210425,-
130825,121147684,LOC121147684,-,-,-,Un,-,histone H2B type 1-C/E/F/G/I,protein-coding,-,-,-,histone H2B type 1-C/E/F/G/I,20210424,-
130825,121147685,LOC121147685,-,-,-,Un,-,histone H2B type 1-C/E/F/G/I,protein-coding,-,-,-,histone H2B type 1-C/E/F/G/I,20210501,-
130825,121147686,LOC121147686,-,-,-,Un,-,histone H2B type 1-C/E/F/G/I,protein-coding,-,-,-,histone H2B type 1-C/E/F/G/I,20210424,-
130825,121147687,LOC121147687,-,-,-,Un,-,histone H2B type 1-C/E/F/G/I-like,pseudo,-,-,-,-,20210420,-
130825,121147688,LOC121147688,-,-,-,Un,-,histone H4,protein-coding,-,-,-,histone H4,20210424,-
130825,121147689,LOC121147689,-,-,-,Un,-,solute carrier organic anion transporter family member 1B3-like,protein-coding,-,-,-,solute carrier organic anion transporter family member 1B3-like,20210420,-
130825,121147690,LOC121147690,-,-,-,Un,-,histone H4,protein-coding,-,-,-,histone H4,20210424,-
130825,121147691,LOC121147691,-,-,-,Un,-,histone H4,protein-coding,-,-,-,histone H4,20210424,-
130825,121147692,LOC121147692,-,-,-,Un,-,60S ribosomal protein L39-like,protein-coding,-,-,-,60S ribosomal protein L39-like,20210420,-
130825,121147693,LOC121147693,-,-,-,Un,-,histone H4,protein-coding,-,-,-,histone H4,20210424,-
130825,121147694,MCUR1,-,-,-,Un,-,mitochondrial calcium uniporter regulator 1,protein-coding,-,-,-,mitochondrial calcium uniporter regulator 1,20210420,-
130825,121147695,DCDC2,-,-,-,Un,-,doublecortin domain containing 2,protein-coding,-,-,-,doublecortin domain-containing protein 2,20210420,-
130825,121147696,LOC121147696,-,-,-,Un,-,elongin-C,protein-coding,-,-,-,elongin-C,20210424,-
130825,121147697,LOC121147697,-,-,-,Un,-,activator of basal transcription 1-like,protein-coding,-,-,-,activator of basal transcription 1-like,20210420,-
130825,121147698,LOC121147698,-,-,-,Un,-,zinc finger protein with KRAB and SCAN domains 3-like,protein-coding,-,-,-,zinc finger protein with KRAB and SCAN domains 3-like,20210420,-
130825,121147699,LOC121147699,-,-,-,Un,-,zinc finger protein with KRAB and SCAN domains 4-like,protein-coding,-,-,-,zinc finger protein with KRAB and SCAN domains 4-like,20210420,-
130825,121147700,LOC121147700,-,-,-,Un,-,solute carrier organic anion transporter family member 1B3-like,protein-coding,-,-,-,solute carrier organic anion transporter family member 1B3-like,20210420,-
130825,121147701,LOC121147701,-,-,-,Un,-,zinc finger and SCAN domain-containing protein 26-like,protein-coding,-,-,-,zinc finger and SCAN domain-containing protein 26-like,20210420,-
130825,121147702,CAP2,-,-,-,Un,-,cyclase associated actin cytoskeleton regulatory protein 2,protein-coding,-,-,-,adenylyl cyclase-associated protein 2,20210420,-
130825,121147703,LOC121147703,-,-,-,Un,-,cytidine monophosphate-N-acetylneuraminic acid hydroxylase-like,protein-coding,-,-,-,cytidine monophosphate-N-acetylneuraminic acid hydroxylase-like,20210420,-
130825,121147704,RECQL,-,-,-,Un,-,RecQ like helicase,protein-coding,-,-,-,ATP-dependent DNA helicase Q1,20210420,-
130825,121147705,LOC121147705,-,-,-,Un,-,butyrophilin subfamily 1 member A1-like,protein-coding,-,-,-,butyrophilin subfamily 1 member A1-like,20210420,-
130825,121147706,LOC121147706,-,-,-,Un,-,uncharacterized LOC121147706,ncRNA,-,-,-,-,20210420,-
130825,121147707,TRIM38,-,-,-,Un,-,tripartite motif containing 38,protein-coding,-,-,-,E3 ubiquitin-protein ligase TRIM38,20210420,-
130825,121147708,H1-1,-,-,-,Un,-,"H1.1 linker histone, cluster member",protein-coding,-,-,-,histone H1.1,20210420,-
130825,121147709,RNF144B,-,-,-,Un,-,ring finger protein 144B,protein-coding,-,-,-,E3 ubiquitin-protein ligase RNF144B,20210420,-
130825,121147710,LOC121147710,-,-,-,Un,-,sodium-dependent phosphate transport protein 3,protein-coding,-,-,-,sodium-dependent phosphate transport protein 3,20210420,-
130825,121147711,LOC121147711,-,-,-,Un,-,zinc finger protein RFP,protein-coding,-,-,-,zinc finger protein RFP,20210420,-
130825,121147712,PYROXD1,-,-,-,Un,-,pyridine nucleotide-disulphide oxidoreductase domain 1,protein-coding,-,-,-,pyridine nucleotide-disulfide oxidoreductase domain-containing protein 1,20210420,-
130825,121147713,KIAA0319,-,-,-,Un,-,KIAA0319 ortholog,protein-coding,-,-,-,dyslexia-associated protein KIAA0319 homolog,20210420,-
130825,121147714,ARMH2,-,-,-,Un,-,armadillo like helical domain containing 2,protein-coding,-,-,-,armadillo-like helical domain-containing protein 2,20210420,-
130825,121147715,SOX4,-,-,-,Un,-,SRY-box transcription factor 4,protein-coding,-,-,-,transcription factor SOX-4,20210420,-
130825,121147716,LOC121147716,-,-,-,Un,-,histone H2B type 1-A,protein-coding,-,-,-,histone H2B type 1-A,20210420,-
130825,121147717,TDP2,-,-,-,Un,-,tyrosyl-DNA phosphodiesterase 2,protein-coding,-,-,-,tyrosyl-DNA phosphodiesterase 2,20210420,-
130825,121147718,LOC121147718,-,-,-,Un,-,uncharacterized LOC121147718,ncRNA,-,-,-,-,20210420,-
130825,121147719,SIRT5,-,-,-,Un,-,sirtuin 5,protein-coding,-,-,-,"NAD-dependent protein deacylase sirtuin-5, mitochondrial",20210420,-
130825,121147720,TPMT,-,-,-,Un,-,thiopurine S-methyltransferase,protein-coding,-,-,-,thiopurine S-methyltransferase,20210420,-
130825,121147721,GFOD1,-,-,-,Un,-,glucose-fructose oxidoreductase domain containing 1,protein-coding,-,-,-,glucose-fructose oxidoreductase domain-containing protein 1,20210420,-
130825,121147722,RBM24,-,-,-,Un,-,RNA binding motif protein 24,protein-coding,-,-,-,RNA-binding protein 24,20210420,-
130825,121147723,NRSN1,-,-,-,Un,-,neurensin 1,protein-coding,-,-,-,neurensin-1,20210420,-
130825,121147724,GOLT1B,-,-,-,Un,-,golgi transport 1B,protein-coding,-,-,-,vesicle transport protein GOT1B,20210424,-
130825,121147725,LOC121147725,-,-,-,Un,-,protein phosphatase 1 regulatory subunit 7-like,pseudo,-,-,-,-,20210420,-
130825,121147726,LOC121147726,-,-,-,Un,-,uncharacterized LOC121147726,ncRNA,-,-,-,-,20210420,-
130825,121147727,LOC121147727,-,-,-,Un,-,cyclin-dependent kinase 11B-like,pseudo,-,-,-,-,20210420,-
130825,121147728,LOC121147728,-,-,-,Un,-,EKC/KEOPS complex subunit GON7-like,pseudo,-,-,-,-,20210420,-
130825,121147729,LOC121147729,-,-,-,Un,-,vesicle transport protein SFT2A-like,pseudo,-,-,-,-,20210420,-
130825,121147730,LOC121147730,-,-,-,Un,-,putative vomeronasal receptor-like protein 4,protein-coding,-,-,-,putative vomeronasal receptor-like protein 4,20210420,-
130825,121147731,LOC121147731,-,-,-,Un,-,phosphatidylinositol transfer protein beta isoform-like,pseudo,-,-,-,-,20210420,-
130825,121147732,LOC121147732,-,-,-,Un,-,vomeronasal type-1 receptor 54-like,protein-coding,-,-,-,vomeronasal type-1 receptor 54-like,20210420,-
130825,121147733,LOC121147733,-,-,-,Un,-,phosphatidylinositol transfer protein beta isoform-like,pseudo,-,-,-,-,20210420,-
130825,121147734,LOC121147734,-,-,-,Un,-,putative vomeronasal receptor-like protein 4,protein-coding,-,-,-,putative vomeronasal receptor-like protein 4,20210420,-
130825,121147735,LOC121147735,-,-,-,Un,-,vomeronasal type-1 receptor A11-like,pseudo,-,-,-,-,20210420,-
130825,121147736,LDHB,-,-,-,Un,-,lactate dehydrogenase B,protein-coding,-,-,-,L-lactate dehydrogenase B chain,20210420,-
130825,121147737,LOC121147737,-,-,-,Un,-,microtubule-associated protein RP/EB family member 1-like,pseudo,-,-,-,-,20210420,-
130825,121147738,LOC121147738,-,-,-,Un,-,zinc finger protein 585A-like,protein-coding,-,-,-,zinc finger protein 585A-like,20210420,-
130825,121147739,LOC121147739,-,-,-,Un,-,"10 kDa heat shock protein, mitochondrial-like",protein-coding,-,-,-,"10 kDa heat shock protein, mitochondrial-like",20210420,-
130825,121147740,RNF182,-,-,-,Un,-,ring finger protein 182,protein-coding,-,-,-,E3 ubiquitin-protein ligase RNF182,20210420,-
130825,121147741,LOC121147741,-,-,-,Un,-,cytochrome c-like,protein-coding,-,-,-,cytochrome c-like,20210420,-
130825,121147742,STMND1,-,-,-,Un,-,stathmin domain containing 1,protein-coding,-,-,-,stathmin domain-containing protein 1,20210420,-
130825,121147743,LOC121147743,-,-,-,Un,-,vacuolar protein sorting-associated protein 29-like,pseudo,-,-,-,-,20210420,-
130825,121147744,LOC121147744,-,-,-,Un,-,protein LLP homolog,pseudo,-,-,-,-,20210420,-
130825,121147745,LOC121147745,-,-,-,Un,-,serine/threonine-protein kinase MARK2-like,protein-coding,-,-,-,serine/threonine-protein kinase MARK2-like,20210420,-
130825,121147746,LOC121147746,-,-,-,Un,-,myosin regulatory light chain 12A-like,pseudo,-,-,-,-,20210420,-
130825,121147747,CMAS,-,-,-,Un,-,cytidine monophosphate N-acetylneuraminic acid synthetase,protein-coding,-,-,-,N-acylneuraminate cytidylyltransferase,20210420,-
130825,121147748,LOC121147748,-,-,-,Un,-,small ubiquitin-related modifier 2-like,pseudo,-,-,-,-,20210420,-
130825,121147749,LOC121147749,-,-,-,Un,-,histone H2A type 1-A,protein-coding,-,-,-,histone H2A type 1-A,20210420,-
130825,121147750,LOC121147750,-,-,-,Un,-,probable small intestine urate exporter,protein-coding,-,-,-,probable small intestine urate exporter,20210420,-
130825,121147751,LOC121147751,-,-,-,Un,-,probable small intestine urate exporter,protein-coding,-,-,-,probable small intestine urate exporter,20210420,-
130825,121147752,LOC121147752,-,-,-,Un,-,probable small intestine urate exporter,protein-coding,-,-,-,probable small intestine urate exporter,20210420,-
130825,121147753,LOC121147753,-,-,-,Un,-,uncharacterized LOC121147753,protein-coding,-,-,-,uncharacterized protein LOC121147753,20210420,-
130825,121147754,LOC121147754,-,-,-,Un,-,uncharacterized LOC121147754,protein-coding,-,-,-,uncharacterized protein LOC121147754,20210420,-
130825,121147755,LOC121147755,-,-,-,Un,-,butyrophilin subfamily 2 member A2-like,protein-coding,-,-,-,butyrophilin subfamily 2 member A2-like,20210420,-
130825,121147756,LOC121147756,-,-,-,Un,-,serine/threonine/tyrosine-interacting protein-like,pseudo,-,-,-,-,20210420,-
130825,121147757,LOC121147757,-,-,-,Un,-,60S ribosomal protein L21-like,pseudo,-,-,-,-,20210420,-
130825,121147758,LOC121147758,-,-,-,Un,-,NKAP-like protein,protein-coding,-,-,-,NKAP-like protein,20210420,-
130825,121147759,LOC121147759,-,-,-,Un,-,piggyBac transposable element-derived protein 1-like,protein-coding,-,-,-,piggyBac transposable element-derived protein 1-like,20210420,-
130825,121147760,LOC121147760,-,-,-,Un,-,glutathione peroxidase 6-like,protein-coding,-,-,-,glutathione peroxidase 6-like,20210420,-
130825,121147761,LOC121147761,-,-,-,Un,-,MICOS complex subunit MIC27-like,pseudo,-,-,-,-,20210420,-
130825,121147762,LOC121147762,-,-,-,Un,-,prefoldin subunit 4-like,pseudo,-,-,-,-,20210420,-
130825,121147763,LOC121147763,-,-,-,Un,-,putative olfactory receptor 2W6,protein-coding,-,-,-,LOW QUALITY PROTEIN: putative olfactory receptor 2W6,20210420,-
130825,121147764,LOC121147764,-,-,-,Un,-,sulfotransferase family cytosolic 1B member 1-like,protein-coding,-,-,-,sulfotransferase family cytosolic 1B member 1-like,20210420,-
130825,121147765,LOC121147765,-,-,-,Un,-,olfactory receptor 2W1-like,protein-coding,-,-,-,olfactory receptor 2W1-like,20210420,-
130825,121147766,LOC121147766,-,-,-,Un,-,olfactory receptor 2W1-like,protein-coding,-,-,-,olfactory receptor 2W1-like,20210420,-
130825,121147767,LOC121147767,-,-,-,Un,-,olfactory receptor 2W1-like,protein-coding,-,-,-,olfactory receptor 2W1-like,20210420,-
130825,121147768,LOC121147768,-,-,-,Un,-,olfactory receptor 2B6-like,protein-coding,-,-,-,olfactory receptor 2B6-like,20210420,-
130825,121147769,LOC121147769,-,-,-,Un,-,olfactory receptor 2B11-like,protein-coding,-,-,-,olfactory receptor 2B11-like,20210420,-
130825,121147770,LOC121147770,-,-,-,Un,-,olfactory receptor 2B11-like,protein-coding,-,-,-,olfactory receptor 2B11-like,20210420,-
130825,121147771,LOC121147771,-,-,-,Un,-,olfactory receptor 2B11-like,protein-coding,-,-,-,olfactory receptor 2B11-like,20210420,-
130825,121147772,LOC121147772,-,-,-,Un,-,olfactory receptor 2H2-like,protein-coding,-,-,-,olfactory receptor 2H2-like,20210420,-
130825,121147773,LOC121147773,-,-,-,Un,-,olfactory receptor 2J3-like,pseudo,-,-,-,-,20210420,-
130825,121147774,FAM8A1,-,-,-,Un,-,family with sequence similarity 8 member A1,protein-coding,-,-,-,protein FAM8A1,20210420,-
130825,121147775,ST8SIA1,-,-,-,Un,-,"ST8 alpha-N-acetyl-neuraminide alpha-2,8-sialyltransferase 1",protein-coding,-,-,-,"alpha-N-acetylneuraminide alpha-2,8-sialyltransferase",20210420,-
130825,121147776,ALDH5A1,-,-,-,Un,-,aldehyde dehydrogenase 5 family member A1,protein-coding,-,-,-,"succinate-semialdehyde dehydrogenase, mitochondrial",20210420,-
130825,121147777,ID4,-,-,-,Un,-,"inhibitor of DNA binding 4, HLH protein",protein-coding,-,-,-,DNA-binding protein inhibitor ID-4,20210420,-
130825,121147778,CDKAL1,-,-,-,Un,-,CDK5 regulatory subunit associated protein 1 like 1,protein-coding,-,-,-,threonylcarbamoyladenosine tRNA methylthiotransferase,20210420,-
130825,121147779,LOC121147779,-,-,-,Un,-,40S ribosomal protein S15a-like,pseudo,-,-,-,-,20210420,-
130825,121147780,LOC121147780,-,-,-,Un,-,uncharacterized LOC121147780,ncRNA,-,-,-,-,20210420,-
130825,121147781,LOC121147781,-,-,-,Un,-,putative vomeronasal receptor-like protein 4,protein-coding,-,-,-,putative vomeronasal receptor-like protein 4,20210420,-
130825,121147782,LOC121147782,-,-,-,Un,-,uncharacterized LOC121147782,ncRNA,-,-,-,-,20210420,-
130825,121147783,SLC17A1,-,-,-,Un,-,solute carrier family 17 member 1,protein-coding,-,-,-,sodium-dependent phosphate transport protein 1,20210420,-
130825,121147784,LOC121147784,-,-,-,Un,-,putative vomeronasal receptor-like protein 4,protein-coding,-,-,-,putative vomeronasal receptor-like protein 4,20210420,-
130825,121147785,PRL,-,-,-,Un,-,prolactin,protein-coding,-,-,-,prolactin,20210420,-
130825,121147786,SCGN,-,-,-,Un,-,"secretagogin, EF-hand calcium binding protein",protein-coding,-,-,-,secretagogin,20210420,-
130825,121147787,RANBP9,-,-,-,Un,-,RAN binding protein 9,protein-coding,-,-,-,ran-binding protein 9,20210420,-
130825,121147788,NOL7,-,-,-,Un,-,nucleolar protein 7,protein-coding,-,-,-,nucleolar protein 7,20210420,-
130825,121147789,ACOT13,-,-,-,Un,-,acyl-CoA thioesterase 13,protein-coding,-,-,-,acyl-coenzyme A thioesterase 13,20210420,-
130825,121147790,C2CD5,-,-,-,Un,-,C2 calcium dependent domain containing 5,protein-coding,-,-,-,C2 domain-containing protein 5,20210420,-
130825,121147791,LOC121147791,-,-,-,Un,-,non-histone chromosomal protein HMG-17-like,protein-coding,-,-,-,non-histone chromosomal protein HMG-17-like,20210420,-
130825,121147792,LOC121147792,-,-,-,Un,-,glyceraldehyde-3-phosphate dehydrogenase-like,pseudo,-,-,-,-,20210420,-
130825,121147793,LOC121147793,-,-,-,Un,-,olfactory receptor 2J3-like,protein-coding,-,-,-,olfactory receptor 2J3-like,20210420,-
130825,121147794,LOC121147794,-,-,-,Un,-,ankyrin repeat domain-containing protein 26-like,protein-coding,-,-,-,ankyrin repeat domain-containing protein 26-like,20210420,-
130825,121147795,LOC121147795,-,-,-,Un,-,"cytochrome b-c1 complex subunit Rieske, mitochondrial-like",pseudo,-,-,-,-,20210420,-
130825,121147796,CD83,-,-,-,Un,-,CD83 molecule,protein-coding,-,-,-,CD83 antigen,20210420,-
130825,121147797,GMNN,-,-,-,Un,-,geminin DNA replication inhibitor,protein-coding,-,-,-,geminin,20210420,-
130825,121147798,CARMIL1,-,-,-,Un,-,capping protein regulator and myosin 1 linker 1,protein-coding,-,-,-,F-actin-uncapping protein LRRC16A,20210420,-
130825,121147799,LOC121147799,-,-,-,Un,-,histone H4,protein-coding,-,-,-,histone H4,20210424,-
130825,121147800,LOC121147800,-,-,-,Un,-,histone H2B type 1-C/E/F/G/I,protein-coding,-,-,-,histone H2B type 1-C/E/F/G/I,20210424,-
130825,121147801,LOC121147801,-,-,-,Un,-,epididymal secretory glutathione peroxidase-like,protein-coding,-,-,-,epididymal secretory glutathione peroxidase-like,20210420,-
130825,121147802,KIF13A,-,-,-,Un,-,kinesin family member 13A,protein-coding,-,-,-,kinesin-like protein KIF13A,20210420,-
130825,121147803,LOC121147803,-,-,-,Un,-,olfactory receptor 2B11-like,protein-coding,-,-,-,olfactory receptor 2B11-like,20210420,-
130825,121147804,LOC121147804,-,-,-,Un,-,olfactory receptor 2W1,protein-coding,-,-,-,olfactory receptor 2W1,20210420,-
130825,121147805,LOC121147805,-,-,-,Un,-,olfactory receptor 2B11-like,protein-coding,-,-,-,olfactory receptor 2B11-like,20210420,-
130825,121147806,LOC121147806,-,-,-,Un,-,olfactory receptor 2B11-like,protein-coding,-,-,-,olfactory receptor 2B11-like,20210420,-
130825,121147807,LOC121147807,-,-,-,Un,-,olfactory receptor 2B11-like,protein-coding,-,-,-,olfactory receptor 2B11-like,20210420,-
130825,121147808,LOC121147808,-,-,-,Un,-,olfactory receptor 2W1-like,protein-coding,-,-,-,olfactory receptor 2W1-like,20210420,-
130825,121147809,LOC121147809,-,-,-,Un,-,butyrophilin subfamily 1 member A1-like,protein-coding,-,-,-,butyrophilin subfamily 1 member A1-like,20210420,-
130825,121147810,LOX,-,-,-,Un,-,lysyl oxidase,protein-coding,-,-,-,protein-lysine 6-oxidase,20210420,-
130825,121147811,LOC121147811,-,-,-,Un,-,cyclin-Y-like protein 1,pseudo,-,-,-,-,20210420,-
130825,121147812,LOC121147812,-,-,-,Un,-,putative olfactory receptor 2B3,protein-coding,-,-,-,putative olfactory receptor 2B3,20210420,-
130825,121147813,MBOAT1,-,-,-,Un,-,membrane bound O-acyltransferase domain containing 1,protein-coding,-,-,-,lysophospholipid acyltransferase 1,20210420,-
130825,121147814,NHLRC1,-,-,-,Un,-,NHL repeat containing E3 ubiquitin protein ligase 1,protein-coding,-,-,-,E3 ubiquitin-protein ligase NHLRC1,20210420,-
130825,121147815,JARID2,-,-,-,Un,-,jumonji and AT-rich interaction domain containing 2,protein-coding,-,-,-,protein Jumonji,20210420,-
130825,121147816,DTNBP1,-,-,-,Un,-,dystrobrevin binding protein 1,protein-coding,-,-,-,dysbindin,20210420,-
130825,121147817,LOC121147817,-,-,-,Un,-,uncharacterized LOC121147817,ncRNA,-,-,-,-,20210420,-
130825,121147818,RIPOR2,-,-,-,Un,-,RHO family interacting cell polarization regulator 2,protein-coding,-,-,-,rho family-interacting cell polarization regulator 2,20210420,-
130825,121147819,LOC121147819,-,-,-,Un,-,uncharacterized LOC121147819,ncRNA,-,-,-,-,20210420,-
130825,121147820,LOC121147820,-,-,-,Un,-,uncharacterized LOC121147820,ncRNA,-,-,-,-,20210420,-
130825,121147821,LOC121147821,-,-,-,Un,-,60S ribosomal protein L30-like,pseudo,-,-,-,-,20210420,-
130825,121147822,LOC121147822,-,-,-,Un,-,uncharacterized LOC121147822,ncRNA,-,-,-,-,20210420,-
130825,121147823,NUP153,-,-,-,Un,-,nucleoporin 153,protein-coding,-,-,-,nuclear pore complex protein Nup153,20210420,-
130825,121147824,LOC121147824,-,-,-,Un,-,olfactory receptor 2B11-like,protein-coding,-,-,-,olfactory receptor 2B11-like,20210420,-
130825,121147825,KDM1B,-,-,-,Un,-,lysine demethylase 1B,protein-coding,-,-,-,lysine-specific histone demethylase 1B,20210420,-
130825,121147826,DEK,-,-,-,Un,-,DEK proto-oncogene,protein-coding,-,-,-,protein DEK,20210420,-
130825,121147827,E2F3,-,-,-,Un,-,E2F transcription factor 3,protein-coding,-,-,-,transcription factor E2F3,20210420,-
130825,121147828,CUNH6orf62,-,-,-,Un,-,chromosome unknown C6orf62 homolog,protein-coding,-,-,-,uncharacterized protein C6orf62 homolog,20210420,-
130825,121147829,ATXN1,-,-,-,Un,-,ataxin 1,protein-coding,-,-,-,ataxin-1,20210420,-
130825,121147830,GMPR,-,-,-,Un,-,guanosine monophosphate reductase,protein-coding,-,-,-,GMP reductase 1,20210420,-
130825,121147831,LOC121147831,-,-,-,Un,-,uncharacterized LOC121147831,ncRNA,-,-,-,-,20210420,-
130825,121147832,LOC121147832,-,-,-,Un,-,uncharacterized LOC121147832,ncRNA,-,-,-,-,20210420,-
130825,121147833,LOC121147833,-,-,-,Un,-,elongation factor 1-alpha 1-like,pseudo,-,-,-,-,20210420,-
130825,121147834,LOC121147834,-,-,-,Un,-,U2 spliceosomal RNA,pseudo,-,-,-,-,20210420,-
130825,121147835,LOC121147835,-,-,-,Un,-,U2 spliceosomal RNA,pseudo,-,-,-,-,20210420,-
130825,121147836,LOC121147836,-,-,-,Un,-,U2 spliceosomal RNA,pseudo,-,-,-,-,20210420,-
130825,121147837,LOC121147837,-,-,-,Un,-,U6 spliceosomal RNA,snRNA,-,-,-,-,20210420,-
130825,121147838,LOC121147838,-,-,-,Un,-,U6 spliceosomal RNA,snRNA,-,-,-,-,20210420,-
130825,121147839,LOC121147839,-,-,-,Un,-,U6 spliceosomal RNA,snRNA,-,-,-,-,20210420,-
130825,121147840,LOC121147840,-,-,-,Un,-,U6 spliceosomal RNA,pseudo,-,-,-,-,20210420,-
130825,121147841,LOC121147841,-,-,-,Un,-,U6 spliceosomal RNA,pseudo,-,-,-,-,20210420,-
130825,121147842,TRNAM-CAU,-,-,-,Un,-,transfer RNA methionine (anticodon CAU),tRNA,-,-,-,-,20210420,-
130825,121147843,TRNAA-AGC,-,-,-,Un,-,transfer RNA alanine (anticodon AGC),tRNA,-,-,-,-,20210420,-
130825,121147844,TRNAA-AGC,-,-,-,Un,-,transfer RNA alanine (anticodon AGC),tRNA,-,-,-,-,20210420,-
130825,121147845,TRNAL-CAA,-,-,-,Un,-,transfer RNA leucine (anticodon CAA),tRNA,-,-,-,-,20210420,-
130825,121147846,TRNAQ-CUG,-,-,-,Un,-,transfer RNA glutamine (anticodon CUG),tRNA,-,-,-,-,20210420,-
130825,121147847,TRNAL-AAG,-,-,-,Un,-,transfer RNA leucine (anticodon AAG),tRNA,-,-,-,-,20210420,-
130825,121147848,TRNAL-CAG,-,-,-,Un,-,transfer RNA leucine (anticodon CAG),tRNA,-,-,-,-,20210420,-
130825,121147849,TRNAM-CAU,-,-,-,Un,-,transfer RNA methionine (anticodon CAU),tRNA,-,-,-,-,20210420,-
130825,121147850,TRNAF-GAA,-,-,-,Un,-,transfer RNA phenylalanine (anticodon GAA),tRNA,-,-,-,-,20210420,-
130825,121147851,TRNAR-ACG,-,-,-,Un,-,transfer RNA arginine (anticodon ACG),tRNA,-,-,-,-,20210420,-
130825,121147852,TRNAV-CAC,-,-,-,Un,-,transfer RNA valine (anticodon CAC),tRNA,-,-,-,-,20210420,-
130825,121147853,TRNAA-CGC,-,-,-,Un,-,transfer RNA alanine (anticodon CGC),tRNA,-,-,-,-,20210420,-
130825,121147854,TRNAI-AAU,-,-,-,Un,-,transfer RNA isoleucine (anticodon AAU),tRNA,-,-,-,-,20210420,-
130825,121147855,ETNK1,-,-,-,Un,-,ethanolamine kinase 1,protein-coding,-,-,-,ethanolamine kinase 1,20210420,-
130825,121147856,TRNAP-AGG,-,-,-,Un,-,transfer RNA proline (anticodon AGG),tRNA,-,-,-,-,20210420,-
130825,121147857,TRNAY-GUA,-,-,-,Un,-,transfer RNA tyrosine (anticodon GUA),tRNA,-,-,-,-,20210420,-
130825,121147858,TRNAY-GUA,-,-,-,Un,-,transfer RNA tyrosine (anticodon GUA),tRNA,-,-,-,-,20210420,-
130825,121147859,TRNAM-CAU,-,-,-,Un,-,transfer RNA methionine (anticodon CAU),tRNA,-,-,-,-,20210420,-
130825,121147860,TRNAI-UAU,-,-,-,Un,-,transfer RNA isoleucine (anticodon UAU),tRNA,-,-,-,-,20210420,-
130825,121147861,TRNAR-UCG,-,-,-,Un,-,transfer RNA arginine (anticodon UCG),tRNA,-,-,-,-,20210420,-
130825,121147862,TRNAQ-UUG,-,-,-,Un,-,transfer RNA glutamine (anticodon UUG),tRNA,-,-,-,-,20210420,-
130825,121147863,TRNAA-AGC,-,-,-,Un,-,transfer RNA alanine (anticodon AGC),tRNA,-,-,-,-,20210420,-
130825,121147864,TRNAA-UGC,-,-,-,Un,-,transfer RNA alanine (anticodon UGC),tRNA,-,-,-,-,20210420,-
130825,121147865,TRNAA-UGC,-,-,-,Un,-,transfer RNA alanine (anticodon UGC),tRNA,-,-,-,-,20210420,-
130825,121147866,TRNAA-CGC,-,-,-,Un,-,transfer RNA alanine (anticodon CGC),tRNA,-,-,-,-,20210420,-
130825,121147867,TRNAR-CCG,-,-,-,Un,-,transfer RNA arginine (anticodon CCG),tRNA,-,-,-,-,20210420,-
130825,121147868,TRNAL-CAA,-,-,-,Un,-,transfer RNA leucine (anticodon CAA),tRNA,-,-,-,-,20210420,-
130825,121147869,TRNAK-UUU,-,-,-,Un,-,transfer RNA lysine (anticodon UUU),tRNA,-,-,-,-,20210420,-
130825,121147870,TRNAE-CUC,-,-,-,Un,-,transfer RNA glutamic acid (anticodon CUC),tRNA,-,-,-,-,20210420,-
130825,121147871,TRNAL-AAG,-,-,-,Un,-,transfer RNA leucine (anticodon AAG),tRNA,-,-,-,-,20210420,-
130825,121147872,TRNAR-UCG,-,-,-,Un,-,transfer RNA arginine (anticodon UCG),tRNA,-,-,-,-,20210420,-
130825,121147873,TRNAM-CAU,-,-,-,Un,-,transfer RNA methionine (anticodon CAU),tRNA,-,-,-,-,20210420,-
130825,121147874,TRNAS-GCU,-,-,-,Un,-,transfer RNA serine (anticodon GCU),tRNA,-,-,-,-,20210420,-
130825,121147875,TRNAQ-UUG,-,-,-,Un,-,transfer RNA glutamine (anticodon UUG),tRNA,-,-,-,-,20210420,-
130825,121147876,TRNAQ-UUG,-,-,-,Un,-,transfer RNA glutamine (anticodon UUG),tRNA,-,-,-,-,20210420,-
130825,121147877,TRNAS-UGA,-,-,-,Un,-,transfer RNA serine (anticodon UGA),tRNA,-,-,-,-,20210420,-
130825,121147878,TRNAM-CAU,-,-,-,Un,-,transfer RNA methionine (anticodon CAU),tRNA,-,-,-,-,20210420,-
130825,121147879,TRNAG-GCC,-,-,-,Un,-,transfer RNA glycine (anticodon GCC),tRNA,-,-,-,-,20210420,-
130825,121147880,TRNAM-CAU,-,-,-,Un,-,transfer RNA methionine (anticodon CAU),tRNA,-,-,-,-,20210420,-
130825,121147881,TRNAW-CCA,-,-,-,Un,-,transfer RNA tryptophan (anticodon CCA),tRNA,-,-,-,-,20210420,-
130825,121147882,TRNAT-AGU,-,-,-,Un,-,transfer RNA threonine (anticodon AGU),tRNA,-,-,-,-,20210420,-
130825,121147883,TRNAS-AGA,-,-,-,Un,-,transfer RNA serine (anticodon AGA),tRNA,-,-,-,-,20210420,-
130825,121147884,TRNAK-CUU,-,-,-,Un,-,transfer RNA lysine (anticodon CUU),tRNA,-,-,-,-,20210420,-
130825,121147885,TRNAT-UGU,-,-,-,Un,-,transfer RNA threonine (anticodon UGU),tRNA,-,-,-,-,20210420,-
130825,121147886,TRNAL-AAG,-,-,-,Un,-,transfer RNA leucine (anticodon AAG),tRNA,-,-,-,-,20210420,-
130825,121147887,TRNAT-CGU,-,-,-,Un,-,transfer RNA threonine (anticodon CGU),tRNA,-,-,-,-,20210420,-
130825,121147888,TRNAR-UCG,-,-,-,Un,-,transfer RNA arginine (anticodon UCG),tRNA,-,-,-,-,20210420,-
130825,121147889,TRNAS-GCU,-,-,-,Un,-,transfer RNA serine (anticodon GCU),tRNA,-,-,-,-,20210420,-
130825,121147890,TRNAT-CGU,-,-,-,Un,-,transfer RNA threonine (anticodon CGU),tRNA,-,-,-,-,20210420,-
130825,121147891,SOX5,-,-,-,Un,-,SRY-box transcription factor 5,protein-coding,-,-,-,transcription factor SOX-5,20210420,-
130825,121147892,TRNAA-AGC,-,-,-,Un,-,transfer RNA alanine (anticodon AGC),tRNA,-,-,-,-,20210420,-
130825,121147893,TRNAA-CGC,-,-,-,Un,-,transfer RNA alanine (anticodon CGC),tRNA,-,-,-,-,20210420,-
130825,121147894,TRNAA-AGC,-,-,-,Un,-,transfer RNA alanine (anticodon AGC),tRNA,-,-,-,-,20210420,-
130825,121147895,TRNAR-ACG,-,-,-,Un,-,transfer RNA arginine (anticodon ACG),tRNA,-,-,-,-,20210420,-
130825,121147896,TRNAT-AGU,-,-,-,Un,-,transfer RNA threonine (anticodon AGU),tRNA,-,-,-,-,20210420,-
130825,121147897,TRNAF-GAA,-,-,-,Un,-,transfer RNA phenylalanine (anticodon GAA),tRNA,-,-,-,-,20210420,-
130825,121147898,TRNAA-AGC,-,-,-,Un,-,transfer RNA alanine (anticodon AGC),tRNA,-,-,-,-,20210420,-
130825,121147899,TRNAR-CCG,-,-,-,Un,-,transfer RNA arginine (anticodon CCG),tRNA,-,-,-,-,20210420,-
130825,121147900,TRNAA-UGC,-,-,-,Un,-,transfer RNA alanine (anticodon UGC),tRNA,-,-,-,-,20210420,-
130825,121147901,LOC121147901,-,-,-,Un,-,uncharacterized LOC121147901,ncRNA,-,-,-,-,20210420,-
130825,121147902,PRKCQ,-,-,-,Un,-,protein kinase C theta,protein-coding,-,-,-,protein kinase C theta type,20210420,-
130825,121147903,IRF2BP2,-,-,-,Un,-,interferon regulatory factor 2 binding protein 2,protein-coding,-,-,-,interferon regulatory factor 2-binding protein 2,20210420,-
130825,121147904,PRPF18,-,-,-,Un,-,pre-mRNA processing factor 18,protein-coding,-,-,-,pre-mRNA-splicing factor 18,20210420,-
130825,121147905,ACBD3,-,-,-,Un,-,acyl-CoA binding domain containing 3,protein-coding,-,-,-,Golgi resident protein GCP60,20210420,-
130825,121147906,RGS7,-,-,-,Un,-,regulator of G protein signaling 7,protein-coding,-,-,-,regulator of G-protein signaling 7,20210420,-
130825,121147907,CAMK1D,-,-,-,Un,-,calcium/calmodulin dependent protein kinase ID,protein-coding,-,-,-,calcium/calmodulin-dependent protein kinase type 1D,20210420,-
130825,121147908,LOC121147908,-,-,-,Un,-,60S ribosomal protein L17-like,protein-coding,-,-,-,60S ribosomal protein L17-like,20210420,-
130825,121147909,LOC121147909,-,-,-,Un,-,uncharacterized LOC121147909,ncRNA,-,-,-,-,20210420,-
130825,121147910,GNPAT,-,-,-,Un,-,glyceronephosphate O-acyltransferase,protein-coding,-,-,-,dihydroxyacetone phosphate acyltransferase,20210420,-
130825,121147911,TRDMT1,-,-,-,Un,-,tRNA aspartic acid methyltransferase 1,protein-coding,-,-,-,tRNA (cytosine(38)-C(5))-methyltransferase,20210420,-
130825,121147912,SKIDA1,-,-,-,Un,-,SKI/DACH domain containing 1,protein-coding,-,-,-,SKI/DACH domain-containing protein 1,20210420,-
130825,121147913,LOC121147913,-,-,-,Un,-,uncharacterized LOC121147913,ncRNA,-,-,-,-,20210420,-
130825,121147914,LOC121147914,-,-,-,Un,-,killer cell lectin-like receptor 2,protein-coding,-,-,-,killer cell lectin-like receptor 2,20210420,-
130825,121147915,PARP1,-,-,-,Un,-,poly(ADP-ribose) polymerase 1,protein-coding,-,-,-,poly [ADP-ribose] polymerase 1,20210420,-
130825,121147916,ZBTB18,-,-,-,Un,-,zinc finger and BTB domain containing 18,protein-coding,-,-,-,zinc finger and BTB domain-containing protein 18,20210420,-
130825,121147917,RSU1,-,-,-,Un,-,Ras suppressor protein 1,protein-coding,-,-,-,ras suppressor protein 1,20210420,-
130825,121147918,EGLN1,-,PHD2,-,Un,-,egl-9 family hypoxia inducible factor 1,protein-coding,-,-,-,egl nine homolog 1|prolyl hydroxlyase 2,20210420,-
130825,121147919,STAM,-,-,-,Un,-,signal transducing adaptor molecule,protein-coding,-,-,-,signal transducing adapter molecule 1,20210420,-
130825,121147920,CEP170,-,-,-,Un,-,centrosomal protein 170,protein-coding,-,-,-,centrosomal protein of 170 kDa,20210420,-
130825,121147921,LOC121147921,-,-,-,Un,-,killer cell lectin-like receptor 7,protein-coding,-,-,-,killer cell lectin-like receptor 7,20210420,-
130825,121147922,RYR2,-,-,-,Un,-,ryanodine receptor 2,protein-coding,-,-,-,ryanodine receptor 2,20210420,-
130825,121147923,LOC121147923,-,-,-,Un,-,ubiquitin-60S ribosomal protein L40-like,pseudo,-,-,-,-,20210420,-
130825,121147924,TSNAX,-,-,-,Un,-,translin associated factor X,protein-coding,-,-,-,translin-associated protein X,20210420,-
130825,121147925,LOC121147925,-,-,-,Un,-,phosphatidylinositol N-acetylglucosaminyltransferase subunit C-like,pseudo,-,-,-,-,20210420,-
130825,121147926,DIP2C,-,-,-,Un,-,disco interacting protein 2 homolog C,protein-coding,-,-,-,disco-interacting protein 2 homolog C,20210420,-
130825,121147927,DESI2,-,-,-,Un,-,desumoylating isopeptidase 2,protein-coding,-,-,-,deubiquitinase DESI2,20210420,-
130825,121147928,URB2,-,-,-,Un,-,URB2 ribosome biogenesis homolog,protein-coding,-,-,-,unhealthy ribosome biogenesis protein 2 homolog,20210420,-
130825,121147929,TAF5L,-,-,-,Un,-,TATA-box binding protein associated factor 5 like,protein-coding,-,-,-,TAF5-like RNA polymerase II p300/CBP-associated factor-associated factor 65 kDa subunit 5L,20210420,-
130825,121147930,FAM107B,-,-,-,Un,-,family with sequence similarity 107 member B,protein-coding,-,-,-,protein FAM107B,20210420,-
130825,121147931,LOC121147931,-,-,-,Un,-,uncharacterized LOC121147931,ncRNA,-,-,-,-,20210420,-
130825,121147932,CACNB2,-,-,-,Un,-,calcium voltage-gated channel auxiliary subunit beta 2,protein-coding,-,-,-,voltage-dependent L-type calcium channel subunit beta-2,20210420,-
130825,121147933,LOC121147933,-,-,-,Un,-,taste receptor type 2 member 7-like,protein-coding,-,-,-,taste receptor type 2 member 7-like,20210420,-
130825,121147934,COG2,-,-,-,Un,-,component of oligomeric golgi complex 2,protein-coding,-,-,-,conserved oligomeric Golgi complex subunit 2,20210420,-
130825,121147935,SEPHS1,-,-,-,Un,-,selenophosphate synthetase 1,protein-coding,-,-,-,"selenide, water dikinase 1",20210529,-
130825,121147936,LOC121147936,-,-,-,Un,-,taste receptor type 2 member 9-like,protein-coding,-,-,-,taste receptor type 2 member 9-like,20210420,-
130825,121147937,LOC121147937,-,-,-,Un,-,uncharacterized LOC121147937,ncRNA,-,-,-,-,20210420,-
130825,121147938,CAPN9,-,-,-,Un,-,calpain 9,protein-coding,-,-,-,calpain-9,20210420,-
130825,121147939,CHML,-,-,-,Un,-,CHM like Rab escort protein,protein-coding,-,-,-,rab proteins geranylgeranyltransferase component A 2,20210420,-
130825,121147940,LOC121147940,-,-,-,Un,-,taste receptor type 2 member 7-like,protein-coding,-,-,-,taste receptor type 2 member 7-like,20210420,-
130825,121147941,OPN3,-,-,-,Un,-,opsin 3,protein-coding,-,-,-,opsin-3,20210420,-
130825,121147942,RBM17,-,-,-,Un,-,RNA binding motif protein 17,protein-coding,-,-,-,splicing factor 45,20210420,-
130825,121147943,KCNK1,-,-,-,Un,-,potassium two pore domain channel subfamily K member 1,protein-coding,-,-,-,potassium channel subfamily K member 1,20210420,-
130825,121147944,ITGA8,-,-,-,Un,-,integrin subunit alpha 8,protein-coding,-,-,-,integrin alpha-8,20210420,-
130825,121147945,MTR,-,-,-,Un,-,5-methyltetrahydrofolate-homocysteine methyltransferase,protein-coding,-,-,-,methionine synthase,20210420,-
130825,121147946,PLD5,-,-,-,Un,-,phospholipase D family member 5,protein-coding,-,-,-,inactive phospholipase D5,20210420,-
130825,121147947,CDC42BPA,-,-,-,Un,-,CDC42 binding protein kinase alpha,protein-coding,-,-,-,serine/threonine-protein kinase MRCK alpha,20210420,-
130825,121147948,LOC121147948,-,-,-,Un,-,taste receptor type 2 member 13-like,protein-coding,-,-,-,taste receptor type 2 member 13-like,20210420,-
130825,121147949,SNX2,-,-,-,Un,-,sorting nexin 2,protein-coding,-,-,-,sorting nexin-2,20210420,-
130825,121147950,TARBP1,-,-,-,Un,-,TAR (HIV-1) RNA binding protein 1,protein-coding,-,-,-,probable methyltransferase TARBP1,20210420,-
130825,121147951,LOC121147951,-,-,-,Un,-,cytochrome c oxidase assembly factor 6 homolog,protein-coding,-,-,-,cytochrome c oxidase assembly factor 6 homolog,20210420,-
130825,121147952,HSPA14,-,-,-,Un,-,heat shock protein family A (Hsp70) member 14,protein-coding,-,-,-,heat shock 70 kDa protein 14,20210420,-
130825,121147953,LOC121147953,-,-,-,Un,-,taste receptor type 2 member 20-like,protein-coding,-,-,-,taste receptor type 2 member 20-like,20210420,-
130825,121147954,LOC121147954,-,-,-,Un,-,uncharacterized LOC121147954,protein-coding,-,-,-,zinc finger and SCAN domain containing 29,20210420,-
130825,121147955,ARID4B,-,-,-,Un,-,AT-rich interaction domain 4B,protein-coding,-,-,-,AT-rich interactive domain-containing protein 4B,20210420,-
130825,121147956,PLXDC2,-,-,-,Un,-,plexin domain containing 2,protein-coding,-,-,-,plexin domain-containing protein 2,20210420,-
130825,121147957,TRIM67,-,-,-,Un,-,tripartite motif containing 67,protein-coding,-,-,-,tripartite motif-containing protein 67,20210420,-
130825,121147958,CUNH1orf131,-,-,-,Un,-,chromosome unknown C1orf131 homolog,protein-coding,-,-,-,uncharacterized protein C1orf131 homolog,20210420,-
130825,121147959,LOC121147959,-,-,-,Un,-,"phosphofructokinase, platelet",protein-coding,-,-,-,"ATP-dependent 6-phosphofructokinase, platelet type",20210420,-
130825,121147960,LOC121147960,-,-,-,Un,-,taste receptor type 2 member 14-like,protein-coding,-,-,-,taste receptor type 2 member 14-like,20210420,-
130825,121147961,RAB4A,-,-,-,Un,-,"RAB4A, member RAS oncogene family",protein-coding,-,-,-,ras-related protein Rab-4A,20210420,-
130825,121147962,BMI1,-,-,-,Un,-,"BMI1 proto-oncogene, polycomb ring finger",protein-coding,-,-,-,polycomb complex protein BMI-1,20210420,-
130825,121147963,COMMD3,-,-,-,Un,-,COMM domain containing 3,protein-coding,-,-,-,COMM domain-containing protein 3,20210420,-
130825,121147964,LOC121147964,-,-,-,Un,-,uncharacterized LOC121147964,ncRNA,-,-,-,-,20210420,-
130825,121147965,GATA3,-,-,-,Un,-,GATA binding protein 3,protein-coding,-,-,-,trans-acting T-cell-specific transcription factor GATA-3,20210420,-
130825,121147966,MAP10,-,-,-,Un,-,microtubule associated protein 10,protein-coding,-,-,-,microtubule-associated protein 10,20210420,-
130825,121147967,LOC121147967,-,-,-,Un,-,taste receptor type 2 member 125-like,protein-coding,-,-,-,taste receptor type 2 member 125-like,20210420,-
130825,121147968,DCLRE1C,-,-,-,Un,-,DNA cross-link repair 1C,protein-coding,-,-,-,LOW QUALITY PROTEIN: protein artemis,20210420,-
130825,121147969,EXO1,-,-,-,Un,-,exonuclease 1,protein-coding,-,-,-,exonuclease 1,20210420,-
130825,121147970,CALML3,-,-,-,Un,-,calmodulin like 3,protein-coding,-,-,-,calmodulin-like protein 3,20210420,-
130825,121147971,NMT2,-,-,-,Un,-,N-myristoyltransferase 2,protein-coding,-,-,-,glycylpeptide N-tetradecanoyltransferase 2,20210420,-
130825,121147972,RPP38,-,-,-,Un,-,ribonuclease P/MRP subunit p38,protein-coding,-,-,-,ribonuclease P protein subunit p38,20210420,-
130825,121147973,FAM89A,-,-,-,Un,-,family with sequence similarity 89 member A,protein-coding,-,-,-,protein FAM89A,20210420,-
130825,121147974,ITPKB,-,-,-,Un,-,inositol-trisphosphate 3-kinase B,protein-coding,-,-,-,inositol-trisphosphate 3-kinase B,20210420,-
130825,121147975,NSUN6,-,-,-,Un,-,NOP2/Sun RNA methyltransferase 6,protein-coding,-,-,-,tRNA (cytosine(72)-C(5))-methyltransferase NSUN6,20210420,-
130825,121147976,LOC121147976,-,-,-,Un,-,taste receptor type 2 member 14-like,protein-coding,-,-,-,taste receptor type 2 member 14-like,20210420,-
130825,121147977,TOMM20,-,-,-,Un,-,translocase of outer mitochondrial membrane 20,protein-coding,-,-,-,mitochondrial import receptor subunit TOM20 homolog,20210501,-
130825,121147978,CALML5,-,-,-,Un,-,calmodulin like 5,protein-coding,-,-,-,calmodulin-like protein 5,20210420,-
130825,121147979,FAM171A1,-,-,-,Un,-,family with sequence similarity 171 member A1,protein-coding,-,-,-,protein FAM171A1,20210420,-
130825,121147980,WDR64,-,-,-,Un,-,WD repeat domain 64,protein-coding,-,-,-,WD repeat-containing protein 64,20210420,-
130825,121147981,LOC121147981,-,-,-,Un,-,40S ribosomal protein S13-like,pseudo,-,-,-,-,20210420,-
130825,121147982,ARL5B,-,-,-,Un,-,ADP ribosylation factor like GTPase 5B,protein-coding,-,-,-,ADP-ribosylation factor-like protein 5B,20210522,-
130825,121147983,CUNH1orf198,-,-,-,Un,-,chromosome unknown C1orf198 homolog,protein-coding,-,-,-,uncharacterized protein C1orf198 homolog,20210420,-
130825,121147984,GTPBP4,-,-,-,Un,-,GTP binding protein 4,protein-coding,-,-,-,nucleolar GTP-binding protein 1,20210420,-
130825,121147985,GGPS1,-,-,-,Un,-,geranylgeranyl diphosphate synthase 1,protein-coding,-,-,-,geranylgeranyl pyrophosphate synthase,20210420,-
130825,121147986,LOC121147986,-,-,-,Un,-,taste receptor type 2 member 116-like,protein-coding,-,-,-,taste receptor type 2 member 116-like,20210420,-
130825,121147987,TASOR2,-,-,-,Un,-,transcription activation suppressor family member 2,protein-coding,-,-,-,protein TASOR 2,20210420,-
130825,121147988,GDI2,-,-,-,Un,-,GDP dissociation inhibitor 2,protein-coding,-,-,-,rab GDP dissociation inhibitor beta,20210420,-
130825,121147989,TFB2M,-,-,-,Un,-,"transcription factor B2, mitochondrial",protein-coding,-,-,-,"dimethyladenosine transferase 2, mitochondrial",20210420,-
130825,121147990,ST8SIA6,-,-,-,Un,-,"ST8 alpha-N-acetyl-neuraminide alpha-2,8-sialyltransferase 6",protein-coding,-,-,-,"alpha-2,8-sialyltransferase 8F",20210420,-
130825,121147991,KMO,-,-,-,Un,-,kynurenine 3-monooxygenase,protein-coding,-,-,-,kynurenine 3-monooxygenase,20210420,-
130825,121147992,CCDC3,-,-,-,Un,-,coiled-coil domain containing 3,protein-coding,-,-,-,coiled-coil domain-containing protein 3,20210420,-
130825,121147993,LOC121147993,-,-,-,Un,-,taste receptor type 2 member 14-like,protein-coding,-,-,-,taste receptor type 2 member 14-like,20210420,-
130825,121147994,ACBD7,-,-,-,Un,-,acyl-CoA binding domain containing 7,protein-coding,-,-,-,acyl-CoA-binding domain-containing protein 7,20210420,-
130825,121147995,SDE2,-,-,-,Un,-,SDE2 telomere maintenance homolog,protein-coding,-,-,-,replication stress response regulator SDE2,20210420,-
130825,121147996,OPTN,-,-,-,Un,-,optineurin,protein-coding,-,-,-,optineurin,20210420,-
130825,121147997,LOC121147997,-,-,-,Un,-,"centriole, cilia and spindle associated protein",protein-coding,-,-,-,"centriole, cilia and spindle-associated protein",20210420,-
130825,121147998,CHRM3,-,-,-,Un,-,cholinergic receptor muscarinic 3,protein-coding,-,-,-,muscarinic acetylcholine receptor M3,20210420,-
130825,121147999,EXOC8,-,-,-,Un,-,exocyst complex component 8,protein-coding,-,-,-,exocyst complex component 8,20210420,-
130825,121148000,MLLT10,-,-,-,Un,-,MLLT10 histone lysine methyltransferase DOT1L cofactor,protein-coding,-,-,-,protein AF-10,20210420,-
130825,121148001,LOC121148001,-,-,-,Un,-,taste receptor type 2 member 125-like,protein-coding,-,-,-,taste receptor type 2 member 125-like,20210420,-
130825,121148002,FRMD4A,-,-,-,Un,-,FERM domain containing 4A,protein-coding,-,-,-,FERM domain-containing protein 4A,20210420,-
130825,121148003,LOC121148003,-,-,-,Un,-,uncharacterized LOC121148003,ncRNA,-,-,-,-,20210420,-
130825,121148004,CATSPERE,-,-,-,Un,-,catsper channel auxiliary subunit epsilon,protein-coding,-,-,-,cation channel sperm-associated protein subunit epsilon,20210420,-
130825,121148005,COQ8A,-,-,-,Un,-,coenzyme Q8A,protein-coding,-,-,-,"atypical kinase COQ8A, mitochondrial",20210420,-
130825,121148006,CDNF,-,-,-,Un,-,cerebral dopamine neurotrophic factor,protein-coding,-,-,-,cerebral dopamine neurotrophic factor,20210420,-
130825,121148007,LOC121148007,-,-,-,Un,-,peptidyl-prolyl cis-trans isomerase A-like,pseudo,-,-,-,-,20210420,-
130825,121148008,GNG4,-,-,-,Un,-,G protein subunit gamma 4,protein-coding,-,-,-,guanine nucleotide-binding protein G(I)/G(S)/G(O) subunit gamma-4,20210420,-
130825,121148009,LOC121148009,-,-,-,Un,-,taste receptor type 2 member 14-like,protein-coding,-,-,-,taste receptor type 2 member 14-like,20210420,-
130825,121148010,FH,-,-,-,Un,-,fumarate hydratase,protein-coding,-,-,-,"fumarate hydratase, mitochondrial",20210420,-
130825,121148011,SRP9,-,-,-,Un,-,signal recognition particle 9,protein-coding,-,-,-,signal recognition particle 9 kDa protein,20210424,-
130825,121148012,SLC35F3,-,-,-,Un,-,solute carrier family 35 member F3,protein-coding,-,-,-,putative thiamine transporter SLC35F3,20210420,-
130825,121148013,FMN2,-,-,-,Un,-,formin 2,protein-coding,-,-,-,formin-2,20210420,-
130825,121148014,LOC121148014,-,-,-,Un,-,POTE ankyrin domain family member G-like,protein-coding,-,-,-,POTE ankyrin domain family member G-like,20210420,-
130825,121148015,MRC1,-,-,-,Un,-,mannose receptor C-type 1,protein-coding,-,-,-,macrophage mannose receptor 1,20210420,-
130825,121148016,SPRTN,-,-,-,Un,-,SprT-like N-terminal domain,protein-coding,-,-,-,DNA-dependent metalloprotease SPRTN,20210420,-
130825,121148017,LOC121148017,-,-,-,Un,-,taste receptor type 2 member 14-like,protein-coding,-,-,-,taste receptor type 2 member 14-like,20210420,-
130825,121148018,RBM34,-,-,-,Un,-,RNA binding motif protein 34,protein-coding,-,-,-,RNA-binding protein 34,20210420,-
130825,121148019,SDCCAG8,-,-,-,Un,-,SHH signaling and ciliogenesis regulator SDCCAG8,protein-coding,-,-,-,serologically defined colon cancer antigen 8,20210420,-
130825,121148020,AKT3,-,-,-,Un,-,AKT serine/threonine kinase 3,protein-coding,-,-,-,RAC-gamma serine/threonine-protein kinase,20210522,-
130825,121148021,SLC39A12,-,-,-,Un,-,solute carrier family 39 member 12,protein-coding,-,-,-,zinc transporter ZIP12,20210420,-
130825,121148022,LOC121148022,-,-,-,Un,-,taste receptor type 2 member 31-like,protein-coding,-,-,-,taste receptor type 2 member 31-like,20210420,-
130825,121148023,SIPA1L2,-,-,-,Un,-,signal induced proliferation associated 1 like 2,protein-coding,-,-,-,signal-induced proliferation-associated 1-like protein 2,20210420,-
130825,121148024,LOC121148024,-,-,-,Un,-,uncharacterized LOC121148024,ncRNA,-,-,-,-,20210420,-
130825,121148025,SCCPDH,-,-,-,Un,-,saccharopine dehydrogenase (putative),protein-coding,-,-,-,saccharopine dehydrogenase-like oxidoreductase,20210420,-
130825,121148026,HNRNPU,-,-,-,Un,-,heterogeneous nuclear ribonucleoprotein U,protein-coding,-,-,-,heterogeneous nuclear ribonucleoprotein U,20210420,-
130825,121148027,LOC121148027,-,-,-,Un,-,"cytochrome c oxidase assembly protein COX20, mitochondrial",protein-coding,-,-,-,"cytochrome c oxidase assembly protein COX20, mitochondrial",20210420,-
130825,121148028,LOC121148028,-,-,-,Un,-,taste receptor type 2 member 140-like,protein-coding,-,-,-,taste receptor type 2 member 140-like,20210420,-
130825,121148029,LOC121148029,-,-,-,Un,-,trafficking protein particle complex subunit 2,protein-coding,-,-,-,trafficking protein particle complex subunit 2,20210420,-
130825,121148030,CUNH1orf100,-,-,-,Un,-,chromosome unknown C1orf100 homolog,protein-coding,-,-,-,uncharacterized protein C1orf100 homolog,20210420,-
130825,121148031,TMEM236,-,-,-,Un,-,transmembrane protein 236,protein-coding,-,-,-,transmembrane protein 236,20210420,-
130825,121148032,LOC121148032,-,-,-,Un,-,uncharacterized LOC121148032,ncRNA,-,-,-,-,20210420,-
130825,121148033,LOC121148033,-,-,-,Un,-,cytochrome c-like,pseudo,-,-,-,-,20210420,-
130825,121148034,AGT,-,-,-,Un,-,angiotensinogen,protein-coding,-,-,-,angiotensinogen,20210420,-
130825,121148035,ITIH2,-,-,-,Un,-,inter-alpha-trypsin inhibitor heavy chain 2,protein-coding,-,-,-,inter-alpha-trypsin inhibitor heavy chain H2,20210420,-
130825,121148036,LOC121148036,-,-,-,Un,-,taste receptor type 2 member 19-like,protein-coding,-,-,-,taste receptor type 2 member 19-like,20210420,-
130825,121148037,LOC121148037,-,-,-,Un,-,nebulette-like,protein-coding,-,-,-,LOW QUALITY PROTEIN: nebulette-like,20210420,-
130825,121148038,LOC121148038,-,-,-,Un,-,WD repeat domain phosphoinositide-interacting protein 4-like,pseudo,-,-,-,-,20210420,-
130825,121148039,LOC121148039,-,-,-,Un,-,LIM zinc-binding domain-containing Nebulette-like,protein-coding,-,-,-,LIM zinc-binding domain-containing Nebulette-like,20210420,-
130825,121148040,LOC121148040,-,-,-,Un,-,uncharacterized LOC121148040,ncRNA,-,-,-,-,20210420,-
130825,121148041,LOC121148041,-,-,-,Un,-,"citrate synthase, mitochondrial-like",pseudo,-,-,-,-,20210420,-
130825,121148042,LOC121148042,-,-,-,Un,-,26S proteasome regulatory subunit 10B-like,pseudo,-,-,-,-,20210420,-
130825,121148043,LOC121148043,-,-,-,Un,-,uncharacterized LOC121148043,ncRNA,-,-,-,-,20210420,-
130825,121148044,LOC121148044,-,-,-,Un,-,prostaglandin-E(2) 9-reductase-like,protein-coding,-,-,-,prostaglandin-E(2) 9-reductase-like,20210420,-
130825,121148045,LOC121148045,-,-,-,Un,-,prostaglandin-E(2) 9-reductase-like,protein-coding,-,-,-,aldo-keto reductase family 1 member C1-like|aldo-keto reductase family 1 member C15-like|prostaglandin-E(2) 9-reductase-like,20210420,-
130825,121148046,LOC121148046,-,-,-,Un,-,glutamic acid-rich protein-like,protein-coding,-,-,-,glutamic acid-rich protein-like,20210420,-
130825,121148047,LOC121148047,-,-,-,Un,-,aldo-keto reductase family 1 member C15-like,protein-coding,-,-,-,aldo-keto reductase family 1 member C15-like|aldo-keto reductase family 1 member C3-like,20210420,-
130825,121148048,LOC121148048,-,-,-,Un,-,aldo-keto reductase family 1 member C15-like,protein-coding,-,-,-,aldo-keto reductase family 1 member C15-like,20210420,-
130825,121148049,LOC121148049,-,-,-,Un,-,prostaglandin-E(2) 9-reductase-like,protein-coding,-,-,-,prostaglandin-E(2) 9-reductase-like,20210420,-
130825,121148050,LOC121148050,-,-,-,Un,-,prostaglandin-E(2) 9-reductase-like,protein-coding,-,-,-,prostaglandin-E(2) 9-reductase-like,20210420,-
130825,121148051,LOC121148051,-,-,-,Un,-,prostaglandin-E(2) 9-reductase-like,protein-coding,-,-,-,prostaglandin-E(2) 9-reductase-like,20210420,-
130825,121148052,LOC121148052,-,-,-,Un,-,aldo-keto reductase family 1 member C1-like,protein-coding,-,-,-,aldo-keto reductase family 1 member C1-like,20210420,-
130825,121148053,LOC121148053,-,-,-,Un,-,estradiol 17 beta-dehydrogenase 5-like,protein-coding,-,-,-,estradiol 17 beta-dehydrogenase 5-like,20210420,-
130825,121148054,LOC121148054,-,-,-,Un,-,aldo-keto reductase family 1 member C15-like,protein-coding,-,-,-,aldo-keto reductase family 1 member C15-like,20210420,-
130825,121148055,LOC121148055,-,-,-,Un,-,prostaglandin-E(2) 9-reductase-like,protein-coding,-,-,-,prostaglandin-E(2) 9-reductase-like,20210420,-
130825,121148056,LOC121148056,-,-,-,Un,-,prostaglandin-E(2) 9-reductase-like,protein-coding,-,-,-,prostaglandin-E(2) 9-reductase-like,20210420,-
130825,121148057,LOC121148057,-,-,-,Un,-,prostaglandin-E(2) 9-reductase-like,protein-coding,-,-,-,prostaglandin-E(2) 9-reductase-like,20210420,-
130825,121148058,GALNT2,-,-,-,Un,-,polypeptide N-acetylgalactosaminyltransferase 2,protein-coding,-,-,-,polypeptide N-acetylgalactosaminyltransferase 2,20210420,-
130825,121148059,LOC121148059,-,-,-,Un,-,mitochondrial import inner membrane translocase subunit Tim8 B-like,protein-coding,-,-,-,mitochondrial import inner membrane translocase subunit Tim8 B-like,20210420,-
130825,121148060,LOC121148060,-,-,-,Un,-,ADP/ATP translocase 2-like,protein-coding,-,-,-,ADP/ATP translocase 2-like,20210420,-
130825,121148061,NTPCR,-,-,-,Un,-,"nucleoside-triphosphatase, cancer-related",protein-coding,-,-,-,cancer-related nucleoside-triphosphatase,20210420,-
130825,121148062,ERO1B,-,-,-,Un,-,endoplasmic reticulum oxidoreductase 1 beta,protein-coding,-,-,-,ERO1-like protein beta,20210420,-
130825,121148063,GPR137B,-,-,-,Un,-,G protein-coupled receptor 137B,protein-coding,-,-,-,integral membrane protein GPR137B,20210420,-
130825,121148064,LOC121148064,-,-,-,Un,-,ribosome biogenesis protein NSA2 homolog,pseudo,-,-,-,-,20210420,-
130825,121148065,PYCR2,-,-,-,Un,-,pyrroline-5-carboxylate reductase 2,protein-coding,-,-,-,pyrroline-5-carboxylate reductase 2,20210420,-
130825,121148066,PCNX2,-,-,-,Un,-,pecanex 2,protein-coding,-,-,-,pecanex-like protein 2,20210420,-
130825,121148067,SLC15A5,-,-,-,Un,-,solute carrier family 15 member 5,protein-coding,-,-,-,LOW QUALITY PROTEIN: solute carrier family 15 member 5,20210420,-
130825,121148068,LOC121148068,-,-,-,Un,-,ADP-ribosylation factor 2,protein-coding,-,-,-,ADP-ribosylation factor 2,20210420,-
130825,121148069,LOC121148069,-,-,-,Un,-,MICOS complex subunit MIC13-like,protein-coding,-,-,-,MICOS complex subunit MIC13-like,20210420,-
130825,121148070,LIN9,-,-,-,Un,-,lin-9 DREAM MuvB core complex component,protein-coding,-,-,-,protein lin-9 homolog,20210420,-
130825,121148071,SUV39H2,-,-,-,Un,-,suppressor of variegation 3-9 homolog 2,protein-coding,-,-,-,histone-lysine N-methyltransferase SUV39H2,20210420,-
130825,121148072,LOC121148072,-,-,-,Un,-,uncharacterized LOC121148072,ncRNA,-,-,-,-,20210420,-
130825,121148073,PITRM1,-,-,-,Un,-,pitrilysin metallopeptidase 1,protein-coding,-,-,-,"presequence protease, mitochondrial",20210420,-
130825,121148074,PDE3A,-,-,-,Un,-,phosphodiesterase 3A,protein-coding,-,-,-,"cGMP-inhibited 3',5'-cyclic phosphodiesterase A",20210420,-
130825,121148075,MAP1LC3C,-,-,-,Un,-,microtubule associated protein 1 light chain 3 gamma,protein-coding,-,-,-,microtubule-associated proteins 1A/1B light chain 3C,20210420,-
130825,121148076,LOC121148076,-,-,-,Un,-,isopentenyl-diphosphate Delta-isomerase 1,protein-coding,-,-,-,isopentenyl-diphosphate Delta-isomerase 1,20210420,-
130825,121148077,SNX24,-,-,-,Un,-,sorting nexin 24,protein-coding,-,-,-,sorting nexin-24,20210425,-
130825,121148078,LOC121148078,-,-,-,Un,-,uncharacterized LOC121148078,protein-coding,-,-,-,uncharacterized protein LOC121148078,20210420,-
130825,121148079,LOC121148079,-,-,-,Un,-,ankyrin repeat domain-containing protein 16-like,protein-coding,-,-,-,ankyrin repeat domain-containing protein 16-like,20210420,-
130825,121148080,ACTN2,-,-,-,Un,-,actinin alpha 2,protein-coding,-,-,-,alpha-actinin-2,20210420,-
130825,121148081,LOC121148081,-,-,-,Un,-,uncharacterized LOC121148081,ncRNA,-,-,-,-,20210420,-
130825,121148082,SPAG6,-,-,-,Un,-,sperm associated antigen 6,protein-coding,-,-,-,sperm-associated antigen 6,20210420,-
130825,121148083,LOC121148083,-,-,-,Un,-,islet amyloid polypeptide,protein-coding,-,-,-,islet amyloid polypeptide,20210420,-
130825,121148084,LOC121148084,-,-,-,Un,-,uncharacterized LOC121148084,ncRNA,-,-,-,-,20210420,-
130825,121148085,PHYH,-,-,-,Un,-,phytanoyl-CoA 2-hydroxylase,protein-coding,-,-,-,"phytanoyl-CoA dioxygenase, peroxisomal",20210420,-
130825,121148086,LOC121148086,-,-,-,Un,-,uncharacterized LOC121148086,ncRNA,-,-,-,-,20210420,-
130825,121148087,RHOU,-,-,-,Un,-,ras homolog family member U,protein-coding,-,-,-,rho-related GTP-binding protein RhoU,20210420,-
130825,121148088,ASB13,-,-,-,Un,-,ankyrin repeat and SOCS box containing 13,protein-coding,-,-,-,ankyrin repeat and SOCS box protein 13,20210420,-
130825,121148089,NID1,-,-,-,Un,-,nidogen 1,protein-coding,-,-,-,nidogen-1,20210420,-
130825,121148090,EFCAB2,-,-,-,Un,-,EF-hand calcium binding domain 2,protein-coding,-,-,-,dynein regulatory complex protein 8,20210420,-
130825,121148091,LOC121148091,-,-,-,Un,-,"cytochrome c oxidase subunit 7A2, mitochondrial-like",protein-coding,-,-,-,"cytochrome c oxidase subunit 7A2, mitochondrial-like",20210420,-
130825,121148092,LOC121148092,-,-,-,Un,-,ankyrin repeat domain-containing protein 7-like,protein-coding,-,-,-,ankyrin repeat domain-containing protein 7-like|uncharacterized protein LOC121148092,20210420,-
130825,121148093,SPX,-,-,-,Un,-,spexin hormone,protein-coding,-,-,-,spexin,20210420,-
130825,121148094,LOC121148094,-,-,-,Un,-,ubiquitin-conjugating enzyme E2 variant 2-like,pseudo,-,-,-,-,20210420,-
130825,121148095,LEFTY1,-,-,-,Un,-,left-right determination factor 1,protein-coding,-,-,-,left-right determination factor 1,20210420,-
130825,121148096,LARP4B,-,-,-,Un,-,La ribonucleoprotein 4B,protein-coding,-,-,-,la-related protein 4B,20210420,-
130825,121148097,EDARADD,-,-,-,Un,-,EDAR associated death domain,protein-coding,-,-,-,ectodysplasin-A receptor-associated adapter protein,20210420,-
130825,121148098,LOC121148098,-,-,-,Un,-,translationally-controlled tumor protein-like,pseudo,-,-,-,-,20210420,-
130825,121148099,LOC121148099,-,-,-,Un,-,thioredoxin-like protein 1,pseudo,-,-,-,-,20210420,-
130825,121148100,PROSER2,-,-,-,Un,-,proline and serine rich 2,protein-coding,-,-,-,proline and serine-rich protein 2,20210420,-
130825,121148101,LOC121148101,-,-,-,Un,-,small ubiquitin-related modifier 2-like,protein-coding,-,-,-,small ubiquitin-related modifier 2-like,20210420,-
130825,121148102,CELF2,-,-,-,Un,-,CUGBP Elav-like family member 2,protein-coding,-,-,-,CUGBP Elav-like family member 2,20210605,-
130825,121148103,LOC121148103,-,-,-,Un,-,eukaryotic initiation factor 4A-I-like,pseudo,-,-,-,-,20210420,-
130825,121148104,LOC121148104,-,-,-,Un,-,uncharacterized LOC121148104,ncRNA,-,-,-,-,20210420,-
130825,121148105,LOC121148105,-,-,-,Un,-,uncharacterized LOC121148105,ncRNA,-,-,-,-,20210420,-
130825,121148106,LOC121148106,-,-,-,Un,-,uncharacterized LOC121148106,ncRNA,-,-,-,-,20210420,-
130825,121148107,HACD1,-,-,-,Un,-,3-hydroxyacyl-CoA dehydratase 1,protein-coding,-,-,-,very-long-chain (3R)-3-hydroxyacyl-CoA dehydratase 1,20210420,-
130825,121148108,LOC121148108,-,-,-,Un,-,uncharacterized LOC121148108,ncRNA,-,-,-,-,20210420,-
130825,121148109,LOC121148109,-,-,-,Un,-,60S ribosomal protein L22-like,protein-coding,-,-,-,60S ribosomal protein L22-like,20210420,-
130825,121148110,LOC121148110,-,-,-,Un,-,protein mago nashi homolog,protein-coding,-,-,-,protein mago nashi homolog,20210522,-
130825,121148111,PGBD5,-,-,-,Un,-,piggyBac transposable element derived 5,protein-coding,-,-,-,piggyBac transposable element-derived protein 5,20210420,-
130825,121148112,DHTKD1,-,-,-,Un,-,dehydrogenase E1 and transketolase domain containing 1,protein-coding,-,-,-,"probable 2-oxoglutarate dehydrogenase E1 component DHKTD1, mitochondrial",20210420,-
130825,121148113,MCM10,-,-,-,Un,-,minichromosome maintenance 10 replication initiation factor,protein-coding,-,-,-,protein MCM10 homolog,20210420,-
130825,121148114,LOC121148114,-,-,-,Un,-,translationally-controlled tumor protein-like,pseudo,-,-,-,-,20210420,-
130825,121148115,LOC121148115,-,-,-,Un,-,uncharacterized LOC121148115,protein-coding,-,-,-,uncharacterized protein LOC121148115,20210420,-
130825,121148116,TTC13,-,-,-,Un,-,tetratricopeptide repeat domain 13,protein-coding,-,-,-,tetratricopeptide repeat protein 13,20210420,-
130825,121148117,STYK1,-,-,-,Un,-,serine/threonine/tyrosine kinase 1,protein-coding,-,-,-,tyrosine-protein kinase STYK1,20210420,-
130825,121148118,ARV1,-,-,-,Un,-,"ARV1 homolog, fatty acid homeostasis modulator",protein-coding,-,-,-,protein ARV1,20210420,-
130825,121148119,KIF26B,-,-,-,Un,-,kinesin family member 26B,protein-coding,-,-,-,kinesin-like protein KIF26B,20210420,-
130825,121148120,STUM,-,-,-,Un,-,"stum, mechanosensory transduction mediator homolog",protein-coding,-,-,-,protein stum homolog,20210420,-
130825,121148121,ZMYND11,-,-,-,Un,-,zinc finger MYND-type containing 11,protein-coding,-,-,-,zinc finger MYND domain-containing protein 11,20210529,-
130825,121148122,LOC121148122,-,-,-,Un,-,taste receptor type 2 member 10-like,protein-coding,-,-,-,LOW QUALITY PROTEIN: taste receptor type 2 member 10-like,20210420,-
130825,121148123,OLAH,-,-,-,Un,-,oleoyl-ACP hydrolase,protein-coding,-,-,-,"S-acyl fatty acid synthase thioesterase, medium chain",20210420,-
130825,121148124,MEIG1,-,-,-,Un,-,meiosis/spermiogenesis associated 1,protein-coding,-,-,-,meiosis expressed gene 1 protein homolog,20210420,-
130825,121148125,UPF2,-,-,-,Un,-,UPF2 regulator of nonsense mediated mRNA decay,protein-coding,-,-,-,regulator of nonsense transcripts 2,20210420,-
130825,121148126,LOC121148126,-,-,-,Un,-,taste receptor type 2 member 20-like,protein-coding,-,-,-,taste receptor type 2 member 20-like,20210420,-
130825,121148127,LOC121148127,-,-,-,Un,-,40S ribosomal protein S15a-like,pseudo,-,-,-,-,20210420,-
130825,121148128,PFKFB3,-,-,-,Un,-,"6-phosphofructo-2-kinase/fructose-2,6-biphosphatase 3",protein-coding,-,-,-,"6-phosphofructo-2-kinase/fructose-2,6-bisphosphatase 3",20210420,-
130825,121148129,TAF3,-,-,-,Un,-,TATA-box binding protein associated factor 3,protein-coding,-,-,-,transcription initiation factor TFIID subunit 3,20210420,-
130825,121148130,LYST,-,-,-,Un,-,lysosomal trafficking regulator,protein-coding,-,-,-,lysosomal-trafficking regulator,20210420,-
130825,121148131,LOC121148131,-,-,-,Un,-,uncharacterized LOC121148131,ncRNA,-,-,-,-,20210420,-
130825,121148132,LOC121148132,-,-,-,Un,-,uncharacterized LOC121148132,ncRNA,-,-,-,-,20210420,-
130825,121148133,SMYD3,-,-,-,Un,-,SET and MYND domain containing 3,protein-coding,-,-,-,histone-lysine N-methyltransferase SMYD3,20210420,-
130825,121148134,UCMA,-,-,-,Un,-,upper zone of growth plate and cartilage matrix associated,protein-coding,-,-,-,unique cartilage matrix-associated protein,20210420,-
130825,121148135,MANSC1,-,-,-,Un,-,MANSC domain containing 1,protein-coding,-,-,-,MANSC domain-containing protein 1,20210420,-
130825,121148136,SFMBT2,-,-,-,Un,-,Scm like with four mbt domains 2,protein-coding,-,-,-,scm-like with four MBT domains protein 2,20210420,-
130825,121148137,LOC121148137,-,-,-,Un,-,uncharacterized LOC121148137,ncRNA,-,-,-,-,20210420,-
130825,121148138,SEC61A2,-,-,-,Un,-,SEC61 translocon subunit alpha 2,protein-coding,-,-,-,protein transport protein Sec61 subunit alpha,20210515,-
130825,121148139,CDC123,-,-,-,Un,-,cell division cycle 123,protein-coding,-,-,-,cell division cycle protein 123 homolog,20210420,-
130825,121148140,NUDT5,-,-,-,Un,-,nudix hydrolase 5,protein-coding,-,-,-,ADP-sugar pyrophosphatase,20210420,-
130825,121148141,HEATR1,-,-,-,Un,-,HEAT repeat containing 1,protein-coding,-,-,-,HEAT repeat-containing protein 1,20210420,-
130825,121148142,LGALS8,-,-,-,Un,-,galectin 8,protein-coding,-,-,-,galectin-8,20210420,-
130825,121148143,GPRC5A,-,-,-,Un,-,G protein-coupled receptor class C group 5 member A,protein-coding,-,-,-,retinoic acid-induced protein 3,20210420,-
130825,121148144,AHCTF1,-,-,-,Un,-,AT-hook containing transcription factor 1,protein-coding,-,-,-,protein ELYS,20210420,-
130825,121148145,DNAJC1,-,-,-,Un,-,DnaJ heat shock protein family (Hsp40) member C1,protein-coding,-,-,-,dnaJ homolog subfamily C member 1,20210420,-
130825,121148146,LOC121148146,-,-,-,Un,-,uncharacterized LOC121148146,ncRNA,-,-,-,-,20210420,-
130825,121148147,LOC121148147,-,-,-,Un,-,small nuclear ribonucleoprotein G-like,protein-coding,-,-,-,small nuclear ribonucleoprotein G-like,20210420,-
130825,121148148,GREM2,-,-,-,Un,-,"gremlin 2, DAN family BMP antagonist",protein-coding,-,-,-,gremlin-2,20210420,-
130825,121148149,KIN,-,-,-,Un,-,Kin17 DNA and RNA binding protein,protein-coding,-,-,-,DNA/RNA-binding protein KIN17,20210420,-
130825,121148150,ATP5F1C,-,-,-,Un,-,ATP synthase F1 subunit gamma,protein-coding,-,-,-,"ATP synthase subunit gamma, mitochondrial",20210420,-
130825,121148151,LOC121148151,-,-,-,Un,-,uncharacterized LOC121148151,ncRNA,-,-,-,-,20210420,-
130825,121148152,GPRC5D,-,-,-,Un,-,G protein-coupled receptor class C group 5 member D,protein-coding,-,-,-,G-protein coupled receptor family C group 5 member D,20210420,-
130825,121148153,UCN3,-,-,-,Un,-,urocortin 3,protein-coding,-,-,-,urocortin-3,20210420,-
130825,121148154,PTER,-,-,-,Un,-,phosphotriesterase related,protein-coding,-,-,-,phosphotriesterase-related protein,20210420,-
130825,121148155,C1QL3,-,-,-,Un,-,complement C1q like 3,protein-coding,-,-,-,complement C1q-like protein 3,20210501,-
130825,121148156,MIXL1,-,-,-,Un,-,Mix paired-like homeobox,protein-coding,-,-,-,homeobox protein MIXL1,20210420,-
130825,121148157,TBCE,-,-,-,Un,-,tubulin folding cofactor E,protein-coding,-,-,-,tubulin-specific chaperone E,20210420,-
130825,121148158,GSG1,-,-,-,Un,-,germ cell associated 1,protein-coding,-,-,-,germ cell-specific gene 1 protein,20210420,-
130825,121148159,B3GALNT2,-,-,-,Un,-,"beta-1,3-N-acetylgalactosaminyltransferase 2",protein-coding,-,-,-,"UDP-GalNAc:beta-1,3-N-acetylgalactosaminyltransferase 2",20210420,-
130825,121148160,VIM,-,-,-,Un,-,vimentin,protein-coding,-,-,-,vimentin,20210420,-
130825,121148161,LBR,-,-,-,Un,-,lamin B receptor,protein-coding,-,-,-,delta(14)-sterol reductase LBR,20210420,-
130825,121148162,TMEM63A,-,-,-,Un,-,transmembrane protein 63A,protein-coding,-,-,-,CSC1-like protein 1,20210420,-
130825,121148163,EPHX1,-,-,-,Un,-,epoxide hydrolase 1,protein-coding,-,-,-,epoxide hydrolase 1,20210420,-
130825,121148164,GRIN2B,-,-,-,Un,-,glutamate ionotropic receptor NMDA type subunit 2B,protein-coding,-,-,-,"glutamate receptor ionotropic, NMDA 2B",20210420,-
130825,121148165,PIP4K2A,-,-,-,Un,-,phosphatidylinositol-5-phosphate 4-kinase type 2 alpha,protein-coding,-,-,-,phosphatidylinositol 5-phosphate 4-kinase type-2 alpha,20210420,-
130825,121148166,LOC121148166,-,-,-,Un,-,histone H3.3A,protein-coding,-,-,-,histone H3.3A,20210424,-
130825,121148167,USP6NL,-,-,-,Un,-,USP6 N-terminal like,protein-coding,-,-,-,USP6 N-terminal-like protein,20210420,-
130825,121148168,LOC121148168,-,-,-,Un,-,histone H4,protein-coding,-,-,-,histone H4,20210424,-
130825,121148169,CNST,-,-,-,Un,-,"consortin, connexin sorting protein",protein-coding,-,-,-,consortin,20210420,-
130825,121148170,CUBN,-,-,-,Un,-,cubilin,protein-coding,-,-,-,cubilin,20210420,-
130825,121148171,FBH1,-,-,-,Un,-,F-box DNA helicase 1,protein-coding,-,-,-,F-box DNA helicase 1,20210420,-
130825,121148172,IL2RA,-,-,-,Un,-,interleukin 2 receptor subunit alpha,protein-coding,-,-,-,interleukin-2 receptor subunit alpha,20210420,-
130825,121148173,LOC121148173,-,-,-,Un,-,"ATP synthase subunit g, mitochondrial-like",pseudo,-,-,-,-,20210420,-
130825,121148174,LOC121148174,-,-,-,Un,-,matrix Gla protein,protein-coding,-,-,-,matrix Gla protein,20210420,-
130825,121148175,LOC121148175,-,-,-,Un,-,tumor necrosis factor ligand superfamily member 11-like,pseudo,-,-,-,-,20210420,-
130825,121148176,ZP4,-,-,-,Un,-,zona pellucida glycoprotein 4,protein-coding,-,-,-,zona pellucida sperm-binding protein 4,20210420,-
130825,121148177,KLF6,-,-,-,Un,-,Kruppel like factor 6,protein-coding,-,-,-,Krueppel-like factor 6,20210420,-
130825,121148178,LOC121148178,-,-,-,Un,-,RWD domain-containing protein 1-like,pseudo,-,-,-,-,20210420,-
130825,121148179,LOC121148179,-,-,-,Un,-,mitochondrial import inner membrane translocase subunit TIM16-like,pseudo,-,-,-,-,20210420,-
130825,121148180,LOC121148180,-,-,-,Un,-,adiponectin receptor protein 1-like,pseudo,-,-,-,-,20210420,-
130825,121148181,LOC121148181,-,-,-,Un,-,uncharacterized LOC121148181,ncRNA,-,-,-,-,20210420,-
130825,121148182,LOC121148182,-,-,-,Un,-,transcription factor BTF3-like,pseudo,-,-,-,-,20210420,-
130825,121148183,LOC121148183,-,-,-,Un,-,uncharacterized LOC121148183,protein-coding,-,-,-,uncharacterized protein LOC121148183,20210420,-
130825,121148184,LMO3,-,-,-,Un,-,LIM domain only 3,protein-coding,-,-,-,LIM domain only protein 3,20210424,-
130825,121148185,LOC121148185,-,-,-,Un,-,mitochondrial import inner membrane translocase subunit Tim10-like,pseudo,-,-,-,-,20210420,-
130825,121148186,LOC121148186,-,-,-,Un,-,trifunctional purine biosynthetic protein adenosine-3-like,pseudo,-,-,-,-,20210420,-
130825,121148187,LOC121148187,-,-,-,Un,-,apoptosis regulatory protein Siva-like,protein-coding,-,-,-,apoptosis regulatory protein Siva-like,20210420,-
130825,121148188,LOC121148188,-,-,-,Un,-,40S ribosomal protein S3a-like,pseudo,-,-,-,-,20210420,-
130825,121148189,LOC121148189,-,-,-,Un,-,60S ribosomal protein L9-like,pseudo,-,-,-,-,20210420,-
130825,121148190,DNAH14,-,-,-,Un,-,dynein axonemal heavy chain 14,protein-coding,-,-,-,"dynein heavy chain 14, axonemal",20210420,-
130825,121148191,ENAH,-,-,-,Un,-,ENAH actin regulator,protein-coding,-,-,-,protein enabled homolog,20210420,-
130825,121148192,LOC121148192,-,-,-,Un,-,left-right determination factor 2-like,protein-coding,-,-,-,left-right determination factor 2-like,20210420,-
130825,121148193,LOC121148193,-,-,-,Un,-,ankyrin repeat domain-containing protein 7-like,protein-coding,-,-,-,ankyrin repeat domain-containing protein 7-like,20210420,-
130825,121148194,LOC121148194,-,-,-,Un,-,male-specific lethal 3 homolog,protein-coding,-,-,-,male-specific lethal 3 homolog,20210420,-
130825,121148195,LOC121148195,-,-,-,Un,-,60S ribosomal protein L23a-like,pseudo,-,-,-,-,20210420,-
130825,121148196,MALRD1,-,-,-,Un,-,MAM and LDL receptor class A domain containing 1,protein-coding,-,-,-,MAM and LDL-receptor class A domain-containing protein 1,20210420,-
130825,121148197,LOC121148197,-,-,-,Un,-,voltage-dependent anion-selective channel protein 1-like,pseudo,-,-,-,-,20210420,-
130825,121148198,LOC121148198,-,-,-,Un,-,60S ribosomal protein L39-like,pseudo,-,-,-,-,20210420,-
130825,121148199,LOC121148199,-,-,-,Un,-,tropomyosin alpha-3 chain-like,pseudo,-,-,-,-,20210420,-
130825,121148200,ADARB2,-,-,-,Un,-,adenosine deaminase RNA specific B2 (inactive),protein-coding,-,-,-,double-stranded RNA-specific editase B2,20210420,-
130825,121148201,LOC121148201,-,-,-,Un,-,glyceraldehyde-3-phosphate dehydrogenase-like,pseudo,-,-,-,-,20210420,-
130825,121148202,RERGL,-,-,-,Un,-,RERG like,protein-coding,-,-,-,ras-related and estrogen-regulated growth inhibitor-like protein,20210420,-
130825,121148203,LOC121148203,-,-,-,Un,-,uncharacterized LOC121148203,protein-coding,-,-,-,LOW QUALITY PROTEIN: uncharacterized protein LOC121148203,20210420,-
130825,121148204,TUBAL3,-,-,-,Un,-,tubulin alpha like 3,protein-coding,-,-,-,tubulin alpha chain-like 3,20210420,-
130825,121148205,LOC121148205,-,-,-,Un,-,40S ribosomal protein S28-like,protein-coding,-,-,-,40S ribosomal protein S28-like,20210420,-
130825,121148206,ANKRD16,-,-,-,Un,-,ankyrin repeat domain 16,protein-coding,-,-,-,LOW QUALITY PROTEIN: ankyrin repeat domain-containing protein 16,20210420,-
130825,121148207,IL15RA,-,-,-,Un,-,interleukin 15 receptor subunit alpha,protein-coding,-,-,-,interleukin-15 receptor subunit alpha,20210420,-
130825,121148208,LOC121148208,-,-,-,Un,-,"39S ribosomal protein L3, mitochondrial-like",pseudo,-,-,-,-,20210420,-
130825,121148209,ITIH5,-,-,-,Un,-,inter-alpha-trypsin inhibitor heavy chain 5,protein-coding,-,-,-,inter-alpha-trypsin inhibitor heavy chain H5,20210420,-
130825,121148210,LOC121148210,-,-,-,Un,-,voltage-dependent anion-selective channel protein 2-like,pseudo,-,-,-,-,20210420,-
130825,121148211,LOC121148211,-,-,-,Un,-,40S ribosomal protein S17-like,protein-coding,-,-,-,40S ribosomal protein S17-like,20210420,-
130825,121148212,LOC121148212,-,-,-,Un,-,glyceraldehyde-3-phosphate dehydrogenase-like,pseudo,-,-,-,-,20210420,-
130825,121148213,PIK3C2G,-,-,-,Un,-,phosphatidylinositol-4-phosphate 3-kinase catalytic subunit type 2 gamma,protein-coding,-,-,-,phosphatidylinositol 4-phosphate 3-kinase C2 domain-containing subunit gamma,20210420,-
130825,121148214,ECHDC3,-,-,-,Un,-,enoyl-CoA hydratase domain containing 3,protein-coding,-,-,-,"enoyl-CoA hydratase domain-containing protein 3, mitochondrial",20210420,-
130825,121148215,LOC121148215,-,-,-,Un,-,uncharacterized LOC121148215,protein-coding,-,-,-,uncharacterized protein LOC121148215,20210420,-
130825,121148216,BEND7,-,-,-,Un,-,BEN domain containing 7,protein-coding,-,-,-,BEN domain-containing protein 7,20210420,-
130825,121148217,WDR37,-,-,-,Un,-,WD repeat domain 37,protein-coding,-,-,-,WD repeat-containing protein 37,20210420,-
130825,121148218,LOC121148218,-,-,-,Un,-,kinesin-like protein KIF28P,protein-coding,-,-,-,kinesin-like protein KIF28P,20210420,-
130825,121148219,BECN2,-,-,-,Un,-,beclin 2,protein-coding,-,-,-,beclin-2,20210420,-
130825,121148220,LOC121148220,-,-,-,Un,-,transcription factor BTF3-like,pseudo,-,-,-,-,20210420,-
130825,121148221,LOC121148221,-,-,-,Un,-,RNA-binding protein 39-like,pseudo,-,-,-,-,20210420,-
130825,121148222,LOC121148222,-,-,-,Un,-,mediator of RNA polymerase II transcription subunit 28-like,pseudo,-,-,-,-,20210420,-
130825,121148223,LOC121148223,-,-,-,Un,-,V-type proton ATPase subunit S1-like,protein-coding,-,-,-,V-type proton ATPase subunit S1-like,20210420,-
130825,121148224,MAP3K21,-,-,-,Un,-,mitogen-activated protein kinase kinase kinase 21,protein-coding,-,-,-,mitogen-activated protein kinase kinase kinase 21,20210420,-
130825,121148225,LOC121148225,-,-,-,Un,-,uncharacterized LOC121148225,ncRNA,-,-,-,-,20210420,-
130825,121148226,PLCZ1,-,-,-,Un,-,phospholipase C zeta 1,protein-coding,-,-,-,"1-phosphatidylinositol 4,5-bisphosphate phosphodiesterase zeta-1",20210420,-
130825,121148227,DISC1,-,-,-,Un,-,DISC1 scaffold protein,protein-coding,-,-,-,disrupted in schizophrenia 1 protein,20210420,-
130825,121148228,LOC121148228,-,-,-,Un,-,ankyrin repeat domain-containing protein 20B-like,protein-coding,-,-,-,ankyrin repeat domain-containing protein 20B-like,20210420,-
130825,121148229,LOC121148229,-,-,-,Un,-,pre-mRNA-processing factor 40 homolog A-like,pseudo,-,-,-,-,20210420,-
130825,121148230,LOC121148230,-,-,-,Un,-,60S ribosomal protein L5-like,pseudo,-,-,-,-,20210420,-
130825,121148231,ADSS2,-,-,-,Un,-,adenylosuccinate synthase 2,protein-coding,-,-,-,adenylosuccinate synthetase isozyme 2,20210420,-
130825,121148232,LOC121148232,-,-,-,Un,-,mitotic spindle assembly checkpoint protein MAD2A-like,pseudo,-,-,-,-,20210420,-
130825,121148233,MINDY3,-,-,-,Un,-,MINDY lysine 48 deubiquitinase 3,protein-coding,-,-,-,ubiquitin carboxyl-terminal hydrolase MINDY-3,20210529,-
130825,121148234,PSEN2,-,-,-,Un,-,presenilin 2,protein-coding,-,-,-,presenilin-2,20210420,-
130825,121148235,NET1,-,-,-,Un,-,neuroepithelial cell transforming 1,protein-coding,-,-,-,neuroepithelial cell-transforming gene 1 protein,20210420,-
130825,121148236,LOC121148236,-,-,-,Un,-,small nucleolar RNA SNORA28,snoRNA,-,-,-,-,20210420,-
130825,121148237,LOC121148237,-,-,-,Un,-,small nucleolar RNA SNORA2/SNORA34 family,snoRNA,-,-,-,-,20210420,-
130825,121148238,LOC121148238,-,-,-,Un,-,small nucleolar RNA SNORA33,snoRNA,-,-,-,-,20210420,-
130825,121148239,LOC121148239,-,-,-,Un,-,small nucleolar RNA U13,snoRNA,-,-,-,-,20210420,-
130825,121148240,CAPZA3,-,-,-,Un,-,capping actin protein of muscle Z-line subunit alpha 3,protein-coding,-,-,-,F-actin-capping protein subunit alpha-3,20210420,-
130825,121148241,LOC121148241,-,-,-,Un,-,small nucleolar RNA U13,snoRNA,-,-,-,-,20210420,-
130825,121148242,LOC121148242,-,-,-,Un,-,small nucleolar RNA ACA64,snoRNA,-,-,-,-,20210420,-
130825,121148243,LOC121148243,-,-,-,Un,-,small nucleolar RNA ACA64,pseudo,-,-,-,-,20210420,-
130825,121148244,LOC121148244,-,-,-,Un,-,18S ribosomal RNA,rRNA,-,-,-,-,20210420,-
130825,121148245,LOC121148245,-,-,-,Un,-,28S ribosomal RNA,pseudo,-,-,-,-,20210420,-
130825,121148246,LOC121148246,-,-,-,Un,-,5.8S ribosomal RNA,rRNA,-,-,-,-,20210420,-
130825,121148247,LOC121148247,-,-,-,Un,-,U1 spliceosomal RNA,snRNA,-,-,-,-,20210420,-
130825,121148248,LOC121148248,-,-,-,Un,-,U1 spliceosomal RNA,snRNA,-,-,-,-,20210420,-
130825,121148249,LOC121148249,-,-,-,Un,-,U1 spliceosomal RNA,pseudo,-,-,-,-,20210420,-
130825,121148250,LOC121148250,-,-,-,Un,-,U2 spliceosomal RNA,pseudo,-,-,-,-,20210420,-
130825,121148251,LOC121148251,-,-,-,Un,-,U2 spliceosomal RNA,pseudo,-,-,-,-,20210420,-
130825,121148252,LOC121148252,-,-,-,Un,-,U2 spliceosomal RNA,snRNA,-,-,-,-,20210420,-
130825,121148253,LOC121148253,-,-,-,Un,-,U2 spliceosomal RNA,pseudo,-,-,-,-,20210420,-
130825,121148254,LOC121148254,-,-,-,Un,-,U2 spliceosomal RNA,pseudo,-,-,-,-,20210420,-
130825,121148255,LOC121148255,-,-,-,Un,-,U2 spliceosomal RNA,pseudo,-,-,-,-,20210420,-
130825,121148256,SLCO1C1,-,-,-,Un,-,solute carrier organic anion transporter family member 1C1,protein-coding,-,-,-,solute carrier organic anion transporter family member 1C1,20210420,-
130825,121148257,LOC121148257,-,-,-,Un,-,U4 spliceosomal RNA,pseudo,-,-,-,-,20210420,-
130825,121148258,LOC121148258,-,-,-,Un,-,U6 spliceosomal RNA,snRNA,-,-,-,-,20210420,-
130825,121148259,LOC121148259,-,-,-,Un,-,U6 spliceosomal RNA,snRNA,-,-,-,-,20210420,-
130825,121148260,LOC121148260,-,-,-,Un,-,U6 spliceosomal RNA,snRNA,-,-,-,-,20210420,-
130825,121148261,LOC121148261,-,-,-,Un,-,U6 spliceosomal RNA,snRNA,-,-,-,-,20210420,-
130825,121148262,LOC121148262,-,-,-,Un,-,U6 spliceosomal RNA,snRNA,-,-,-,-,20210420,-
130825,121148263,LOC121148263,-,-,-,Un,-,U6 spliceosomal RNA,snRNA,-,-,-,-,20210420,-
130825,121148264,LOC121148264,-,-,-,Un,-,U6 spliceosomal RNA,snRNA,-,-,-,-,20210420,-
130825,121148265,LOC121148265,-,-,-,Un,-,U6 spliceosomal RNA,pseudo,-,-,-,-,20210420,-
130825,121148266,LOC121148266,-,-,-,Un,-,U6 spliceosomal RNA,snRNA,-,-,-,-,20210420,-
130825,121148267,LOC121148267,-,-,-,Un,-,U6 spliceosomal RNA,pseudo,-,-,-,-,20210420,-
130825,121148268,LOC121148268,-,-,-,Un,-,U6 spliceosomal RNA,pseudo,-,-,-,-,20210420,-
130825,121148269,LOC121148269,-,-,-,Un,-,U6 spliceosomal RNA,pseudo,-,-,-,-,20210420,-
130825,121148270,LOC121148270,-,-,-,Un,-,U6 spliceosomal RNA,snRNA,-,-,-,-,20210420,-
130825,121148271,LOC121148271,-,-,-,Un,-,U6 spliceosomal RNA,pseudo,-,-,-,-,20210420,-
130825,121148272,LOC121148272,-,-,-,Un,-,U6 spliceosomal RNA,pseudo,-,-,-,-,20210420,-
130825,121148273,LOC121148273,-,-,-,Un,-,U6 spliceosomal RNA,pseudo,-,-,-,-,20210420,-
130825,121148274,LOC121148274,-,-,-,Un,-,U6 spliceosomal RNA,pseudo,-,-,-,-,20210420,-
130825,121148275,LOC121148275,-,-,-,Un,-,U6 spliceosomal RNA,snRNA,-,-,-,-,20210420,-
130825,121148276,LOC121148276,-,-,-,Un,-,U6 spliceosomal RNA,pseudo,-,-,-,-,20210420,-
130825,121148277,LOC121148277,-,-,-,Un,-,U6 spliceosomal RNA,pseudo,-,-,-,-,20210420,-
130825,121148278,LOC121148278,-,-,-,Un,-,U6 spliceosomal RNA,pseudo,-,-,-,-,20210420,-
130825,121148279,LOC121148279,-,-,-,Un,-,U6 spliceosomal RNA,pseudo,-,-,-,-,20210420,-
130825,121148280,LOC121148280,-,-,-,Un,-,small nucleolar RNA SNORD113/SNORD114 family,snoRNA,-,-,-,-,20210420,-
130825,121148281,LOC121148281,-,-,-,Un,-,small nucleolar RNA SNORA14,snoRNA,-,-,-,-,20210420,-
130825,121148282,TRNAN-GUU,-,-,-,Un,-,transfer RNA asparagine (anticodon GUU),tRNA,-,-,-,-,20210420,-
130825,121148283,IREB2,-,-,-,Un,-,iron responsive element binding protein 2,protein-coding,-,-,-,iron-responsive element-binding protein 2,20210420,-
130825,121148284,RPGRIP1,-,-,-,Un,-,RPGR interacting protein 1,protein-coding,-,-,-,LOW QUALITY PROTEIN: X-linked retinitis pigmentosa GTPase regulator-interacting protein 1,20210420,-
130825,121148285,SUPT16H,-,-,-,Un,-,"SPT16 homolog, facilitates chromatin remodeling subunit",protein-coding,-,-,-,FACT complex subunit SPT16,20210420,-
130825,121148286,VPS39,-,-,-,Un,-,VPS39 subunit of HOPS complex,protein-coding,-,-,-,vam6/Vps39-like protein,20210420,-
130825,121148287,ULK3,-,-,-,Un,-,unc-51 like kinase 3,protein-coding,-,-,-,serine/threonine-protein kinase ULK3,20210420,-
130825,121148288,EDC3,-,-,-,Un,-,enhancer of mRNA decapping 3,protein-coding,-,-,-,enhancer of mRNA-decapping protein 3,20210420,-
130825,121148289,PPIC,-,-,-,Un,-,peptidylprolyl isomerase C,protein-coding,-,-,-,peptidyl-prolyl cis-trans isomerase C,20210420,-
130825,121148290,LOC121148290,-,-,-,Un,-,cytochrome P450 1A2,protein-coding,-,-,-,cytochrome P450 1A2,20210420,-
130825,121148291,CLK3,-,-,-,Un,-,CDC like kinase 3,protein-coding,-,-,-,dual specificity protein kinase CLK3,20210420,-
130825,121148292,LOC121148292,-,-,-,Un,-,cytochrome P450 1A1-like,protein-coding,-,-,-,cytochrome P450 1A1-like,20210420,-
130825,121148293,SLCO1A2,-,-,-,Un,-,solute carrier organic anion transporter family member 1A2,protein-coding,-,-,-,solute carrier organic anion transporter family member 1A2,20210420,-
130825,121148294,LOC121148294,-,-,-,Un,-,cytochrome P450 1A2-like,protein-coding,-,-,-,cytochrome P450 1A2-like,20210420,-
130825,121148295,CSK,-,-,-,Un,-,C-terminal Src kinase,protein-coding,-,-,-,tyrosine-protein kinase CSK,20210420,-
130825,121148296,MPI,-,-,-,Un,-,mannose phosphate isomerase,protein-coding,-,-,-,mannose-6-phosphate isomerase,20210420,-
130825,121148297,SCAMP2,-,-,-,Un,-,secretory carrier membrane protein 2,protein-coding,-,-,-,secretory carrier-associated membrane protein 2,20210420,-
130825,121148298,LOC121148298,-,-,-,Un,-,cAMP-dependent protein kinase type I-alpha regulatory subunit-like,pseudo,-,-,-,-,20210420,-
130825,121148299,LOC121148299,-,-,-,Un,-,60S ribosomal protein L7-like,pseudo,-,-,-,-,20210420,-
130825,121148300,RPP25,-,-,-,Un,-,ribonuclease P and MRP subunit p25,protein-coding,-,-,-,ribonuclease P protein subunit p25,20210420,-
130825,121148301,FAM219B,-,-,-,Un,-,family with sequence similarity 219 member B,protein-coding,-,-,-,protein FAM219B,20210420,-
130825,121148302,GYS2,-,-,-,Un,-,glycogen synthase 2,protein-coding,-,-,-,"glycogen [starch] synthase, liver",20210420,-
130825,121148303,CPLX3,-,-,-,Un,-,complexin 3,protein-coding,-,-,-,complexin-3,20210420,-
130825,121148304,LOC121148304,-,-,-,Un,-,"cytochrome c oxidase subunit 5A, mitochondrial",protein-coding,-,-,-,"cytochrome c oxidase subunit 5A, mitochondrial",20210420,-
130825,121148305,LOC121148305,-,-,-,Un,-,uncharacterized LOC121148305,ncRNA,-,-,-,-,20210420,-
130825,121148306,CHSY1,-,-,-,Un,-,chondroitin sulfate synthase 1,protein-coding,-,-,-,chondroitin sulfate synthase 1,20210420,-
130825,121148307,FBXO33,-,-,-,Un,-,F-box protein 33,protein-coding,-,-,-,F-box only protein 33,20210420,-
130825,121148308,SNX6,-,-,-,Un,-,sorting nexin 6,protein-coding,-,-,-,sorting nexin-6,20210420,-
130825,121148309,TTBK2,-,-,-,Un,-,tau tubulin kinase 2,protein-coding,-,-,-,tau-tubulin kinase 2,20210420,-
130825,121148310,DDHD1,-,-,-,Un,-,DDHD domain containing 1,protein-coding,-,-,-,phospholipase DDHD1,20210420,-
130825,121148311,KCNJ8,-,-,-,Un,-,potassium inwardly rectifying channel subfamily J member 8,protein-coding,-,-,-,ATP-sensitive inward rectifier potassium channel 8,20210420,-
130825,121148312,LOC121148312,-,-,-,Un,-,60S ribosomal protein L9-like,pseudo,-,-,-,-,20210420,-
130825,121148313,RNASE10,-,-,-,Un,-,ribonuclease A family member 10 (inactive),protein-coding,-,-,-,inactive ribonuclease-like protein 10,20210420,-
130825,121148314,RNF31,-,-,-,Un,-,ring finger protein 31,protein-coding,-,-,-,E3 ubiquitin-protein ligase RNF31,20210420,-
130825,121148315,IRF9,-,-,-,Un,-,interferon regulatory factor 9,protein-coding,-,-,-,interferon regulatory factor 9,20210420,-
130825,121148316,ABCC9,-,-,-,Un,-,ATP binding cassette subfamily C member 9,protein-coding,-,-,-,ATP-binding cassette sub-family C member 9,20210420,-
130825,121148317,LOC121148317,-,-,-,Un,-,60S ribosomal protein L35a-like,pseudo,-,-,-,-,20210420,-
130825,121148318,LOC121148318,-,-,-,Un,-,non-histone chromosomal protein HMG-14-like,pseudo,-,-,-,-,20210420,-
130825,121148319,NYNRIN,-,-,-,Un,-,NYN domain and retroviral integrase containing,protein-coding,-,-,-,protein NYNRIN,20210420,-
130825,121148320,TSSK4,-,-,-,Un,-,testis specific serine kinase 4,protein-coding,-,-,-,testis-specific serine/threonine-protein kinase 4,20210420,-
130825,121148321,LOC121148321,-,-,-,Un,-,"dehydrogenase/reductase SDR family member 2, mitochondrial-like",protein-coding,-,-,-,"dehydrogenase/reductase SDR family member 2, mitochondrial-like",20210420,-
130825,121148322,IL25,-,-,-,Un,-,interleukin 25,protein-coding,-,-,-,interleukin-25,20210420,-
130825,121148323,LMLN2,-,-,-,Un,-,leishmanolysin like peptidase 2,protein-coding,-,-,-,leishmanolysin-like peptidase 2,20210420,-
130825,121148324,PSMB11,-,-,-,Un,-,proteasome subunit beta 11,protein-coding,-,-,-,proteasome subunit beta type-11,20210420,-
130825,121148325,LOC121148325,-,-,-,Un,-,protein lin-28 homolog A-like,pseudo,-,-,-,-,20210420,-
130825,121148326,LOC121148326,-,-,-,Un,-,olfactory receptor 49,protein-coding,-,-,-,LOW QUALITY PROTEIN: olfactory receptor 49,20210420,-
130825,121148327,LOC121148327,-,-,-,Un,-,T cell receptor alpha variable 24-like,other,-,-,-,-,20210420,-
130825,121148328,LOC121148328,-,-,-,Un,-,T cell receptor delta variable 1-like,other,-,-,-,-,20210420,-
130825,121148329,LOC121148329,-,-,-,Un,-,T cell receptor alpha variable 23/delta variable 6-like,other,-,-,-,-,20210420,-
130825,121148330,LOC121148330,-,-,-,Un,-,T cell receptor alpha variable 18-like,other,-,-,-,-,20210420,-
130825,121148331,LOC121148331,-,-,-,Un,-,T cell receptor alpha variable 14/delta variable 4-like,other,-,-,-,-,20210420,-
130825,121148332,LOC121148332,-,-,-,Un,-,T cell receptor alpha variable 22-like,other,-,-,-,-,20210420,-
130825,121148333,LOC121148333,-,-,-,Un,-,T cell receptor alpha variable 22-like,other,-,-,-,-,20210420,-
130825,121148334,LOC121148334,-,-,-,Un,-,uncharacterized LOC121148334,protein-coding,-,-,-,uncharacterized protein LOC121148334,20210420,-
130825,121148335,LOC121148335,-,-,-,Un,-,T cell receptor alpha variable 22-like,other,-,-,-,-,20210420,-
130825,121148336,LOC121148336,-,-,-,Un,-,T cell receptor alpha variable 22-like,other,-,-,-,-,20210420,-
130825,121148337,LOC121148337,-,-,-,Un,-,T cell receptor alpha variable 22-like,other,-,-,-,-,20210420,-
130825,121148338,LOC121148338,-,-,-,Un,-,T cell receptor alpha variable 9-1-like,other,-,-,-,-,20210420,-
130825,121148339,LOC121148339,-,-,-,Un,-,T cell receptor alpha variable 22-like,other,-,-,-,-,20210420,-
130825,121148340,LOC121148340,-,-,-,Un,-,olfactory receptor 1509,protein-coding,-,-,-,olfactory receptor 1509,20210420,-
130825,121148341,LOC121148341,-,-,-,Un,-,olfactory receptor 10G3,protein-coding,-,-,-,olfactory receptor 10G3,20210420,-
130825,121148342,LOC121148342,-,-,-,Un,-,olfactory receptor 5AU1,protein-coding,-,-,-,LOW QUALITY PROTEIN: olfactory receptor 5AU1,20210420,-
130825,121148343,ARHGEF40,-,-,-,Un,-,Rho guanine nucleotide exchange factor 40,protein-coding,-,-,-,rho guanine nucleotide exchange factor 40,20210420,-
130825,121148344,LOC121148344,-,-,-,Un,-,epididymal secretory protein E3-beta-like,protein-coding,-,-,-,epididymal secretory protein E3-beta-like,20210420,-
130825,121148345,LOC121148345,-,-,-,Un,-,olfactory receptor 6S1,protein-coding,-,-,-,olfactory receptor 6S1,20210420,-
130825,121148346,RNASE9,-,-,-,Un,-,ribonuclease A family member 9 (inactive),protein-coding,-,-,-,inactive ribonuclease-like protein 9,20210420,-
130825,121148347,LOC121148347,-,-,-,Un,-,olfactory receptor 11H6,protein-coding,-,-,-,olfactory receptor 11H6,20210420,-
130825,121148348,LOC121148348,-,-,-,Un,-,olfactory receptor 11H4-like,protein-coding,-,-,-,olfactory receptor 11H4-like,20210420,-
130825,121148349,LOC121148349,-,-,-,Un,-,olfactory receptor 11H6-like,protein-coding,-,-,-,olfactory receptor 11H6-like,20210420,-
130825,121148350,LOC121148350,-,-,-,Un,-,olfactory receptor 11H6-like,protein-coding,-,-,-,olfactory receptor 11H6-like,20210420,-
130825,121148351,LOC121148351,-,-,-,Un,-,olfactory receptor 11H6-like,protein-coding,-,-,-,olfactory receptor 11H6-like,20210420,-
130825,121148352,LOC121148352,-,-,-,Un,-,olfactory receptor 11G2-like,protein-coding,-,-,-,olfactory receptor 11G2-like,20210420,-
130825,121148353,LOC121148353,-,-,-,Un,-,olfactory receptor 11H6-like,protein-coding,-,-,-,olfactory receptor 11H6-like,20210420,-
130825,121148354,LOC121148354,-,-,-,Un,-,olfactory receptor 11H12-like,protein-coding,-,-,-,olfactory receptor 11H12-like,20210420,-
130825,121148355,LOC121148355,-,-,-,Un,-,olfactory receptor 4K2-like,protein-coding,-,-,-,olfactory receptor 4K2-like,20210420,-
130825,121148356,LOC121148356,-,-,-,Un,-,olfactory receptor 4K2,protein-coding,-,-,-,olfactory receptor 4K2,20210420,-
130825,121148357,LOC121148357,-,-,-,Un,-,olfactory receptor 4K15-like,protein-coding,-,-,-,olfactory receptor 4K15-like,20210420,-
130825,121148358,LOC121148358,-,-,-,Un,-,olfactory receptor 4K14,protein-coding,-,-,-,olfactory receptor 4K14,20210420,-
130825,121148359,LOC121148359,-,-,-,Un,-,olfactory receptor 4N5-like,protein-coding,-,-,-,olfactory receptor 4N5-like,20210420,-
130825,121148360,LOC121148360,-,-,-,Un,-,olfactory receptor 4K13-like,protein-coding,-,-,-,olfactory receptor 4K13-like,20210420,-
130825,121148361,LOC121148361,-,-,-,Un,-,olfactory receptor 4K14-like,protein-coding,-,-,-,olfactory receptor 4K14-like,20210420,-
130825,121148362,LOC121148362,-,-,-,Un,-,olfactory receptor 4K3-like,protein-coding,-,-,-,olfactory receptor 4K3-like,20210420,-
130825,121148363,LOC121148363,-,-,-,Un,-,olfactory receptor 4F15-like,pseudo,-,-,-,-,20210420,-
130825,121148364,LOC121148364,-,-,-,Un,-,olfactory receptor 4F4-like,protein-coding,-,-,-,olfactory receptor 4F4-like,20210420,-
130825,121148365,LOC121148365,-,-,-,Un,-,olfactory receptor 4F21-like,protein-coding,-,-,-,olfactory receptor 4F21-like,20210420,-
130825,121148366,LOC121148366,-,-,-,Un,-,uncharacterized LOC121148366,ncRNA,-,-,-,-,20210420,-
130825,121148367,LOC121148367,-,-,-,Un,-,olfactory receptor 4F4-like,protein-coding,-,-,-,olfactory receptor 4F4-like,20210420,-
130825,121148368,LOC121148368,-,-,-,Un,-,olfactory receptor 4F21-like,protein-coding,-,-,-,olfactory receptor 4F21-like,20210420,-
130825,121148369,LOC121148369,-,-,-,Un,-,olfactory receptor 4F4-like,protein-coding,-,-,-,olfactory receptor 4F4-like,20210420,-
130825,121148370,LOC121148370,-,-,-,Un,-,olfactory receptor 4F3/4F16/4F29-like,protein-coding,-,-,-,LOW QUALITY PROTEIN: olfactory receptor 4F3/4F16/4F29-like,20210420,-
130825,121148371,LOC121148371,-,-,-,Un,-,olfactory receptor 4F3/4F16/4F29-like,protein-coding,-,-,-,olfactory receptor 4F3/4F16/4F29-like,20210420,-
130825,121148372,LOC121148372,-,-,-,Un,-,olfactory receptor 4F6-like,protein-coding,-,-,-,olfactory receptor 4F6-like,20210420,-
130825,121148373,LOC121148373,-,-,-,Un,-,olfactory receptor 4F3/4F16/4F29-like,protein-coding,-,-,-,olfactory receptor 4F3/4F16/4F29-like,20210420,-
130825,121148374,LOC121148374,-,-,-,Un,-,uncharacterized LOC121148374,ncRNA,-,-,-,-,20210420,-
130825,121148375,LOC121148375,-,-,-,Un,-,olfactory receptor 4F3/4F16/4F29-like,protein-coding,-,-,-,olfactory receptor 4F3/4F16/4F29-like,20210420,-
130825,121148376,NUTM1,-,-,-,Un,-,NUT midline carcinoma family member 1,protein-coding,-,-,-,NUT family member 1,20210420,-
130825,121148377,LOC121148377,-,-,-,Un,-,basic proline-rich protein-like,protein-coding,-,-,-,basic proline-rich protein-like,20210420,-
130825,121148378,LOC121148378,-,-,-,Un,-,60S ribosomal protein L31-like,pseudo,-,-,-,-,20210420,-
130825,121148379,LOC121148379,-,-,-,Un,-,protein LLP homolog,pseudo,-,-,-,-,20210420,-
130825,121148380,DISP2,-,-,-,Un,-,dispatched RND transporter family member 2,protein-coding,-,-,-,protein dispatched homolog 2,20210420,-
130825,121148381,LOC121148381,-,-,-,Un,-,40S ribosomal protein S27-like,protein-coding,-,-,-,40S ribosomal protein S27-like,20210420,-
130825,121148382,LOC121148382,-,-,-,Un,-,uncharacterized LOC121148382,ncRNA,-,-,-,-,20210420,-
130825,121148383,OIP5,-,-,-,Un,-,Opa interacting protein 5,protein-coding,-,-,-,protein Mis18-beta,20210420,-
130825,121148384,LOC121148384,-,-,-,Un,-,phenylalanine--tRNA ligase beta subunit-like,pseudo,-,-,-,-,20210420,-
130825,121148385,LOC121148385,-,-,-,Un,-,"spectrin beta chain, non-erythrocytic 5-like",protein-coding,-,-,-,"spectrin beta chain, non-erythrocytic 5-like",20210420,-
130825,121148386,CEP120,-,-,-,Un,-,centrosomal protein 120,protein-coding,-,-,-,centrosomal protein of 120 kDa,20210420,-
130825,121148387,PLA2G4D,-,-,-,Un,-,phospholipase A2 group IVD,protein-coding,-,-,-,cytosolic phospholipase A2 delta,20210420,-
130825,121148388,STARD9,-,-,-,Un,-,StAR related lipid transfer domain containing 9,protein-coding,-,-,-,LOW QUALITY PROTEIN: stAR-related lipid transfer protein 9,20210420,-
130825,121148389,TGM7,-,-,-,Un,-,transglutaminase 7,protein-coding,-,-,-,protein-glutamine gamma-glutamyltransferase Z,20210420,-
130825,121148390,BCAT1,-,-,-,Un,-,branched chain amino acid transaminase 1,protein-coding,-,-,-,"branched-chain-amino-acid aminotransferase, cytosolic",20210420,-
130825,121148391,LOC121148391,-,-,-,Un,-,gamma-secretase subunit PEN-2-like,pseudo,-,-,-,-,20210420,-
130825,121148392,TERB2,-,-,-,Un,-,telomere repeat binding bouquet formation protein 2,protein-coding,-,-,-,telomere repeats-binding bouquet formation protein 2,20210420,-
130825,121148393,DUOX2,-,-,-,Un,-,dual oxidase 2,protein-coding,-,-,-,dual oxidase 2,20210420,-
130825,121148394,SLC28A2,-,-,-,Un,-,solute carrier family 28 member 2,protein-coding,-,-,-,sodium/nucleoside cotransporter 2,20210420,-
130825,121148395,LOC121148395,-,-,-,Un,-,60S ribosomal protein L7a-like,pseudo,-,-,-,-,20210420,-
130825,121148396,LOC121148396,-,-,-,Un,-,DNA-directed RNA polymerase I subunit RPA12-like,pseudo,-,-,-,-,20210420,-
130825,121148397,FAM227B,-,-,-,Un,-,family with sequence similarity 227 member B,protein-coding,-,-,-,protein FAM227B,20210420,-
130825,121148398,GLDN,-,-,-,Un,-,gliomedin,protein-coding,-,-,-,gliomedin,20210420,-
130825,121148399,LOC121148399,-,-,-,Un,-,RNA polymerase-associated protein LEO1-like,protein-coding,-,-,-,RNA polymerase-associated protein LEO1-like,20210420,-
130825,121148400,BCL2L10,-,-,-,Un,-,BCL2 like 10,protein-coding,-,-,-,bcl-2-like protein 10,20210420,-
130825,121148401,LOC121148401,-,-,-,Un,-,U2 spliceosomal RNA,pseudo,-,-,-,-,20210420,-
130825,121148402,LOC121148402,-,-,-,Un,-,eukaryotic initiation factor 4A-II-like,pseudo,-,-,-,-,20210420,-
130825,121148403,PRTG,-,-,-,Un,-,protogenin,protein-coding,-,-,-,protogenin,20210420,-
130825,121148404,MNS1,-,-,-,Un,-,meiosis specific nuclear structural 1,protein-coding,-,-,-,meiosis-specific nuclear structural protein 1,20210420,-
130825,121148405,LOC121148405,-,-,-,Un,-,Y-box-binding protein 1-like,pseudo,-,-,-,-,20210420,-
130825,121148406,LOC121148406,-,-,-,Un,-,cytochrome b-c1 complex subunit 7-like,pseudo,-,-,-,-,20210420,-
130825,121148407,LOC121148407,-,-,-,Un,-,homeobox protein MSX-2-like,pseudo,-,-,-,-,20210420,-
130825,121148408,LOC121148408,-,-,-,Un,-,U6 spliceosomal RNA,snRNA,-,-,-,-,20210420,-
130825,121148409,SLC51B,-,-,-,Un,-,solute carrier family 51 subunit beta,protein-coding,-,-,-,organic solute transporter subunit beta,20210420,-
130825,121148410,IGDCC3,-,-,-,Un,-,immunoglobulin superfamily DCC subclass member 3,protein-coding,-,-,-,immunoglobulin superfamily DCC subclass member 3,20210420,-
130825,121148411,SLC24A1,-,-,-,Un,-,solute carrier family 24 member 1,protein-coding,-,-,-,sodium/potassium/calcium exchanger 1,20210420,-
130825,121148412,LOC121148412,-,-,-,Un,-,DIS3-like exonuclease 1,protein-coding,-,-,-,DIS3-like exonuclease 1,20210420,-
130825,121148413,LOC121148413,-,-,-,Un,-,DIS3-like exonuclease 1,protein-coding,-,-,-,DIS3-like exonuclease 1,20210420,-
130825,121148414,LOC121148414,-,-,-,Un,-,60S ribosomal protein L31-like,pseudo,-,-,-,-,20210420,-
130825,121148415,LOC121148415,-,-,-,Un,-,mitochondrial proton/calcium exchanger protein-like,pseudo,-,-,-,-,20210420,-
130825,121148416,LOC121148416,-,-,-,Un,-,U6 spliceosomal RNA,snRNA,-,-,-,-,20210420,-
130825,121148417,IQCH,-,-,-,Un,-,IQ motif containing H,protein-coding,-,-,-,IQ domain-containing protein H,20210420,-
130825,121148418,LOC121148418,-,-,-,Un,-,variant surface antigen E-like,protein-coding,-,-,-,variant surface antigen E-like,20210420,-
130825,121148419,LOC121148419,-,-,-,Un,-,60S acidic ribosomal protein P1-like,pseudo,-,-,-,-,20210420,-
130825,121148420,PTPN9,-,-,-,Un,-,protein tyrosine phosphatase non-receptor type 9,protein-coding,-,-,-,tyrosine-protein phosphatase non-receptor type 9,20210420,-
130825,121148421,LOC121148421,-,-,-,Un,-,ammonium transporter Rh type C-like,protein-coding,-,-,-,ammonium transporter Rh type C-like,20210420,-
130825,121148422,WDR93,-,-,-,Un,-,WD repeat domain 93,protein-coding,-,-,-,WD repeat-containing protein 93,20210420,-
130825,121148423,LOC121148423,-,-,-,Un,-,small nucleolar RNA SNORA29,snoRNA,-,-,-,-,20210420,-
130825,121148424,LOC121148424,-,-,-,Un,-,mesoderm posterior protein 2-like,protein-coding,-,-,-,mesoderm posterior protein 2-like,20210420,-
130825,121148425,LOC121148425,-,-,-,Un,-,tubulin polyglutamylase TTLL13P-like,protein-coding,-,-,-,tubulin polyglutamylase TTLL13P-like,20210420,-
130825,121148426,TBC1D2B,-,-,-,Un,-,TBC1 domain family member 2B,protein-coding,-,-,-,TBC1 domain family member 2B,20210420,-
130825,121148427,ADAMTS7,-,-,-,Un,-,ADAM metallopeptidase with thrombospondin type 1 motif 7,protein-coding,-,-,-,A disintegrin and metalloproteinase with thrombospondin motifs 7,20210420,-
130825,121148428,MINAR1,-,-,-,Un,-,membrane integral NOTCH2 associated receptor 1,protein-coding,-,-,-,major intrinsically disordered Notch2-binding receptor 1,20210420,-
130825,121148429,ADAMTSL3,-,-,-,Un,-,ADAMTS like 3,protein-coding,-,-,-,ADAMTS-like protein 3,20210420,-
130825,121148430,BNC1,-,-,-,Un,-,basonuclin 1,protein-coding,-,-,-,zinc finger protein basonuclin-1,20210420,-
130825,121148431,LOC121148431,-,-,-,Un,-,U1 spliceosomal RNA,snRNA,-,-,-,-,20210420,-
130825,121148432,SLC28A1,-,-,-,Un,-,solute carrier family 28 member 1,protein-coding,-,-,-,sodium/nucleoside cotransporter 1,20210420,-
130825,121148433,NMB,-,-,-,Un,-,neuromedin B,protein-coding,-,-,-,neuromedin-B,20210420,-
130825,121148434,ODF3L1,-,-,-,Un,-,outer dense fiber of sperm tails 3 like 1,protein-coding,-,-,-,outer dense fiber protein 3-like protein 1,20210420,-
130825,121148435,CSPG4,-,-,-,Un,-,chondroitin sulfate proteoglycan 4,protein-coding,-,-,-,chondroitin sulfate proteoglycan 4,20210420,-
130825,121148436,LOC121148436,-,-,-,Un,-,basic proline-rich protein-like,protein-coding,-,-,-,basic proline-rich protein-like,20210420,-
130825,121148437,SCAMP5,-,-,-,Un,-,secretory carrier membrane protein 5,protein-coding,-,-,-,secretory carrier-associated membrane protein 5,20210420,-
130825,121148438,LMAN1L,-,-,-,Un,-,"lectin, mannose binding 1 like",protein-coding,-,-,-,protein ERGIC-53-like,20210420,-
130825,121148439,LOC121148439,-,-,-,Un,-,U1 spliceosomal RNA,snRNA,-,-,-,-,20210420,-
130825,121148440,LOC121148440,-,-,-,Un,-,40S ribosomal protein S16-like,pseudo,-,-,-,-,20210420,-
130825,121148441,CCDC33,-,-,-,Un,-,coiled-coil domain containing 33,protein-coding,-,-,-,coiled-coil domain-containing protein 33,20210420,-
130825,121148442,CD276,-,-,-,Un,-,CD276 molecule,protein-coding,-,-,-,CD276 antigen,20210420,-
130825,121148443,REC114,-,-,-,Un,-,REC114 meiotic recombination protein,protein-coding,-,-,-,meiotic recombination protein REC114,20210420,-
130825,121148444,GRAMD2A,-,-,-,Un,-,GRAM domain containing 2A,protein-coding,-,-,-,GRAM domain-containing protein 2A,20210420,-
130825,121148445,TMEM202,-,-,-,Un,-,transmembrane protein 202,protein-coding,-,-,-,transmembrane protein 202,20210420,-
130825,121148446,LOC121148446,-,-,-,Un,-,BRD4-interacting chromatin-remodeling complex-associated protein-like,pseudo,-,-,-,-,20210420,-
130825,121148447,NR2E3,-,-,-,Un,-,nuclear receptor subfamily 2 group E member 3,protein-coding,-,-,-,photoreceptor-specific nuclear receptor,20210420,-
130825,121148448,THSD4,-,-,-,Un,-,thrombospondin type 1 domain containing 4,protein-coding,-,-,-,thrombospondin type-1 domain-containing protein 4,20210420,-
130825,121148449,LOC121148449,-,-,-,Un,-,E3 ubiquitin-protein ligase TRIM41-like,pseudo,-,-,-,-,20210420,-
130825,121148450,PSTPIP1,-,-,-,Un,-,proline-serine-threonine phosphatase interacting protein 1,protein-coding,-,-,-,proline-serine-threonine phosphatase-interacting protein 1,20210420,-
130825,121148451,PELI2,-,-,-,Un,-,pellino E3 ubiquitin protein ligase family member 2,protein-coding,-,-,-,E3 ubiquitin-protein ligase pellino homolog 2,20210420,-
130825,121148452,COPS2,-,-,-,Un,-,COP9 signalosome subunit 2,protein-coding,-,-,-,COP9 signalosome complex subunit 2,20210522,-
130825,121148453,TMEM260,-,-,-,Un,-,transmembrane protein 260,protein-coding,-,-,-,transmembrane protein 260,20210420,-
130825,121148454,LOC121148454,-,-,-,Un,-,40S ribosomal protein SA-like,pseudo,-,-,-,-,20210420,-
130825,121148455,LOC121148455,-,-,-,Un,-,phospholipid-transporting ATPase IF-like,protein-coding,-,-,-,phospholipid-transporting ATPase IF-like,20210420,-
130825,121148456,ETFA,-,-,-,Un,-,electron transfer flavoprotein subunit alpha,protein-coding,-,-,-,"electron transfer flavoprotein subunit alpha, mitochondrial",20210420,-
130825,121148457,BTBD1,-,-,-,Un,-,BTB domain containing 1,protein-coding,-,-,-,BTB/POZ domain-containing protein 1,20210420,-
130825,121148458,SLC12A1,-,-,-,Un,-,solute carrier family 12 member 1,protein-coding,-,-,-,solute carrier family 12 member 1,20210420,-
130825,121148459,ZNF592,-,-,-,Un,-,zinc finger protein 592,protein-coding,-,-,-,zinc finger protein 592,20210420,-
130825,121148460,RASGRP1,-,-,-,Un,-,RAS guanyl releasing protein 1,protein-coding,-,-,-,RAS guanyl-releasing protein 1,20210420,-
130825,121148461,FAM98B,-,-,-,Un,-,family with sequence similarity 98 member B,protein-coding,-,-,-,protein FAM98B,20210420,-
130825,121148462,LOC121148462,-,-,-,Un,-,zinc finger protein 239-like,protein-coding,-,-,-,LOW QUALITY PROTEIN: zinc finger protein 239-like,20210420,-
130825,121148463,AP3S2,-,-,-,Un,-,adaptor related protein complex 3 subunit sigma 2,protein-coding,-,-,-,AP-3 complex subunit sigma-2,20210420,-
130825,121148464,ARPIN,-,-,-,Un,-,actin related protein 2/3 complex inhibitor,protein-coding,-,-,-,arpin,20210420,-
130825,121148465,MIA2,-,-,-,Un,-,MIA SH3 domain ER export factor 2,protein-coding,-,-,-,melanoma inhibitory activity protein 2,20210420,-
130825,121148466,LOC121148466,-,-,-,Un,-,U6 spliceosomal RNA,snRNA,-,-,-,-,20210420,-
130825,121148467,LOC121148467,-,-,-,Un,-,U6 spliceosomal RNA,snRNA,-,-,-,-,20210420,-
130825,121148468,FEM1B,-,-,-,Un,-,fem-1 homolog B,protein-coding,-,-,-,protein fem-1 homolog B,20210420,-
130825,121148469,THBS1,-,-,-,Un,-,thrombospondin 1,protein-coding,-,-,-,thrombospondin-1,20210420,-
130825,121148470,FSIP1,-,-,-,Un,-,fibrous sheath interacting protein 1,protein-coding,-,-,-,fibrous sheath-interacting protein 1,20210420,-
130825,121148471,LOC121148471,-,-,-,Un,-,Fanconi anemia group I protein-like,protein-coding,-,-,-,Fanconi anemia group I protein-like,20210420,-
130825,121148472,LOC121148472,-,-,-,Un,-,U6 spliceosomal RNA,snRNA,-,-,-,-,20210420,-
130825,121148473,LOC121148473,-,-,-,Un,-,DNA polymerase subunit gamma-1,protein-coding,-,-,-,DNA polymerase subunit gamma-1,20210420,-
130825,121148474,KHNYN,-,-,-,Un,-,KH and NYN domain containing,protein-coding,-,-,-,protein KHNYN,20210420,-
130825,121148475,SDR39U1,-,-,-,Un,-,short chain dehydrogenase/reductase family 39U member 1,protein-coding,-,-,-,epimerase family protein SDR39U1,20210420,-
130825,121148476,CCPG1,-,-,-,Un,-,cell cycle progression 1,protein-coding,-,-,-,cell cycle progression protein 1,20210420,-
130825,121148477,LOC121148477,-,-,-,Un,-,transcription factor SOX-2-like,pseudo,-,-,-,-,20210420,-
130825,121148478,PIGB,-,-,-,Un,-,phosphatidylinositol glycan anchor biosynthesis class B,protein-coding,-,-,-,GPI mannosyltransferase 3,20210420,-
130825,121148479,DNAAF4,-,-,-,Un,-,dynein axonemal assembly factor 4,protein-coding,-,-,-,"dynein assembly factor 4, axonemal",20210420,-
130825,121148480,LOC121148480,-,-,-,Un,-,solute carrier family 25 member 46-like,pseudo,-,-,-,-,20210420,-
130825,121148481,CUNH15orf65,-,-,-,Un,-,chromosome unknown C15orf65 homolog,protein-coding,-,-,-,uncharacterized protein C15orf65 homolog,20210420,-
130825,121148482,LOC121148482,-,-,-,Un,-,40S ribosomal protein S20-like,pseudo,-,-,-,-,20210420,-
130825,121148483,PIGBOS1,-,-,-,Un,-,PIGB opposite strand 1,protein-coding,-,-,-,protein PIGBOS1,20210420,-
130825,121148484,CDKL1,-,-,-,Un,-,cyclin dependent kinase like 1,protein-coding,-,-,-,cyclin-dependent kinase-like 1,20210420,-
130825,121148485,LOC121148485,-,-,-,Un,-,BRD4-interacting chromatin-remodeling complex-associated protein-like,pseudo,-,-,-,-,20210420,-
130825,121148486,DMAC2L,-,-,-,Un,-,distal membrane arm assembly component 2 like,protein-coding,-,-,-,"ATP synthase subunit s, mitochondrial",20210420,-
130825,121148487,LOC121148487,-,-,-,Un,-,T cell receptor alpha chain constant-like,other,-,-,-,-,20210420,-
130825,121148488,LOC121148488,-,-,-,Un,-,T-cell receptor alpha chain V region RL-5-like,other,-,-,-,-,20210420,-
130825,121148489,LOC121148489,-,-,-,Un,-,T cell receptor delta constant-like,other,-,-,-,-,20210420,-
130825,121148490,LOC121148490,-,-,-,Un,-,T cell receptor alpha variable 5-like,other,-,-,-,-,20210420,-
130825,121148491,LOC121148491,-,-,-,Un,-,uncharacterized LOC121148491,ncRNA,-,-,-,-,20210420,-
130825,121148492,LOC121148492,-,-,-,Un,-,60S ribosomal protein L32-like,pseudo,-,-,-,-,20210420,-
130825,121148493,LOC121148493,-,-,-,Un,-,T cell receptor alpha variable 12-2-like,other,-,-,-,-,20210420,-
130825,121148494,LOC121148494,-,-,-,Un,-,T cell receptor alpha variable 8-4-like,other,-,-,-,-,20210420,-
130825,121148495,LOC121148495,-,-,-,Un,-,chromobox protein homolog 3-like,pseudo,-,-,-,-,20210420,-
130825,121148496,LOC121148496,-,-,-,Un,-,T cell receptor alpha variable 8-3-like,other,-,-,-,-,20210420,-
130825,121148497,LOC121148497,-,-,-,Un,-,T cell receptor alpha variable 16-like,other,-,-,-,-,20210420,-
130825,121148498,LOC121148498,-,-,-,Un,-,T cell receptor alpha variable 19-like,other,-,-,-,-,20210420,-
130825,121148499,LOC121148499,-,-,-,Un,-,T cell receptor alpha variable 9-2-like,other,-,-,-,-,20210420,-
130825,121148500,LOC121148500,-,-,-,Un,-,T cell receptor alpha variable 8-3-like,other,-,-,-,-,20210420,-
130825,121148501,LOC121148501,-,-,-,Un,-,T cell receptor alpha variable 8-3-like,other,-,-,-,-,20210420,-
130825,121148502,LOC121148502,-,-,-,Un,-,T cell receptor alpha variable 8-3-like,other,-,-,-,-,20210420,-
130825,121148503,LOC121148503,-,-,-,Un,-,uncharacterized LOC121148503,ncRNA,-,-,-,-,20210420,-
130825,121148504,LOC121148504,-,-,-,Un,-,T cell receptor alpha variable 5-like,other,-,-,-,-,20210420,-
130825,121148505,LOC121148505,-,-,-,Un,-,T cell receptor alpha variable 5-like,other,-,-,-,-,20210420,-
130825,121148506,LOC121148506,-,-,-,Un,-,T cell receptor alpha variable 20-like,other,-,-,-,-,20210420,-
130825,121148507,LOC121148507,-,-,-,Un,-,T cell receptor alpha variable 8-3-like,other,-,-,-,-,20210420,-
130825,121148508,LOC121148508,-,-,-,Un,-,T cell receptor alpha variable 9-1-like,other,-,-,-,-,20210420,-
130825,121148509,LOC121148509,-,-,-,Un,-,T cell receptor alpha variable 17-like,other,-,-,-,-,20210420,-
130825,121148510,LOC121148510,-,-,-,Un,-,olfactory receptor 1044,protein-coding,-,-,-,olfactory receptor 1044,20210420,-
130825,121148511,LOC121148511,-,-,-,Un,-,T cell receptor alpha variable 13-1-like,other,-,-,-,-,20210420,-
130825,121148512,LOC121148512,-,-,-,Un,-,T cell receptor alpha variable 5-like,other,-,-,-,-,20210420,-
130825,121148513,LOC121148513,-,-,-,Un,-,T cell receptor alpha variable 13-1-like,other,-,-,-,-,20210420,-
130825,121148514,LOC121148514,-,-,-,Un,-,T cell receptor alpha variable 13-1-like,other,-,-,-,-,20210420,-
130825,121148515,LOC121148515,-,-,-,Un,-,T cell receptor alpha variable 13-1-like,other,-,-,-,-,20210420,-
130825,121148516,LOC121148516,-,-,-,Un,-,T cell receptor alpha variable 13-1-like,other,-,-,-,-,20210420,-
130825,121148517,LOC121148517,-,-,-,Un,-,T cell receptor delta variable 3-like,other,-,-,-,-,20210420,-
130825,121148518,LOC121148518,-,-,-,Un,-,T cell receptor alpha variable 18-like,other,-,-,-,-,20210420,-
130825,121148519,LOC121148519,-,-,-,Un,-,T cell receptor alpha variable 14/delta variable 4-like,other,-,-,-,-,20210420,-
130825,121148520,LOC121148520,-,-,-,Un,-,T cell receptor alpha variable 38-1-like,other,-,-,-,-,20210420,-
130825,121148521,LOC121148521,-,-,-,Un,-,casein kinase II subunit alpha'-like,pseudo,-,-,-,-,20210420,-
130825,121148522,TRIM9,-,-,-,Un,-,tripartite motif containing 9,protein-coding,-,-,-,E3 ubiquitin-protein ligase TRIM9,20210420,-
130825,121148523,CSNK1G3,-,-,-,Un,-,casein kinase 1 gamma 3,protein-coding,-,-,-,casein kinase I,20210420,-
130825,121148524,LOC121148524,-,-,-,Un,-,casein kinase II subunit alpha'-like,pseudo,-,-,-,-,20210420,-
130825,121148525,DAPK2,-,-,-,Un,-,death associated protein kinase 2,protein-coding,-,-,-,death-associated protein kinase 2,20210529,-
130825,121148526,BCL2A1,-,-,-,Un,-,BCL2 related protein A1,protein-coding,-,-,-,bcl-2-related protein A1,20210420,-
130825,121148527,LOC121148527,-,-,-,Un,-,myocardial zonula adherens protein,protein-coding,-,-,-,myocardial zonula adherens protein,20210420,-
130825,121148528,POLR2M,-,-,-,Un,-,RNA polymerase II subunit M,protein-coding,-,-,-,protein GRINL1A,20210420,-
130825,121148529,LOC121148529,-,-,-,Un,-,beta-galactosidase-1-like protein 3,protein-coding,-,-,-,beta-galactosidase-1-like protein 3,20210420,-
130825,121148530,EFL1,-,-,-,Un,-,elongation factor like GTPase 1,protein-coding,-,-,-,elongation factor-like GTPase 1,20210420,-
130825,121148531,PDCD7,-,-,-,Un,-,programmed cell death 7,protein-coding,-,-,-,programmed cell death protein 7,20210420,-
130825,121148532,LOC121148532,-,-,-,Un,-,uncharacterized LOC121148532,ncRNA,-,-,-,-,20210420,-
130825,121148533,GOLM2,-,-,-,Un,-,golgi membrane protein 2,protein-coding,-,-,-,protein GOLM2,20210420,-
130825,121148534,RTF1,-,-,-,Un,-,"RTF1 homolog, Paf1/RNA polymerase II complex component",protein-coding,-,-,-,RNA polymerase-associated protein RTF1 homolog,20210420,-
130825,121148535,ITPKA,-,-,-,Un,-,inositol-trisphosphate 3-kinase A,protein-coding,-,-,-,inositol-trisphosphate 3-kinase A,20210420,-
130825,121148536,LOC121148536,-,-,-,Un,-,M-phase phosphoprotein 6-like,pseudo,-,-,-,-,20210420,-
130825,121148537,SEMA6D,-,-,-,Un,-,semaphorin 6D,protein-coding,-,-,-,semaphorin-6D,20210420,-
130825,121148538,LOC121148538,-,-,-,Un,-,60S acidic ribosomal protein P1,protein-coding,-,-,-,60S acidic ribosomal protein P1,20210420,-
130825,121148539,SLC7A7,-,-,-,Un,-,solute carrier family 7 member 7,protein-coding,-,-,-,Y+L amino acid transporter 1,20210420,-
130825,121148540,LOC121148540,-,-,-,Un,-,beta-galactosidase-1-like protein 2,pseudo,-,-,-,-,20210420,-
130825,121148541,OXA1L,-,-,-,Un,-,OXA1L mitochondrial inner membrane protein,protein-coding,-,-,-,mitochondrial inner membrane protein OXA1L|oxidase assembly 1-like protein,20210420,-
130825,121148542,FURIN,-,-,-,Un,-,"furin, paired basic amino acid cleaving enzyme",protein-coding,-,-,-,furin,20210420,-
130825,121148543,KIAA0586,-,-,-,Un,-,KIAA0586 ortholog,protein-coding,-,-,-,protein TALPID3,20210420,-
130825,121148544,ERO1A,-,-,-,Un,-,endoplasmic reticulum oxidoreductase 1 alpha,protein-coding,-,-,-,ERO1-like protein alpha,20210420,-
130825,121148545,LOC121148545,-,-,-,Un,-,vascular endothelial zinc finger 1-like,pseudo,-,-,-,-,20210420,-
130825,121148546,ABHD4,-,-,-,Un,-,"abhydrolase domain containing 4, N-acyl phospholipase B",protein-coding,-,-,-,(Lyso)-N-acylphosphatidylethanolamine lipase,20210420,-
130825,121148547,GALK2,-,-,-,Un,-,galactokinase 2,protein-coding,-,-,-,N-acetylgalactosamine kinase,20210420,-
130825,121148548,LOC121148548,-,-,-,Un,-,uncharacterized LOC121148548,ncRNA,-,-,-,-,20210420,-
130825,121148549,LOC121148549,-,-,-,Un,-,zinc finger protein 354A-like,protein-coding,-,-,-,zinc finger protein 354A-like,20210420,-
130825,121148550,AVEN,-,-,-,Un,-,apoptosis and caspase activation inhibitor,protein-coding,-,-,-,cell death regulator Aven,20210420,-
130825,121148551,STYX,-,-,-,Un,-,serine/threonine/tyrosine interacting protein,protein-coding,-,-,-,serine/threonine/tyrosine-interacting protein,20210420,-
130825,121148552,GNPNAT1,-,-,-,Un,-,glucosamine-phosphate N-acetyltransferase 1,protein-coding,-,-,-,glucosamine 6-phosphate N-acetyltransferase,20210420,-
130825,121148553,PCLAF,-,-,-,Un,-,PCNA clamp associated factor,protein-coding,-,-,-,PCNA-associated factor,20210420,-
130825,121148554,TLN2,-,-,-,Un,-,talin 2,protein-coding,-,-,-,talin-2,20210420,-
130825,121148555,GCH1,-,-,-,Un,-,GTP cyclohydrolase 1,protein-coding,-,-,-,GTP cyclohydrolase 1,20210420,-
130825,121148556,LOC121148556,-,-,-,Un,-,uncharacterized LOC121148556,ncRNA,-,-,-,-,20210420,-
130825,121148557,CHMP4A,-,-,-,Un,-,charged multivesicular body protein 4A,protein-coding,-,-,-,charged multivesicular body protein 4a,20210420,-
130825,121148558,CEP152,-,-,-,Un,-,centrosomal protein 152,protein-coding,-,-,-,centrosomal protein of 152 kDa,20210420,-
130825,121148559,PLCB2,-,-,-,Un,-,phospholipase C beta 2,protein-coding,-,-,-,"1-phosphatidylinositol 4,5-bisphosphate phosphodiesterase beta-2",20210420,-
130825,121148560,LGALS3,-,-,-,Un,-,galectin 3,protein-coding,-,-,-,galectin-3,20210420,-
130825,121148561,MAPK1IP1L,-,-,-,Un,-,mitogen-activated protein kinase 1 interacting protein 1 like,protein-coding,-,-,-,MAPK-interacting and spindle-stabilizing protein-like,20210420,-
130825,121148562,LOC121148562,-,-,-,Un,-,zinc finger protein 260-like,protein-coding,-,-,-,LOW QUALITY PROTEIN: zinc finger protein 260-like,20210420,-
130825,121148563,TRPM1,-,-,-,Un,-,transient receptor potential cation channel subfamily M member 1,protein-coding,-,-,-,transient receptor potential cation channel subfamily M member 1,20210420,-
130825,121148564,TMX1,-,-,-,Un,-,thioredoxin related transmembrane protein 1,protein-coding,-,-,-,thioredoxin-related transmembrane protein 1,20210420,-
130825,121148565,LOC121148565,-,-,-,Un,-,uncharacterized LOC121148565,ncRNA,-,-,-,-,20210420,-
130825,121148566,KLHL28,-,-,-,Un,-,kelch like family member 28,protein-coding,-,-,-,kelch-like protein 28,20210420,-
130825,121148567,NGDN,-,-,-,Un,-,neuroguidin,protein-coding,-,-,-,neuroguidin,20210420,-
130825,121148568,PML,-,-,-,Un,-,PML nuclear body scaffold,protein-coding,-,-,-,protein PML,20210420,-
130825,121148569,SEMA4B,-,-,-,Un,-,semaphorin 4B,protein-coding,-,-,-,semaphorin-4B,20210420,-
130825,121148570,LOC121148570,-,-,-,Un,-,uncharacterized LOC121148570,ncRNA,-,-,-,-,20210420,-
130825,121148571,HEATR5A,-,-,-,Un,-,HEAT repeat containing 5A,protein-coding,-,-,-,HEAT repeat-containing protein 5A,20210420,-
130825,121148572,TINF2,-,-,-,Un,-,TERF1 interacting nuclear factor 2,protein-coding,-,-,-,TERF1-interacting nuclear factor 2,20210420,-
130825,121148573,GMPR2,-,-,-,Un,-,guanosine monophosphate reductase 2,protein-coding,-,-,-,GMP reductase 2,20210420,-
130825,121148574,LOC121148574,-,-,-,Un,-,U6 spliceosomal RNA,snRNA,-,-,-,-,20210420,-
130825,121148575,SOCS4,-,-,-,Un,-,suppressor of cytokine signaling 4,protein-coding,-,-,-,suppressor of cytokine signaling 4,20210420,-
130825,121148576,LOC121148576,-,-,-,Un,-,thioredoxin-like,pseudo,-,-,-,-,20210420,-
130825,121148577,IPO4,-,-,-,Un,-,importin 4,protein-coding,-,-,-,importin-4,20210420,-
130825,121148578,TM9SF1,-,-,-,Un,-,transmembrane 9 superfamily member 1,protein-coding,-,-,-,transmembrane 9 superfamily member 1,20210420,-
130825,121148579,REC8,-,-,-,Un,-,REC8 meiotic recombination protein,protein-coding,-,-,-,meiotic recombination protein REC8 homolog,20210420,-
130825,121148580,LOC121148580,-,-,-,Un,-,zinc finger protein 260-like,protein-coding,-,-,-,zinc finger protein 260-like,20210420,-
130825,121148581,CPNE6,-,-,-,Un,-,copine 6,protein-coding,-,-,-,copine-6,20210420,-
130825,121148582,NOVA1,-,-,-,Un,-,NOVA alternative splicing regulator 1,protein-coding,-,-,-,RNA-binding protein Nova-1,20210529,-
130825,121148583,DMXL2,-,-,-,Un,-,Dmx like 2,protein-coding,-,-,-,dmX-like protein 2,20210420,-
130825,121148584,LOC121148584,-,-,-,Un,-,ribose-phosphate pyrophosphokinase 1-like,protein-coding,-,-,-,ribose-phosphate pyrophosphokinase 1-like,20210420,-
130825,121148585,LOC121148585,-,-,-,Un,-,protein FAM107B-like,pseudo,-,-,-,-,20210420,-
130825,121148586,LOC121148586,-,-,-,Un,-,40S ribosomal protein S24-like,pseudo,-,-,-,-,20210420,-
130825,121148587,ARPP19,-,-,-,Un,-,cAMP regulated phosphoprotein 19,protein-coding,-,-,-,cAMP-regulated phosphoprotein 19,20210424,-
130825,121148588,RORA,-,-,-,Un,-,RAR related orphan receptor A,protein-coding,-,-,-,nuclear receptor ROR-alpha,20210420,-
130825,121148589,GNB5,-,-,-,Un,-,G protein subunit beta 5,protein-coding,-,-,-,guanine nucleotide-binding protein subunit beta-5,20210420,-
130825,121148590,CLPX,-,-,-,Un,-,caseinolytic mitochondrial matrix peptidase chaperone subunit X,protein-coding,-,-,-,"ATP-dependent Clp protease ATP-binding subunit clpX-like, mitochondrial",20210420,-
130825,121148591,MAN2C1,-,-,-,Un,-,mannosidase alpha class 2C member 1,protein-coding,-,-,-,alpha-mannosidase 2C1,20210420,-
130825,121148592,LOC121148592,-,-,-,Un,-,zinc finger protein 782-like,protein-coding,-,-,-,zinc finger protein 782-like,20210420,-
130825,121148593,CUNH15orf39,-,-,-,Un,-,chromosome unknown C15orf39 homolog,protein-coding,-,-,-,uncharacterized protein C15orf39 homolog,20210420,-
130825,121148594,NEIL1,-,-,-,Un,-,nei like DNA glycosylase 1,protein-coding,-,-,-,endonuclease 8-like 1,20210420,-
130825,121148595,COMMD4,-,-,-,Un,-,COMM domain containing 4,protein-coding,-,-,-,COMM domain-containing protein 4,20210420,-
130825,121148596,DCAF11,-,-,-,Un,-,DDB1 and CUL4 associated factor 11,protein-coding,-,-,-,DDB1- and CUL4-associated factor 11,20210420,-
130825,121148597,PARP6,-,-,-,Un,-,poly(ADP-ribose) polymerase family member 6,protein-coding,-,-,-,protein mono-ADP-ribosyltransferase PARP6,20210529,-
130825,121148598,LOC121148598,-,-,-,Un,-,40S ribosomal protein S15-like,pseudo,-,-,-,-,20210420,-
130825,121148599,LOC121148599,-,-,-,Un,-,purine nucleoside phosphorylase,protein-coding,-,-,-,purine nucleoside phosphorylase,20210420,-
130825,121148600,NEDD4,-,-,-,Un,-,NEDD4 E3 ubiquitin protein ligase,protein-coding,-,-,-,E3 ubiquitin-protein ligase NEDD4,20210420,-
130825,121148601,IQGAP1,-,-,-,Un,-,IQ motif containing GTPase activating protein 1,protein-coding,-,-,-,ras GTPase-activating-like protein IQGAP1,20210420,-
130825,121148602,AEN,-,-,-,Un,-,apoptosis enhancing nuclease,protein-coding,-,-,-,apoptosis-enhancing nuclease,20210420,-
130825,121148603,LOC121148603,-,-,-,Un,-,aurora kinase A-like,pseudo,-,-,-,-,20210420,-
130825,121148604,DNAAF2,-,-,-,Un,-,dynein axonemal assembly factor 2,protein-coding,-,-,-,protein kintoun,20210420,-
130825,121148605,POLE2,-,-,-,Un,-,"DNA polymerase epsilon 2, accessory subunit",protein-coding,-,-,-,DNA polymerase epsilon subunit 2,20210420,-
130825,121148606,LOC121148606,-,-,-,Un,-,toll-like receptor 11,protein-coding,-,-,-,toll-like receptor 11,20210420,-
130825,121148607,PRKD1,-,-,-,Un,-,protein kinase D1,protein-coding,-,-,-,serine/threonine-protein kinase D1,20210420,-
130825,121148608,PCSK6,-,-,-,Un,-,proprotein convertase subtilisin/kexin type 6,protein-coding,-,-,-,proprotein convertase subtilisin/kexin type 6,20210420,-
130825,121148609,LOC121148609,-,-,-,Un,-,BRD4-interacting chromatin-remodeling complex-associated protein-like,pseudo,-,-,-,-,20210420,-
130825,121148610,SNX1,-,-,-,Un,-,sorting nexin 1,protein-coding,-,-,-,sorting nexin-1,20210420,-
130825,121148611,LOC121148611,-,-,-,Un,-,uncharacterized LOC121148611,ncRNA,-,-,-,-,20210420,-
130825,121148612,AP3B2,-,-,-,Un,-,adaptor related protein complex 3 subunit beta 2,protein-coding,-,-,-,AP-3 complex subunit beta-2,20210420,-
130825,121148613,NFATC4,-,-,-,Un,-,nuclear factor of activated T cells 4,protein-coding,-,-,-,"nuclear factor of activated T-cells, cytoplasmic 4",20210420,-
130825,121148614,CNIH1,-,-,-,Un,-,cornichon family AMPA receptor auxiliary protein 1,protein-coding,-,-,-,protein cornichon homolog 1,20210605,-
130825,121148615,ARF6,-,-,-,Un,-,ADP ribosylation factor 6,protein-coding,-,-,-,ADP-ribosylation factor 6,20210501,-
130825,121148616,LOC121148616,-,-,-,Un,-,zinc finger protein 260-like,protein-coding,-,-,-,LOW QUALITY PROTEIN: zinc finger protein 260-like,20210420,-
130825,121148617,GMFB,-,-,-,Un,-,glia maturation factor beta,protein-coding,-,-,-,glia maturation factor beta,20210529,-
130825,121148618,CHD2,-,-,-,Un,-,chromodomain helicase DNA binding protein 2,protein-coding,-,-,-,chromodomain-helicase-DNA-binding protein 2,20210420,-
130825,121148619,GABRA5,-,-,-,Un,-,gamma-aminobutyric acid type A receptor subunit alpha5,protein-coding,-,-,-,gamma-aminobutyric acid receptor subunit alpha-5,20210420,-
130825,121148620,UBE3A,-,-,-,Un,-,ubiquitin protein ligase E3A,protein-coding,-,-,-,ubiquitin-protein ligase E3A,20210420,-
130825,121148621,LOC121148621,-,-,-,Un,-,BRD4-interacting chromatin-remodeling complex-associated protein-like,pseudo,-,-,-,-,20210420,-
130825,121148622,LOC121148622,-,-,-,Un,-,myosin-6,protein-coding,-,-,-,myosin-6,20210420,-
130825,121148623,LOC121148623,-,-,-,Un,-,myosin-7,protein-coding,-,-,-,myosin-7,20210420,-
130825,121148624,CMTM5,-,-,-,Un,-,CKLF like MARVEL transmembrane domain containing 5,protein-coding,-,-,-,CKLF-like MARVEL transmembrane domain-containing protein 5,20210420,-
130825,121148625,LOC121148625,-,-,-,Un,-,uncharacterized LOC121148625,ncRNA,-,-,-,-,20210420,-
130825,121148626,SLCO3A1,-,-,-,Un,-,solute carrier organic anion transporter family member 3A1,protein-coding,-,-,-,solute carrier organic anion transporter family member 3A1,20210420,-
130825,121148627,ARID3B,-,-,-,Un,-,AT-rich interaction domain 3B,protein-coding,-,-,-,AT-rich interactive domain-containing protein 3B,20210420,-
130825,121148628,TRPM7,-,-,-,Un,-,transient receptor potential cation channel subfamily M member 7,protein-coding,-,-,-,transient receptor potential cation channel subfamily M member 7,20210420,-
130825,121148629,LOC121148629,-,-,-,Un,-,protein FAM90A1-like,protein-coding,-,-,-,protein FAM90A1-like,20210420,-
130825,121148630,USP8,-,-,-,Un,-,ubiquitin specific peptidase 8,protein-coding,-,-,-,ubiquitin carboxyl-terminal hydrolase 8,20210420,-
130825,121148631,USP50,-,-,-,Un,-,ubiquitin specific peptidase 50,protein-coding,-,-,-,inactive ubiquitin carboxyl-terminal hydrolase 50,20210420,-
130825,121148632,RALGAPA1,-,-,-,Un,-,Ral GTPase activating protein catalytic subunit alpha 1,protein-coding,-,-,-,ral GTPase-activating protein subunit alpha-1,20210420,-
130825,121148633,GABRB3,-,-,-,Un,-,gamma-aminobutyric acid type A receptor subunit beta3,protein-coding,-,-,-,gamma-aminobutyric acid receptor subunit beta-3,20210420,-
130825,121148634,LOC121148634,-,-,-,Un,-,potassium channel subfamily U member 1-like,protein-coding,-,-,-,LOW QUALITY PROTEIN: potassium channel subfamily U member 1-like,20210420,-
130825,121148635,PSMC6,-,-,-,Un,-,"proteasome 26S subunit, ATPase 6",protein-coding,-,-,-,26S proteasome regulatory subunit 10B,20210424,-
130825,121148636,LOC121148636,-,-,-,Un,-,uncharacterized LOC121148636,ncRNA,-,-,-,-,20210420,-
130825,121148637,ALDH1A3,-,-,-,Un,-,aldehyde dehydrogenase 1 family member A3,protein-coding,-,-,-,aldehyde dehydrogenase family 1 member A3,20210420,-
130825,121148638,CEBPE,-,-,-,Un,-,CCAAT enhancer binding protein epsilon,protein-coding,-,-,-,CCAAT/enhancer-binding protein epsilon,20210420,-
130825,121148639,LOC121148639,-,-,-,Un,-,"metalloendopeptidase OMA1, mitochondrial-like",pseudo,-,-,-,-,20210420,-
130825,121148640,LOC121148640,-,-,-,Un,-,40S ribosomal protein S15a-like,pseudo,-,-,-,-,20210420,-
130825,121148641,LOC121148641,-,-,-,Un,-,40S ribosomal protein S27-like,protein-coding,-,-,-,40S ribosomal protein S27-like,20210420,-
130825,121148642,LTK,-,-,-,Un,-,leukocyte receptor tyrosine kinase,protein-coding,-,-,-,leukocyte tyrosine kinase receptor,20210420,-
130825,121148643,LOC121148643,-,-,-,Un,-,potassium channel subfamily U member 1-like,protein-coding,-,-,-,LOW QUALITY PROTEIN: potassium channel subfamily U member 1-like,20210420,-
130825,121148644,TYRO3,-,-,-,Un,-,TYRO3 protein tyrosine kinase,protein-coding,-,-,-,tyrosine-protein kinase receptor TYRO3,20210420,-
130825,121148645,STXBP6,-,-,-,Un,-,syntaxin binding protein 6,protein-coding,-,-,-,syntaxin-binding protein 6,20210420,-
130825,121148646,LOC121148646,-,-,-,Un,-,60S ribosomal protein L31-like,pseudo,-,-,-,-,20210420,-
130825,121148647,LOC121148647,-,-,-,Un,-,purine nucleoside phosphorylase,protein-coding,-,-,-,purine nucleoside phosphorylase,20210420,-
130825,121148648,LOC121148648,-,-,-,Un,-,ribonuclease 8-like,protein-coding,-,-,-,ribonuclease 8-like,20210420,-
130825,121148649,LOC121148649,-,-,-,Un,-,uncharacterized LOC121148649,protein-coding,-,-,-,LOW QUALITY PROTEIN: uncharacterized protein LOC121148649,20210420,-
130825,121148650,LOC121148650,-,-,-,Un,-,ribonuclease 8-like,protein-coding,-,-,-,ribonuclease 8-like,20210420,-
130825,121148651,TMOD2,-,-,-,Un,-,tropomodulin 2,protein-coding,-,-,-,tropomodulin-2,20210420,-
130825,121148652,LOC121148652,-,-,-,Un,-,eukaryotic initiation factor 4A-II-like,pseudo,-,-,-,-,20210420,-
130825,121148653,NDRG2,-,-,-,Un,-,NDRG family member 2,protein-coding,-,-,-,protein NDRG2,20210420,-
130825,121148654,LOC121148654,-,-,-,Un,-,uncharacterized LOC121148654,protein-coding,-,-,-,LOW QUALITY PROTEIN: uncharacterized protein LOC121148654,20210420,-
130825,121148655,TPPP2,-,-,-,Un,-,tubulin polymerization promoting protein family member 2,protein-coding,-,-,-,tubulin polymerization-promoting protein family member 2,20210420,-
130825,121148656,CHP1,-,-,-,Un,-,calcineurin like EF-hand protein 1,protein-coding,-,-,-,calcineurin B homologous protein 1,20210424,-
130825,121148657,APBA2,-,-,-,Un,-,amyloid beta precursor protein binding family A member 2,protein-coding,-,-,-,amyloid-beta A4 precursor protein-binding family A member 2,20210420,-
130825,121148658,LOC121148658,-,-,-,Un,-,dehydrogenase/reductase SDR family member 1-like,protein-coding,-,-,-,dehydrogenase/reductase SDR family member 1-like,20210420,-
130825,121148659,HOMER2,-,-,-,Un,-,homer scaffold protein 2,protein-coding,-,-,-,homer protein homolog 2,20210420,-
130825,121148660,ZFYVE19,-,-,-,Un,-,zinc finger FYVE-type containing 19,protein-coding,-,-,-,abscission/NoCut checkpoint regulator,20210420,-
130825,121148661,LOC121148661,-,-,-,Un,-,probable histone-lysine N-methyltransferase PRDM7,protein-coding,-,-,-,probable histone-lysine N-methyltransferase PRDM7,20210420,-
130825,121148662,DNAJC17,-,-,-,Un,-,DnaJ heat shock protein family (Hsp40) member C17,protein-coding,-,-,-,dnaJ homolog subfamily C member 17,20210420,-
130825,121148663,CUNH15orf62,-,-,-,Un,-,chromosome unknown C15orf62 homolog,protein-coding,-,-,-,"uncharacterized protein C15orf62 homolog, mitochondrial",20210420,-
130825,121148664,GCHFR,-,-,-,Un,-,GTP cyclohydrolase I feedback regulator,protein-coding,-,-,-,GTP cyclohydrolase 1 feedback regulatory protein,20210420,-
130825,121148665,USP3,-,-,-,Un,-,ubiquitin specific peptidase 3,protein-coding,-,-,-,ubiquitin carboxyl-terminal hydrolase 3,20210420,-
130825,121148666,LOC121148666,-,-,-,Un,-,probable histone-lysine N-methyltransferase PRDM7,protein-coding,-,-,-,probable histone-lysine N-methyltransferase PRDM7,20210420,-
130825,121148667,FBXL22,-,-,-,Un,-,F-box and leucine rich repeat protein 22,protein-coding,-,-,-,F-box and leucine-rich protein 22,20210420,-
130825,121148668,SNAPC5,-,-,-,Un,-,small nuclear RNA activating complex polypeptide 5,protein-coding,-,-,-,snRNA-activating protein complex subunit 5,20210420,-
130825,121148669,SHF,-,-,-,Un,-,Src homology 2 domain containing F,protein-coding,-,-,-,SH2 domain-containing adapter protein F,20210420,-
130825,121148670,LOC121148670,-,-,-,Un,-,5-formyltetrahydrofolate cyclo-ligase,protein-coding,-,-,-,5-formyltetrahydrofolate cyclo-ligase,20210420,-
130825,121148671,LOC121148671,-,-,-,Un,-,40S ribosomal protein S27-like,pseudo,-,-,-,-,20210420,-
130825,121148672,PNN,-,-,-,Un,-,"pinin, desmosome associated protein",protein-coding,-,-,-,pinin,20210420,-
130825,121148673,LOC121148673,-,-,-,Un,-,probable histone-lysine N-methyltransferase PRDM7,protein-coding,-,-,-,probable histone-lysine N-methyltransferase PRDM7,20210420,-
130825,121148674,MGAT2,-,-,-,Un,-,"alpha-1,6-mannosyl-glycoprotein 2-beta-N-acetylglucosaminyltransferase",protein-coding,-,-,-,"alpha-1,6-mannosyl-glycoprotein 2-beta-N-acetylglucosaminyltransferase",20210420,-
130825,121148675,RPL36AL,-,-,-,Un,-,ribosomal protein L36a like,protein-coding,-,-,-,60S ribosomal protein L36a-like,20210501,-
130825,121148676,LRP10,-,-,-,Un,-,LDL receptor related protein 10,protein-coding,-,-,-,low-density lipoprotein receptor-related protein 10,20210420,-
130825,121148677,ACSBG1,-,-,-,Un,-,acyl-CoA synthetase bubblegum family member 1,protein-coding,-,-,-,long-chain-fatty-acid--CoA ligase ACSBG1,20210420,-
130825,121148678,HDDC3,-,-,-,Un,-,HD domain containing 3,protein-coding,-,-,-,"guanosine-3',5'-bis(diphosphate) 3'-pyrophosphohydrolase MESH1",20210420,-
130825,121148679,DUOX1,-,-,-,Un,-,dual oxidase 1,protein-coding,-,-,-,dual oxidase 1,20210420,-
130825,121148680,LOC121148680,-,-,-,Un,-,uncharacterized LOC121148680,ncRNA,-,-,-,-,20210420,-
130825,121148681,SEC23A,-,-,-,Un,-,"SEC23 homolog A, COPII coat complex component",protein-coding,-,-,-,protein transport protein Sec23A,20210420,-
130825,121148682,LOC121148682,-,-,-,Un,-,probable histone-lysine N-methyltransferase PRDM7,pseudo,-,-,-,-,20210420,-
130825,121148683,LOC121148683,-,-,-,Un,-,heat shock cognate 71 kDa protein-like,pseudo,-,-,-,-,20210420,-
130825,121148684,MAN2A2,-,-,-,Un,-,mannosidase alpha class 2A member 2,protein-coding,-,-,-,alpha-mannosidase 2x,20210420,-
130825,121148685,LOC121148685,-,-,-,Un,-,polyadenylate-binding protein 2,protein-coding,-,-,-,polyadenylate-binding protein 2,20210420,-
130825,121148686,BCL2L2,-,-,-,Un,-,BCL2 like 2,protein-coding,-,-,-,bcl-2-like protein 2,20210420,-
130825,121148687,PTGDR,-,-,-,Un,-,prostaglandin D2 receptor,protein-coding,-,-,-,prostaglandin D2 receptor,20210420,-
130825,121148688,RBPMS2,-,-,-,Un,-,"RNA binding protein, mRNA processing factor 2",protein-coding,-,-,-,RNA-binding protein with multiple splicing 2,20210420,-
130825,121148689,LOC121148689,-,-,-,Un,-,granzyme B-like,protein-coding,-,-,-,granzyme B-like,20210420,-
130825,121148690,LOC121148690,-,-,-,Un,-,probable histone-lysine N-methyltransferase PRDM7,pseudo,-,-,-,-,20210420,-
130825,121148691,LOC121148691,-,-,-,Un,-,granzyme B-like,pseudo,-,-,-,-,20210420,-
130825,121148692,LOC121148692,-,-,-,Un,-,granzyme H-like,protein-coding,-,-,-,granzyme H-like,20210420,-
130825,121148693,LOC121148693,-,-,-,Un,-,granzyme B-like,protein-coding,-,-,-,"granzyme B(G,H)-like|granzyme B-like",20210420,-
130825,121148694,LOC121148694,-,-,-,Un,-,granzyme B-like,protein-coding,-,-,-,granzyme B-like,20210420,-
130825,121148695,LOC121148695,-,-,-,Un,-,granzyme B-like,protein-coding,-,-,-,granzyme B-like,20210420,-
130825,121148696,LOC121148696,-,-,-,Un,-,uncharacterized LOC121148696,ncRNA,-,-,-,-,20210420,-
130825,121148697,ARNT2,-,-,-,Un,-,aryl hydrocarbon receptor nuclear translocator 2,protein-coding,-,-,-,aryl hydrocarbon receptor nuclear translocator 2,20210420,-
130825,121148698,LOC121148698,-,-,-,Un,-,probable histone-lysine N-methyltransferase PRDM7,protein-coding,-,-,-,probable histone-lysine N-methyltransferase PRDM7,20210420,-
130825,121148699,WDR76,-,-,-,Un,-,WD repeat domain 76,protein-coding,-,-,-,WD repeat-containing protein 76,20210420,-
130825,121148700,FRMD5,-,-,-,Un,-,FERM domain containing 5,protein-coding,-,-,-,FERM domain-containing protein 5,20210420,-
130825,121148701,LOC121148701,-,-,-,Un,-,ribose-phosphate pyrophosphokinase 1-like,pseudo,-,-,-,-,20210420,-
130825,121148702,EXD1,-,-,-,Un,-,exonuclease 3'-5' domain containing 1,protein-coding,-,-,-,piRNA biogenesis protein EXD1,20210420,-
130825,121148703,SPG21,-,-,-,Un,-,"SPG21 abhydrolase domain containing, maspardin",protein-coding,-,-,-,maspardin,20210420,-
130825,121148704,LOC121148704,-,-,-,Un,-,epididymal secretory protein E3-beta-like,protein-coding,-,-,-,epididymal secretory protein E3-beta-like,20210420,-
130825,121148705,LOC121148705,-,-,-,Un,-,olfactory receptor 4K5,protein-coding,-,-,-,olfactory receptor 4K5,20210420,-
130825,121148706,LOC121148706,-,-,-,Un,-,Golgi phosphoprotein 3-like,protein-coding,-,-,-,Golgi phosphoprotein 3-like,20210420,-
130825,121148707,LOC121148707,-,-,-,Un,-,olfactory receptor 4K1,protein-coding,-,-,-,olfactory receptor 4K1,20210420,-
130825,121148708,UACA,-,-,-,Un,-,uveal autoantigen with coiled-coil domains and ankyrin repeats,protein-coding,-,-,-,uveal autoantigen with coiled-coil domains and ankyrin repeats,20210420,-
130825,121148709,LOC121148709,-,-,-,Un,-,ribonuclease K6-like,protein-coding,-,-,-,ribonuclease K6-like,20210420,-
130825,121148710,LRRC49,-,-,-,Un,-,leucine rich repeat containing 49,protein-coding,-,-,-,leucine-rich repeat-containing protein 49,20210420,-
130825,121148711,ZNF608,-,-,-,Un,-,zinc finger protein 608,protein-coding,-,-,-,zinc finger protein 608,20210420,-
130825,121148712,CHRNA7,-,-,-,Un,-,cholinergic receptor nicotinic alpha 7 subunit,protein-coding,-,-,-,neuronal acetylcholine receptor subunit alpha-7,20210420,-
130825,121148713,ADAM10,-,-,-,Un,-,ADAM metallopeptidase domain 10,protein-coding,-,-,-,disintegrin and metalloproteinase domain-containing protein 10,20210420,-
130825,121148714,LOC121148714,-,-,-,Un,-,probable histone-lysine N-methyltransferase PRDM7,protein-coding,-,-,-,probable histone-lysine N-methyltransferase PRDM7,20210420,-
130825,121148715,LOC121148715,-,-,-,Un,-,heterogeneous nuclear ribonucleoprotein C-like,protein-coding,-,-,-,heterogeneous nuclear ribonucleoprotein C-like,20210420,-
130825,121148716,ITGA11,-,-,-,Un,-,integrin subunit alpha 11,protein-coding,-,-,-,integrin alpha-11,20210420,-
130825,121148717,CIB2,-,-,-,Un,-,calcium and integrin binding family member 2,protein-coding,-,-,-,calcium and integrin-binding family member 2,20210522,-
130825,121148718,NR2F2,-,-,-,Un,-,nuclear receptor subfamily 2 group F member 2,protein-coding,-,-,-,COUP transcription factor 2,20210515,-
130825,121148719,MFGE8,-,-,-,Un,-,milk fat globule EGF and factor V/VIII domain containing,protein-coding,-,-,-,lactadherin,20210420,-
130825,121148720,LOC121148720,-,-,-,Un,-,probable histone-lysine N-methyltransferase PRDM7,protein-coding,-,-,-,probable histone-lysine N-methyltransferase PRDM7,20210420,-
130825,121148721,DAD1,-,-,-,Un,-,defender against cell death 1,protein-coding,-,-,-,dolichyl-diphosphooligosaccharide--protein glycosyltransferase subunit DAD1,20210420,-
130825,121148722,BMF,-,-,-,Un,-,Bcl2 modifying factor,protein-coding,-,-,-,bcl-2-modifying factor,20210420,-
130825,121148723,TRIP4,-,-,-,Un,-,thyroid hormone receptor interactor 4,protein-coding,-,-,-,activating signal cointegrator 1,20210420,-
130825,121148724,CGNL1,-,-,-,Un,-,cingulin like 1,protein-coding,-,-,-,cingulin-like protein 1,20210420,-
130825,121148725,LOC121148725,-,-,-,Un,-,"adenylate kinase 4, mitochondrial-like",pseudo,-,-,-,-,20210420,-
130825,121148726,RPL10L,-,-,-,Un,-,ribosomal protein L10 like,protein-coding,-,-,-,60S ribosomal protein L10-like,20210420,-
130825,121148727,SEC11A,-,-,-,Un,-,"SEC11 homolog A, signal peptidase complex subunit",protein-coding,-,-,-,signal peptidase complex catalytic subunit SEC11A,20210420,-
130825,121148728,LOC121148728,-,-,-,Un,-,probable histone-lysine N-methyltransferase PRDM7,pseudo,-,-,-,-,20210420,-
130825,121148729,FBN1,-,-,-,Un,-,fibrillin 1,protein-coding,-,-,-,fibrillin-1,20210420,-
130825,121148730,LOC121148730,-,-,-,Un,-,granzyme B-like,protein-coding,-,-,-,granzyme B-like,20210420,-
130825,121148731,CHST14,-,-,-,Un,-,carbohydrate sulfotransferase 14,protein-coding,-,-,-,carbohydrate sulfotransferase 14,20210420,-
130825,121148732,ADPGK,-,-,-,Un,-,ADP dependent glucokinase,protein-coding,-,-,-,ADP-dependent glucokinase,20210420,-
130825,121148733,SMAD3,-,-,-,Un,-,SMAD family member 3,protein-coding,-,-,-,mothers against decapentaplegic homolog 3,20210420,-
130825,121148734,AAGAB,-,-,-,Un,-,alpha and gamma adaptin binding protein,protein-coding,-,-,-,alpha- and gamma-adaptin-binding protein p34,20210420,-
130825,121148735,LOC121148735,-,-,-,Un,-,serine/threonine-protein kinase PAK 6,protein-coding,-,-,-,serine/threonine-protein kinase PAK 6,20210420,-
130825,121148736,LRFN5,-,-,-,Un,-,leucine rich repeat and fibronectin type III domain containing 5,protein-coding,-,-,-,leucine-rich repeat and fibronectin type-III domain-containing protein 5,20210420,-
130825,121148737,ATG14,-,-,-,Un,-,autophagy related 14,protein-coding,-,-,-,beclin 1-associated autophagy-related key regulator,20210420,-
130825,121148738,RHOV,-,-,-,Un,-,ras homolog family member V,protein-coding,-,-,-,rho-related GTP-binding protein RhoV,20210420,-
130825,121148739,ZNF280D,-,-,-,Un,-,zinc finger protein 280D,protein-coding,-,-,-,zinc finger protein 280D,20210420,-
130825,121148740,LOC121148740,-,-,-,Un,-,probable histone-lysine N-methyltransferase PRDM7,protein-coding,-,-,-,probable histone-lysine N-methyltransferase PRDM7,20210420,-
130825,121148741,CCNDBP1,-,-,-,Un,-,cyclin D1 binding protein 1,protein-coding,-,-,-,cyclin-D1-binding protein 1,20210420,-
130825,121148742,NOP10,-,-,-,Un,-,NOP10 ribonucleoprotein,protein-coding,-,-,-,H/ACA ribonucleoprotein complex subunit 3,20210420,-
130825,121148743,PIAS1,-,-,-,Un,-,protein inhibitor of activated STAT 1,protein-coding,-,-,-,E3 SUMO-protein ligase PIAS1,20210420,-
130825,121148744,FES,-,-,-,Un,-,"FES proto-oncogene, tyrosine kinase",protein-coding,-,-,-,tyrosine-protein kinase Fes/Fps,20210420,-
130825,121148745,PEX11A,-,-,-,Un,-,peroxisomal biogenesis factor 11 alpha,protein-coding,-,-,-,peroxisomal membrane protein 11A,20210420,-
130825,121148746,ADCY4,-,-,-,Un,-,adenylate cyclase 4,protein-coding,-,-,-,adenylate cyclase type 4,20210420,-
130825,121148747,LOC121148747,-,-,-,Un,-,probable histone-lysine N-methyltransferase PRDM7,protein-coding,-,-,-,probable histone-lysine N-methyltransferase PRDM7,20210420,-
130825,121148748,LTB4R,-,-,-,Un,-,leukotriene B4 receptor,protein-coding,-,-,-,leukotriene B4 receptor 1,20210420,-
130825,121148749,LOC121148749,-,-,-,Un,-,cytosolic phospholipase A2 beta-like,protein-coding,-,-,-,cytosolic phospholipase A2 beta-like,20210420,-
130825,121148750,LOC121148750,-,-,-,Un,-,bifunctional peptidase and (3S)-lysyl hydroxylase JMJD7,protein-coding,-,-,-,bifunctional peptidase and (3S)-lysyl hydroxylase JMJD7,20210420,-
130825,121148751,LACTB,-,-,-,Un,-,lactamase beta,protein-coding,-,-,-,"serine beta-lactamase-like protein LACTB, mitochondrial",20210420,-
130825,121148752,TGM5,-,-,-,Un,-,transglutaminase 5,protein-coding,-,-,-,protein-glutamine gamma-glutamyltransferase 5,20210420,-
130825,121148753,LOC121148753,-,-,-,Un,-,uncharacterized LOC121148753,ncRNA,-,-,-,-,20210420,-
130825,121148754,MYO1E,-,-,-,Un,-,myosin IE,protein-coding,-,-,-,unconventional myosin-Ie,20210420,-
130825,121148755,LOC121148755,-,-,-,Un,-,uncharacterized LOC121148755,ncRNA,-,-,-,-,20210420,-
130825,121148756,DTWD1,-,-,-,Un,-,DTW domain containing 1,protein-coding,-,-,-,tRNA-uridine aminocarboxypropyltransferase 1,20210420,-
130825,121148757,LOC121148757,-,-,-,Un,-,probable histone-lysine N-methyltransferase PRDM7,protein-coding,-,-,-,probable histone-lysine N-methyltransferase PRDM7,20210420,-
130825,121148758,TMEM62,-,-,-,Un,-,transmembrane protein 62,protein-coding,-,-,-,transmembrane protein 62,20210420,-
130825,121148759,DET1,-,-,-,Un,-,DET1 partner of COP1 E3 ubiquitin ligase,protein-coding,-,-,-,DET1 homolog,20210420,-
130825,121148760,MRPS11,-,-,-,Un,-,mitochondrial ribosomal protein S11,protein-coding,-,-,-,"28S ribosomal protein S11, mitochondrial",20210420,-
130825,121148761,SH3GL3,-,-,-,Un,-,"SH3 domain containing GRB2 like 3, endophilin A3",protein-coding,-,-,-,endophilin-A3,20210420,-
130825,121148762,LOC121148762,-,-,-,Un,-,probable histone-lysine N-methyltransferase PRDM7,pseudo,-,-,-,-,20210420,-
130825,121148763,ATP8B4,-,-,-,Un,-,ATPase phospholipid transporting 8B4 (putative),protein-coding,-,-,-,probable phospholipid-transporting ATPase IM,20210420,-
130825,121148764,SLC27A2,-,-,-,Un,-,solute carrier family 27 member 2,protein-coding,-,-,-,very long-chain acyl-CoA synthetase,20210420,-
130825,121148765,LOC121148765,-,-,-,Un,-,uncharacterized LOC121148765,ncRNA,-,-,-,-,20210420,-
130825,121148766,WHAMM,-,-,-,Un,-,"WASP homolog associated with actin, golgi membranes and microtubules",protein-coding,-,-,-,"WASP homolog-associated protein with actin, membranes and microtubules",20210420,-
130825,121148767,RPL4,-,-,-,Un,-,ribosomal protein L4,protein-coding,-,-,-,60S ribosomal protein L4,20210420,-
130825,121148768,TOGARAM1,-,-,-,Un,-,TOG array regulator of axonemal microtubules 1,protein-coding,-,-,-,TOG array regulator of axonemal microtubules protein 1,20210420,-
130825,121148769,LOC121148769,-,-,-,Un,-,probable histone-lysine N-methyltransferase PRDM7,pseudo,-,-,-,-,20210420,-
130825,121148770,SLC22A17,-,-,-,Un,-,solute carrier family 22 member 17,protein-coding,-,-,-,solute carrier family 22 member 17,20210420,-
130825,121148771,TRAPPC6B,-,-,-,Un,-,trafficking protein particle complex subunit 6B,protein-coding,-,-,-,trafficking protein particle complex subunit 6B,20210420,-
130825,121148772,RCCD1,-,-,-,Un,-,RCC1 domain containing 1,protein-coding,-,-,-,RCC1 domain-containing protein 1,20210420,-
130825,121148773,MCTP2,-,-,-,Un,-,multiple C2 and transmembrane domain containing 2,protein-coding,-,-,-,multiple C2 and transmembrane domain-containing protein 2,20210420,-
130825,121148774,LOC121148774,-,-,-,Un,-,"heat shock transcription factor, Y-linked-like",protein-coding,-,-,-,"heat shock transcription factor, Y-linked-like",20210420,-
130825,121148775,CTXN2,-,-,-,Un,-,cortexin 2,protein-coding,-,-,-,cortexin-2,20210420,-
130825,121148776,HEXA,-,-,-,Un,-,hexosaminidase subunit alpha,protein-coding,-,-,-,beta-hexosaminidase subunit alpha,20210420,-
130825,121148777,NAA30,-,-,-,Un,-,"N-alpha-acetyltransferase 30, NatC catalytic subunit",protein-coding,-,-,-,N-alpha-acetyltransferase 30,20210420,-
130825,121148778,LOC121148778,-,-,-,Un,-,uncharacterized LOC121148778,ncRNA,-,-,-,-,20210420,-
130825,121148779,GRAMD2B,-,-,-,Un,-,GRAM domain containing 2B,protein-coding,-,-,-,GRAM domain-containing protein 2B,20210420,-
130825,121148780,TMEM266,-,-,-,Un,-,transmembrane protein 266,protein-coding,-,-,-,transmembrane protein 266,20210420,-
130825,121148781,LOC121148781,-,-,-,Un,-,uncharacterized LOC121148781,ncRNA,-,-,-,-,20210420,-
130825,121148782,SPATA5L1,-,-,-,Un,-,spermatogenesis associated 5 like 1,protein-coding,-,-,-,spermatogenesis-associated protein 5-like protein 1,20210420,-
130825,121148783,LOC121148783,-,-,-,Un,-,testis-specific Y-encoded protein 3-like,protein-coding,-,-,-,testis-specific Y-encoded protein 3-like,20210420,-
130825,121148784,ISG20,-,-,-,Un,-,interferon stimulated exonuclease gene 20,protein-coding,-,-,-,interferon-stimulated gene 20 kDa protein,20210420,-
130825,121148785,ICE2,-,-,-,Un,-,interactor of little elongation complex ELL subunit 2,protein-coding,-,-,-,little elongation complex subunit 2,20210420,-
130825,121148786,LIPC,-,-,-,Un,-,"lipase C, hepatic type",protein-coding,-,-,-,hepatic triacylglycerol lipase,20210420,-
130825,121148787,LOC121148787,-,-,-,Un,-,uncharacterized LOC121148787,ncRNA,-,-,-,-,20210420,-
130825,121148788,KATNBL1,-,-,-,Un,-,katanin regulatory subunit B1 like 1,protein-coding,-,-,-,KATNB1-like protein 1,20210420,-
130825,121148789,CDH24,-,-,-,Un,-,cadherin 24,protein-coding,-,-,-,cadherin-24,20210420,-
130825,121148790,LOC121148790,-,-,-,Un,-,probable histone-lysine N-methyltransferase PRDM7,protein-coding,-,-,-,LOW QUALITY PROTEIN: probable histone-lysine N-methyltransferase PRDM7,20210420,-
130825,121148791,BBS4,-,-,-,Un,-,Bardet-Biedl syndrome 4,protein-coding,-,-,-,Bardet-Biedl syndrome 4 protein,20210420,-
130825,121148792,OTX2,-,-,-,Un,-,orthodenticle homeobox 2,protein-coding,-,-,-,homeobox protein OTX2,20210420,-
130825,121148793,NOP9,-,-,-,Un,-,NOP9 nucleolar protein,protein-coding,-,-,-,nucleolar protein 9,20210420,-
130825,121148794,LTB4R2,-,-,-,Un,-,leukotriene B4 receptor 2,protein-coding,-,-,-,leukotriene B4 receptor 2,20210420,-
130825,121148795,CIDEB,-,-,-,Un,-,cell death inducing DFFA like effector b,protein-coding,-,-,-,cell death activator CIDE-B,20210420,-
130825,121148796,CARMIL3,-,-,-,Un,-,capping protein regulator and myosin 1 linker 3,protein-coding,-,-,-,"capping protein, Arp2/3 and myosin-I linker protein 3",20210420,-
130825,121148797,LOC121148797,-,-,-,Un,-,uncharacterized LOC121148797,ncRNA,-,-,-,-,20210420,-
130825,121148798,CTSH,-,-,-,Un,-,cathepsin H,protein-coding,-,-,-,pro-cathepsin H,20210420,-
130825,121148799,TTC5,-,-,-,Un,-,tetratricopeptide repeat domain 5,protein-coding,-,-,-,tetratricopeptide repeat protein 5,20210420,-
130825,121148800,KNL1,-,-,-,Un,-,kinetochore scaffold 1,protein-coding,-,-,-,kinetochore scaffold 1,20210420,-
130825,121148801,LOC121148801,-,-,-,Un,-,olfactory receptor 4K15,protein-coding,-,-,-,olfactory receptor 4K15,20210420,-
130825,121148802,PARP16,-,-,-,Un,-,poly(ADP-ribose) polymerase family member 16,protein-coding,-,-,-,protein mono-ADP-ribosyltransferase PARP16,20210420,-
130825,121148803,LOC121148803,-,-,-,Un,-,uncharacterized LOC121148803,ncRNA,-,-,-,-,20210420,-
130825,121148804,UBE2Q2,-,-,-,Un,-,ubiquitin conjugating enzyme E2 Q2,protein-coding,-,-,-,ubiquitin-conjugating enzyme E2 Q2,20210420,-
130825,121148805,TXNDC16,-,-,-,Un,-,thioredoxin domain containing 16,protein-coding,-,-,-,thioredoxin domain-containing protein 16,20210420,-
130825,121148806,SLC35F4,-,-,-,Un,-,solute carrier family 35 member F4,protein-coding,-,-,-,solute carrier family 35 member F4,20210420,-
130825,121148807,LOC121148807,-,-,-,Un,-,aminopeptidase N-like,protein-coding,-,-,-,aminopeptidase N-like,20210420,-
130825,121148808,LOC121148808,-,-,-,Un,-,"28S ribosomal protein S33, mitochondrial-like",pseudo,-,-,-,-,20210420,-
130825,121148809,BRMS1L,-,-,-,Un,-,BRMS1 like transcriptional repressor,protein-coding,-,-,-,breast cancer metastasis-suppressor 1-like protein,20210420,-
130825,121148810,LOC121148810,-,-,-,Un,-,RNA polymerase-associated protein LEO1,protein-coding,-,-,-,RNA polymerase-associated protein LEO1,20210420,-
130825,121148811,ASB7,-,-,-,Un,-,ankyrin repeat and SOCS box containing 7,protein-coding,-,-,-,ankyrin repeat and SOCS box protein 7,20210420,-
130825,121148812,LOC121148812,-,-,-,Un,-,MAP3K12 binding inhibitory protein 1,protein-coding,-,-,-,MAP3K12-binding inhibitory protein 1,20210420,-
130825,121148813,LOC121148813,-,-,-,Un,-,probable histone-lysine N-methyltransferase PRDM7,pseudo,-,-,-,-,20210420,-
130825,121148814,ZSCAN2,-,-,-,Un,-,zinc finger and SCAN domain containing 2,protein-coding,-,-,-,zinc finger and SCAN domain-containing protein 2,20210420,-
130825,121148815,SNUPN,-,-,-,Un,-,snurportin 1,protein-coding,-,-,-,snurportin-1,20210420,-
130825,121148816,IMP3,-,-,-,Un,-,IMP U3 small nucleolar ribonucleoprotein 3,protein-coding,-,-,-,U3 small nucleolar ribonucleoprotein protein IMP3,20210420,-
130825,121148817,LOC121148817,-,-,-,Un,-,olfactory receptor 4K13-like,protein-coding,-,-,-,olfactory receptor 4K13-like,20210420,-
130825,121148818,TUBGCP5,-,-,-,Un,-,tubulin gamma complex associated protein 5,protein-coding,-,-,-,gamma-tubulin complex component 5,20210420,-
130825,121148819,SPINT1,-,-,-,Un,-,"serine peptidase inhibitor, Kunitz type 1",protein-coding,-,-,-,kunitz-type protease inhibitor 1,20210420,-
130825,121148820,LOC121148820,-,-,-,Un,-,probable histone-lysine N-methyltransferase PRDM7,protein-coding,-,-,-,probable histone-lysine N-methyltransferase PRDM7,20210420,-
130825,121148821,LOC121148821,-,-,-,Un,-,olfactory receptor 4F3/4F16/4F29-like,protein-coding,-,-,-,olfactory receptor 4F3/4F16/4F29-like,20210420,-
130825,121148822,NDN,-,-,-,Un,-,"necdin, MAGE family member",protein-coding,-,-,-,necdin,20210420,-
130825,121148823,RASGRF1,-,-,-,Un,-,Ras protein specific guanine nucleotide releasing factor 1,protein-coding,-,-,-,ras-specific guanine nucleotide-releasing factor 1,20210420,-
130825,121148824,DUOXA1,-,-,-,Un,-,dual oxidase maturation factor 1,protein-coding,-,-,-,dual oxidase maturation factor 1,20210420,-
130825,121148825,DUOXA2,-,-,-,Un,-,dual oxidase maturation factor 2,protein-coding,-,-,-,dual oxidase maturation factor 2,20210420,-
130825,121148826,RMDN3,-,-,-,Un,-,regulator of microtubule dynamics 3,protein-coding,-,-,-,regulator of microtubule dynamics protein 3,20210420,-
130825,121148827,RAD51,-,-,-,Un,-,RAD51 recombinase,protein-coding,-,-,-,DNA repair protein RAD51 homolog 1,20210420,-
130825,121148828,LOC121148828,-,-,-,Un,-,ubiquitin-conjugating enzyme E2 D3-like,pseudo,-,-,-,-,20210420,-
130825,121148829,TSPAN3,-,-,-,Un,-,tetraspanin 3,protein-coding,-,-,-,tetraspanin-3,20210420,-
130825,121148830,LOC121148830,-,-,-,Un,-,uncharacterized LOC121148830,ncRNA,-,-,-,-,20210420,-
130825,121148831,BAHD1,-,-,-,Un,-,bromo adjacent homology domain containing 1,protein-coding,-,-,-,bromo adjacent homology domain-containing 1 protein,20210420,-
130825,121148832,LOC121148832,-,-,-,Un,-,olfactory receptor 4K14-like,protein-coding,-,-,-,olfactory receptor 4K14-like,20210420,-
130825,121148833,VPS33B,-,-,-,Un,-,VPS33B late endosome and lysosome associated,protein-coding,-,-,-,vacuolar protein sorting-associated protein 33B,20210420,-
130825,121148834,LOC121148834,-,-,-,Un,-,olfactory receptor 4L1-like,protein-coding,-,-,-,olfactory receptor 4L1-like,20210420,-
130825,121148835,LOC121148835,-,-,-,Un,-,uncharacterized LOC121148835,pseudo,-,-,-,-,20210420,-
130825,121148836,ARRDC4,-,-,-,Un,-,arrestin domain containing 4,protein-coding,-,-,-,arrestin domain-containing protein 4,20210420,-
130825,121148837,NUBPL,-,-,-,Un,-,nucleotide binding protein like,protein-coding,-,-,-,iron-sulfur protein NUBPL,20210420,-
130825,121148838,LOC121148838,-,-,-,Un,-,aminopeptidase N-like,protein-coding,-,-,-,aminopeptidase N-like,20210420,-
130825,121148839,LOC121148839,-,-,-,Un,-,olfactory receptor 4K14-like,protein-coding,-,-,-,olfactory receptor 4K14-like,20210420,-
130825,121148840,BMP4,-,-,-,Un,-,bone morphogenetic protein 4,protein-coding,-,-,-,LOW QUALITY PROTEIN: bone morphogenetic protein 4,20210420,-
130825,121148841,L2HGDH,-,-,-,Un,-,L-2-hydroxyglutarate dehydrogenase,protein-coding,-,-,-,"L-2-hydroxyglutarate dehydrogenase, mitochondrial",20210420,-
130825,121148842,UNC45A,-,-,-,Un,-,unc-45 myosin chaperone A,protein-coding,-,-,-,protein unc-45 homolog A,20210420,-
130825,121148843,LOC121148843,-,-,-,Un,-,probable histone-lysine N-methyltransferase PRDM7,pseudo,-,-,-,-,20210420,-
130825,121148844,RYR3,-,-,-,Un,-,ryanodine receptor 3,protein-coding,-,-,-,ryanodine receptor 3,20210420,-
130825,121148845,SPESP1,-,-,-,Un,-,sperm equatorial segment protein 1,protein-coding,-,-,-,sperm equatorial segment protein 1,20210420,-
130825,121148846,LOC121148846,-,-,-,Un,-,olfactory receptor 4K14-like,protein-coding,-,-,-,olfactory receptor 4K14-like,20210420,-
130825,121148847,TMCO5A,-,-,-,Un,-,transmembrane and coiled-coil domains 5A,protein-coding,-,-,-,transmembrane and coiled-coil domain-containing protein 5A,20210420,-
130825,121148848,LOC121148848,-,-,-,Un,-,protein CDV3 homolog,protein-coding,-,-,-,protein CDV3 homolog,20210420,-
130825,121148849,FBXO22,-,-,-,Un,-,F-box protein 22,protein-coding,-,-,-,F-box only protein 22,20210420,-
130825,121148850,CERS3,-,-,-,Un,-,ceramide synthase 3,protein-coding,-,-,-,ceramide synthase 3,20210420,-
130825,121148851,CHRNA3,-,-,-,Un,-,cholinergic receptor nicotinic alpha 3 subunit,protein-coding,-,-,-,neuronal acetylcholine receptor subunit alpha-3,20210420,-
130825,121148852,LOC121148852,-,-,-,Un,-,probable histone-lysine N-methyltransferase PRDM7,pseudo,-,-,-,-,20210420,-
130825,121148853,PSMA6,-,-,-,Un,-,proteasome 20S subunit alpha 6,protein-coding,-,-,-,proteasome subunit alpha type-6,20210522,-
130825,121148854,LOC121148854,-,-,-,Un,-,mitogen-activated protein kinase-binding protein 1,protein-coding,-,-,-,mitogen-activated protein kinase-binding protein 1,20210420,-
130825,121148855,PAQR5,-,-,-,Un,-,progestin and adipoQ receptor family member 5,protein-coding,-,-,-,membrane progestin receptor gamma,20210420,-
130825,121148856,LOC121148856,-,-,-,Un,-,olfactory receptor 11H12-like,protein-coding,-,-,-,olfactory receptor 11H12-like,20210420,-
130825,121148857,RTRAF,-,-,-,Un,-,"RNA transcription, translation and transport factor",protein-coding,-,-,-,"RNA transcription, translation and transport factor protein",20210420,-
130825,121148858,LOC121148858,-,-,-,Un,-,uncharacterized LOC121148858,ncRNA,-,-,-,-,20210420,-
130825,121148859,MEF2A,-,-,-,Un,-,myocyte enhancer factor 2A,protein-coding,-,-,-,myocyte-specific enhancer factor 2A,20210420,-
130825,121148860,LOC121148860,-,-,-,Un,-,"28S ribosomal protein S33, mitochondrial-like",pseudo,-,-,-,-,20210420,-
130825,121148861,LOC121148861,-,-,-,Un,-,olfactory receptor 4F15-like,protein-coding,-,-,-,olfactory receptor 4F15-like,20210420,-
130825,121148862,CHRM5,-,-,-,Un,-,cholinergic receptor muscarinic 5,protein-coding,-,-,-,muscarinic acetylcholine receptor M5,20210420,-
130825,121148863,LOC121148863,-,-,-,Un,-,olfactory receptor 11H4,protein-coding,-,-,-,olfactory receptor 11H4,20210420,-
130825,121148864,PAX9,-,-,-,Un,-,paired box 9,protein-coding,-,-,-,paired box protein Pax-9,20210420,-
130825,121148865,LOC121148865,-,-,-,Un,-,olfactory receptor 4K13,protein-coding,-,-,-,olfactory receptor 4K13,20210420,-
130825,121148866,SEMA7A,-,-,-,Un,-,semaphorin 7A (John Milton Hagen blood group),protein-coding,-,-,-,semaphorin-7A,20210420,-
130825,121148867,CATSPER2,-,-,-,Un,-,cation channel sperm associated 2,protein-coding,-,-,-,cation channel sperm-associated protein 2,20210420,-
130825,121148868,IGF1R,-,-,-,Un,-,insulin like growth factor 1 receptor,protein-coding,-,-,-,insulin-like growth factor 1 receptor,20210420,-
130825,121148869,LOC121148869,-,-,-,Un,-,probable histone-lysine N-methyltransferase PRDM7,protein-coding,-,-,-,probable histone-lysine N-methyltransferase PRDM7,20210420,-
130825,121148870,LOC121148870,-,-,-,Un,-,olfactory receptor 4F3/4F16/4F29-like,protein-coding,-,-,-,olfactory receptor 4F3/4F16/4F29-like,20210420,-
130825,121148871,LOC121148871,-,-,-,Un,-,olfactory receptor 4F3/4F16/4F29-like,protein-coding,-,-,-,olfactory receptor 4F3/4F16/4F29-like,20210420,-
130825,121148872,CELF6,-,-,-,Un,-,CUGBP Elav-like family member 6,protein-coding,-,-,-,CUGBP Elav-like family member 6,20210420,-
130825,121148873,LOC121148873,-,-,-,Un,-,protein only RNase P catalytic subunit,protein-coding,-,-,-,mitochondrial ribonuclease P catalytic subunit,20210420,-
130825,121148874,SRP54,-,-,-,Un,-,signal recognition particle 54,protein-coding,-,-,-,signal recognition particle 54 kDa protein,20210501,-
130825,121148875,PPP2R3C,-,-,-,Un,-,protein phosphatase 2 regulatory subunit B''gamma,protein-coding,-,-,-,serine/threonine-protein phosphatase 2A regulatory subunit B'' subunit gamma,20210420,-
130825,121148876,LOC121148876,-,-,-,Un,-,uncharacterized LOC121148876,protein-coding,-,-,-,uncharacterized protein LOC121148876,20210420,-
130825,121148877,LOC121148877,-,-,-,Un,-,uncharacterized LOC121148877,ncRNA,-,-,-,-,20210420,-
130825,121148878,LOC121148878,-,-,-,Un,-,DNA-directed RNA polymerase II subunit GRINL1A-like,pseudo,-,-,-,-,20210420,-
130825,121148879,FAM177A1,-,-,-,Un,-,family with sequence similarity 177 member A1,protein-coding,-,-,-,protein FAM177A1,20210420,-
130825,121148880,ZNF770,-,-,-,Un,-,zinc finger protein 770,protein-coding,-,-,-,zinc finger protein 770,20210420,-
130825,121148881,PPIB,-,-,-,Un,-,peptidylprolyl isomerase B,protein-coding,-,-,-,peptidyl-prolyl cis-trans isomerase B,20210420,-
130825,121148882,SNX22,-,-,-,Un,-,sorting nexin 22,protein-coding,-,-,-,sorting nexin-22,20210420,-
130825,121148883,LOC121148883,-,-,-,Un,-,probable histone-lysine N-methyltransferase PRDM7,pseudo,-,-,-,-,20210420,-
130825,121148884,LOC121148884,-,-,-,Un,-,uncharacterized LOC121148884,ncRNA,-,-,-,-,20210420,-
130825,121148885,IDH2,-,-,-,Un,-,isocitrate dehydrogenase (NADP(+)) 2,protein-coding,-,-,-,"isocitrate dehydrogenase [NADP], mitochondrial",20210420,-
130825,121148886,HERC2,-,-,-,Un,-,HECT and RLD domain containing E3 ubiquitin protein ligase 2,protein-coding,-,-,-,E3 ubiquitin-protein ligase HERC2,20210420,-
130825,121148887,GJD2,-,-,-,Un,-,gap junction protein delta 2,protein-coding,-,-,-,gap junction delta-2 protein,20210420,-
130825,121148888,LOC121148888,-,-,-,Un,-,olfactory receptor 4K1-like,protein-coding,-,-,-,olfactory receptor 4K1-like,20210420,-
130825,121148889,DLGAP5,-,-,-,Un,-,DLG associated protein 5,protein-coding,-,-,-,disks large-associated protein 5,20210420,-
130825,121148890,LOC121148890,-,-,-,Un,-,BRD4-interacting chromatin-remodeling complex-associated protein-like,pseudo,-,-,-,-,20210420,-
130825,121148891,TJP1,-,-,-,Un,-,tight junction protein 1,protein-coding,-,-,-,tight junction protein ZO-1,20210420,-
130825,121148892,LOC121148892,-,-,-,Un,-,olfactory receptor 4K3,protein-coding,-,-,-,olfactory receptor 4K3,20210420,-
130825,121148893,ABHD17C,-,-,-,Un,-,"abhydrolase domain containing 17C, depalmitoylase",protein-coding,-,-,-,alpha/beta hydrolase domain-containing protein 17C,20210420,-
130825,121148894,LOC121148894,-,-,-,Un,-,olfactory receptor 4F3/4F16/4F29,protein-coding,-,-,-,olfactory receptor 4F3/4F16/4F29,20210420,-
130825,121148895,LOC121148895,-,-,-,Un,-,thymosin beta-10-like,pseudo,-,-,-,-,20210420,-
130825,121148896,SPTSSA,-,-,-,Un,-,serine palmitoyltransferase small subunit A,protein-coding,-,-,-,serine palmitoyltransferase small subunit A,20210424,-
130825,121148897,IVD,-,-,-,Un,-,isovaleryl-CoA dehydrogenase,protein-coding,-,-,-,"isovaleryl-CoA dehydrogenase, mitochondrial",20210420,-
130825,121148898,LOC121148898,-,-,-,Un,-,protein FAM71E1-like,pseudo,-,-,-,-,20210420,-
130825,121148899,TNFAIP8L3,-,-,-,Un,-,TNF alpha induced protein 8 like 3,protein-coding,-,-,-,tumor necrosis factor alpha-induced protein 8-like protein 3,20210420,-
130825,121148900,G2E3,-,-,-,Un,-,G2/M-phase specific E3 ubiquitin protein ligase,protein-coding,-,-,-,G2/M phase-specific E3 ubiquitin-protein ligase,20210420,-
130825,121148901,SCFD1,-,-,-,Un,-,sec1 family domain containing 1,protein-coding,-,-,-,sec1 family domain-containing protein 1,20210420,-
130825,121148902,LOC121148902,-,-,-,Un,-,probable G-protein coupled receptor 27,pseudo,-,-,-,-,20210420,-
130825,121148903,PSME1,-,-,-,Un,-,proteasome activator subunit 1,protein-coding,-,-,-,proteasome activator complex subunit 1,20210420,-
130825,121148904,EMC9,-,-,-,Un,-,ER membrane protein complex subunit 9,protein-coding,-,-,-,ER membrane protein complex subunit 9,20210420,-
130825,121148905,LOC121148905,-,-,-,Un,-,olfactory receptor 11H7-like,protein-coding,-,-,-,olfactory receptor 11H7-like,20210420,-
130825,121148906,LOC121148906,-,-,-,Un,-,olfactory receptor 4F3/4F16/4F29-like,protein-coding,-,-,-,olfactory receptor 4F3/4F16/4F29-like,20210420,-
130825,121148907,LOC121148907,-,-,-,Un,-,olfactory receptor 11G2-like,protein-coding,-,-,-,olfactory receptor 11G2-like,20210420,-
130825,121148908,ALDH7A1,-,-,-,Un,-,aldehyde dehydrogenase 7 family member A1,protein-coding,-,-,-,alpha-aminoadipic semialdehyde dehydrogenase,20210420,-
130825,121148909,CDAN1,-,-,-,Un,-,codanin 1,protein-coding,-,-,-,codanin-1,20210420,-
130825,121148910,GEMIN2,-,-,-,Un,-,gem nuclear organelle associated protein 2,protein-coding,-,-,-,gem-associated protein 2,20210420,-
130825,121148911,LOC121148911,-,-,-,Un,-,protein FAM170A-like,protein-coding,-,-,-,protein FAM170A-like,20210420,-
130825,121148912,PIF1,-,-,-,Un,-,PIF1 5'-to-3' DNA helicase,protein-coding,-,-,-,ATP-dependent DNA helicase PIF1,20210420,-
130825,121148913,TMC3,-,-,-,Un,-,transmembrane channel like 3,protein-coding,-,-,-,transmembrane channel-like protein 3,20210420,-
130825,121148914,TTC23,-,-,-,Un,-,tetratricopeptide repeat domain 23,protein-coding,-,-,-,tetratricopeptide repeat protein 23,20210420,-
130825,121148915,LOC121148915,-,-,-,Un,-,uncharacterized LOC121148915,ncRNA,-,-,-,-,20210420,-
130825,121148916,ANKDD1A,-,-,-,Un,-,ankyrin repeat and death domain containing 1A,protein-coding,-,-,-,ankyrin repeat and death domain-containing protein 1A,20210420,-
130825,121148917,LOC121148917,-,-,-,Un,-,uncharacterized LOC121148917,ncRNA,-,-,-,-,20210420,-
130825,121148918,SENP8,-,-,-,Un,-,"SUMO peptidase family member, NEDD8 specific",protein-coding,-,-,-,sentrin-specific protease 8,20210420,-
130825,121148919,LOC121148919,-,-,-,Un,-,putative vomeronasal receptor-like protein 4,protein-coding,-,-,-,LOW QUALITY PROTEIN: putative vomeronasal receptor-like protein 4,20210420,-
130825,121148920,WDR72,-,-,-,Un,-,WD repeat domain 72,protein-coding,-,-,-,WD repeat-containing protein 72,20210420,-
130825,121148921,NKX2-1,-,-,-,Un,-,NK2 homeobox 1,protein-coding,-,-,-,homeobox protein Nkx-2.1,20210420,-
130825,121148922,TMED3,-,-,-,Un,-,transmembrane p24 trafficking protein 3,protein-coding,-,-,-,transmembrane emp24 domain-containing protein 3,20210420,-
130825,121148923,REM2,-,-,-,Un,-,RRAD and GEM like GTPase 2,protein-coding,-,-,-,GTP-binding protein REM 2,20210420,-
130825,121148924,CHAC1,-,-,-,Un,-,ChaC glutathione specific gamma-glutamylcyclotransferase 1,protein-coding,-,-,-,glutathione-specific gamma-glutamylcyclotransferase 1,20210420,-
130825,121148925,ACAN,-,-,-,Un,-,aggrecan,protein-coding,-,-,-,aggrecan core protein,20210420,-
130825,121148926,FAN1,-,-,-,Un,-,FANCD2 and FANCI associated nuclease 1,protein-coding,-,-,-,fanconi-associated nuclease 1,20210420,-
130825,121148927,RNASE11,-,-,-,Un,-,ribonuclease A family member 11 (inactive),protein-coding,-,-,-,probable ribonuclease 11,20210420,-
130825,121148928,LOC121148928,-,-,-,Un,-,40S ribosomal protein S12-like,protein-coding,-,-,-,40S ribosomal protein S12-like,20210420,-
130825,121148929,NGRN,-,-,-,Un,-,"neugrin, neurite outgrowth associated",protein-coding,-,-,-,neugrin,20210420,-
130825,121148930,UBL7,-,-,-,Un,-,ubiquitin like 7,protein-coding,-,-,-,ubiquitin-like protein 7,20210420,-
130825,121148931,INAFM2,-,-,-,Un,-,InaF motif containing 2,protein-coding,-,-,-,putative transmembrane protein INAFM2,20210420,-
130825,121148932,NEO1,-,-,-,Un,-,neogenin 1,protein-coding,-,-,-,neogenin,20210420,-
130825,121148933,LOC121148933,-,-,-,Un,-,olfactory receptor 4F4-like,protein-coding,-,-,-,olfactory receptor 4F4-like,20210420,-
130825,121148934,GPR137C,-,-,-,Un,-,G protein-coupled receptor 137C,protein-coding,-,-,-,integral membrane protein GPR137C,20210420,-
130825,121148935,LOC121148935,-,-,-,Un,-,uncharacterized LOC121148935,ncRNA,-,-,-,-,20210420,-
130825,121148936,NUSAP1,-,-,-,Un,-,nucleolar and spindle associated protein 1,protein-coding,-,-,-,nucleolar and spindle-associated protein 1,20210420,-
130825,121148937,LOC121148937,-,-,-,Un,-,tetratricopeptide repeat protein 9C-like,pseudo,-,-,-,-,20210420,-
130825,121148938,NDUFAF1,-,-,-,Un,-,NADH:ubiquinone oxidoreductase complex assembly factor 1,protein-coding,-,-,-,"complex I intermediate-associated protein 30, mitochondrial",20210420,-
130825,121148939,LOC121148939,-,-,-,Un,-,40S ribosomal protein S12-like,protein-coding,-,-,-,40S ribosomal protein S12-like,20210420,-
130825,121148940,WDHD1,-,-,-,Un,-,WD repeat and HMG-box DNA binding protein 1,protein-coding,-,-,-,WD repeat and HMG-box DNA-binding protein 1,20210420,-
130825,121148941,LOC121148941,-,-,-,Un,-,olfactory receptor 4F15-like,protein-coding,-,-,-,olfactory receptor 4F15-like,20210420,-
130825,121148942,LOC121148942,-,-,-,Un,-,olfactory receptor 10G2,protein-coding,-,-,-,olfactory receptor 10G2,20210420,-
130825,121148943,WDR61,-,-,-,Un,-,WD repeat domain 61,protein-coding,-,-,-,WD repeat-containing protein 61,20210420,-
130825,121148944,LOC121148944,-,-,-,Un,-,olfactory receptor 4F15-like,protein-coding,-,-,-,olfactory receptor 4F15-like,20210420,-
130825,121148945,LOC121148945,-,-,-,Un,-,uncharacterized LOC121148945,ncRNA,-,-,-,-,20210420,-
130825,121148946,AP1G2,-,-,-,Un,-,adaptor related protein complex 1 subunit gamma 2,protein-coding,-,-,-,AP-1 complex subunit gamma-like 2,20210420,-
130825,121148947,JPH4,-,-,-,Un,-,junctophilin 4,protein-coding,-,-,-,junctophilin-4,20210420,-
130825,121148948,THTPA,-,-,-,Un,-,thiamine triphosphatase,protein-coding,-,-,-,thiamine-triphosphatase,20210420,-
130825,121148949,CHRNA5,-,-,-,Un,-,cholinergic receptor nicotinic alpha 5 subunit,protein-coding,-,-,-,neuronal acetylcholine receptor subunit alpha-5,20210420,-
130825,121148950,NSMCE3,-,-,-,Un,-,"NSE3 homolog, SMC5-SMC6 complex component",protein-coding,-,-,-,non-structural maintenance of chromosomes element 3 homolog,20210420,-
130825,121148951,LOC121148951,-,-,-,Un,-,vomeronasal type-1 receptor 90-like,protein-coding,-,-,-,vomeronasal type-1 receptor 90-like,20210420,-
130825,121148952,PSMA4,-,-,-,Un,-,proteasome 20S subunit alpha 4,protein-coding,-,-,-,proteasome subunit alpha type-4,20210501,-
130825,121148953,LOC121148953,-,-,-,Un,-,uncharacterized LOC121148953,ncRNA,-,-,-,-,20210420,-
130825,121148954,STRA6,-,-,-,Un,-,signaling receptor and transporter of retinol STRA6,protein-coding,-,-,-,receptor for retinol uptake STRA6,20210420,-
130825,121148955,SHC4,-,-,-,Un,-,SHC adaptor protein 4,protein-coding,-,-,-,SHC-transforming protein 4,20210420,-
130825,121148956,EID1,-,-,-,Un,-,EP300 interacting inhibitor of differentiation 1,protein-coding,-,-,-,EP300-interacting inhibitor of differentiation 1,20210420,-
130825,121148957,TBC1D21,-,-,-,Un,-,TBC1 domain family member 21,protein-coding,-,-,-,TBC1 domain family member 21,20210420,-
130825,121148958,EMC7,-,-,-,Un,-,ER membrane protein complex subunit 7,protein-coding,-,-,-,ER membrane protein complex subunit 7,20210420,-
130825,121148959,CDKN3,-,-,-,Un,-,cyclin dependent kinase inhibitor 3,protein-coding,-,-,-,cyclin-dependent kinase inhibitor 3,20210420,-
130825,121148960,LOC121148960,-,-,-,Un,-,vomeronasal type-2 receptor 116-like,protein-coding,-,-,-,vomeronasal type-2 receptor 116-like,20210420,-
130825,121148961,LOC121148961,-,-,-,Un,-,aromatase,protein-coding,-,-,-,aromatase,20210420,-
130825,121148962,LOC121148962,-,-,-,Un,-,dehydrogenase/reductase SDR family member 1-like,protein-coding,-,-,-,dehydrogenase/reductase SDR family member 1-like,20210420,-
130825,121148963,LOC121148963,-,-,-,Un,-,dehydrogenase/reductase SDR family member 1-like,pseudo,-,-,-,-,20210420,-
130825,121148964,LOC121148964,-,-,-,Un,-,dehydrogenase/reductase SDR family member 1-like,protein-coding,-,-,-,dehydrogenase/reductase SDR family member 1-like,20210420,-
130825,121148965,LOC121148965,-,-,-,Un,-,uncharacterized LOC121148965,ncRNA,-,-,-,-,20210420,-
130825,121148966,NIPA1,-,-,-,Un,-,NIPA magnesium transporter 1,protein-coding,-,-,-,magnesium transporter NIPA1,20210420,-
130825,121148967,IDH3A,-,-,-,Un,-,isocitrate dehydrogenase (NAD(+)) 3 catalytic subunit alpha,protein-coding,-,-,-,"isocitrate dehydrogenase [NAD] subunit alpha, mitochondrial",20210420,-
130825,121148968,SPG11,-,-,-,Un,-,"SPG11 vesicle trafficking associated, spatacsin",protein-coding,-,-,-,spatacsin,20210420,-
130825,121148969,LOC121148969,-,-,-,Un,-,protein FAM71E1-like,pseudo,-,-,-,-,20210420,-
130825,121148970,PATL2,-,-,-,Un,-,PAT1 homolog 2,protein-coding,-,-,-,protein PAT1 homolog 2,20210420,-
130825,121148971,EIF3J,-,-,-,Un,-,eukaryotic translation initiation factor 3 subunit J,protein-coding,-,-,-,eukaryotic translation initiation factor 3 subunit J,20210420,-
130825,121148972,LOC121148972,-,-,-,Un,-,zinc finger protein 268-like,protein-coding,-,-,-,zinc finger protein 268-like,20210420,-
130825,121148973,GCNT3,-,-,-,Un,-,"glucosaminyl (N-acetyl) transferase 3, mucin type",protein-coding,-,-,-,"beta-1,3-galactosyl-O-glycosyl-glycoprotein beta-1,6-N-acetylglucosaminyltransferase 3",20210420,-
130825,121148974,MPHOSPH10,-,-,-,Un,-,M-phase phosphoprotein 10,protein-coding,-,-,-,U3 small nucleolar ribonucleoprotein protein MPP10,20210420,-
130825,121148975,DUT,-,-,-,Un,-,deoxyuridine triphosphatase,protein-coding,-,-,-,"deoxyuridine 5'-triphosphate nucleotidohydrolase, mitochondrial",20210420,-
130825,121148976,LOC121148976,-,-,-,Un,-,uncharacterized LOC121148976,ncRNA,-,-,-,-,20210420,-
130825,121148977,LOC121148977,-,-,-,Un,-,protein FAM170A-like,protein-coding,-,-,-,protein FAM170A-like,20210420,-
130825,121148978,DLL4,-,-,-,Un,-,delta like canonical Notch ligand 4,protein-coding,-,-,-,delta-like protein 4,20210420,-
130825,121148979,SNRPA1,-,-,-,Un,-,small nuclear ribonucleoprotein polypeptide A',protein-coding,-,-,-,U2 small nuclear ribonucleoprotein A',20210420,-
130825,121148980,LOC121148980,-,-,-,Un,-,E2F associated phosphoprotein,protein-coding,-,-,-,E2F-associated phosphoprotein,20210420,-
130825,121148981,CHRNB4,-,-,-,Un,-,cholinergic receptor nicotinic beta 4 subunit,protein-coding,-,-,-,neuronal acetylcholine receptor subunit beta-4,20210420,-
130825,121148982,TM2D3,-,-,-,Un,-,TM2 domain containing 3,protein-coding,-,-,-,TM2 domain-containing protein 3,20210420,-
130825,121148983,LOC121148983,-,-,-,Un,-,prefoldin subunit 4-like,pseudo,-,-,-,-,20210420,-
130825,121148984,KIF23,-,-,-,Un,-,kinesin family member 23,protein-coding,-,-,-,kinesin-like protein KIF23,20210420,-
130825,121148985,LOC121148985,-,-,-,Un,-,protein FAM170A-like,protein-coding,-,-,-,protein FAM170A-like,20210420,-
130825,121148986,MEIS2,-,-,-,Un,-,Meis homeobox 2,protein-coding,-,-,-,homeobox protein Meis2,20210605,-
130825,121148987,RPUSD2,-,-,-,Un,-,RNA pseudouridine synthase domain containing 2,protein-coding,-,-,-,RNA pseudouridylate synthase domain-containing protein 2,20210420,-
130825,121148988,CCDC32,-,-,-,Un,-,coiled-coil domain containing 32,protein-coding,-,-,-,coiled-coil domain-containing protein 32,20210420,-
130825,121148989,NFKBIA,-,-,-,Un,-,NFKB inhibitor alpha,protein-coding,-,-,-,NF-kappa-B inhibitor alpha,20210420,-
130825,121148990,NTRK3,-,-,-,Un,-,neurotrophic receptor tyrosine kinase 3,protein-coding,-,-,-,NT-3 growth factor receptor,20210420,-
130825,121148991,LOC121148991,-,-,-,Un,-,putative vomeronasal receptor-like protein 4,protein-coding,-,-,-,putative vomeronasal receptor-like protein 4,20210420,-
130825,121148992,LOC121148992,-,-,-,Un,-,uncharacterized LOC121148992,ncRNA,-,-,-,-,20210420,-
130825,121148993,LOC121148993,-,-,-,Un,-,eosinophil cationic protein 1-like,protein-coding,-,-,-,eosinophil cationic protein 1-like,20210420,-
130825,121148994,LOC121148994,-,-,-,Un,-,uncharacterized LOC121148994,ncRNA,-,-,-,-,20210420,-
130825,121148995,LOC121148995,-,-,-,Un,-,"dehydrogenase/reductase SDR family member 2, mitochondrial-like",protein-coding,-,-,-,"dehydrogenase/reductase SDR family member 2, mitochondrial-like",20210420,-
130825,121148996,CORO2B,-,-,-,Un,-,coronin 2B,protein-coding,-,-,-,coronin-2B,20210420,-
130825,121148997,RCN2,-,-,-,Un,-,reticulocalbin 2,protein-coding,-,-,-,reticulocalbin-2,20210420,-
130825,121148998,RPAP1,-,-,-,Un,-,RNA polymerase II associated protein 1,protein-coding,-,-,-,RNA polymerase II-associated protein 1,20210420,-
130825,121148999,MAP1A,-,-,-,Un,-,microtubule associated protein 1A,protein-coding,-,-,-,microtubule-associated protein 1A,20210420,-
130825,121149000,SNX33,-,-,-,Un,-,sorting nexin 33,protein-coding,-,-,-,sorting nexin-33,20210420,-
130825,121149001,LOC121149001,-,-,-,Un,-,cyclin-C-like,pseudo,-,-,-,-,20210420,-
130825,121149002,LOC121149002,-,-,-,Un,-,magnesium-dependent phosphatase 1-like,protein-coding,-,-,-,magnesium-dependent phosphatase 1-like,20210420,-
130825,121149003,NEDD8,-,-,-,Un,-,NEDD8 ubiquitin like modifier,protein-coding,-,-,-,NEDD8,20210420,-
130825,121149004,ZNF219,-,-,-,Un,-,zinc finger protein 219,protein-coding,-,-,-,zinc finger protein 219,20210420,-
130825,121149005,TMEM253,-,-,-,Un,-,transmembrane protein 253,protein-coding,-,-,-,transmembrane protein 253,20210420,-
130825,121149006,LOC121149006,-,-,-,Un,-,inactive Rho GTPase-activating protein 11B-like,protein-coding,-,-,-,inactive Rho GTPase-activating protein 11B-like|rho GTPase-activating protein 11A-like,20210420,-
130825,121149007,LOC121149007,-,-,-,Un,-,neuroendocrine protein 7B2,protein-coding,-,-,-,neuroendocrine protein 7B2,20210420,-
130825,121149008,LOC121149008,-,-,-,Un,-,tetratricopeptide repeat protein 9C-like,pseudo,-,-,-,-,20210420,-
130825,121149009,RSL24D1,-,-,-,Un,-,ribosomal L24 domain containing 1,protein-coding,-,-,-,probable ribosome biogenesis protein RLP24,20210420,-
130825,121149010,KLHDC1,-,-,-,Un,-,kelch domain containing 1,protein-coding,-,-,-,kelch domain-containing protein 1,20210420,-
130825,121149011,VPS18,-,-,-,Un,-,VPS18 core subunit of CORVET and HOPS complexes,protein-coding,-,-,-,vacuolar protein sorting-associated protein 18 homolog,20210420,-
130825,121149012,CUNH14orf93,-,-,-,Un,-,chromosome unknown C14orf93 homolog,protein-coding,-,-,-,uncharacterized protein C14orf93 homolog,20210420,-
130825,121149013,CSNK1G1,-,-,-,Un,-,casein kinase 1 gamma 1,protein-coding,-,-,-,casein kinase I,20210420,-
130825,121149014,STRC,-,-,-,Un,-,stereocilin,protein-coding,-,-,-,stereocilin,20210420,-
130825,121149015,LOC121149015,-,-,-,Un,-,"creatine kinase U-type, mitochondrial",protein-coding,-,-,-,"creatine kinase U-type, mitochondrial",20210420,-
130825,121149016,LOC121149016,-,-,-,Un,-,40S ribosomal protein S12-like,protein-coding,-,-,-,40S ribosomal protein S12-like,20210420,-
130825,121149017,CRABP1,-,-,-,Un,-,cellular retinoic acid binding protein 1,protein-coding,-,-,-,cellular retinoic acid-binding protein 1,20210501,-
130825,121149018,METTL17,-,-,-,Un,-,methyltransferase like 17,protein-coding,-,-,-,"methyltransferase-like protein 17, mitochondrial",20210420,-
130825,121149019,ARID4A,-,-,-,Un,-,AT-rich interaction domain 4A,protein-coding,-,-,-,AT-rich interactive domain-containing protein 4A,20210420,-
130825,121149020,TOMM20L,-,-,-,Un,-,translocase of outer mitochondrial membrane 20 like,protein-coding,-,-,-,TOMM20-like protein 1,20210420,-
130825,121149021,TIMM9,-,-,-,Un,-,translocase of inner mitochondrial membrane 9,protein-coding,-,-,-,mitochondrial import inner membrane translocase subunit Tim9,20210420,-
130825,121149022,LOC121149022,-,-,-,Un,-,putative vomeronasal receptor-like protein 4,protein-coding,-,-,-,putative vomeronasal receptor-like protein 4,20210420,-
130825,121149023,CIAO2A,-,-,-,Un,-,cytosolic iron-sulfur assembly component 2A,protein-coding,-,-,-,cytosolic iron-sulfur assembly component 2A,20210420,-
130825,121149024,UNC13C,-,-,-,Un,-,unc-13 homolog C,protein-coding,-,-,-,protein unc-13 homolog C,20210420,-
130825,121149025,LOC121149025,-,-,-,Un,-,uncharacterized LOC121149025,ncRNA,-,-,-,-,20210420,-
130825,121149026,LOC121149026,-,-,-,Un,-,proteasome subunit alpha type-3-like,pseudo,-,-,-,-,20210420,-
130825,121149027,MTFMT,-,-,-,Un,-,mitochondrial methionyl-tRNA formyltransferase,protein-coding,-,-,-,"methionyl-tRNA formyltransferase, mitochondrial",20210420,-
130825,121149028,LOC121149028,-,-,-,Un,-,putative vomeronasal receptor-like protein 4,protein-coding,-,-,-,putative vomeronasal receptor-like protein 4,20210420,-
130825,121149029,LOC121149029,-,-,-,Un,-,EEF1A lysine methyltransferase 2-like,pseudo,-,-,-,-,20210420,-
130825,121149030,LOC121149030,-,-,-,Un,-,polyadenylate-binding protein 1-like,protein-coding,-,-,-,polyadenylate-binding protein 1-like,20210420,-
130825,121149031,GABRG3,-,-,-,Un,-,gamma-aminobutyric acid type A receptor subunit gamma3,protein-coding,-,-,-,gamma-aminobutyric acid receptor subunit gamma-3,20210420,-
130825,121149032,RABGGTA,-,-,-,Un,-,Rab geranylgeranyltransferase subunit alpha,protein-coding,-,-,-,geranylgeranyl transferase type-2 subunit alpha,20210420,-
130825,121149033,LOC121149033,-,-,-,Un,-,olfactory receptor 4K17-like,protein-coding,-,-,-,olfactory receptor 4K17-like,20210420,-
130825,121149034,MESD,-,-,-,Un,-,mesoderm development LRP chaperone,protein-coding,-,-,-,LRP chaperone MESD,20210420,-
130825,121149035,LYSMD2,-,-,-,Un,-,LysM domain containing 2,protein-coding,-,-,-,lysM and putative peptidoglycan-binding domain-containing protein 2,20210420,-
130825,121149036,LOC121149036,-,-,-,Un,-,uncharacterized LOC121149036,ncRNA,-,-,-,-,20210420,-
130825,121149037,LOXL1,-,-,-,Un,-,lysyl oxidase like 1,protein-coding,-,-,-,lysyl oxidase homolog 1,20210420,-
130825,121149038,CUNH14orf28,-,-,-,Un,-,chromosome unknown C14orf28 homolog,protein-coding,-,-,-,uncharacterized protein C14orf28 homolog,20210420,-
130825,121149039,LOC121149039,-,-,-,Un,-,probable G-protein coupled receptor 27,pseudo,-,-,-,-,20210420,-
130825,121149040,LOC121149040,-,-,-,Un,-,C2 calcium-dependent domain-containing protein 4A-like,protein-coding,-,-,-,C2 calcium-dependent domain-containing protein 4A-like,20210420,-
130825,121149041,PSME2,-,-,-,Un,-,proteasome activator subunit 2,protein-coding,-,-,-,proteasome activator complex subunit 2,20210420,-
130825,121149042,SNRPN,-,-,-,Un,-,small nuclear ribonucleoprotein polypeptide N,protein-coding,-,-,-,small nuclear ribonucleoprotein-associated protein N,20210501,-
130825,121149043,SNURF,-,-,-,Un,-,SNRPN upstream open reading frame,protein-coding,-,-,-,SNRPN upstream reading frame protein,20210420,-
130825,121149044,FAH,-,-,-,Un,-,fumarylacetoacetate hydrolase,protein-coding,-,-,-,fumarylacetoacetase,20210420,-
130825,121149045,LINGO1,-,-,-,Un,-,leucine rich repeat and Ig domain containing 1,protein-coding,-,-,-,leucine-rich repeat and immunoglobulin-like domain-containing nogo receptor-interacting protein 1,20210420,-
130825,121149046,ACTC1,-,-,-,Un,-,actin alpha cardiac muscle 1,protein-coding,-,-,-,"actin, alpha cardiac muscle 1",20210522,-
130825,121149047,LOC121149047,-,-,-,Un,-,protein FAM170A-like,protein-coding,-,-,-,protein FAM170A-like,20210420,-
130825,121149048,LOC121149048,-,-,-,Un,-,olfactory receptor 4M1,protein-coding,-,-,-,olfactory receptor 4M1,20210420,-
130825,121149049,AKAP6,-,-,-,Un,-,A-kinase anchoring protein 6,protein-coding,-,-,-,A-kinase anchor protein 6,20210420,-
130825,121149050,CMA1,-,-,-,Un,-,chymase 1,protein-coding,-,-,-,chymase,20210420,-
130825,121149051,LOC121149051,-,-,-,Un,-,olfactory receptor 10G2-like,protein-coding,-,-,-,olfactory receptor 10G2-like,20210420,-
130825,121149052,KNSTRN,-,-,-,Un,-,kinetochore localized astrin (SPAG5) binding protein,protein-coding,-,-,-,small kinetochore-associated protein,20210420,-
130825,121149053,LOC121149053,-,-,-,Un,-,40S ribosomal protein S12-like,pseudo,-,-,-,-,20210420,-
130825,121149054,LOC121149054,-,-,-,Un,-,uncharacterized LOC121149054,ncRNA,-,-,-,-,20210420,-
130825,121149055,RPS27L,-,-,-,Un,-,ribosomal protein S27 like,protein-coding,-,-,-,40S ribosomal protein S27-like,20210425,-
130825,121149056,LOC121149056,-,-,-,Un,-,olfactory receptor 4L1-like,protein-coding,-,-,-,olfactory receptor 4L1-like,20210420,-
130825,121149057,LOC121149057,-,-,-,Un,-,putative vomeronasal receptor-like protein 4,protein-coding,-,-,-,putative vomeronasal receptor-like protein 4,20210420,-
130825,121149058,PRC1,-,-,-,Un,-,protein regulator of cytokinesis 1,protein-coding,-,-,-,protein regulator of cytokinesis 1,20210420,-
130825,121149059,LOC121149059,-,-,-,Un,-,olfactory receptor 4F6-like,protein-coding,-,-,-,olfactory receptor 4F6-like,20210420,-
130825,121149060,FITM1,-,-,-,Un,-,fat storage inducing transmembrane protein 1,protein-coding,-,-,-,fat storage-inducing transmembrane protein 1,20210420,-
130825,121149061,HOMEZ,-,-,-,Un,-,homeobox and leucine zipper encoding,protein-coding,-,-,-,homeobox and leucine zipper protein Homez,20210420,-
130825,121149062,RNF212B,-,-,-,Un,-,ring finger protein 212B,protein-coding,-,-,-,RING finger protein 212B,20210420,-
130825,121149063,ALDH1A2,-,-,-,Un,-,aldehyde dehydrogenase 1 family member A2,protein-coding,-,-,-,retinal dehydrogenase 2,20210420,-
130825,121149064,LOC121149064,-,-,-,Un,-,uncharacterized LOC121149064,ncRNA,-,-,-,-,20210420,-
130825,121149065,AQP9,-,-,-,Un,-,aquaporin 9,protein-coding,-,-,-,aquaporin-9,20210420,-
130825,121149066,CFL2,-,-,-,Un,-,cofilin 2,protein-coding,-,-,-,cofilin-2,20210420,-
130825,121149067,CIB1,-,-,-,Un,-,calcium and integrin binding 1,protein-coding,-,-,-,calcium and integrin-binding protein 1,20210420,-
130825,121149068,LOC121149068,-,-,-,Un,-,olfactory receptor 4F21-like,protein-coding,-,-,-,olfactory receptor 4F21-like,20210420,-
130825,121149069,LOC121149069,-,-,-,Un,-,putative vomeronasal receptor-like protein 4,protein-coding,-,-,-,putative vomeronasal receptor-like protein 4,20210420,-
130825,121149070,FAM81A,-,-,-,Un,-,family with sequence similarity 81 member A,protein-coding,-,-,-,protein FAM81A,20210420,-
130825,121149071,TBPL2,-,-,-,Un,-,TATA-box binding protein like 2,protein-coding,-,-,-,LOW QUALITY PROTEIN: TATA box-binding protein-like 2,20210420,-
130825,121149072,TARS3,-,-,-,Un,-,threonyl-tRNA synthetase 3,protein-coding,-,-,-,"threonine--tRNA ligase 2, cytoplasmic",20210420,-
130825,121149073,PSMB5,-,-,-,Un,-,proteasome 20S subunit beta 5,protein-coding,-,-,-,proteasome subunit beta type-5,20210420,-
130825,121149074,LOC121149074,-,-,-,Un,-,rho GDP-dissociation inhibitor 1-like,pseudo,-,-,-,-,20210420,-
130825,121149075,LOC121149075,-,-,-,Un,-,FGFR1 oncogene partner 2 homolog,protein-coding,-,-,-,FGFR1 oncogene partner 2 homolog,20210420,-
130825,121149076,LOC121149076,-,-,-,Un,-,cell migration inducing hyaluronidase 1,protein-coding,-,-,-,cell migration-inducing and hyaluronan-binding protein,20210420,-
130825,121149077,BUB1B,-,-,-,Un,-,BUB1 mitotic checkpoint serine/threonine kinase B,protein-coding,-,-,-,mitotic checkpoint serine/threonine-protein kinase BUB1 beta,20210420,-
130825,121149078,LOC121149078,-,-,-,Un,-,probable G-protein coupled receptor 27,pseudo,-,-,-,-,20210420,-
130825,121149079,ST8SIA2,-,-,-,Un,-,"ST8 alpha-N-acetyl-neuraminide alpha-2,8-sialyltransferase 2",protein-coding,-,-,-,"alpha-2,8-sialyltransferase 8B",20210420,-
130825,121149080,NIN,-,-,-,Un,-,ninein,protein-coding,-,-,-,ninein,20210420,-
130825,121149081,CGRRF1,-,-,-,Un,-,cell growth regulator with ring finger domain 1,protein-coding,-,-,-,cell growth regulator with RING finger domain protein 1,20210420,-
130825,121149082,STOML1,-,-,-,Un,-,stomatin like 1,protein-coding,-,-,-,stomatin-like protein 1,20210420,-
130825,121149083,LOC121149083,-,-,-,Un,-,ADP-ribosylation factor-like protein 2,protein-coding,-,-,-,ADP-ribosylation factor-like protein 2,20210420,-
130825,121149084,LOC121149084,-,-,-,Un,-,protein FAM170A-like,protein-coding,-,-,-,protein FAM170A-like,20210420,-
130825,121149085,TGM1,-,-,-,Un,-,transglutaminase 1,protein-coding,-,-,-,protein-glutamine gamma-glutamyltransferase K,20210420,-
130825,121149086,DNAJA4,-,-,-,Un,-,DnaJ heat shock protein family (Hsp40) member A4,protein-coding,-,-,-,dnaJ homolog subfamily A member 4,20210420,-
130825,121149087,LOC121149087,-,-,-,Un,-,uncharacterized LOC121149087,ncRNA,-,-,-,-,20210420,-
130825,121149088,ONECUT1,-,-,-,Un,-,one cut homeobox 1,protein-coding,-,-,-,hepatocyte nuclear factor 6,20210420,-
130825,121149089,HYKK,-,-,-,Un,-,hydroxylysine kinase,protein-coding,-,-,-,hydroxylysine kinase,20210420,-
130825,121149090,SKOR1,-,-,-,Un,-,SKI family transcriptional corepressor 1,protein-coding,-,-,-,SKI family transcriptional corepressor 1,20210420,-
130825,121149091,TLNRD1,-,-,-,Un,-,talin rod domain containing 1,protein-coding,-,-,-,talin rod domain-containing protein 1,20210420,-
130825,121149092,LOC121149092,-,-,-,Un,-,olfactory receptor 4N2,protein-coding,-,-,-,olfactory receptor 4N2,20210420,-
130825,121149093,LOC121149093,-,-,-,Un,-,transcription initiation factor TFIID subunit 9-like,pseudo,-,-,-,-,20210420,-
130825,121149094,LOC121149094,-,-,-,Un,-,probable G-protein coupled receptor 27,pseudo,-,-,-,-,20210420,-
130825,121149095,SLC7A8,-,-,-,Un,-,solute carrier family 7 member 8,protein-coding,-,-,-,large neutral amino acids transporter small subunit 2,20210420,-
130825,121149096,LOC121149096,-,-,-,Un,-,ankyrin repeat domain-containing protein 13C-like,protein-coding,-,-,-,ankyrin repeat domain-containing protein 13C-like,20210420,-
130825,121149097,ZFAND6,-,-,-,Un,-,zinc finger AN1-type containing 6,protein-coding,-,-,-,AN1-type zinc finger protein 6,20210420,-
130825,121149098,LOC121149098,-,-,-,Un,-,uncharacterized LOC121149098,ncRNA,-,-,-,-,20210420,-
130825,121149099,LOC121149099,-,-,-,Un,-,uncharacterized LOC121149099,ncRNA,-,-,-,-,20210420,-
130825,121149100,PCK2,-,-,-,Un,-,"phosphoenolpyruvate carboxykinase 2, mitochondrial",protein-coding,-,-,-,"phosphoenolpyruvate carboxykinase [GTP], mitochondrial",20210420,-
130825,121149101,PHAX,-,-,-,Un,-,phosphorylated adaptor for RNA export,protein-coding,-,-,-,phosphorylated adapter RNA export protein,20210420,-
130825,121149102,PARP2,-,-,-,Un,-,poly(ADP-ribose) polymerase 2,protein-coding,-,-,-,poly [ADP-ribose] polymerase 2,20210420,-
130825,121149103,ISL2,-,-,-,Un,-,ISL LIM homeobox 2,protein-coding,-,-,-,insulin gene enhancer protein ISL-2,20210420,-
130825,121149104,LOC121149104,-,-,-,Un,-,uncharacterized LOC121149104,ncRNA,-,-,-,-,20210420,-
130825,121149105,ARIH1,-,-,-,Un,-,ariadne RBR E3 ubiquitin protein ligase 1,protein-coding,-,-,-,E3 ubiquitin-protein ligase ARIH1,20210420,-
130825,121149106,BLM,-,-,-,Un,-,BLM RecQ like helicase,protein-coding,-,-,-,Bloom syndrome protein,20210420,-
130825,121149107,HAUS4,-,-,-,Un,-,HAUS augmin like complex subunit 4,protein-coding,-,-,-,HAUS augmin-like complex subunit 4,20210420,-
130825,121149108,ATL1,-,-,-,Un,-,atlastin GTPase 1,protein-coding,-,-,-,atlastin-1,20210420,-
130825,121149109,LOC121149109,-,-,-,Un,-,putative vomeronasal receptor-like protein 4,protein-coding,-,-,-,LOW QUALITY PROTEIN: putative vomeronasal receptor-like protein 4,20210420,-
130825,121149110,VPS13C,-,-,-,Un,-,vacuolar protein sorting 13 homolog C,protein-coding,-,-,-,vacuolar protein sorting-associated protein 13C,20210420,-
130825,121149111,MIPOL1,-,-,-,Un,-,mirror-image polydactyly 1,protein-coding,-,-,-,mirror-image polydactyly gene 1 protein,20210420,-
130825,121149112,LINS1,-,-,-,Un,-,lines homolog 1,protein-coding,-,-,-,protein Lines homolog 1,20210420,-
130825,121149113,LPCAT4,-,-,-,Un,-,lysophosphatidylcholine acyltransferase 4,protein-coding,-,-,-,lysophospholipid acyltransferase LPCAT4,20210420,-
130825,121149114,CCNB2,-,-,-,Un,-,cyclin B2,protein-coding,-,-,-,G2/mitotic-specific cyclin-B2,20210420,-
130825,121149115,SLC25A21,-,-,-,Un,-,solute carrier family 25 member 21,protein-coding,-,-,-,mitochondrial 2-oxodicarboxylate carrier,20210420,-
130825,121149116,ZWILCH,-,-,-,Un,-,zwilch kinetochore protein,protein-coding,-,-,-,protein zwilch homolog,20210420,-
130825,121149117,LOC121149117,-,-,-,Un,-,probable G-protein coupled receptor 27,pseudo,-,-,-,-,20210420,-
130825,121149118,LCTL,-,-,-,Un,-,lactase like,protein-coding,-,-,-,lactase-like protein,20210420,-
130825,121149119,TIPIN,-,-,-,Un,-,TIMELESS interacting protein,protein-coding,-,-,-,TIMELESS-interacting protein,20210420,-
130825,121149120,LOC121149120,-,-,-,Un,-,"DNA-directed RNA polymerases I, II, and III subunit RPABC5-like",pseudo,-,-,-,-,20210420,-
130825,121149121,MDGA2,-,-,-,Un,-,MAM domain containing glycosylphosphatidylinositol anchor 2,protein-coding,-,-,-,MAM domain-containing glycosylphosphatidylinositol anchor protein 2,20210420,-
130825,121149122,SELENOS,-,-,-,Un,-,selenoprotein S,protein-coding,-,-,-,selenoprotein S,20210420,-
130825,121149123,LOC121149123,-,-,-,Un,-,treslin-like,protein-coding,-,-,-,treslin-like,20210420,-
130825,121149124,LOC121149124,-,-,-,Un,-,uncharacterized LOC121149124,ncRNA,-,-,-,-,20210420,-
130825,121149125,LOC121149125,-,-,-,Un,-,kinesin-like protein KIF7,protein-coding,-,-,-,kinesin-like protein KIF7,20210420,-
130825,121149126,MYO9A,-,-,-,Un,-,myosin IXA,protein-coding,-,-,-,unconventional myosin-IXa,20210420,-
130825,121149127,LOC121149127,-,-,-,Un,-,uncharacterized LOC121149127,ncRNA,-,-,-,-,20210420,-
130825,121149128,RAB8B,-,-,-,Un,-,"RAB8B, member RAS oncogene family",protein-coding,-,-,-,ras-related protein Rab-8B,20210420,-
130825,121149129,LOC121149129,-,-,-,Un,-,uncharacterized LOC121149129,ncRNA,-,-,-,-,20210420,-
130825,121149130,SAMD4A,-,-,-,Un,-,sterile alpha motif domain containing 4A,protein-coding,-,-,-,protein Smaug homolog 1,20210420,-
130825,121149131,LOC121149131,-,-,-,Un,-,putative vomeronasal receptor-like protein 4,protein-coding,-,-,-,putative vomeronasal receptor-like protein 4,20210420,-
130825,121149132,PPP1R3E,-,-,-,Un,-,protein phosphatase 1 regulatory subunit 3E,protein-coding,-,-,-,protein phosphatase 1 regulatory subunit 3E,20210420,-
130825,121149133,FMN1,-,-,-,Un,-,formin 1,protein-coding,-,-,-,formin-1,20210420,-
130825,121149134,CUNH15orf48,-,-,-,Un,-,chromosome unknown C15orf48 homolog,protein-coding,-,-,-,normal mucosa of esophagus-specific gene 1 protein,20210420,-
130825,121149135,ZFHX2,-,-,-,Un,-,zinc finger homeobox 2,protein-coding,-,-,-,zinc finger homeobox protein 2,20210420,-
130825,121149136,CYFIP1,-,-,-,Un,-,cytoplasmic FMR1 interacting protein 1,protein-coding,-,-,-,cytoplasmic FMR1-interacting protein 1,20210420,-
130825,121149137,NIPA2,-,-,-,Un,-,NIPA magnesium transporter 2,protein-coding,-,-,-,magnesium transporter NIPA2,20210420,-
130825,121149138,LOC121149138,-,-,-,Un,-,probable G-protein coupled receptor 27,pseudo,-,-,-,-,20210420,-
130825,121149139,LOC121149139,-,-,-,Un,-,40S ribosomal protein S3a-like,pseudo,-,-,-,-,20210420,-
130825,121149140,RAMAC,-,-,-,Un,-,RNA guanine-7 methyltransferase activating subunit,protein-coding,-,-,-,RNA guanine-N7 methyltransferase activating subunit,20210420,-
130825,121149141,LOC121149141,-,-,-,Un,-,probable G-protein coupled receptor 27,pseudo,-,-,-,-,20210420,-
130825,121149142,ISLR2,-,-,-,Un,-,immunoglobulin superfamily containing leucine rich repeat 2,protein-coding,-,-,-,immunoglobulin superfamily containing leucine-rich repeat protein 2,20210420,-
130825,121149143,CLEC14A,-,-,-,Un,-,C-type lectin domain containing 14A,protein-coding,-,-,-,C-type lectin domain family 14 member A,20210420,-
130825,121149144,ISLR,-,-,-,Un,-,immunoglobulin superfamily containing leucine rich repeat,protein-coding,-,-,-,immunoglobulin superfamily containing leucine-rich repeat protein,20210420,-
130825,121149145,PTGER2,-,-,-,Un,-,prostaglandin E receptor 2,protein-coding,-,-,-,prostaglandin E2 receptor EP2 subtype,20210420,-
130825,121149146,CUNH15orf40,-,-,-,Un,-,chromosome unknown C15orf40 homolog,protein-coding,-,-,-,UPF0235 protein C15orf40 homolog,20210420,-
130825,121149147,MRPL46,-,-,-,Un,-,mitochondrial ribosomal protein L46,protein-coding,-,-,-,"39S ribosomal protein L46, mitochondrial",20210420,-
130825,121149148,LOC121149148,-,-,-,Un,-,ER membrane protein complex subunit 4-like,pseudo,-,-,-,-,20210420,-
130825,121149149,DTD2,-,-,-,Un,-,D-aminoacyl-tRNA deacylase 2,protein-coding,-,-,-,D-aminoacyl-tRNA deacylase 2,20210420,-
130825,121149150,FSD2,-,-,-,Un,-,fibronectin type III and SPRY domain containing 2,protein-coding,-,-,-,fibronectin type III and SPRY domain-containing protein 2,20210420,-
130825,121149151,LOC121149151,-,-,-,Un,-,uncharacterized LOC121149151,ncRNA,-,-,-,-,20210420,-
130825,121149152,LOC121149152,-,-,-,Un,-,holocytochrome c-type synthase-like,protein-coding,-,-,-,holocytochrome c-type synthase-like,20210420,-
130825,121149153,LOC121149153,-,-,-,Un,-,uncharacterized LOC121149153,ncRNA,-,-,-,-,20210420,-
130825,121149154,CLN6,-,-,-,Un,-,CLN6 transmembrane ER protein,protein-coding,-,-,-,ceroid-lipofuscinosis neuronal protein 6,20210420,-
130825,121149155,FOXA1,-,-,-,Un,-,forkhead box A1,protein-coding,-,-,-,hepatocyte nuclear factor 3-alpha,20210420,-
130825,121149156,MMP14,-,-,-,Un,-,matrix metallopeptidase 14,protein-coding,-,-,-,matrix metalloproteinase-14,20210420,-
130825,121149157,LOC121149157,-,-,-,Un,-,T cell receptor alpha variable 4-like,other,-,-,-,-,20210420,-
130825,121149158,LOC121149158,-,-,-,Un,-,probable G-protein coupled receptor 27,pseudo,-,-,-,-,20210420,-
130825,121149159,BAZ1A,-,-,-,Un,-,bromodomain adjacent to zinc finger domain 1A,protein-coding,-,-,-,bromodomain adjacent to zinc finger domain protein 1A,20210420,-
130825,121149160,CBLN3,-,-,-,Un,-,cerebellin 3 precursor,protein-coding,-,-,-,cerebellin-3,20210420,-
130825,121149161,LOC121149161,-,-,-,Un,-,40S ribosomal protein S24-like,pseudo,-,-,-,-,20210420,-
130825,121149162,SLC12A6,-,-,-,Un,-,solute carrier family 12 member 6,protein-coding,-,-,-,solute carrier family 12 member 6,20210420,-
130825,121149163,EMC4,-,-,-,Un,-,ER membrane protein complex subunit 4,protein-coding,-,-,-,ER membrane protein complex subunit 4,20210420,-
130825,121149164,CA12,-,-,-,Un,-,carbonic anhydrase 12,protein-coding,-,-,-,carbonic anhydrase 12,20210420,-
130825,121149165,PLA2G4E,-,-,-,Un,-,phospholipase A2 group IVE,protein-coding,-,-,-,cytosolic phospholipase A2 epsilon,20210420,-
130825,121149166,LOC121149166,-,-,-,Un,-,vomeronasal type-1 receptor 48-like,protein-coding,-,-,-,vomeronasal type-1 receptor 48-like,20210420,-
130825,121149167,PLIN1,-,-,-,Un,-,perilipin 1,protein-coding,-,-,-,perilipin-1,20210420,-
130825,121149168,RPS29,-,-,-,Un,-,ribosomal protein S29,protein-coding,-,-,-,40S ribosomal protein S29,20210522,-
130825,121149169,LOC121149169,-,-,-,Un,-,protein PRRC1-like,pseudo,-,-,-,-,20210420,-
130825,121149170,FGF7,-,-,-,Un,-,fibroblast growth factor 7,protein-coding,-,-,-,fibroblast growth factor 7,20210420,-
130825,121149171,MYO5C,-,-,-,Un,-,myosin VC,protein-coding,-,-,-,unconventional myosin-Vc,20210420,-
130825,121149172,MCEE,-,-,-,Un,-,methylmalonyl-CoA epimerase,protein-coding,-,-,-,"methylmalonyl-CoA epimerase, mitochondrial",20210420,-
130825,121149173,LRR1,-,-,-,Un,-,leucine rich repeat protein 1,protein-coding,-,-,-,leucine-rich repeat protein 1,20210420,-
130825,121149174,GREM1,-,-,-,Un,-,"gremlin 1, DAN family BMP antagonist",protein-coding,-,-,-,gremlin-1,20210605,-
130825,121149175,PPCDC,-,-,-,Un,-,phosphopantothenoylcysteine decarboxylase,protein-coding,-,-,-,phosphopantothenoylcysteine decarboxylase,20210420,-
130825,121149176,LOC121149176,-,-,-,Un,-,phospholipid-transporting ATPase IF-like,protein-coding,-,-,-,phospholipid-transporting ATPase IF-like,20210420,-
130825,121149177,RNASE12,-,-,-,Un,-,ribonuclease A family member 12 (inactive),protein-coding,-,-,-,probable inactive ribonuclease-like protein 12,20210420,-
130825,121149178,APH1B,-,-,-,Un,-,"aph-1 homolog B, gamma-secretase subunit",protein-coding,-,-,-,gamma-secretase subunit APH-1B,20210420,-
130825,121149179,LOC121149179,-,-,-,Un,-,zinc finger protein 33B-like,protein-coding,-,-,-,zinc finger protein 33B-like,20210420,-
130825,121149180,LMNB1,-,-,-,Un,-,lamin B1,protein-coding,-,-,-,lamin-B1,20210420,-
130825,121149181,LOC121149181,-,-,-,Un,-,olfactory receptor 4N5,protein-coding,-,-,-,olfactory receptor 4N5,20210420,-
130825,121149182,WDR73,-,-,-,Un,-,WD repeat domain 73,protein-coding,-,-,-,WD repeat-containing protein 73,20210420,-
130825,121149183,HCN4,-,-,-,Un,-,hyperpolarization activated cyclic nucleotide gated potassium channel 4,protein-coding,-,-,-,potassium/sodium hyperpolarization-activated cyclic nucleotide-gated channel 4,20210420,-
130825,121149184,MRPL52,-,-,-,Un,-,mitochondrial ribosomal protein L52,protein-coding,-,-,-,"39S ribosomal protein L52, mitochondrial",20210420,-
130825,121149185,LOC121149185,-,-,-,Un,-,BRD4-interacting chromatin-remodeling complex-associated protein-like,pseudo,-,-,-,-,20210420,-
130825,121149186,SOS2,-,-,-,Un,-,SOS Ras/Rho guanine nucleotide exchange factor 2,protein-coding,-,-,-,son of sevenless homolog 2,20210420,-
130825,121149187,VCPKMT,-,-,-,Un,-,valosin containing protein lysine methyltransferase,protein-coding,-,-,-,protein-lysine methyltransferase METTL21D,20210420,-
130825,121149188,IGDCC4,-,-,-,Un,-,immunoglobulin superfamily DCC subclass member 4,protein-coding,-,-,-,immunoglobulin superfamily DCC subclass member 4,20210420,-
130825,121149189,SORD,-,-,-,Un,-,sorbitol dehydrogenase,protein-coding,-,-,-,sorbitol dehydrogenase,20210420,-
130825,121149190,SMAD6,-,-,-,Un,-,SMAD family member 6,protein-coding,-,-,-,mothers against decapentaplegic homolog 6,20210420,-
130825,121149191,LOC121149191,-,-,-,Un,-,uncharacterized LOC121149191,ncRNA,-,-,-,-,20210420,-
130825,121149192,CCNB1IP1,-,-,-,Un,-,cyclin B1 interacting protein 1,protein-coding,-,-,-,E3 ubiquitin-protein ligase CCNB1IP1,20210420,-
130825,121149193,LOC121149193,-,-,-,Un,-,uncharacterized LOC121149193,protein-coding,-,-,-,LOW QUALITY PROTEIN: uncharacterized protein LOC121149193,20210420,-
130825,121149194,LOC121149194,-,-,-,Un,-,"cholesterol side-chain cleavage enzyme, mitochondrial",protein-coding,-,-,-,"cholesterol side-chain cleavage enzyme, mitochondrial",20210420,-
130825,121149195,FOXB1,-,-,-,Un,-,forkhead box B1,protein-coding,-,-,-,forkhead box protein B1,20210420,-
130825,121149196,LYSMD4,-,-,-,Un,-,LysM domain containing 4,protein-coding,-,-,-,lysM and putative peptidoglycan-binding domain-containing protein 4,20210420,-
130825,121149197,SYNM,-,-,-,Un,-,synemin,protein-coding,-,-,-,synemin,20210420,-
130825,121149198,FERMT2,-,-,-,Un,-,FERM domain containing kindlin 2,protein-coding,-,-,-,fermitin family homolog 2,20210420,-
130825,121149199,TEX9,-,-,-,Un,-,testis expressed 9,protein-coding,-,-,-,testis-expressed protein 9,20210420,-
130825,121149200,LOC121149200,-,-,-,Un,-,uncharacterized LOC121149200,ncRNA,-,-,-,-,20210420,-
130825,121149201,SCG3,-,-,-,Un,-,secretogranin III,protein-coding,-,-,-,secretogranin-3,20210420,-
130825,121149202,LOC121149202,-,-,-,Un,-,nibrin-like,protein-coding,-,-,-,nibrin-like,20210420,-
130825,121149203,GATM,-,-,-,Un,-,glycine amidinotransferase,protein-coding,-,-,-,"glycine amidinotransferase, mitochondrial",20210420,-
130825,121149204,LOC121149204,-,-,-,Un,-,olfactory receptor 4N4C,protein-coding,-,-,-,olfactory receptor 4N4C,20210420,-
130825,121149205,PLA2G4F,-,-,-,Un,-,phospholipase A2 group IVF,protein-coding,-,-,-,cytosolic phospholipase A2 zeta,20210420,-
130825,121149206,PEAK1,-,-,-,Un,-,pseudopodium enriched atypical kinase 1,protein-coding,-,-,-,inactive tyrosine-protein kinase PEAK1,20210420,-
130825,121149207,LOC121149207,-,-,-,Un,-,elongation factor 1-alpha 1-like,pseudo,-,-,-,-,20210420,-
130825,121149208,RIPK3,-,-,-,Un,-,receptor interacting serine/threonine kinase 3,protein-coding,-,-,-,receptor-interacting serine/threonine-protein kinase 3,20210420,-
130825,121149209,LOC121149209,-,-,-,Un,-,uncharacterized LOC121149209,ncRNA,-,-,-,-,20210420,-
130825,121149210,LOC121149210,-,-,-,Un,-,uncharacterized LOC121149210,ncRNA,-,-,-,-,20210420,-
130825,121149211,LOC121149211,-,-,-,Un,-,uncharacterized LOC121149211,ncRNA,-,-,-,-,20210420,-
130825,121149212,AJUBA,-,-,-,Un,-,ajuba LIM protein,protein-coding,-,-,-,LIM domain-containing protein ajuba,20210420,-
130825,121149213,UBAP1L,-,-,-,Un,-,ubiquitin associated protein 1 like,protein-coding,-,-,-,ubiquitin-associated protein 1-like,20210420,-
130825,121149214,SNAP23,-,-,-,Un,-,synaptosome associated protein 23,protein-coding,-,-,-,synaptosomal-associated protein 23,20210420,-
130825,121149215,LRRC57,-,-,-,Un,-,leucine rich repeat containing 57,protein-coding,-,-,-,leucine-rich repeat-containing protein 57,20210420,-
130825,121149216,GPR33,-,-,-,Un,-,G protein-coupled receptor 33,protein-coding,-,-,-,probable G-protein coupled receptor 33,20210420,-
130825,121149217,ZNF609,-,-,-,Un,-,zinc finger protein 609,protein-coding,-,-,-,zinc finger protein 609,20210420,-
130825,121149218,LOC121149218,-,-,-,Un,-,uncharacterized LOC121149218,ncRNA,-,-,-,-,20210420,-
130825,121149219,OAZ2,-,-,-,Un,-,ornithine decarboxylase antizyme 2,protein-coding,-,-,-,LOW QUALITY PROTEIN: ornithine decarboxylase antizyme 2,20210420,-
130825,121149220,GPR176,-,-,-,Un,-,G protein-coupled receptor 176,protein-coding,-,-,-,G-protein coupled receptor 176,20210420,-
130825,121149221,HDC,-,-,-,Un,-,histidine decarboxylase,protein-coding,-,-,-,histidine decarboxylase,20210420,-
130825,121149222,LOC121149222,-,-,-,Un,-,40S ribosomal protein S12-like,pseudo,-,-,-,-,20210420,-
130825,121149223,CCDC9B,-,-,-,Un,-,coiled-coil domain containing 9B,protein-coding,-,-,-,coiled-coil domain-containing protein 9B,20210420,-
130825,121149224,LOC121149224,-,-,-,Un,-,uncharacterized LOC121149224,ncRNA,-,-,-,-,20210420,-
130825,121149225,ADAMTS17,-,-,-,Un,-,ADAM metallopeptidase with thrombospondin type 1 motif 17,protein-coding,-,-,-,A disintegrin and metalloproteinase with thrombospondin motifs 17,20210420,-
130825,121149226,LOC121149226,-,-,-,Un,-,uncharacterized LOC121149226,ncRNA,-,-,-,-,20210420,-
130825,121149227,SAV1,-,-,-,Un,-,salvador family WW domain containing protein 1,protein-coding,-,-,-,protein salvador homolog 1,20210420,-
130825,121149228,GDPGP1,-,-,-,Un,-,GDP-D-glucose phosphorylase 1,protein-coding,-,-,-,GDP-D-glucose phosphorylase 1,20210420,-
130825,121149229,MEX3B,-,-,-,Un,-,mex-3 RNA binding family member B,protein-coding,-,-,-,RNA-binding protein MEX3B,20210420,-
130825,121149230,CUNH15orf61,-,-,-,Un,-,chromosome unknown C15orf61 homolog,protein-coding,-,-,-,uncharacterized protein C15orf61 homolog,20210420,-
130825,121149231,LOC121149231,-,-,-,Un,-,uncharacterized LOC121149231,ncRNA,-,-,-,-,20210420,-
130825,121149232,KLF13,-,-,-,Un,-,Kruppel like factor 13,protein-coding,-,-,-,Krueppel-like factor 13,20210420,-
130825,121149233,SCAPER,-,-,-,Un,-,S-phase cyclin A associated protein in the ER,protein-coding,-,-,-,S phase cyclin A-associated protein in the endoplasmic reticulum,20210420,-
130825,121149234,NRL,-,-,-,Un,-,neural retina leucine zipper,protein-coding,-,-,-,neural retina-specific leucine zipper protein,20210420,-
130825,121149235,TCF12,-,-,-,Un,-,transcription factor 12,protein-coding,-,-,-,transcription factor 12,20210420,-
130825,121149236,LOC121149236,-,-,-,Un,-,mitogen-activated protein kinase kinase kinase 21-like,pseudo,-,-,-,-,20210420,-
130825,121149237,LOC121149237,-,-,-,Un,-,U6 snRNA-associated Sm-like protein LSm5,protein-coding,-,-,-,LOW QUALITY PROTEIN: U6 snRNA-associated Sm-like protein LSm5,20210420,-
130825,121149238,LOC121149238,-,-,-,Un,-,uncharacterized LOC121149238,ncRNA,-,-,-,-,20210420,-
130825,121149239,CALML4,-,-,-,Un,-,calmodulin like 4,protein-coding,-,-,-,LOW QUALITY PROTEIN: calmodulin-like protein 4,20210420,-
130825,121149240,LOC121149240,-,-,-,Un,-,cartilage intermediate layer protein,protein-coding,-,-,-,cartilage intermediate layer protein 1,20210420,-
130825,121149241,LOC121149241,-,-,-,Un,-,E3 ubiquitin-protein ligase TRIM31-like,protein-coding,-,-,-,E3 ubiquitin-protein ligase TRIM31-like,20210420,-
130825,121149242,RASL12,-,-,-,Un,-,RAS like family 12,protein-coding,-,-,-,ras-like protein family member 12,20210420,-
130825,121149243,OTUD7A,-,-,-,Un,-,OTU deubiquitinase 7A,protein-coding,-,-,-,OTU domain-containing protein 7A,20210420,-
130825,121149244,LOC121149244,-,-,-,Un,-,uncharacterized LOC121149244,ncRNA,-,-,-,-,20210420,-
130825,121149245,LOC121149245,-,-,-,Un,-,methylosome subunit pICln-like,pseudo,-,-,-,-,20210420,-
130825,121149246,LOC121149246,-,-,-,Un,-,"cytochrome c oxidase subunit 7A2, mitochondrial-like",protein-coding,-,-,-,"cytochrome c oxidase subunit 7A2, mitochondrial-like",20210420,-
130825,121149247,LOC121149247,-,-,-,Un,-,lysosomal-associated transmembrane protein 4A-like,pseudo,-,-,-,-,20210420,-
130825,121149248,LOC121149248,-,-,-,Un,-,histone H2A.Z-like,pseudo,-,-,-,-,20210420,-
130825,121149249,MAP2K5,-,-,-,Un,-,mitogen-activated protein kinase kinase 5,protein-coding,-,-,-,dual specificity mitogen-activated protein kinase kinase 5,20210420,-
130825,121149250,LOC121149250,-,-,-,Un,-,E3 ubiquitin-protein ligase TRIM31-like,protein-coding,-,-,-,E3 ubiquitin-protein ligase TRIM31-like,20210420,-
130825,121149251,LOC121149251,-,-,-,Un,-,uncharacterized LOC121149251,ncRNA,-,-,-,-,20210420,-
130825,121149252,LOC121149252,-,-,-,Un,-,Fanconi anemia core complex-associated protein 24-like,pseudo,-,-,-,-,20210420,-
130825,121149253,TP53BP1,-,-,-,Un,-,tumor protein p53 binding protein 1,protein-coding,-,-,-,TP53-binding protein 1,20210420,-
130825,121149254,ZSCAN29,-,-,-,Un,-,zinc finger and SCAN domain containing 29,protein-coding,-,-,-,LOW QUALITY PROTEIN: zinc finger and SCAN domain-containing protein 29,20210420,-
130825,121149255,LCMT2,-,-,-,Un,-,leucine carboxyl methyltransferase 2,protein-coding,-,-,-,tRNA wybutosine-synthesizing protein 4,20210420,-
130825,121149256,TUBGCP4,-,-,-,Un,-,tubulin gamma complex associated protein 4,protein-coding,-,-,-,gamma-tubulin complex component 4,20210420,-
130825,121149257,LOC121149257,-,-,-,Un,-,eukaryotic peptide chain release factor subunit 1-like,protein-coding,-,-,-,eukaryotic peptide chain release factor subunit 1-like,20210420,-
130825,121149258,ADAL,-,-,-,Un,-,adenosine deaminase like,protein-coding,-,-,-,adenosine deaminase-like protein,20210420,-
130825,121149259,LOC121149259,-,-,-,Un,-,60S ribosomal protein L34-like,pseudo,-,-,-,-,20210420,-
130825,121149260,LOC121149260,-,-,-,Un,-,RCC1 domain-containing protein 1-like,protein-coding,-,-,-,RCC1 domain-containing protein 1-like,20210420,-
130825,121149261,LOC121149261,-,-,-,Un,-,A-kinase anchor protein 13-like,protein-coding,-,-,-,A-kinase anchor protein 13-like,20210420,-
130825,121149262,KLHL25,-,-,-,Un,-,kelch like family member 25,protein-coding,-,-,-,kelch-like protein 25,20210420,-
130825,121149263,LOC121149263,-,-,-,Un,-,"cytochrome c oxidase assembly protein COX11, mitochondrial-like",pseudo,-,-,-,-,20210420,-
130825,121149264,MARCHF3,-,-,-,Un,-,membrane associated ring-CH-type finger 3,protein-coding,-,-,-,E3 ubiquitin-protein ligase MARCHF3,20210420,-
130825,121149265,LOC121149265,-,-,-,Un,-,calcyclin-binding protein-like,pseudo,-,-,-,-,20210420,-
130825,121149266,LOC121149266,-,-,-,Un,-,transmembrane protein 14C-like,pseudo,-,-,-,-,20210420,-
130825,121149267,LOC121149267,-,-,-,Un,-,"cytochrome c oxidase subunit 7B, mitochondrial-like",pseudo,-,-,-,-,20210420,-
130825,121149268,LOC121149268,-,-,-,Un,-,plasminogen activator inhibitor 1 RNA-binding protein-like,pseudo,-,-,-,-,20210420,-
130825,121149269,LOC121149269,-,-,-,Un,-,40S ribosomal protein S2-like,pseudo,-,-,-,-,20210420,-
130825,121149270,LOC121149270,-,-,-,Un,-,60S ribosomal protein L28-like,pseudo,-,-,-,-,20210420,-
130825,121149271,LOC121149271,-,-,-,Un,-,40S ribosomal protein S6-like,pseudo,-,-,-,-,20210420,-
130825,121149272,TRIM69,-,-,-,Un,-,tripartite motif containing 69,protein-coding,-,-,-,E3 ubiquitin-protein ligase TRIM69,20210420,-
130825,121149273,PYGO1,-,-,-,Un,-,pygopus family PHD finger 1,protein-coding,-,-,-,pygopus homolog 1,20210420,-
130825,121149274,DACT1,-,-,-,Un,-,dishevelled binding antagonist of beta catenin 1,protein-coding,-,-,-,dapper homolog 1,20210420,-
130825,121149275,AGBL1,-,-,-,Un,-,AGBL carboxypeptidase 1,protein-coding,-,-,-,cytosolic carboxypeptidase 4,20210420,-
130825,121149276,AKAP13,-,-,-,Un,-,A-kinase anchoring protein 13,protein-coding,-,-,-,A-kinase anchor protein 13,20210420,-
130825,121149277,LOC121149277,-,-,-,Un,-,E3 ubiquitin-protein ligase TRIM31-like,protein-coding,-,-,-,E3 ubiquitin-protein ligase TRIM31-like,20210420,-
130825,121149278,TEP1,-,-,-,Un,-,telomerase associated protein 1,protein-coding,-,-,-,telomerase protein component 1,20210420,-
130825,121149279,KLHL33,-,-,-,Un,-,kelch like family member 33,protein-coding,-,-,-,kelch-like protein 33,20210420,-
130825,121149280,LOC121149280,-,-,-,Un,-,O-sialoglycoprotein endopeptidase,protein-coding,-,-,-,probable tRNA N6-adenosine threonylcarbamoyltransferase,20210420,-
130825,121149281,APEX1,-,-,-,Un,-,apurinic/apyrimidinic endodeoxyribonuclease 1,protein-coding,-,-,-,DNA-(apurinic or apyrimidinic site) endonuclease,20210420,-
130825,121149282,PIP4P1,-,-,-,Un,-,"phosphatidylinositol-4,5-bisphosphate 4-phosphatase 1",protein-coding,-,-,-,"type 1 phosphatidylinositol 4,5-bisphosphate 4-phosphatase",20210420,-
130825,121149283,LOC121149283,-,-,-,Un,-,uncharacterized LOC121149283,ncRNA,-,-,-,-,20210420,-
130825,121149284,FOXG1,-,-,-,Un,-,forkhead box G1,protein-coding,-,-,-,forkhead box protein G1,20210420,-
130825,121149285,LOC121149285,-,-,-,Un,-,E3 ubiquitin-protein ligase TRIM31-like,protein-coding,-,-,-,E3 ubiquitin-protein ligase TRIM31-like,20210420,-
130825,121149286,SV2B,-,-,-,Un,-,synaptic vesicle glycoprotein 2B,protein-coding,-,-,-,synaptic vesicle glycoprotein 2B,20210420,-
130825,121149287,SQOR,-,-,-,Un,-,sulfide quinone oxidoreductase,protein-coding,-,-,-,"sulfide:quinone oxidoreductase, mitochondrial",20210420,-
130825,121149288,BLOC1S6,-,-,-,Un,-,biogenesis of lysosomal organelles complex 1 subunit 6,protein-coding,-,-,-,biogenesis of lysosome-related organelles complex 1 subunit 6,20210420,-
130825,121149289,LOC121149289,-,-,-,Un,-,enhancer of rudimentary homolog,protein-coding,-,-,-,enhancer of rudimentary homolog,20210420,-
130825,121149290,SLC39A2,-,-,-,Un,-,solute carrier family 39 member 2,protein-coding,-,-,-,zinc transporter ZIP2,20210420,-
130825,121149291,EFS,-,-,-,Un,-,embryonal Fyn-associated substrate,protein-coding,-,-,-,embryonal Fyn-associated substrate,20210420,-
130825,121149292,LOC121149292,-,-,-,Un,-,E3 ubiquitin-protein ligase TRIM31-like,protein-coding,-,-,-,E3 ubiquitin-protein ligase TRIM31-like,20210420,-
130825,121149293,ALPK3,-,-,-,Un,-,alpha kinase 3,protein-coding,-,-,-,alpha-protein kinase 3,20210420,-
130825,121149294,RGMA,-,-,-,Un,-,repulsive guidance molecule BMP co-receptor a,protein-coding,-,-,-,repulsive guidance molecule A,20210420,-
130825,121149295,ACTR10,-,-,-,Un,-,actin related protein 10,protein-coding,-,-,-,actin-related protein 10,20210420,-
130825,121149296,PSMA3,-,-,-,Un,-,proteasome 20S subunit alpha 3,protein-coding,-,-,-,proteasome subunit alpha type-3,20210420,-
130825,121149297,LOC121149297,-,-,-,Un,-,uncharacterized LOC121149297,ncRNA,-,-,-,-,20210420,-
130825,121149298,RAB27A,-,-,-,Un,-,"RAB27A, member RAS oncogene family",protein-coding,-,-,-,ras-related protein Rab-27A,20210420,-
130825,121149299,LOC121149299,-,-,-,Un,-,ADP-ribosylation factor-like protein 6-interacting protein 1,pseudo,-,-,-,-,20210420,-
130825,121149300,LOC121149300,-,-,-,Un,-,E3 ubiquitin-protein ligase TRIM31-like,protein-coding,-,-,-,E3 ubiquitin-protein ligase TRIM31-like,20210420,-
130825,121149301,LOC121149301,-,-,-,Un,-,monoacylglycerol lipase ABHD2,protein-coding,-,-,-,monoacylglycerol lipase ABHD2,20210420,-
130825,121149302,LOC121149302,-,-,-,Un,-,40S ribosomal protein S27-like,pseudo,-,-,-,-,20210420,-
130825,121149303,FANCM,-,-,-,Un,-,FA complementation group M,protein-coding,-,-,-,Fanconi anemia group M protein,20210420,-
130825,121149304,MIS18BP1,-,-,-,Un,-,MIS18 binding protein 1,protein-coding,-,-,-,mis18-binding protein 1,20210420,-
130825,121149305,PRPF39,-,-,-,Un,-,pre-mRNA processing factor 39,protein-coding,-,-,-,pre-mRNA-processing factor 39,20210420,-
130825,121149306,LOC121149306,-,-,-,Un,-,E3 ubiquitin-protein ligase TRIM31-like,protein-coding,-,-,-,E3 ubiquitin-protein ligase TRIM31-like,20210420,-
130825,121149307,FKBP3,-,-,-,Un,-,FKBP prolyl isomerase 3,protein-coding,-,-,-,peptidyl-prolyl cis-trans isomerase FKBP3,20210420,-
130825,121149308,MYO5A,-,-,-,Un,-,myosin VA,protein-coding,-,-,-,unconventional myosin-Va,20210420,-
130825,121149309,SALL2,-,-,-,Un,-,spalt like transcription factor 2,protein-coding,-,-,-,sal-like protein 2,20210420,-
130825,121149310,LOC121149310,-,-,-,Un,-,translocon-associated protein subunit beta-like,pseudo,-,-,-,-,20210420,-
130825,121149311,SSTR1,-,-,-,Un,-,somatostatin receptor 1,protein-coding,-,-,-,somatostatin receptor type 1,20210420,-
130825,121149312,LOC121149312,-,-,-,Un,-,transmembrane and coiled-coil domain-containing protein 5B-like,protein-coding,-,-,-,transmembrane and coiled-coil domain-containing protein 5B-like,20210420,-
130825,121149313,EXOC5,-,-,-,Un,-,exocyst complex component 5,protein-coding,-,-,-,exocyst complex component 5,20210420,-
130825,121149314,AP5M1,-,-,-,Un,-,adaptor related protein complex 5 subunit mu 1,protein-coding,-,-,-,AP-5 complex subunit mu-1,20210420,-
130825,121149315,LOC121149315,-,-,-,Un,-,E3 ubiquitin-protein ligase TRIM31-like,protein-coding,-,-,-,E3 ubiquitin-protein ligase TRIM31-like,20210420,-
130825,121149316,SAXO2,-,-,-,Un,-,stabilizer of axonemal microtubules 2,protein-coding,-,-,-,stabilizer of axonemal microtubules 2,20210420,-
130825,121149317,LOC121149317,-,-,-,Un,-,olfactory receptor 4Q3,protein-coding,-,-,-,olfactory receptor 4Q3,20210420,-
130825,121149318,LOC121149318,-,-,-,Un,-,protocadherin beta-6-like,protein-coding,-,-,-,protocadherin beta-6-like,20210420,-
130825,121149319,LOC121149319,-,-,-,Un,-,olfactory receptor 4E1,protein-coding,-,-,-,olfactory receptor 4E1,20210420,-
130825,121149320,LOC121149320,-,-,-,Un,-,60S ribosomal protein L36-like,pseudo,-,-,-,-,20210420,-
130825,121149321,CRTC3,-,-,-,Un,-,CREB regulated transcription coactivator 3,protein-coding,-,-,-,CREB-regulated transcription coactivator 3,20210420,-
130825,121149322,ANKRD34C,-,-,-,Un,-,ankyrin repeat domain 34C,protein-coding,-,-,-,ankyrin repeat domain-containing protein 34C,20210420,-
130825,121149323,HNRNPC,-,-,-,Un,-,heterogeneous nuclear ribonucleoprotein C,protein-coding,-,-,-,heterogeneous nuclear ribonucleoproteins C1/C2,20210529,-
130825,121149324,LOC121149324,-,-,-,Un,-,E3 ubiquitin-protein ligase TRIM31-like,protein-coding,-,-,-,E3 ubiquitin-protein ligase TRIM31-like,20210420,-
130825,121149325,LOC121149325,-,-,-,Un,-,adenosylhomocysteinase-like,pseudo,-,-,-,-,20210420,-
130825,121149326,CHD8,-,-,-,Un,-,chromodomain helicase DNA binding protein 8,protein-coding,-,-,-,chromodomain-helicase-DNA-binding protein 8,20210420,-
130825,121149327,LOC121149327,-,-,-,Un,-,E3 ubiquitin-protein ligase TRIM31-like,protein-coding,-,-,-,E3 ubiquitin-protein ligase TRIM31-like,20210420,-
130825,121149328,RFX7,-,-,-,Un,-,regulatory factor X7,protein-coding,-,-,-,DNA-binding protein RFX7,20210420,-
130825,121149329,LOC121149329,-,-,-,Un,-,protein FAM169B-like,protein-coding,-,-,-,protein FAM169B-like,20210420,-
130825,121149330,PGPEP1L,-,-,-,Un,-,pyroglutamyl-peptidase I like,protein-coding,-,-,-,pyroglutamyl-peptidase 1-like protein,20210420,-
130825,121149331,TM6SF1,-,-,-,Un,-,transmembrane 6 superfamily member 1,protein-coding,-,-,-,transmembrane 6 superfamily member 1,20210420,-
130825,121149332,LOC121149332,-,-,-,Un,-,E3 ubiquitin-protein ligase TRIM31-like,protein-coding,-,-,-,E3 ubiquitin-protein ligase TRIM31-like,20210420,-
130825,121149333,HDGFL3,-,-,-,Un,-,HDGF like 3,protein-coding,-,-,-,hepatoma-derived growth factor-related protein 3,20210522,-
130825,121149334,CTXND1,-,-,-,Un,-,cortexin domain containing 1,protein-coding,-,-,-,cortexin domain-containing 1,20210529,-
130825,121149335,LOC121149335,-,-,-,Un,-,polycomb protein EED-like,pseudo,-,-,-,-,20210420,-
130825,121149336,CTDSPL2,-,-,-,Un,-,CTD small phosphatase like 2,protein-coding,-,-,-,CTD small phosphatase-like protein 2,20210420,-
130825,121149337,GABPB1,-,-,-,Un,-,GA binding protein transcription factor subunit beta 1,protein-coding,-,-,-,GA-binding protein subunit beta-1,20210420,-
130825,121149338,LOC121149338,-,-,-,Un,-,histone H3-like,pseudo,-,-,-,-,20210420,-
130825,121149339,SPPL2A,-,-,-,Un,-,signal peptide peptidase like 2A,protein-coding,-,-,-,signal peptide peptidase-like 2A,20210420,-
130825,121149340,LOC121149340,-,-,-,Un,-,uncharacterized LOC121149340,ncRNA,-,-,-,-,20210420,-
130825,121149341,FRMD6,-,-,-,Un,-,FERM domain containing 6,protein-coding,-,-,-,FERM domain-containing protein 6,20210420,-
130825,121149342,LOC121149342,-,-,-,Un,-,E3 ubiquitin-protein ligase TRIM31-like,protein-coding,-,-,-,E3 ubiquitin-protein ligase TRIM31-like,20210420,-
130825,121149343,GNG2,-,-,-,Un,-,G protein subunit gamma 2,protein-coding,-,-,-,guanine nucleotide-binding protein G(I)/G(S)/G(O) subunit gamma-2,20210424,-
130825,121149344,FAM189A1,-,-,-,Un,-,family with sequence similarity 189 member A1,protein-coding,-,-,-,protein FAM189A1,20210420,-
130825,121149345,UBR1,-,-,-,Un,-,ubiquitin protein ligase E3 component n-recognin 1,protein-coding,-,-,-,E3 ubiquitin-protein ligase UBR1,20210420,-
130825,121149346,LOC121149346,-,-,-,Un,-,60S ribosomal protein L34-like,protein-coding,-,-,-,60S ribosomal protein L34-like,20210420,-
130825,121149347,LOC121149347,-,-,-,Un,-,"DNA-directed RNA polymerases I, II, and III subunit RPABC4-like",protein-coding,-,-,-,"DNA-directed RNA polymerases I, II, and III subunit RPABC4-like",20210420,-
130825,121149348,LOC121149348,-,-,-,Un,-,uncharacterized LOC121149348,protein-coding,-,-,-,uncharacterized protein LOC121149348,20210420,-
130825,121149349,LRRK1,-,-,-,Un,-,leucine rich repeat kinase 1,protein-coding,-,-,-,leucine-rich repeat serine/threonine-protein kinase 1,20210420,-
130825,121149350,LOC121149350,-,-,-,Un,-,histone H3-like,pseudo,-,-,-,-,20210420,-
130825,121149351,INSM2,-,-,-,Un,-,INSM transcriptional repressor 2,protein-coding,-,-,-,insulinoma-associated protein 2,20210420,-
130825,121149352,ACIN1,-,-,-,Un,-,apoptotic chromatin condensation inducer 1,protein-coding,-,-,-,apoptotic chromatin condensation inducer in the nucleus,20210420,-
130825,121149353,CUNH14orf119,-,-,-,Un,-,chromosome unknown C14orf119 homolog,protein-coding,-,-,-,uncharacterized protein C14orf119 homolog,20210420,-
130825,121149354,LOC121149354,-,-,-,Un,-,U6 spliceosomal RNA,snRNA,-,-,-,-,20210420,-
130825,121149355,MAGEL2,-,-,-,Un,-,MAGE family member L2,protein-coding,-,-,-,MAGE-like protein 2,20210420,-
130825,121149356,LOC121149356,-,-,-,Un,-,olfactory receptor 4S2-like,protein-coding,-,-,-,olfactory receptor 4S2-like,20210420,-
130825,121149357,KTN1,-,-,-,Un,-,kinectin 1,protein-coding,-,-,-,kinectin,20210420,-
130825,121149358,LOC121149358,-,-,-,Un,-,transcription factor SOX-2-like,pseudo,-,-,-,-,20210420,-
130825,121149359,MAP2K1,-,-,-,Un,-,mitogen-activated protein kinase kinase 1,protein-coding,-,-,-,dual specificity mitogen-activated protein kinase kinase 1,20210420,-
130825,121149360,MKRN3,-,-,-,Un,-,makorin ring finger protein 3,protein-coding,-,-,-,probable E3 ubiquitin-protein ligase makorin-3,20210420,-
130825,121149361,NEMF,-,-,-,Un,-,nuclear export mediator factor,protein-coding,-,-,-,nuclear export mediator factor NEMF,20210420,-
130825,121149362,KLHDC2,-,-,-,Un,-,kelch domain containing 2,protein-coding,-,-,-,kelch domain-containing protein 2,20210420,-
130825,121149363,ATP10A,-,-,-,Un,-,ATPase phospholipid transporting 10A (putative),protein-coding,-,-,-,phospholipid-transporting ATPase VA,20210420,-
130825,121149364,NPTN,-,-,-,Un,-,neuroplastin,protein-coding,-,-,-,neuroplastin,20210420,-
130825,121149365,LOC121149365,-,-,-,Un,-,BRD4-interacting chromatin-remodeling complex-associated protein-like,pseudo,-,-,-,-,20210420,-
130825,121149366,LOC121149366,-,-,-,Un,-,uncharacterized LOC121149366,ncRNA,-,-,-,-,20210420,-
130825,121149367,LARP6,-,-,-,Un,-,"La ribonucleoprotein 6, translational regulator",protein-coding,-,-,-,la-related protein 6,20210420,-
130825,121149368,OCA2,-,-,-,Un,-,OCA2 melanosomal transmembrane protein,protein-coding,-,-,-,P protein,20210420,-
130825,121149369,LOC121149369,-,-,-,Un,-,MAX gene-associated protein-like,protein-coding,-,-,-,MAX gene-associated protein-like,20210420,-
130825,121149370,BNIP2,-,-,-,Un,-,BCL2 interacting protein 2,protein-coding,-,-,-,BCL2/adenovirus E1B 19 kDa protein-interacting protein 2,20210420,-
130825,121149371,GTF2A2,-,-,-,Un,-,general transcription factor IIA subunit 2,protein-coding,-,-,-,transcription initiation factor IIA subunit 2,20210420,-
130825,121149372,INSYN1,-,-,-,Un,-,inhibitory synaptic factor 1,protein-coding,-,-,-,inhibitory synaptic factor 1,20210420,-
130825,121149373,ARMH4,-,-,-,Un,-,armadillo like helical domain containing 4,protein-coding,-,-,-,armadillo-like helical domain-containing protein 4,20210420,-
130825,121149374,LOC121149374,-,-,-,Un,-,dimethylaniline monooxygenase [N-oxide-forming] 4,protein-coding,-,-,-,dimethylaniline monooxygenase [N-oxide-forming] 4,20210420,-
130825,121149375,PKM,-,-,-,Un,-,pyruvate kinase M1/2,protein-coding,-,-,-,pyruvate kinase PKM,20210420,-
130825,121149376,INO80,-,-,-,Un,-,INO80 complex ATPase subunit,protein-coding,-,-,-,chromatin-remodeling ATPase INO80,20210420,-
130825,121149377,CCDC198,-,-,-,Un,-,coiled-coil domain containing 198,protein-coding,-,-,-,uncharacterized protein CCDC198,20210420,-
130825,121149378,CUNH5orf63,-,-,-,Un,-,chromosome unknown C5orf63 homolog,protein-coding,-,-,-,glutaredoxin-like protein C5orf63 homolog,20210420,-
130825,121149379,EIF2AK4,-,-,-,Un,-,eukaryotic translation initiation factor 2 alpha kinase 4,protein-coding,-,-,-,eIF-2-alpha kinase GCN2,20210420,-
130825,121149380,SRP14,-,-,-,Un,-,signal recognition particle 14,protein-coding,-,-,-,signal recognition particle 14 kDa protein,20210420,-
130825,121149381,LOC121149381,-,-,-,Un,-,uncharacterized LOC121149381,ncRNA,-,-,-,-,20210420,-
130825,121149382,CAPN3,-,-,-,Un,-,calpain 3,protein-coding,-,-,-,calpain-3,20210420,-
130825,121149383,ZNF106,-,-,-,Un,-,zinc finger protein 106,protein-coding,-,-,-,zinc finger protein 106,20210420,-
130825,121149384,FAM214A,-,-,-,Un,-,family with sequence similarity 214 member A,protein-coding,-,-,-,protein FAM214A,20210420,-
130825,121149385,LOC121149385,-,-,-,Un,-,translation initiation factor IF-2-like,protein-coding,-,-,-,translation initiation factor IF-2-like,20210420,-
130825,121149386,LOC121149386,-,-,-,Un,-,elongation factor 1-alpha 1-like,pseudo,-,-,-,-,20210420,-
130825,121149387,EHD4,-,-,-,Un,-,EH domain containing 4,protein-coding,-,-,-,EH domain-containing protein 4,20210420,-
130825,121149388,IL16,-,-,-,Un,-,interleukin 16,protein-coding,-,-,-,pro-interleukin-16,20210420,-
130825,121149389,STARD5,-,-,-,Un,-,StAR related lipid transfer domain containing 5,protein-coding,-,-,-,stAR-related lipid transfer protein 5,20210420,-
130825,121149390,TLE3,-,-,-,Un,-,"TLE family member 3, transcriptional corepressor",protein-coding,-,-,-,transducin-like enhancer protein 3,20210529,-
130825,121149391,NID2,-,-,-,Un,-,nidogen 2,protein-coding,-,-,-,nidogen-2,20210420,-
130825,121149392,CFAP161,-,-,-,Un,-,cilia and flagella associated protein 161,protein-coding,-,-,-,cilia- and flagella-associated protein 161,20210420,-
130825,121149393,B2M,-,-,-,Un,-,beta-2-microglobulin,protein-coding,-,-,-,beta-2-microglobulin,20210420,-
130825,121149394,LOC121149394,-,-,-,Un,-,uncharacterized LOC121149394,ncRNA,-,-,-,-,20210420,-
130825,121149395,CDIN1,-,-,-,Un,-,CDAN1 interacting nuclease 1,protein-coding,-,-,-,CDAN1-interacting nuclease 1,20210420,-
130825,121149396,PPP1R14D,-,-,-,Un,-,protein phosphatase 1 regulatory inhibitor subunit 14D,protein-coding,-,-,-,protein phosphatase 1 regulatory subunit 14D,20210420,-
130825,121149397,MAP4K5,-,-,-,Un,-,mitogen-activated protein kinase kinase kinase kinase 5,protein-coding,-,-,-,mitogen-activated protein kinase kinase kinase kinase 5,20210420,-
130825,121149398,TMOD3,-,-,-,Un,-,tropomodulin 3,protein-coding,-,-,-,tropomodulin-3,20210420,-
130825,121149399,ANG,-,-,-,Un,-,angiogenin,protein-coding,-,-,-,angiogenin,20210420,-
130825,121149400,RNASE4,-,-,-,Un,-,ribonuclease A family member 4,protein-coding,-,-,-,ribonuclease 4,20210420,-
130825,121149401,ANXA2,-,-,-,Un,-,annexin A2,protein-coding,-,-,-,annexin A2,20210420,-
130825,121149402,LOC121149402,-,-,-,Un,-,selenoprotein K-like,pseudo,-,-,-,-,20210420,-
130825,121149403,KBTBD13,-,-,-,Un,-,kelch repeat and BTB domain containing 13,protein-coding,-,-,-,kelch repeat and BTB domain-containing protein 13,20210420,-
130825,121149404,LOC121149404,-,-,-,Un,-,"dynein light chain 1, cytoplasmic-like",pseudo,-,-,-,-,20210420,-
130825,121149405,HMG20A,-,-,-,Un,-,high mobility group 20A,protein-coding,-,-,-,high mobility group protein 20A,20210420,-
130825,121149406,LOC121149406,-,-,-,Un,-,NADH dehydrogenase [ubiquinone] 1 alpha subcomplex subunit 3-like,protein-coding,-,-,-,NADH dehydrogenase [ubiquinone] 1 alpha subcomplex subunit 3-like,20210420,-
130825,121149407,AQR,-,-,-,Un,-,aquarius intron-binding spliceosomal factor,protein-coding,-,-,-,RNA helicase aquarius,20210420,-
130825,121149408,TOX4,-,-,-,Un,-,TOX high mobility group box family member 4,protein-coding,-,-,-,TOX high mobility group box family member 4,20210420,-
130825,121149409,METTL3,-,-,-,Un,-,"methyltransferase 3, N6-adenosine-methyltransferase complex catalytic subunit",protein-coding,-,-,-,N6-adenosine-methyltransferase catalytic subunit|methyltransferase like 3,20210519,-
130825,121149410,RAB2B,-,-,-,Un,-,"RAB2B, member RAS oncogene family",protein-coding,-,-,-,ras-related protein Rab-2B,20210420,-
130825,121149411,LOC121149411,-,-,-,Un,-,vomeronasal type-1 receptor 3-like,protein-coding,-,-,-,LOW QUALITY PROTEIN: vomeronasal type-1 receptor 3-like,20210420,-
130825,121149412,LOC121149412,-,-,-,Un,-,uncharacterized LOC121149412,ncRNA,-,-,-,-,20210420,-
130825,121149413,FSCB,-,-,-,Un,-,fibrous sheath CABYR binding protein,protein-coding,-,-,-,LOW QUALITY PROTEIN: fibrous sheath CABYR-binding protein,20210420,-
130825,121149414,LOC121149414,-,-,-,Un,-,"ATP-dependent Clp protease ATP-binding subunit clpX-like, mitochondrial",pseudo,-,-,-,-,20210420,-
130825,121149415,LOC121149415,-,-,-,Un,-,retinaldehyde-binding protein 1,protein-coding,-,-,-,retinaldehyde-binding protein 1,20210420,-
130825,121149416,MYEF2,-,-,-,Un,-,myelin expression factor 2,protein-coding,-,-,-,myelin expression factor 2,20210420,-
130825,121149417,LOC121149417,-,-,-,Un,-,dimethylaniline monooxygenase [N-oxide-forming] 4-like,protein-coding,-,-,-,dimethylaniline monooxygenase [N-oxide-forming] 4-like,20210420,-
130825,121149418,SLC24A5,-,-,-,Un,-,solute carrier family 24 member 5,protein-coding,-,-,-,sodium/potassium/calcium exchanger 5,20210420,-
130825,121149419,LOC121149419,-,-,-,Un,-,sorting nexin-10-like,pseudo,-,-,-,-,20210420,-
130825,121149420,NKX2-8,-,-,-,Un,-,NK2 homeobox 8,protein-coding,-,-,-,homeobox protein Nkx-2.8,20210420,-
130825,121149421,LOC121149421,-,-,-,Un,-,"inositol 1,4,5-triphosphate receptor associated 2-like",pseudo,-,-,-,-,20210420,-
130825,121149422,LOC121149422,-,-,-,Un,-,nucleophosmin-like,pseudo,-,-,-,-,20210420,-
130825,121149423,SLC30A4,-,-,-,Un,-,solute carrier family 30 member 4,protein-coding,-,-,-,zinc transporter 4,20210420,-
130825,121149424,LOC121149424,-,-,-,Un,-,cofilin-2-like,pseudo,-,-,-,-,20210420,-
130825,121149425,LOC121149425,-,-,-,Un,-,uncharacterized LOC121149425,ncRNA,-,-,-,-,20210420,-
130825,121149426,TTC6,-,-,-,Un,-,tetratricopeptide repeat domain 6,protein-coding,-,-,-,tetratricopeptide repeat protein 6,20210420,-
130825,121149427,LOC121149427,-,-,-,Un,-,trafficking protein particle complex subunit 1-like,pseudo,-,-,-,-,20210420,-
130825,121149428,EPB42,-,-,-,Un,-,erythrocyte membrane protein band 4.2,protein-coding,-,-,-,protein 4.2,20210420,-
130825,121149429,PYGL,-,-,-,Un,-,glycogen phosphorylase L,protein-coding,-,-,-,"glycogen phosphorylase, liver form",20210420,-
130825,121149430,ABHD12B,-,-,-,Un,-,abhydrolase domain containing 12B,protein-coding,-,-,-,protein ABHD12B,20210420,-
130825,121149431,DENND4A,-,-,-,Un,-,DENN domain containing 4A,protein-coding,-,-,-,C-myc promoter-binding protein,20210420,-
130825,121149432,MEGF11,-,-,-,Un,-,multiple EGF like domains 11,protein-coding,-,-,-,multiple epidermal growth factor-like domains protein 11,20210420,-
130825,121149433,RAB11A,-,-,-,Un,-,"RAB11A, member RAS oncogene family",protein-coding,-,-,-,ras-related protein Rab-11A,20210522,-
130825,121149434,LOC121149434,-,-,-,Un,-,RNA-binding protein EWS-like,pseudo,-,-,-,-,20210420,-
130825,121149435,ZNF710,-,-,-,Un,-,zinc finger protein 710,protein-coding,-,-,-,zinc finger protein 710,20210420,-
130825,121149436,LOC121149436,-,-,-,Un,-,uncharacterized LOC121149436,ncRNA,-,-,-,-,20210420,-
130825,121149437,HERC1,-,-,-,Un,-,HECT and RLD domain containing E3 ubiquitin protein ligase family member 1,protein-coding,-,-,-,probable E3 ubiquitin-protein ligase HERC1,20210420,-
130825,121149438,ANP32A,-,-,-,Un,-,acidic nuclear phosphoprotein 32 family member A,protein-coding,-,-,-,acidic leucine-rich nuclear phosphoprotein 32 family member A,20210420,-
130825,121149439,LOC121149439,-,-,-,Un,-,cAMP-regulated phosphoprotein 19-like,protein-coding,-,-,-,cAMP-regulated phosphoprotein 19-like,20210420,-
130825,121149440,LOC121149440,-,-,-,Un,-,uncharacterized LOC121149440,ncRNA,-,-,-,-,20210420,-
130825,121149441,LOC121149441,-,-,-,Un,-,uncharacterized LOC121149441,ncRNA,-,-,-,-,20210420,-
130825,121149442,LOC121149442,-,-,-,Un,-,"ATP synthase subunit alpha, mitochondrial-like",pseudo,-,-,-,-,20210420,-
130825,121149443,GANC,-,-,-,Un,-,"glucosidase alpha, neutral C",protein-coding,-,-,-,neutral alpha-glucosidase C,20210420,-
130825,121149444,TMEM87A,-,-,-,Un,-,transmembrane protein 87A,protein-coding,-,-,-,transmembrane protein 87A,20210420,-
130825,121149445,MORF4L1,-,-,-,Un,-,mortality factor 4 like 1,protein-coding,-,-,-,mortality factor 4-like protein 1,20210420,-
130825,121149446,C2CD4A,-,-,-,Un,-,C2 calcium dependent domain containing 4A,protein-coding,-,-,-,C2 calcium-dependent domain-containing protein 4A,20210420,-
130825,121149447,ANKRD63,-,-,-,Un,-,ankyrin repeat domain 63,protein-coding,-,-,-,ankyrin repeat domain-containing protein 63,20210420,-
130825,121149448,SPRED1,-,-,-,Un,-,sprouty related EVH1 domain containing 1,protein-coding,-,-,-,"sprouty-related, EVH1 domain-containing protein 1",20210420,-
130825,121149449,EGLN3,-,-,-,Un,-,egl-9 family hypoxia inducible factor 3,protein-coding,-,-,-,prolyl hydroxylase EGLN3|prolyl hydroxlyase 3,20210420,-
130825,121149450,MFAP1,-,-,-,Un,-,microfibril associated protein 1,protein-coding,-,-,-,microfibrillar-associated protein 1,20210420,-
130825,121149451,SERINC4,-,-,-,Un,-,serine incorporator 4,protein-coding,-,-,-,serine incorporator 4,20210420,-
130825,121149452,HYPK,-,-,-,Un,-,huntingtin interacting protein K,protein-coding,-,-,-,huntingtin-interacting protein K,20210420,-
130825,121149453,SERF2,-,-,-,Un,-,small EDRK-rich factor 2,protein-coding,-,-,-,small EDRK-rich factor 2,20210501,-
130825,121149454,PDE8A,-,-,-,Un,-,phosphodiesterase 8A,protein-coding,-,-,-,"high affinity cAMP-specific and IBMX-insensitive 3',5'-cyclic phosphodiesterase 8A",20210420,-
130825,121149455,CPEB1,-,-,-,Un,-,cytoplasmic polyadenylation element binding protein 1,protein-coding,-,-,-,cytoplasmic polyadenylation element-binding protein 1,20210420,-
130825,121149456,RPS17,-,-,-,Un,-,ribosomal protein S17,protein-coding,-,-,-,40S ribosomal protein S17,20210501,-
130825,121149457,LOC121149457,-,-,-,Un,-,purine nucleoside phosphorylase LACC1-like,pseudo,-,-,-,-,20210420,-
130825,121149458,TPM1,-,-,-,Un,-,tropomyosin 1,protein-coding,-,-,-,tropomyosin alpha-1 chain,20210529,-
130825,121149459,LOC121149459,-,-,-,Un,-,dimethylaniline monooxygenase [N-oxide-forming] 1,protein-coding,-,-,-,dimethylaniline monooxygenase [N-oxide-forming] 1,20210420,-
130825,121149460,LOC121149460,-,-,-,Un,-,uncharacterized LOC121149460,ncRNA,-,-,-,-,20210420,-
130825,121149461,GLCE,-,-,-,Un,-,glucuronic acid epimerase,protein-coding,-,-,-,D-glucuronyl C5-epimerase,20210420,-
130825,121149462,PLEKHO2,-,-,-,Un,-,pleckstrin homology domain containing O2,protein-coding,-,-,-,pleckstrin homology domain-containing family O member 2,20210420,-
130825,121149463,INTS14,-,-,-,Un,-,integrator complex subunit 14,protein-coding,-,-,-,integrator complex subunit 14,20210420,-
130825,121149464,HACD3,-,-,-,Un,-,3-hydroxyacyl-CoA dehydratase 3,protein-coding,-,-,-,very-long-chain (3R)-3-hydroxyacyl-CoA dehydratase 3,20210420,-
130825,121149465,DPP8,-,-,-,Un,-,dipeptidyl peptidase 8,protein-coding,-,-,-,dipeptidyl peptidase 8,20210420,-
130825,121149466,MEGF10,-,-,-,Un,-,multiple EGF like domains 10,protein-coding,-,-,-,multiple epidermal growth factor-like domains protein 10,20210420,-
130825,121149467,LOC121149467,-,-,-,Un,-,uncharacterized LOC121149467,ncRNA,-,-,-,-,20210420,-
130825,121149468,SECISBP2L,-,-,-,Un,-,SECIS binding protein 2 like,protein-coding,-,-,-,selenocysteine insertion sequence-binding protein 2-like,20210420,-
130825,121149469,RNF111,-,-,-,Un,-,ring finger protein 111,protein-coding,-,-,-,E3 ubiquitin-protein ligase Arkadia,20210420,-
130825,121149470,LOC121149470,-,-,-,Un,-,nuclear transport factor 2-like,pseudo,-,-,-,-,20210420,-
130825,121149471,LOC121149471,-,-,-,Un,-,dehydrogenase/reductase SDR family member 4,protein-coding,-,-,-,dehydrogenase/reductase SDR family member 4,20210420,-
130825,121149472,LOC121149472,-,-,-,Un,-,dimethylaniline monooxygenase [N-oxide-forming] 1,protein-coding,-,-,-,dimethylaniline monooxygenase [N-oxide-forming] 1,20210420,-
130825,121149473,LOC121149473,-,-,-,Un,-,"dehydrogenase/reductase SDR family member 2, mitochondrial-like",protein-coding,-,-,-,"dehydrogenase/reductase SDR family member 2, mitochondrial-like",20210420,-
130825,121149474,LOC121149474,-,-,-,Un,-,uncharacterized LOC121149474,ncRNA,-,-,-,-,20210420,-
130825,121149475,MAPK6,-,-,-,Un,-,mitogen-activated protein kinase 6,protein-coding,-,-,-,mitogen-activated protein kinase 6,20210420,-
130825,121149476,PPIP5K1,-,-,-,Un,-,diphosphoinositol pentakisphosphate kinase 1,protein-coding,-,-,-,inositol hexakisphosphate and diphosphoinositol-pentakisphosphate kinase 1,20210420,-
130825,121149477,ERLIN2,-,-,-,Un,-,ER lipid raft associated 2,protein-coding,-,-,-,erlin-2,20210420,-
130825,121149478,LOC121149478,-,-,-,Un,-,small nuclear ribonucleoprotein G-like,protein-coding,-,-,-,small nuclear ribonucleoprotein G-like,20210420,-
130825,121149479,PDIA3,-,-,-,Un,-,protein disulfide isomerase family A member 3,protein-coding,-,-,-,protein disulfide-isomerase A3,20210420,-
130825,121149480,ELL3,-,-,-,Un,-,elongation factor for RNA polymerase II 3,protein-coding,-,-,-,RNA polymerase II elongation factor ELL3,20210420,-
130825,121149481,DPH6,-,-,-,Un,-,diphthamine biosynthesis 6,protein-coding,-,-,-,diphthine--ammonia ligase,20210420,-
130825,121149482,AP4E1,-,-,-,Un,-,adaptor related protein complex 4 subunit epsilon 1,protein-coding,-,-,-,AP-4 complex subunit epsilon-1,20210420,-
130825,121149483,LOC121149483,-,-,-,Un,-,pyridoxal phosphate binding protein,protein-coding,-,-,-,pyridoxal phosphate homeostasis protein,20210420,-
130825,121149484,HECTD1,-,-,-,Un,-,HECT domain E3 ubiquitin protein ligase 1,protein-coding,-,-,-,E3 ubiquitin-protein ligase HECTD1,20210420,-
130825,121149485,STRN3,-,-,-,Un,-,striatin 3,protein-coding,-,-,-,striatin-3,20210420,-
130825,121149486,COCH,-,-,-,Un,-,cochlin,protein-coding,-,-,-,cochlin,20210420,-
130825,121149487,AP4S1,-,-,-,Un,-,adaptor related protein complex 4 subunit sigma 1,protein-coding,-,-,-,AP-4 complex subunit sigma-1,20210420,-
130825,121149488,MTMR10,-,-,-,Un,-,myotubularin related protein 10,protein-coding,-,-,-,myotubularin-related protein 10,20210420,-
130825,121149489,SLTM,-,-,-,Un,-,SAFB like transcription modulator,protein-coding,-,-,-,SAFB-like transcription modulator,20210420,-
130825,121149490,MINDY2,-,-,-,Un,-,MINDY lysine 48 deubiquitinase 2,protein-coding,-,-,-,ubiquitin carboxyl-terminal hydrolase MINDY-2,20210420,-
130825,121149491,LOC121149491,-,-,-,Un,-,uncharacterized LOC121149491,ncRNA,-,-,-,-,20210420,-
130825,121149492,PRMT5,-,-,-,Un,-,protein arginine methyltransferase 5,protein-coding,-,-,-,protein arginine N-methyltransferase 5,20210420,-
130825,121149493,RBM23,-,-,-,Un,-,RNA binding motif protein 23,protein-coding,-,-,-,probable RNA-binding protein 23,20210420,-
130825,121149494,FBXO34,-,-,-,Un,-,F-box protein 34,protein-coding,-,-,-,F-box only protein 34,20210420,-
130825,121149495,SIN3A,-,-,-,Un,-,SIN3 transcription regulator family member A,protein-coding,-,-,-,paired amphipathic helix protein Sin3a,20210420,-
130825,121149496,ADGRA2,-,-,-,Un,-,adhesion G protein-coupled receptor A2,protein-coding,-,-,-,adhesion G protein-coupled receptor A2,20210420,-
130825,121149497,LOC121149497,-,-,-,Un,-,uncharacterized LOC121149497,ncRNA,-,-,-,-,20210420,-
130825,121149498,NPAS3,-,-,-,Un,-,neuronal PAS domain protein 3,protein-coding,-,-,-,neuronal PAS domain-containing protein 3,20210420,-
130825,121149499,ARHGAP5,-,-,-,Un,-,Rho GTPase activating protein 5,protein-coding,-,-,-,rho GTPase-activating protein 5,20210420,-
130825,121149500,LOC121149500,-,-,-,Un,-,U1 small nuclear ribonucleoprotein C-like,pseudo,-,-,-,-,20210420,-
130825,121149501,BRF2,-,-,-,Un,-,BRF2 RNA polymerase III transcription initiation factor subunit,protein-coding,-,-,-,transcription factor IIIB 50 kDa subunit,20210420,-
130825,121149502,LRRC28,-,-,-,Un,-,leucine rich repeat containing 28,protein-coding,-,-,-,leucine-rich repeat-containing protein 28,20210420,-
130825,121149503,LOC121149503,-,-,-,Un,-,5S ribosomal RNA,pseudo,-,-,-,-,20210420,-
130825,121149504,LOC121149504,-,-,-,Un,-,U2 spliceosomal RNA,pseudo,-,-,-,-,20210420,-
130825,121149505,LOC121149505,-,-,-,Un,-,U2 spliceosomal RNA,pseudo,-,-,-,-,20210420,-
130825,121149506,LOC121149506,-,-,-,Un,-,small nucleolar RNA U3,pseudo,-,-,-,-,20210420,-
130825,121149507,LOC121149507,-,-,-,Un,-,U4 spliceosomal RNA,snRNA,-,-,-,-,20210420,-
130825,121149508,LOC121149508,-,-,-,Un,-,U4 spliceosomal RNA,snRNA,-,-,-,-,20210420,-
130825,121149509,LOC121149509,-,-,-,Un,-,U4 spliceosomal RNA,snRNA,-,-,-,-,20210420,-
130825,121149510,LOC121149510,-,-,-,Un,-,U4 spliceosomal RNA,snRNA,-,-,-,-,20210420,-
130825,121149511,LOC121149511,-,-,-,Un,-,U4 spliceosomal RNA,snRNA,-,-,-,-,20210420,-
130825,121149512,LOC121149512,-,-,-,Un,-,U4 spliceosomal RNA,pseudo,-,-,-,-,20210420,-
130825,121149513,LOC121149513,-,-,-,Un,-,U4 spliceosomal RNA,pseudo,-,-,-,-,20210420,-
130825,121149514,LOC121149514,-,-,-,Un,-,U5 spliceosomal RNA,snRNA,-,-,-,-,20210420,-
130825,121149515,LOC121149515,-,-,-,Un,-,U5 spliceosomal RNA,snRNA,-,-,-,-,20210420,-
130825,121149516,LOC121149516,-,-,-,Un,-,uncharacterized LOC121149516,ncRNA,-,-,-,-,20210420,-
130825,121149517,LOC121149517,-,-,-,Un,-,U5 spliceosomal RNA,snRNA,-,-,-,-,20210420,-
130825,121149518,LOC121149518,-,-,-,Un,-,U6 spliceosomal RNA,snRNA,-,-,-,-,20210420,-
130825,121149519,LOC121149519,-,-,-,Un,-,U6 spliceosomal RNA,snRNA,-,-,-,-,20210420,-
130825,121149520,LOC121149520,-,-,-,Un,-,U6 spliceosomal RNA,snRNA,-,-,-,-,20210420,-
130825,121149521,LOC121149521,-,-,-,Un,-,U6 spliceosomal RNA,snRNA,-,-,-,-,20210420,-
130825,121149522,LOC121149522,-,-,-,Un,-,U6 spliceosomal RNA,snRNA,-,-,-,-,20210420,-
130825,121149523,LOC121149523,-,-,-,Un,-,U6 spliceosomal RNA,snRNA,-,-,-,-,20210420,-
130825,121149524,LOC121149524,-,-,-,Un,-,U6 spliceosomal RNA,snRNA,-,-,-,-,20210420,-
130825,121149525,LOC121149525,-,-,-,Un,-,U6 spliceosomal RNA,snRNA,-,-,-,-,20210420,-
130825,121149526,LOC121149526,-,-,-,Un,-,U6 spliceosomal RNA,snRNA,-,-,-,-,20210420,-
130825,121149527,RAB11FIP1,-,-,-,Un,-,RAB11 family interacting protein 1,protein-coding,-,-,-,rab11 family-interacting protein 1,20210420,-
130825,121149528,LOC121149528,-,-,-,Un,-,U6 spliceosomal RNA,snRNA,-,-,-,-,20210420,-
130825,121149529,LOC121149529,-,-,-,Un,-,U6 spliceosomal RNA,snRNA,-,-,-,-,20210420,-
130825,121149530,LOC121149530,-,-,-,Un,-,U6 spliceosomal RNA,snRNA,-,-,-,-,20210420,-
130825,121149531,LOC121149531,-,-,-,Un,-,U6 spliceosomal RNA,snRNA,-,-,-,-,20210420,-
130825,121149532,LOC121149532,-,-,-,Un,-,U6 spliceosomal RNA,snRNA,-,-,-,-,20210420,-
130825,121149533,PRRC1,-,-,-,Un,-,proline rich coiled-coil 1,protein-coding,-,-,-,protein PRRC1,20210420,-
130825,121149534,LOC121149534,-,-,-,Un,-,U6 spliceosomal RNA,snRNA,-,-,-,-,20210420,-
130825,121149535,LOC121149535,-,-,-,Un,-,U6 spliceosomal RNA,snRNA,-,-,-,-,20210420,-
130825,121149536,LOC121149536,-,-,-,Un,-,U6 spliceosomal RNA,snRNA,-,-,-,-,20210420,-
130825,121149537,LOC121149537,-,-,-,Un,-,U6 spliceosomal RNA,snRNA,-,-,-,-,20210420,-
130825,121149538,LOC121149538,-,-,-,Un,-,U6 spliceosomal RNA,snRNA,-,-,-,-,20210420,-
130825,121149539,LOC121149539,-,-,-,Un,-,U6 spliceosomal RNA,snRNA,-,-,-,-,20210420,-
130825,121149540,LOC121149540,-,-,-,Un,-,U6 spliceosomal RNA,snRNA,-,-,-,-,20210420,-
130825,121149541,LOC121149541,-,-,-,Un,-,U6 spliceosomal RNA,snRNA,-,-,-,-,20210420,-
130825,121149542,LOC121149542,-,-,-,Un,-,U6 spliceosomal RNA,snRNA,-,-,-,-,20210420,-
130825,121149543,LOC121149543,-,-,-,Un,-,U6 spliceosomal RNA,pseudo,-,-,-,-,20210420,-
130825,121149544,EIF4EBP1,-,-,-,Un,-,eukaryotic translation initiation factor 4E binding protein 1,protein-coding,-,-,-,eukaryotic translation initiation factor 4E-binding protein 1,20210420,-
130825,121149545,LOC121149545,-,-,-,Un,-,U6 spliceosomal RNA,snRNA,-,-,-,-,20210420,-
130825,121149546,LOC121149546,-,-,-,Un,-,U6 spliceosomal RNA,snRNA,-,-,-,-,20210420,-
130825,121149547,LOC121149547,-,-,-,Un,-,U6 spliceosomal RNA,snRNA,-,-,-,-,20210420,-
130825,121149548,LOC121149548,-,-,-,Un,-,U6 spliceosomal RNA,snRNA,-,-,-,-,20210420,-
130825,121149549,LOC121149549,-,-,-,Un,-,U6 spliceosomal RNA,snRNA,-,-,-,-,20210420,-
130825,121149550,LOC121149550,-,-,-,Un,-,U6 spliceosomal RNA,snRNA,-,-,-,-,20210420,-
130825,121149551,LOC121149551,-,-,-,Un,-,U6 spliceosomal RNA,snRNA,-,-,-,-,20210420,-
130825,121149552,LOC121149552,-,-,-,Un,-,U6 spliceosomal RNA,snRNA,-,-,-,-,20210420,-
130825,121149553,LOC121149553,-,-,-,Un,-,U6 spliceosomal RNA,snRNA,-,-,-,-,20210420,-
130825,121149554,LOC121149554,-,-,-,Un,-,U6 spliceosomal RNA,snRNA,-,-,-,-,20210420,-
130825,121149555,LOC121149555,-,-,-,Un,-,U6 spliceosomal RNA,snRNA,-,-,-,-,20210420,-
130825,121149556,LOC121149556,-,-,-,Un,-,U6 spliceosomal RNA,pseudo,-,-,-,-,20210420,-
130825,121149557,LOC121149557,-,-,-,Un,-,U6 spliceosomal RNA,snRNA,-,-,-,-,20210420,-
130825,121149558,LOC121149558,-,-,-,Un,-,U6 spliceosomal RNA,snRNA,-,-,-,-,20210420,-
130825,121149559,LOC121149559,-,-,-,Un,-,U6 spliceosomal RNA,pseudo,-,-,-,-,20210420,-
130825,121149560,ASH2L,-,-,-,Un,-,"ASH2 like, histone lysine methyltransferase complex subunit",protein-coding,-,-,-,set1/Ash2 histone methyltransferase complex subunit ASH2,20210420,-
130825,121149561,LOC121149561,-,-,-,Un,-,U6 spliceosomal RNA,snRNA,-,-,-,-,20210420,-
130825,121149562,LOC121149562,-,-,-,Un,-,U6 spliceosomal RNA,snRNA,-,-,-,-,20210420,-
130825,121149563,LOC121149563,-,-,-,Un,-,U6 spliceosomal RNA,snRNA,-,-,-,-,20210420,-
130825,121149564,LOC121149564,-,-,-,Un,-,U6 spliceosomal RNA,snRNA,-,-,-,-,20210420,-
130825,121149565,LOC121149565,-,-,-,Un,-,U6 spliceosomal RNA,snRNA,-,-,-,-,20210420,-
130825,121149566,LOC121149566,-,-,-,Un,-,U6 spliceosomal RNA,pseudo,-,-,-,-,20210420,-
130825,121149567,LOC121149567,-,-,-,Un,-,U6 spliceosomal RNA,pseudo,-,-,-,-,20210420,-
130825,121149568,LOC121149568,-,-,-,Un,-,U6 spliceosomal RNA,snRNA,-,-,-,-,20210420,-
130825,121149569,LOC121149569,-,-,-,Un,-,U6 spliceosomal RNA,snRNA,-,-,-,-,20210420,-
130825,121149570,LOC121149570,-,-,-,Un,-,U6 spliceosomal RNA,snRNA,-,-,-,-,20210420,-
130825,121149571,LOC121149571,-,-,-,Un,-,U6 spliceosomal RNA,pseudo,-,-,-,-,20210420,-
130825,121149572,LOC121149572,-,-,-,Un,-,U6 spliceosomal RNA,snRNA,-,-,-,-,20210420,-
130825,121149573,LOC121149573,-,-,-,Un,-,U6 spliceosomal RNA,pseudo,-,-,-,-,20210420,-
130825,121149574,LOC121149574,-,-,-,Un,-,small nucleolar RNA SNORD18,snoRNA,-,-,-,-,20210420,-
130825,121149575,LOC121149575,-,-,-,Un,-,small nucleolar RNA SNORD18,snoRNA,-,-,-,-,20210420,-
130825,121149576,LOC121149576,-,-,-,Un,-,small nucleolar RNA SNORD18,snoRNA,-,-,-,-,20210420,-
130825,121149577,LOC121149577,-,-,-,Un,-,small nucleolar RNA SNORD115,snoRNA,-,-,-,-,20210420,-
130825,121149578,LOC121149578,-,-,-,Un,-,small nucleolar RNA SNORD115,snoRNA,-,-,-,-,20210420,-
130825,121149579,LOC121149579,-,-,-,Un,-,small nucleolar RNA SNORD115,snoRNA,-,-,-,-,20210420,-
130825,121149580,LOC121149580,-,-,-,Un,-,small nucleolar RNA SNORD115,snoRNA,-,-,-,-,20210420,-
130825,121149581,LOC121149581,-,-,-,Un,-,small nucleolar RNA SNORD115,snoRNA,-,-,-,-,20210420,-
130825,121149582,LOC121149582,-,-,-,Un,-,small nucleolar RNA SNORD115,snoRNA,-,-,-,-,20210420,-
130825,121149583,LOC121149583,-,-,-,Un,-,small nucleolar RNA SNORD115,snoRNA,-,-,-,-,20210420,-
130825,121149584,LOC121149584,-,-,-,Un,-,small nucleolar RNA SNORD115,snoRNA,-,-,-,-,20210420,-
130825,121149585,LOC121149585,-,-,-,Un,-,small nucleolar RNA SNORD115,snoRNA,-,-,-,-,20210420,-
130825,121149586,LOC121149586,-,-,-,Un,-,small nucleolar RNA SNORD115,snoRNA,-,-,-,-,20210420,-
130825,121149587,LOC121149587,-,-,-,Un,-,small nucleolar RNA SNORD115,snoRNA,-,-,-,-,20210420,-
130825,121149588,LOC121149588,-,-,-,Un,-,small nucleolar RNA SNORD115,snoRNA,-,-,-,-,20210420,-
130825,121149589,LOC121149589,-,-,-,Un,-,small nucleolar RNA SNORD115,snoRNA,-,-,-,-,20210420,-
130825,121149590,LOC121149590,-,-,-,Un,-,small nucleolar RNA SNORD115,snoRNA,-,-,-,-,20210420,-
130825,121149591,LOC121149591,-,-,-,Un,-,small nucleolar RNA SNORD115,snoRNA,-,-,-,-,20210420,-
130825,121149592,LOC121149592,-,-,-,Un,-,small nucleolar RNA SNORD115,snoRNA,-,-,-,-,20210420,-
130825,121149593,LOC121149593,-,-,-,Un,-,small nucleolar RNA SNORD115,snoRNA,-,-,-,-,20210420,-
130825,121149594,LOC121149594,-,-,-,Un,-,small nucleolar RNA SNORD115,snoRNA,-,-,-,-,20210420,-
130825,121149595,LOC121149595,-,-,-,Un,-,small nucleolar RNA SNORD115,snoRNA,-,-,-,-,20210420,-
130825,121149596,LSM1,-,-,-,Un,-,"LSM1 homolog, mRNA degradation associated",protein-coding,-,-,-,U6 snRNA-associated Sm-like protein LSm1,20210420,-
130825,121149597,LOC121149597,-,-,-,Un,-,small nucleolar RNA SNORD115,snoRNA,-,-,-,-,20210420,-
130825,121149598,LOC121149598,-,-,-,Un,-,small nucleolar RNA SNORD115,snoRNA,-,-,-,-,20210420,-
130825,121149599,LOC121149599,-,-,-,Un,-,small nucleolar RNA SNORD115,snoRNA,-,-,-,-,20210420,-
130825,121149600,LOC121149600,-,-,-,Un,-,small nucleolar RNA SNORD115,snoRNA,-,-,-,-,20210420,-
130825,121149601,LOC121149601,-,-,-,Un,-,small nucleolar RNA SNORD115,snoRNA,-,-,-,-,20210420,-
130825,121149602,LOC121149602,-,-,-,Un,-,small nucleolar RNA SNORD115,snoRNA,-,-,-,-,20210420,-
130825,121149603,LOC121149603,-,-,-,Un,-,small nucleolar RNA SNORD115,snoRNA,-,-,-,-,20210420,-
130825,121149604,LOC121149604,-,-,-,Un,-,small nucleolar RNA SNORD115,snoRNA,-,-,-,-,20210420,-
130825,121149605,LOC121149605,-,-,-,Un,-,small nucleolar RNA SNORD115,snoRNA,-,-,-,-,20210420,-
130825,121149606,LOC121149606,-,-,-,Un,-,small nucleolar RNA SNORD115,snoRNA,-,-,-,-,20210420,-
130825,121149607,LOC121149607,-,-,-,Un,-,small nucleolar RNA SNORD115,snoRNA,-,-,-,-,20210420,-
130825,121149608,LOC121149608,-,-,-,Un,-,small nucleolar RNA SNORD115,snoRNA,-,-,-,-,20210420,-
130825,121149609,LOC121149609,-,-,-,Un,-,small nucleolar RNA SNORD115,snoRNA,-,-,-,-,20210420,-
130825,121149610,LOC121149610,-,-,-,Un,-,small nucleolar RNA SNORD115,snoRNA,-,-,-,-,20210420,-
130825,121149611,LOC121149611,-,-,-,Un,-,small nucleolar RNA SNORD115,snoRNA,-,-,-,-,20210420,-
130825,121149612,BAG4,-,-,-,Un,-,BAG cochaperone 4,protein-coding,-,-,-,BAG family molecular chaperone regulator 4,20210420,-
130825,121149613,LOC121149613,-,-,-,Un,-,small nucleolar RNA SNORD115,snoRNA,-,-,-,-,20210420,-
130825,121149614,LOC121149614,-,-,-,Un,-,small nucleolar RNA SNORD115,snoRNA,-,-,-,-,20210420,-
130825,121149615,LOC121149615,-,-,-,Un,-,small nucleolar RNA SNORD115,snoRNA,-,-,-,-,20210420,-
130825,121149616,LOC121149616,-,-,-,Un,-,small nucleolar RNA SNORD115,snoRNA,-,-,-,-,20210420,-
130825,121149617,LOC121149617,-,-,-,Un,-,small nucleolar RNA SNORD115,snoRNA,-,-,-,-,20210420,-
130825,121149618,LOC121149618,-,-,-,Un,-,small nucleolar RNA SNORD115,snoRNA,-,-,-,-,20210420,-
130825,121149619,LOC121149619,-,-,-,Un,-,small nucleolar RNA SNORD115,snoRNA,-,-,-,-,20210420,-
130825,121149620,LOC121149620,-,-,-,Un,-,small nucleolar RNA SNORD115,snoRNA,-,-,-,-,20210420,-
130825,121149621,LOC121149621,-,-,-,Un,-,small nucleolar RNA SNORD115,pseudo,-,-,-,-,20210420,-
130825,121149622,LOC121149622,-,-,-,Un,-,small nucleolar RNA SNORD115,snoRNA,-,-,-,-,20210420,-
130825,121149623,LOC121149623,-,-,-,Un,-,small nucleolar RNA SNORD115,snoRNA,-,-,-,-,20210420,-
130825,121149624,LOC121149624,-,-,-,Un,-,small nucleolar RNA SNORD115,snoRNA,-,-,-,-,20210420,-
130825,121149625,LOC121149625,-,-,-,Un,-,small nucleolar RNA SNORD115,snoRNA,-,-,-,-,20210420,-
130825,121149626,LOC121149626,-,-,-,Un,-,small nucleolar RNA SNORD115,snoRNA,-,-,-,-,20210420,-
130825,121149627,LOC121149627,-,-,-,Un,-,small nucleolar RNA SNORD115,snoRNA,-,-,-,-,20210420,-
130825,121149628,LOC121149628,-,-,-,Un,-,small nucleolar RNA SNORD115,snoRNA,-,-,-,-,20210420,-
130825,121149629,LOC121149629,-,-,-,Un,-,small nucleolar RNA SNORD115,pseudo,-,-,-,-,20210420,-
130825,121149630,LOC121149630,-,-,-,Un,-,small nucleolar RNA SNORD115,pseudo,-,-,-,-,20210420,-
130825,121149631,LOC121149631,-,-,-,Un,-,small nucleolar RNA SNORD115,pseudo,-,-,-,-,20210420,-
130825,121149632,LOC121149632,-,-,-,Un,-,small nucleolar RNA SNORD115,snoRNA,-,-,-,-,20210420,-
130825,121149633,LOC121149633,-,-,-,Un,-,small nucleolar RNA SNORD115,snoRNA,-,-,-,-,20210420,-
130825,121149634,LOC121149634,-,-,-,Un,-,small nucleolar RNA SNORD115,pseudo,-,-,-,-,20210420,-
130825,121149635,LOC121149635,-,-,-,Un,-,small nucleolar RNA SNORD115,pseudo,-,-,-,-,20210420,-
130825,121149636,LOC121149636,-,-,-,Un,-,small nucleolar RNA SNORD116,snoRNA,-,-,-,-,20210420,-
130825,121149637,LOC121149637,-,-,-,Un,-,small nucleolar RNA SNORD116,snoRNA,-,-,-,-,20210420,-
130825,121149638,DDHD2,-,-,-,Un,-,DDHD domain containing 2,protein-coding,-,-,-,phospholipase DDHD2,20210420,-
130825,121149639,LOC121149639,-,-,-,Un,-,small nucleolar RNA SNORD116,snoRNA,-,-,-,-,20210420,-
130825,121149640,LOC121149640,-,-,-,Un,-,small nucleolar RNA SNORD116,snoRNA,-,-,-,-,20210420,-
130825,121149641,LOC121149641,-,-,-,Un,-,small nucleolar RNA SNORD116,snoRNA,-,-,-,-,20210420,-
130825,121149642,LOC121149642,-,-,-,Un,-,small nucleolar RNA SNORD116,snoRNA,-,-,-,-,20210420,-
130825,121149643,LOC121149643,-,-,-,Un,-,small nucleolar RNA SNORD116,snoRNA,-,-,-,-,20210420,-
130825,121149644,LOC121149644,-,-,-,Un,-,small nucleolar RNA SNORD116,snoRNA,-,-,-,-,20210420,-
130825,121149645,LOC121149645,-,-,-,Un,-,small nucleolar RNA SNORD116,snoRNA,-,-,-,-,20210420,-
130825,121149646,LOC121149646,-,-,-,Un,-,small nucleolar RNA SNORD116,snoRNA,-,-,-,-,20210420,-
130825,121149647,LOC121149647,-,-,-,Un,-,small nucleolar RNA SNORD116,snoRNA,-,-,-,-,20210420,-
130825,121149648,LOC121149648,-,-,-,Un,-,small nucleolar RNA SNORD116,snoRNA,-,-,-,-,20210420,-
130825,121149649,LOC121149649,-,-,-,Un,-,small nucleolar RNA SNORD116,snoRNA,-,-,-,-,20210420,-
130825,121149650,LOC121149650,-,-,-,Un,-,small nucleolar RNA SNORD116,snoRNA,-,-,-,-,20210420,-
130825,121149651,LOC121149651,-,-,-,Un,-,small nucleolar RNA SNORD116,snoRNA,-,-,-,-,20210420,-
130825,121149652,LOC121149652,-,-,-,Un,-,small nucleolar RNA SNORD116,snoRNA,-,-,-,-,20210420,-
130825,121149653,LOC121149653,-,-,-,Un,-,small nucleolar RNA SNORD116,snoRNA,-,-,-,-,20210420,-
130825,121149654,LOC121149654,-,-,-,Un,-,small nucleolar RNA SNORD116,snoRNA,-,-,-,-,20210420,-
130825,121149655,LOC121149655,-,-,-,Un,-,small nucleolar RNA SNORD116,snoRNA,-,-,-,-,20210420,-
130825,121149656,LOC121149656,-,-,-,Un,-,small nucleolar RNA SNORD116,snoRNA,-,-,-,-,20210420,-
130825,121149657,LOC121149657,-,-,-,Un,-,small nucleolar RNA SNORD116,snoRNA,-,-,-,-,20210420,-
130825,121149658,LOC121149658,-,-,-,Un,-,small nucleolar RNA SNORD116,snoRNA,-,-,-,-,20210420,-
130825,121149659,LOC121149659,-,-,-,Un,-,small nucleolar RNA SNORD116,snoRNA,-,-,-,-,20210420,-
130825,121149660,LOC121149660,-,-,-,Un,-,small nucleolar RNA SNORD116,snoRNA,-,-,-,-,20210420,-
130825,121149661,LOC121149661,-,-,-,Un,-,small nucleolar RNA SNORD116,snoRNA,-,-,-,-,20210420,-
130825,121149662,LOC121149662,-,-,-,Un,-,small nucleolar RNA SNORD116,snoRNA,-,-,-,-,20210420,-
130825,121149663,LOC121149663,-,-,-,Un,-,small nucleolar RNA SNORD116,snoRNA,-,-,-,-,20210420,-
130825,121149664,LOC121149664,-,-,-,Un,-,small nucleolar RNA SNORD116,snoRNA,-,-,-,-,20210420,-
130825,121149665,LOC121149665,-,-,-,Un,-,small nucleolar RNA SNORD116,snoRNA,-,-,-,-,20210420,-
130825,121149666,LOC121149666,-,-,-,Un,-,small nucleolar RNA SNORD116,snoRNA,-,-,-,-,20210420,-
130825,121149667,LOC121149667,-,-,-,Un,-,small nucleolar RNA SNORD116,snoRNA,-,-,-,-,20210420,-
130825,121149668,LOC121149668,-,-,-,Un,-,small nucleolar RNA SNORD116,snoRNA,-,-,-,-,20210420,-
130825,121149669,LOC121149669,-,-,-,Un,-,small nucleolar RNA SNORD116,snoRNA,-,-,-,-,20210420,-
130825,121149670,LOC121149670,-,-,-,Un,-,small nucleolar RNA SNORD116,snoRNA,-,-,-,-,20210420,-
130825,121149671,LOC121149671,-,-,-,Un,-,small nucleolar RNA SNORD116,snoRNA,-,-,-,-,20210420,-
130825,121149672,LOC121149672,-,-,-,Un,-,small nucleolar RNA SNORD116,snoRNA,-,-,-,-,20210420,-
130825,121149673,LOC121149673,-,-,-,Un,-,small nucleolar RNA SNORD116,snoRNA,-,-,-,-,20210420,-
130825,121149674,PLPP5,-,-,-,Un,-,phospholipid phosphatase 5,protein-coding,-,-,-,phospholipid phosphatase 5,20210420,-
130825,121149675,LOC121149675,-,-,-,Un,-,small nucleolar RNA SNORD116,snoRNA,-,-,-,-,20210420,-
130825,121149676,LOC121149676,-,-,-,Un,-,small nucleolar RNA SNORD116,pseudo,-,-,-,-,20210420,-
130825,121149677,LOC121149677,-,-,-,Un,-,small nucleolar RNA SNORD116,pseudo,-,-,-,-,20210420,-
130825,121149678,LOC121149678,-,-,-,Un,-,small nucleolar RNA SNORD116,pseudo,-,-,-,-,20210420,-
130825,121149679,LOC121149679,-,-,-,Un,-,small nucleolar RNA SNORD16,snoRNA,-,-,-,-,20210420,-
130825,121149680,LOC121149680,-,-,-,Un,-,small nucleolar RNA SNORD16,snoRNA,-,-,-,-,20210420,-
130825,121149681,LOC121149681,-,-,-,Un,-,small nucleolar RNA SNORA70,snoRNA,-,-,-,-,20210420,-
130825,121149682,LOC121149682,-,-,-,Un,-,small nucleolar RNA SNORA70,snoRNA,-,-,-,-,20210420,-
130825,121149683,LOC121149683,-,-,-,Un,-,small nucleolar RNA snR60/Z15/Z230/Z193/J17,snoRNA,-,-,-,-,20210420,-
130825,121149684,LOC121149684,-,-,-,Un,-,small nucleolar RNA SNORA3/SNORA45 family,snoRNA,-,-,-,-,20210420,-
130825,121149685,LOC121149685,-,-,-,Un,-,small nucleolar RNA U6-53/MBII-28,snoRNA,-,-,-,-,20210420,-
130825,121149686,LOC121149686,-,-,-,Un,-,small nucleolar RNA U6-53/MBII-28,snoRNA,-,-,-,-,20210420,-
130825,121149687,LOC121149687,-,-,-,Un,-,small Cajal body-specific RNA 15,ncRNA,-,-,-,-,20210420,-
130825,121149688,LOC121149688,-,-,-,Un,-,small nucleolar RNA SNORA29,snoRNA,-,-,-,-,20210420,-
130825,121149689,LOC121149689,-,-,-,Un,-,small nucleolar RNA SNORA40,snoRNA,-,-,-,-,20210420,-
130825,121149690,SLC12A2,-,-,-,Un,-,solute carrier family 12 member 2,protein-coding,-,-,-,solute carrier family 12 member 2,20210420,-
130825,121149691,NSD3,-,-,-,Un,-,nuclear receptor binding SET domain protein 3,protein-coding,-,-,-,histone-lysine N-methyltransferase NSD3,20210420,-
130825,121149692,LOC121149692,-,-,-,Un,-,small nucleolar RNA SNORA40,snoRNA,-,-,-,-,20210420,-
130825,121149693,LOC121149693,-,-,-,Un,-,small nucleolar RNA SNORA26,snoRNA,-,-,-,-,20210420,-
130825,121149694,LOC121149694,-,-,-,Un,-,small Cajal body-specific RNA 14,ncRNA,-,-,-,-,20210420,-
130825,121149695,LOC121149695,-,-,-,Un,-,small nucleolar RNA SNORA76,snoRNA,-,-,-,-,20210420,-
130825,121149696,LOC121149696,-,-,-,Un,-,small nucleolar RNA SNORA79,snoRNA,-,-,-,-,20210420,-
130825,121149697,LOC121149697,-,-,-,Un,-,small nucleolar RNA SNORA11,snoRNA,-,-,-,-,20210420,-
130825,121149698,LOC121149698,-,-,-,Un,-,small nucleolar RNA SNORD107,snoRNA,-,-,-,-,20210420,-
130825,121149699,LOC121149699,-,-,-,Un,-,small nucleolar RNA SNORD126,snoRNA,-,-,-,-,20210420,-
130825,121149700,LOC121149700,-,-,-,Un,-,small nucleolar RNA SNORD127,snoRNA,-,-,-,-,20210420,-
130825,121149701,LOC121149701,-,-,-,Un,-,small nucleolar RNA U13,pseudo,-,-,-,-,20210420,-
130825,121149702,LOC121149702,-,-,-,Un,-,small nucleolar RNA U13,snoRNA,-,-,-,-,20210420,-
130825,121149703,LOC121149703,-,-,-,Un,-,small nucleolar RNA U13,pseudo,-,-,-,-,20210420,-
130825,121149704,LOC121149704,-,-,-,Un,-,small nucleolar RNA ACA64,snoRNA,-,-,-,-,20210420,-
130825,121149705,LOC121149705,-,-,-,Un,-,small nucleolar RNA ACA64,snoRNA,-,-,-,-,20210420,-
130825,121149706,LOC121149706,-,-,-,Un,-,small nucleolar RNA ACA64,pseudo,-,-,-,-,20210420,-
130825,121149707,LOC121149707,-,-,-,Un,-,small nucleolar RNA SNORD109A,snoRNA,-,-,-,-,20210420,-
130825,121149708,LOC121149708,-,-,-,Un,-,small nucleolar RNA SNORD109A,snoRNA,-,-,-,-,20210420,-
130825,121149709,LOC121149709,-,-,-,Un,-,small nucleolar RNA SNORD109A,snoRNA,-,-,-,-,20210420,-
130825,121149710,LOC121149710,-,-,-,Un,-,U1 spliceosomal RNA,snRNA,-,-,-,-,20210420,-
130825,121149711,LOC121149711,-,-,-,Un,-,U1 spliceosomal RNA,snRNA,-,-,-,-,20210420,-
130825,121149712,LOC121149712,-,-,-,Un,-,U1 spliceosomal RNA,snRNA,-,-,-,-,20210420,-
130825,121149713,LOC121149713,-,-,-,Un,-,U1 spliceosomal RNA,snRNA,-,-,-,-,20210420,-
130825,121149714,LOC121149714,-,-,-,Un,-,U1 spliceosomal RNA,snRNA,-,-,-,-,20210420,-
130825,121149715,LOC121149715,-,-,-,Un,-,U1 spliceosomal RNA,snRNA,-,-,-,-,20210420,-
130825,121149716,LOC121149716,-,-,-,Un,-,U1 spliceosomal RNA,snRNA,-,-,-,-,20210420,-
130825,121149717,LOC121149717,-,-,-,Un,-,U1 spliceosomal RNA,pseudo,-,-,-,-,20210420,-
130825,121149718,LOC121149718,-,-,-,Un,-,U2 spliceosomal RNA,pseudo,-,-,-,-,20210420,-
130825,121149719,LOC121149719,-,-,-,Un,-,U2 spliceosomal RNA,pseudo,-,-,-,-,20210420,-
130825,121149720,LOC121149720,-,-,-,Un,-,U2 spliceosomal RNA,pseudo,-,-,-,-,20210420,-
130825,121149721,LOC121149721,-,-,-,Un,-,U2 spliceosomal RNA,snRNA,-,-,-,-,20210420,-
130825,121149722,LOC121149722,-,-,-,Un,-,U2 spliceosomal RNA,pseudo,-,-,-,-,20210420,-
130825,121149723,LOC121149723,-,-,-,Un,-,U2 spliceosomal RNA,pseudo,-,-,-,-,20210420,-
130825,121149724,LOC121149724,-,-,-,Un,-,U2 spliceosomal RNA,snRNA,-,-,-,-,20210420,-
130825,121149725,LOC121149725,-,-,-,Un,-,U2 spliceosomal RNA,pseudo,-,-,-,-,20210420,-
130825,121149726,TRNAK-CUU,-,-,-,Un,-,transfer RNA lysine (anticodon CUU),tRNA,-,-,-,-,20210420,-
130825,121149727,TRNAY-GUA,-,-,-,Un,-,transfer RNA tyrosine (anticodon GUA),tRNA,-,-,-,-,20210420,-
130825,121149728,TRNAT-UGU,-,-,-,Un,-,transfer RNA threonine (anticodon UGU),tRNA,-,-,-,-,20210420,-
130825,121149729,TRNAP-AGG,-,-,-,Un,-,transfer RNA proline (anticodon AGG),tRNA,-,-,-,-,20210420,-
130825,121149730,TRNAP-AGG,-,-,-,Un,-,transfer RNA proline (anticodon AGG),tRNA,-,-,-,-,20210420,-
130825,121149731,TRNAH-GUG,-,-,-,Un,-,transfer RNA histidin (anticodon GUG),tRNA,-,-,-,-,20210420,-
130825,121149732,TRNAR-UCG,-,-,-,Un,-,transfer RNA arginine (anticodon UCG),tRNA,-,-,-,-,20210420,-
130825,121149733,TRNAK-CUU,-,-,-,Un,-,transfer RNA lysine (anticodon CUU),tRNA,-,-,-,-,20210420,-
130825,121149734,TRNAE-UUC,-,-,-,Un,-,transfer RNA glutamic acid (anticodon UUC),tRNA,-,-,-,-,20210420,-
130825,121149735,TRNAK-CUU,-,-,-,Un,-,transfer RNA lysine (anticodon CUU),tRNA,-,-,-,-,20210420,-
130825,121149736,TRNAR-ACG,-,-,-,Un,-,transfer RNA arginine (anticodon ACG),tRNA,-,-,-,-,20210420,-
130825,121149737,TRNAL-UAG,-,-,-,Un,-,transfer RNA leucine (anticodon UAG),tRNA,-,-,-,-,20210420,-
130825,121149738,TRNAP-UGG,-,-,-,Un,-,transfer RNA proline (anticodon UGG),tRNA,-,-,-,-,20210420,-
130825,121149739,TRNAY-GUA,-,-,-,Un,-,transfer RNA tyrosine (anticodon GUA),tRNA,-,-,-,-,20210420,-
130825,121149740,TRNAT-UGU,-,-,-,Un,-,transfer RNA threonine (anticodon UGU),tRNA,-,-,-,-,20210420,-
130825,121149741,TRNAP-UGG,-,-,-,Un,-,transfer RNA proline (anticodon UGG),tRNA,-,-,-,-,20210420,-
130825,121149742,TRNAL-UAG,-,-,-,Un,-,transfer RNA leucine (anticodon UAG),tRNA,-,-,-,-,20210420,-
130825,121149743,TRNAL-AAG,-,-,-,Un,-,transfer RNA leucine (anticodon AAG),tRNA,-,-,-,-,20210420,-
130825,121149744,TRNAS-GCU,-,-,-,Un,-,transfer RNA serine (anticodon GCU),tRNA,-,-,-,-,20210420,-
130825,121149745,TRNAH-GUG,-,-,-,Un,-,transfer RNA histidin (anticodon GUG),tRNA,-,-,-,-,20210420,-
130825,121149746,TRNAH-GUG,-,-,-,Un,-,transfer RNA histidin (anticodon GUG),tRNA,-,-,-,-,20210420,-
130825,121149747,TRNAQ-CUG,-,-,-,Un,-,transfer RNA glutamine (anticodon CUG),tRNA,-,-,-,-,20210420,-
130825,121149748,TRNAY-GUA,-,-,-,Un,-,transfer RNA tyrosine (anticodon GUA),tRNA,-,-,-,-,20210420,-
130825,121149749,TRNAY-GUA,-,-,-,Un,-,transfer RNA tyrosine (anticodon GUA),tRNA,-,-,-,-,20210420,-
130825,121149750,TRNAY-GUA,-,-,-,Un,-,transfer RNA tyrosine (anticodon GUA),tRNA,-,-,-,-,20210420,-
130825,121149751,ANKRD1,-,-,-,Un,-,ankyrin repeat domain 1,protein-coding,-,-,-,ankyrin repeat domain-containing protein 1,20210420,-
130825,121149752,RPP30,-,-,-,Un,-,ribonuclease P/MRP subunit p30,protein-coding,-,-,-,ribonuclease P protein subunit p30,20210420,-
130825,121149753,LOC121149753,-,-,-,Un,-,uncharacterized LOC121149753,ncRNA,-,-,-,-,20210420,-
130825,121149754,CUNH10orf53,-,-,-,Un,-,chromosome unknown C10orf53 homolog,protein-coding,-,-,-,UPF0728 protein C10orf53 homolog,20210420,-
130825,121149755,TACC1,-,-,-,Un,-,transforming acidic coiled-coil containing protein 1,protein-coding,-,-,-,transforming acidic coiled-coil-containing protein 1,20210420,-
130825,121149756,KIF11,-,-,-,Un,-,kinesin family member 11,protein-coding,-,-,-,kinesin-like protein KIF11,20210420,-
130825,121149757,HHEX,-,-,-,Un,-,hematopoietically expressed homeobox,protein-coding,-,-,-,hematopoietically-expressed homeobox protein HHEX,20210420,-
130825,121149758,FGFBP3,-,-,-,Un,-,fibroblast growth factor binding protein 3,protein-coding,-,-,-,fibroblast growth factor-binding protein 3,20210420,-
130825,121149759,IDE,-,-,-,Un,-,insulin degrading enzyme,protein-coding,-,-,-,insulin-degrading enzyme,20210420,-
130825,121149760,CUNH10orf71,-,-,-,Un,-,chromosome unknown C10orf71 homolog,protein-coding,-,-,-,cardiac-enriched FHL2-interacting protein,20210420,-
130825,121149761,TMEM72,-,-,-,Un,-,transmembrane protein 72,protein-coding,-,-,-,transmembrane protein 72,20210420,-
130825,121149762,GHITM,-,-,-,Un,-,growth hormone inducible transmembrane protein,protein-coding,-,-,-,growth hormone-inducible transmembrane protein,20210420,-
130825,121149763,OGDHL,-,-,-,Un,-,oxoglutarate dehydrogenase L,protein-coding,-,-,-,"2-oxoglutarate dehydrogenase-like, mitochondrial",20210420,-
130825,121149764,ERCC6,-,-,-,Un,-,"ERCC excision repair 6, chromatin remodeling factor",protein-coding,-,-,-,DNA excision repair protein ERCC-6,20210420,-
130825,121149765,LRRC18,-,-,-,Un,-,leucine rich repeat containing 18,protein-coding,-,-,-,leucine-rich repeat-containing protein 18,20210420,-
130825,121149766,GRID1,-,-,-,Un,-,glutamate ionotropic receptor delta type subunit 1,protein-coding,-,-,-,"glutamate receptor ionotropic, delta-1",20210420,-
130825,121149767,RASGEF1A,-,-,-,Un,-,RasGEF domain family member 1A,protein-coding,-,-,-,ras-GEF domain-containing family member 1A,20210420,-
130825,121149768,LOC121149768,-,-,-,Un,-,uncharacterized protein NKAPD1-like,protein-coding,-,-,-,LOW QUALITY PROTEIN: uncharacterized protein NKAPD1-like,20210420,-
130825,121149769,LOC121149769,-,-,-,Un,-,uncharacterized LOC121149769,ncRNA,-,-,-,-,20210420,-
130825,121149770,BMS1,-,-,-,Un,-,BMS1 ribosome biogenesis factor,protein-coding,-,-,-,ribosome biogenesis protein BMS1 homolog,20210420,-
130825,121149771,SH2D4B,-,-,-,Un,-,SH2 domain containing 4B,protein-coding,-,-,-,SH2 domain-containing protein 4B,20210420,-
130825,121149772,PARG,-,-,-,Un,-,poly(ADP-ribose) glycohydrolase,protein-coding,-,-,-,poly(ADP-ribose) glycohydrolase,20210420,-
130825,121149773,NCOA4,-,-,-,Un,-,nuclear receptor coactivator 4,protein-coding,-,-,-,nuclear receptor coactivator 4,20210420,-
130825,121149774,LOC121149774,-,-,-,Un,-,mitochondrial import inner membrane translocase subunit Tim23,protein-coding,-,-,-,mitochondrial import inner membrane translocase subunit Tim23,20210420,-
130825,121149775,CPEB3,-,-,-,Un,-,cytoplasmic polyadenylation element binding protein 3,protein-coding,-,-,-,cytoplasmic polyadenylation element-binding protein 3,20210420,-
130825,121149776,MARCHF5,-,-,-,Un,-,membrane associated ring-CH-type finger 5,protein-coding,-,-,-,E3 ubiquitin-protein ligase MARCHF5,20210501,-
130825,121149777,LOC121149777,-,-,-,Un,-,olfactory receptor 13A1,protein-coding,-,-,-,olfactory receptor 13A1,20210420,-
130825,121149778,LOC121149778,-,-,-,Un,-,glyceraldehyde-3-phosphate dehydrogenase-like,protein-coding,-,-,-,glyceraldehyde-3-phosphate dehydrogenase-like,20210420,-
130825,121149779,MSMB,-,-,-,Un,-,microseminoprotein beta,protein-coding,-,-,-,beta-microseminoprotein,20210420,-
130825,121149780,LOC121149780,-,-,-,Un,-,uncharacterized LOC121149780,ncRNA,-,-,-,-,20210420,-
130825,121149781,CXCL12,-,-,-,Un,-,C-X-C motif chemokine ligand 12,protein-coding,-,-,-,stromal cell-derived factor 1,20210420,-
130825,121149782,DYDC1,-,-,-,Un,-,DPY30 domain containing 1,protein-coding,-,-,-,DPY30 domain-containing protein 1,20210420,-
130825,121149783,DYDC2,-,-,-,Un,-,DPY30 domain containing 2,protein-coding,-,-,-,DPY30 domain-containing protein 2,20210420,-
130825,121149784,RASSF4,-,-,-,Un,-,Ras association domain family member 4,protein-coding,-,-,-,ras association domain-containing protein 4,20210420,-
130825,121149785,DEPP1,-,-,-,Un,-,DEPP1 autophagy regulator,protein-coding,-,-,-,protein DEPP1,20210420,-
130825,121149786,LOC121149786,-,-,-,Un,-,uncharacterized LOC121149786,ncRNA,-,-,-,-,20210420,-
130825,121149787,LOC121149787,-,-,-,Un,-,golgin subfamily A member 5-like,pseudo,-,-,-,-,20210420,-
130825,121149788,LOC121149788,-,-,-,Un,-,40S ribosomal protein S24-like,pseudo,-,-,-,-,20210420,-
130825,121149789,LOC121149789,-,-,-,Un,-,proline and serine-rich protein 1-like,pseudo,-,-,-,-,20210420,-
130825,121149790,LOC121149790,-,-,-,Un,-,mortality factor 4-like protein 2,pseudo,-,-,-,-,20210420,-
130825,121149791,RET,-,-,-,Un,-,ret proto-oncogene,protein-coding,-,-,-,proto-oncogene tyrosine-protein kinase receptor Ret,20210420,-
130825,121149792,ZNF239,-,-,-,Un,-,zinc finger protein 239,protein-coding,-,-,-,zinc finger protein 239,20210420,-
130825,121149793,CHAT,-,-,-,Un,-,choline O-acetyltransferase,protein-coding,-,-,-,choline O-acetyltransferase,20210420,-
130825,121149794,WDFY4,-,-,-,Un,-,WDFY family member 4,protein-coding,-,-,-,WD repeat- and FYVE domain-containing protein 4,20210420,-
130825,121149795,FRMPD2,-,-,-,Un,-,FERM and PDZ domain containing 2,protein-coding,-,-,-,FERM and PDZ domain-containing protein 2,20210420,-
130825,121149796,PTPN20,-,-,-,Un,-,protein tyrosine phosphatase non-receptor type 20,protein-coding,-,-,-,tyrosine-protein phosphatase non-receptor type 20,20210420,-
130825,121149797,RBP3,-,-,-,Un,-,retinol binding protein 3,protein-coding,-,-,-,retinol-binding protein 3,20210420,-
130825,121149798,ZNF488,-,-,-,Un,-,zinc finger protein 488,protein-coding,-,-,-,zinc finger protein 488,20210420,-
130825,121149799,ANTXRL,-,-,-,Un,-,ANTXR like,protein-coding,-,-,-,anthrax toxin receptor-like,20210420,-
130825,121149800,MMRN2,-,-,-,Un,-,multimerin 2,protein-coding,-,-,-,multimerin-2,20210420,-
130825,121149801,LOC121149801,-,-,-,Un,-,proline-rich protein 2-like,protein-coding,-,-,-,proline-rich protein 2-like,20210420,-
130825,121149802,LOC121149802,-,-,-,Un,-,"DNA-directed RNA polymerases I, II, and III subunit RPABC5-like",protein-coding,-,-,-,"DNA-directed RNA polymerases I, II, and III subunit RPABC5-like",20210420,-
130825,121149803,OPN4,-,-,-,Un,-,opsin 4,protein-coding,-,-,-,LOW QUALITY PROTEIN: melanopsin,20210420,-
130825,121149804,LOC121149804,-,-,-,Un,-,protein-L-isoaspartate O-methyltransferase domain-containing protein 2-like,protein-coding,-,-,-,protein-L-isoaspartate O-methyltransferase domain-containing protein 2-like,20210420,-
130825,121149805,LOC121149805,-,-,-,Un,-,S-phase kinase-associated protein 1-like,pseudo,-,-,-,-,20210420,-
130825,121149806,LRIT2,-,-,-,Un,-,"leucine rich repeat, Ig-like and transmembrane domains 2",protein-coding,-,-,-,"leucine-rich repeat, immunoglobulin-like domain and transmembrane domain-containing protein 2",20210420,-
130825,121149807,CUNH10orf99,-,-,-,Un,-,chromosome unknown C10orf99 homolog,protein-coding,-,-,-,protein GPR15L,20210420,-
130825,121149808,LOC121149808,-,-,-,Un,-,hsc70-interacting protein-like,pseudo,-,-,-,-,20210420,-
130825,121149809,LOC121149809,-,-,-,Un,-,high mobility group protein B1-like,pseudo,-,-,-,-,20210420,-
130825,121149810,LOC121149810,-,-,-,Un,-,heat shock protein HSP 90-beta-like,pseudo,-,-,-,-,20210420,-
130825,121149811,LOC121149811,-,-,-,Un,-,"ADP-ribose pyrophosphatase, mitochondrial-like",pseudo,-,-,-,-,20210420,-
130825,121149812,ZNF248,-,-,-,Un,-,zinc finger protein 248,protein-coding,-,-,-,zinc finger protein 248,20210420,-
130825,121149813,LOC121149813,-,-,-,Un,-,zinc finger protein 33B-like,protein-coding,-,-,-,zinc finger protein 33B-like,20210420,-
130825,121149814,MAT1A,-,-,-,Un,-,methionine adenosyltransferase 1A,protein-coding,-,-,-,S-adenosylmethionine synthase,20210420,-
130825,121149815,CDHR1,-,-,-,Un,-,cadherin related family member 1,protein-coding,-,-,-,cadherin-related family member 1,20210420,-
130825,121149816,FXYD4,-,-,-,Un,-,FXYD domain containing ion transport regulator 4,protein-coding,-,-,-,FXYD domain-containing ion transport regulator 4,20210420,-
130825,121149817,LOC121149817,-,-,-,Un,-,annexin A8,protein-coding,-,-,-,annexin A8,20210420,-
130825,121149818,BMPR1A,-,-,-,Un,-,bone morphogenetic protein receptor type 1A,protein-coding,-,-,-,bone morphogenetic protein receptor type-1A,20210420,-
130825,121149819,VSTM4,-,-,-,Un,-,V-set and transmembrane domain containing 4,protein-coding,-,-,-,V-set and transmembrane domain-containing protein 4,20210420,-
130825,121149820,MARCHF8,-,-,-,Un,-,membrane associated ring-CH-type finger 8,protein-coding,-,-,-,E3 ubiquitin-protein ligase MARCHF8,20210420,-
130825,121149821,HTR7,-,-,-,Un,-,5-hydroxytryptamine receptor 7,protein-coding,-,-,-,5-hydroxytryptamine receptor 7,20210420,-
130825,121149822,LOC121149822,-,-,-,Un,-,uncharacterized LOC121149822,ncRNA,-,-,-,-,20210420,-
130825,121149823,HECTD2,-,-,-,Un,-,HECT domain E3 ubiquitin protein ligase 2,protein-coding,-,-,-,probable E3 ubiquitin-protein ligase HECTD2,20210420,-
130825,121149824,ZNF25,-,-,-,Un,-,zinc finger protein 25,protein-coding,-,-,-,zinc finger protein 25,20210420,-
130825,121149825,ZFAND4,-,-,-,Un,-,zinc finger AN1-type containing 4,protein-coding,-,-,-,AN1-type zinc finger protein 4,20210420,-
130825,121149826,HTRA4,-,-,-,Un,-,HtrA serine peptidase 4,protein-coding,-,-,-,serine protease HTRA4,20210420,-
130825,121149827,PRXL2A,-,-,-,Un,-,peroxiredoxin like 2A,protein-coding,-,-,-,peroxiredoxin-like 2A,20210420,-
130825,121149828,ZNF32,-,-,-,Un,-,zinc finger protein 32,protein-coding,-,-,-,zinc finger protein 32,20210420,-
130825,121149829,NRG3,-,-,-,Un,-,neuregulin 3,protein-coding,-,-,-,"pro-neuregulin-3, membrane-bound isoform",20210420,-
130825,121149830,PLEKHA2,-,-,-,Un,-,pleckstrin homology domain containing A2,protein-coding,-,-,-,pleckstrin homology domain-containing family A member 2,20210420,-
130825,121149831,LOC121149831,-,-,-,Un,-,uncharacterized LOC121149831,ncRNA,-,-,-,-,20210420,-
130825,121149832,LDB3,-,-,-,Un,-,LIM domain binding 3,protein-coding,-,-,-,LIM domain-binding protein 3,20210420,-
130825,121149833,SNCG,-,-,-,Un,-,synuclein gamma,protein-coding,-,-,-,gamma-synuclein,20210420,-
130825,121149834,LOC121149834,-,-,-,Un,-,olfactory receptor 6C4-like,protein-coding,-,-,-,olfactory receptor 6C4-like,20210420,-
130825,121149835,WAPL,-,-,-,Un,-,WAPL cohesin release factor,protein-coding,-,-,-,wings apart-like protein homolog,20210420,-
130825,121149836,LOC121149836,-,-,-,Un,-,olfactory receptor 6C4-like,protein-coding,-,-,-,olfactory receptor 6C4-like,20210420,-
130825,121149837,LOC121149837,-,-,-,Un,-,olfactory receptor 6C4-like,protein-coding,-,-,-,olfactory receptor 6C4-like,20210420,-
130825,121149838,SLC27A6,-,-,-,Un,-,solute carrier family 27 member 6,protein-coding,-,-,-,long-chain fatty acid transport protein 6,20210420,-
130825,121149839,LOC121149839,-,-,-,Un,-,cytoskeleton-associated protein 2-like,protein-coding,-,-,-,cytoskeleton-associated protein 2-like,20210420,-
130825,121149840,RGR,-,-,-,Un,-,retinal G protein coupled receptor,protein-coding,-,-,-,RPE-retinal G protein-coupled receptor,20210420,-
130825,121149841,PPP1R3C,-,-,-,Un,-,protein phosphatase 1 regulatory subunit 3C,protein-coding,-,-,-,protein phosphatase 1 regulatory subunit 3C,20210420,-
130825,121149842,LOC121149842,-,-,-,Un,-,uncharacterized LOC121149842,ncRNA,-,-,-,-,20210420,-
130825,121149843,SHLD2,-,-,-,Un,-,shieldin complex subunit 2,protein-coding,-,-,-,shieldin complex subunit 2,20210420,-
130825,121149844,GLUD1,-,-,-,Un,-,glutamate dehydrogenase 1,protein-coding,-,-,-,"glutamate dehydrogenase 1, mitochondrial",20210420,-
130825,121149845,FAM170B,-,-,-,Un,-,family with sequence similarity 170 member B,protein-coding,-,-,-,protein FAM170B,20210420,-
130825,121149846,CCSER2,-,-,-,Un,-,coiled-coil serine rich protein 2,protein-coding,-,-,-,serine-rich coiled-coil domain-containing protein 2,20210420,-
130825,121149847,TSPAN14,-,-,-,Un,-,tetraspanin 14,protein-coding,-,-,-,tetraspanin-14,20210420,-
130825,121149848,TM2D2,-,-,-,Un,-,TM2 domain containing 2,protein-coding,-,-,-,TM2 domain-containing protein 2,20210420,-
130825,121149849,PCGF5,-,-,-,Un,-,polycomb group ring finger 5,protein-coding,-,-,-,polycomb group RING finger protein 5,20210420,-
130825,121149850,TNKS2,-,-,-,Un,-,tankyrase 2,protein-coding,-,-,-,poly [ADP-ribose] polymerase tankyrase-2,20210420,-
130825,121149851,GDF10,-,-,-,Un,-,growth differentiation factor 10,protein-coding,-,-,-,growth/differentiation factor 10,20210420,-
130825,121149852,LRIT1,-,-,-,Un,-,"leucine rich repeat, Ig-like and transmembrane domains 1",protein-coding,-,-,-,"leucine-rich repeat, immunoglobulin-like domain and transmembrane domain-containing protein 1",20210420,-
130825,121149853,NPY4R2,-,-,-,Un,-,neuropeptide Y receptor Y4-2,protein-coding,-,-,-,neuropeptide Y receptor type 4-2,20210420,-
130825,121149854,BTAF1,-,-,-,Un,-,B-TFIID TATA-box binding protein associated factor 1,protein-coding,-,-,-,TATA-binding protein-associated factor 172,20210420,-
130825,121149855,GDF2,-,-,-,Un,-,growth differentiation factor 2,protein-coding,-,-,-,growth/differentiation factor 2,20210420,-
130825,121149856,DRGX,-,-,-,Un,-,dorsal root ganglia homeobox,protein-coding,-,-,-,dorsal root ganglia homeobox protein,20210420,-
130825,121149857,LOC121149857,-,-,-,Un,-,uncharacterized LOC121149857,ncRNA,-,-,-,-,20210420,-
130825,121149858,CSGALNACT2,-,-,-,Un,-,chondroitin sulfate N-acetylgalactosaminyltransferase 2,protein-coding,-,-,-,chondroitin sulfate N-acetylgalactosaminyltransferase 2,20210420,-
130825,121149859,HNRNPF,-,-,-,Un,-,heterogeneous nuclear ribonucleoprotein F,protein-coding,-,-,-,heterogeneous nuclear ribonucleoprotein F,20210420,-
130825,121149860,SLC18A3,-,-,-,Un,-,solute carrier family 18 member A3,protein-coding,-,-,-,vesicular acetylcholine transporter,20210420,-
130825,121149861,LOC121149861,-,-,-,Un,-,uncharacterized LOC121149861,ncRNA,-,-,-,-,20210420,-
130825,121149862,ALOX5,-,-,-,Un,-,arachidonate 5-lipoxygenase,protein-coding,-,-,-,polyunsaturated fatty acid 5-lipoxygenase,20210420,-
130825,121149863,ADAM9,-,-,-,Un,-,ADAM metallopeptidase domain 9,protein-coding,-,-,-,disintegrin and metalloproteinase domain-containing protein 9,20210420,-
130825,121149864,LOC121149864,-,-,-,Un,-,uncharacterized LOC121149864,ncRNA,-,-,-,-,20210420,-
130825,121149865,FAM25A,-,-,-,Un,-,family with sequence similarity 25 member A,protein-coding,-,-,-,protein FAM25A,20210420,-
130825,121149866,LOC121149866,-,-,-,Un,-,mitochondrial import receptor subunit TOM7 homolog,protein-coding,-,-,-,mitochondrial import receptor subunit TOM7 homolog,20210420,-
130825,121149867,TMEM273,-,-,-,Un,-,transmembrane protein 273,protein-coding,-,-,-,transmembrane protein 273,20210420,-
130825,121149868,GPRIN2,-,-,-,Un,-,G protein regulated inducer of neurite outgrowth 2,protein-coding,-,-,-,G protein-regulated inducer of neurite outgrowth 2,20210420,-
130825,121149869,LOC121149869,-,-,-,Un,-,WASH complex subunit 2A-like,protein-coding,-,-,-,WASH complex subunit 2A-like,20210420,-
130825,121149870,LOC121149870,-,-,-,Un,-,uncharacterized LOC121149870,ncRNA,-,-,-,-,20210420,-
130825,121149871,ARHGAP22,-,-,-,Un,-,Rho GTPase activating protein 22,protein-coding,-,-,-,rho GTPase-activating protein 22,20210420,-
130825,121149872,LOC121149872,-,-,-,Un,-,phospholipid hydroperoxide glutathione peroxidase-like,pseudo,-,-,-,-,20210420,-
130825,121149873,ADRB3,-,-,-,Un,-,adrenoceptor beta 3,protein-coding,-,-,-,beta-3 adrenergic receptor,20210420,-
130825,121149874,MAPK8,-,-,-,Un,-,mitogen-activated protein kinase 8,protein-coding,-,-,-,mitogen-activated protein kinase 8,20210501,-
130825,121149875,LOC121149875,-,-,-,Un,-,U6 spliceosomal RNA,snRNA,-,-,-,-,20210420,-
130825,121149876,LOC121149876,-,-,-,Un,-,U6 spliceosomal RNA,pseudo,-,-,-,-,20210420,-
130825,121149877,LOC121149877,-,-,-,Un,-,U6 spliceosomal RNA,snRNA,-,-,-,-,20210420,-
130825,121149878,LOC121149878,-,-,-,Un,-,disintegrin and metalloproteinase domain-containing protein 32-like,protein-coding,-,-,-,disintegrin and metalloproteinase domain-containing protein 32-like,20210420,-
130825,121149879,LOC121149879,-,-,-,Un,-,U6 spliceosomal RNA,snRNA,-,-,-,-,20210420,-
130825,121149880,LOC121149880,-,-,-,Un,-,small nucleolar RNA SNORA8,snoRNA,-,-,-,-,20210420,-
130825,121149881,LOC121149881,-,-,-,Un,-,U12 minor spliceosomal RNA,snRNA,-,-,-,-,20210420,-
130825,121149882,LOC121149882,-,-,-,Un,-,myosin regulatory light polypeptide 9,protein-coding,-,-,-,myosin regulatory light polypeptide 9,20210424,-
130825,121149883,TMEM200C,-,-,-,Un,-,transmembrane protein 200C,protein-coding,-,-,-,transmembrane protein 200C,20210420,-
130825,121149884,LOC121149884,-,-,-,Un,-,dual specificity protein phosphatase 14-like,pseudo,-,-,-,-,20210420,-
130825,121149885,ANKRD12,-,-,-,Un,-,ankyrin repeat domain 12,protein-coding,-,-,-,ankyrin repeat domain-containing protein 12,20210420,-
130825,121149886,EMILIN2,-,-,-,Un,-,elastin microfibril interfacer 2,protein-coding,-,-,-,EMILIN-2,20210420,-
130825,121149887,LOC121149887,-,-,-,Un,-,disintegrin and metalloproteinase domain-containing protein 32-like,protein-coding,-,-,-,LOW QUALITY PROTEIN: disintegrin and metalloproteinase domain-containing protein 32-like,20210420,-
130825,121149888,LPIN2,-,-,-,Un,-,lipin 2,protein-coding,-,-,-,phosphatidate phosphatase LPIN2,20210420,-
130825,121149889,LOC121149889,-,-,-,Un,-,uncharacterized LOC121149889,ncRNA,-,-,-,-,20210420,-
130825,121149890,LOC121149890,-,-,-,Un,-,uncharacterized LOC121149890,ncRNA,-,-,-,-,20210420,-
130825,121149891,LOC121149891,-,-,-,Un,-,protein LDOC1-like,protein-coding,-,-,-,protein LDOC1-like,20210420,-
130825,121149892,PTPRM,-,-,-,Un,-,protein tyrosine phosphatase receptor type M,protein-coding,-,-,-,receptor-type tyrosine-protein phosphatase mu,20210420,-
130825,121149893,RAB12,-,-,-,Un,-,"RAB12, member RAS oncogene family",protein-coding,-,-,-,ras-related protein Rab-12,20210420,-
130825,121149894,LOC121149894,-,-,-,Un,-,disintegrin and metalloproteinase domain-containing protein 32-like,protein-coding,-,-,-,disintegrin and metalloproteinase domain-containing protein 32-like,20210420,-
130825,121149895,ARHGAP28,-,-,-,Un,-,Rho GTPase activating protein 28,protein-coding,-,-,-,rho GTPase-activating protein 28,20210420,-
130825,121149896,LOC121149896,-,-,-,Un,-,dnaJ homolog subfamily A member 1-like,pseudo,-,-,-,-,20210420,-
130825,121149897,LOC121149897,-,-,-,Un,-,myosin regulatory light chain 12B,protein-coding,-,-,-,myosin regulatory light chain 12B,20210501,-
130825,121149898,MYOM1,-,-,-,Un,-,myomesin 1,protein-coding,-,-,-,myomesin-1,20210420,-
130825,121149899,ZBTB14,-,-,-,Un,-,zinc finger and BTB domain containing 14,protein-coding,-,-,-,zinc finger and BTB domain-containing protein 14,20210522,-
130825,121149900,LOC121149900,-,-,-,Un,-,uncharacterized LOC121149900,ncRNA,-,-,-,-,20210420,-
130825,121149901,LOC121149901,-,-,-,Un,-,uncharacterized LOC121149901,ncRNA,-,-,-,-,20210420,-
130825,121149902,TGIF1,-,-,-,Un,-,TGFB induced factor homeobox 1,protein-coding,-,-,-,homeobox protein TGIF1,20210420,-
130825,121149903,LOC121149903,-,-,-,Un,-,A disintegrin and metallopeptidase domain 3-like,protein-coding,-,-,-,LOW QUALITY PROTEIN: A disintegrin and metallopeptidase domain 3-like,20210420,-
130825,121149904,LOC121149904,-,-,-,Un,-,40S ribosomal protein S27-like,protein-coding,-,-,-,40S ribosomal protein S27-like,20210420,-
130825,121149905,LOC121149905,-,-,-,Un,-,uncharacterized LOC121149905,ncRNA,-,-,-,-,20210420,-
130825,121149906,DLGAP1,-,-,-,Un,-,DLG associated protein 1,protein-coding,-,-,-,disks large-associated protein 1,20210420,-
130825,121149907,LOC121149907,-,-,-,Un,-,uncharacterized LOC121149907,ncRNA,-,-,-,-,20210420,-
130825,121149908,LOC121149908,-,-,-,Un,-,SUMO-activating enzyme subunit 2-like,protein-coding,-,-,-,LOW QUALITY PROTEIN: SUMO-activating enzyme subunit 2-like,20210420,-
130825,121149909,SMCHD1,-,-,-,Un,-,structural maintenance of chromosomes flexible hinge domain containing 1,protein-coding,-,-,-,structural maintenance of chromosomes flexible hinge domain-containing protein 1,20210420,-
130825,121149910,ISOC1,-,-,-,Un,-,isochorismatase domain containing 1,protein-coding,-,-,-,isochorismatase domain-containing protein 1,20210420,-
130825,121149911,LOC121149911,-,-,-,Un,-,40S ribosomal protein SA-like,pseudo,-,-,-,-,20210420,-
130825,121149912,LOC121149912,-,-,-,Un,-,small nuclear ribonucleoprotein G-like,pseudo,-,-,-,-,20210420,-
130825,121149913,METTL4,-,-,-,Un,-,"methyltransferase 4, N6-adenosine",protein-coding,-,-,-,N(6)-adenine-specific methyltransferase METTL4|methyltransferase like 4,20210519,-
130825,121149914,NDC80,-,-,-,Un,-,NDC80 kinetochore complex component,protein-coding,-,-,-,kinetochore protein NDC80 homolog,20210420,-
130825,121149915,LOC121149915,-,-,-,Un,-,ubiquitin-conjugating enzyme E2 D2-like,pseudo,-,-,-,-,20210420,-
130825,121149916,MTCL1,-,-,-,Un,-,microtubule crosslinking factor 1,protein-coding,-,-,-,microtubule cross-linking factor 1,20210420,-
130825,121149917,ZNF703,-,-,-,Un,-,zinc finger protein 703,protein-coding,-,-,-,zinc finger protein 703,20210420,-
130825,121149918,LOC121149918,-,-,-,Un,-,peptidyl-prolyl cis-trans isomerase A-like,pseudo,-,-,-,-,20210420,-
130825,121149919,LAMA1,-,-,-,Un,-,laminin subunit alpha 1,protein-coding,-,-,-,laminin subunit alpha-1,20210420,-
130825,121149920,L3MBTL4,-,-,-,Un,-,L3MBTL histone methyl-lysine binding protein 4,protein-coding,-,-,-,lethal(3)malignant brain tumor-like protein 4,20210420,-
130825,121149921,AKAIN1,-,-,-,Un,-,A-kinase anchor inhibitor 1,protein-coding,-,-,-,A-kinase anchor protein inhibitor 1,20210420,-
130825,121149922,LOC121149922,-,-,-,Un,-,Y-box-binding protein 1-like,protein-coding,-,-,-,Y-box-binding protein 1-like,20210420,-
130825,121149923,LOC121149923,-,-,-,Un,-,Y-box-binding protein 1-like,protein-coding,-,-,-,Y-box-binding protein 1-like,20210420,-
130825,121149924,LOC121149924,-,-,-,Un,-,eukaryotic translation initiation factor 1-like,pseudo,-,-,-,-,20210420,-
130825,121149925,LOC121149925,-,-,-,Un,-,uncharacterized LOC121149925,ncRNA,-,-,-,-,20210420,-
130825,121149926,LOC121149926,-,-,-,Un,-,spermatogenesis-associated protein 31A6-like,protein-coding,-,-,-,spermatogenesis-associated protein 31A6-like,20210420,-
130825,121149927,LOC121149927,-,-,-,Un,-,FGFR1 oncogene partner 2 homolog,pseudo,-,-,-,-,20210420,-
130825,121149928,LOC121149928,-,-,-,Un,-,glucosamine 6-phosphate N-acetyltransferase-like,pseudo,-,-,-,-,20210420,-
130825,121149929,GOT1L1,-,-,-,Un,-,glutamic-oxaloacetic transaminase 1 like 1,protein-coding,-,-,-,"putative aspartate aminotransferase, cytoplasmic 2",20210420,-
130825,121149930,NDUFV2,-,-,-,Un,-,NADH:ubiquinone oxidoreductase core subunit V2,protein-coding,-,-,-,"NADH dehydrogenase [ubiquinone] flavoprotein 2, mitochondrial",20210420,-
130825,121149931,EPB41L3,-,-,-,Un,-,erythrocyte membrane protein band 4.1 like 3,protein-coding,-,-,-,band 4.1-like protein 3,20210420,-
130825,121149932,LRRC30,-,-,-,Un,-,leucine rich repeat containing 30,protein-coding,-,-,-,leucine-rich repeat-containing protein 30,20210420,-
130825,121149933,LOC121149933,-,-,-,Un,-,5S ribosomal RNA,rRNA,-,-,-,-,20210420,-
130825,121149934,LOC121149934,-,-,-,Un,-,5S ribosomal RNA,rRNA,-,-,-,-,20210420,-
130825,121149935,LOC121149935,-,-,-,Un,-,5S ribosomal RNA,rRNA,-,-,-,-,20210420,-
130825,121149936,LOC121149936,-,-,-,Un,-,5S ribosomal RNA,rRNA,-,-,-,-,20210420,-
130825,121149937,LOC121149937,-,-,-,Un,-,5S ribosomal RNA,rRNA,-,-,-,-,20210420,-
130825,121149938,LOC121149938,-,-,-,Un,-,5S ribosomal RNA,rRNA,-,-,-,-,20210420,-
130825,121149939,LOC121149939,-,-,-,Un,-,5S ribosomal RNA,rRNA,-,-,-,-,20210420,-
130825,121149940,LOC121149940,-,-,-,Un,-,5S ribosomal RNA,rRNA,-,-,-,-,20210420,-
130825,121149941,LOC121149941,-,-,-,Un,-,5S ribosomal RNA,rRNA,-,-,-,-,20210420,-
130825,121149942,STAR,-,-,-,Un,-,steroidogenic acute regulatory protein,protein-coding,-,-,-,"steroidogenic acute regulatory protein, mitochondrial",20210420,-
130825,121149943,LOC121149943,-,-,-,Un,-,5S ribosomal RNA,rRNA,-,-,-,-,20210420,-
130825,121149944,LOC121149944,-,-,-,Un,-,5S ribosomal RNA,rRNA,-,-,-,-,20210420,-
130825,121149945,LOC121149945,-,-,-,Un,-,5S ribosomal RNA,rRNA,-,-,-,-,20210420,-
130825,121149946,LOC121149946,-,-,-,Un,-,5S ribosomal RNA,rRNA,-,-,-,-,20210420,-
130825,121149947,LOC121149947,-,-,-,Un,-,5S ribosomal RNA,rRNA,-,-,-,-,20210420,-
130825,121149948,LOC121149948,-,-,-,Un,-,5S ribosomal RNA,rRNA,-,-,-,-,20210420,-
130825,121149949,LOC121149949,-,-,-,Un,-,5S ribosomal RNA,rRNA,-,-,-,-,20210420,-
130825,121149950,LOC121149950,-,-,-,Un,-,5S ribosomal RNA,rRNA,-,-,-,-,20210420,-
130825,121149951,LOC121149951,-,-,-,Un,-,5S ribosomal RNA,rRNA,-,-,-,-,20210420,-
130825,121149952,LOC121149952,-,-,-,Un,-,5S ribosomal RNA,rRNA,-,-,-,-,20210420,-
130825,121149953,LOC121149953,-,-,-,Un,-,5S ribosomal RNA,rRNA,-,-,-,-,20210420,-
130825,121149954,LOC121149954,-,-,-,Un,-,5S ribosomal RNA,rRNA,-,-,-,-,20210420,-
130825,121149955,LOC121149955,-,-,-,Un,-,5S ribosomal RNA,rRNA,-,-,-,-,20210420,-
130825,121149956,LOC121149956,-,-,-,Un,-,5S ribosomal RNA,rRNA,-,-,-,-,20210420,-
130825,121149957,LOC121149957,-,-,-,Un,-,5S ribosomal RNA,rRNA,-,-,-,-,20210420,-
130825,121149958,LETM2,-,-,-,Un,-,leucine zipper and EF-hand containing transmembrane protein 2,protein-coding,-,-,-,"LETM1 domain-containing protein LETM2, mitochondrial",20210420,-
130825,121149959,LOC121149959,-,-,-,Un,-,5S ribosomal RNA,rRNA,-,-,-,-,20210420,-
130825,121149960,LOC121149960,-,-,-,Un,-,5S ribosomal RNA,rRNA,-,-,-,-,20210420,-
130825,121149961,LOC121149961,-,-,-,Un,-,5S ribosomal RNA,rRNA,-,-,-,-,20210420,-
130825,121149962,LOC121149962,-,-,-,Un,-,5S ribosomal RNA,rRNA,-,-,-,-,20210420,-
130825,121149963,LOC121149963,-,-,-,Un,-,5S ribosomal RNA,rRNA,-,-,-,-,20210420,-
130825,121149964,LOC121149964,-,-,-,Un,-,5S ribosomal RNA,rRNA,-,-,-,-,20210420,-
130825,121149965,LOC121149965,-,-,-,Un,-,5S ribosomal RNA,rRNA,-,-,-,-,20210420,-
130825,121149966,LOC121149966,-,-,-,Un,-,U1 spliceosomal RNA,snRNA,-,-,-,-,20210420,-
130825,121149967,LOC121149967,-,-,-,Un,-,U2 spliceosomal RNA,pseudo,-,-,-,-,20210420,-
130825,121149968,LOC121149968,-,-,-,Un,-,U2 spliceosomal RNA,pseudo,-,-,-,-,20210420,-
130825,121149969,LOC121149969,-,-,-,Un,-,U6 spliceosomal RNA,snRNA,-,-,-,-,20210420,-
130825,121149970,LOC121149970,-,-,-,Un,-,U6 spliceosomal RNA,snRNA,-,-,-,-,20210420,-
130825,121149971,LOC121149971,-,-,-,Un,-,U6 spliceosomal RNA,snRNA,-,-,-,-,20210420,-
130825,121149972,LOC121149972,-,-,-,Un,-,small nucleolar RNA SNORA70,snoRNA,-,-,-,-,20210420,-
130825,121149973,LOC121149973,-,-,-,Un,-,small nucleolar RNA SNORA5,snoRNA,-,-,-,-,20210420,-
130825,121149974,FGFR1,-,-,-,Un,-,fibroblast growth factor receptor 1,protein-coding,-,-,-,fibroblast growth factor receptor 1,20210420,-
130825,121149975,LOC121149975,-,-,-,Un,-,small nucleolar RNA ACA64,snoRNA,-,-,-,-,20210420,-
130825,121149976,LOC121149976,-,-,-,Un,-,5S ribosomal RNA,rRNA,-,-,-,-,20210420,-
130825,121149977,LOC121149977,-,-,-,Un,-,zinc finger protein 2 homolog,protein-coding,-,-,-,LOW QUALITY PROTEIN: zinc finger protein 2 homolog,20210420,-
130825,121149978,LOC121149978,-,-,-,Un,-,ubiquitin-40S ribosomal protein S27a-like,pseudo,-,-,-,-,20210420,-
130825,121149979,LOC121149979,-,-,-,Un,-,olfactory receptor 7A10-like,protein-coding,-,-,-,olfactory receptor 7A10-like,20210420,-
130825,121149980,LOC121149980,-,-,-,Un,-,olfactory receptor 7A10-like,protein-coding,-,-,-,olfactory receptor 7A10-like,20210420,-
130825,121149981,LOC121149981,-,-,-,Un,-,olfactory receptor 7A10-like,pseudo,-,-,-,-,20210420,-
130825,121149982,LOC121149982,-,-,-,Un,-,olfactory receptor 7A10-like,protein-coding,-,-,-,olfactory receptor 7A10-like,20210420,-
130825,121149983,LOC121149983,-,-,-,Un,-,olfactory receptor 1571-like,pseudo,-,-,-,-,20210420,-
130825,121149984,LOC121149984,-,-,-,Un,-,olfactory receptor 7A10-like,protein-coding,-,-,-,olfactory receptor 7A10-like,20210420,-
130825,121149985,LOC121149985,-,-,-,Un,-,olfactory receptor 7A10-like,pseudo,-,-,-,-,20210420,-
130825,121149986,LOC121149986,-,-,-,Un,-,olfactory receptor 7A10-like,protein-coding,-,-,-,olfactory receptor 7A10-like,20210420,-
130825,121149987,LOC121149987,-,-,-,Un,-,olfactory receptor 7A10-like,protein-coding,-,-,-,olfactory receptor 7A10-like,20210420,-
130825,121149988,LOC121149988,-,-,-,Un,-,olfactory receptor 7A10-like,pseudo,-,-,-,-,20210420,-
130825,121149989,LOC121149989,-,-,-,Un,-,olfactory receptor 7A10-like,pseudo,-,-,-,-,20210420,-
130825,121149990,LOC121149990,-,-,-,Un,-,olfactory receptor-like protein OLF4,pseudo,-,-,-,-,20210420,-
130825,121149991,LOC121149991,-,-,-,Un,-,olfactory receptor 7A10-like,pseudo,-,-,-,-,20210420,-
130825,121149992,LOC121149992,-,-,-,Un,-,olfactory receptor 7A10-like,pseudo,-,-,-,-,20210420,-
130825,121149993,LOC121149993,-,-,-,Un,-,olfactory receptor 7A10-like,pseudo,-,-,-,-,20210420,-
130825,121149994,LOC121149994,-,-,-,Un,-,olfactory receptor 7A10-like,pseudo,-,-,-,-,20210420,-
130825,121149995,LOC121149995,-,-,-,Un,-,olfactory receptor 7A10-like,pseudo,-,-,-,-,20210420,-
130825,121149996,LOC121149996,-,-,-,Un,-,olfactory receptor 18-like,pseudo,-,-,-,-,20210420,-
130825,121149997,LOC121149997,-,-,-,Un,-,olfactory receptor 18-like,protein-coding,-,-,-,olfactory receptor 18-like,20210420,-
130825,121149998,LOC121149998,-,-,-,Un,-,olfactory receptor 18-like,pseudo,-,-,-,-,20210420,-
130825,121149999,LOC121149999,-,-,-,Un,-,olfactory receptor 7A10-like,pseudo,-,-,-,-,20210420,-
130825,121150000,LOC121150000,-,-,-,Un,-,olfactory receptor 7A10-like,pseudo,-,-,-,-,20210420,-
130825,121150001,LOC121150001,-,-,-,Un,-,olfactory receptor 7A10-like,pseudo,-,-,-,-,20210420,-
130825,121150002,LOC121150002,-,-,-,Un,-,olfactory receptor 7A10-like,pseudo,-,-,-,-,20210420,-
130825,121150003,LOC121150003,-,-,-,Un,-,olfactory receptor 7A17-like,protein-coding,-,-,-,olfactory receptor 7A17-like,20210420,-
130825,121150004,LOC121150004,-,-,-,Un,-,olfactory receptor 7E24-like,protein-coding,-,-,-,olfactory receptor 7E24-like,20210420,-
130825,121150005,LOC121150005,-,-,-,Un,-,ras-related protein Rab-39A-like,pseudo,-,-,-,-,20210420,-
130825,121150006,LOC121150006,-,-,-,Un,-,U6 spliceosomal RNA,snRNA,-,-,-,-,20210420,-
130825,121150007,RIC8A,-,-,-,Un,-,RIC8 guanine nucleotide exchange factor A,protein-coding,-,-,-,synembryn-A,20210420,-
130825,121150008,PSMD13,-,-,-,Un,-,"proteasome 26S subunit, non-ATPase 13",protein-coding,-,-,-,26S proteasome non-ATPase regulatory subunit 13,20210420,-
130825,121150009,SIRT3,-,-,-,Un,-,sirtuin 3,protein-coding,-,-,-,"NAD-dependent protein deacetylase sirtuin-3, mitochondrial",20210420,-
130825,121150010,PITPNM1,-,-,-,Un,-,phosphatidylinositol transfer protein membrane associated 1,protein-coding,-,-,-,membrane-associated phosphatidylinositol transfer protein 1,20210420,-
130825,121150011,LOC121150011,-,-,-,Un,-,aryl hydrocarbon receptor interacting protein,protein-coding,-,-,-,AH receptor-interacting protein,20210420,-
130825,121150012,LRRC56,-,-,-,Un,-,leucine rich repeat containing 56,protein-coding,-,-,-,leucine-rich repeat-containing protein 56,20210420,-
130825,121150013,HRAS,-,-,-,Un,-,"HRas proto-oncogene, GTPase",protein-coding,-,-,-,GTPase HRas,20210420,-
130825,121150014,LMNTD2,-,-,-,Un,-,lamin tail domain containing 2,protein-coding,-,-,-,LOW QUALITY PROTEIN: lamin tail domain-containing protein 2,20210420,-
130825,121150015,RNH1,-,-,-,Un,-,ribonuclease/angiogenin inhibitor 1,protein-coding,-,-,-,ribonuclease inhibitor,20210420,-
130825,121150016,CHSY3,-,-,-,Un,-,chondroitin sulfate synthase 3,protein-coding,-,-,-,chondroitin sulfate synthase 3,20210420,-
130825,121150017,LOC121150017,-,-,-,Un,-,prefoldin subunit 4-like,pseudo,-,-,-,-,20210420,-
130825,121150018,FGF19,-,-,-,Un,-,fibroblast growth factor 19,protein-coding,-,-,-,fibroblast growth factor 19,20210420,-
130825,121150019,NDUFV1,-,-,-,Un,-,NADH:ubiquinone oxidoreductase core subunit V1,protein-coding,-,-,-,"NADH dehydrogenase [ubiquinone] flavoprotein 1, mitochondrial",20210420,-
130825,121150020,FAU,-,-,-,Un,-,FAU ubiquitin like and ribosomal protein S30 fusion,protein-coding,-,-,-,ubiquitin-like protein fubi and ribosomal protein S30,20210420,-
130825,121150021,PPFIA1,-,-,-,Un,-,PTPRF interacting protein alpha 1,protein-coding,-,-,-,liprin-alpha-1,20210420,-
130825,121150022,LOC121150022,-,-,-,Un,-,interferon-induced transmembrane protein 3-like,protein-coding,-,-,-,interferon-induced transmembrane protein 3-like,20210420,-
130825,121150023,LOC121150023,-,-,-,Un,-,uncharacterized LOC121150023,ncRNA,-,-,-,-,20210420,-
130825,121150024,SHANK2,-,-,-,Un,-,SH3 and multiple ankyrin repeat domains 2,protein-coding,-,-,-,SH3 and multiple ankyrin repeat domains protein 2,20210420,-
130825,121150025,NADSYN1,-,-,-,Un,-,NAD synthetase 1,protein-coding,-,-,-,glutamine-dependent NAD(+) synthetase,20210420,-
130825,121150026,DHCR7,-,-,-,Un,-,7-dehydrocholesterol reductase,protein-coding,-,-,-,7-dehydrocholesterol reductase,20210420,-
130825,121150027,FGF4,-,-,-,Un,-,fibroblast growth factor 4,protein-coding,-,-,-,fibroblast growth factor 4,20210420,-
130825,121150028,GRK2,-,-,-,Un,-,G protein-coupled receptor kinase 2,protein-coding,-,-,-,beta-adrenergic receptor kinase 1,20210420,-
130825,121150029,LOC121150029,-,-,-,Un,-,disintegrin and metalloproteinase domain-containing protein 5-like,protein-coding,-,-,-,disintegrin and metalloproteinase domain-containing protein 5-like,20210420,-
130825,121150030,YIF1A,-,-,-,Un,-,"Yip1 interacting factor homolog A, membrane trafficking protein",protein-coding,-,-,-,protein YIF1A,20210420,-
130825,121150031,POLD4,-,-,-,Un,-,"DNA polymerase delta 4, accessory subunit",protein-coding,-,-,-,DNA polymerase delta subunit 4,20210420,-
130825,121150032,CUNH11orf68,-,-,-,Un,-,chromosome unknown C11orf68 homolog,protein-coding,-,-,-,UPF0696 protein C11orf68 homolog,20210420,-
130825,121150033,CDK2AP2,-,-,-,Un,-,cyclin dependent kinase 2 associated protein 2,protein-coding,-,-,-,cyclin-dependent kinase 2-associated protein 2,20210424,-
130825,121150034,AP5B1,-,-,-,Un,-,adaptor related protein complex 5 subunit beta 1,protein-coding,-,-,-,AP-5 complex subunit beta-1,20210420,-
130825,121150035,KAT5,-,-,-,Un,-,lysine acetyltransferase 5,protein-coding,-,-,-,histone acetyltransferase KAT5,20210529,-
130825,121150036,LOC121150036,-,-,-,Un,-,U6 spliceosomal RNA,snRNA,-,-,-,-,20210420,-
130825,121150037,PHRF1,-,-,-,Un,-,PHD and ring finger domains 1,protein-coding,-,-,-,PHD and RING finger domain-containing protein 1,20210420,-
130825,121150038,IRF7,-,-,-,Un,-,interferon regulatory factor 7,protein-coding,-,-,-,interferon regulatory factor 7,20210420,-
130825,121150039,RPLP2,-,-,-,Un,-,ribosomal protein lateral stalk subunit P2,protein-coding,-,-,-,60S acidic ribosomal protein P2,20210420,-
130825,121150040,ACTN3,-,-,-,Un,-,actinin alpha 3,protein-coding,-,-,-,alpha-actinin-3,20210420,-
130825,121150041,LOC121150041,-,-,-,Un,-,U6 spliceosomal RNA,snRNA,-,-,-,-,20210420,-
130825,121150042,GSTP1,-,-,-,Un,-,glutathione S-transferase pi 1,protein-coding,-,-,-,glutathione S-transferase P,20210420,-
130825,121150043,ATL3,-,-,-,Un,-,atlastin GTPase 3,protein-coding,-,-,-,atlastin-3,20210420,-
130825,121150044,CUNH11orf86,-,-,-,Un,-,chromosome unknown C11orf86 homolog,protein-coding,-,-,-,uncharacterized protein C11orf86 homolog,20210420,-
130825,121150045,RCE1,-,-,-,Un,-,Ras converting CAAX endopeptidase 1,protein-coding,-,-,-,CAAX prenyl protease 2,20210420,-
130825,121150046,LOC121150046,-,-,-,Un,-,small nucleolar RNA ACA64,snoRNA,-,-,-,-,20210420,-
130825,121150047,LOC121150047,-,-,-,Un,-,interferon-induced transmembrane protein 1-like,protein-coding,-,-,-,interferon-induced transmembrane protein 1-like,20210420,-
130825,121150048,TALDO1,-,-,-,Un,-,transaldolase 1,protein-coding,-,-,-,transaldolase,20210420,-
130825,121150049,GATD1,-,-,-,Un,-,glutamine amidotransferase class 1 domain containing 1,protein-coding,-,-,-,glutamine amidotransferase-like class 1 domain-containing protein 1,20210420,-
130825,121150050,PPP1R14B,-,-,-,Un,-,protein phosphatase 1 regulatory inhibitor subunit 14B,protein-coding,-,-,-,LOW QUALITY PROTEIN: protein phosphatase 1 regulatory subunit 14B,20210420,-
130825,121150051,LOC121150051,-,-,-,Un,-,BRD4-interacting chromatin-remodeling complex-associated protein-like,pseudo,-,-,-,-,20210420,-
130825,121150052,LOC121150052,-,-,-,Un,-,"cytochrome c oxidase subunit 8A, mitochondrial",protein-coding,-,-,-,"cytochrome c oxidase subunit 8A, mitochondrial",20210420,-
130825,121150053,B4GALNT4,-,-,-,Un,-,"beta-1,4-N-acetyl-galactosaminyltransferase 4",protein-coding,-,-,-,N-acetyl-beta-glucosaminyl-glycoprotein 4-beta-N-acetylgalactosaminyltransferase 1,20210420,-
130825,121150054,LOC121150054,-,-,-,Un,-,phospholipase A and acyltransferase 2-like,protein-coding,-,-,-,phospholipase A and acyltransferase 2-like,20210420,-
130825,121150055,EHBP1L1,-,-,-,Un,-,EH domain binding protein 1 like 1,protein-coding,-,-,-,EH domain-binding protein 1-like protein 1,20210420,-
130825,121150056,KCNK7,-,-,-,Un,-,potassium two pore domain channel subfamily K member 7,protein-coding,-,-,-,potassium channel subfamily K member 7,20210420,-
130825,121150057,SIPA1,-,-,-,Un,-,signal-induced proliferation-associated 1,protein-coding,-,-,-,signal-induced proliferation-associated protein 1,20210420,-
130825,121150058,NRXN2,-,-,-,Un,-,neurexin 2,protein-coding,-,-,-,neurexin-2-beta,20210420,-
130825,121150059,LOC121150059,-,-,-,Un,-,ubiquitin carboxyl-terminal hydrolase 17-like,pseudo,-,-,-,-,20210420,-
130825,121150060,TMEM134,-,-,-,Un,-,transmembrane protein 134,protein-coding,-,-,-,transmembrane protein 134,20210420,-
130825,121150061,MRPL11,-,-,-,Un,-,mitochondrial ribosomal protein L11,protein-coding,-,-,-,"39S ribosomal protein L11, mitochondrial",20210420,-
130825,121150062,FAM89B,-,-,-,Un,-,family with sequence similarity 89 member B,protein-coding,-,-,-,leucine repeat adapter protein 25,20210420,-
130825,121150063,LOC121150063,-,-,-,Un,-,ephrin type-B receptor 4-like,pseudo,-,-,-,-,20210420,-
130825,121150064,CHID1,-,-,-,Un,-,chitinase domain containing 1,protein-coding,-,-,-,chitinase domain-containing protein 1,20210420,-
130825,121150065,CRACR2B,-,-,-,Un,-,calcium release activated channel regulator 2B,protein-coding,-,-,-,EF-hand calcium-binding domain-containing protein 4A,20210420,-
130825,121150066,CD151,-,-,-,Un,-,CD151 molecule (Raph blood group),protein-coding,-,-,-,CD151 antigen,20210420,-
130825,121150067,TSPAN4,-,-,-,Un,-,tetraspanin 4,protein-coding,-,-,-,tetraspanin-4,20210420,-
130825,121150068,POLR2L,-,-,-,Un,-,"RNA polymerase II, I and III subunit L",protein-coding,-,-,-,"DNA-directed RNA polymerases I, II, and III subunit RPABC5",20210424,-
130825,121150069,EHD1,-,-,-,Un,-,EH domain containing 1,protein-coding,-,-,-,EH domain-containing protein 1,20210420,-
130825,121150070,PPP2R5B,-,-,-,Un,-,protein phosphatase 2 regulatory subunit B'beta,protein-coding,-,-,-,serine/threonine-protein phosphatase 2A 56 kDa regulatory subunit beta isoform,20210420,-
130825,121150071,MAJIN,-,-,-,Un,-,membrane anchored junction protein,protein-coding,-,-,-,membrane-anchored junction protein,20210420,-
130825,121150072,LTBP3,-,-,-,Un,-,latent transforming growth factor beta binding protein 3,protein-coding,-,-,-,latent-transforming growth factor beta-binding protein 3,20210420,-
130825,121150073,DRAP1,-,-,-,Un,-,DR1 associated protein 1,protein-coding,-,-,-,dr1-associated corepressor,20210420,-
130825,121150074,CCND1,-,-,-,Un,-,cyclin D1,protein-coding,-,-,-,G1/S-specific cyclin-D1,20210420,-
130825,121150075,LOC121150075,-,-,-,Un,-,uncharacterized LOC121150075,ncRNA,-,-,-,-,20210420,-
130825,121150076,CCDC85B,-,-,-,Un,-,coiled-coil domain containing 85B,protein-coding,-,-,-,coiled-coil domain-containing protein 85B,20210420,-
130825,121150077,LOC121150077,-,-,-,Un,-,RNA-binding protein 4,protein-coding,-,-,-,RNA-binding protein 4|RNA-binding protein 4B,20210424,-
130825,121150078,LOC121150078,-,-,-,Un,-,uncharacterized LOC121150078,ncRNA,-,-,-,-,20210420,-
130825,121150079,MRPL23,-,-,-,Un,-,mitochondrial ribosomal protein L23,protein-coding,-,-,-,"39S ribosomal protein L23, mitochondrial",20210420,-
130825,121150080,CTSD,-,-,-,Un,-,cathepsin D,protein-coding,-,-,-,cathepsin D,20210420,-
130825,121150081,UNC93B1,-,-,-,Un,-,"unc-93 homolog B1, TLR signaling regulator",protein-coding,-,-,-,protein unc-93 homolog B1,20210420,-
130825,121150082,LOC121150082,-,-,-,Un,-,aldehyde dehydrogenase family 3 member B2-like,protein-coding,-,-,-,aldehyde dehydrogenase family 3 member B2-like,20210420,-
130825,121150083,ACY3,-,-,-,Un,-,aminoacylase 3,protein-coding,-,-,-,N-acyl-aromatic-L-amino acid amidohydrolase (carboxylate-forming),20210420,-
130825,121150084,RAD9A,-,-,-,Un,-,RAD9 checkpoint clamp component A,protein-coding,-,-,-,cell cycle checkpoint control protein RAD9A,20210420,-
130825,121150085,PPP1CA,-,-,-,Un,-,protein phosphatase 1 catalytic subunit alpha,protein-coding,-,-,-,serine/threonine-protein phosphatase PP1-alpha catalytic subunit,20210420,-
130825,121150086,LOC121150086,-,-,-,Un,-,uncharacterized LOC121150086,ncRNA,-,-,-,-,20210420,-
130825,121150087,VEGFB,-,-,-,Un,-,vascular endothelial growth factor B,protein-coding,-,-,-,vascular endothelial growth factor B,20210420,-
130825,121150088,TSPAN32,-,-,-,Un,-,tetraspanin 32,protein-coding,-,-,-,tetraspanin-32,20210420,-
130825,121150089,HINT1,-,-,-,Un,-,histidine triad nucleotide binding protein 1,protein-coding,-,-,-,histidine triad nucleotide-binding protein 1,20210420,-
130825,121150090,CDC42EP2,-,-,-,Un,-,CDC42 effector protein 2,protein-coding,-,-,-,cdc42 effector protein 2,20210420,-
130825,121150091,RASSF7,-,-,-,Un,-,Ras association domain family member 7,protein-coding,-,-,-,ras association domain-containing protein 7,20210420,-
130825,121150092,CDCA5,-,-,-,Un,-,cell division cycle associated 5,protein-coding,-,-,-,sororin,20210420,-
130825,121150093,LOC121150093,-,-,-,Un,-,glycine-rich cell wall structural protein 1.8,protein-coding,-,-,-,glycine-rich cell wall structural protein 1.8,20210420,-
130825,121150094,FKBP2,-,-,-,Un,-,FKBP prolyl isomerase 2,protein-coding,-,-,-,peptidyl-prolyl cis-trans isomerase FKBP2,20210420,-
130825,121150095,LOC121150095,-,-,-,Un,-,uncharacterized LOC121150095,ncRNA,-,-,-,-,20210420,-
130825,121150096,LOC121150096,-,-,-,Un,-,phospholipase A and acyltransferase 2-like,protein-coding,-,-,-,phospholipase A and acyltransferase 2-like,20210420,-
130825,121150097,LOC121150097,-,-,-,Un,-,olfactory receptor 9G1-like,pseudo,-,-,-,-,20210420,-
130825,121150098,LOC121150098,-,-,-,Un,-,phospholipase A and acyltransferase 2-like,protein-coding,-,-,-,phospholipase A and acyltransferase 2-like,20210420,-
130825,121150099,LOC121150099,-,-,-,Un,-,phospholipase A and acyltransferase 2-like,protein-coding,-,-,-,phospholipase A and acyltransferase 2-like,20210420,-
130825,121150100,LOC121150100,-,-,-,Un,-,phospholipase A and acyltransferase 2-like,protein-coding,-,-,-,phospholipase A and acyltransferase 2-like,20210420,-
130825,121150101,LOC121150101,-,-,-,Un,-,phospholipase A and acyltransferase 2-like,protein-coding,-,-,-,phospholipase A and acyltransferase 2-like,20210420,-
130825,121150102,LOC121150102,-,-,-,Un,-,uncharacterized LOC121150102,ncRNA,-,-,-,-,20210420,-
130825,121150103,LOC121150103,-,-,-,Un,-,phospholipase A and acyltransferase 2-like,protein-coding,-,-,-,phospholipase A and acyltransferase 2-like,20210420,-
130825,121150104,LOC121150104,-,-,-,Un,-,phospholipase A and acyltransferase 2-like,protein-coding,-,-,-,phospholipase A and acyltransferase 2-like,20210420,-
130825,121150105,LOC121150105,-,-,-,Un,-,phospholipase A and acyltransferase 2-like,protein-coding,-,-,-,phospholipase A and acyltransferase 2-like,20210420,-
130825,121150106,LOC121150106,-,-,-,Un,-,phospholipase A and acyltransferase 2-like,protein-coding,-,-,-,phospholipase A and acyltransferase 2-like,20210420,-
130825,121150107,LOC121150107,-,-,-,Un,-,phospholipase A and acyltransferase 2-like,protein-coding,-,-,-,phospholipase A and acyltransferase 2-like,20210420,-
130825,121150108,LOC121150108,-,-,-,Un,-,phospholipase A and acyltransferase 2-like,protein-coding,-,-,-,phospholipase A and acyltransferase 2-like,20210420,-
130825,121150109,LOC121150109,-,-,-,Un,-,phospholipase A and acyltransferase 2-like,protein-coding,-,-,-,phospholipase A and acyltransferase 2-like,20210420,-
130825,121150110,LOC121150110,-,-,-,Un,-,olfactory receptor 5W2-like,protein-coding,-,-,-,olfactory receptor 5W2-like,20210420,-
130825,121150111,CATSPERZ,-,-,-,Un,-,catsper channel auxiliary subunit zeta,protein-coding,-,-,-,cation channel sperm-associated protein subunit zeta,20210420,-
130825,121150112,SLC22A12,-,-,-,Un,-,solute carrier family 22 member 12,protein-coding,-,-,-,solute carrier family 22 member 12,20210420,-
130825,121150113,LOC121150113,-,-,-,Un,-,uncharacterized LOC121150113,ncRNA,-,-,-,-,20210420,-
130825,121150114,CDC42BPG,-,-,-,Un,-,CDC42 binding protein kinase gamma,protein-coding,-,-,-,serine/threonine-protein kinase MRCK gamma,20210420,-
130825,121150115,GPHA2,-,-,-,Un,-,glycoprotein hormone subunit alpha 2,protein-coding,-,-,-,glycoprotein hormone alpha-2,20210420,-
130825,121150116,MRPL49,-,-,-,Un,-,mitochondrial ribosomal protein L49,protein-coding,-,-,-,"39S ribosomal protein L49, mitochondrial",20210420,-
130825,121150117,LOC121150117,-,-,-,Un,-,solute carrier family 22 member 20-like,protein-coding,-,-,-,solute carrier family 22 member 20-like,20210420,-
130825,121150118,RELA,-,-,-,Un,-,"RELA proto-oncogene, NF-kB subunit",protein-coding,-,-,-,LOW QUALITY PROTEIN: transcription factor p65,20210420,-
130825,121150119,RNASEH2C,-,-,-,Un,-,ribonuclease H2 subunit C,protein-coding,-,-,-,ribonuclease H2 subunit C,20210420,-
130825,121150120,LOC121150120,-,-,-,Un,-,testis specific 10 interacting protein,protein-coding,-,-,-,testis-specific protein 10-interacting protein,20210420,-
130825,121150121,LOC121150121,-,-,-,Un,-,uncharacterized LOC121150121,ncRNA,-,-,-,-,20210420,-
130825,121150122,RIN1,-,-,-,Un,-,Ras and Rab interactor 1,protein-coding,-,-,-,ras and Rab interactor 1,20210420,-
130825,121150123,CCDC87,-,-,-,Un,-,coiled-coil domain containing 87,protein-coding,-,-,-,coiled-coil domain-containing protein 87,20210420,-
130825,121150124,RBM14,-,-,-,Un,-,RNA binding motif protein 14,protein-coding,-,-,-,RNA-binding protein 14,20210420,-
130825,121150125,SPTBN2,-,-,-,Un,-,"spectrin beta, non-erythrocytic 2",protein-coding,-,-,-,"spectrin beta chain, non-erythrocytic 2",20210420,-
130825,121150126,CUNH11orf80,-,-,-,Un,-,chromosome unknown C11orf80 homolog,protein-coding,-,-,-,type 2 DNA topoisomerase 6 subunit B-like,20210420,-
130825,121150127,LOC121150127,-,-,-,Un,-,basic proline-rich protein-like,protein-coding,-,-,-,basic proline-rich protein-like,20210420,-
130825,121150128,LOC121150128,-,-,-,Un,-,uncharacterized LOC121150128,ncRNA,-,-,-,-,20210420,-
130825,121150129,ANKRD13D,-,-,-,Un,-,ankyrin repeat domain 13D,protein-coding,-,-,-,LOW QUALITY PROTEIN: ankyrin repeat domain-containing protein 13D,20210420,-
130825,121150130,GPR152,-,-,-,Un,-,G protein-coupled receptor 152,protein-coding,-,-,-,probable G-protein coupled receptor 152,20210420,-
130825,121150131,CABP4,-,-,-,Un,-,calcium binding protein 4,protein-coding,-,-,-,calcium-binding protein 4,20210420,-
130825,121150132,TBX10,-,-,-,Un,-,T-box transcription factor 10,protein-coding,-,-,-,T-box transcription factor TBX10,20210420,-
130825,121150133,CUNH11orf24,-,-,-,Un,-,chromosome unknown C11orf24 homolog,protein-coding,-,-,-,uncharacterized protein C11orf24 homolog,20210420,-
130825,121150134,GAL,-,-,-,Un,-,galanin and GMAP prepropeptide,protein-coding,-,-,-,galanin peptides,20210420,-
130825,121150135,CPT1A,-,-,-,Un,-,carnitine palmitoyltransferase 1A,protein-coding,-,-,-,"carnitine O-palmitoyltransferase 1, liver isoform",20210420,-
130825,121150136,MRPL21,-,-,-,Un,-,mitochondrial ribosomal protein L21,protein-coding,-,-,-,"39S ribosomal protein L21, mitochondrial",20210420,-
130825,121150137,FGF3,-,-,-,Un,-,fibroblast growth factor 3,protein-coding,-,-,-,fibroblast growth factor 3,20210420,-
130825,121150138,ANO1,-,-,-,Un,-,anoctamin 1,protein-coding,-,-,-,anoctamin-1,20210420,-
130825,121150139,LOC121150139,-,-,-,Un,-,uncharacterized LOC121150139,ncRNA,-,-,-,-,20210420,-
130825,121150140,LOC121150140,-,-,-,Un,-,actin-85C-like,protein-coding,-,-,-,actin-85C-like,20210420,-
130825,121150141,MUC5AC,-,-,-,Un,-,"mucin 5AC, oligomeric mucus/gel-forming",protein-coding,-,-,-,mucin-5AC,20210420,-
130825,121150142,MUC5B,-,-,-,Un,-,"mucin 5B, oligomeric mucus/gel-forming",protein-coding,-,-,-,mucin-5B,20210420,-
130825,121150143,SYT8,-,-,-,Un,-,synaptotagmin 8,protein-coding,-,-,-,synaptotagmin-8,20210420,-
130825,121150144,LOC121150144,-,-,-,Un,-,proline-rich protein 33-like,protein-coding,-,-,-,proline-rich protein 33-like,20210420,-
130825,121150145,IGF2,-,-,-,Un,-,insulin like growth factor 2,protein-coding,-,-,-,insulin-like growth factor II,20210420,-
130825,121150146,DPF2,-,-,-,Un,-,double PHD fingers 2,protein-coding,-,-,-,zinc finger protein ubi-d4,20210420,-
130825,121150147,LOC121150147,-,-,-,Un,-,uncharacterized LOC121150147,ncRNA,-,-,-,-,20210420,-
130825,121150148,TRPM5,-,-,-,Un,-,transient receptor potential cation channel subfamily M member 5,protein-coding,-,-,-,transient receptor potential cation channel subfamily M member 5,20210420,-
130825,121150149,CDKN1C,-,-,-,Un,-,cyclin dependent kinase inhibitor 1C,protein-coding,-,-,-,cyclin-dependent kinase inhibitor 1C,20210420,-
130825,121150150,SLC22A18,-,-,-,Un,-,solute carrier family 22 member 18,protein-coding,-,-,-,solute carrier family 22 member 18,20210420,-
130825,121150151,LOC121150151,-,-,-,Un,-,probable RNA polymerase II nuclear localization protein SLC7A6OS,pseudo,-,-,-,-,20210420,-
130825,121150152,LOC121150152,-,-,-,Un,-,tumor necrosis factor receptor superfamily member 10A-like,protein-coding,-,-,-,tumor necrosis factor receptor superfamily member 10A-like,20210420,-
130825,121150153,LOC121150153,-,-,-,Un,-,uncharacterized LOC121150153,ncRNA,-,-,-,-,20210420,-
130825,121150154,MRGPRG,-,-,-,Un,-,MAS related GPR family member G,protein-coding,-,-,-,mas-related G-protein coupled receptor member G,20210420,-
130825,121150155,MRGPRE,-,-,-,Un,-,MAS related GPR family member E,protein-coding,-,-,-,mas-related G-protein coupled receptor member E,20210420,-
130825,121150156,MUC2,-,-,-,Un,-,"mucin 2, oligomeric mucus/gel-forming",protein-coding,-,-,-,mucin-2,20210420,-
130825,121150157,SCT,-,-,-,Un,-,secretin,protein-coding,-,-,-,secretin,20210420,-
130825,121150158,CDHR5,-,-,-,Un,-,cadherin related family member 5,protein-coding,-,-,-,cadherin-related family member 5,20210420,-
130825,121150159,LOC121150159,-,-,-,Un,-,uncharacterized LOC121150159,ncRNA,-,-,-,-,20210420,-
130825,121150160,ANO9,-,-,-,Un,-,anoctamin 9,protein-coding,-,-,-,anoctamin-9,20210420,-
130825,121150161,LOC121150161,-,-,-,Un,-,protocadherin alpha-4-like,protein-coding,-,-,-,protocadherin alpha-4-like,20210420,-
130825,121150162,LOC121150162,-,-,-,Un,-,uncharacterized LOC121150162,ncRNA,-,-,-,-,20210420,-
130825,121150163,NLRP6,-,-,-,Un,-,NLR family pyrin domain containing 6,protein-coding,-,-,-,"NACHT, LRR and PYD domains-containing protein 6",20210420,-
130825,121150164,PRDM9,-,-,-,Un,-,PR/SET domain 9,protein-coding,-,-,-,histone-lysine N-methyltransferase PRDM9,20210420,-
130825,121150165,B4GAT1,-,-,-,Un,-,"beta-1,4-glucuronyltransferase 1",protein-coding,-,-,-,"beta-1,4-glucuronyltransferase 1",20210420,-
130825,121150166,ATG2A,-,-,-,Un,-,autophagy related 2A,protein-coding,-,-,-,autophagy-related protein 2 homolog A,20210420,-
130825,121150167,OSBPL5,-,-,-,Un,-,oxysterol binding protein like 5,protein-coding,-,-,-,oxysterol-binding protein-related protein 5,20210420,-
130825,121150168,LOC121150168,-,-,-,Un,-,butyrophilin-like protein 1,protein-coding,-,-,-,butyrophilin-like protein 1,20210420,-
130825,121150169,CAPN1,-,-,-,Un,-,calpain 1,protein-coding,-,-,-,calpain-1 catalytic subunit,20210420,-
130825,121150170,SAC3D1,-,-,-,Un,-,SAC3 domain containing 1,protein-coding,-,-,-,SAC3 domain-containing protein 1,20210420,-
130825,121150171,SF3B2,-,-,-,Un,-,splicing factor 3b subunit 2,protein-coding,-,-,-,splicing factor 3B subunit 2,20210420,-
130825,121150172,RPS6KB2,-,-,-,Un,-,ribosomal protein S6 kinase B2,protein-coding,-,-,-,ribosomal protein S6 kinase beta-2,20210420,-
130825,121150173,LOC121150173,-,-,-,Un,-,protein tyrosine phosphatase receptor type C associated protein,protein-coding,-,-,-,protein tyrosine phosphatase receptor type C-associated protein,20210420,-
130825,121150174,LOC121150174,-,-,-,Un,-,"carnitine O-palmitoyltransferase 1, liver isoform",protein-coding,-,-,-,"carnitine O-palmitoyltransferase 1, liver isoform",20210420,-
130825,121150175,BET1L,-,-,-,Un,-,Bet1 golgi vesicular membrane trafficking protein like,protein-coding,-,-,-,BET1-like protein,20210420,-
130825,121150176,ESRRA,-,-,-,Un,-,estrogen related receptor alpha,protein-coding,-,-,-,steroid hormone receptor ERR1,20210420,-
130825,121150177,LOC121150177,-,-,-,Un,-,uncharacterized LOC121150177,ncRNA,-,-,-,-,20210420,-
130825,121150178,PRDX5,-,-,-,Un,-,peroxiredoxin 5,protein-coding,-,-,-,"peroxiredoxin-5, mitochondrial",20210420,-
130825,121150179,TRMT112,-,-,-,Un,-,tRNA methyltransferase activator subunit 11-2,protein-coding,-,-,-,multifunctional methyltransferase subunit TRM112-like protein|tRNA methyltransferase subunit 11-2,20210424,-
130825,121150180,EPS8L2,-,-,-,Un,-,EPS8 like 2,protein-coding,-,-,-,epidermal growth factor receptor kinase substrate 8-like protein 2,20210420,-
130825,121150181,RAB1B,-,-,-,Un,-,"RAB1B, member RAS oncogene family",protein-coding,-,-,-,ras-related protein Rab-1B,20210420,-
130825,121150182,RPS6KA4,-,-,-,Un,-,ribosomal protein S6 kinase A4,protein-coding,-,-,-,ribosomal protein S6 kinase alpha-4,20210420,-
130825,121150183,LOC121150183,-,-,-,Un,-,butyrophilin subfamily 1 member A1-like,protein-coding,-,-,-,butyrophilin subfamily 1 member A1-like,20210420,-
130825,121150184,SLC29A2,-,-,-,Un,-,solute carrier family 29 member 2,protein-coding,-,-,-,equilibrative nucleoside transporter 2,20210420,-
130825,121150185,ZNRD2,-,-,-,Un,-,zinc ribbon domain containing 2,protein-coding,-,-,-,protein ZNRD2,20210420,-
130825,121150186,EIF1AD,-,-,-,Un,-,eukaryotic translation initiation factor 1A domain containing,protein-coding,-,-,-,probable RNA-binding protein EIF1AD,20210420,-
130825,121150187,BANF1,-,-,-,Un,-,BAF nuclear assembly factor 1,protein-coding,-,-,-,barrier-to-autointegration factor,20210522,-
130825,121150188,CNIH2,-,-,-,Un,-,cornichon family AMPA receptor auxiliary protein 2,protein-coding,-,-,-,protein cornichon homolog 2,20210522,-
130825,121150189,RAPGEF6,-,-,-,Un,-,Rap guanine nucleotide exchange factor 6,protein-coding,-,-,-,rap guanine nucleotide exchange factor 6,20210420,-
130825,121150190,LOC121150190,-,-,-,Un,-,butyrophilin-like protein 1,protein-coding,-,-,-,LOW QUALITY PROTEIN: butyrophilin-like protein 1,20210420,-
130825,121150191,NAP1L4,-,-,-,Un,-,nucleosome assembly protein 1 like 4,protein-coding,-,-,-,nucleosome assembly protein 1-like 4,20210420,-
130825,121150192,PC,-,-,-,Un,-,pyruvate carboxylase,protein-coding,-,-,-,"pyruvate carboxylase, mitochondrial",20210420,-
130825,121150193,LRFN4,-,-,-,Un,-,leucine rich repeat and fibronectin type III domain containing 4,protein-coding,-,-,-,leucine-rich repeat and fibronectin type-III domain-containing protein 4,20210420,-
130825,121150194,TNNI2,-,-,-,Un,-,"troponin I2, fast skeletal type",protein-coding,-,-,-,"troponin I, fast skeletal muscle",20210420,-
130825,121150195,DPP3,-,-,-,Un,-,dipeptidyl peptidase 3,protein-coding,-,-,-,dipeptidyl peptidase 3,20210420,-
130825,121150196,LOC121150196,-,-,-,Un,-,butyrophilin subfamily 1 member A1-like,protein-coding,-,-,-,butyrophilin subfamily 1 member A1-like,20210420,-
130825,121150197,MAP4K2,-,-,-,Un,-,mitogen-activated protein kinase kinase kinase kinase 2,protein-coding,-,-,-,mitogen-activated protein kinase kinase kinase kinase 2,20210420,-
130825,121150198,GPR137,-,-,-,Un,-,G protein-coupled receptor 137,protein-coding,-,-,-,integral membrane protein GPR137,20210420,-
130825,121150199,BAD,-,-,-,Un,-,BCL2 associated agonist of cell death,protein-coding,-,-,-,bcl2-associated agonist of cell death,20210420,-
130825,121150200,LOC121150200,-,-,-,Un,-,butyrophilin subfamily 1 member A1-like,protein-coding,-,-,-,butyrophilin subfamily 1 member A1-like,20210420,-
130825,121150201,FRMD8,-,-,-,Un,-,FERM domain containing 8,protein-coding,-,-,-,FERM domain-containing protein 8,20210420,-
130825,121150202,TH,-,-,-,Un,-,tyrosine hydroxylase,protein-coding,-,-,-,tyrosine 3-monooxygenase,20210420,-
130825,121150203,ZNHIT2,-,-,-,Un,-,zinc finger HIT-type containing 2,protein-coding,-,-,-,zinc finger HIT domain-containing protein 2,20210420,-
130825,121150204,VPS51,-,-,-,Un,-,VPS51 subunit of GARP complex,protein-coding,-,-,-,vacuolar protein sorting-associated protein 51 homolog,20210420,-
130825,121150205,TM7SF2,-,-,-,Un,-,transmembrane 7 superfamily member 2,protein-coding,-,-,-,delta(14)-sterol reductase TM7SF2,20210420,-
130825,121150206,SYVN1,-,-,-,Un,-,synoviolin 1,protein-coding,-,-,-,E3 ubiquitin-protein ligase synoviolin,20210420,-
130825,121150207,DEAF1,-,-,-,Un,-,DEAF1 transcription factor,protein-coding,-,-,-,deformed epidermal autoregulatory factor 1 homolog,20210420,-
130825,121150208,LOC121150208,-,-,-,Un,-,nucleophosmin-like,protein-coding,-,-,-,nucleophosmin-like,20210420,-
130825,121150209,DRD4,-,-,-,Un,-,dopamine receptor D4,protein-coding,-,-,-,D(4) dopamine receptor,20210420,-
130825,121150210,TMEM80,-,-,-,Un,-,transmembrane protein 80,protein-coding,-,-,-,transmembrane protein 80,20210420,-
130825,121150211,SPINDOC,-,-,-,Un,-,spindlin interactor and repressor of chromatin binding,protein-coding,-,-,-,spindlin interactor and repressor of chromatin-binding protein,20210420,-
130825,121150212,CCDC88B,-,-,-,Un,-,coiled-coil domain containing 88B,protein-coding,-,-,-,coiled-coil domain-containing protein 88B,20210420,-
130825,121150213,CORO1B,-,-,-,Un,-,coronin 1B,protein-coding,-,-,-,coronin-1B,20210420,-
130825,121150214,TBC1D10C,-,-,-,Un,-,TBC1 domain family member 10C,protein-coding,-,-,-,carabin,20210420,-
130825,121150215,PKP3,-,-,-,Un,-,plakophilin 3,protein-coding,-,-,-,plakophilin-3,20210420,-
130825,121150216,SIGIRR,-,-,-,Un,-,single Ig and TIR domain containing,protein-coding,-,-,-,single Ig IL-1-related receptor,20210420,-
130825,121150217,PLCB3,-,-,-,Un,-,phospholipase C beta 3,protein-coding,-,-,-,"1-phosphatidylinositol 4,5-bisphosphate phosphodiesterase beta-3",20210420,-
130825,121150218,ODF3,-,-,-,Un,-,outer dense fiber of sperm tails 3,protein-coding,-,-,-,outer dense fiber protein 3,20210420,-
130825,121150219,POLA2,-,-,-,Un,-,"DNA polymerase alpha 2, accessory subunit",protein-coding,-,-,-,DNA polymerase alpha subunit B,20210420,-
130825,121150220,CARS1,-,-,-,Un,-,cysteinyl-tRNA synthetase 1,protein-coding,-,-,-,"cysteine--tRNA ligase, cytoplasmic",20210420,-
130825,121150221,IFITM10,-,-,-,Un,-,interferon induced transmembrane protein 10,protein-coding,-,-,-,interferon-induced transmembrane protein 10,20210420,-
130825,121150222,NAALADL1,-,-,-,Un,-,N-acetylated alpha-linked acidic dipeptidase like 1,protein-coding,-,-,-,aminopeptidase NAALADL1,20210420,-
130825,121150223,LOC121150223,-,-,-,Un,-,40S ribosomal protein S12-like,pseudo,-,-,-,-,20210420,-
130825,121150224,IGHMBP2,-,-,-,Un,-,immunoglobulin mu DNA binding protein 2,protein-coding,-,-,-,DNA-binding protein SMUBP-2,20210420,-
130825,121150225,KCNQ1,-,-,-,Un,-,potassium voltage-gated channel subfamily Q member 1,protein-coding,-,-,-,potassium voltage-gated channel subfamily KQT member 1,20210420,-
130825,121150226,ALDH3B1,-,-,-,Un,-,aldehyde dehydrogenase 3 family member B1,protein-coding,-,-,-,aldehyde dehydrogenase family 3 member B1,20210420,-
130825,121150227,NDUFS8,-,-,-,Un,-,NADH:ubiquinone oxidoreductase core subunit S8,protein-coding,-,-,-,"NADH dehydrogenase [ubiquinone] iron-sulfur protein 8, mitochondrial",20210420,-
130825,121150228,SMIM38,-,-,-,Un,-,small integral membrane protein 38,protein-coding,-,-,-,LOW QUALITY PROTEIN: small integral membrane protein 38,20210420,-
130825,121150229,RCOR2,-,-,-,Un,-,REST corepressor 2,protein-coding,-,-,-,REST corepressor 2,20210420,-
130825,121150230,BATF2,-,-,-,Un,-,basic leucine zipper ATF-like transcription factor 2,protein-coding,-,-,-,basic leucine zipper transcriptional factor ATF-like 2,20210420,-
130825,121150231,LOC121150231,-,-,-,Un,-,transcription factor SOX-2-like,pseudo,-,-,-,-,20210420,-
130825,121150232,LOC121150232,-,-,-,Un,-,double C2-like domain-containing protein gamma,protein-coding,-,-,-,double C2-like domain-containing protein gamma,20210420,-
130825,121150233,LRP5,-,-,-,Un,-,LDL receptor related protein 5,protein-coding,-,-,-,low-density lipoprotein receptor-related protein 5,20210420,-
130825,121150234,LOC121150234,-,-,-,Un,-,pre-mRNA-splicing factor ATP-dependent RNA helicase PRP16-like,protein-coding,-,-,-,pre-mRNA-splicing factor ATP-dependent RNA helicase PRP16-like,20210420,-
130825,121150235,CD81,-,-,-,Un,-,CD81 molecule,protein-coding,-,-,-,CD81 antigen,20210420,-
130825,121150236,ASCL2,-,-,-,Un,-,achaete-scute family bHLH transcription factor 2,protein-coding,-,-,-,achaete-scute homolog 2,20210420,-
130825,121150237,MEN1,-,-,-,Un,-,menin 1,protein-coding,-,-,-,menin,20210420,-
130825,121150238,PTDSS2,-,-,-,Un,-,phosphatidylserine synthase 2,protein-coding,-,-,-,phosphatidylserine synthase 2,20210420,-
130825,121150239,SART1,-,-,-,Un,-,"spliceosome associated factor 1, recruiter of U4/U6.U5 tri-snRNP",protein-coding,-,-,-,U4/U6.U5 tri-snRNP-associated protein 1,20210420,-
130825,121150240,RHOD,-,-,-,Un,-,ras homolog family member D,protein-coding,-,-,-,rho-related GTP-binding protein RhoD,20210420,-
130825,121150241,PCLO,-,-,-,Un,-,piccolo presynaptic cytomatrix protein,protein-coding,-,-,-,protein piccolo,20210420,-
130825,121150242,LOC121150242,-,-,-,Un,-,uncharacterized LOC121150242,ncRNA,-,-,-,-,20210420,-
130825,121150243,ARL2,-,-,-,Un,-,ADP ribosylation factor like GTPase 2,protein-coding,-,-,-,ADP-ribosylation factor-like protein 2,20210420,-
130825,121150244,CST6,-,-,-,Un,-,cystatin E/M,protein-coding,-,-,-,cystatin-M,20210420,-
130825,121150245,NUDT8,-,-,-,Un,-,nudix hydrolase 8,protein-coding,-,-,-,nucleoside diphosphate-linked moiety X motif 8,20210420,-
130825,121150246,BBS1,-,-,-,Un,-,Bardet-Biedl syndrome 1,protein-coding,-,-,-,Bardet-Biedl syndrome 1 protein,20210420,-
130825,121150247,SNX15,-,-,-,Un,-,sorting nexin 15,protein-coding,-,-,-,sorting nexin-15,20210420,-
130825,121150248,FADD,-,-,-,Un,-,Fas associated via death domain,protein-coding,-,-,-,FAS-associated death domain protein,20210420,-
130825,121150249,SCYL1,-,-,-,Un,-,SCY1 like pseudokinase 1,protein-coding,-,-,-,N-terminal kinase-like protein,20210420,-
130825,121150250,CACNA2D1,-,-,-,Un,-,calcium voltage-gated channel auxiliary subunit alpha2delta 1,protein-coding,-,-,-,voltage-dependent calcium channel subunit alpha-2/delta-1,20210420,-
130825,121150251,TSSC4,-,-,-,Un,-,tumor suppressing subtransferable candidate 4,protein-coding,-,-,-,protein TSSC4,20210420,-
130825,121150252,LOC121150252,-,-,-,Un,-,uncharacterized LOC121150252,ncRNA,-,-,-,-,20210420,-
130825,121150253,TPCN2,-,-,-,Un,-,two pore segment channel 2,protein-coding,-,-,-,two pore calcium channel protein 2,20210420,-
130825,121150254,PHLDA2,-,-,-,Un,-,pleckstrin homology like domain family A member 2,protein-coding,-,-,-,pleckstrin homology-like domain family A member 2,20210420,-
130825,121150255,CABP2,-,-,-,Un,-,calcium binding protein 2,protein-coding,-,-,-,calcium-binding protein 2,20210420,-
130825,121150256,PNPLA2,-,-,-,Un,-,patatin like phospholipase domain containing 2,protein-coding,-,-,-,patatin-like phospholipase domain-containing protein 2,20210420,-
130825,121150257,ZDHHC24,-,-,-,Un,-,zinc finger DHHC-type containing 24,protein-coding,-,-,-,probable palmitoyltransferase ZDHHC24,20210420,-
130825,121150258,PELI3,-,-,-,Un,-,pellino E3 ubiquitin protein ligase family member 3,protein-coding,-,-,-,E3 ubiquitin-protein ligase pellino homolog 3,20210420,-
130825,121150259,KLC2,-,-,-,Un,-,kinesin light chain 2,protein-coding,-,-,-,kinesin light chain 2,20210420,-
130825,121150260,BRMS1,-,-,-,Un,-,BRMS1 transcriptional repressor and anoikis regulator,protein-coding,-,-,-,breast cancer metastasis-suppressor 1,20210420,-
130825,121150261,CTSF,-,-,-,Un,-,cathepsin F,protein-coding,-,-,-,cathepsin F,20210420,-
130825,121150262,SLC25A22,-,-,-,Un,-,solute carrier family 25 member 22,protein-coding,-,-,-,mitochondrial glutamate carrier 1,20210420,-
130825,121150263,ZFTA,-,-,-,Un,-,zinc finger translocation associated,protein-coding,-,-,-,uncharacterized protein C11orf95 homolog,20210420,-
130825,121150264,FLRT1,-,-,-,Un,-,fibronectin leucine rich transmembrane protein 1,protein-coding,-,-,-,leucine-rich repeat transmembrane protein FLRT1,20210420,-
130825,121150265,MACROD1,-,-,-,Un,-,mono-ADP ribosylhydrolase 1,protein-coding,-,-,-,ADP-ribose glycohydrolase MACROD1,20210420,-
130825,121150266,FOSL1,-,-,-,Un,-,"FOS like 1, AP-1 transcription factor subunit",protein-coding,-,-,-,fos-related antigen 1,20210420,-
130825,121150267,CTTN,-,-,-,Un,-,cortactin,protein-coding,-,-,-,src substrate cortactin,20210420,-
130825,121150268,ZFPL1,-,-,-,Un,-,zinc finger protein like 1,protein-coding,-,-,-,zinc finger protein-like 1,20210420,-
130825,121150269,TMEM262,-,-,-,Un,-,transmembrane protein 262,protein-coding,-,-,-,transmembrane protein 262,20210420,-
130825,121150270,OTUB1,-,-,-,Un,-,"OTU deubiquitinase, ubiquitin aldehyde binding 1",protein-coding,-,-,-,ubiquitin thioesterase OTUB1,20210420,-
130825,121150271,TMEM151A,-,-,-,Un,-,transmembrane protein 151A,protein-coding,-,-,-,transmembrane protein 151A,20210420,-
130825,121150272,LTO1,-,-,-,Un,-,LTO1 maturation factor of ABCE1,protein-coding,-,-,-,protein LTO1 homolog,20210420,-
130825,121150273,LOC121150273,-,-,-,Un,-,uncharacterized LOC121150273,ncRNA,-,-,-,-,20210420,-
130825,121150274,PACS1,-,-,-,Un,-,phosphofurin acidic cluster sorting protein 1,protein-coding,-,-,-,phosphofurin acidic cluster sorting protein 1,20210420,-
130825,121150275,CEND1,-,-,-,Un,-,cell cycle exit and neuronal differentiation 1,protein-coding,-,-,-,cell cycle exit and neuronal differentiation protein 1,20210420,-
130825,121150276,CCS,-,-,-,Un,-,copper chaperone for superoxide dismutase,protein-coding,-,-,-,copper chaperone for superoxide dismutase,20210420,-
130825,121150277,SYT12,-,-,-,Un,-,synaptotagmin 12,protein-coding,-,-,-,synaptotagmin-12,20210420,-
130825,121150278,SLC25A45,-,-,-,Un,-,solute carrier family 25 member 45,protein-coding,-,-,-,solute carrier family 25 member 45,20210420,-
130825,121150279,PPP6R3,-,-,-,Un,-,protein phosphatase 6 regulatory subunit 3,protein-coding,-,-,-,serine/threonine-protein phosphatase 6 regulatory subunit 3,20210420,-
130825,121150280,NAA40,-,-,-,Un,-,"N-alpha-acetyltransferase 40, NatD catalytic subunit",protein-coding,-,-,-,N-alpha-acetyltransferase 40,20210420,-
130825,121150281,NPAS4,-,-,-,Un,-,neuronal PAS domain protein 4,protein-coding,-,-,-,neuronal PAS domain-containing protein 4,20210420,-
130825,121150282,PIDD1,-,-,-,Un,-,p53-induced death domain protein 1,protein-coding,-,-,-,p53-induced death domain-containing protein 1,20210420,-
130825,121150283,GAL3ST3,-,-,-,Un,-,galactose-3-O-sulfotransferase 3,protein-coding,-,-,-,galactose-3-O-sulfotransferase 3,20210420,-
130825,121150284,SSH3,-,-,-,Un,-,slingshot protein phosphatase 3,protein-coding,-,-,-,protein phosphatase Slingshot homolog 3,20210420,-
130825,121150285,HGF,-,-,-,Un,-,hepatocyte growth factor,protein-coding,-,-,-,hepatocyte growth factor,20210420,-
130825,121150286,SCGB1C1,-,-,-,Un,-,secretoglobin family 1C member 1,protein-coding,-,-,-,secretoglobin family 1C member 1,20210420,-
130825,121150287,TESMIN,-,-,-,Un,-,testis expressed metallothionein like protein,protein-coding,-,-,-,tesmin,20210420,-
130825,121150288,OVOL1,-,-,-,Un,-,ovo like transcriptional repressor 1,protein-coding,-,-,-,putative transcription factor Ovo-like 1,20210420,-
130825,121150289,CLCF1,-,-,-,Un,-,cardiotrophin like cytokine factor 1,protein-coding,-,-,-,cardiotrophin-like cytokine factor 1,20210420,-
130825,121150290,PGGHG,-,-,-,Un,-,protein-glucosylgalactosylhydroxylysine glucosidase,protein-coding,-,-,-,protein-glucosylgalactosylhydroxylysine glucosidase,20210420,-
130825,121150291,NUDT22,-,-,-,Un,-,nudix hydrolase 22,protein-coding,-,-,-,uridine diphosphate glucose pyrophosphatase NUDT22,20210420,-
130825,121150292,DNAJC4,-,-,-,Un,-,DnaJ heat shock protein family (Hsp40) member C4,protein-coding,-,-,-,dnaJ homolog subfamily C member 4,20210420,-
130825,121150293,LOC121150293,-,-,-,Un,-,"cytochrome c oxidase subunit 8B, mitochondrial-like",protein-coding,-,-,-,"cytochrome c oxidase subunit 8B, mitochondrial-like",20210420,-
130825,121150294,CARNS1,-,-,-,Un,-,carnosine synthase 1,protein-coding,-,-,-,carnosine synthase 1,20210420,-
130825,121150295,KDM2A,-,-,-,Un,-,lysine demethylase 2A,protein-coding,-,-,-,lysine-specific demethylase 2A,20210420,-
130825,121150296,CD248,-,-,-,Un,-,CD248 molecule,protein-coding,-,-,-,endosialin,20210420,-
130825,121150297,MRGPRF,-,-,-,Un,-,MAS related GPR family member F,protein-coding,-,-,-,mas-related G-protein coupled receptor member F,20210420,-
130825,121150298,MARK2,-,-,-,Un,-,microtubule affinity regulating kinase 2,protein-coding,-,-,-,serine/threonine-protein kinase MARK2,20210420,-
130825,121150299,KMT5B,-,-,-,Un,-,lysine methyltransferase 5B,protein-coding,-,-,-,histone-lysine N-methyltransferase KMT5B,20210420,-
130825,121150300,INS,-,-,-,Un,-,insulin,protein-coding,-,-,-,insulin,20210420,-
130825,121150301,KCNK4,-,-,-,Un,-,potassium two pore domain channel subfamily K member 4,protein-coding,-,-,-,potassium channel subfamily K member 4,20210420,-
130825,121150302,LSP1,-,-,-,Un,-,lymphocyte specific protein 1,protein-coding,-,-,-,lymphocyte-specific protein 1,20210420,-
130825,121150303,TNNT3,-,-,-,Un,-,"troponin T3, fast skeletal type",protein-coding,-,-,-,"troponin T, fast skeletal muscle",20210529,-
130825,121150304,SEMA3C,-,-,-,Un,-,semaphorin 3C,protein-coding,-,-,-,semaphorin-3C,20210420,-
130825,121150305,LOC121150305,-,-,-,Un,-,phospholipase A and acyltransferase 3,protein-coding,-,-,-,phospholipase A and acyltransferase 3,20210420,-
130825,121150306,BRSK2,-,-,-,Un,-,BR serine/threonine kinase 2,protein-coding,-,-,-,serine/threonine-protein kinase BRSK2,20210420,-
130825,121150307,DUSP8,-,-,-,Un,-,dual specificity phosphatase 8,protein-coding,-,-,-,dual specificity protein phosphatase 8,20210420,-
130825,121150308,LOC121150308,-,-,-,Un,-,toll interacting protein,protein-coding,-,-,-,toll-interacting protein,20210420,-
130825,121150309,MOB2,-,-,-,Un,-,MOB kinase activator 2,protein-coding,-,-,-,MOB kinase activator 2,20210420,-
130825,121150310,RTN3,-,-,-,Un,-,reticulon 3,protein-coding,-,-,-,reticulon-3,20210420,-
130825,121150311,CD36,-,-,-,Un,-,CD36 molecule,protein-coding,-,-,-,platelet glycoprotein 4,20210420,-
130825,121150312,FERMT3,-,-,-,Un,-,FERM domain containing kindlin 3,protein-coding,-,-,-,fermitin family homolog 3,20210420,-
130825,121150313,STIP1,-,-,-,Un,-,stress induced phosphoprotein 1,protein-coding,-,-,-,stress-induced-phosphoprotein 1,20210420,-
130825,121150314,TRPT1,-,-,-,Un,-,tRNA phosphotransferase 1,protein-coding,-,-,-,tRNA 2'-phosphotransferase 1,20210420,-
130825,121150315,TCIRG1,-,-,-,Un,-,"T cell immune regulator 1, ATPase H+ transporting V0 subunit a3",protein-coding,-,-,-,V-type proton ATPase 116 kDa subunit a3,20210420,-
130825,121150316,LOC121150316,-,-,-,Un,-,uncharacterized LOC121150316,ncRNA,-,-,-,-,20210420,-
130825,121150317,CHKA,-,-,-,Un,-,choline kinase alpha,protein-coding,-,-,-,choline kinase alpha,20210420,-
130825,121150318,PYGM,-,-,-,Un,-,"glycogen phosphorylase, muscle associated",protein-coding,-,-,-,"glycogen phosphorylase, muscle form",20210420,-
130825,121150319,RASGRP2,-,-,-,Un,-,RAS guanyl releasing protein 2,protein-coding,-,-,-,RAS guanyl-releasing protein 2,20210420,-
130825,121150320,GNAI1,-,-,-,Un,-,G protein subunit alpha i1,protein-coding,-,-,-,guanine nucleotide-binding protein G(i) subunit alpha-1,20210420,-
130825,121150321,AP2A2,-,-,-,Un,-,adaptor related protein complex 2 subunit alpha 2,protein-coding,-,-,-,AP-2 complex subunit alpha-2,20210420,-
130825,121150322,SF1,-,-,-,Un,-,splicing factor 1,protein-coding,-,-,-,splicing factor 1,20210420,-
130825,121150323,MUS81,-,-,-,Un,-,MUS81 structure-specific endonuclease subunit,protein-coding,-,-,-,crossover junction endonuclease MUS81,20210420,-
130825,121150324,PHTF2,-,-,-,Un,-,putative homeodomain transcription factor 2,protein-coding,-,-,-,protein PHTF2,20210420,-
130825,121150325,LOC121150325,-,-,-,Un,-,FGF1 intracellular binding protein,protein-coding,-,-,-,acidic fibroblast growth factor intracellular-binding protein,20210420,-
130825,121150326,CTSW,-,-,-,Un,-,cathepsin W,protein-coding,-,-,-,cathepsin W,20210420,-
130825,121150327,EFEMP2,-,-,-,Un,-,EGF containing fibulin extracellular matrix protein 2,protein-coding,-,-,-,EGF-containing fibulin-like extracellular matrix protein 2,20210420,-
130825,121150328,CFL1,-,-,-,Un,-,cofilin 1,protein-coding,-,-,-,cofilin-1,20210424,-
130825,121150329,PCNX3,-,-,-,Un,-,pecanex 3,protein-coding,-,-,-,pecanex-like protein 3,20210420,-
130825,121150330,MAP3K11,-,-,-,Un,-,mitogen-activated protein kinase kinase kinase 11,protein-coding,-,-,-,mitogen-activated protein kinase kinase kinase 11,20210420,-
130825,121150331,LOC121150331,-,-,-,Un,-,U6 spliceosomal RNA,snRNA,-,-,-,-,20210420,-
130825,121150332,LOC121150332,-,-,-,Un,-,U6 spliceosomal RNA,snRNA,-,-,-,-,20210420,-
130825,121150333,LOC121150333,-,-,-,Un,-,small nucleolar RNA SNORA23,snoRNA,-,-,-,-,20210420,-
130825,121150334,LOC121150334,-,-,-,Un,-,small nucleolar RNA SNORA54,snoRNA,-,-,-,-,20210420,-
130825,121150335,TRNAS-GCU,-,-,-,Un,-,transfer RNA serine (anticodon GCU),tRNA,-,-,-,-,20210420,-
130825,121150336,AMMECR1L,-,-,-,Un,-,AMMECR1 like,protein-coding,-,-,-,AMMECR1-like protein,20210420,-
130825,121150337,TMEM60,-,-,-,Un,-,transmembrane protein 60,protein-coding,-,-,-,transmembrane protein 60,20210420,-
130825,121150338,IWS1,-,-,-,Un,-,"interacts with SUPT6H, CTD assembly factor 1",protein-coding,-,-,-,protein IWS1 homolog,20210420,-
130825,121150339,LIMS2,-,-,-,Un,-,LIM zinc finger domain containing 2,protein-coding,-,-,-,LIM and senescent cell antigen-like-containing domain protein 2,20210420,-
130825,121150340,GPR17,-,-,-,Un,-,G protein-coupled receptor 17,protein-coding,-,-,-,uracil nucleotide/cysteinyl leukotriene receptor,20210420,-
130825,121150341,ERCC3,-,-,-,Un,-,"ERCC excision repair 3, TFIIH core complex helicase subunit",protein-coding,-,-,-,general transcription and DNA repair factor IIH helicase subunit XPB,20210420,-
130825,121150342,BIN1,-,-,-,Un,-,bridging integrator 1,protein-coding,-,-,-,myc box-dependent-interacting protein 1,20210420,-
130825,121150343,RSBN1L,-,-,-,Un,-,round spermatid basic protein 1 like,protein-coding,-,-,-,lysine-specific demethylase RSBN1L,20210420,-
130825,121150344,LOC121150344,-,-,-,Un,-,histone H3.3A,protein-coding,-,-,-,histone H3.3A,20210425,-
130825,121150345,LOC121150345,-,-,-,Un,-,contactin-associated protein-like 5,protein-coding,-,-,-,contactin-associated protein-like 5,20210420,-
130825,121150346,LOC121150346,-,-,-,Un,-,uncharacterized LOC121150346,ncRNA,-,-,-,-,20210420,-
130825,121150347,POLR2D,-,-,-,Un,-,RNA polymerase II subunit D,protein-coding,-,-,-,DNA-directed RNA polymerase II subunit RPB4,20210529,-
130825,121150348,PTPN12,-,-,-,Un,-,protein tyrosine phosphatase non-receptor type 12,protein-coding,-,-,-,tyrosine-protein phosphatase non-receptor type 12,20210420,-
130825,121150349,WDR33,-,-,-,Un,-,WD repeat domain 33,protein-coding,-,-,-,pre-mRNA 3' end processing protein WDR33,20210420,-
130825,121150350,SFT2D3,-,-,-,Un,-,SFT2 domain containing 3,protein-coding,-,-,-,vesicle transport protein SFT2C,20210420,-
130825,121150351,LOC121150351,-,-,-,Un,-,monocarboxylate transporter 1-like,pseudo,-,-,-,-,20210420,-
130825,121150352,LOC121150352,-,-,-,Un,-,uncharacterized LOC121150352,pseudo,-,-,-,-,20210420,-
130825,121150353,LOC121150353,-,-,-,Un,-,glyceraldehyde-3-phosphate dehydrogenase-like,pseudo,-,-,-,-,20210420,-
130825,121150354,LOC121150354,-,-,-,Un,-,N-acetyltransferase 9-like,protein-coding,-,-,-,N-acetyltransferase 9-like,20210420,-
130825,121150355,LOC121150355,-,-,-,Un,-,contactin-associated protein-like 5,pseudo,-,-,-,-,20210420,-
130825,121150356,LOC121150356,-,-,-,Un,-,contactin-associated protein-like 5,protein-coding,-,-,-,contactin-associated protein-like 5,20210420,-
130825,121150357,PROC,-,-,-,Un,-,"protein C, inactivator of coagulation factors Va and VIIIa",protein-coding,-,-,-,vitamin K-dependent protein C,20210420,-
130825,121150358,MYO7B,-,-,-,Un,-,myosin VIIB,protein-coding,-,-,-,unconventional myosin-VIIb,20210420,-
130825,121150359,MAP3K2,-,-,-,Un,-,mitogen-activated protein kinase kinase kinase 2,protein-coding,-,-,-,mitogen-activated protein kinase kinase kinase 2,20210420,-
130825,121150360,LOC121150360,-,-,-,Un,-,cytochrome P450 27C1,protein-coding,-,-,-,cytochrome P450 27C1,20210420,-
130825,121150361,LOC121150361,-,-,-,Un,-,U6 spliceosomal RNA,pseudo,-,-,-,-,20210420,-
130825,121150362,LOC121150362,-,-,-,Un,-,small nucleolar RNA SNORA70,pseudo,-,-,-,-,20210420,-
130825,121150363,LOC121150363,-,-,-,Un,-,small nucleolar RNA ACA64,snoRNA,-,-,-,-,20210420,-
130825,121150364,LOC121150364,-,-,-,Un,-,U6 spliceosomal RNA,snRNA,-,-,-,-,20210420,-
130825,121150365,LOC121150365,-,-,-,Un,-,U6 spliceosomal RNA,snRNA,-,-,-,-,20210420,-
130825,121150366,LOC121150366,-,-,-,Un,-,U6 spliceosomal RNA,snRNA,-,-,-,-,20210420,-
130825,121150367,LOC121150367,-,-,-,Un,-,U6 spliceosomal RNA,pseudo,-,-,-,-,20210420,-
130825,121150368,LOC121150368,-,-,-,Un,-,uncharacterized LOC121150368,ncRNA,-,-,-,-,20210420,-
130825,121150369,LOC121150369,-,-,-,Un,-,uncharacterized LOC121150369,ncRNA,-,-,-,-,20210420,-
130825,121150370,CCDC146,-,-,-,Un,-,coiled-coil domain containing 146,protein-coding,-,-,-,coiled-coil domain-containing protein 146,20210420,-
130825,121150371,LOC121150371,-,-,-,Un,-,gamma-secretase activating protein,protein-coding,-,-,-,gamma-secretase-activating protein,20210420,-
130825,121150372,FGL2,-,-,-,Un,-,fibrinogen like 2,protein-coding,-,-,-,fibroleukin,20210420,-
130825,121150373,LOC121150373,-,-,-,Un,-,uncharacterized LOC121150373,ncRNA,-,-,-,-,20210420,-
130825,121150374,FAM185A,-,-,-,Un,-,family with sequence similarity 185 member A,protein-coding,-,-,-,protein FAM185A,20210420,-
130825,121150375,WWC3,-,-,-,Un,-,WWC family member 3,protein-coding,-,-,-,protein WWC3,20210420,-
130825,121150376,FBXL13,-,-,-,Un,-,F-box and leucine rich repeat protein 13,protein-coding,-,-,-,dynein regulatory complex subunit 6,20210420,-
130825,121150377,LRRC17,-,-,-,Un,-,leucine rich repeat containing 17,protein-coding,-,-,-,leucine-rich repeat-containing protein 17,20210420,-
130825,121150378,ARMC10,-,-,-,Un,-,armadillo repeat containing 10,protein-coding,-,-,-,armadillo repeat-containing protein 10,20210420,-
130825,121150379,NAPEPLD,-,-,-,Un,-,N-acyl phosphatidylethanolamine phospholipase D,protein-coding,-,-,-,N-acyl-phosphatidylethanolamine-hydrolyzing phospholipase D,20210420,-
130825,121150380,DNAJC2,-,-,-,Un,-,DnaJ heat shock protein family (Hsp40) member C2,protein-coding,-,-,-,dnaJ homolog subfamily C member 2,20210420,-
130825,121150381,PMPCB,-,-,-,Un,-,"peptidase, mitochondrial processing subunit beta",protein-coding,-,-,-,mitochondrial-processing peptidase subunit beta,20210420,-
130825,121150382,PSMC2,-,-,-,Un,-,"proteasome 26S subunit, ATPase 2",protein-coding,-,-,-,26S proteasome regulatory subunit 7,20210501,-
130825,121150383,ORC5,-,-,-,Un,-,origin recognition complex subunit 5,protein-coding,-,-,-,origin recognition complex subunit 5,20210420,-
130825,121150384,LOC121150384,-,-,-,Un,-,uncharacterized LOC121150384,ncRNA,-,-,-,-,20210420,-
130825,121150385,LOC121150385,-,-,-,Un,-,uncharacterized LOC121150385,protein-coding,-,-,-,uncharacterized protein LOC121150385,20210420,-
130825,121150386,KMT2E,-,-,-,Un,-,lysine methyltransferase 2E (inactive),protein-coding,-,-,-,inactive histone-lysine N-methyltransferase 2E,20210420,-
130825,121150387,LOC121150387,-,-,-,Un,-,SRSF protein kinase 2-like,protein-coding,-,-,-,SRSF protein kinase 2-like,20210420,-
130825,121150388,CHMP7,-,-,-,Un,-,charged multivesicular body protein 7,protein-coding,-,-,-,charged multivesicular body protein 7,20210420,-
130825,121150389,RHOBTB2,-,-,-,Un,-,Rho related BTB domain containing 2,protein-coding,-,-,-,rho-related BTB domain-containing protein 2,20210420,-
130825,121150390,CCAR2,-,-,-,Un,-,cell cycle and apoptosis regulator 2,protein-coding,-,-,-,cell cycle and apoptosis regulator protein 2,20210420,-
130825,121150391,CUNH8orf58,-,-,-,Un,-,chromosome unknown C8orf58 homolog,protein-coding,-,-,-,uncharacterized protein C8orf58 homolog,20210420,-
130825,121150392,BIN3,-,-,-,Un,-,bridging integrator 3,protein-coding,-,-,-,bridging integrator 3,20210420,-
130825,121150393,LOC121150393,-,-,-,Un,-,uncharacterized LOC121150393,ncRNA,-,-,-,-,20210420,-
130825,121150394,LOC121150394,-,-,-,Un,-,uncharacterized LOC121150394,ncRNA,-,-,-,-,20210420,-
130825,121150395,PDLIM2,-,-,-,Un,-,PDZ and LIM domain 2,protein-coding,-,-,-,PDZ and LIM domain protein 2,20210420,-
130825,121150396,SORBS3,-,-,-,Un,-,sorbin and SH3 domain containing 3,protein-coding,-,-,-,vinexin,20210420,-
130825,121150397,PPP3CC,-,-,-,Un,-,protein phosphatase 3 catalytic subunit gamma,protein-coding,-,-,-,serine/threonine-protein phosphatase 2B catalytic subunit gamma isoform,20210420,-
130825,121150398,SLC39A14,-,-,-,Un,-,solute carrier family 39 member 14,protein-coding,-,-,-,metal cation symporter ZIP14,20210420,-
130825,121150399,PIWIL2,-,-,-,Un,-,piwi like RNA-mediated gene silencing 2,protein-coding,-,-,-,piwi-like protein 2,20210420,-
130825,121150400,BMP1,-,-,-,Un,-,bone morphogenetic protein 1,protein-coding,-,-,-,bone morphogenetic protein 1,20210420,-
130825,121150401,REEP4,-,-,-,Un,-,receptor accessory protein 4,protein-coding,-,-,-,receptor expression-enhancing protein 4,20210420,-
130825,121150402,HR,-,-,-,Un,-,HR lysine demethylase and nuclear receptor corepressor,protein-coding,-,-,-,lysine-specific demethylase hairless,20210420,-
130825,121150403,FHIP2B,-,-,-,Un,-,FHF complex subunit HOOK interacting protein 2B,protein-coding,-,-,-,protein FAM160B2,20210420,-
130825,121150404,NUDT18,-,-,-,Un,-,nudix hydrolase 18,protein-coding,-,-,-,8-oxo-dGDP phosphatase NUDT18,20210420,-
130825,121150405,DMTN,-,-,-,Un,-,dematin actin binding protein,protein-coding,-,-,-,LOW QUALITY PROTEIN: dematin,20210420,-
130825,121150406,FGF17,-,-,-,Un,-,fibroblast growth factor 17,protein-coding,-,-,-,fibroblast growth factor 17,20210420,-
130825,121150407,LOC121150407,-,-,-,Un,-,uncharacterized LOC121150407,ncRNA,-,-,-,-,20210420,-
130825,121150408,XPO7,-,-,-,Un,-,exportin 7,protein-coding,-,-,-,exportin-7,20210420,-
130825,121150409,DOK2,-,-,-,Un,-,docking protein 2,protein-coding,-,-,-,docking protein 2,20210420,-
130825,121150410,GFRA2,-,-,-,Un,-,GDNF family receptor alpha 2,protein-coding,-,-,-,GDNF family receptor alpha-2,20210420,-
130825,121150411,LZTS1,-,-,-,Un,-,leucine zipper tumor suppressor 1,protein-coding,-,-,-,leucine zipper putative tumor suppressor 1,20210420,-
130825,121150412,ATP6V1B2,-,-,-,Un,-,ATPase H+ transporting V1 subunit B2,protein-coding,-,-,-,"V-type proton ATPase subunit B, brain isoform",20210420,-
130825,121150413,LPL,-,-,-,Un,-,lipoprotein lipase,protein-coding,-,-,-,lipoprotein lipase,20210420,-
130825,121150414,INTS10,-,-,-,Un,-,integrator complex subunit 10,protein-coding,-,-,-,integrator complex subunit 10,20210420,-
130825,121150415,ZMAT2,-,-,-,Un,-,zinc finger matrin-type 2,protein-coding,-,-,-,zinc finger matrin-type protein 2,20210420,-
130825,121150416,CSGALNACT1,-,-,-,Un,-,chondroitin sulfate N-acetylgalactosaminyltransferase 1,protein-coding,-,-,-,chondroitin sulfate N-acetylgalactosaminyltransferase 1,20210420,-
130825,121150417,PSD3,-,-,-,Un,-,pleckstrin and Sec7 domain containing 3,protein-coding,-,-,-,PH and SEC7 domain-containing protein 3,20210420,-
130825,121150418,GUCY1A1,-,-,-,Un,-,guanylate cyclase 1 soluble subunit alpha 1,protein-coding,-,-,-,guanylate cyclase soluble subunit alpha-1,20210420,-
130825,121150419,GUCY1B1,-,-,-,Un,-,guanylate cyclase 1 soluble subunit beta 1,protein-coding,-,-,-,guanylate cyclase soluble subunit beta-1,20210420,-
130825,121150420,CTSO,-,-,-,Un,-,cathepsin O,protein-coding,-,-,-,cathepsin O,20210420,-
130825,121150421,PDGFC,-,-,-,Un,-,platelet derived growth factor C,protein-coding,-,-,-,platelet-derived growth factor C,20210420,-
130825,121150422,GRIA2,-,-,-,Un,-,glutamate ionotropic receptor AMPA type subunit 2,protein-coding,-,-,-,glutamate receptor 2,20210420,-
130825,121150423,GLRB,-,-,-,Un,-,glycine receptor beta,protein-coding,-,-,-,glycine receptor subunit beta,20210420,-
130825,121150424,GASK1B,-,-,-,Un,-,golgi associated kinase 1B,protein-coding,-,-,-,Golgi-associated kinase 1B,20210420,-
130825,121150425,TMEM144,-,-,-,Un,-,transmembrane protein 144,protein-coding,-,-,-,transmembrane protein 144,20210420,-
130825,121150426,ETFDH,-,-,-,Un,-,electron transfer flavoprotein dehydrogenase,protein-coding,-,-,-,"electron transfer flavoprotein-ubiquinone oxidoreductase, mitochondrial",20210420,-
130825,121150427,PPID,-,-,-,Un,-,peptidylprolyl isomerase D,protein-coding,-,-,-,peptidyl-prolyl cis-trans isomerase D,20210420,-
130825,121150428,FNIP2,-,-,-,Un,-,folliculin interacting protein 2,protein-coding,-,-,-,folliculin-interacting protein 2,20210420,-
130825,121150429,LOC121150429,-,-,-,Un,-,uncharacterized LOC121150429,ncRNA,-,-,-,-,20210420,-
130825,121150430,RAPGEF2,-,-,-,Un,-,Rap guanine nucleotide exchange factor 2,protein-coding,-,-,-,rap guanine nucleotide exchange factor 2,20210420,-
130825,121150431,FNIP1,-,-,-,Un,-,folliculin interacting protein 1,protein-coding,-,-,-,folliculin-interacting protein 1,20210420,-
130825,121150432,LOC121150432,-,-,-,Un,-,uncharacterized LOC121150432,ncRNA,-,-,-,-,20210420,-
130825,121150433,NAF1,-,-,-,Un,-,nuclear assembly factor 1 ribonucleoprotein,protein-coding,-,-,-,H/ACA ribonucleoprotein complex non-core subunit NAF1,20210420,-
130825,121150434,MARCHF1,-,-,-,Un,-,membrane associated ring-CH-type finger 1,protein-coding,-,-,-,E3 ubiquitin-protein ligase MARCHF1,20210420,-
130825,121150435,TMA16,-,-,-,Un,-,translation machinery associated 16 homolog,protein-coding,-,-,-,translation machinery-associated protein 16,20210420,-
130825,121150436,LOC121150436,-,-,-,Un,-,uncharacterized LOC121150436,ncRNA,-,-,-,-,20210420,-
130825,121150437,TRIM61,-,-,-,Un,-,tripartite motif containing 61,protein-coding,-,-,-,putative tripartite motif-containing protein 61,20210420,-
130825,121150438,TMEM192,-,-,-,Un,-,transmembrane protein 192,protein-coding,-,-,-,transmembrane protein 192,20210420,-
130825,121150439,KLHL2,-,-,-,Un,-,kelch like family member 2,protein-coding,-,-,-,kelch-like protein 2,20210420,-
130825,121150440,MSMO1,-,-,-,Un,-,methylsterol monooxygenase 1,protein-coding,-,-,-,methylsterol monooxygenase 1,20210420,-
130825,121150441,CPE,-,-,-,Un,-,carboxypeptidase E,protein-coding,-,-,-,carboxypeptidase E,20210420,-
130825,121150442,MAGI2,-,-,-,Un,-,"membrane associated guanylate kinase, WW and PDZ domain containing 2",protein-coding,-,-,-,"membrane-associated guanylate kinase, WW and PDZ domain-containing protein 2",20210420,-
130825,121150443,LHFPL3,-,-,-,Un,-,LHFPL tetraspan subfamily member 3,protein-coding,-,-,-,LHFPL tetraspan subfamily member 3 protein,20210420,-
130825,121150444,LOC121150444,-,-,-,Un,-,annexin A10,protein-coding,-,-,-,annexin A10,20210420,-
130825,121150445,LOC121150445,-,-,-,Un,-,R3H and coiled-coil domain-containing protein 1-like,protein-coding,-,-,-,R3H and coiled-coil domain-containing protein 1-like,20210420,-
130825,121150446,LGI3,-,-,-,Un,-,leucine rich repeat LGI family member 3,protein-coding,-,-,-,leucine-rich repeat LGI family member 3,20210420,-
130825,121150447,NPM2,-,-,-,Un,-,nucleophosmin/nucleoplasmin 2,protein-coding,-,-,-,nucleoplasmin-2,20210420,-
130825,121150448,SLC18A1,-,-,-,Un,-,solute carrier family 18 member A1,protein-coding,-,-,-,chromaffin granule amine transporter,20210420,-
130825,121150449,SH2D4A,-,-,-,Un,-,SH2 domain containing 4A,protein-coding,-,-,-,SH2 domain-containing protein 4A,20210420,-
130825,121150450,LOC121150450,-,-,-,Un,-,pseudouridine 5'-phosphatase,protein-coding,-,-,-,pseudouridine-5'-phosphatase,20210420,-
130825,121150451,RXFP1,-,-,-,Un,-,relaxin family peptide receptor 1,protein-coding,-,-,-,relaxin receptor 1,20210420,-
130825,121150452,CUNH4orf45,-,-,-,Un,-,chromosome unknown C4orf45 homolog,protein-coding,-,-,-,uncharacterized protein C4orf45 homolog,20210420,-
130825,121150453,LYRM7,-,-,-,Un,-,LYR motif containing 7,protein-coding,-,-,-,complex III assembly factor LYRM7,20210420,-
130825,121150454,LOC121150454,-,-,-,Un,-,40S ribosomal protein S17-like,pseudo,-,-,-,-,20210420,-
130825,121150455,LOC121150455,-,-,-,Un,-,protocadherin Fat 1-like,protein-coding,-,-,-,protocadherin Fat 1-like,20210420,-
130825,121150456,GNAT3,-,-,-,Un,-,G protein subunit alpha transducin 3,protein-coding,-,-,-,guanine nucleotide-binding protein G(t) subunit alpha-3,20210420,-
130825,121150457,SLC26A5,-,-,-,Un,-,solute carrier family 26 member 5,protein-coding,-,-,-,prestin,20210420,-
130825,121150458,RELN,-,-,-,Un,-,reelin,protein-coding,-,-,-,reelin,20210420,-
130825,121150459,LOC121150459,-,-,-,Un,-,lysyl oxidase homolog 2,protein-coding,-,-,-,lysyl oxidase homolog 2,20210420,-
130825,121150460,PEBP4,-,-,-,Un,-,phosphatidylethanolamine binding protein 4,protein-coding,-,-,-,phosphatidylethanolamine-binding protein 4,20210420,-
130825,121150461,EGR3,-,-,-,Un,-,early growth response 3,protein-coding,-,-,-,early growth response protein 3,20210420,-
130825,121150462,POLR3D,-,-,-,Un,-,RNA polymerase III subunit D,protein-coding,-,-,-,DNA-directed RNA polymerase III subunit RPC4,20210420,-
130825,121150463,LOC121150463,-,-,-,Un,-,phytanoyl-CoA 2-hydroxylase interacting protein,protein-coding,-,-,-,phytanoyl-CoA hydroxylase-interacting protein,20210420,-
130825,121150464,SFTPC,-,-,-,Un,-,surfactant protein C,protein-coding,-,-,-,pulmonary surfactant-associated protein C,20210420,-
130825,121150465,LOC121150465,-,-,-,Un,-,arylamine N-acetyltransferase 2,protein-coding,-,-,-,arylamine N-acetyltransferase 2,20210420,-
130825,121150466,LOC121150466,-,-,-,Un,-,arylamine N-acetyltransferase 2-like,protein-coding,-,-,-,arylamine N-acetyltransferase 2-like,20210420,-
130825,121150467,RBM46,-,-,-,Un,-,RNA binding motif protein 46,protein-coding,-,-,-,probable RNA-binding protein 46,20210420,-
130825,121150468,NPY2R,-,-,-,Un,-,neuropeptide Y receptor Y2,protein-coding,-,-,-,neuropeptide Y receptor type 2,20210420,-
130825,121150469,MAP9,-,-,-,Un,-,microtubule associated protein 9,protein-coding,-,-,-,microtubule-associated protein 9,20210420,-
130825,121150470,ASIC5,-,-,-,Un,-,acid sensing ion channel subunit family member 5,protein-coding,-,-,-,acid-sensing ion channel 5,20210420,-
130825,121150471,TDO2,-,-,-,Un,-,"tryptophan 2,3-dioxygenase",protein-coding,-,-,-,"tryptophan 2,3-dioxygenase",20210420,-
130825,121150472,CUNH4orf46,-,-,-,Un,-,chromosome unknown C4orf46 homolog,protein-coding,-,-,-,renal cancer differentiation gene 1 protein,20210420,-
130825,121150473,CDC42SE2,-,-,-,Un,-,CDC42 small effector 2,protein-coding,-,-,-,CDC42 small effector protein 2,20210420,-
130825,121150474,FSTL5,-,-,-,Un,-,follistatin like 5,protein-coding,-,-,-,follistatin-related protein 5,20210420,-
130825,121150475,NPY1R,-,-,-,Un,-,neuropeptide Y receptor Y1,protein-coding,-,-,-,neuropeptide Y receptor type 1,20210420,-
130825,121150476,NPY5R,-,-,-,Un,-,neuropeptide Y receptor Y5,protein-coding,-,-,-,neuropeptide Y receptor type 5,20210420,-
130825,121150477,TKTL2,-,-,-,Un,-,transketolase like 2,protein-coding,-,-,-,transketolase-like protein 2,20210420,-
130825,121150478,APELA,-,-,-,Un,-,apelin receptor early endogenous ligand,protein-coding,-,-,-,apelin receptor early endogenous ligand,20210420,-
130825,121150479,LOC121150479,-,-,-,Un,-,transforming protein RhoA-like,protein-coding,-,-,-,transforming protein RhoA-like,20210420,-
130825,121150480,TLL1,-,-,-,Un,-,tolloid like 1,protein-coding,-,-,-,tolloid-like protein 1,20210420,-
130825,121150481,LOC121150481,-,-,-,Un,-,uncharacterized LOC121150481,ncRNA,-,-,-,-,20210420,-
130825,121150482,SPOCK3,-,-,-,Un,-,"SPARC (osteonectin), cwcv and kazal like domains proteoglycan 3",protein-coding,-,-,-,testican-3,20210420,-
130825,121150483,LOC121150483,-,-,-,Un,-,"histidine--tRNA ligase, cytoplasmic-like",protein-coding,-,-,-,"histidine--tRNA ligase, cytoplasmic-like",20210420,-
130825,121150484,LOC121150484,-,-,-,Un,-,U1 spliceosomal RNA,snRNA,-,-,-,-,20210420,-
130825,121150485,LOC121150485,-,-,-,Un,-,small nucleolar RNA SNORA16B/SNORA16A family,snoRNA,-,-,-,-,20210420,-
130825,121150486,LOC121150486,-,-,-,Un,-,U2 spliceosomal RNA,pseudo,-,-,-,-,20210420,-
130825,121150487,LOC121150487,-,-,-,Un,-,U2 spliceosomal RNA,pseudo,-,-,-,-,20210420,-
130825,121150488,LOC121150488,-,-,-,Un,-,U6 spliceosomal RNA,snRNA,-,-,-,-,20210420,-
130825,121150489,P4HA2,-,-,-,Un,-,prolyl 4-hydroxylase subunit alpha 2,protein-coding,-,-,-,prolyl 4-hydroxylase subunit alpha-2,20210420,-
130825,121150490,LOC121150490,-,-,-,Un,-,U6 spliceosomal RNA,snRNA,-,-,-,-,20210420,-
130825,121150491,LOC121150491,-,-,-,Un,-,BRD4-interacting chromatin-remodeling complex-associated protein-like,pseudo,-,-,-,-,20210420,-
130825,121150492,LOC121150492,-,-,-,Un,-,transcription factor SOX-2-like,pseudo,-,-,-,-,20210420,-
130825,121150493,LOC121150493,-,-,-,Un,-,uncharacterized LOC121150493,ncRNA,-,-,-,-,20210420,-
130825,121150494,LOC121150494,-,-,-,Un,-,phospholipid-transporting ATPase IF-like,pseudo,-,-,-,-,20210420,-
130825,121150495,LOC121150495,-,-,-,Un,-,protein FAM170A-like,protein-coding,-,-,-,protein FAM170A-like,20210420,-
130825,121150496,LOC121150496,-,-,-,Un,-,protein FAM170A-like,protein-coding,-,-,-,protein FAM170A-like,20210420,-
130825,121150497,LOC121150497,-,-,-,Un,-,probable G-protein coupled receptor 27,pseudo,-,-,-,-,20210420,-
130825,121150498,LOC121150498,-,-,-,Un,-,vomeronasal type-1 receptor 90-like,protein-coding,-,-,-,vomeronasal type-1 receptor 90-like,20210420,-
130825,121150499,LOC121150499,-,-,-,Un,-,putative vomeronasal receptor-like protein 4,protein-coding,-,-,-,putative vomeronasal receptor-like protein 4,20210420,-
130825,121150500,LOC121150500,-,-,-,Un,-,uncharacterized LOC121150500,ncRNA,-,-,-,-,20210420,-
130825,121150501,LOC121150501,-,-,-,Un,-,solute carrier family 22 member 4,protein-coding,-,-,-,solute carrier family 22 member 4,20210420,-
130825,121150502,LOC121150502,-,-,-,Un,-,putative vomeronasal receptor-like protein 4,protein-coding,-,-,-,putative vomeronasal receptor-like protein 4,20210420,-
130825,121150503,LOC121150503,-,-,-,Un,-,U6 spliceosomal RNA,snRNA,-,-,-,-,20210420,-
130825,121150504,LOC121150504,-,-,-,Un,-,putative vomeronasal receptor-like protein 4,protein-coding,-,-,-,putative vomeronasal receptor-like protein 4,20210420,-
130825,121150505,LOC121150505,-,-,-,Un,-,U6 spliceosomal RNA,snRNA,-,-,-,-,20210420,-
130825,121150506,LOC121150506,-,-,-,Un,-,U6 spliceosomal RNA,snRNA,-,-,-,-,20210420,-
130825,121150507,LOC121150507,-,-,-,Un,-,zinc finger protein 260-like,protein-coding,-,-,-,zinc finger protein 260-like,20210420,-
130825,121150508,LOC121150508,-,-,-,Un,-,uncharacterized LOC121150508,ncRNA,-,-,-,-,20210420,-
130825,121150509,LOC121150509,-,-,-,Un,-,terminal nucleotidyltransferase 4A-like,pseudo,-,-,-,-,20210420,-
130825,121150510,LOC121150510,-,-,-,Un,-,uncharacterized LOC121150510,ncRNA,-,-,-,-,20210420,-
130825,121150511,LOC121150511,-,-,-,Un,-,U6 spliceosomal RNA,pseudo,-,-,-,-,20210420,-
130825,121150512,LOC121150512,-,-,-,Un,-,vomeronasal type-1 receptor 90-like,protein-coding,-,-,-,vomeronasal type-1 receptor 90-like,20210420,-
130825,121150513,LOC121150513,-,-,-,Un,-,putative vomeronasal receptor-like protein 4,protein-coding,-,-,-,putative vomeronasal receptor-like protein 4,20210420,-
130825,121150514,LOC121150514,-,-,-,Un,-,putative vomeronasal receptor-like protein 4,protein-coding,-,-,-,LOW QUALITY PROTEIN: putative vomeronasal receptor-like protein 4,20210420,-
130825,121150515,LOC121150515,-,-,-,Un,-,U6 spliceosomal RNA,snRNA,-,-,-,-,20210420,-
130825,121150516,LOC121150516,-,-,-,Un,-,zinc finger protein 883-like,protein-coding,-,-,-,zinc finger protein 883-like,20210420,-
130825,121150517,LOC121150517,-,-,-,Un,-,zinc finger protein 2-like,protein-coding,-,-,-,LOW QUALITY PROTEIN: zinc finger protein 2-like,20210420,-
130825,121150518,LOC121150518,-,-,-,Un,-,zinc finger protein 1 homolog,protein-coding,-,-,-,zinc finger protein 1 homolog,20210420,-
130825,121150519,LOC121150519,-,-,-,Un,-,zinc finger protein 260-like,protein-coding,-,-,-,zinc finger protein 260-like,20210420,-
130825,121150520,LOC121150520,-,-,-,Un,-,ubiquitin carboxyl-terminal hydrolase 17-like protein 6,protein-coding,-,-,-,ubiquitin carboxyl-terminal hydrolase 17-like protein 6,20210420,-
130825,121150521,LOC121150521,-,-,-,Un,-,uncharacterized LOC121150521,ncRNA,-,-,-,-,20210420,-
130825,121150522,LOC121150522,-,-,-,Un,-,ubiquitin carboxyl-terminal hydrolase 17-like protein 6,protein-coding,-,-,-,ubiquitin carboxyl-terminal hydrolase 17-like protein 6,20210420,-
130825,121150523,LOC121150523,-,-,-,Un,-,ubiquitin carboxyl-terminal hydrolase 17-like protein 6,protein-coding,-,-,-,ubiquitin carboxyl-terminal hydrolase 17-like protein 6,20210420,-
130825,121150524,LOC121150524,-,-,-,Un,-,ubiquitin carboxyl-terminal hydrolase 17-like protein 6,protein-coding,-,-,-,ubiquitin carboxyl-terminal hydrolase 17-like protein 6,20210420,-
130825,121150525,LOC121150525,-,-,-,Un,-,ubiquitin carboxyl-terminal hydrolase 17-like protein 6,protein-coding,-,-,-,ubiquitin carboxyl-terminal hydrolase 17-like protein 6,20210420,-
130825,121150526,LOC121150526,-,-,-,Un,-,ubiquitin carboxyl-terminal hydrolase 17-like protein 6,protein-coding,-,-,-,ubiquitin carboxyl-terminal hydrolase 17-like protein 6,20210420,-
130825,121150527,LOC121150527,-,-,-,Un,-,ubiquitin carboxyl-terminal hydrolase 17-like protein 6,protein-coding,-,-,-,ubiquitin carboxyl-terminal hydrolase 17-like protein 6,20210420,-
130825,121150528,LOC121150528,-,-,-,Un,-,ubiquitin carboxyl-terminal hydrolase 17-like protein 6,protein-coding,-,-,-,ubiquitin carboxyl-terminal hydrolase 17-like protein 6,20210420,-
130825,121150529,LOC121150529,-,-,-,Un,-,ubiquitin carboxyl-terminal hydrolase 17-like protein 6,protein-coding,-,-,-,ubiquitin carboxyl-terminal hydrolase 17-like protein 6,20210420,-
130825,121150530,LOC121150530,-,-,-,Un,-,ubiquitin carboxyl-terminal hydrolase 17-like protein 6,protein-coding,-,-,-,ubiquitin carboxyl-terminal hydrolase 17-like protein 6,20210420,-
130825,121150531,LOC121150531,-,-,-,Un,-,ubiquitin carboxyl-terminal hydrolase 17-like protein 6,pseudo,-,-,-,-,20210420,-
130825,121150532,LOC121150532,-,-,-,Un,-,ubiquitin carboxyl-terminal hydrolase 17-like protein 6,protein-coding,-,-,-,ubiquitin carboxyl-terminal hydrolase 17-like protein 6,20210420,-
130825,121150533,LOC121150533,-,-,-,Un,-,ubiquitin carboxyl-terminal hydrolase 17-like protein 6,protein-coding,-,-,-,ubiquitin carboxyl-terminal hydrolase 17-like protein 6,20210420,-
130825,121150534,LOC121150534,-,-,-,Un,-,ubiquitin carboxyl-terminal hydrolase 17-like,protein-coding,-,-,-,ubiquitin carboxyl-terminal hydrolase 17-like,20210420,-
130825,121150535,LOC121150535,-,-,-,Un,-,zinc finger protein 883-like,protein-coding,-,-,-,zinc finger protein 883-like,20210420,-
130825,121150536,LOC121150536,-,-,-,Un,-,solute carrier family 22 member 5,protein-coding,-,-,-,solute carrier family 22 member 5,20210420,-
130825,121150537,LOC121150537,-,-,-,Un,-,kinesin-like protein KIF13B,protein-coding,-,-,-,kinesin-like protein KIF13B,20210420,-
130825,121150538,LOC121150538,-,-,-,Un,-,probable G-protein coupled receptor 27,pseudo,-,-,-,-,20210420,-
130825,121150539,LOC121150539,-,-,-,Un,-,uncharacterized LOC121150539,ncRNA,-,-,-,-,20210420,-
130825,121150540,LOC121150540,-,-,-,Un,-,probable G-protein coupled receptor 27,pseudo,-,-,-,-,20210420,-
130825,121150541,LOC121150541,-,-,-,Un,-,probable G-protein coupled receptor 27,pseudo,-,-,-,-,20210420,-
130825,121150542,LOC121150542,-,-,-,Un,-,protein FAM170A-like,protein-coding,-,-,-,protein FAM170A-like,20210420,-
130825,121150543,LOC121150543,-,-,-,Un,-,E3 ubiquitin-protein ligase Midline-1-like,protein-coding,-,-,-,E3 ubiquitin-protein ligase Midline-1-like,20210420,-
130825,121150544,LOC121150544,-,-,-,Un,-,uncharacterized LOC121150544,protein-coding,-,-,-,uncharacterized protein LOC121150544,20210420,-
130825,121150545,LOC121150545,-,-,-,Un,-,basic salivary proline-rich protein 3-like,protein-coding,-,-,-,basic salivary proline-rich protein 3-like,20210420,-
130825,121150546,LOC121150546,-,-,-,Un,-,40S ribosomal protein SA-like,pseudo,-,-,-,-,20210420,-
130825,121150547,LOC121150547,-,-,-,Un,-,metal regulatory transcription factor 1-like,pseudo,-,-,-,-,20210420,-
130825,121150548,LOC121150548,-,-,-,Un,-,60S ribosomal protein L21-like,pseudo,-,-,-,-,20210420,-
130825,121150549,ACTR3,-,-,-,Un,-,actin related protein 3,protein-coding,-,-,-,actin-related protein 3,20210522,-
130825,121150550,SLC35F5,-,-,-,Un,-,solute carrier family 35 member F5,protein-coding,-,-,-,solute carrier family 35 member F5,20210420,-
130825,121150551,IRF1,-,-,-,Un,-,interferon regulatory factor 1,protein-coding,-,-,-,interferon regulatory factor 1,20210420,-
130825,121150552,LYPD1,-,-,-,Un,-,LY6/PLAUR domain containing 1,protein-coding,-,-,-,ly6/PLAUR domain-containing protein 1,20210420,-
130825,121150553,NCKAP5,-,-,-,Un,-,NCK associated protein 5,protein-coding,-,-,-,nck-associated protein 5,20210420,-
130825,121150554,LOC121150554,-,-,-,Un,-,uncharacterized LOC121150554,ncRNA,-,-,-,-,20210420,-
130825,121150555,LOC121150555,-,-,-,Un,-,uncharacterized LOC121150555,ncRNA,-,-,-,-,20210420,-
130825,121150556,MGAT5,-,-,-,Un,-,"alpha-1,6-mannosylglycoprotein 6-beta-N-acetylglucosaminyltransferase",protein-coding,-,-,-,"alpha-1,6-mannosylglycoprotein 6-beta-N-acetylglucosaminyltransferase A",20210420,-
130825,121150557,TMEM163,-,-,-,Un,-,transmembrane protein 163,protein-coding,-,-,-,transmembrane protein 163,20210420,-
130825,121150558,LOC121150558,-,-,-,Un,-,uncharacterized LOC121150558,ncRNA,-,-,-,-,20210420,-
130825,121150559,CCNT2,-,-,-,Un,-,cyclin T2,protein-coding,-,-,-,cyclin-T2,20210420,-
130825,121150560,RAD50,-,-,-,Un,-,RAD50 double strand break repair protein,protein-coding,-,-,-,DNA repair protein RAD50,20210420,-
130825,121150561,RAB3GAP1,-,-,-,Un,-,RAB3 GTPase activating protein catalytic subunit 1,protein-coding,-,-,-,rab3 GTPase-activating protein catalytic subunit,20210420,-
130825,121150562,ZRANB3,-,-,-,Un,-,zinc finger RANBP2-type containing 3,protein-coding,-,-,-,DNA annealing helicase and endonuclease ZRANB3,20210420,-
130825,121150563,LOC121150563,-,-,-,Un,-,60S ribosomal protein L36a-like,protein-coding,-,-,-,60S ribosomal protein L36a-like,20210420,-
130825,121150564,R3HDM1,-,-,-,Un,-,R3H domain containing 1,protein-coding,-,-,-,R3H domain-containing protein 1,20210420,-
130825,121150565,UBXN4,-,-,-,Un,-,UBX domain protein 4,protein-coding,-,-,-,UBX domain-containing protein 4,20210420,-
130825,121150566,LOC121150566,-,-,-,Un,-,lactase-phlorizin hydrolase-like,protein-coding,-,-,-,lactase-phlorizin hydrolase-like,20210420,-
130825,121150567,KIF3A,-,-,-,Un,-,kinesin family member 3A,protein-coding,-,-,-,kinesin-like protein KIF3A,20210420,-
130825,121150568,LOC121150568,-,-,-,Un,-,lactase-phlorizin hydrolase-like,protein-coding,-,-,-,lactase-phlorizin hydrolase-like,20210420,-
130825,121150569,LOC121150569,-,-,-,Un,-,uncharacterized LOC121150569,ncRNA,-,-,-,-,20210420,-
130825,121150570,LOC121150570,-,-,-,Un,-,lactase-phlorizin hydrolase,protein-coding,-,-,-,lactase-phlorizin hydrolase,20210420,-
130825,121150571,MCM6,-,-,-,Un,-,minichromosome maintenance complex component 6,protein-coding,-,-,-,DNA replication licensing factor MCM6,20210420,-
130825,121150572,DARS1,-,-,-,Un,-,aspartyl-tRNA synthetase 1,protein-coding,-,-,-,"aspartate--tRNA ligase, cytoplasmic",20210420,-
130825,121150573,CXCR4,-,-,-,Un,-,C-X-C motif chemokine receptor 4,protein-coding,-,-,-,C-X-C chemokine receptor type 4,20210420,-
130825,121150574,LOC121150574,-,-,-,Un,-,transmembrane protein 203-like,pseudo,-,-,-,-,20210420,-
130825,121150575,LOC121150575,-,-,-,Un,-,uncharacterized LOC121150575,ncRNA,-,-,-,-,20210420,-
130825,121150576,THSD7B,-,-,-,Un,-,thrombospondin type 1 domain containing 7B,protein-coding,-,-,-,thrombospondin type-1 domain-containing protein 7B,20210420,-
130825,121150577,HNMT,-,-,-,Un,-,histamine N-methyltransferase,protein-coding,-,-,-,histamine N-methyltransferase,20210420,-
130825,121150578,SEPTIN8,-,-,-,Un,-,septin 8,protein-coding,-,-,-,septin-8,20210420,-
130825,121150579,SPOPL,-,-,-,Un,-,speckle type BTB/POZ protein like,protein-coding,-,-,-,speckle-type POZ protein-like,20210420,-
130825,121150580,KYNU,-,-,-,Un,-,kynureninase,protein-coding,-,-,-,kynureninase,20210420,-
130825,121150581,ARHGAP15,-,-,-,Un,-,Rho GTPase activating protein 15,protein-coding,-,-,-,rho GTPase-activating protein 15,20210420,-
130825,121150582,GTDC1,-,-,-,Un,-,glycosyltransferase like domain containing 1,protein-coding,-,-,-,glycosyltransferase-like domain-containing protein 1,20210420,-
130825,121150583,ZEB2,-,-,-,Un,-,zinc finger E-box binding homeobox 2,protein-coding,-,-,-,zinc finger E-box-binding homeobox 2,20210420,-
130825,121150584,GDF9,-,-,-,Un,-,growth differentiation factor 9,protein-coding,-,-,-,growth/differentiation factor 9,20210420,-
130825,121150585,LOC121150585,-,-,-,Un,-,uncharacterized LOC121150585,ncRNA,-,-,-,-,20210420,-
130825,121150586,LOC121150586,-,-,-,Un,-,uncharacterized LOC121150586,ncRNA,-,-,-,-,20210420,-
130825,121150587,ACVR2A,-,-,-,Un,-,activin A receptor type 2A,protein-coding,-,-,-,activin receptor type-2A,20210420,-
130825,121150588,MBD5,-,-,-,Un,-,methyl-CpG binding domain protein 5,protein-coding,-,-,-,methyl-CpG-binding domain protein 5,20210420,-
130825,121150589,ORC4,-,-,-,Un,-,origin recognition complex subunit 4,protein-coding,-,-,-,origin recognition complex subunit 4,20210420,-
130825,121150590,LOC121150590,-,-,-,Un,-,uncharacterized LOC121150590,ncRNA,-,-,-,-,20210420,-
130825,121150591,LOC121150591,-,-,-,Un,-,uncharacterized LOC121150591,ncRNA,-,-,-,-,20210420,-
130825,121150592,LOC121150592,-,-,-,Un,-,uncharacterized LOC121150592,ncRNA,-,-,-,-,20210420,-
130825,121150593,EPC2,-,-,-,Un,-,enhancer of polycomb homolog 2,protein-coding,-,-,-,enhancer of polycomb homolog 2,20210420,-
130825,121150594,MMADHC,-,-,-,Un,-,metabolism of cobalamin associated D,protein-coding,-,-,-,cobalamin trafficking protein CblD,20210420,-
130825,121150595,RND3,-,-,-,Un,-,Rho family GTPase 3,protein-coding,-,-,-,rho-related GTP-binding protein RhoE,20210501,-
130825,121150596,AFF4,-,-,-,Un,-,AF4/FMR2 family member 4,protein-coding,-,-,-,AF4/FMR2 family member 4,20210420,-
130825,121150597,NMI,-,-,-,Un,-,N-myc and STAT interactor,protein-coding,-,-,-,N-myc-interactor,20210420,-
130825,121150598,RIF1,-,-,-,Un,-,replication timing regulatory factor 1,protein-coding,-,-,-,telomere-associated protein RIF1,20210420,-
130825,121150599,NEB,-,-,-,Un,-,nebulin,protein-coding,-,-,-,nebulin,20210420,-
130825,121150600,LOC121150600,-,-,-,Un,-,uncharacterized LOC121150600,ncRNA,-,-,-,-,20210420,-
130825,121150601,ARL5A,-,-,-,Un,-,ADP ribosylation factor like GTPase 5A,protein-coding,-,-,-,ADP-ribosylation factor-like protein 5A,20210529,-
130825,121150602,CACNB4,-,-,-,Un,-,calcium voltage-gated channel auxiliary subunit beta 4,protein-coding,-,-,-,voltage-dependent L-type calcium channel subunit beta-4,20210420,-
130825,121150603,STAM2,-,-,-,Un,-,signal transducing adaptor molecule 2,protein-coding,-,-,-,signal transducing adapter molecule 2,20210420,-
130825,121150604,FMNL2,-,-,-,Un,-,formin like 2,protein-coding,-,-,-,formin-like protein 2,20210420,-
130825,121150605,PRPF40A,-,-,-,Un,-,pre-mRNA processing factor 40 homolog A,protein-coding,-,-,-,pre-mRNA-processing factor 40 homolog A,20210420,-
130825,121150606,ARL6IP6,-,-,-,Un,-,ADP ribosylation factor like GTPase 6 interacting protein 6,protein-coding,-,-,-,ADP-ribosylation factor-like protein 6-interacting protein 6,20210420,-
130825,121150607,LEAP2,-,-,-,Un,-,liver enriched antimicrobial peptide 2,protein-coding,-,-,-,liver-expressed antimicrobial peptide 2,20210420,-
130825,121150608,GPD2,-,-,-,Un,-,glycerol-3-phosphate dehydrogenase 2,protein-coding,-,-,-,"glycerol-3-phosphate dehydrogenase, mitochondrial",20210420,-
130825,121150609,LOC121150609,-,-,-,Un,-,cytohesin 1 interacting protein,protein-coding,-,-,-,cytohesin-interacting protein,20210420,-
130825,121150610,ACVR1,-,-,-,Un,-,activin A receptor type 1,protein-coding,-,-,-,activin receptor type-1,20210420,-
130825,121150611,PKP4,-,-,-,Un,-,plakophilin 4,protein-coding,-,-,-,plakophilin-4,20210420,-
130825,121150612,WDR55,-,-,-,Un,-,WD repeat domain 55,protein-coding,-,-,-,WD repeat-containing protein 55,20210420,-
130825,121150613,HSPA4,-,-,-,Un,-,heat shock protein family A (Hsp70) member 4,protein-coding,-,-,-,heat shock 70 kDa protein 4,20210420,-
130825,121150614,WDSUB1,-,-,-,Un,-,"WD repeat, sterile alpha motif and U-box domain containing 1",protein-coding,-,-,-,"WD repeat, SAM and U-box domain-containing protein 1",20210420,-
130825,121150615,BAZ2B,-,-,-,Un,-,bromodomain adjacent to zinc finger domain 2B,protein-coding,-,-,-,bromodomain adjacent to zinc finger domain protein 2B,20210420,-
130825,121150616,LY75,-,-,-,Un,-,lymphocyte antigen 75,protein-coding,-,-,-,lymphocyte antigen 75,20210420,-
130825,121150617,MARCHF7,-,-,-,Un,-,membrane associated ring-CH-type finger 7,protein-coding,-,-,-,E3 ubiquitin-protein ligase MARCHF7,20210420,-
130825,121150618,CD302,-,-,-,Un,-,CD302 molecule,protein-coding,-,-,-,CD302 antigen,20210420,-
130825,121150619,RBMS1,-,-,-,Un,-,RNA binding motif single stranded interacting protein 1,protein-coding,-,-,-,"RNA-binding motif, single-stranded-interacting protein 1",20210420,-
130825,121150620,LOC121150620,-,-,-,Un,-,40S ribosomal protein S15-like,pseudo,-,-,-,-,20210420,-
130825,121150621,TANK,-,-,-,Un,-,TRAF family member associated NFKB activator,protein-coding,-,-,-,TRAF family member-associated NF-kappa-B activator,20210420,-
130825,121150622,PSMD14,-,-,-,Un,-,"proteasome 26S subunit, non-ATPase 14",protein-coding,-,-,-,26S proteasome non-ATPase regulatory subunit 14,20210424,-
130825,121150623,LOC121150623,-,-,-,Un,-,"HIG1 domain family member 1A, mitochondrial-like",protein-coding,-,-,-,"HIG1 domain family member 1A, mitochondrial-like",20210420,-
130825,121150624,CUNH5orf15,-,-,-,Un,-,chromosome unknown C5orf15 homolog,protein-coding,-,-,-,keratinocyte-associated transmembrane protein 2,20210420,-
130825,121150625,SLC4A10,-,-,-,Un,-,solute carrier family 4 member 10,protein-coding,-,-,-,sodium-driven chloride bicarbonate exchanger,20210420,-
130825,121150626,DPP4,-,-,-,Un,-,dipeptidyl peptidase 4,protein-coding,-,-,-,dipeptidyl peptidase 4,20210420,-
130825,121150627,IFIH1,-,-,-,Un,-,interferon induced with helicase C domain 1,protein-coding,-,-,-,interferon-induced helicase C domain-containing protein 1,20210420,-
130825,121150628,LOC121150628,-,-,-,Un,-,uncharacterized LOC121150628,ncRNA,-,-,-,-,20210420,-
130825,121150629,GCA,-,-,-,Un,-,grancalcin,protein-coding,-,-,-,grancalcin,20210420,-
130825,121150630,TCF7,-,-,-,Un,-,transcription factor 7,protein-coding,-,-,-,transcription factor 7,20210420,-
130825,121150631,LOC121150631,-,-,-,Un,-,uncharacterized LOC121150631,ncRNA,-,-,-,-,20210420,-
130825,121150632,KCNH7,-,-,-,Un,-,potassium voltage-gated channel subfamily H member 7,protein-coding,-,-,-,potassium voltage-gated channel subfamily H member 7,20210420,-
130825,121150633,LOC121150633,-,-,-,Un,-,COMM domain-containing protein 8-like,pseudo,-,-,-,-,20210420,-
130825,121150634,FIGN,-,-,-,Un,-,"fidgetin, microtubule severing factor",protein-coding,-,-,-,fidgetin,20210420,-
130825,121150635,GALNT3,-,-,-,Un,-,polypeptide N-acetylgalactosaminyltransferase 3,protein-coding,-,-,-,polypeptide N-acetylgalactosaminyltransferase 3,20210420,-
130825,121150636,TTC21B,-,-,-,Un,-,tetratricopeptide repeat domain 21B,protein-coding,-,-,-,tetratricopeptide repeat protein 21B,20210420,-
130825,121150637,SCN1A,-,-,-,Un,-,sodium voltage-gated channel alpha subunit 1,protein-coding,-,-,-,sodium channel protein type 1 subunit alpha,20210420,-
130825,121150638,LOC121150638,-,-,-,Un,-,uncharacterized LOC121150638,ncRNA,-,-,-,-,20210420,-
130825,121150639,XIRP2,-,-,-,Un,-,xin actin binding repeat containing 2,protein-coding,-,-,-,xin actin-binding repeat-containing protein 2,20210420,-
130825,121150640,LOC121150640,-,-,-,Un,-,"fatty acid-binding protein, heart-like",pseudo,-,-,-,-,20210420,-
130825,121150641,STK39,-,-,-,Un,-,serine/threonine kinase 39,protein-coding,-,-,-,STE20/SPS1-related proline-alanine-rich protein kinase,20210420,-
130825,121150642,CERS6,-,-,-,Un,-,ceramide synthase 6,protein-coding,-,-,-,ceramide synthase 6,20210420,-
130825,121150643,LOC121150643,-,-,-,Un,-,uncharacterized LOC121150643,ncRNA,-,-,-,-,20210420,-
130825,121150644,DHRS9,-,-,-,Un,-,dehydrogenase/reductase 9,protein-coding,-,-,-,dehydrogenase/reductase SDR family member 9,20210420,-
130825,121150645,LRP2,-,-,-,Un,-,LDL receptor related protein 2,protein-coding,-,-,-,low-density lipoprotein receptor-related protein 2,20210420,-
130825,121150646,KLHL41,-,-,-,Un,-,kelch like family member 41,protein-coding,-,-,-,kelch-like protein 41,20210420,-
130825,121150647,BBS5,-,-,-,Un,-,Bardet-Biedl syndrome 5,protein-coding,-,-,-,Bardet-Biedl syndrome 5 protein,20210420,-
130825,121150648,FASTKD1,-,-,-,Un,-,FAST kinase domains 1,protein-coding,-,-,-,"FAST kinase domain-containing protein 1, mitochondrial",20210420,-
130825,121150649,PPIG,-,-,-,Un,-,peptidylprolyl isomerase G,protein-coding,-,-,-,peptidyl-prolyl cis-trans isomerase G,20210420,-
130825,121150650,PHOSPHO2,-,-,-,Un,-,"phosphatase, orphan 2",protein-coding,-,-,-,pyridoxal phosphate phosphatase PHOSPHO2,20210420,-
130825,121150651,SSB,-,-,-,Un,-,small RNA binding exonuclease protection factor La,protein-coding,-,-,-,lupus La protein,20210420,-
130825,121150652,METTL5,-,-,-,Un,-,"methyltransferase 5, N6-adenosine",protein-coding,-,-,-,rRNA N6-adenosine-methyltransferase METTL5|methyltransferase like 5,20210519,-
130825,121150653,UBR3,-,-,-,Un,-,ubiquitin protein ligase E3 component n-recognin 3,protein-coding,-,-,-,E3 ubiquitin-protein ligase UBR3,20210420,-
130825,121150654,LOC121150654,-,-,-,Un,-,myosin-IIIb-like,protein-coding,-,-,-,myosin-IIIb-like,20210420,-
130825,121150655,GORASP2,-,-,-,Un,-,golgi reassembly stacking protein 2,protein-coding,-,-,-,Golgi reassembly-stacking protein 2,20210420,-
130825,121150656,TLK1,-,-,-,Un,-,tousled like kinase 1,protein-coding,-,-,-,serine/threonine-protein kinase tousled-like 1,20210420,-
130825,121150657,METTL8,-,-,-,Un,-,"methyltransferase 8, methylcytidine",protein-coding,-,-,-,mRNA N(3)-methylcytidine methyltransferase METTL8|methyltransferase like 8,20210519,-
130825,121150658,LOC121150658,-,-,-,Un,-,40S ribosomal protein S13-like,pseudo,-,-,-,-,20210420,-
130825,121150659,DCAF17,-,-,-,Un,-,DDB1 and CUL4 associated factor 17,protein-coding,-,-,-,DDB1- and CUL4-associated factor 17,20210420,-
130825,121150660,LOC121150660,-,-,-,Un,-,plasma membrane ascorbate-dependent reductase CYBRD1,protein-coding,-,-,-,plasma membrane ascorbate-dependent reductase CYBRD1|uncharacterized protein LOC121150660,20210420,-
130825,121150661,DYNC1I2,-,-,-,Un,-,dynein cytoplasmic 1 intermediate chain 2,protein-coding,-,-,-,cytoplasmic dynein 1 intermediate chain 2,20210420,-
130825,121150662,SLC25A12,-,-,-,Un,-,solute carrier family 25 member 12,protein-coding,-,-,-,calcium-binding mitochondrial carrier protein Aralar1,20210420,-
130825,121150663,HAT1,-,-,-,Un,-,histone acetyltransferase 1,protein-coding,-,-,-,histone acetyltransferase type B catalytic subunit,20210420,-
130825,121150664,METAP1D,-,-,-,Un,-,"methionyl aminopeptidase type 1D, mitochondrial",protein-coding,-,-,-,"methionine aminopeptidase 1D, mitochondrial",20210420,-
130825,121150665,ITGA6,-,-,-,Un,-,integrin subunit alpha 6,protein-coding,-,-,-,integrin alpha-6,20210420,-
130825,121150666,PDK1,-,-,-,Un,-,pyruvate dehydrogenase kinase 1,protein-coding,-,-,-,"pyruvate dehydrogenase (acetyl-transferring) kinase isozyme 1, mitochondrial",20210420,-
130825,121150667,RAPGEF4,-,-,-,Un,-,Rap guanine nucleotide exchange factor 4,protein-coding,-,-,-,rap guanine nucleotide exchange factor 4,20210420,-
130825,121150668,VDAC1,-,-,-,Un,-,voltage dependent anion channel 1,protein-coding,-,-,-,voltage-dependent anion-selective channel protein 1,20210420,-
130825,121150669,MAP3K20,-,-,-,Un,-,mitogen-activated protein kinase kinase kinase 20,protein-coding,-,-,-,mitogen-activated protein kinase kinase kinase 20,20210420,-
130825,121150670,LOC121150670,-,-,-,Un,-,uncharacterized LOC121150670,ncRNA,-,-,-,-,20210420,-
130825,121150671,CDCA7,-,-,-,Un,-,cell division cycle associated 7,protein-coding,-,-,-,cell division cycle-associated protein 7,20210420,-
130825,121150672,SP3,-,-,-,Un,-,Sp3 transcription factor,protein-coding,-,-,-,transcription factor Sp3,20210420,-
130825,121150673,OLA1,-,-,-,Un,-,Obg like ATPase 1,protein-coding,-,-,-,obg-like ATPase 1,20210522,-
130825,121150674,CIR1,-,-,-,Un,-,"corepressor interacting with RBPJ, CIR1",protein-coding,-,-,-,corepressor interacting with RBPJ 1,20210420,-
130825,121150675,GPR155,-,-,-,Un,-,G protein-coupled receptor 155,protein-coding,-,-,-,integral membrane protein GPR155,20210420,-
130825,121150676,SCRN3,-,-,-,Un,-,secernin 3,protein-coding,-,-,-,secernin-3,20210420,-
130825,121150677,LOC121150677,-,-,-,Un,-,WAS/WASL-interacting protein family member 1,protein-coding,-,-,-,WAS/WASL-interacting protein family member 1,20210420,-
130825,121150678,CHN1,-,-,-,Un,-,chimerin 1,protein-coding,-,-,-,N-chimaerin,20210420,-
130825,121150679,ATF2,-,-,-,Un,-,activating transcription factor 2,protein-coding,-,-,-,cyclic AMP-dependent transcription factor ATF-2,20210420,-
130825,121150680,SKP1,-,-,-,Un,-,S-phase kinase associated protein 1,protein-coding,-,-,-,S-phase kinase-associated protein 1,20210501,-
130825,121150681,ATP5MC3,-,-,-,Un,-,ATP synthase membrane subunit c locus 3,protein-coding,-,-,-,"ATP synthase F(0) complex subunit C3, mitochondrial",20210420,-
130825,121150682,LNPK,-,-,-,Un,-,"lunapark, ER junction formation factor",protein-coding,-,-,-,endoplasmic reticulum junction formation protein lunapark,20210420,-
130825,121150683,MTX2,-,-,-,Un,-,metaxin 2,protein-coding,-,-,-,metaxin-2,20210420,-
130825,121150684,HNRNPA3,-,-,-,Un,-,heterogeneous nuclear ribonucleoprotein A3,protein-coding,-,-,-,heterogeneous nuclear ribonucleoprotein A3,20210420,-
130825,121150685,NFE2L2,-,-,-,Un,-,"nuclear factor, erythroid 2 like 2",protein-coding,-,-,-,nuclear factor erythroid 2-related factor 2,20210420,-
130825,121150686,PPP2CA,-,-,-,Un,-,protein phosphatase 2 catalytic subunit alpha,protein-coding,-,-,-,serine/threonine-protein phosphatase 2A catalytic subunit alpha isoform,20210424,-
130825,121150687,AGPS,-,-,-,Un,-,alkylglycerone phosphate synthase,protein-coding,-,-,-,"alkyldihydroxyacetonephosphate synthase, peroxisomal",20210420,-
130825,121150688,TTC30B,-,-,-,Un,-,tetratricopeptide repeat domain 30B,protein-coding,-,-,-,tetratricopeptide repeat protein 30B,20210420,-
130825,121150689,PDE11A,-,-,-,Un,-,phosphodiesterase 11A,protein-coding,-,-,-,"dual 3',5'-cyclic-AMP and -GMP phosphodiesterase 11A",20210420,-
130825,121150690,LOC121150690,-,-,-,Un,-,tetratricopeptide repeat protein 30B-like,protein-coding,-,-,-,tetratricopeptide repeat protein 30B-like,20210420,-
130825,121150691,LOC121150691,-,-,-,Un,-,nucleophosmin-like,protein-coding,-,-,-,nucleophosmin-like,20210420,-
130825,121150692,LOC121150692,-,-,-,Un,-,"cytochrome c, testis-specific",protein-coding,-,-,-,"cytochrome c, testis-specific",20210420,-
130825,121150693,RBM45,-,-,-,Un,-,RNA binding motif protein 45,protein-coding,-,-,-,RNA-binding protein 45,20210420,-
130825,121150694,CDKL3,-,-,-,Un,-,cyclin dependent kinase like 3,protein-coding,-,-,-,cyclin-dependent kinase-like 3,20210420,-
130825,121150695,PLEKHA3,-,-,-,Un,-,pleckstrin homology domain containing A3,protein-coding,-,-,-,pleckstrin homology domain-containing family A member 3,20210420,-
130825,121150696,TTN,-,-,-,Un,-,titin,protein-coding,-,-,-,titin,20210420,-
130825,121150697,SESTD1,-,-,-,Un,-,SEC14 and spectrin domain containing 1,protein-coding,-,-,-,SEC14 domain and spectrin repeat-containing protein 1,20210420,-
130825,121150698,CWC22,-,-,-,Un,-,CWC22 spliceosome associated protein homolog,protein-coding,-,-,-,pre-mRNA-splicing factor CWC22 homolog,20210420,-
130825,121150699,UBE2E3,-,-,-,Un,-,ubiquitin conjugating enzyme E2 E3,protein-coding,-,-,-,ubiquitin-conjugating enzyme E2 E3,20210424,-
130825,121150700,LOC121150700,-,-,-,Un,-,uncharacterized LOC121150700,ncRNA,-,-,-,-,20210420,-
130825,121150701,LOC121150701,-,-,-,Un,-,uncharacterized LOC121150701,ncRNA,-,-,-,-,20210420,-
130825,121150702,ITGA4,-,-,-,Un,-,integrin subunit alpha 4,protein-coding,-,-,-,integrin alpha-4,20210420,-
130825,121150703,CERKL,-,-,-,Un,-,ceramide kinase like,protein-coding,-,-,-,ceramide kinase-like protein,20210420,-
130825,121150704,LOC121150704,-,-,-,Un,-,uncharacterized LOC121150704,ncRNA,-,-,-,-,20210420,-
130825,121150705,ITPRID2,-,-,-,Un,-,ITPR interacting domain containing 2,protein-coding,-,-,-,protein ITPRID2,20210420,-
130825,121150706,UBE2B,-,-,-,Un,-,ubiquitin conjugating enzyme E2 B,protein-coding,-,-,-,ubiquitin-conjugating enzyme E2 B,20210529,-
130825,121150707,DNAJC10,-,-,-,Un,-,DnaJ heat shock protein family (Hsp40) member C10,protein-coding,-,-,-,dnaJ homolog subfamily C member 10,20210420,-
130825,121150708,NCKAP1,-,-,-,Un,-,NCK associated protein 1,protein-coding,-,-,-,nck-associated protein 1,20210522,-
130825,121150709,DND1,-,-,-,Un,-,DND microRNA-mediated repression inhibitor 1,protein-coding,-,-,-,dead end protein homolog 1,20210420,-
130825,121150710,NUP35,-,-,-,Un,-,nucleoporin 35,protein-coding,-,-,-,nucleoporin NUP35,20210420,-
130825,121150711,LOC121150711,-,-,-,Un,-,small integral membrane protein 15,protein-coding,-,-,-,small integral membrane protein 15,20210420,-
130825,121150712,ZC3H15,-,-,-,Un,-,zinc finger CCCH-type containing 15,protein-coding,-,-,-,zinc finger CCCH domain-containing protein 15,20210420,-
130825,121150713,ITGAV,-,-,-,Un,-,integrin subunit alpha V,protein-coding,-,-,-,integrin alpha-V,20210420,-
130825,121150714,CALCRL,-,-,-,Un,-,calcitonin receptor like receptor,protein-coding,-,-,-,calcitonin gene-related peptide type 1 receptor,20210420,-
130825,121150715,TFPI,-,-,-,Un,-,tissue factor pathway inhibitor,protein-coding,-,-,-,tissue factor pathway inhibitor,20210420,-
130825,121150716,COL3A1,-,-,-,Un,-,collagen type III alpha 1 chain,protein-coding,-,-,-,collagen alpha-1(III) chain,20210420,-
130825,121150717,COL5A2,-,-,-,Un,-,collagen type V alpha 2 chain,protein-coding,-,-,-,collagen alpha-2(V) chain,20210420,-
130825,121150718,WDR75,-,-,-,Un,-,WD repeat domain 75,protein-coding,-,-,-,WD repeat-containing protein 75,20210420,-
130825,121150719,SLC40A1,-,-,-,Un,-,solute carrier family 40 member 1,protein-coding,-,-,-,solute carrier family 40 member 1,20210420,-
130825,121150720,ASNSD1,-,-,-,Un,-,asparagine synthetase domain containing 1,protein-coding,-,-,-,asparagine synthetase domain-containing protein 1,20210420,-
130825,121150721,ASDURF,-,-,-,Un,-,ASNSD1 upstream open reading frame,protein-coding,-,-,-,ASNSD1 upstream open reading frame protein,20210420,-
130825,121150722,CDKN2AIPNL,-,-,-,Un,-,CDKN2A interacting protein N-terminal like,protein-coding,-,-,-,CDKN2AIP N-terminal-like protein,20210420,-
130825,121150723,ANKAR,-,-,-,Un,-,ankyrin and armadillo repeat containing,protein-coding,-,-,-,ankyrin and armadillo repeat-containing protein,20210420,-
130825,121150724,OSGEPL1,-,-,-,Un,-,O-sialoglycoprotein endopeptidase like 1,protein-coding,-,-,-,"probable tRNA N6-adenosine threonylcarbamoyltransferase, mitochondrial",20210420,-
130825,121150725,PMS1,-,-,-,Un,-,"PMS1 homolog 1, mismatch repair system component",protein-coding,-,-,-,PMS1 protein homolog 1,20210420,-
130825,121150726,ORMDL1,-,-,-,Un,-,ORMDL sphingolipid biosynthesis regulator 1,protein-coding,-,-,-,ORM1-like protein 1,20210420,-
130825,121150727,HIBCH,-,-,-,Un,-,3-hydroxyisobutyryl-CoA hydrolase,protein-coding,-,-,-,"3-hydroxyisobutyryl-CoA hydrolase, mitochondrial",20210420,-
130825,121150728,CUNH2orf88,-,-,-,Un,-,chromosome unknown C2orf88 homolog,protein-coding,-,-,-,small membrane A-kinase anchor protein,20210420,-
130825,121150729,JADE2,-,-,-,Un,-,jade family PHD finger 2,protein-coding,-,-,-,E3 ubiquitin-protein ligase Jade-2,20210420,-
130825,121150730,INPP1,-,-,-,Un,-,inositol polyphosphate-1-phosphatase,protein-coding,-,-,-,inositol polyphosphate 1-phosphatase,20210420,-
130825,121150731,MFSD6,-,-,-,Un,-,major facilitator superfamily domain containing 6,protein-coding,-,-,-,major facilitator superfamily domain-containing protein 6,20210420,-
130825,121150732,NEMP2,-,-,-,Un,-,nuclear envelope integral membrane protein 2,protein-coding,-,-,-,nuclear envelope integral membrane protein 2,20210420,-
130825,121150733,NAB1,-,-,-,Un,-,NGFI-A binding protein 1,protein-coding,-,-,-,NGFI-A-binding protein 1,20210420,-
130825,121150734,LOC121150734,-,-,-,Un,-,uncharacterized LOC121150734,ncRNA,-,-,-,-,20210420,-
130825,121150735,STAT1,-,-,-,Un,-,signal transducer and activator of transcription 1,protein-coding,-,-,-,signal transducer and activator of transcription 1-alpha/beta,20210420,-
130825,121150736,GLS,-,-,-,Un,-,glutaminase,protein-coding,-,-,-,"glutaminase kidney isoform, mitochondrial",20210425,-
130825,121150737,LOC121150737,-,-,-,Un,-,uncharacterized LOC121150737,ncRNA,-,-,-,-,20210420,-
130825,121150738,STAT4,-,-,-,Un,-,signal transducer and activator of transcription 4,protein-coding,-,-,-,signal transducer and activator of transcription 4,20210420,-
130825,121150739,MYO1B,-,-,-,Un,-,myosin IB,protein-coding,-,-,-,unconventional myosin-Ib,20210420,-
130825,121150740,NABP1,-,-,-,Un,-,nucleic acid binding protein 1,protein-coding,-,-,-,SOSS complex subunit B2,20210420,-
130825,121150741,CAVIN2,-,-,-,Un,-,caveolae associated protein 2,protein-coding,-,-,-,caveolae-associated protein 2,20210420,-
130825,121150742,DNAH7,-,-,-,Un,-,dynein axonemal heavy chain 7,protein-coding,-,-,-,"dynein heavy chain 7, axonemal",20210420,-
130825,121150743,SLC39A10,-,-,-,Un,-,solute carrier family 39 member 10,protein-coding,-,-,-,zinc transporter ZIP10,20210420,-
130825,121150744,STK17B,-,-,-,Un,-,serine/threonine kinase 17b,protein-coding,-,-,-,serine/threonine-protein kinase 17B,20210420,-
130825,121150745,HECW2,-,-,-,Un,-,"HECT, C2 and WW domain containing E3 ubiquitin protein ligase 2",protein-coding,-,-,-,E3 ubiquitin-protein ligase HECW2,20210420,-
130825,121150746,CCDC150,-,-,-,Un,-,coiled-coil domain containing 150,protein-coding,-,-,-,coiled-coil domain-containing protein 150,20210420,-
130825,121150747,GTF3C3,-,-,-,Un,-,general transcription factor IIIC subunit 3,protein-coding,-,-,-,general transcription factor 3C polypeptide 3,20210420,-
130825,121150748,CUNH2orf66,-,-,-,Un,-,chromosome unknown C2orf66 homolog,protein-coding,-,-,-,uncharacterized protein C2orf66 homolog,20210420,-
130825,121150749,PGAP1,-,-,-,Un,-,post-GPI attachment to proteins inositol deacylase 1,protein-coding,-,-,-,GPI inositol-deacylase,20210420,-
130825,121150750,ANKRD44,-,-,-,Un,-,ankyrin repeat domain 44,protein-coding,-,-,-,serine/threonine-protein phosphatase 6 regulatory ankyrin repeat subunit B,20210420,-
130825,121150751,SAR1B,-,-,-,Un,-,secretion associated Ras related GTPase 1B,protein-coding,-,-,-,GTP-binding protein SAR1b,20210420,-
130825,121150752,LOC121150752,-,-,-,Un,-,60S ribosomal protein L27-like,pseudo,-,-,-,-,20210420,-
130825,121150753,LOC121150753,-,-,-,Un,-,uncharacterized LOC121150753,ncRNA,-,-,-,-,20210420,-
130825,121150754,SF3B1,-,-,-,Un,-,splicing factor 3b subunit 1,protein-coding,-,-,-,splicing factor 3B subunit 1,20210420,-
130825,121150755,HSPD1,-,-,-,Un,-,heat shock protein family D (Hsp60) member 1,protein-coding,-,-,-,"60 kDa heat shock protein, mitochondrial",20210420,-
130825,121150756,COQ10B,-,-,-,Un,-,coenzyme Q10B,protein-coding,-,-,-,"coenzyme Q-binding protein COQ10 homolog B, mitochondrial",20210420,-
130825,121150757,SEC24A,-,-,-,Un,-,"SEC24 homolog A, COPII coat complex component",protein-coding,-,-,-,protein transport protein Sec24A,20210420,-
130825,121150758,MOB4,-,-,-,Un,-,"MOB family member 4, phocein",protein-coding,-,-,-,MOB-like protein phocein,20210605,-
130825,121150759,HSPE1,-,-,-,Un,-,heat shock protein family E (Hsp10) member 1,protein-coding,-,-,-,"10 kDa heat shock protein, mitochondrial",20210522,-
130825,121150760,RFTN2,-,-,-,Un,-,raftlin family member 2,protein-coding,-,-,-,raftlin-2,20210420,-
130825,121150761,MARS2,-,-,-,Un,-,"methionyl-tRNA synthetase 2, mitochondrial",protein-coding,-,-,-,"methionine--tRNA ligase, mitochondrial",20210420,-
130825,121150762,BOLL,-,-,-,Un,-,"boule homolog, RNA binding protein",protein-coding,-,-,-,protein boule-like,20210420,-
130825,121150763,PLCL1,-,-,-,Un,-,phospholipase C like 1 (inactive),protein-coding,-,-,-,inactive phospholipase C-like protein 1,20210420,-
130825,121150764,CUNH2orf69,-,-,-,Un,-,chromosome unknown C2orf69 homolog,protein-coding,-,-,-,UPF0565 protein C2orf69 homolog,20210420,-
130825,121150765,TYW5,-,-,-,Un,-,tRNA-yW synthesizing protein 5,protein-coding,-,-,-,tRNA wybutosine-synthesizing protein 5,20210420,-
130825,121150766,MAIP1,-,-,-,Un,-,matrix AAA peptidase interacting protein 1,protein-coding,-,-,-,"m-AAA protease-interacting protein 1, mitochondrial",20210420,-
130825,121150767,SPATS2L,-,-,-,Un,-,spermatogenesis associated serine rich 2 like,protein-coding,-,-,-,SPATS2-like protein,20210420,-
130825,121150768,KCTD18,-,-,-,Un,-,potassium channel tetramerization domain containing 18,protein-coding,-,-,-,BTB/POZ domain-containing protein KCTD18,20210420,-
130825,121150769,IK,-,-,-,Un,-,IK cytokine,protein-coding,-,-,-,protein Red,20210420,-
130825,121150770,SGO2,-,-,-,Un,-,shugoshin 2,protein-coding,-,-,-,shugoshin 2,20210420,-
130825,121150771,LOC121150771,-,-,-,Un,-,heat shock cognate 71 kDa protein-like,pseudo,-,-,-,-,20210420,-
130825,121150772,AOX1,-,-,-,Un,-,aldehyde oxidase 1,protein-coding,-,-,-,aldehyde oxidase,20210420,-
130825,121150773,LOC121150773,-,-,-,Un,-,aldehyde oxidase 2,protein-coding,-,-,-,aldehyde oxidase 2,20210420,-
130825,121150774,LOC121150774,-,-,-,Un,-,uncharacterized LOC121150774,ncRNA,-,-,-,-,20210420,-
130825,121150775,CLK1,-,-,-,Un,-,CDC like kinase 1,protein-coding,-,-,-,dual specificity protein kinase CLK1,20210420,-
130825,121150776,CAMLG,-,-,-,Un,-,calcium modulating ligand,protein-coding,-,-,-,calcium signal-modulating cyclophilin ligand,20210420,-
130825,121150777,BZW1,-,-,-,Un,-,basic leucine zipper and W2 domains 1,protein-coding,-,-,-,basic leucine zipper and W2 domain-containing protein 1,20210522,-
130825,121150778,NIF3L1,-,-,-,Un,-,NGG1 interacting factor 3 like 1,protein-coding,-,-,-,NIF3-like protein 1,20210420,-
130825,121150779,PPIL3,-,-,-,Un,-,peptidylprolyl isomerase like 3,protein-coding,-,-,-,peptidyl-prolyl cis-trans isomerase-like 3,20210424,-
130825,121150780,LOC121150780,-,-,-,Un,-,uncharacterized LOC121150780,ncRNA,-,-,-,-,20210420,-
130825,121150781,ORC2,-,-,-,Un,-,origin recognition complex subunit 2,protein-coding,-,-,-,origin recognition complex subunit 2,20210420,-
130825,121150782,FAM126B,-,-,-,Un,-,family with sequence similarity 126 member B,protein-coding,-,-,-,protein FAM126B,20210420,-
130825,121150783,NDUFB3,-,-,-,Un,-,NADH:ubiquinone oxidoreductase subunit B3,protein-coding,-,-,-,NADH dehydrogenase [ubiquinone] 1 beta subcomplex subunit 3,20210420,-
130825,121150784,CFLAR,-,-,-,Un,-,CASP8 and FADD like apoptosis regulator,protein-coding,-,-,-,CASP8 and FADD-like apoptosis regulator,20210420,-
130825,121150785,DDX46,-,-,-,Un,-,DEAD-box helicase 46,protein-coding,-,-,-,probable ATP-dependent RNA helicase DDX46,20210420,-
130825,121150786,LOC121150786,-,-,-,Un,-,GTP-binding protein 10-like,pseudo,-,-,-,-,20210420,-
130825,121150787,LOC121150787,-,-,-,Un,-,nucleoside diphosphate kinase homolog 5-like,pseudo,-,-,-,-,20210420,-
130825,121150788,LOC121150788,-,-,-,Un,-,elongin-C-like,pseudo,-,-,-,-,20210420,-
130825,121150789,LOC121150789,-,-,-,Un,-,replication termination factor 2-like,pseudo,-,-,-,-,20210420,-
130825,121150790,LOC121150790,-,-,-,Un,-,E3 ubiquitin-protein ligase KCMF1-like,pseudo,-,-,-,-,20210420,-
130825,121150791,LOC121150791,-,-,-,Un,-,"adenylate kinase 4, mitochondrial-like",pseudo,-,-,-,-,20210420,-
130825,121150792,LOC121150792,-,-,-,Un,-,60S ribosomal protein L26-like,pseudo,-,-,-,-,20210420,-
130825,121150793,LOC121150793,-,-,-,Un,-,myc proto-oncogene protein-like,pseudo,-,-,-,-,20210420,-
130825,121150794,LOC121150794,-,-,-,Un,-,interleukin enhancer-binding factor 2-like,pseudo,-,-,-,-,20210420,-
130825,121150795,LOC121150795,-,-,-,Un,-,40S ribosomal protein S27-like,pseudo,-,-,-,-,20210420,-
130825,121150796,LOC121150796,-,-,-,Un,-,small nuclear ribonucleoprotein G-like,pseudo,-,-,-,-,20210420,-
130825,121150797,LOC121150797,-,-,-,Un,-,ubiquitin-60S ribosomal protein L40-like,pseudo,-,-,-,-,20210420,-
130825,121150798,LOC121150798,-,-,-,Un,-,U6 snRNA-associated Sm-like protein LSm7,pseudo,-,-,-,-,20210420,-
130825,121150799,GPR39,-,-,-,Un,-,G protein-coupled receptor 39,protein-coding,-,-,-,G-protein coupled receptor 39,20210420,-
130825,121150800,LOC121150800,-,-,-,Un,-,transmembrane protein 258-like,protein-coding,-,-,-,transmembrane protein 258-like,20210420,-
130825,121150801,LOC121150801,-,-,-,Un,-,peptidyl-prolyl cis-trans isomerase A-like,pseudo,-,-,-,-,20210420,-
130825,121150802,LOC121150802,-,-,-,Un,-,"cytochrome c, somatic-like",pseudo,-,-,-,-,20210420,-
130825,121150803,NXPH2,-,-,-,Un,-,neurexophilin 2,protein-coding,-,-,-,neurexophilin-2,20210420,-
130825,121150804,LRP1B,-,-,-,Un,-,LDL receptor related protein 1B,protein-coding,-,-,-,low-density lipoprotein receptor-related protein 1B,20210420,-
130825,121150805,LOC121150805,-,-,-,Un,-,S-methyl-5'-thioadenosine phosphorylase-like,pseudo,-,-,-,-,20210420,-
130825,121150806,LOC121150806,-,-,-,Un,-,vitamin K epoxide reductase complex subunit 1-like,pseudo,-,-,-,-,20210420,-
130825,121150807,LOC121150807,-,-,-,Un,-,rRNA 2'-O-methyltransferase fibrillarin-like,pseudo,-,-,-,-,20210420,-
130825,121150808,LOC121150808,-,-,-,Un,-,"palmitoyl-protein thioesterase ABHD10, mitochondrial-like",pseudo,-,-,-,-,20210420,-
130825,121150809,LOC121150809,-,-,-,Un,-,RNA-binding protein Raly-like,pseudo,-,-,-,-,20210420,-
130825,121150810,LOC121150810,-,-,-,Un,-,ubiquitin-conjugating enzyme E2 variant 1-like,pseudo,-,-,-,-,20210420,-
130825,121150811,RBM43,-,-,-,Un,-,RNA binding motif protein 43,protein-coding,-,-,-,RNA-binding protein 43,20210420,-
130825,121150812,LOC121150812,-,-,-,Un,-,40S ribosomal protein S6-like,pseudo,-,-,-,-,20210420,-
130825,121150813,LOC121150813,-,-,-,Un,-,"RNA-binding motif protein, X-linked 2-like",pseudo,-,-,-,-,20210420,-
130825,121150814,LOC121150814,-,-,-,Un,-,KATNB1-like protein 1,pseudo,-,-,-,-,20210420,-
130825,121150815,LOC121150815,-,-,-,Un,-,peroxisomal membrane protein 11B-like,pseudo,-,-,-,-,20210420,-
130825,121150816,GALNT5,-,-,-,Un,-,polypeptide N-acetylgalactosaminyltransferase 5,protein-coding,-,-,-,polypeptide N-acetylgalactosaminyltransferase 5,20210420,-
130825,121150817,UPP2,-,-,-,Un,-,uridine phosphorylase 2,protein-coding,-,-,-,LOW QUALITY PROTEIN: uridine phosphorylase 2,20210420,-
130825,121150818,CCDC148,-,-,-,Un,-,coiled-coil domain containing 148,protein-coding,-,-,-,coiled-coil domain-containing protein 148,20210420,-
130825,121150819,TANC1,-,-,-,Un,-,"tetratricopeptide repeat, ankyrin repeat and coiled-coil containing 1",protein-coding,-,-,-,protein TANC1,20210420,-
130825,121150820,PLA2R1,-,-,-,Un,-,phospholipase A2 receptor 1,protein-coding,-,-,-,secretory phospholipase A2 receptor,20210420,-
130825,121150821,COBLL1,-,-,-,Un,-,cordon-bleu WH2 repeat protein like 1,protein-coding,-,-,-,cordon-bleu protein-like 1,20210420,-
130825,121150822,SCN7A,-,-,-,Un,-,sodium voltage-gated channel alpha subunit 7,protein-coding,-,-,-,sodium channel protein type 7 subunit alpha,20210420,-
130825,121150823,LOC121150823,-,-,-,Un,-,"ATP synthase subunit g, mitochondrial-like",protein-coding,-,-,-,"ATP synthase subunit g, mitochondrial-like",20210420,-
130825,121150824,LOC121150824,-,-,-,Un,-,60S ribosomal protein L28-like,pseudo,-,-,-,-,20210420,-
130825,121150825,LOC121150825,-,-,-,Un,-,proline-rich protein HaeIII subfamily 1-like,protein-coding,-,-,-,proline-rich protein HaeIII subfamily 1-like,20210420,-
130825,121150826,HOXD1,-,-,-,Un,-,homeobox D1,protein-coding,-,-,-,homeobox protein Hox-D1,20210420,-
130825,121150827,CUNH5orf24,-,-,-,Un,-,chromosome unknown C5orf24 homolog,protein-coding,-,-,-,UPF0461 protein C5orf24 homolog,20210420,-
130825,121150828,LOC121150828,-,-,-,Un,-,ribose-5-phosphate isomerase-like,pseudo,-,-,-,-,20210420,-
130825,121150829,CCDC141,-,-,-,Un,-,coiled-coil domain containing 141,protein-coding,-,-,-,coiled-coil domain-containing protein 141,20210420,-
130825,121150830,LOC121150830,-,-,-,Un,-,heterogeneous nuclear ribonucleoproteins C1/C2-like,pseudo,-,-,-,-,20210420,-
130825,121150831,LOC121150831,-,-,-,Un,-,heat shock cognate 71 kDa protein-like,pseudo,-,-,-,-,20210420,-
130825,121150832,LOC121150832,-,-,-,Un,-,leucine-rich repeat-containing protein 37A3-like,protein-coding,-,-,-,LOW QUALITY PROTEIN: leucine-rich repeat-containing protein 37A3-like,20210420,-
130825,121150833,LOC121150833,-,-,-,Un,-,leucine-rich repeat-containing protein 37A3-like,protein-coding,-,-,-,leucine-rich repeat-containing protein 37A3-like,20210420,-
130825,121150834,LOC121150834,-,-,-,Un,-,ras-related protein Rab-21-like,pseudo,-,-,-,-,20210420,-
130825,121150835,LOC121150835,-,-,-,Un,-,homeobox expressed in ES cells 1-like,pseudo,-,-,-,-,20210420,-
130825,121150836,FSIP2,-,-,-,Un,-,fibrous sheath interacting protein 2,protein-coding,-,-,-,fibrous sheath-interacting protein 2,20210420,-
130825,121150837,LOC121150837,-,-,-,Un,-,tubulin alpha chain-like,pseudo,-,-,-,-,20210420,-
130825,121150838,LOC121150838,-,-,-,Un,-,E3 ubiquitin-protein ligase TRIM41-like,pseudo,-,-,-,-,20210420,-
130825,121150839,LOC121150839,-,-,-,Un,-,protein SET-like,pseudo,-,-,-,-,20210420,-
130825,121150840,ACMSD,-,-,-,Un,-,aminocarboxymuconate semialdehyde decarboxylase,protein-coding,-,-,-,2-amino-3-carboxymuconate-6-semialdehyde decarboxylase,20210420,-
130825,121150841,TXNDC15,-,-,-,Un,-,thioredoxin domain containing 15,protein-coding,-,-,-,thioredoxin domain-containing protein 15,20210420,-
130825,121150842,MAP3K19,-,-,-,Un,-,mitogen-activated protein kinase kinase kinase 19,protein-coding,-,-,-,mitogen-activated protein kinase kinase kinase 19,20210420,-
130825,121150843,LOC121150843,-,-,-,Un,-,deoxynucleotidyltransferase terminal-interacting protein 1-like,pseudo,-,-,-,-,20210420,-
130825,121150844,LOC121150844,-,-,-,Un,-,protein lin-9 homolog,pseudo,-,-,-,-,20210420,-
130825,121150845,LOC121150845,-,-,-,Un,-,uncharacterized LOC121150845,ncRNA,-,-,-,-,20210420,-
130825,121150846,LOC121150846,-,-,-,Un,-,uncharacterized LOC121150846,ncRNA,-,-,-,-,20210420,-
130825,121150847,LOC121150847,-,-,-,Un,-,40S ribosomal protein S15-like,pseudo,-,-,-,-,20210420,-
130825,121150848,LOC121150848,-,-,-,Un,-,60S ribosomal protein L27-like,pseudo,-,-,-,-,20210420,-
130825,121150849,LOC121150849,-,-,-,Un,-,cyclin-dependent kinase 2-like,pseudo,-,-,-,-,20210420,-
130825,121150850,KIF5C,-,-,-,Un,-,kinesin family member 5C,protein-coding,-,-,-,kinesin heavy chain,20210420,-
130825,121150851,LYPD6B,-,-,-,Un,-,LY6/PLAUR domain containing 6B,protein-coding,-,-,-,ly6/PLAUR domain-containing protein 6B,20210420,-
130825,121150852,LYPD6,-,-,-,Un,-,LY6/PLAUR domain containing 6,protein-coding,-,-,-,ly6/PLAUR domain-containing protein 6,20210420,-
130825,121150853,TNFAIP6,-,-,-,Un,-,TNF alpha induced protein 6,protein-coding,-,-,-,tumor necrosis factor-inducible gene 6 protein,20210420,-
130825,121150854,LOC121150854,-,-,-,Un,-,uncharacterized LOC121150854,ncRNA,-,-,-,-,20210420,-
130825,121150855,RPRM,-,-,-,Un,-,"reprimo, TP53 dependent G2 arrest mediator homolog",protein-coding,-,-,-,protein reprimo,20210420,-
130825,121150856,GALNT13,-,-,-,Un,-,polypeptide N-acetylgalactosaminyltransferase 13,protein-coding,-,-,-,polypeptide N-acetylgalactosaminyltransferase 13,20210420,-
130825,121150857,PCBD2,-,-,-,Un,-,pterin-4 alpha-carbinolamine dehydratase 2,protein-coding,-,-,-,pterin-4-alpha-carbinolamine dehydratase 2,20210420,-
130825,121150858,KCNJ3,-,-,-,Un,-,potassium inwardly rectifying channel subfamily J member 3,protein-coding,-,-,-,G protein-activated inward rectifier potassium channel 1,20210420,-
130825,121150859,TMCO6,-,-,-,Un,-,transmembrane and coiled-coil domains 6,protein-coding,-,-,-,transmembrane and coiled-coil domain-containing protein 6,20210420,-
130825,121150860,LOC121150860,-,-,-,Un,-,"adenylate kinase 4, mitochondrial-like",pseudo,-,-,-,-,20210420,-
130825,121150861,NR4A2,-,-,-,Un,-,nuclear receptor subfamily 4 group A member 2,protein-coding,-,-,-,nuclear receptor subfamily 4 group A member 2,20210420,-
130825,121150862,LOC121150862,-,-,-,Un,-,uncharacterized LOC121150862,ncRNA,-,-,-,-,20210420,-
130825,121150863,LOC121150863,-,-,-,Un,-,mitochondrial import receptor subunit TOM20 homolog,pseudo,-,-,-,-,20210420,-
130825,121150864,ERMN,-,-,-,Un,-,ermin,protein-coding,-,-,-,ermin,20210420,-
130825,121150865,ACVR1C,-,-,-,Un,-,activin A receptor type 1C,protein-coding,-,-,-,activin receptor type-1C,20210420,-
130825,121150866,DAPL1,-,-,-,Un,-,death associated protein like 1,protein-coding,-,-,-,death-associated protein-like 1,20210420,-
130825,121150867,LOC121150867,-,-,-,Un,-,uncharacterized LOC121150867,ncRNA,-,-,-,-,20210420,-
130825,121150868,ITGB6,-,-,-,Un,-,integrin subunit beta 6,protein-coding,-,-,-,integrin beta-6,20210420,-
130825,121150869,TBR1,-,-,-,Un,-,T-box brain transcription factor 1,protein-coding,-,-,-,T-box brain protein 1,20210420,-
130825,121150870,GCG,-,-,-,Un,-,glucagon,protein-coding,-,-,-,pro-glucagon,20210420,-
130825,121150871,LOC121150871,-,-,-,Un,-,fibroblast activation protein alpha,protein-coding,-,-,-,prolyl endopeptidase FAP,20210420,-
130825,121150872,LOC121150872,-,-,-,Un,-,glyceraldehyde-3-phosphate dehydrogenase-like,pseudo,-,-,-,-,20210420,-
130825,121150873,GRB14,-,-,-,Un,-,growth factor receptor bound protein 14,protein-coding,-,-,-,growth factor receptor-bound protein 14,20210420,-
130825,121150874,LOC121150874,-,-,-,Un,-,uncharacterized LOC121150874,ncRNA,-,-,-,-,20210420,-
130825,121150875,SLC38A11,-,-,-,Un,-,solute carrier family 38 member 11,protein-coding,-,-,-,putative sodium-coupled neutral amino acid transporter 11,20210420,-
130825,121150876,SCN3A,-,-,-,Un,-,sodium voltage-gated channel alpha subunit 3,protein-coding,-,-,-,sodium channel protein type 3 subunit alpha,20210420,-
130825,121150877,LOC121150877,-,-,-,Un,-,core histone macro-H2A.1,protein-coding,-,-,-,core histone macro-H2A.1,20210420,-
130825,121150878,LOC121150878,-,-,-,Un,-,sodium channel protein type 2 subunit alpha,protein-coding,-,-,-,sodium channel protein type 2 subunit alpha,20210420,-
130825,121150879,CSRNP3,-,-,-,Un,-,cysteine and serine rich nuclear protein 3,protein-coding,-,-,-,cysteine/serine-rich nuclear protein 3,20210420,-
130825,121150880,SCN9A,-,-,-,Un,-,sodium voltage-gated channel alpha subunit 9,protein-coding,-,-,-,sodium channel protein type 9 subunit alpha,20210420,-
130825,121150881,B3GALT1,-,-,-,Un,-,"beta-1,3-galactosyltransferase 1",protein-coding,-,-,-,"beta-1,3-galactosyltransferase 1",20210420,-
130825,121150882,NOSTRIN,-,-,-,Un,-,nitric oxide synthase trafficking,protein-coding,-,-,-,nostrin,20210420,-
130825,121150883,SPC25,-,-,-,Un,-,SPC25 component of NDC80 kinetochore complex,protein-coding,-,-,-,kinetochore protein Spc25,20210420,-
130825,121150884,G6PC2,-,-,-,Un,-,glucose-6-phosphatase catalytic subunit 2,protein-coding,-,-,-,glucose-6-phosphatase 2,20210420,-
130825,121150885,ABCB11,-,-,-,Un,-,ATP binding cassette subfamily B member 11,protein-coding,-,-,-,bile salt export pump,20210420,-
130825,121150886,CCDC173,-,-,-,Un,-,coiled-coil domain containing 173,protein-coding,-,-,-,coiled-coil domain-containing protein 173,20210420,-
130825,121150887,LOC121150887,-,-,-,Un,-,40S ribosomal protein S11-like,pseudo,-,-,-,-,20210420,-
130825,121150888,KLHL23,-,-,-,Un,-,kelch like family member 23,protein-coding,-,-,-,kelch-like protein 23,20210420,-
130825,121150889,SP5,-,-,-,Un,-,Sp5 transcription factor,protein-coding,-,-,-,transcription factor Sp5,20210420,-
130825,121150890,ERICH2,-,-,-,Un,-,glutamate rich 2,protein-coding,-,-,-,glutamate-rich protein 2,20210420,-
130825,121150891,GAD1,-,-,-,Un,-,glutamate decarboxylase 1,protein-coding,-,-,-,glutamate decarboxylase 1,20210420,-
130825,121150892,LOC121150892,-,-,-,Un,-,uncharacterized LOC121150892,ncRNA,-,-,-,-,20210420,-
130825,121150893,DLX1,-,-,-,Un,-,distal-less homeobox 1,protein-coding,-,-,-,homeobox protein DLX-1,20210420,-
130825,121150894,DLX2,-,-,-,Un,-,distal-less homeobox 2,protein-coding,-,-,-,homeobox protein DLX-2,20210420,-
130825,121150895,LOC121150895,-,-,-,Un,-,uncharacterized LOC121150895,ncRNA,-,-,-,-,20210420,-
130825,121150896,LOC121150896,-,-,-,Un,-,uncharacterized LOC121150896,ncRNA,-,-,-,-,20210420,-
130825,121150897,LOC121150897,-,-,-,Un,-,uncharacterized LOC121150897,ncRNA,-,-,-,-,20210420,-
130825,121150898,SP9,-,-,-,Un,-,Sp9 transcription factor,protein-coding,-,-,-,transcription factor Sp9,20210420,-
130825,121150899,LOC121150899,-,-,-,Un,-,coiled-coil domain-containing protein 12-like,protein-coding,-,-,-,coiled-coil domain-containing protein 12-like,20210420,-
130825,121150900,CHRNA1,-,-,-,Un,-,cholinergic receptor nicotinic alpha 1 subunit,protein-coding,-,-,-,acetylcholine receptor subunit alpha,20210420,-
130825,121150901,LOC121150901,-,-,-,Un,-,inorganic pyrophosphatase-like,pseudo,-,-,-,-,20210420,-
130825,121150902,LOC121150902,-,-,-,Un,-,uncharacterized LOC121150902,ncRNA,-,-,-,-,20210420,-
130825,121150903,EVX2,-,-,-,Un,-,even-skipped homeobox 2,protein-coding,-,-,-,homeobox even-skipped homolog protein 2,20210420,-
130825,121150904,HOXD13,-,-,-,Un,-,homeobox D13,protein-coding,-,-,-,homeobox protein Hox-D13,20210420,-
130825,121150905,TIFAB,-,-,-,Un,-,TIFA inhibitor,protein-coding,-,-,-,TRAF-interacting protein with FHA domain-containing protein B,20210420,-
130825,121150906,HOXD12,-,-,-,Un,-,homeobox D12,protein-coding,-,-,-,homeobox protein Hox-D12,20210420,-
130825,121150907,HOXD11,-,-,-,Un,-,homeobox D11,protein-coding,-,-,-,homeobox protein Hox-D11,20210420,-
130825,121150908,HOXD10,-,-,-,Un,-,homeobox D10,protein-coding,-,-,-,homeobox protein Hox-D10,20210420,-
130825,121150909,HOXD3,-,-,-,Un,-,homeobox D3,protein-coding,-,-,-,homeobox protein Hox-D3,20210420,-
130825,121150910,HOXD9,-,-,-,Un,-,homeobox D9,protein-coding,-,-,-,homeobox protein Hox-D9,20210420,-
130825,121150911,HOXD8,-,-,-,Un,-,homeobox D8,protein-coding,-,-,-,homeobox protein Hox-D8,20210420,-
130825,121150912,HOXD4,-,-,-,Un,-,homeobox D4,protein-coding,-,-,-,homeobox protein Hox-D4,20210420,-
130825,121150913,LOC121150913,-,-,-,Un,-,TP53-regulated inhibitor of apoptosis 1-like,pseudo,-,-,-,-,20210420,-
130825,121150914,OSBPL6,-,-,-,Un,-,oxysterol binding protein like 6,protein-coding,-,-,-,oxysterol-binding protein-related protein 6,20210420,-
130825,121150915,PRKRA,-,-,-,Un,-,protein activator of interferon induced protein kinase EIF2AK2,protein-coding,-,-,-,interferon-inducible double-stranded RNA-dependent protein kinase activator A,20210420,-
130825,121150916,PJVK,-,-,-,Un,-,pejvakin,protein-coding,-,-,-,pejvakin,20210420,-
130825,121150917,FKBP7,-,-,-,Un,-,FKBP prolyl isomerase 7,protein-coding,-,-,-,peptidyl-prolyl cis-trans isomerase FKBP7,20210420,-
130825,121150918,LOC121150918,-,-,-,Un,-,E3 ubiquitin-protein ligase RNF5-like,pseudo,-,-,-,-,20210420,-
130825,121150919,ZNF385B,-,-,-,Un,-,zinc finger protein 385B,protein-coding,-,-,-,zinc finger protein 385B,20210420,-
130825,121150920,LOC121150920,-,-,-,Un,-,uncharacterized LOC121150920,ncRNA,-,-,-,-,20210420,-
130825,121150921,CUNH5orf58,-,-,-,Un,-,chromosome unknown C5orf58 homolog,protein-coding,-,-,-,putative uncharacterized protein C5orf58 homolog,20210420,-
130825,121150922,LOC121150922,-,-,-,Un,-,uncharacterized LOC121150922,ncRNA,-,-,-,-,20210420,-
130825,121150923,NEUROD1,-,-,-,Un,-,neuronal differentiation 1,protein-coding,-,-,-,neurogenic differentiation factor 1,20210420,-
130825,121150924,PPP1R1C,-,-,-,Un,-,protein phosphatase 1 regulatory inhibitor subunit 1C,protein-coding,-,-,-,protein phosphatase 1 regulatory subunit 1C,20210420,-
130825,121150925,PDE1A,-,-,-,Un,-,phosphodiesterase 1A,protein-coding,-,-,-,"calcium/calmodulin-dependent 3',5'-cyclic nucleotide phosphodiesterase 1A",20210420,-
130825,121150926,LOC121150926,-,-,-,Un,-,nascent polypeptide-associated complex subunit alpha-like,protein-coding,-,-,-,nascent polypeptide-associated complex subunit alpha-like,20210420,-
130825,121150927,FRZB,-,-,-,Un,-,frizzled related protein,protein-coding,-,-,-,secreted frizzled-related protein 3,20210420,-
130825,121150928,DUSP19,-,-,-,Un,-,dual specificity phosphatase 19,protein-coding,-,-,-,dual specificity protein phosphatase 19,20210420,-
130825,121150929,LOC121150929,-,-,-,Un,-,60S ribosomal protein L36a-like,pseudo,-,-,-,-,20210420,-
130825,121150930,LOC121150930,-,-,-,Un,-,securin-like,pseudo,-,-,-,-,20210420,-
130825,121150931,ZNF804A,-,-,-,Un,-,zinc finger protein 804A,protein-coding,-,-,-,zinc finger protein 804A,20210420,-
130825,121150932,LOC121150932,-,-,-,Un,-,uncharacterized LOC121150932,ncRNA,-,-,-,-,20210420,-
130825,121150933,LOC121150933,-,-,-,Un,-,uncharacterized LOC121150933,ncRNA,-,-,-,-,20210420,-
130825,121150934,FAM171B,-,-,-,Un,-,family with sequence similarity 171 member B,protein-coding,-,-,-,protein FAM171B,20210420,-
130825,121150935,ZSWIM2,-,-,-,Un,-,zinc finger SWIM-type containing 2,protein-coding,-,-,-,E3 ubiquitin-protein ligase ZSWIM2,20210420,-
130825,121150936,LOC121150936,-,-,-,Un,-,uncharacterized LOC121150936,ncRNA,-,-,-,-,20210420,-
130825,121150937,GULP1,-,-,-,Un,-,GULP PTB domain containing engulfment adaptor 1,protein-coding,-,-,-,PTB domain-containing engulfment adapter protein 1,20210420,-
130825,121150938,LOC121150938,-,-,-,Un,-,peroxiredoxin-1-like,pseudo,-,-,-,-,20210420,-
130825,121150939,LOC121150939,-,-,-,Un,-,uncharacterized LOC121150939,ncRNA,-,-,-,-,20210420,-
130825,121150940,MSTN,-,-,-,Un,-,myostatin,protein-coding,-,-,-,growth/differentiation factor 8,20210420,-
130825,121150941,LOC121150941,-,-,-,Un,-,serine protease 58-like,protein-coding,-,-,-,serine protease 58-like,20210420,-
130825,121150942,LOC121150942,-,-,-,Un,-,uncharacterized LOC121150942,ncRNA,-,-,-,-,20210420,-
130825,121150943,TMEFF2,-,-,-,Un,-,transmembrane protein with EGF like and two follistatin like domains 2,protein-coding,-,-,-,tomoregulin-2,20210420,-
130825,121150944,LOC121150944,-,-,-,Un,-,Golgi-associated plant pathogenesis-related protein 1-like,protein-coding,-,-,-,Golgi-associated plant pathogenesis-related protein 1-like,20210420,-
130825,121150945,LOC121150945,-,-,-,Un,-,uncharacterized LOC121150945,ncRNA,-,-,-,-,20210420,-
130825,121150946,LOC121150946,-,-,-,Un,-,40S ribosomal protein S15a-like,pseudo,-,-,-,-,20210420,-
130825,121150947,LOC121150947,-,-,-,Un,-,elongation factor 1-alpha 1-like,pseudo,-,-,-,-,20210420,-
130825,121150948,SATB2,-,-,-,Un,-,SATB homeobox 2,protein-coding,-,-,-,DNA-binding protein SATB2,20210420,-
130825,121150949,LOC121150949,-,-,-,Un,-,aldehyde oxidase 4,protein-coding,-,-,-,aldehyde oxidase 4,20210420,-
130825,121150950,LOC121150950,-,-,-,Un,-,uncharacterized LOC121150950,ncRNA,-,-,-,-,20210420,-
130825,121150951,LOC121150951,-,-,-,Un,-,U6 spliceosomal RNA,snRNA,-,-,-,-,20210420,-
130825,121150952,LCP2,-,-,-,Un,-,lymphocyte cytosolic protein 2,protein-coding,-,-,-,lymphocyte cytosolic protein 2,20210420,-
130825,121150953,LOC121150953,-,-,-,Un,-,U6 spliceosomal RNA,snRNA,-,-,-,-,20210420,-
130825,121150954,LOC121150954,-,-,-,Un,-,U6 spliceosomal RNA,snRNA,-,-,-,-,20210420,-
130825,121150955,LOC121150955,-,-,-,Un,-,U6 spliceosomal RNA,snRNA,-,-,-,-,20210420,-
130825,121150956,LOC121150956,-,-,-,Un,-,U6 spliceosomal RNA,snRNA,-,-,-,-,20210420,-
130825,121150957,LOC121150957,-,-,-,Un,-,U6 spliceosomal RNA,snRNA,-,-,-,-,20210420,-
130825,121150958,LOC121150958,-,-,-,Un,-,U6 spliceosomal RNA,snRNA,-,-,-,-,20210420,-
130825,121150959,LOC121150959,-,-,-,Un,-,U6 spliceosomal RNA,snRNA,-,-,-,-,20210420,-
130825,121150960,LOC121150960,-,-,-,Un,-,U6 spliceosomal RNA,snRNA,-,-,-,-,20210420,-
130825,121150961,LOC121150961,-,-,-,Un,-,U6 spliceosomal RNA,pseudo,-,-,-,-,20210420,-
130825,121150962,LOC121150962,-,-,-,Un,-,U6 spliceosomal RNA,pseudo,-,-,-,-,20210420,-
130825,121150963,LOC121150963,-,-,-,Un,-,U6 spliceosomal RNA,snRNA,-,-,-,-,20210420,-
130825,121150964,LOC121150964,-,-,-,Un,-,U6 spliceosomal RNA,snRNA,-,-,-,-,20210420,-
130825,121150965,LOC121150965,-,-,-,Un,-,U6 spliceosomal RNA,pseudo,-,-,-,-,20210420,-
130825,121150966,LOC121150966,-,-,-,Un,-,small nucleolar RNA SNORA70,snoRNA,-,-,-,-,20210420,-
130825,121150967,LOC121150967,-,-,-,Un,-,small nucleolar RNA SNORA64/SNORA10 family,snoRNA,-,-,-,-,20210420,-
130825,121150968,LOC121150968,-,-,-,Un,-,small nucleolar RNA SNORA13,snoRNA,-,-,-,-,20210420,-
130825,121150969,LOC121150969,-,-,-,Un,-,small nucleolar RNA SNORA18,snoRNA,-,-,-,-,20210420,-
130825,121150970,LOC121150970,-,-,-,Un,-,small nucleolar RNA SNORA38,snoRNA,-,-,-,-,20210420,-
130825,121150971,LOC121150971,-,-,-,Un,-,small Cajal body-specific RNA 17,ncRNA,-,-,-,-,20210420,-
130825,121150972,LOC121150972,-,-,-,Un,-,small nucleolar RNA ACA64,snoRNA,-,-,-,-,20210420,-
130825,121150973,LOC121150973,-,-,-,Un,-,small nucleolar RNA ACA64,snoRNA,-,-,-,-,20210420,-
130825,121150974,LOC121150974,-,-,-,Un,-,small nucleolar RNA ACA64,snoRNA,-,-,-,-,20210420,-
130825,121150975,LOC121150975,-,-,-,Un,-,small nucleolar RNA ACA64,snoRNA,-,-,-,-,20210420,-
130825,121150976,LOC121150976,-,-,-,Un,-,small nucleolar RNA ACA64,snoRNA,-,-,-,-,20210420,-
130825,121150977,LOC121150977,-,-,-,Un,-,U1 spliceosomal RNA,snRNA,-,-,-,-,20210420,-
130825,121150978,LOC121150978,-,-,-,Un,-,U1 spliceosomal RNA,pseudo,-,-,-,-,20210420,-
130825,121150979,LOC121150979,-,-,-,Un,-,U2 spliceosomal RNA,snRNA,-,-,-,-,20210420,-
130825,121150980,LOC121150980,-,-,-,Un,-,U2 spliceosomal RNA,pseudo,-,-,-,-,20210420,-
130825,121150981,LOC121150981,-,-,-,Un,-,U2 spliceosomal RNA,pseudo,-,-,-,-,20210420,-
130825,121150982,LOC121150982,-,-,-,Un,-,U2 spliceosomal RNA,snRNA,-,-,-,-,20210420,-
130825,121150983,LOC121150983,-,-,-,Un,-,U2 spliceosomal RNA,pseudo,-,-,-,-,20210420,-
130825,121150984,LOC121150984,-,-,-,Un,-,U2 spliceosomal RNA,pseudo,-,-,-,-,20210420,-
130825,121150985,LOC121150985,-,-,-,Un,-,U2 spliceosomal RNA,pseudo,-,-,-,-,20210420,-
130825,121150986,LOC121150986,-,-,-,Un,-,small nucleolar RNA U3,pseudo,-,-,-,-,20210420,-
130825,121150987,LOC121150987,-,-,-,Un,-,U4 spliceosomal RNA,snRNA,-,-,-,-,20210420,-
130825,121150988,NPM1,-,-,-,Un,-,nucleophosmin 1,protein-coding,-,-,-,nucleophosmin,20210420,-
130825,121150989,LOC121150989,-,-,-,Un,-,U4 spliceosomal RNA,snRNA,-,-,-,-,20210420,-
130825,121150990,LOC121150990,-,-,-,Un,-,U4 spliceosomal RNA,pseudo,-,-,-,-,20210420,-
130825,121150991,LOC121150991,-,-,-,Un,-,U5 spliceosomal RNA,snRNA,-,-,-,-,20210420,-
130825,121150992,LOC121150992,-,-,-,Un,-,U6 spliceosomal RNA,snRNA,-,-,-,-,20210420,-
130825,121150993,LOC121150993,-,-,-,Un,-,U6 spliceosomal RNA,snRNA,-,-,-,-,20210420,-
130825,121150994,LOC121150994,-,-,-,Un,-,U6 spliceosomal RNA,snRNA,-,-,-,-,20210420,-
130825,121150995,LOC121150995,-,-,-,Un,-,U6 spliceosomal RNA,snRNA,-,-,-,-,20210420,-
130825,121150996,LOC121150996,-,-,-,Un,-,U6 spliceosomal RNA,snRNA,-,-,-,-,20210420,-
130825,121150997,LOC121150997,-,-,-,Un,-,U6 spliceosomal RNA,snRNA,-,-,-,-,20210420,-
130825,121150998,LOC121150998,-,-,-,Un,-,U6 spliceosomal RNA,snRNA,-,-,-,-,20210420,-
130825,121150999,LOC121150999,-,-,-,Un,-,U6 spliceosomal RNA,snRNA,-,-,-,-,20210420,-
130825,121151000,LOC121151000,-,-,-,Un,-,U6 spliceosomal RNA,snRNA,-,-,-,-,20210420,-
130825,121151001,LOC121151001,-,-,-,Un,-,U6 spliceosomal RNA,snRNA,-,-,-,-,20210420,-
130825,121151002,LOC121151002,-,-,-,Un,-,U6 spliceosomal RNA,snRNA,-,-,-,-,20210420,-
130825,121151003,LOC121151003,-,-,-,Un,-,U6 spliceosomal RNA,snRNA,-,-,-,-,20210420,-
130825,121151004,LOC121151004,-,-,-,Un,-,U6 spliceosomal RNA,pseudo,-,-,-,-,20210420,-
130825,121151005,LOC121151005,-,-,-,Un,-,U6 spliceosomal RNA,snRNA,-,-,-,-,20210420,-
130825,121151006,LOC121151006,-,-,-,Un,-,U6 spliceosomal RNA,snRNA,-,-,-,-,20210420,-
130825,121151007,LOC121151007,-,-,-,Un,-,U6 spliceosomal RNA,pseudo,-,-,-,-,20210420,-
130825,121151008,TRNAA-CGC,-,-,-,Un,-,transfer RNA alanine (anticodon CGC),tRNA,-,-,-,-,20210420,-
130825,121151009,TRNAL-CAG,-,-,-,Un,-,transfer RNA leucine (anticodon CAG),tRNA,-,-,-,-,20210420,-
130825,121151010,TRNAG-GCC,-,-,-,Un,-,transfer RNA glycine (anticodon GCC),tRNA,-,-,-,-,20210420,-
130825,121151011,LOC121151011,-,-,-,Un,-,transcription factor SOX-2-like,pseudo,-,-,-,-,20210420,-
130825,121151012,LOC121151012,-,-,-,Un,-,signal recognition particle 9 kDa protein-like,pseudo,-,-,-,-,20210420,-
130825,121151013,LOC121151013,-,-,-,Un,-,signal recognition particle 9 kDa protein-like,pseudo,-,-,-,-,20210420,-
130825,121151014,LOC121151014,-,-,-,Un,-,signal recognition particle 9 kDa protein-like,pseudo,-,-,-,-,20210420,-
130825,121151015,LOC121151015,-,-,-,Un,-,60S ribosomal protein L32-like,pseudo,-,-,-,-,20210420,-
130825,121151016,LOC121151016,-,-,-,Un,-,uncharacterized LOC121151016,ncRNA,-,-,-,-,20210420,-
130825,121151017,LOC121151017,-,-,-,Un,-,uncharacterized LOC121151017,ncRNA,-,-,-,-,20210420,-
130825,121151018,CACNA1C,-,-,-,Un,-,calcium voltage-gated channel subunit alpha1 C,protein-coding,-,-,-,voltage-dependent L-type calcium channel subunit alpha-1C,20210420,-
130825,121151019,DCP1B,-,-,-,Un,-,decapping mRNA 1B,protein-coding,-,-,-,mRNA-decapping enzyme 1B,20210420,-
130825,121151020,ADIPOR2,-,-,-,Un,-,adiponectin receptor 2,protein-coding,-,-,-,adiponectin receptor protein 2,20210420,-
130825,121151021,FBXL14,-,-,-,Un,-,F-box and leucine rich repeat protein 14,protein-coding,-,-,-,F-box/LRR-repeat protein 14,20210420,-
130825,121151022,ERC1,-,-,-,Un,-,ELKS/RAB6-interacting/CAST family member 1,protein-coding,-,-,-,ELKS/Rab6-interacting/CAST family member 1,20210420,-
130825,121151023,FBXW11,-,-,-,Un,-,F-box and WD repeat domain containing 11,protein-coding,-,-,-,F-box/WD repeat-containing protein 11,20210420,-
130825,121151024,LOC121151024,-,-,-,Un,-,60S ribosomal protein L38-like,pseudo,-,-,-,-,20210420,-
130825,121151025,RAD52,-,-,-,Un,-,"RAD52 homolog, DNA repair protein",protein-coding,-,-,-,DNA repair protein RAD52 homolog,20210420,-
130825,121151026,WNK1,-,-,-,Un,-,WNK lysine deficient protein kinase 1,protein-coding,-,-,-,LOW QUALITY PROTEIN: serine/threonine-protein kinase WNK1,20210420,-
130825,121151027,LOC121151027,-,-,-,Un,-,uncharacterized LOC121151027,ncRNA,-,-,-,-,20210420,-
130825,121151028,CCDC77,-,-,-,Un,-,coiled-coil domain containing 77,protein-coding,-,-,-,coiled-coil domain-containing protein 77,20210420,-
130825,121151029,KDM5A,-,-,-,Un,-,lysine demethylase 5A,protein-coding,-,-,-,lysine-specific demethylase 5A,20210420,-
130825,121151030,SLC6A12,-,-,-,Un,-,solute carrier family 6 member 12,protein-coding,-,-,-,sodium- and chloride-dependent betaine transporter,20210420,-
130825,121151031,SLC6A13,-,-,-,Un,-,solute carrier family 6 member 13,protein-coding,-,-,-,sodium- and chloride-dependent GABA transporter 2,20210420,-
130825,121151032,CD69,-,-,-,Un,-,CD69 molecule,protein-coding,-,-,-,early activation antigen CD69,20210420,-
130825,121151033,PHC1,-,-,-,Un,-,polyhomeotic homolog 1,protein-coding,-,-,-,polyhomeotic-like protein 1,20210420,-
130825,121151034,M6PR,-,-,-,Un,-,"mannose-6-phosphate receptor, cation dependent",protein-coding,-,-,-,cation-dependent mannose-6-phosphate receptor,20210420,-
130825,121151035,BICD1,-,-,-,Un,-,BICD cargo adaptor 1,protein-coding,-,-,-,protein bicaudal D homolog 1,20210420,-
130825,121151036,RESF1,-,-,-,Un,-,retroelement silencing factor 1,protein-coding,-,-,-,retroelement silencing factor 1,20210420,-
130825,121151037,LOC121151037,-,-,-,Un,-,uncharacterized LOC121151037,ncRNA,-,-,-,-,20210420,-
130825,121151038,AMN1,-,-,-,Un,-,antagonist of mitotic exit network 1 homolog,protein-coding,-,-,-,protein AMN1 homolog,20210420,-
130825,121151039,LOC121151039,-,-,-,Un,-,uncharacterized LOC121151039,ncRNA,-,-,-,-,20210420,-
130825,121151040,LOC121151040,-,-,-,Un,-,DNA polymerase delta subunit 3-like,protein-coding,-,-,-,DNA polymerase delta subunit 3-like,20210420,-
130825,121151041,SINHCAF,-,-,-,Un,-,SIN3-HDAC complex associated factor,protein-coding,-,-,-,SIN3-HDAC complex-associated factor,20210420,-
130825,121151042,STK10,-,-,-,Un,-,serine/threonine kinase 10,protein-coding,-,-,-,serine/threonine-protein kinase 10,20210420,-
130825,121151043,IPO8,-,-,-,Un,-,importin 8,protein-coding,-,-,-,importin-8,20210420,-
130825,121151044,LOC121151044,-,-,-,Un,-,U1 small nuclear ribonucleoprotein C-like,pseudo,-,-,-,-,20210420,-
130825,121151045,LOC121151045,-,-,-,Un,-,uncharacterized LOC121151045,protein-coding,-,-,-,uncharacterized protein LOC121151045,20210420,-
130825,121151046,CACNA2D4,-,-,-,Un,-,calcium voltage-gated channel auxiliary subunit alpha2delta 4,protein-coding,-,-,-,voltage-dependent calcium channel subunit alpha-2/delta-4,20210420,-
130825,121151047,LOC121151047,-,-,-,Un,-,protein FAM186A-like,protein-coding,-,-,-,protein FAM186A-like,20210420,-
130825,121151048,LOC121151048,-,-,-,Un,-,pregnancy zone protein-like,protein-coding,-,-,-,pregnancy zone protein-like,20210420,-
130825,121151049,LOC121151049,-,-,-,Un,-,killer cell lectin-like receptor subfamily F member 2,protein-coding,-,-,-,killer cell lectin-like receptor subfamily F member 2,20210420,-
130825,121151050,CLEC2D,-,-,-,Un,-,C-type lectin domain family 2 member D,protein-coding,-,-,-,C-type lectin domain family 2 member D,20210420,-
130825,121151051,DENND5B,-,-,-,Un,-,DENN domain containing 5B,protein-coding,-,-,-,DENN domain-containing protein 5B,20210420,-
130825,121151052,LOC121151052,-,-,-,Un,-,uncharacterized LOC121151052,ncRNA,-,-,-,-,20210420,-
130825,121151053,UBTD2,-,-,-,Un,-,ubiquitin domain containing 2,protein-coding,-,-,-,ubiquitin domain-containing protein 2,20210420,-
130825,121151054,LOC121151054,-,-,-,Un,-,uncharacterized LOC121151054,ncRNA,-,-,-,-,20210420,-
130825,121151055,LOC121151055,-,-,-,Un,-,uncharacterized LOC121151055,ncRNA,-,-,-,-,20210420,-
130825,121151056,LOC121151056,-,-,-,Un,-,uncharacterized LOC121151056,ncRNA,-,-,-,-,20210420,-
130825,121151057,LOC121151057,-,-,-,Un,-,uncharacterized LOC121151057,ncRNA,-,-,-,-,20210420,-
130825,121151058,LOC121151058,-,-,-,Un,-,uncharacterized LOC121151058,ncRNA,-,-,-,-,20210420,-
130825,121151059,LOC121151059,-,-,-,Un,-,uncharacterized LOC121151059,ncRNA,-,-,-,-,20210420,-
130825,121151060,LOC121151060,-,-,-,Un,-,uncharacterized LOC121151060,ncRNA,-,-,-,-,20210420,-
130825,121151061,LRTM2,-,-,-,Un,-,leucine rich repeats and transmembrane domains 2,protein-coding,-,-,-,leucine-rich repeat and transmembrane domain-containing protein 2,20210420,-
130825,121151062,WNT5B,-,-,-,Un,-,Wnt family member 5B,protein-coding,-,-,-,protein Wnt-5b,20210420,-
130825,121151063,LOC121151063,-,-,-,Un,-,uncharacterized LOC121151063,ncRNA,-,-,-,-,20210420,-
130825,121151064,B4GALNT3,-,-,-,Un,-,"beta-1,4-N-acetyl-galactosaminyltransferase 3",protein-coding,-,-,-,"beta-1,4-N-acetylgalactosaminyltransferase 3",20210420,-
130825,121151065,IQSEC3,-,-,-,Un,-,IQ motif and Sec7 domain ArfGEF 3,protein-coding,-,-,-,IQ motif and SEC7 domain-containing protein 3,20210420,-
130825,121151066,LOC121151066,-,-,-,Un,-,alpha-2-macroglobulin-like,protein-coding,-,-,-,alpha-2-macroglobulin-like,20210420,-
130825,121151067,ETFBKMT,-,-,-,Un,-,electron transfer flavoprotein subunit beta lysine methyltransferase,protein-coding,-,-,-,electron transfer flavoprotein beta subunit lysine methyltransferase,20210420,-
130825,121151068,CAPRIN2,-,-,-,Un,-,caprin family member 2,protein-coding,-,-,-,caprin-2,20210420,-
130825,121151069,SH3PXD2B,-,-,-,Un,-,SH3 and PX domains 2B,protein-coding,-,-,-,SH3 and PX domain-containing protein 2B,20210420,-
130825,121151070,LOC121151070,-,-,-,Un,-,fatty-acid amide hydrolase 2-like,protein-coding,-,-,-,LOW QUALITY PROTEIN: fatty-acid amide hydrolase 2-like,20210420,-
130825,121151071,TMTC1,-,-,-,Un,-,transmembrane O-mannosyltransferase targeting cadherins 1,protein-coding,-,-,-,protein O-mannosyl-transferase TMTC1,20210420,-
130825,121151072,DUSP1,-,-,-,Un,-,dual specificity phosphatase 1,protein-coding,-,-,-,dual specificity protein phosphatase 1,20210420,-
130825,121151073,LOC121151073,-,-,-,Un,-,uncharacterized LOC121151073,ncRNA,-,-,-,-,20210420,-
130825,121151074,LOC121151074,-,-,-,Un,-,U6 spliceosomal RNA,snRNA,-,-,-,-,20210420,-
130825,121151075,LOC121151075,-,-,-,Un,-,U6 spliceosomal RNA,pseudo,-,-,-,-,20210420,-
130825,121151076,LOC121151076,-,-,-,Un,-,U6 spliceosomal RNA,snRNA,-,-,-,-,20210420,-
130825,121151077,LOC121151077,-,-,-,Un,-,"heat shock transcription factor, Y-linked-like",protein-coding,-,-,-,"LOW QUALITY PROTEIN: heat shock transcription factor, Y-linked-like",20210420,-
130825,121151078,LOC121151078,-,-,-,Un,-,transcription factor SOX-2-like,pseudo,-,-,-,-,20210420,-
130825,121151079,LOC121151079,-,-,-,Un,-,vomeronasal type-2 receptor 116-like,protein-coding,-,-,-,vomeronasal type-2 receptor 116-like,20210420,-
130825,121151080,LOC121151080,-,-,-,Un,-,probable G-protein coupled receptor 27,pseudo,-,-,-,-,20210420,-
130825,121151081,LOC121151081,-,-,-,Un,-,protein FAM71E1-like,pseudo,-,-,-,-,20210420,-
130825,121151082,LOC121151082,-,-,-,Un,-,protein FAM170A-like,protein-coding,-,-,-,protein FAM170A-like,20210420,-
130825,121151083,LOC121151083,-,-,-,Un,-,protein FAM71E1-like,pseudo,-,-,-,-,20210420,-
130825,121151084,LOC121151084,-,-,-,Un,-,kinesin-like protein KIF13B,protein-coding,-,-,-,kinesin-like protein KIF13B,20210420,-
130825,121151085,ATP6V0E1,-,-,-,Un,-,ATPase H+ transporting V0 subunit e1,protein-coding,-,-,-,V-type proton ATPase subunit e 1,20210427,-
130825,121151086,LOC121151086,-,-,-,Un,-,BRD4-interacting chromatin-remodeling complex-associated protein-like,pseudo,-,-,-,-,20210420,-
130825,121151087,LOC121151087,-,-,-,Un,-,SS18-like protein 2,pseudo,-,-,-,-,20210420,-
130825,121151088,LOC121151088,-,-,-,Un,-,uncharacterized LOC121151088,ncRNA,-,-,-,-,20210420,-
130825,121151089,LOC121151089,-,-,-,Un,-,sp110 nuclear body protein-like,protein-coding,-,-,-,sp110 nuclear body protein-like,20210420,-
130825,121151090,LOC121151090,-,-,-,Un,-,nuclear autoantigen Sp-100-like,protein-coding,-,-,-,nuclear autoantigen Sp-100-like,20210420,-
130825,121151091,CAB39,-,-,-,Un,-,calcium binding protein 39,protein-coding,-,-,-,calcium-binding protein 39,20210424,-
130825,121151092,PSMD1,-,-,-,Un,-,"proteasome 26S subunit, non-ATPase 1",protein-coding,-,-,-,26S proteasome non-ATPase regulatory subunit 1,20210420,-
130825,121151093,CREBRF,-,-,-,Un,-,CREB3 regulatory factor,protein-coding,-,-,-,CREB3 regulatory factor,20210420,-
130825,121151094,HTR2B,-,-,-,Un,-,5-hydroxytryptamine receptor 2B,protein-coding,-,-,-,5-hydroxytryptamine receptor 2B,20210420,-
130825,121151095,ARMC9,-,-,-,Un,-,armadillo repeat containing 9,protein-coding,-,-,-,lisH domain-containing protein ARMC9,20210420,-
130825,121151096,NCL,-,-,-,Un,-,nucleolin,protein-coding,-,-,-,nucleolin,20210420,-
130825,121151097,NMUR1,-,-,-,Un,-,neuromedin U receptor 1,protein-coding,-,-,-,neuromedin-U receptor 1,20210420,-
130825,121151098,PTMA,-,-,-,Un,-,prothymosin alpha,protein-coding,-,-,-,prothymosin alpha,20210420,-
130825,121151099,PDE6D,-,-,-,Un,-,phosphodiesterase 6D,protein-coding,-,-,-,"retinal rod rhodopsin-sensitive cGMP 3',5'-cyclic phosphodiesterase subunit delta",20210420,-
130825,121151100,COPS7B,-,-,-,Un,-,COP9 signalosome subunit 7B,protein-coding,-,-,-,COP9 signalosome complex subunit 7b,20210420,-
130825,121151101,DIS3L2,-,-,-,Un,-,DIS3 like 3'-5' exoribonuclease 2,protein-coding,-,-,-,DIS3-like exonuclease 2,20210420,-
130825,121151102,EIF4E2,-,-,-,Un,-,eukaryotic translation initiation factor 4E family member 2,protein-coding,-,-,-,eukaryotic translation initiation factor 4E type 2,20210420,-
130825,121151103,BNIP1,-,-,-,Un,-,BCL2 interacting protein 1,protein-coding,-,-,-,vesicle transport protein SEC20,20210420,-
130825,121151104,GIGYF2,-,-,-,Un,-,GRB10 interacting GYF protein 2,protein-coding,-,-,-,GRB10-interacting GYF protein 2,20210420,-
130825,121151105,KCNJ13,-,-,-,Un,-,potassium inwardly rectifying channel subfamily J member 13,protein-coding,-,-,-,inward rectifier potassium channel 13,20210420,-
130825,121151106,INPP5D,-,-,-,Un,-,inositol polyphosphate-5-phosphatase D,protein-coding,-,-,-,"phosphatidylinositol 3,4,5-trisphosphate 5-phosphatase 1",20210420,-
130825,121151107,LOC121151107,-,-,-,Un,-,uncharacterized LOC121151107,ncRNA,-,-,-,-,20210420,-
130825,121151108,ATG16L1,-,-,-,Un,-,autophagy related 16 like 1,protein-coding,-,-,-,autophagy-related protein 16-1,20210420,-
130825,121151109,USP40,-,-,-,Un,-,ubiquitin specific peptidase 40,protein-coding,-,-,-,ubiquitin carboxyl-terminal hydrolase 40,20210420,-
130825,121151110,NDUFA2,-,-,-,Un,-,NADH:ubiquinone oxidoreductase subunit A2,protein-coding,-,-,-,NADH dehydrogenase [ubiquinone] 1 alpha subcomplex subunit 2,20210420,-
130825,121151111,DGKD,-,-,-,Un,-,diacylglycerol kinase delta,protein-coding,-,-,-,diacylglycerol kinase delta,20210420,-
130825,121151112,LOC121151112,-,-,-,Un,-,60S ribosomal protein L13a-like,pseudo,-,-,-,-,20210420,-
130825,121151113,LOC121151113,-,-,-,Un,-,translation machinery-associated protein 7,protein-coding,-,-,-,translation machinery-associated protein 7,20210424,-
130825,121151114,LOC121151114,-,-,-,Un,-,UDP-glucuronosyltransferase 1-6,protein-coding,-,-,-,UDP-glucuronosyltransferase 1-6|UDP-glucuronosyltransferase 1A4|UDP-glucuronosyltransferase 1A8,20210420,-
130825,121151115,LOC121151115,-,-,-,Un,-,UDP-glucuronosyltransferase 1A4-like,protein-coding,-,-,-,UDP-glucuronosyltransferase 1A4-like,20210420,-
130825,121151116,BOD1,-,-,-,Un,-,biorientation of chromosomes in cell division 1,protein-coding,-,-,-,biorientation of chromosomes in cell division protein 1,20210420,-
130825,121151117,LOC121151117,-,-,-,Un,-,UDP-glucuronosyltransferase 1A4-like,protein-coding,-,-,-,UDP-glucuronosyltransferase 1A4-like,20210420,-
130825,121151118,LOC121151118,-,-,-,Un,-,UDP-glucuronosyltransferase 1A9-like,protein-coding,-,-,-,UDP-glucuronosyltransferase 1A9-like,20210420,-
130825,121151119,LOC121151119,-,-,-,Un,-,UDP-glucuronosyltransferase 1A4-like,protein-coding,-,-,-,UDP-glucuronosyltransferase 1A4-like,20210420,-
130825,121151120,LOC121151120,-,-,-,Un,-,UDP-glucuronosyltransferase 1A4-like,protein-coding,-,-,-,UDP-glucuronosyltransferase 1A4-like,20210420,-
130825,121151121,DNAJB3,-,-,-,Un,-,DnaJ heat shock protein family (Hsp40) member B3,protein-coding,-,-,-,dnaJ homolog subfamily B member 3,20210420,-
130825,121151122,LOC121151122,-,-,-,Un,-,Holliday junction recognition protein,protein-coding,-,-,-,Holliday junction recognition protein,20210420,-
130825,121151123,ARL4C,-,-,-,Un,-,ADP ribosylation factor like GTPase 4C,protein-coding,-,-,-,ADP-ribosylation factor-like protein 4C,20210424,-
130825,121151124,SH3BP4,-,-,-,Un,-,SH3 domain binding protein 4,protein-coding,-,-,-,SH3 domain-binding protein 4,20210420,-
130825,121151125,LOC121151125,-,-,-,Un,-,uncharacterized LOC121151125,ncRNA,-,-,-,-,20210420,-
130825,121151126,AGAP1,-,-,-,Un,-,"ArfGAP with GTPase domain, ankyrin repeat and PH domain 1",protein-coding,-,-,-,"arf-GAP with GTPase, ANK repeat and PH domain-containing protein 1",20210420,-
130825,121151127,ACKR3,-,-,-,Un,-,atypical chemokine receptor 3,protein-coding,-,-,-,atypical chemokine receptor 3,20210420,-
130825,121151128,COPS8,-,-,-,Un,-,COP9 signalosome subunit 8,protein-coding,-,-,-,COP9 signalosome complex subunit 8,20210420,-
130825,121151129,LOC121151129,-,-,-,Un,-,leucine-rich repeat flightless-interacting protein 1-like,protein-coding,-,-,-,leucine-rich repeat flightless-interacting protein 1-like,20210420,-
130825,121151130,RAMP1,-,-,-,Un,-,receptor activity modifying protein 1,protein-coding,-,-,-,receptor activity-modifying protein 1,20210420,-
130825,121151131,LOC121151131,-,-,-,Un,-,uncharacterized LOC121151131,ncRNA,-,-,-,-,20210420,-
130825,121151132,UBE2F,-,-,-,Un,-,ubiquitin conjugating enzyme E2 F (putative),protein-coding,-,-,-,NEDD8-conjugating enzyme UBE2F,20210420,-
130825,121151133,ESPNL,-,-,-,Un,-,espin like,protein-coding,-,-,-,espin-like protein,20210420,-
130825,121151134,KLHL30,-,-,-,Un,-,kelch like family member 30,protein-coding,-,-,-,kelch-like protein 30,20210420,-
130825,121151135,LOC121151135,-,-,-,Un,-,ILK associated serine/threonine phosphatase,protein-coding,-,-,-,integrin-linked kinase-associated serine/threonine phosphatase 2C,20210420,-
130825,121151136,HES6,-,-,-,Un,-,hes family bHLH transcription factor 6,protein-coding,-,-,-,transcription cofactor HES-6,20210420,-
130825,121151137,LOC121151137,-,-,-,Un,-,uncharacterized LOC121151137,ncRNA,-,-,-,-,20210420,-
130825,121151138,TRAF3IP1,-,-,-,Un,-,TRAF3 interacting protein 1,protein-coding,-,-,-,TRAF3-interacting protein 1,20210420,-
130825,121151139,ASB1,-,-,-,Un,-,ankyrin repeat and SOCS box containing 1,protein-coding,-,-,-,ankyrin repeat and SOCS box protein 1,20210420,-
130825,121151140,LOC121151140,-,-,-,Un,-,uncharacterized LOC121151140,ncRNA,-,-,-,-,20210420,-
130825,121151141,LOC121151141,-,-,-,Un,-,uncharacterized LOC121151141,ncRNA,-,-,-,-,20210420,-
130825,121151142,HDAC4,-,-,-,Un,-,histone deacetylase 4,protein-coding,-,-,-,histone deacetylase 4,20210420,-
130825,121151143,NDUFA10,-,-,-,Un,-,NADH:ubiquinone oxidoreductase subunit A10,protein-coding,-,-,-,"NADH dehydrogenase [ubiquinone] 1 alpha subcomplex subunit 10, mitochondrial",20210420,-
130825,121151144,LOC121151144,-,-,-,Un,-,olfactory receptor 6B2-like,protein-coding,-,-,-,olfactory receptor 6B2-like,20210420,-
130825,121151145,LOC121151145,-,-,-,Un,-,olfactory receptor 6B2,protein-coding,-,-,-,olfactory receptor 6B2,20210420,-
130825,121151146,ANKMY1,-,-,-,Un,-,ankyrin repeat and MYND domain containing 1,protein-coding,-,-,-,ankyrin repeat and MYND domain-containing protein 1,20210420,-
130825,121151147,RNPEPL1,-,-,-,Un,-,arginyl aminopeptidase like 1,protein-coding,-,-,-,aminopeptidase RNPEPL1,20210420,-
130825,121151148,DUSP28,-,-,-,Un,-,dual specificity phosphatase 28,protein-coding,-,-,-,dual specificity phosphatase 28,20210420,-
130825,121151149,CAPN10,-,-,-,Un,-,calpain 10,protein-coding,-,-,-,calpain-10,20210420,-
130825,121151150,LOC121151150,-,-,-,Un,-,aquaporin-12-like,protein-coding,-,-,-,aquaporin-12-like,20210420,-
130825,121151151,CPEB4,-,-,-,Un,-,cytoplasmic polyadenylation element binding protein 4,protein-coding,-,-,-,cytoplasmic polyadenylation element-binding protein 4,20210420,-
130825,121151152,GPR35,-,-,-,Un,-,G protein-coupled receptor 35,protein-coding,-,-,-,G-protein coupled receptor 35,20210420,-
130825,121151153,PPP1R7,-,-,-,Un,-,protein phosphatase 1 regulatory subunit 7,protein-coding,-,-,-,protein phosphatase 1 regulatory subunit 7,20210420,-
130825,121151154,LOC121151154,-,-,-,Un,-,high density lipoprotein binding protein,protein-coding,-,-,-,vigilin,20210420,-
130825,121151155,SEPTIN2,-,-,-,Un,-,septin 2,protein-coding,-,-,-,septin-2,20210420,-
130825,121151156,FARP2,-,-,-,Un,-,"FERM, ARH/RhoGEF and pleckstrin domain protein 2",protein-coding,-,-,-,"FERM, ARHGEF and pleckstrin domain-containing protein 2",20210420,-
130825,121151157,STK25,-,-,-,Un,-,serine/threonine kinase 25,protein-coding,-,-,-,serine/threonine-protein kinase 25,20210420,-
130825,121151158,THAP4,-,-,-,Un,-,THAP domain containing 4,protein-coding,-,-,-,peroxynitrite isomerase THAP4,20210420,-
130825,121151159,BOK,-,-,-,Un,-,BCL2 family apoptosis regulator BOK,protein-coding,-,-,-,bcl-2-related ovarian killer protein,20210420,-
130825,121151160,ATG4B,-,-,-,Un,-,autophagy related 4B cysteine peptidase,protein-coding,-,-,-,cysteine protease ATG4B,20210420,-
130825,121151161,DTYMK,-,-,-,Un,-,deoxythymidylate kinase,protein-coding,-,-,-,thymidylate kinase,20210420,-
130825,121151162,ING5,-,-,-,Un,-,inhibitor of growth family member 5,protein-coding,-,-,-,inhibitor of growth protein 5,20210420,-
130825,121151163,D2HGDH,-,-,-,Un,-,D-2-hydroxyglutarate dehydrogenase,protein-coding,-,-,-,"D-2-hydroxyglutarate dehydrogenase, mitochondrial",20210420,-
130825,121151164,PDCD1,-,-,-,Un,-,programmed cell death 1,protein-coding,-,-,-,programmed cell death protein 1,20210420,-
130825,121151165,LOC121151165,-,-,-,Un,-,UDP-glucuronosyltransferase 1A4-like,protein-coding,-,-,-,UDP-glucuronosyltransferase 1A4-like,20210420,-
130825,121151166,LOC121151166,-,-,-,Un,-,UDP-glucuronosyltransferase 1A4-like,protein-coding,-,-,-,UDP-glucuronosyltransferase 1A4-like,20210420,-
130825,121151167,LOC121151167,-,-,-,Un,-,UDP-glucuronosyltransferase 1-2-like,protein-coding,-,-,-,UDP-glucuronosyltransferase 1-2-like,20210420,-
130825,121151168,LOC121151168,-,-,-,Un,-,cilia- and flagella-associated protein 251-like,protein-coding,-,-,-,cilia- and flagella-associated protein 251-like,20210420,-
130825,121151169,TEX44,-,-,-,Un,-,testis expressed 44,protein-coding,-,-,-,testis-expressed protein 44,20210420,-
130825,121151170,LOC121151170,-,-,-,Un,-,intestinal-type alkaline phosphatase-like,protein-coding,-,-,-,intestinal-type alkaline phosphatase-like,20210420,-
130825,121151171,PRSS56,-,-,-,Un,-,serine protease 56,protein-coding,-,-,-,serine protease 56,20210420,-
130825,121151172,LOC121151172,-,-,-,Un,-,kallikrein-5-like,pseudo,-,-,-,-,20210420,-
130825,121151173,LOC121151173,-,-,-,Un,-,UDP-glucuronosyltransferase 1A8-like,protein-coding,-,-,-,UDP-glucuronosyltransferase 1A8-like,20210420,-
130825,121151174,LOC121151174,-,-,-,Un,-,UDP-glucuronosyltransferase 1A9-like,pseudo,-,-,-,-,20210420,-
130825,121151175,NSG2,-,-,-,Un,-,neuronal vesicle trafficking associated 2,protein-coding,-,-,-,neuronal vesicle trafficking-associated protein 2,20210420,-
130825,121151176,LOC121151176,-,-,-,Un,-,UDP-glucuronosyltransferase 1A9-like,protein-coding,-,-,-,UDP-glucuronosyltransferase 1A9-like,20210420,-
130825,121151177,MROH2A,-,-,-,Un,-,maestro heat like repeat family member 2A,protein-coding,-,-,-,maestro heat-like repeat-containing protein family member 2A,20210420,-
130825,121151178,ASB18,-,-,-,Un,-,ankyrin repeat and SOCS box containing 18,protein-coding,-,-,-,LOW QUALITY PROTEIN: ankyrin repeat and SOCS box protein 18,20210420,-
130825,121151179,LOC121151179,-,-,-,Un,-,protein rogdi homolog,pseudo,-,-,-,-,20210420,-
130825,121151180,COL6A3,-,-,-,Un,-,collagen type VI alpha 3 chain,protein-coding,-,-,-,collagen alpha-3(VI) chain,20210420,-
130825,121151181,MLPH,-,-,-,Un,-,melanophilin,protein-coding,-,-,-,melanophilin,20210420,-
130825,121151182,LRRFIP1,-,-,-,Un,-,LRR binding FLII interacting protein 1,protein-coding,-,-,-,leucine-rich repeat flightless-interacting protein 1,20210420,-
130825,121151183,RBM44,-,-,-,Un,-,RNA binding motif protein 44,protein-coding,-,-,-,RNA-binding protein 44,20210420,-
130825,121151184,SCLY,-,-,-,Un,-,selenocysteine lyase,protein-coding,-,-,-,selenocysteine lyase,20210420,-
130825,121151185,ERFE,-,-,-,Un,-,erythroferrone,protein-coding,-,-,-,erythroferrone,20210420,-
130825,121151186,SFXN1,-,-,-,Un,-,sideroflexin 1,protein-coding,-,-,-,sideroflexin-1,20210420,-
130825,121151187,PER2,-,-,-,Un,-,period circadian regulator 2,protein-coding,-,-,-,period circadian protein homolog 2,20210420,-
130825,121151188,MAB21L4,-,-,-,Un,-,mab-21 like 4,protein-coding,-,-,-,protein mab-21-like 4,20210420,-
130825,121151189,CROCC2,-,-,-,Un,-,"ciliary rootlet coiled-coil, rootletin family member 2",protein-coding,-,-,-,putative ciliary rootlet coiled-coil protein 2,20210420,-
130825,121151190,SNED1,-,-,-,Un,-,"sushi, nidogen and EGF like domains 1",protein-coding,-,-,-,"sushi, nidogen and EGF-like domain-containing protein 1",20210420,-
130825,121151191,CD14,-,-,-,Un,-,CD14 molecule,protein-coding,-,-,-,monocyte differentiation antigen CD14,20210420,-
130825,121151192,PASK,-,-,-,Un,-,PAS domain containing serine/threonine kinase,protein-coding,-,-,-,PAS domain-containing serine/threonine-protein kinase,20210420,-
130825,121151193,GAL3ST2,-,-,-,Un,-,galactose-3-O-sulfotransferase 2,protein-coding,-,-,-,galactose-3-O-sulfotransferase 2,20210420,-
130825,121151194,NEU4,-,-,-,Un,-,neuraminidase 4,protein-coding,-,-,-,sialidase-4,20210420,-
130825,121151195,RTP5,-,-,-,Un,-,receptor transporter protein 5 (putative),protein-coding,-,-,-,receptor-transporting protein 5,20210420,-
130825,121151196,FAM240C,-,-,-,Un,-,family with sequence similarity 240 member C,protein-coding,-,-,-,protein FAM240C,20210420,-
130825,121151197,LOC121151197,-,-,-,Un,-,anomalous homeobox protein-like,protein-coding,-,-,-,anomalous homeobox protein-like,20210420,-
130825,121151198,ITM2C,-,-,-,Un,-,integral membrane protein 2C,protein-coding,-,-,-,integral membrane protein 2C,20210420,-
130825,121151199,GPR55,-,-,-,Un,-,G protein-coupled receptor 55,protein-coding,-,-,-,G-protein coupled receptor 55,20210420,-
130825,121151200,SPATA3,-,-,-,Un,-,spermatogenesis associated 3,protein-coding,-,-,-,spermatogenesis-associated protein 3,20210420,-
130825,121151201,CUNH2orf72,-,-,-,Un,-,chromosome unknown C2orf72 homolog,protein-coding,-,-,-,uncharacterized protein C2orf72 homolog,20210420,-
130825,121151202,B3GNT7,-,-,-,Un,-,"UDP-GlcNAc:betaGal beta-1,3-N-acetylglucosaminyltransferase 7",protein-coding,-,-,-,"UDP-GlcNAc:betaGal beta-1,3-N-acetylglucosaminyltransferase 7",20210420,-
130825,121151203,NPPC,-,-,-,Un,-,natriuretic peptide C,protein-coding,-,-,-,C-type natriuretic peptide,20210420,-
130825,121151204,LOC121151204,-,-,-,Un,-,intestinal-type alkaline phosphatase-like,protein-coding,-,-,-,intestinal-type alkaline phosphatase-like,20210420,-
130825,121151205,ECEL1,-,-,-,Un,-,endothelin converting enzyme like 1,protein-coding,-,-,-,endothelin-converting enzyme-like 1,20210420,-
130825,121151206,CHRND,-,-,-,Un,-,cholinergic receptor nicotinic delta subunit,protein-coding,-,-,-,acetylcholine receptor subunit delta,20210420,-
130825,121151207,CHRNG,-,-,-,Un,-,cholinergic receptor nicotinic gamma subunit,protein-coding,-,-,-,acetylcholine receptor subunit gamma,20210420,-
130825,121151208,EFHD1,-,-,-,Un,-,EF-hand domain family member D1,protein-coding,-,-,-,EF-hand domain-containing protein D1,20210420,-
130825,121151209,SNORC,-,-,-,Un,-,secondary ossification center associated regulator of chondrocyte maturation,protein-coding,-,-,-,protein SNORC,20210420,-
130825,121151210,NGEF,-,-,-,Un,-,neuronal guanine nucleotide exchange factor,protein-coding,-,-,-,ephexin-1,20210420,-
130825,121151211,NEU2,-,-,-,Un,-,neuraminidase 2,protein-coding,-,-,-,sialidase-2,20210420,-
130825,121151212,SAG,-,-,-,Un,-,S-antigen visual arrestin,protein-coding,-,-,-,S-arrestin,20210420,-
130825,121151213,LOC121151213,-,-,-,Un,-,UDP-glucuronosyltransferase 1A7-like,protein-coding,-,-,-,UDP-glucuronosyltransferase 1A7-like,20210420,-
130825,121151214,HRH2,-,-,-,Un,-,histamine receptor H2,protein-coding,-,-,-,histamine H2 receptor,20210420,-
130825,121151215,LOC121151215,-,-,-,Un,-,UDP-glucuronosyltransferase 1A9-like,protein-coding,-,-,-,UDP-glucuronosyltransferase 1A9-like,20210420,-
130825,121151216,LOC121151216,-,-,-,Un,-,UDP-glucuronosyltransferase 1A9-like,protein-coding,-,-,-,UDP-glucuronosyltransferase 1A9-like,20210420,-
130825,121151217,TRPM8,-,-,-,Un,-,transient receptor potential cation channel subfamily M member 8,protein-coding,-,-,-,transient receptor potential cation channel subfamily M member 8,20210420,-
130825,121151218,SPP2,-,-,-,Un,-,secreted phosphoprotein 2,protein-coding,-,-,-,secreted phosphoprotein 24,20210420,-
130825,121151219,LOC121151219,-,-,-,Un,-,intraflagellar transport protein 52 homolog,pseudo,-,-,-,-,20210420,-
130825,121151220,GBX2,-,-,-,Un,-,gastrulation brain homeobox 2,protein-coding,-,-,-,homeobox protein GBX-2,20210420,-
130825,121151221,IQCA1,-,-,-,Un,-,IQ motif containing with AAA domain 1,protein-coding,-,-,-,dynein regulatory complex protein 11,20210420,-
130825,121151222,LOC121151222,-,-,-,Un,-,uncharacterized LOC121151222,ncRNA,-,-,-,-,20210420,-
130825,121151223,RAB17,-,-,-,Un,-,"RAB17, member RAS oncogene family",protein-coding,-,-,-,ras-related protein Rab-17,20210420,-
130825,121151224,SMIM3,-,-,-,Un,-,small integral membrane protein 3,protein-coding,-,-,-,small integral membrane protein 3,20210420,-
130825,121151225,TWIST2,-,-,-,Un,-,twist family bHLH transcription factor 2,protein-coding,-,-,-,twist-related protein 2,20210420,-
130825,121151226,COPS9,-,-,-,Un,-,COP9 signalosome subunit 9,protein-coding,-,-,-,COP9 signalosome complex subunit 9,20210424,-
130825,121151227,OTOS,-,-,-,Un,-,otospiralin,protein-coding,-,-,-,otospiralin,20210420,-
130825,121151228,GPC1,-,-,-,Un,-,glypican 1,protein-coding,-,-,-,glypican-1,20210420,-
130825,121151229,KIF1A,-,-,-,Un,-,kinesin family member 1A,protein-coding,-,-,-,kinesin-like protein KIF1A,20210420,-
130825,121151230,DCTN4,-,-,-,Un,-,dynactin subunit 4,protein-coding,-,-,-,dynactin subunit 4,20210420,-
130825,121151231,AGXT,-,-,-,Un,-,alanine--glyoxylate and serine--pyruvate aminotransferase,protein-coding,-,-,-,serine--pyruvate aminotransferase,20210420,-
130825,121151232,MTERF4,-,-,-,Un,-,mitochondrial transcription termination factor 4,protein-coding,-,-,-,"transcription termination factor 4, mitochondrial",20210420,-
130825,121151233,LOC121151233,-,-,-,Un,-,small nucleolar RNA SNORD20,snoRNA,-,-,-,-,20210420,-
130825,121151234,LOC121151234,-,-,-,Un,-,small Cajal body-specific RNA 6,ncRNA,-,-,-,-,20210420,-
130825,121151235,LOC121151235,-,-,-,Un,-,small Cajal body-specific RNA 6,ncRNA,-,-,-,-,20210420,-
130825,121151236,LOC121151236,-,-,-,Un,-,U2 spliceosomal RNA,snRNA,-,-,-,-,20210420,-
130825,121151237,LOC121151237,-,-,-,Un,-,small nucleolar RNA SNORA75,snoRNA,-,-,-,-,20210420,-
130825,121151238,LOC121151238,-,-,-,Un,-,small nucleolar RNA SNORD82,snoRNA,-,-,-,-,20210420,-
130825,121151239,LOC121151239,-,-,-,Un,-,ATP-dependent RNA helicase DDX3X-like,protein-coding,-,-,-,ATP-dependent RNA helicase DDX3X-like,20210420,-
130825,121151240,LOC121151240,-,-,-,Un,-,uncharacterized LOC121151240,ncRNA,-,-,-,-,20210420,-
130825,121151241,LOC121151241,-,-,-,Un,-,probable ubiquitin carboxyl-terminal hydrolase FAF-Y,protein-coding,-,-,-,probable ubiquitin carboxyl-terminal hydrolase FAF-Y,20210420,-
130825,121151242,LOC121151242,-,-,-,Un,-,probable ubiquitin carboxyl-terminal hydrolase FAF-X,protein-coding,-,-,-,LOW QUALITY PROTEIN: probable ubiquitin carboxyl-terminal hydrolase FAF-X,20210420,-
130825,121151243,SRY,-,-,-,Un,-,sex determining region Y,protein-coding,-,-,-,LOW QUALITY PROTEIN: sex-determining region Y protein,20210420,-
130825,121151244,LOC121151244,-,-,-,Un,-,zinc finger X-chromosomal protein-like,protein-coding,-,-,-,LOW QUALITY PROTEIN: zinc finger X-chromosomal protein-like,20210420,-
130825,121151245,LOC121151245,-,-,-,Un,-,"28S ribosomal protein S33, mitochondrial-like",pseudo,-,-,-,-,20210420,-
130825,121151246,LOC121151246,-,-,-,Un,-,uncharacterized LOC121151246,ncRNA,-,-,-,-,20210420,-
130825,121151247,LOC121151247,-,-,-,Un,-,uncharacterized LOC121151247,ncRNA,-,-,-,-,20210420,-
130825,121151248,LOC121151248,-,-,-,Un,-,zinc finger X-chromosomal protein-like,protein-coding,-,-,-,zinc finger X-chromosomal protein-like,20210420,-
130825,121151249,LOC121151249,-,-,-,Un,-,"eukaryotic translation initiation factor 2 subunit 3, Y-linked-like",protein-coding,-,-,-,"eukaryotic translation initiation factor 2 subunit 3, Y-linked-like",20210420,-
130825,121151250,LOC121151250,-,-,-,Un,-,"eukaryotic translation initiation factor 2 subunit 3, Y-linked-like",protein-coding,-,-,-,"eukaryotic translation initiation factor 2 subunit 3, Y-linked-like",20210420,-
130825,121151251,LOC121151251,-,-,-,Un,-,transmembrane channel-like protein 7,protein-coding,-,-,-,LOW QUALITY PROTEIN: transmembrane channel-like protein 7,20210420,-
130825,121151252,RBM22,-,-,-,Un,-,RNA binding motif protein 22,protein-coding,-,-,-,pre-mRNA-splicing factor RBM22,20210529,-
130825,121151253,LOC121151253,-,-,-,Un,-,uncharacterized LOC121151253,ncRNA,-,-,-,-,20210420,-
130825,121151254,LOC121151254,-,-,-,Un,-,BRCA2 and CDKN1A-interacting protein-like,pseudo,-,-,-,-,20210420,-
130825,121151255,LOC121151255,-,-,-,Un,-,mortality factor 4-like protein 1,pseudo,-,-,-,-,20210420,-
130825,121151256,LOC121151256,-,-,-,Un,-,U2 spliceosomal RNA,pseudo,-,-,-,-,20210420,-
130825,121151257,TOX,-,-,-,Un,-,thymocyte selection associated high mobility group box,protein-coding,-,-,-,thymocyte selection-associated high mobility group box protein TOX,20210420,-
130825,121151258,NSMAF,-,-,-,Un,-,neutral sphingomyelinase activation associated factor,protein-coding,-,-,-,protein FAN,20210420,-
130825,121151259,LOC121151259,-,-,-,Un,-,syndecan binding protein,protein-coding,-,-,-,syntenin-1,20210420,-
130825,121151260,LOC121151260,-,-,-,Un,-,mitochondrial import inner membrane translocase subunit TIM14-like,pseudo,-,-,-,-,20210420,-
130825,121151261,UBXN2B,-,-,-,Un,-,UBX domain protein 2B,protein-coding,-,-,-,UBX domain-containing protein 2B,20210420,-
130825,121151262,LOC121151262,-,-,-,Un,-,uncharacterized LOC121151262,ncRNA,-,-,-,-,20210420,-
130825,121151263,BPNT2,-,-,-,Un,-,"3'(2'), 5'-bisphosphate nucleotidase 2",protein-coding,-,-,-,"Golgi-resident adenosine 3',5'-bisphosphate 3'-phosphatase",20210420,-
130825,121151264,PLAG1,-,-,-,Un,-,PLAG1 zinc finger,protein-coding,-,-,-,zinc finger protein PLAG1,20210420,-
130825,121151265,SYNPO,-,-,-,Un,-,synaptopodin,protein-coding,-,-,-,synaptopodin,20210420,-
130825,121151266,CHCHD7,-,-,-,Un,-,coiled-coil-helix-coiled-coil-helix domain containing 7,protein-coding,-,-,-,coiled-coil-helix-coiled-coil-helix domain-containing protein 7,20210420,-
130825,121151267,LYN,-,-,-,Un,-,"LYN proto-oncogene, Src family tyrosine kinase",protein-coding,-,-,-,tyrosine-protein kinase Lyn,20210420,-
130825,121151268,TGS1,-,-,-,Un,-,trimethylguanosine synthase 1,protein-coding,-,-,-,trimethylguanosine synthase,20210420,-
130825,121151269,LOC121151269,-,-,-,Un,-,ankyrin repeat and KH domain-containing protein 1,protein-coding,-,-,-,ankyrin repeat and KH domain-containing protein 1,20210420,-
130825,121151270,TMEM68,-,-,-,Un,-,transmembrane protein 68,protein-coding,-,-,-,transmembrane protein 68,20210420,-
130825,121151271,RP1,-,-,-,Un,-,RP1 axonemal microtubule associated,protein-coding,-,-,-,oxygen-regulated protein 1,20210420,-
130825,121151272,MRPL15,-,-,-,Un,-,mitochondrial ribosomal protein L15,protein-coding,-,-,-,"39S ribosomal protein L15, mitochondrial",20210420,-
130825,121151273,LYPLA1,-,-,-,Un,-,lysophospholipase 1,protein-coding,-,-,-,acyl-protein thioesterase 1,20210420,-
130825,121151274,TCEA1,-,-,-,Un,-,transcription elongation factor A1,protein-coding,-,-,-,transcription elongation factor A protein 1,20210420,-
130825,121151275,RPS14,-,-,-,Un,-,ribosomal protein S14,protein-coding,-,-,-,40S ribosomal protein S14,20210501,-
130825,121151276,RGS20,-,-,-,Un,-,regulator of G protein signaling 20,protein-coding,-,-,-,regulator of G-protein signaling 20,20210420,-
130825,121151277,ATP6V1H,-,-,-,Un,-,ATPase H+ transporting V1 subunit H,protein-coding,-,-,-,V-type proton ATPase subunit H,20210420,-
130825,121151278,LOC121151278,-,-,-,Un,-,eukaryotic translation initiation factor 5A-1-like,pseudo,-,-,-,-,20210420,-
130825,121151279,RB1CC1,-,-,-,Un,-,RB1 inducible coiled-coil 1,protein-coding,-,-,-,RB1-inducible coiled-coil protein 1,20210420,-
130825,121151280,PCMTD1,-,-,-,Un,-,protein-L-isoaspartate (D-aspartate) O-methyltransferase domain containing 1,protein-coding,-,-,-,protein-L-isoaspartate O-methyltransferase domain-containing protein 1,20210420,-
130825,121151281,LOC121151281,-,-,-,Un,-,acidic leucine-rich nuclear phosphoprotein 32 family member B-like,pseudo,-,-,-,-,20210420,-
130825,121151282,MCM4,-,-,-,Un,-,minichromosome maintenance complex component 4,protein-coding,-,-,-,DNA replication licensing factor MCM4,20210420,-
130825,121151283,UBE2V2,-,-,-,Un,-,ubiquitin conjugating enzyme E2 V2,protein-coding,-,-,-,ubiquitin-conjugating enzyme E2 variant 2,20210501,-
130825,121151284,TCOF1,-,-,-,Un,-,treacle ribosome biogenesis factor 1,protein-coding,-,-,-,treacle protein,20210420,-
130825,121151285,PRKDC,-,-,-,Un,-,"protein kinase, DNA-activated, catalytic subunit",protein-coding,-,-,-,DNA-dependent protein kinase catalytic subunit,20210420,-
130825,121151286,SPIDR,-,-,-,Un,-,scaffold protein involved in DNA repair,protein-coding,-,-,-,DNA repair-scaffolding protein,20210420,-
130825,121151287,CEBPD,-,-,-,Un,-,CCAAT enhancer binding protein delta,protein-coding,-,-,-,CCAAT/enhancer-binding protein delta,20210420,-
130825,121151288,LOC121151288,-,-,-,Un,-,mitochondrial import inner membrane translocase subunit Tim13-like,protein-coding,-,-,-,mitochondrial import inner membrane translocase subunit Tim13-like,20210420,-
130825,121151289,LOC121151289,-,-,-,Un,-,zinc finger protein 717-like,protein-coding,-,-,-,zinc finger protein 717-like,20210420,-
130825,121151290,INTS8,-,-,-,Un,-,integrator complex subunit 8,protein-coding,-,-,-,integrator complex subunit 8,20210420,-
130825,121151291,CCNE2,-,-,-,Un,-,cyclin E2,protein-coding,-,-,-,G1/S-specific cyclin-E2,20210420,-
130825,121151292,CD74,-,-,-,Un,-,CD74 molecule,protein-coding,-,-,-,HLA class II histocompatibility antigen gamma chain,20210420,-
130825,121151293,TP53INP1,-,-,-,Un,-,tumor protein p53 inducible nuclear protein 1,protein-coding,-,-,-,tumor protein p53-inducible nuclear protein 1,20210420,-
130825,121151294,NDUFAF6,-,-,-,Un,-,NADH:ubiquinone oxidoreductase complex assembly factor 6,protein-coding,-,-,-,"NADH dehydrogenase (ubiquinone) complex I, assembly factor 6",20210420,-
130825,121151295,PLEKHF2,-,-,-,Un,-,pleckstrin homology and FYVE domain containing 2,protein-coding,-,-,-,pleckstrin homology domain-containing family F member 2,20210420,-
130825,121151296,CFAP418,-,CUNH8orf37,-,Un,-,cilia and flagella associated protein 418,protein-coding,-,-,-,protein C8orf37 homolog|chromosome unknown C8orf37 homolog,20210509,-
130825,121151297,LOC121151297,-,-,-,Un,-,uncharacterized LOC121151297,ncRNA,-,-,-,-,20210420,-
130825,121151298,MTERF3,-,-,-,Un,-,mitochondrial transcription termination factor 3,protein-coding,-,-,-,"transcription termination factor 3, mitochondrial",20210420,-
130825,121151299,PTDSS1,-,-,-,Un,-,phosphatidylserine synthase 1,protein-coding,-,-,-,phosphatidylserine synthase 1,20210420,-
130825,121151300,SDC2,-,-,-,Un,-,syndecan 2,protein-coding,-,-,-,syndecan-2,20210420,-
130825,121151301,CPQ,-,-,-,Un,-,carboxypeptidase Q,protein-coding,-,-,-,carboxypeptidase Q,20210420,-
130825,121151302,LOC121151302,-,-,-,Un,-,uncharacterized LOC121151302,ncRNA,-,-,-,-,20210420,-
130825,121151303,LOC121151303,-,-,-,Un,-,uncharacterized LOC121151303,ncRNA,-,-,-,-,20210420,-
130825,121151304,MTDH,-,-,-,Un,-,metadherin,protein-coding,-,-,-,protein LYRIC,20210420,-
130825,121151305,HMGXB3,-,-,-,Un,-,HMG-box containing 3,protein-coding,-,-,-,HMG domain-containing protein 3,20210420,-
130825,121151306,LOC121151306,-,-,-,Un,-,uncharacterized LOC121151306,ncRNA,-,-,-,-,20210420,-
130825,121151307,LAPTM4B,-,-,-,Un,-,lysosomal protein transmembrane 4 beta,protein-coding,-,-,-,lysosomal-associated transmembrane protein 4B,20210420,-
130825,121151308,RPL30,-,-,-,Un,-,ribosomal protein L30,protein-coding,-,-,-,60S ribosomal protein L30,20210420,-
130825,121151309,RIDA,-,-,-,Un,-,reactive intermediate imine deaminase A homolog,protein-coding,-,-,-,2-iminobutanoate/2-iminopropanoate deaminase,20210420,-
130825,121151310,POP1,-,-,-,Un,-,"POP1 homolog, ribonuclease P/MRP subunit",protein-coding,-,-,-,ribonucleases P/MRP protein subunit POP1,20210420,-
130825,121151311,STK3,-,-,-,Un,-,serine/threonine kinase 3,protein-coding,-,-,-,serine/threonine-protein kinase 3,20210420,-
130825,121151312,VPS13B,-,-,-,Un,-,vacuolar protein sorting 13 homolog B,protein-coding,-,-,-,vacuolar protein sorting-associated protein 13B,20210420,-
130825,121151313,LOC121151313,-,-,-,Un,-,cytochrome c oxidase subunit 6C,protein-coding,-,-,-,cytochrome c oxidase subunit 6C,20210420,-
130825,121151314,SPAG1,-,-,-,Un,-,sperm associated antigen 1,protein-coding,-,-,-,sperm-associated antigen 1,20210420,-
130825,121151315,CSF1R,-,-,-,Un,-,colony stimulating factor 1 receptor,protein-coding,-,-,-,macrophage colony-stimulating factor 1 receptor,20210420,-
130825,121151316,LOC121151316,-,-,-,Un,-,uncharacterized LOC121151316,ncRNA,-,-,-,-,20210420,-
130825,121151317,RNF19A,-,-,-,Un,-,"ring finger protein 19A, RBR E3 ubiquitin protein ligase",protein-coding,-,-,-,E3 ubiquitin-protein ligase RNF19A,20210420,-
130825,121151318,ANKRD46,-,-,-,Un,-,ankyrin repeat domain 46,protein-coding,-,-,-,ankyrin repeat domain-containing protein 46,20210420,-
130825,121151319,SNX31,-,-,-,Un,-,sorting nexin 31,protein-coding,-,-,-,sorting nexin-31,20210420,-
130825,121151320,LOC121151320,-,-,-,Un,-,"cytochrome c oxidase assembly protein COX11, mitochondrial-like",protein-coding,-,-,-,"cytochrome c oxidase assembly protein COX11, mitochondrial-like",20210420,-
130825,121151321,PABPC1,-,-,-,Un,-,poly(A) binding protein cytoplasmic 1,protein-coding,-,-,-,polyadenylate-binding protein 1,20210522,-
130825,121151322,YWHAZ,-,-,-,Un,-,tyrosine 3-monooxygenase/tryptophan 5-monooxygenase activation protein zeta,protein-coding,-,-,-,14-3-3 protein zeta/delta,20210522,-
130825,121151323,LOC121151323,-,-,-,Un,-,uncharacterized LOC121151323,ncRNA,-,-,-,-,20210420,-
130825,121151324,ZNF706,-,-,-,Un,-,zinc finger protein 706,protein-coding,-,-,-,zinc finger protein 706,20210424,-
130825,121151325,NCALD,-,-,-,Un,-,neurocalcin delta,protein-coding,-,-,-,neurocalcin-delta,20210501,-
130825,121151326,LOC121151326,-,-,-,Un,-,uncharacterized LOC121151326,ncRNA,-,-,-,-,20210420,-
130825,121151327,RRM2B,-,-,-,Un,-,ribonucleotide reductase regulatory TP53 inducible subunit M2B,protein-coding,-,-,-,ribonucleoside-diphosphate reductase subunit M2 B,20210420,-
130825,121151328,UBR5,-,-,-,Un,-,ubiquitin protein ligase E3 component n-recognin 5,protein-coding,-,-,-,E3 ubiquitin-protein ligase UBR5,20210420,-
130825,121151329,KLF10,-,-,-,Un,-,Kruppel like factor 10,protein-coding,-,-,-,Krueppel-like factor 10,20210420,-
130825,121151330,AZIN1,-,-,-,Un,-,antizyme inhibitor 1,protein-coding,-,-,-,antizyme inhibitor 1,20210420,-
130825,121151331,LOC121151331,-,-,-,Un,-,uncharacterized LOC121151331,ncRNA,-,-,-,-,20210420,-
130825,121151332,ATP6V1C1,-,-,-,Un,-,ATPase H+ transporting V1 subunit C1,protein-coding,-,-,-,V-type proton ATPase subunit C 1,20210420,-
130825,121151333,LOC121151333,-,-,-,Un,-,mitochondrial folate transporter/carrier-like,protein-coding,-,-,-,mitochondrial folate transporter/carrier-like,20210420,-
130825,121151334,LOC121151334,-,-,-,Un,-,DDB1- and CUL4-associated factor 13,protein-coding,-,-,-,DDB1- and CUL4-associated factor 13,20210420,-
130825,121151335,LOC121151335,-,-,-,Un,-,regulating synaptic membrane exocytosis protein 2-like,protein-coding,-,-,-,regulating synaptic membrane exocytosis protein 2-like,20210420,-
130825,121151336,SLC26A2,-,-,-,Un,-,solute carrier family 26 member 2,protein-coding,-,-,-,sulfate transporter,20210420,-
130825,121151337,LOC121151337,-,-,-,Un,-,60S ribosomal protein L18-like,pseudo,-,-,-,-,20210420,-
130825,121151338,LOC121151338,-,-,-,Un,-,elongation factor 1-alpha 1-like,pseudo,-,-,-,-,20210420,-
130825,121151339,MOS,-,-,-,Un,-,"MOS proto-oncogene, serine/threonine kinase",protein-coding,-,-,-,proto-oncogene serine/threonine-protein kinase mos,20210420,-
130825,121151340,LOC121151340,-,-,-,Un,-,"39S ribosomal protein L49, mitochondrial-like",pseudo,-,-,-,-,20210420,-
130825,121151341,NPBWR1,-,-,-,Un,-,neuropeptides B and W receptor 1,protein-coding,-,-,-,neuropeptides B/W receptor type 1,20210420,-
130825,121151342,LOC121151342,-,-,-,Un,-,dual specificity protein phosphatase 14-like,pseudo,-,-,-,-,20210420,-
130825,121151343,PXDNL,-,-,-,Un,-,peroxidasin like,protein-coding,-,-,-,LOW QUALITY PROTEIN: peroxidasin-like protein,20210420,-
130825,121151344,LOC121151344,-,-,-,Un,-,Golgi-specific brefeldin A-resistance guanine nucleotide exchange factor 1-like,pseudo,-,-,-,-,20210420,-
130825,121151345,LOC121151345,-,-,-,Un,-,40S ribosomal protein S24-like,pseudo,-,-,-,-,20210420,-
130825,121151346,LOC121151346,-,-,-,Un,-,"NFU1 iron-sulfur cluster scaffold homolog, mitochondrial-like",pseudo,-,-,-,-,20210420,-
130825,121151347,LOC121151347,-,-,-,Un,-,tubulin alpha-1C chain-like,protein-coding,-,-,-,tubulin alpha-1C chain-like,20210420,-
130825,121151348,LOC121151348,-,-,-,Un,-,putative vomeronasal receptor-like protein 4,protein-coding,-,-,-,putative vomeronasal receptor-like protein 4,20210420,-
130825,121151349,MATN2,-,-,-,Un,-,matrilin 2,protein-coding,-,-,-,matrilin-2,20210420,-
130825,121151350,ERICH5,-,-,-,Un,-,glutamate rich 5,protein-coding,-,-,-,glutamate-rich protein 5,20210420,-
130825,121151351,LOC121151351,-,-,-,Un,-,40S ribosomal protein S15a-like,pseudo,-,-,-,-,20210420,-
130825,121151352,PDE6A,-,-,-,Un,-,phosphodiesterase 6A,protein-coding,-,-,-,"rod cGMP-specific 3',5'-cyclic phosphodiesterase subunit alpha",20210420,-
130825,121151353,LOC121151353,-,-,-,Un,-,basic salivary proline-rich protein 3-like,protein-coding,-,-,-,basic salivary proline-rich protein 3-like,20210420,-
130825,121151354,CTHRC1,-,-,-,Un,-,collagen triple helix repeat containing 1,protein-coding,-,-,-,collagen triple helix repeat-containing protein 1,20210420,-
130825,121151355,LOC121151355,-,-,-,Un,-,cytochrome P450 7A1,protein-coding,-,-,-,cytochrome P450 7A1,20210420,-
130825,121151356,FAM110B,-,-,-,Un,-,family with sequence similarity 110 member B,protein-coding,-,-,-,protein FAM110B,20210420,-
130825,121151357,LOC121151357,-,-,-,Un,-,hepatoma-derived growth factor-like,protein-coding,-,-,-,hepatoma-derived growth factor-like,20210420,-
130825,121151358,PENK,-,-,-,Un,-,proenkephalin,protein-coding,-,-,-,proenkephalin-A,20210420,-
130825,121151359,LOC121151359,-,-,-,Un,-,short-chain dehydrogenase/reductase family 16C member 6-like,protein-coding,-,-,-,short-chain dehydrogenase/reductase family 16C member 6-like,20210529,-
130825,121151360,SDR16C5,-,-,-,Un,-,short chain dehydrogenase/reductase family 16C member 5,protein-coding,-,-,-,epidermal retinol dehydrogenase 2,20210420,-
130825,121151361,RPS20,-,-,-,Un,-,ribosomal protein S20,protein-coding,-,-,-,40S ribosomal protein S20,20210424,-
130825,121151362,XKR4,-,-,-,Un,-,XK related 4,protein-coding,-,-,-,XK-related protein 4,20210420,-
130825,121151363,PPARGC1B,-,-,-,Un,-,PPARG coactivator 1 beta,protein-coding,-,-,-,peroxisome proliferator-activated receptor gamma coactivator 1-beta,20210420,-
130825,121151364,LOC121151364,-,-,-,Un,-,60S ribosomal protein L23a-like,pseudo,-,-,-,-,20210420,-
130825,121151365,SOX17,-,-,-,Un,-,SRY-box transcription factor 17,protein-coding,-,-,-,transcription factor SOX-17,20210420,-
130825,121151366,LOC121151366,-,-,-,Un,-,uncharacterized LOC121151366,ncRNA,-,-,-,-,20210420,-
130825,121151367,OPRK1,-,-,-,Un,-,opioid receptor kappa 1,protein-coding,-,-,-,kappa-type opioid receptor,20210420,-
130825,121151368,LOC121151368,-,-,-,Un,-,"DNA-directed RNA polymerases I, II, and III subunit RPABC4-like",pseudo,-,-,-,-,20210420,-
130825,121151369,ALKAL1,-,-,-,Un,-,ALK and LTK ligand 1,protein-coding,-,-,-,ALK and LTK ligand 1,20210420,-
130825,121151370,ST18,-,-,-,Un,-,ST18 C2H2C-type zinc finger transcription factor,protein-coding,-,-,-,suppression of tumorigenicity 18 protein,20210420,-
130825,121151371,SNTG1,-,-,-,Un,-,syntrophin gamma 1,protein-coding,-,-,-,gamma-1-syntrophin,20210420,-
130825,121151372,PPDPFL,-,-,-,Un,-,pancreatic progenitor cell differentiation and proliferation factor like,protein-coding,-,-,-,pancreatic progenitor cell differentiation and proliferation factor-like protein,20210420,-
130825,121151373,SNAI2,-,-,-,Un,-,snail family transcriptional repressor 2,protein-coding,-,-,-,zinc finger protein SNAI2|snail 2-like protein,20210420,-
130825,121151374,EFCAB1,-,-,-,Un,-,EF-hand calcium binding domain 1,protein-coding,-,-,-,EF-hand calcium-binding domain-containing protein 1,20210420,-
130825,121151375,LOC121151375,-,-,-,Un,-,elongation factor 1-alpha 1-like,pseudo,-,-,-,-,20210420,-
130825,121151376,GDF6,-,-,-,Un,-,growth differentiation factor 6,protein-coding,-,-,-,growth/differentiation factor 6,20210420,-
130825,121151377,LOC121151377,-,-,-,Un,-,cytochrome b-c1 complex subunit 7,protein-coding,-,-,-,cytochrome b-c1 complex subunit 7,20210420,-
130825,121151378,TSPYL5,-,-,-,Un,-,TSPY like 5,protein-coding,-,-,-,testis-specific Y-encoded-like protein 5,20210420,-
130825,121151379,NIPAL2,-,-,-,Un,-,NIPA like domain containing 2,protein-coding,-,-,-,NIPA-like protein 2,20210420,-
130825,121151380,KCNS2,-,-,-,Un,-,potassium voltage-gated channel modifier subfamily S member 2,protein-coding,-,-,-,potassium voltage-gated channel subfamily S member 2,20210420,-
130825,121151381,OSR2,-,-,-,Un,-,odd-skipped related transciption factor 2,protein-coding,-,-,-,protein odd-skipped-related 2,20210420,-
130825,121151382,RGS22,-,-,-,Un,-,regulator of G protein signaling 22,protein-coding,-,-,-,regulator of G-protein signaling 22,20210420,-
130825,121151383,ARHGEF37,-,-,-,Un,-,Rho guanine nucleotide exchange factor 37,protein-coding,-,-,-,rho guanine nucleotide exchange factor 37,20210420,-
130825,121151384,FBXO43,-,-,-,Un,-,F-box protein 43,protein-coding,-,-,-,F-box only protein 43,20210420,-
130825,121151385,POLR2K,-,-,-,Un,-,"RNA polymerase II, I and III subunit K",protein-coding,-,-,-,"DNA-directed RNA polymerases I, II, and III subunit RPABC4",20210522,-
130825,121151386,LOC121151386,-,-,-,Un,-,uncharacterized LOC121151386,ncRNA,-,-,-,-,20210420,-
130825,121151387,GRHL2,-,-,-,Un,-,grainyhead like transcription factor 2,protein-coding,-,-,-,grainyhead-like protein 2 homolog,20210420,-
130825,121151388,LOC121151388,-,-,-,Un,-,40S ribosomal protein S24-like,pseudo,-,-,-,-,20210420,-
130825,121151389,ODF1,-,-,-,Un,-,outer dense fiber of sperm tails 1,protein-coding,-,-,-,outer dense fiber protein 1,20210420,-
130825,121151390,BAALC,-,-,-,Un,-,BAALC binder of MAP3K1 and KLF4,protein-coding,-,-,-,brain and acute leukemia cytoplasmic protein,20210420,-
130825,121151391,FZD6,-,-,-,Un,-,frizzled class receptor 6,protein-coding,-,-,-,frizzled-6,20210420,-
130825,121151392,LOC121151392,-,-,-,Un,-,60S ribosomal protein L34-like,pseudo,-,-,-,-,20210420,-
130825,121151393,LOC121151393,-,-,-,Un,-,U2 spliceosomal RNA,pseudo,-,-,-,-,20210420,-
130825,121151394,LOC121151394,-,-,-,Un,-,U2 spliceosomal RNA,pseudo,-,-,-,-,20210420,-
130825,121151395,LOC121151395,-,-,-,Un,-,U2 spliceosomal RNA,pseudo,-,-,-,-,20210420,-
130825,121151396,LOC121151396,-,-,-,Un,-,U4 spliceosomal RNA,snRNA,-,-,-,-,20210420,-
130825,121151397,LOC121151397,-,-,-,Un,-,U6 spliceosomal RNA,snRNA,-,-,-,-,20210420,-
130825,121151398,LOC121151398,-,-,-,Un,-,U6 spliceosomal RNA,snRNA,-,-,-,-,20210420,-
130825,121151399,LOC121151399,-,-,-,Un,-,U6 spliceosomal RNA,snRNA,-,-,-,-,20210420,-
130825,121151400,LOC121151400,-,-,-,Un,-,U6 spliceosomal RNA,snRNA,-,-,-,-,20210420,-
130825,121151401,LOC121151401,-,-,-,Un,-,U6 spliceosomal RNA,snRNA,-,-,-,-,20210420,-
130825,121151402,LOC121151402,-,-,-,Un,-,U6 spliceosomal RNA,snRNA,-,-,-,-,20210420,-
130825,121151403,LOC121151403,-,-,-,Un,-,U6 spliceosomal RNA,pseudo,-,-,-,-,20210420,-
130825,121151404,LOC121151404,-,-,-,Un,-,U6 spliceosomal RNA,pseudo,-,-,-,-,20210420,-
130825,121151405,LOC121151405,-,-,-,Un,-,U6 spliceosomal RNA,snRNA,-,-,-,-,20210420,-
130825,121151406,LOC121151406,-,-,-,Un,-,U6 spliceosomal RNA,snRNA,-,-,-,-,20210420,-
130825,121151407,LOC121151407,-,-,-,Un,-,U6 spliceosomal RNA,pseudo,-,-,-,-,20210420,-
130825,121151408,LOC121151408,-,-,-,Un,-,U6 spliceosomal RNA,snRNA,-,-,-,-,20210420,-
130825,121151409,LOC121151409,-,-,-,Un,-,small nucleolar RNA SNORA72,snoRNA,-,-,-,-,20210420,-
130825,121151410,LOC121151410,-,-,-,Un,-,small nucleolar RNA SNORA70,snoRNA,-,-,-,-,20210420,-
130825,121151411,LOC121151411,-,-,-,Un,-,small nucleolar RNA U13,snoRNA,-,-,-,-,20210420,-
130825,121151412,LOC121151412,-,-,-,Un,-,small nucleolar RNA U54,snoRNA,-,-,-,-,20210420,-
130825,121151413,LOC121151413,-,-,-,Un,-,small nucleolar RNA SNORD2,snoRNA,-,-,-,-,20210420,-
130825,121151414,TRNAS-AGA,-,-,-,Un,-,transfer RNA serine (anticodon AGA),tRNA,-,-,-,-,20210420,-
130825,121151415,LOC121151415,-,-,-,Un,-,cytochrome P450 3A6-like,protein-coding,-,-,-,cytochrome P450 3A6-like,20210420,-
130825,121151416,TMEM248,-,-,-,Un,-,transmembrane protein 248,protein-coding,-,-,-,transmembrane protein 248,20210420,-
130825,121151417,RABGEF1,-,-,-,Un,-,RAB guanine nucleotide exchange factor 1,protein-coding,-,-,-,rab5 GDP/GTP exchange factor,20210420,-
130825,121151418,KCTD7,-,-,-,Un,-,potassium channel tetramerization domain containing 7,protein-coding,-,-,-,BTB/POZ domain-containing protein KCTD7,20210420,-
130825,121151419,TPST1,-,-,-,Un,-,tyrosylprotein sulfotransferase 1,protein-coding,-,-,-,protein-tyrosine sulfotransferase 1,20210420,-
130825,121151420,LOC121151420,-,-,-,Un,-,CGRP receptor component,protein-coding,-,-,-,DNA-directed RNA polymerase III subunit RPC9,20210420,-
130825,121151421,GUSB,-,-,-,Un,-,glucuronidase beta,protein-coding,-,-,-,beta-glucuronidase,20210420,-
130825,121151422,VKORC1L1,-,-,-,Un,-,vitamin K epoxide reductase complex subunit 1 like 1,protein-coding,-,-,-,vitamin K epoxide reductase complex subunit 1-like protein 1,20210420,-
130825,121151423,CHCHD2,-,-,-,Un,-,coiled-coil-helix-coiled-coil-helix domain containing 2,protein-coding,-,-,-,coiled-coil-helix-coiled-coil-helix domain-containing protein 2,20210420,-
130825,121151424,CCT6A,-,-,-,Un,-,chaperonin containing TCP1 subunit 6A,protein-coding,-,-,-,T-complex protein 1 subunit zeta,20210420,-
130825,121151425,NIPSNAP2,-,-,-,Un,-,nipsnap homolog 2,protein-coding,-,-,-,protein NipSnap homolog 2,20210420,-
130825,121151426,LOC121151426,-,-,-,Un,-,S-adenosyl-L-methionine-dependent tRNA 4-demethylwyosine synthase TYW1-like,protein-coding,-,-,-,S-adenosyl-L-methionine-dependent tRNA 4-demethylwyosine synthase TYW1-like,20210420,-
130825,121151427,SBDS,-,-,-,Un,-,SBDS ribosome maturation factor,protein-coding,-,-,-,ribosome maturation protein SBDS,20210420,-
130825,121151428,AUTS2,-,-,-,Un,-,activator of transcription and developmental regulator AUTS2,protein-coding,-,-,-,autism susceptibility gene 2 protein,20210420,-
130825,121151429,CASTOR2,-,-,-,Un,-,cytosolic arginine sensor for mTORC1 subunit 2,protein-coding,-,-,-,cytosolic arginine sensor for mTORC1 subunit 2,20210420,-
130825,121151430,RCC1L,-,-,-,Un,-,RCC1 like,protein-coding,-,-,-,RCC1-like G exchanging factor-like protein,20210420,-
130825,121151431,LOC121151431,-,-,-,Un,-,general transcription factor II-I repeat domain-containing protein 2B-like,protein-coding,-,-,-,general transcription factor II-I repeat domain-containing protein 2B-like,20210420,-
130825,121151432,NCF1,-,-,-,Un,-,neutrophil cytosolic factor 1,protein-coding,-,-,-,neutrophil cytosol factor 1,20210420,-
130825,121151433,GTF2I,-,-,-,Un,-,general transcription factor IIi,protein-coding,-,-,-,general transcription factor II-I,20210420,-
130825,121151434,CLIP2,-,-,-,Un,-,CAP-Gly domain containing linker protein 2,protein-coding,-,-,-,CAP-Gly domain-containing linker protein 2,20210420,-
130825,121151435,EIF4H,-,-,-,Un,-,eukaryotic translation initiation factor 4H,protein-coding,-,-,-,eukaryotic translation initiation factor 4H,20210420,-
130825,121151436,LAT2,-,-,-,Un,-,linker for activation of T cells family member 2,protein-coding,-,-,-,linker for activation of T-cells family member 2,20210420,-
130825,121151437,LIMK1,-,-,-,Un,-,LIM domain kinase 1,protein-coding,-,-,-,LIM domain kinase 1,20210420,-
130825,121151438,LOC121151438,-,-,-,Un,-,pre-mRNA-processing factor 17-like,pseudo,-,-,-,-,20210420,-
130825,121151439,BUD23,-,-,-,Un,-,BUD23 rRNA methyltransferase and ribosome maturation factor,protein-coding,-,-,-,probable 18S rRNA (guanine-N(7))-methyltransferase,20210420,-
130825,121151440,TBL2,-,-,-,Un,-,transducin beta like 2,protein-coding,-,-,-,transducin beta-like protein 2,20210420,-
130825,121151441,LOC121151441,-,-,-,Un,-,B-cell CLL/lymphoma 7 protein family member B,protein-coding,-,-,-,B-cell CLL/lymphoma 7 protein family member B,20210420,-
130825,121151442,LOC121151442,-,-,-,Un,-,tyrosine-protein kinase BAZ1B,protein-coding,-,-,-,tyrosine-protein kinase BAZ1B,20210420,-
130825,121151443,LOC121151443,-,-,-,Un,-,nuclear envelope pore membrane protein POM 121C-like,protein-coding,-,-,-,nuclear envelope pore membrane protein POM 121-like|nuclear envelope pore membrane protein POM 121C-like,20210420,-
130825,121151444,LOC121151444,-,-,-,Un,-,huntingtin-interacting protein 1,protein-coding,-,-,-,huntingtin-interacting protein 1,20210420,-
130825,121151445,LOC121151445,-,-,-,Un,-,uncharacterized LOC121151445,ncRNA,-,-,-,-,20210420,-
130825,121151446,LOC121151446,-,-,-,Un,-,28S rRNA (cytosine-C(5))-methyltransferase-like,protein-coding,-,-,-,28S rRNA (cytosine-C(5))-methyltransferase-like,20210420,-
130825,121151447,LOC121151447,-,-,-,Un,-,NADPH--cytochrome P450 reductase-like,protein-coding,-,-,-,NADPH--cytochrome P450 reductase-like|NADPH-cytochrome P-450 reductase,20210420,-
130825,121151448,LOC121151448,-,-,-,Un,-,ion channel TACAN,protein-coding,-,-,-,ion channel TACAN,20210420,-
130825,121151449,LOC121151449,-,-,-,Un,-,"malate dehydrogenase, mitochondrial",protein-coding,-,-,-,"malate dehydrogenase, mitochondrial",20210420,-
130825,121151450,LOC121151450,-,-,-,Un,-,14-3-3 protein gamma,protein-coding,-,-,-,14-3-3 protein gamma,20210424,-
130825,121151451,LOC121151451,-,-,-,Un,-,probable E3 ubiquitin-protein ligase DTX2,protein-coding,-,-,-,probable E3 ubiquitin-protein ligase DTX2,20210420,-
130825,121151452,RASA4B,-,-,-,Un,-,RAS p21 protein activator 4B,protein-coding,-,-,-,ras GTPase-activating protein 4B,20210420,-
130825,121151453,LRWD1,-,-,-,Un,-,leucine rich repeats and WD repeat domain containing 1,protein-coding,-,-,-,leucine-rich repeat and WD repeat-containing protein 1,20210420,-
130825,121151454,LOC121151454,-,-,-,Un,-,uncharacterized LOC121151454,ncRNA,-,-,-,-,20210420,-
130825,121151455,POLR2J,-,-,-,Un,-,RNA polymerase II subunit J,protein-coding,-,-,-,DNA-directed RNA polymerase II subunit RPB11-a,20210529,-
130825,121151456,ORAI2,-,-,-,Un,-,ORAI calcium release-activated calcium modulator 2,protein-coding,-,-,-,protein orai-2,20210420,-
130825,121151457,PRKRIP1,-,-,-,Un,-,PRKR interacting protein 1,protein-coding,-,-,-,PRKR-interacting protein 1,20210420,-
130825,121151458,CSNK1A1,-,-,-,Un,-,casein kinase 1 alpha 1,protein-coding,-,-,-,casein kinase I,20210522,-
130825,121151459,SH2B2,-,-,-,Un,-,SH2B adaptor protein 2,protein-coding,-,-,-,SH2B adapter protein 2,20210420,-
130825,121151460,CUX1,-,-,-,Un,-,cut like homeobox 1,protein-coding,-,-,-,homeobox protein cut-like 1|protein CASP,20210420,-
130825,121151461,MYL10,-,-,-,Un,-,myosin light chain 10,protein-coding,-,-,-,myosin regulatory light chain 10,20210420,-
130825,121151462,FIS1,-,-,-,Un,-,"fission, mitochondrial 1",protein-coding,-,-,-,mitochondrial fission 1 protein,20210420,-
130825,121151463,ZNHIT1,-,-,-,Un,-,zinc finger HIT-type containing 1,protein-coding,-,-,-,zinc finger HIT domain-containing protein 1,20210420,-
130825,121151464,PLOD3,-,-,-,Un,-,"procollagen-lysine,2-oxoglutarate 5-dioxygenase 3",protein-coding,-,-,-,multifunctional procollagen lysine hydroxylase and glycosyltransferase LH3,20210420,-
130825,121151465,LOC121151465,-,-,-,Un,-,2-acylglycerol O-acyltransferase 3-like,protein-coding,-,-,-,2-acylglycerol O-acyltransferase 3-like,20210420,-
130825,121151466,LOC121151466,-,-,-,Un,-,2-acylglycerol O-acyltransferase 3-like,protein-coding,-,-,-,2-acylglycerol O-acyltransferase 3-like,20210420,-
130825,121151467,LOC121151467,-,-,-,Un,-,2-acylglycerol O-acyltransferase 3-like,protein-coding,-,-,-,2-acylglycerol O-acyltransferase 3-like,20210420,-
130825,121151468,LOC121151468,-,-,-,Un,-,2-acylglycerol O-acyltransferase 3-like,protein-coding,-,-,-,2-acylglycerol O-acyltransferase 3-like,20210420,-
130825,121151469,LOC121151469,-,-,-,Un,-,2-acylglycerol O-acyltransferase 3-like,protein-coding,-,-,-,2-acylglycerol O-acyltransferase 3-like,20210420,-
130825,121151470,AP1S1,-,-,-,Un,-,adaptor related protein complex 1 subunit sigma 1,protein-coding,-,-,-,AP-1 complex subunit sigma-1A,20210424,-
130825,121151471,SERPINE1,-,-,-,Un,-,serpin family E member 1,protein-coding,-,-,-,plasminogen activator inhibitor 1,20210420,-
130825,121151472,TRIM56,-,-,-,Un,-,tripartite motif containing 56,protein-coding,-,-,-,E3 ubiquitin-protein ligase TRIM56,20210420,-
130825,121151473,EPHB4,-,-,-,Un,-,EPH receptor B4,protein-coding,-,-,-,ephrin type-B receptor 4,20210420,-
130825,121151474,SLC12A9,-,-,-,Un,-,solute carrier family 12 member 9,protein-coding,-,-,-,solute carrier family 12 member 9,20210420,-
130825,121151475,SRRT,-,-,-,Un,-,"serrate, RNA effector molecule",protein-coding,-,-,-,serrate RNA effector molecule homolog,20210420,-
130825,121151476,ACHE,-,-,-,Un,-,acetylcholinesterase (Cartwright blood group),protein-coding,-,-,-,acetylcholinesterase,20210420,-
130825,121151477,TRIP6,-,-,-,Un,-,thyroid hormone receptor interactor 6,protein-coding,-,-,-,thyroid receptor-interacting protein 6,20210420,-
130825,121151478,GIGYF1,-,-,-,Un,-,GRB10 interacting GYF protein 1,protein-coding,-,-,-,GRB10-interacting GYF protein 1,20210420,-
130825,121151479,GNB2,-,-,-,Un,-,G protein subunit beta 2,protein-coding,-,-,-,guanine nucleotide-binding protein G(I)/G(S)/G(T) subunit beta-2,20210522,-
130825,121151480,LRCH4,-,-,-,Un,-,leucine rich repeats and calponin homology domain containing 4,protein-coding,-,-,-,leucine-rich repeat and calponin homology domain-containing protein 4,20210420,-
130825,121151481,FBXO24,-,-,-,Un,-,F-box protein 24,protein-coding,-,-,-,F-box only protein 24,20210420,-
130825,121151482,SAP25,-,-,-,Un,-,Sin3A associated protein 25,protein-coding,-,-,-,histone deacetylase complex subunit SAP25,20210420,-
130825,121151483,AGFG2,-,-,-,Un,-,ArfGAP with FG repeats 2,protein-coding,-,-,-,arf-GAP domain and FG repeat-containing protein 2,20210420,-
130825,121151484,TSC22D4,-,-,-,Un,-,TSC22 domain family member 4,protein-coding,-,-,-,TSC22 domain family protein 4,20210420,-
130825,121151485,CUNH7orf61,-,-,-,Un,-,chromosome unknown C7orf61 homolog,protein-coding,-,-,-,uncharacterized protein C7orf61 homolog,20210420,-
130825,121151486,MEPCE,-,-,-,Un,-,methylphosphate capping enzyme,protein-coding,-,-,-,7SK snRNA methylphosphate capping enzyme,20210420,-
130825,121151487,ZCWPW1,-,-,-,Un,-,zinc finger CW-type and PWWP domain containing 1,protein-coding,-,-,-,LOW QUALITY PROTEIN: zinc finger CW-type PWWP domain protein 1,20210420,-
130825,121151488,PILRA,-,-,-,Un,-,paired immunoglobin like type 2 receptor alpha,protein-coding,-,-,-,paired immunoglobulin-like type 2 receptor alpha,20210420,-
130825,121151489,LOC121151489,-,-,-,Un,-,paired immunoglobulin-like type 2 receptor alpha,protein-coding,-,-,-,paired immunoglobulin-like type 2 receptor alpha,20210420,-
130825,121151490,TRAPPC14,-,-,-,Un,-,trafficking protein particle complex subunit 14,protein-coding,-,-,-,trafficking protein particle complex subunit 14,20210420,-
130825,121151491,LAMTOR4,-,-,-,Un,-,"late endosomal/lysosomal adaptor, MAPK and MTOR activator 4",protein-coding,-,-,-,ragulator complex protein LAMTOR4,20210420,-
130825,121151492,LOC121151492,-,-,-,Un,-,NXPE family member 3-like,protein-coding,-,-,-,NXPE family member 3-like,20210420,-
130825,121151493,MBLAC1,-,-,-,Un,-,metallo-beta-lactamase domain containing 1,protein-coding,-,-,-,metallo-beta-lactamase domain-containing protein 1,20210420,-
130825,121151494,CNPY4,-,-,-,Un,-,canopy FGF signaling regulator 4,protein-coding,-,-,-,protein canopy homolog 4,20210420,-
130825,121151495,TAF6,-,-,-,Un,-,TATA-box binding protein associated factor 6,protein-coding,-,-,-,transcription initiation factor TFIID subunit 6,20210420,-
130825,121151496,AP4M1,-,-,-,Un,-,adaptor related protein complex 4 subunit mu 1,protein-coding,-,-,-,AP-4 complex subunit mu-1,20210420,-
130825,121151497,MCM7,-,-,-,Un,-,minichromosome maintenance complex component 7,protein-coding,-,-,-,DNA replication licensing factor MCM7,20210420,-
130825,121151498,COPS6,-,-,-,Un,-,COP9 signalosome subunit 6,protein-coding,-,-,-,COP9 signalosome complex subunit 6,20210529,-
130825,121151499,ZNF3,-,-,-,Un,-,zinc finger protein 3,protein-coding,-,-,-,zinc finger protein 3,20210420,-
130825,121151500,ZKSCAN1,-,-,-,Un,-,zinc finger with KRAB and SCAN domains 1,protein-coding,-,-,-,zinc finger protein with KRAB and SCAN domains 1,20210420,-
130825,121151501,AZGP1,-,-,-,Un,-,"alpha-2-glycoprotein 1, zinc-binding",protein-coding,-,-,-,zinc-alpha-2-glycoprotein,20210420,-
130825,121151502,LOC121151502,-,-,-,Un,-,uncharacterized LOC121151502,ncRNA,-,-,-,-,20210420,-
130825,121151503,TRIM4,-,-,-,Un,-,tripartite motif containing 4,protein-coding,-,-,-,E3 ubiquitin-protein ligase TRIM4,20210420,-
130825,121151504,BCKDK,-,-,-,Un,-,branched chain keto acid dehydrogenase kinase,protein-coding,-,-,-,"3-methyl-2-oxobutanoate dehydrogenase [lipoamide] kinase, mitochondrial",20210420,-
130825,121151505,PCYOX1L,-,-,-,Un,-,prenylcysteine oxidase 1 like,protein-coding,-,-,-,prenylcysteine oxidase-like,20210420,-
130825,121151506,PRSS36,-,-,-,Un,-,serine protease 36,protein-coding,-,-,-,polyserase-2,20210420,-
130825,121151507,KAT8,-,-,-,Un,-,lysine acetyltransferase 8,protein-coding,-,-,-,histone acetyltransferase KAT8,20210522,-
130825,121151508,PRSS8,-,-,-,Un,-,serine protease 8,protein-coding,-,-,-,prostasin,20210420,-
130825,121151509,FUS,-,-,-,Un,-,FUS RNA binding protein,protein-coding,-,-,-,RNA-binding protein FUS,20210420,-
130825,121151510,ITGAM,-,-,-,Un,-,integrin subunit alpha M,protein-coding,-,-,-,integrin alpha-M,20210420,-
130825,121151511,GRPEL2,-,-,-,Un,-,"GrpE like 2, mitochondrial",protein-coding,-,-,-,"grpE protein homolog 2, mitochondrial",20210420,-
130825,121151512,ITGAX,-,-,-,Un,-,integrin subunit alpha X,protein-coding,-,-,-,integrin alpha-X,20210420,-
130825,121151513,LOC121151513,-,-,-,Un,-,uncharacterized LOC121151513,ncRNA,-,-,-,-,20210420,-
130825,121151514,LOC121151514,-,-,-,Un,-,alpha hemoglobin stabilizing protein,protein-coding,-,-,-,alpha-hemoglobin-stabilizing protein,20210420,-
130825,121151515,SLC5A2,-,-,-,Un,-,solute carrier family 5 member 2,protein-coding,-,-,-,sodium/glucose cotransporter 2,20210420,-
130825,121151516,RUSF1,-,-,-,Un,-,RUS family member 1,protein-coding,-,-,-,RUS family member 1,20210420,-
130825,121151517,ZNF646,-,-,-,Un,-,zinc finger protein 646,protein-coding,-,-,-,zinc finger protein 646,20210420,-
130825,121151518,AFAP1L1,-,-,-,Un,-,actin filament associated protein 1 like 1,protein-coding,-,-,-,actin filament-associated protein 1-like 1,20210420,-
130825,121151519,ARMC5,-,-,-,Un,-,armadillo repeat containing 5,protein-coding,-,-,-,armadillo repeat-containing protein 5,20210420,-
130825,121151520,PRSS53,-,-,-,Un,-,serine protease 53,protein-coding,-,-,-,serine protease 53,20210420,-
130825,121151521,TGFB1I1,-,-,-,Un,-,transforming growth factor beta 1 induced transcript 1,protein-coding,-,-,-,transforming growth factor beta-1-induced transcript 1 protein,20210420,-
130825,121151522,VKORC1,-,-,-,Un,-,vitamin K epoxide reductase complex subunit 1,protein-coding,-,-,-,vitamin K epoxide reductase complex subunit 1,20210420,-
130825,121151523,ZNF668,-,-,-,Un,-,zinc finger protein 668,protein-coding,-,-,-,zinc finger protein 668,20210420,-
130825,121151524,STX4,-,-,-,Un,-,syntaxin 4,protein-coding,-,-,-,syntaxin-4,20210420,-
130825,121151525,SETD1A,-,-,-,Un,-,"SET domain containing 1A, histone lysine methyltransferase",protein-coding,-,-,-,histone-lysine N-methyltransferase SETD1A,20210420,-
130825,121151526,HSD3B7,-,-,-,Un,-,"hydroxy-delta-5-steroid dehydrogenase, 3 beta- and steroid delta-isomerase 7",protein-coding,-,-,-,3 beta-hydroxysteroid dehydrogenase type 7,20210420,-
130825,121151527,ORAI3,-,-,-,Un,-,ORAI calcium release-activated calcium modulator 3,protein-coding,-,-,-,protein orai-3,20210420,-
130825,121151528,FBXL19,-,-,-,Un,-,F-box and leucine rich repeat protein 19,protein-coding,-,-,-,F-box/LRR-repeat protein 19,20210420,-
130825,121151529,ZNF629,-,-,-,Un,-,zinc finger protein 629,protein-coding,-,-,-,zinc finger protein 629,20210420,-
130825,121151530,RNF40,-,-,-,Un,-,ring finger protein 40,protein-coding,-,-,-,E3 ubiquitin-protein ligase BRE1B,20210420,-
130825,121151531,PHKG2,-,-,-,Un,-,phosphorylase kinase catalytic subunit gamma 2,protein-coding,-,-,-,"phosphorylase b kinase gamma catalytic chain, liver/testis isoform",20210420,-
130825,121151532,PHYKPL,-,-,-,Un,-,5-phosphohydroxy-L-lysine phospho-lyase,protein-coding,-,-,-,5-phosphohydroxy-L-lysine phospho-lyase,20210420,-
130825,121151533,CCDC189,-,-,-,Un,-,coiled-coil domain containing 189,protein-coding,-,-,-,coiled-coil domain-containing protein 189,20210420,-
130825,121151534,LOC121151534,-,-,-,Un,-,Snf2 related CREBBP activator protein,protein-coding,-,-,-,helicase SRCAP,20210420,-
130825,121151535,TMEM265,-,-,-,Un,-,transmembrane protein 265,protein-coding,-,-,-,transmembrane protein 265,20210420,-
130825,121151536,FBRS,-,-,-,Un,-,fibrosin,protein-coding,-,-,-,probable fibrosin-1,20210420,-
130825,121151537,PRR14,-,-,-,Un,-,proline rich 14,protein-coding,-,-,-,proline-rich protein 14,20210420,-
130825,121151538,ZNF689,-,-,-,Un,-,zinc finger protein 689,protein-coding,-,-,-,zinc finger protein 689,20210420,-
130825,121151539,ITGAL,-,-,-,Un,-,integrin subunit alpha L,protein-coding,-,-,-,integrin alpha-L,20210420,-
130825,121151540,SEPHS2,-,-,-,Un,-,selenophosphate synthetase 2,protein-coding,-,-,-,"selenide, water dikinase 2",20210420,-
130825,121151541,ZNF48,-,-,-,Un,-,zinc finger protein 48,protein-coding,-,-,-,zinc finger protein 48,20210420,-
130825,121151542,SEPTIN1,-,-,-,Un,-,septin 1,protein-coding,-,-,-,septin-1,20210420,-
130825,121151543,TBC1D10B,-,-,-,Un,-,TBC1 domain family member 10B,protein-coding,-,-,-,TBC1 domain family member 10B,20210420,-
130825,121151544,ABLIM3,-,-,-,Un,-,actin binding LIM protein family member 3,protein-coding,-,-,-,actin-binding LIM protein 3,20210420,-
130825,121151545,LOC121151545,-,-,-,Un,-,sesquipedalian-1-like,protein-coding,-,-,-,sesquipedalian-1-like,20210420,-
130825,121151546,CD2BP2,-,-,-,Un,-,CD2 cytoplasmic tail binding protein 2,protein-coding,-,-,-,CD2 antigen cytoplasmic tail-binding protein 2,20210420,-
130825,121151547,SPN,-,-,-,Un,-,sialophorin,protein-coding,-,-,-,leukosialin,20210420,-
130825,121151548,CUNH16orf54,-,-,-,Un,-,chromosome unknown C16orf54 homolog,protein-coding,-,-,-,transmembrane protein C16orf54 homolog,20210420,-
130825,121151549,KIF22,-,-,-,Un,-,kinesin family member 22,protein-coding,-,-,-,kinesin-like protein KIF22,20210420,-
130825,121151550,SH3TC2,-,-,-,Un,-,SH3 domain and tetratricopeptide repeats 2,protein-coding,-,-,-,SH3 domain and tetratricopeptide repeat-containing protein 2,20210420,-
130825,121151551,MAZ,-,-,-,Un,-,MYC associated zinc finger protein,protein-coding,-,-,-,myc-associated zinc finger protein,20210420,-
130825,121151552,LOC121151552,-,-,-,Un,-,major vault protein,protein-coding,-,-,-,major vault protein,20210420,-
130825,121151553,PAGR1,-,-,-,Un,-,PAXIP1 associated glutamate rich protein 1,protein-coding,-,-,-,PAXIP1-associated glutamate-rich protein 1,20210420,-
130825,121151554,CDIPT,-,-,-,Un,-,CDP-diacylglycerol--inositol 3-phosphatidyltransferase,protein-coding,-,-,-,CDP-diacylglycerol--inositol 3-phosphatidyltransferase,20210420,-
130825,121151555,KCTD13,-,-,-,Un,-,potassium channel tetramerization domain containing 13,protein-coding,-,-,-,BTB/POZ domain-containing adapter for CUL3-mediated RhoA degradation protein 1,20210420,-
130825,121151556,ASPHD1,-,-,-,Un,-,aspartate beta-hydroxylase domain containing 1,protein-coding,-,-,-,aspartate beta-hydroxylase domain-containing protein 1,20210420,-
130825,121151557,TMEM219,-,-,-,Un,-,transmembrane protein 219,protein-coding,-,-,-,insulin-like growth factor-binding protein 3 receptor,20210420,-
130825,121151558,ADRB2,-,-,-,Un,-,adrenoceptor beta 2,protein-coding,-,-,-,beta-2 adrenergic receptor,20210420,-
130825,121151559,TAOK2,-,-,-,Un,-,TAO kinase 2,protein-coding,-,-,-,serine/threonine-protein kinase TAO2,20210420,-
130825,121151560,HIRIP3,-,-,-,Un,-,HIRA interacting protein 3,protein-coding,-,-,-,HIRA-interacting protein 3,20210420,-
130825,121151561,DOC2A,-,-,-,Un,-,double C2 domain alpha,protein-coding,-,-,-,double C2-like domain-containing protein alpha,20210420,-
130825,121151562,INO80E,-,-,-,Un,-,INO80 complex subunit E,protein-coding,-,-,-,INO80 complex subunit E,20210420,-
130825,121151563,AP3S1,-,-,-,Un,-,adaptor related protein complex 3 subunit sigma 1,protein-coding,-,-,-,AP-3 complex subunit sigma-1,20210522,-
130825,121151564,ALDOA,-,-,-,Un,-,"aldolase, fructose-bisphosphate A",protein-coding,-,-,-,fructose-bisphosphate aldolase A,20210420,-
130825,121151565,TBX6,-,-,-,Un,-,T-box transcription factor 6,protein-coding,-,-,-,T-box transcription factor TBX6,20210420,-
130825,121151566,PPP4C,-,-,-,Un,-,protein phosphatase 4 catalytic subunit,protein-coding,-,-,-,serine/threonine-protein phosphatase 4 catalytic subunit,20210529,-
130825,121151567,YPEL3,-,-,-,Un,-,yippee like 3,protein-coding,-,-,-,protein yippee-like 3,20210529,-
130825,121151568,MAPK3,-,-,-,Un,-,mitogen-activated protein kinase 3,protein-coding,-,-,-,mitogen-activated protein kinase 3,20210420,-
130825,121151569,CORO1A,-,-,-,Un,-,coronin 1A,protein-coding,-,-,-,coronin-1A,20210420,-
130825,121151570,LOC121151570,-,-,-,Un,-,sulfotransferase 1A1,protein-coding,-,-,-,sulfotransferase 1A1,20210420,-
130825,121151571,SGF29,-,-,-,Un,-,SAGA complex associated factor 29,protein-coding,-,-,-,SAGA-associated factor 29,20210420,-
130825,121151572,SLX1A,-,-,-,Un,-,"SLX1 homolog A, structure-specific endonuclease subunit",protein-coding,-,-,-,structure-specific endonuclease subunit SLX1,20210420,-
130825,121151573,BOLA2B,-,-,-,Un,-,bolA family member 2B,protein-coding,-,-,-,bolA-like protein 2,20210420,-
130825,121151574,APOBR,-,-,-,Un,-,apolipoprotein B receptor,protein-coding,-,-,-,apolipoprotein B receptor,20210420,-
130825,121151575,CLN3,-,-,-,Un,-,"CLN3 lysosomal/endosomal transmembrane protein, battenin",protein-coding,-,-,-,battenin,20210420,-
130825,121151576,IL27,-,-,-,Un,-,interleukin 27,protein-coding,-,-,-,interleukin-27 subunit alpha,20210420,-
130825,121151577,LOC121151577,-,-,-,Un,-,eukaryotic translation initiation factor 3 subunit C,protein-coding,-,-,-,eukaryotic translation initiation factor 3 subunit C,20210420,-
130825,121151578,ATXN2L,-,-,-,Un,-,ataxin 2 like,protein-coding,-,-,-,ataxin-2-like protein,20210420,-
130825,121151579,TUFM,-,-,-,Un,-,"Tu translation elongation factor, mitochondrial",protein-coding,-,-,-,"elongation factor Tu, mitochondrial",20210420,-
130825,121151580,SH2B1,-,-,-,Un,-,SH2B adaptor protein 1,protein-coding,-,-,-,SH2B adapter protein 1,20210420,-
130825,121151581,ATP2A1,-,-,-,Un,-,ATPase sarcoplasmic/endoplasmic reticulum Ca2+ transporting 1,protein-coding,-,-,-,sarcoplasmic/endoplasmic reticulum calcium ATPase 1,20210420,-
130825,121151582,RABEP2,-,-,-,Un,-,"rabaptin, RAB GTPase binding effector protein 2",protein-coding,-,-,-,rab GTPase-binding effector protein 2,20210420,-
130825,121151583,LOC121151583,-,-,-,Un,-,uncharacterized LOC121151583,ncRNA,-,-,-,-,20210420,-
130825,121151584,CD19,-,-,-,Un,-,CD19 molecule,protein-coding,-,-,-,B-lymphocyte antigen CD19,20210420,-
130825,121151585,LOC121151585,-,-,-,Un,-,nuclear factor of activated T cells 2 interacting protein,protein-coding,-,-,-,NFATC2-interacting protein,20210420,-
130825,121151586,SPNS1,-,-,-,Un,-,sphingolipid transporter 1 (putative),protein-coding,-,-,-,protein spinster homolog 1,20210420,-
130825,121151587,ATG12,-,-,-,Un,-,autophagy related 12,protein-coding,-,-,-,ubiquitin-like protein ATG12,20210420,-
130825,121151588,LAT,-,-,-,Un,-,linker for activation of T cells,protein-coding,-,-,-,linker for activation of T-cells family member 1,20210420,-
130825,121151589,SBK1,-,-,-,Un,-,SH3 domain binding kinase 1,protein-coding,-,-,-,serine/threonine-protein kinase SBK1,20210420,-
130825,121151590,XPO6,-,-,-,Un,-,exportin 6,protein-coding,-,-,-,exportin-6,20210420,-
130825,121151591,LOC121151591,-,-,-,Un,-,katanin interacting protein,protein-coding,-,-,-,katanin-interacting protein,20210420,-
130825,121151592,GTF3C1,-,-,-,Un,-,general transcription factor IIIC subunit 1,protein-coding,-,-,-,general transcription factor 3C polypeptide 1,20210420,-
130825,121151593,IL21R,-,-,-,Un,-,interleukin 21 receptor,protein-coding,-,-,-,interleukin-21 receptor,20210420,-
130825,121151594,LOC121151594,-,-,-,Un,-,TIR domain-containing adapter molecule 2-like,protein-coding,-,-,-,TIR domain-containing adapter molecule 2-like,20210420,-
130825,121151595,IL4R,-,-,-,Un,-,interleukin 4 receptor,protein-coding,-,-,-,interleukin-4 receptor subunit alpha,20210420,-
130825,121151596,NSMCE1,-,-,-,Un,-,"NSE1 homolog, SMC5-SMC6 complex component",protein-coding,-,-,-,non-structural maintenance of chromosomes element 1 homolog,20210420,-
130825,121151597,KDM8,-,-,-,Un,-,lysine demethylase 8,protein-coding,-,-,-,bifunctional peptidase and arginyl-hydroxylase JMJD5,20210420,-
130825,121151598,LCMT1,-,-,-,Un,-,leucine carboxyl methyltransferase 1,protein-coding,-,-,-,leucine carboxyl methyltransferase 1,20210420,-
130825,121151599,ARHGAP17,-,-,-,Un,-,Rho GTPase activating protein 17,protein-coding,-,-,-,rho GTPase-activating protein 17,20210420,-
130825,121151600,FEM1C,-,-,-,Un,-,fem-1 homolog C,protein-coding,-,-,-,protein fem-1 homolog C,20210420,-
130825,121151601,TNRC6A,-,-,-,Un,-,trinucleotide repeat containing adaptor 6A,protein-coding,-,-,-,trinucleotide repeat-containing gene 6A protein,20210420,-
130825,121151602,RBBP6,-,-,-,Un,-,"RB binding protein 6, ubiquitin ligase",protein-coding,-,-,-,E3 ubiquitin-protein ligase RBBP6,20210420,-
130825,121151603,PRKCB,-,-,-,Un,-,protein kinase C beta,protein-coding,-,-,-,protein kinase C beta type,20210420,-
130825,121151604,LOC121151604,-,-,-,Un,-,uncharacterized LOC121151604,ncRNA,-,-,-,-,20210420,-
130825,121151605,PLK1,-,-,-,Un,-,polo like kinase 1,protein-coding,-,-,-,serine/threonine-protein kinase PLK1,20210420,-
130825,121151606,DCTN5,-,-,-,Un,-,dynactin subunit 5,protein-coding,-,-,-,dynactin subunit 5,20210501,-
130825,121151607,CCDC112,-,-,-,Un,-,coiled-coil domain containing 112,protein-coding,-,-,-,coiled-coil domain-containing protein 112,20210420,-
130825,121151608,PALB2,-,-,-,Un,-,partner and localizer of BRCA2,protein-coding,-,-,-,partner and localizer of BRCA2,20210420,-
130825,121151609,NDUFAB1,-,-,-,Un,-,NADH:ubiquinone oxidoreductase subunit AB1,protein-coding,-,-,-,"acyl carrier protein, mitochondrial",20210420,-
130825,121151610,UBFD1,-,-,-,Un,-,ubiquitin family domain containing 1,protein-coding,-,-,-,ubiquitin domain-containing protein UBFD1,20210420,-
130825,121151611,EARS2,-,-,-,Un,-,"glutamyl-tRNA synthetase 2, mitochondrial",protein-coding,-,-,-,"probable glutamate--tRNA ligase, mitochondrial",20210420,-
130825,121151612,COG7,-,-,-,Un,-,component of oligomeric golgi complex 7,protein-coding,-,-,-,conserved oligomeric Golgi complex subunit 7,20210420,-
130825,121151613,GGA2,-,-,-,Un,-,"golgi associated, gamma adaptin ear containing, ARF binding protein 2",protein-coding,-,-,-,ADP-ribosylation factor-binding protein GGA2,20210420,-
130825,121151614,USP31,-,-,-,Un,-,ubiquitin specific peptidase 31,protein-coding,-,-,-,ubiquitin carboxyl-terminal hydrolase 31,20210420,-
130825,121151615,METTL9,-,-,-,Un,-,methyltransferase like 9,protein-coding,-,-,-,methyltransferase-like protein 9,20210420,-
130825,121151616,IGSF6,-,-,-,Un,-,immunoglobulin superfamily member 6,protein-coding,-,-,-,immunoglobulin superfamily member 6,20210420,-
130825,121151617,CDR2,-,-,-,Un,-,cerebellar degeneration related protein 2,protein-coding,-,-,-,cerebellar degeneration-related protein 2,20210420,-
130825,121151618,POLR3E,-,-,-,Un,-,RNA polymerase III subunit E,protein-coding,-,-,-,DNA-directed RNA polymerase III subunit RPC5,20210420,-
130825,121151619,EEF2K,-,-,-,Un,-,eukaryotic elongation factor 2 kinase,protein-coding,-,-,-,eukaryotic elongation factor 2 kinase,20210420,-
130825,121151620,VWA3A,-,-,-,Un,-,von Willebrand factor A domain containing 3A,protein-coding,-,-,-,von Willebrand factor A domain-containing protein 3A,20210420,-
130825,121151621,MOSMO,-,-,-,Un,-,modulator of smoothened,protein-coding,-,-,-,modulator of smoothened protein,20210420,-
130825,121151622,LOC121151622,-,-,-,Un,-,"cytochrome b-c1 complex subunit 2, mitochondrial",protein-coding,-,-,-,"cytochrome b-c1 complex subunit 2, mitochondrial",20210420,-
130825,121151623,LOC121151623,-,-,-,Un,-,lipid droplet assembly factor 1-like,protein-coding,-,-,-,lipid droplet assembly factor 1-like,20210420,-
130825,121151624,PGGT1B,-,-,-,Un,-,protein geranylgeranyltransferase type I subunit beta,protein-coding,-,-,-,geranylgeranyl transferase type-1 subunit beta,20210420,-
130825,121151625,LOC121151625,-,-,-,Un,-,LYR motif-containing protein 1,protein-coding,-,-,-,LYR motif-containing protein 1,20210420,-
130825,121151626,LOC121151626,-,-,-,Un,-,DCN1-like protein 3,protein-coding,-,-,-,DCN1-like protein 3,20210420,-
130825,121151627,LOC121151627,-,-,-,Un,-,RNA exonuclease 5-like,protein-coding,-,-,-,RNA exonuclease 5-like,20210420,-
130825,121151628,LOC121151628,-,-,-,Un,-,ERI1 exoribonuclease 2-like,protein-coding,-,-,-,ERI1 exoribonuclease 2-like,20210420,-
130825,121151629,LOC121151629,-,-,-,Un,-,"acyl-coenzyme A synthetase ACSM3, mitochondrial",protein-coding,-,-,-,"acyl-coenzyme A synthetase ACSM3, mitochondrial",20210420,-
130825,121151630,THUMPD1,-,-,-,Un,-,THUMP domain containing 1,protein-coding,-,-,-,THUMP domain-containing protein 1,20210420,-
130825,121151631,YTHDC2,-,-,-,Un,-,YTH domain containing 2,protein-coding,-,-,-,3'-5' RNA helicase YTHDC2,20210420,-
130825,121151632,RRN3,-,-,-,Un,-,"RRN3 homolog, RNA polymerase I transcription factor",protein-coding,-,-,-,RNA polymerase I-specific transcription initiation factor RRN3,20210420,-
130825,121151633,PDXDC1,-,-,-,Un,-,pyridoxal dependent decarboxylase domain containing 1,protein-coding,-,-,-,pyridoxal-dependent decarboxylase domain-containing protein 1,20210420,-
130825,121151634,NTAN1,-,-,-,Un,-,N-terminal asparagine amidase,protein-coding,-,-,-,protein N-terminal asparagine amidohydrolase,20210420,-
130825,121151635,MARF1,-,-,-,Un,-,meiosis regulator and mRNA stability factor 1,protein-coding,-,-,-,meiosis regulator and mRNA stability factor 1,20210420,-
130825,121151636,MYH11,-,-,-,Un,-,myosin heavy chain 11,protein-coding,-,-,-,myosin-11,20210420,-
130825,121151637,MCC,-,-,-,Un,-,MCC regulator of WNT signaling pathway,protein-coding,-,-,-,colorectal mutant cancer protein,20210420,-
130825,121151638,NDE1,-,-,-,Un,-,nudE neurodevelopment protein 1,protein-coding,-,-,-,nuclear distribution protein nudE homolog 1,20210420,-
130825,121151639,CEP20,-,-,-,Un,-,centrosomal protein 20,protein-coding,-,-,-,centrosomal protein 20,20210420,-
130825,121151640,ABCC1,-,-,-,Un,-,ATP binding cassette subfamily C member 1,protein-coding,-,-,-,multidrug resistance-associated protein 1,20210420,-
130825,121151641,DCP2,-,-,-,Un,-,decapping mRNA 2,protein-coding,-,-,-,m7GpppN-mRNA hydrolase,20210420,-
130825,121151642,LOC121151642,-,-,-,Un,-,nodal modulator 1,protein-coding,-,-,-,nodal modulator 1,20210420,-
130825,121151643,XYLT1,-,-,-,Un,-,xylosyltransferase 1,protein-coding,-,-,-,xylosyltransferase 1,20210420,-
130825,121151644,RPS15A,-,-,-,Un,-,ribosomal protein S15a,protein-coding,-,-,-,40S ribosomal protein S15a,20210501,-
130825,121151645,ARL6IP1,-,-,-,Un,-,ADP ribosylation factor like GTPase 6 interacting protein 1,protein-coding,-,-,-,ADP-ribosylation factor-like protein 6-interacting protein 1,20210420,-
130825,121151646,SMG1,-,-,-,Un,-,SMG1 nonsense mediated mRNA decay associated PI3K related kinase,protein-coding,-,-,-,serine/threonine-protein kinase SMG1,20210420,-
130825,121151647,ITPRIPL2,-,-,-,Un,-,ITPRIP like 2,protein-coding,-,-,-,"inositol 1,4,5-trisphosphate receptor-interacting protein-like 2",20210420,-
130825,121151648,CCP110,-,-,-,Un,-,centriolar coiled-coil protein 110,protein-coding,-,-,-,centriolar coiled-coil protein of 110 kDa,20210420,-
130825,121151649,GDE1,-,-,-,Un,-,glycerophosphodiester phosphodiesterase 1,protein-coding,-,-,-,glycerophosphodiester phosphodiesterase 1,20210420,-
130825,121151650,REEP5,-,-,-,Un,-,receptor accessory protein 5,protein-coding,-,-,-,receptor expression-enhancing protein 5,20210420,-
130825,121151651,VPS35L,-,-,-,Un,-,VPS35 endosomal protein sorting factor like,protein-coding,-,-,-,VPS35 endosomal protein-sorting factor-like,20210420,-
130825,121151652,KNOP1,-,-,-,Un,-,lysine rich nucleolar protein 1,protein-coding,-,-,-,lysine-rich nucleolar protein 1,20210420,-
130825,121151653,BFAR,-,-,-,Un,-,bifunctional apoptosis regulator,protein-coding,-,-,-,bifunctional apoptosis regulator,20210420,-
130825,121151654,PARN,-,-,-,Un,-,poly(A)-specific ribonuclease,protein-coding,-,-,-,poly(A)-specific ribonuclease PARN,20210420,-
130825,121151655,LOC121151655,-,-,-,Un,-,COMM domain-containing protein 6-like,pseudo,-,-,-,-,20210420,-
130825,121151656,SRP19,-,-,-,Un,-,signal recognition particle 19,protein-coding,-,-,-,signal recognition particle 19 kDa protein,20210420,-
130825,121151657,MRTFB,-,-,-,Un,-,myocardin related transcription factor B,protein-coding,-,-,-,myocardin-related transcription factor B,20210420,-
130825,121151658,ERCC4,-,-,-,Un,-,"ERCC excision repair 4, endonuclease catalytic subunit",protein-coding,-,-,-,DNA repair endonuclease XPF,20210420,-
130825,121151659,SHISA9,-,-,-,Un,-,shisa family member 9,protein-coding,-,-,-,protein shisa-9,20210420,-
130825,121151660,CPPED1,-,-,-,Un,-,calcineurin like phosphoesterase domain containing 1,protein-coding,-,-,-,serine/threonine-protein phosphatase CPPED1,20210420,-
130825,121151661,SNX29,-,-,-,Un,-,sorting nexin 29,protein-coding,-,-,-,sorting nexin-29,20210420,-
130825,121151662,TNFRSF17,-,-,-,Un,-,TNF receptor superfamily member 17,protein-coding,-,-,-,tumor necrosis factor receptor superfamily member 17,20210420,-
130825,121151663,GSPT1,-,-,-,Un,-,G1 to S phase transition 1,protein-coding,-,-,-,eukaryotic peptide chain release factor GTP-binding subunit ERF3A,20210420,-
130825,121151664,RSL1D1,-,-,-,Un,-,ribosomal L1 domain containing 1,protein-coding,-,-,-,ribosomal L1 domain-containing protein 1,20210420,-
130825,121151665,ZC3H7A,-,-,-,Un,-,zinc finger CCCH-type containing 7A,protein-coding,-,-,-,zinc finger CCCH domain-containing protein 7A,20210420,-
130825,121151666,TXNDC11,-,-,-,Un,-,thioredoxin domain containing 11,protein-coding,-,-,-,thioredoxin domain-containing protein 11,20210420,-
130825,121151667,SNN,-,-,-,Un,-,stannin,protein-coding,-,-,-,stannin,20210420,-
130825,121151668,LITAF,-,-,-,Un,-,lipopolysaccharide induced TNF factor,protein-coding,-,-,-,lipopolysaccharide-induced tumor necrosis factor-alpha factor,20210420,-
130825,121151669,LOC121151669,-,-,-,Un,-,uncharacterized LOC121151669,ncRNA,-,-,-,-,20210420,-
130825,121151670,APC,-,-,-,Un,-,APC regulator of WNT signaling pathway,protein-coding,-,-,-,adenomatous polyposis coli protein,20210420,-
130825,121151671,CLEC16A,-,-,-,Un,-,C-type lectin domain containing 16A,protein-coding,-,-,-,protein CLEC16A,20210420,-
130825,121151672,LOC121151672,-,-,-,Un,-,60S ribosomal protein L36a-like,protein-coding,-,-,-,60S ribosomal protein L36a-like,20210420,-
130825,121151673,CIITA,-,-,-,Un,-,class II major histocompatibility complex transactivator,protein-coding,-,-,-,MHC class II transactivator,20210420,-
130825,121151674,DEXI,-,-,-,Un,-,Dexi homolog,protein-coding,-,-,-,dexamethasone-induced protein,20210420,-
130825,121151675,NUBP1,-,-,-,Un,-,nucleotide binding protein 1,protein-coding,-,-,-,cytosolic Fe-S cluster assembly factor NUBP1,20210420,-
130825,121151676,ATF7IP2,-,-,-,Un,-,activating transcription factor 7 interacting protein 2,protein-coding,-,-,-,activating transcription factor 7-interacting protein 2,20210420,-
130825,121151677,GRIN2A,-,-,-,Un,-,glutamate ionotropic receptor NMDA type subunit 2A,protein-coding,-,-,-,"glutamate receptor ionotropic, NMDA 2A",20210420,-
130825,121151678,CUNH16orf72,-,-,-,Un,-,chromosome unknown C16orf72 homolog,protein-coding,-,-,-,UPF0472 protein C16orf72 homolog,20210529,-
130825,121151679,LOC121151679,-,-,-,Un,-,uncharacterized LOC121151679,ncRNA,-,-,-,-,20210420,-
130825,121151680,EPB41L4A,-,-,-,Un,-,erythrocyte membrane protein band 4.1 like 4A,protein-coding,-,-,-,band 4.1-like protein 4A,20210420,-
130825,121151681,LOC121151681,-,-,-,Un,-,uncharacterized LOC121151681,ncRNA,-,-,-,-,20210420,-
130825,121151682,USP7,-,-,-,Un,-,ubiquitin specific peptidase 7,protein-coding,-,-,-,ubiquitin carboxyl-terminal hydrolase 7,20210420,-
130825,121151683,PMM2,-,-,-,Un,-,phosphomannomutase 2,protein-coding,-,-,-,phosphomannomutase 2,20210420,-
130825,121151684,CARHSP1,-,-,-,Un,-,calcium regulated heat stable protein 1,protein-coding,-,-,-,calcium-regulated heat-stable protein 1,20210420,-
130825,121151685,LOC121151685,-,-,-,Un,-,uncharacterized LOC121151685,ncRNA,-,-,-,-,20210420,-
130825,121151686,METTL22,-,-,-,Un,-,methyltransferase like 22,protein-coding,-,-,-,LOW QUALITY PROTEIN: methyltransferase-like protein 22,20210420,-
130825,121151687,LOC121151687,-,-,-,Un,-,uncharacterized LOC121151687,ncRNA,-,-,-,-,20210420,-
130825,121151688,RBFOX1,-,-,-,Un,-,RNA binding fox-1 homolog 1,protein-coding,-,-,-,RNA binding protein fox-1 homolog 1,20210420,-
130825,121151689,CAMK4,-,-,-,Un,-,calcium/calmodulin dependent protein kinase IV,protein-coding,-,-,-,calcium/calmodulin-dependent protein kinase type IV,20210420,-
130825,121151690,ALG1,-,-,-,Un,-,ALG1 chitobiosyldiphosphodolichol beta-mannosyltransferase,protein-coding,-,-,-,chitobiosyldiphosphodolichol beta-mannosyltransferase,20210420,-
130825,121151691,CUNH16orf89,-,-,-,Un,-,chromosome unknown C16orf89 homolog,protein-coding,-,-,-,UPF0764 protein C16orf89 homolog,20210420,-
130825,121151692,EEF2KMT,-,-,-,Un,-,eukaryotic elongation factor 2 lysine methyltransferase,protein-coding,-,-,-,protein-lysine N-methyltransferase EEF2KMT,20210420,-
130825,121151693,LOC121151693,-,-,-,Un,-,"10 kDa heat shock protein, mitochondrial",protein-coding,-,-,-,"10 kDa heat shock protein, mitochondrial",20210522,-
130825,121151694,LOC121151694,-,-,-,Un,-,uncharacterized LOC121151694,ncRNA,-,-,-,-,20210420,-
130825,121151695,NAGPA,-,-,-,Un,-,N-acetylglucosamine-1-phosphodiester alpha-N-acetylglucosaminidase,protein-coding,-,-,-,N-acetylglucosamine-1-phosphodiester alpha-N-acetylglucosaminidase,20210420,-
130825,121151696,SEC14L5,-,-,-,Un,-,SEC14 like lipid binding 5,protein-coding,-,-,-,SEC14-like protein 5,20210420,-
130825,121151697,PPL,-,-,-,Un,-,periplakin,protein-coding,-,-,-,periplakin,20210420,-
130825,121151698,UBN1,-,-,-,Un,-,ubinuclein 1,protein-coding,-,-,-,ubinuclein-1,20210420,-
130825,121151699,STARD4,-,-,-,Un,-,StAR related lipid transfer domain containing 4,protein-coding,-,-,-,stAR-related lipid transfer protein 4,20210420,-
130825,121151700,GLYR1,-,-,-,Un,-,glyoxylate reductase 1 homolog,protein-coding,-,-,-,putative oxidoreductase GLYR1,20210420,-
130825,121151701,ANKS3,-,-,-,Un,-,ankyrin repeat and sterile alpha motif domain containing 3,protein-coding,-,-,-,ankyrin repeat and SAM domain-containing protein 3,20210420,-
130825,121151702,MGRN1,-,-,-,Un,-,mahogunin ring finger 1,protein-coding,-,-,-,E3 ubiquitin-protein ligase MGRN1,20210420,-
130825,121151703,DNAAF8,-,-,-,Un,-,dynein axonemal assembly factor 8,protein-coding,-,-,-,dynein axonemal-associated protein 1,20210420,-
130825,121151704,ZNF500,-,-,-,Un,-,zinc finger protein 500,protein-coding,-,-,-,zinc finger protein 500,20210420,-
130825,121151705,NUDT16L1,-,-,-,Un,-,nudix hydrolase 16 like 1,protein-coding,-,-,-,tudor-interacting repair regulator protein,20210420,-
130825,121151706,LOC121151706,-,-,-,Un,-,uncharacterized LOC121151706,ncRNA,-,-,-,-,20210420,-
130825,121151707,HMOX2,-,-,-,Un,-,heme oxygenase 2,protein-coding,-,-,-,heme oxygenase 2,20210420,-
130825,121151708,CDIP1,-,-,-,Un,-,cell death inducing p53 target 1,protein-coding,-,-,-,cell death-inducing p53-target protein 1,20210420,-
130825,121151709,SH3BP5L,-,-,-,Un,-,SH3 binding domain protein 5 like,protein-coding,-,-,-,SH3 domain-binding protein 5-like,20210420,-
130825,121151710,DNAJA3,-,-,-,Un,-,DnaJ heat shock protein family (Hsp40) member A3,protein-coding,-,-,-,"dnaJ homolog subfamily A member 3, mitochondrial",20210420,-
130825,121151711,VASN,-,-,-,Un,-,vasorin,protein-coding,-,-,-,vasorin,20210420,-
130825,121151712,PAM16,-,-,-,Un,-,presequence translocase associated motor 16,protein-coding,-,-,-,mitochondrial import inner membrane translocase subunit TIM16,20210420,-
130825,121151713,TFAP4,-,-,-,Un,-,transcription factor AP-4,protein-coding,-,-,-,transcription factor AP-4,20210420,-
130825,121151714,ADCY9,-,-,-,Un,-,adenylate cyclase 9,protein-coding,-,-,-,adenylate cyclase type 9,20210420,-
130825,121151715,LOC121151715,-,-,-,Un,-,CREB binding protein,protein-coding,-,-,-,CREB-binding protein,20210420,-
130825,121151716,LOC121151716,-,-,-,Un,-,"heat shock protein 75 kDa, mitochondrial-like",protein-coding,-,-,-,"heat shock protein 75 kDa, mitochondrial-like",20210420,-
130825,121151717,LOC121151717,-,-,-,Un,-,deoxyribonuclease-1-like,protein-coding,-,-,-,deoxyribonuclease-1-like,20210420,-
130825,121151718,LOC121151718,-,-,-,Un,-,uncharacterized LOC121151718,ncRNA,-,-,-,-,20210420,-
130825,121151719,LOC121151719,-,-,-,Un,-,NLR family CARD domain-containing protein 3-like,protein-coding,-,-,-,NLR family CARD domain-containing protein 3-like,20210420,-
130825,121151720,LOC121151720,-,-,-,Un,-,clusterin-associated protein 1,protein-coding,-,-,-,clusterin-associated protein 1,20210420,-
130825,121151721,LOC121151721,-,-,-,Un,-,N-alpha-acetyltransferase 60,protein-coding,-,-,-,N-alpha-acetyltransferase 60,20210420,-
130825,121151722,TRIM58,-,-,-,Un,-,tripartite motif containing 58,protein-coding,-,-,-,E3 ubiquitin-protein ligase TRIM58,20210420,-
130825,121151723,LOC121151723,-,-,-,Un,-,pyrin-like,protein-coding,-,-,-,pyrin-like,20210420,-
130825,121151724,LOC121151724,-,-,-,Un,-,zinc finger protein 263,protein-coding,-,-,-,zinc finger protein 263,20210420,-
130825,121151725,LOC121151725,-,-,-,Un,-,putative zinc finger protein 75C,protein-coding,-,-,-,putative zinc finger protein 75C|zinc finger protein 75D-like,20210420,-
130825,121151726,LOC121151726,-,-,-,Un,-,zinc finger protein 597-like,protein-coding,-,-,-,zinc finger protein 597-like,20210420,-
130825,121151727,LOC121151727,-,-,-,Un,-,zinc finger protein 174-like,protein-coding,-,-,-,zinc finger protein 174-like,20210420,-
130825,121151728,LOC121151728,-,-,-,Un,-,zinc finger protein 200-like,protein-coding,-,-,-,zinc finger protein 200-like,20210420,-
130825,121151729,LOC121151729,-,-,-,Un,-,olfactory receptor 1361-like,protein-coding,-,-,-,olfactory receptor 1361-like,20210420,-
130825,121151730,LOC121151730,-,-,-,Un,-,olfactory receptor 15-like,protein-coding,-,-,-,olfactory receptor 15-like,20210420,-
130825,121151731,LOC121151731,-,-,-,Un,-,matrix metalloproteinase-25-like,protein-coding,-,-,-,matrix metalloproteinase-25-like,20210420,-
130825,121151732,LOC121151732,-,-,-,Un,-,olfactory receptor 2G2-like,protein-coding,-,-,-,LOW QUALITY PROTEIN: olfactory receptor 2G2-like,20210420,-
130825,121151733,LOC121151733,-,-,-,Un,-,BICD family-like cargo adapter 2,protein-coding,-,-,-,BICD family-like cargo adapter 2,20210420,-
130825,121151734,LOC121151734,-,-,-,Un,-,THO complex subunit 6 homolog,protein-coding,-,-,-,THO complex subunit 6 homolog,20210420,-
130825,121151735,LOC121151735,-,-,-,Un,-,host cell factor C1 regulator 1-like,protein-coding,-,-,-,host cell factor C1 regulator 1-like,20210420,-
130825,121151736,LOC121151736,-,-,-,Un,-,membrane-associated tyrosine- and threonine-specific cdc2-inhibitory kinase,protein-coding,-,-,-,membrane-associated tyrosine- and threonine-specific cdc2-inhibitory kinase,20210420,-
130825,121151737,LOC121151737,-,-,-,Un,-,progestin and adipoQ receptor family member 4,protein-coding,-,-,-,progestin and adipoQ receptor family member 4,20210529,-
130825,121151738,GCSAML,-,-,-,Un,-,germinal center associated signaling and motility like,protein-coding,-,-,-,germinal center-associated signaling and motility-like protein,20210420,-
130825,121151739,LOC121151739,-,-,-,Un,-,polycystin-1-like,protein-coding,-,-,-,polycystin-1-like,20210420,-
130825,121151740,LOC121151740,-,-,-,Un,-,serine/arginine repetitive matrix protein 2-like,protein-coding,-,-,-,serine/arginine repetitive matrix protein 2-like,20210420,-
130825,121151741,LOC121151741,-,-,-,Un,-,tuberin,protein-coding,-,-,-,tuberin,20210420,-
130825,121151742,LOC121151742,-,-,-,Un,-,phospholipid-transporting ATPase ABCA3,protein-coding,-,-,-,phospholipid-transporting ATPase ABCA3,20210420,-
130825,121151743,NLRP3,-,-,-,Un,-,NLR family pyrin domain containing 3,protein-coding,-,-,-,"NACHT, LRR and PYD domains-containing protein 3",20210420,-
130825,121151744,LOC121151744,-,-,-,Un,-,caskin-1,protein-coding,-,-,-,caskin-1,20210420,-
130825,121151745,LOC121151745,-,-,-,Un,-,transcription factor E4F1,protein-coding,-,-,-,transcription factor E4F1,20210420,-
130825,121151746,LOC121151746,-,-,-,Un,-,cyclin-F-like,protein-coding,-,-,-,cyclin-F-like,20210420,-
130825,121151747,LOC121151747,-,-,-,Un,-,FLYWCH-type zinc finger-containing protein 1-like,protein-coding,-,-,-,FLYWCH-type zinc finger-containing protein 1-like,20210420,-
130825,121151748,LOC121151748,-,-,-,Un,-,E3 ubiquitin-protein ligase TRAF7,protein-coding,-,-,-,E3 ubiquitin-protein ligase TRAF7,20210420,-
130825,121151749,LOC121151749,-,-,-,Un,-,N-acetylglucosamine-6-phosphate deacetylase,protein-coding,-,-,-,N-acetylglucosamine-6-phosphate deacetylase,20210420,-
130825,121151750,LOC121151750,-,-,-,Un,-,3-phosphoinositide-dependent protein kinase 1,protein-coding,-,-,-,3-phosphoinositide-dependent protein kinase 1,20210420,-
130825,121151751,LOC121151751,-,-,-,Un,-,TBC1 domain family member 24,protein-coding,-,-,-,TBC1 domain family member 24,20210420,-
130825,121151752,SLC4A9,-,-,-,Un,-,solute carrier family 4 member 9,protein-coding,-,-,-,anion exchange protein 4,20210420,-
130825,121151753,ZNF496,-,-,-,Un,-,zinc finger protein 496,protein-coding,-,-,-,zinc finger protein 496,20210420,-
130825,121151754,LOC121151754,-,-,-,Un,-,netrin-3,protein-coding,-,-,-,netrin-3,20210420,-
130825,121151755,LOC121151755,-,-,-,Un,-,tubulin epsilon and delta complex protein 2-like,protein-coding,-,-,-,tubulin epsilon and delta complex protein 2-like,20210420,-
130825,121151756,LOC121151756,-,-,-,Un,-,target of rapamycin complex subunit LST8-like,protein-coding,-,-,-,target of rapamycin complex subunit LST8-like,20210420,-
130825,121151757,LOC121151757,-,-,-,Un,-,glycerol-3-phosphate phosphatase,protein-coding,-,-,-,glycerol-3-phosphate phosphatase,20210420,-
130825,121151758,LOC121151758,-,-,-,Un,-,deoxyribonuclease-1-like 2,protein-coding,-,-,-,deoxyribonuclease-1-like 2,20210420,-
130825,121151759,LOC121151759,-,-,-,Un,-,RNA-binding protein with serine-rich domain 1,protein-coding,-,-,-,RNA-binding protein with serine-rich domain 1,20210420,-
130825,121151760,LOC121151760,-,-,-,Un,-,"enoyl-CoA delta isomerase 1, mitochondrial-like",protein-coding,-,-,-,"enoyl-CoA delta isomerase 1, mitochondrial-like",20210420,-
130825,121151761,LOC121151761,-,-,-,Un,-,ras-related protein Rab-26,protein-coding,-,-,-,ras-related protein Rab-26,20210420,-
130825,121151762,LOC121151762,-,-,-,Un,-,BTB/POZ domain-containing protein KCTD5,protein-coding,-,-,-,BTB/POZ domain-containing protein KCTD5,20210420,-
130825,121151763,LOC121151763,-,-,-,Un,-,elongin-B,protein-coding,-,-,-,elongin-B,20210420,-
130825,121151764,LOC121151764,-,-,-,Un,-,zymogen granule protein 16 homolog B-like,protein-coding,-,-,-,zymogen granule protein 16 homolog B-like,20210420,-
130825,121151765,LOC121151765,-,-,-,Un,-,FLYWCH family member 2-like,protein-coding,-,-,-,FLYWCH family member 2-like,20210420,-
130825,121151766,LOC121151766,-,-,-,Un,-,mitochondrial import inner membrane translocase subunit TIM14-like,pseudo,-,-,-,-,20210420,-
130825,121151767,LOC121151767,-,-,-,Un,-,V-type proton ATPase 16 kDa proteolipid subunit,protein-coding,-,-,-,V-type proton ATPase 16 kDa proteolipid subunit,20210420,-
130825,121151768,TRIM11,-,-,-,Un,-,tripartite motif containing 11,protein-coding,-,-,-,E3 ubiquitin-protein ligase TRIM11,20210420,-
130825,121151769,LOC121151769,-,-,-,Un,-,uncharacterized LOC121151769,ncRNA,-,-,-,-,20210420,-
130825,121151770,LOC121151770,-,-,-,Un,-,Na(+)/H(+) exchange regulatory cofactor NHE-RF2,protein-coding,-,-,-,Na(+)/H(+) exchange regulatory cofactor NHE-RF2,20210420,-
130825,121151771,LOC121151771,-,-,-,Un,-,endonuclease III-like protein 1,protein-coding,-,-,-,endonuclease III-like protein 1,20210420,-
130825,121151772,LOC121151772,-,-,-,Un,-,E3 ubiquitin-protein ligase ZNF598-like,protein-coding,-,-,-,E3 ubiquitin-protein ligase ZNF598-like,20210420,-
130825,121151773,LOC121151773,-,-,-,Un,-,40S ribosomal protein S2-like,protein-coding,-,-,-,40S ribosomal protein S2-like,20210420,-
130825,121151774,LOC121151774,-,-,-,Un,-,NADH dehydrogenase [ubiquinone] 1 beta subcomplex subunit 10,protein-coding,-,-,-,NADH dehydrogenase [ubiquinone] 1 beta subcomplex subunit 10,20210420,-
130825,121151775,IFT140,-,-,-,Un,-,intraflagellar transport 140,protein-coding,-,-,-,intraflagellar transport protein 140 homolog,20210420,-
130825,121151776,OBSCN,-,-,-,Un,-,"obscurin, cytoskeletal calmodulin and titin-interacting RhoGEF",protein-coding,-,-,-,obscurin,20210420,-
130825,121151777,LOC121151777,-,-,-,Un,-,C-Jun-amino-terminal kinase-interacting protein 3,protein-coding,-,-,-,C-Jun-amino-terminal kinase-interacting protein 3,20210420,-
130825,121151778,LOC121151778,-,-,-,Un,-,protein cramped-like,protein-coding,-,-,-,protein cramped-like,20210420,-
130825,121151779,TELO2,-,-,-,Un,-,telomere maintenance 2,protein-coding,-,-,-,telomere length regulation protein TEL2 homolog,20210420,-
130825,121151780,CLCN7,-,-,-,Un,-,chloride voltage-gated channel 7,protein-coding,-,-,-,H(+)/Cl(-) exchange transporter 7,20210420,-
130825,121151781,LOC121151781,-,-,-,Un,-,meiosis-specific with OB domain-containing protein-like,protein-coding,-,-,-,meiosis-specific with OB domain-containing protein-like,20210420,-
130825,121151782,GJC2,-,-,-,Un,-,gap junction protein gamma 2,protein-coding,-,-,-,gap junction gamma-2 protein,20210420,-
130825,121151783,LOC121151783,-,-,-,Un,-,SPRY domain-containing SOCS box protein 3-like,protein-coding,-,-,-,SPRY domain-containing SOCS box protein 3-like|uncharacterized protein LOC121151783,20210420,-
130825,121151784,LOC121151784,-,-,-,Un,-,"hydroxyacylglutathione hydrolase, mitochondrial",protein-coding,-,-,-,"hydroxyacylglutathione hydrolase, mitochondrial",20210420,-
130825,121151785,LOC121151785,-,-,-,Un,-,cytosolic Fe-S cluster assembly factor NUBP2,protein-coding,-,-,-,cytosolic Fe-S cluster assembly factor NUBP2,20210420,-
130825,121151786,LOC121151786,-,-,-,Un,-,"28S ribosomal protein S34, mitochondrial-like",protein-coding,-,-,-,"28S ribosomal protein S34, mitochondrial-like",20210420,-
130825,121151787,TMEM204,-,-,-,Un,-,transmembrane protein 204,protein-coding,-,-,-,transmembrane protein 204,20210420,-
130825,121151788,PERCC1,-,-,-,Un,-,proline and glutamate rich with coiled coil 1,protein-coding,-,-,-,protein PERCC1,20210420,-
130825,121151789,LOC121151789,-,-,-,Un,-,"acylpyruvase FAHD1, mitochondrial-like",protein-coding,-,-,-,"acylpyruvase FAHD1, mitochondrial-like",20210420,-
130825,121151790,LOC121151790,-,-,-,Un,-,jupiter microtubule associated homolog 2-like,protein-coding,-,-,-,jupiter microtubule associated homolog 2-like,20210420,-
130825,121151791,LOC121151791,-,-,-,Un,-,nucleoside diphosphate kinase 3,protein-coding,-,-,-,nucleoside diphosphate kinase 3,20210420,-
130825,121151792,IBA57,-,-,-,Un,-,iron-sulfur cluster assembly factor IBA57,protein-coding,-,-,-,"putative transferase CAF17, mitochondrial",20210420,-
130825,121151793,BAIAP3,-,-,-,Un,-,BAI1 associated protein 3,protein-coding,-,-,-,BAI1-associated protein 3,20210420,-
130825,121151794,GNPTG,-,-,-,Un,-,N-acetylglucosamine-1-phosphate transferase subunit gamma,protein-coding,-,-,-,N-acetylglucosamine-1-phosphotransferase subunit gamma,20210420,-
130825,121151795,UBE2I,-,-,-,Un,-,ubiquitin conjugating enzyme E2 I,protein-coding,-,-,-,SUMO-conjugating enzyme UBC9,20210515,-
130825,121151796,LMF1,-,-,-,Un,-,lipase maturation factor 1,protein-coding,-,-,-,lipase maturation factor 1,20210420,-
130825,121151797,CHTF18,-,-,-,Un,-,chromosome transmission fidelity factor 18,protein-coding,-,-,-,chromosome transmission fidelity protein 18 homolog,20210420,-
130825,121151798,GNG13,-,-,-,Un,-,G protein subunit gamma 13,protein-coding,-,-,-,guanine nucleotide-binding protein G(I)/G(S)/G(O) subunit gamma-13,20210420,-
130825,121151799,CIAO3,-,-,-,Un,-,cytosolic iron-sulfur assembly component 3,protein-coding,-,-,-,cytosolic iron-sulfur assembly component 3,20210420,-
130825,121151800,ANTKMT,-,-,-,Un,-,adenine nucleotide translocase lysine methyltransferase,protein-coding,-,-,-,adenine nucleotide translocase lysine N-methyltransferase,20210420,-
130825,121151801,GUK1,-,-,-,Un,-,guanylate kinase 1,protein-coding,-,-,-,guanylate kinase,20210420,-
130825,121151802,WDR24,-,-,-,Un,-,WD repeat domain 24,protein-coding,-,-,-,GATOR complex protein WDR24,20210420,-
130825,121151803,STUB1,-,-,-,Un,-,STIP1 homology and U-box containing protein 1,protein-coding,-,-,-,E3 ubiquitin-protein ligase CHIP,20210420,-
130825,121151804,RHOT2,-,-,-,Un,-,ras homolog family member T2,protein-coding,-,-,-,mitochondrial Rho GTPase 2,20210420,-
130825,121151805,WFIKKN1,-,-,-,Un,-,"WAP, follistatin/kazal, immunoglobulin, kunitz and netrin domain containing 1",protein-coding,-,-,-,"WAP, Kazal, immunoglobulin, Kunitz and NTR domain-containing protein 1",20210420,-
130825,121151806,RAB40C,-,-,-,Un,-,"RAB40C, member RAS oncogene family",protein-coding,-,-,-,ras-related protein Rab-40C,20210420,-
130825,121151807,PIGQ,-,-,-,Un,-,phosphatidylinositol glycan anchor biosynthesis class Q,protein-coding,-,-,-,phosphatidylinositol N-acetylglucosaminyltransferase subunit Q,20210420,-
130825,121151808,CAPN15,-,-,-,Un,-,calpain 15,protein-coding,-,-,-,calpain-15,20210420,-
130825,121151809,RAB11FIP3,-,-,-,Un,-,RAB11 family interacting protein 3,protein-coding,-,-,-,rab11 family-interacting protein 3,20210420,-
130825,121151810,DECR2,-,-,-,Un,-,"2,4-dienoyl-CoA reductase 2",protein-coding,-,-,-,"peroxisomal 2,4-dienoyl-CoA reductase [(3E)-enoyl-CoA-producing]",20210420,-
130825,121151811,NME4,-,-,-,Un,-,NME/NM23 nucleoside diphosphate kinase 4,protein-coding,-,-,-,"nucleoside diphosphate kinase, mitochondrial",20210420,-
130825,121151812,PGAP6,-,-,-,Un,-,post-glycosylphosphatidylinositol attachment to proteins 6,protein-coding,-,-,-,post-GPI attachment to proteins factor 6,20210420,-
130825,121151813,AXIN1,-,-,-,Un,-,axin 1,protein-coding,-,-,-,axin-1,20210420,-
130825,121151814,FAM234A,-,-,-,Un,-,family with sequence similarity 234 member A,protein-coding,-,-,-,protein FAM234A,20210420,-
130825,121151815,CUNH1orf35,-,-,-,Un,-,chromosome unknown C1orf35 homolog,protein-coding,-,-,-,multiple myeloma tumor-associated protein 2,20210420,-
130825,121151816,RGS11,-,-,-,Un,-,regulator of G protein signaling 11,protein-coding,-,-,-,regulator of G-protein signaling 11,20210420,-
130825,121151817,PDIA2,-,-,-,Un,-,protein disulfide isomerase family A member 2,protein-coding,-,-,-,protein disulfide-isomerase A2,20210420,-
130825,121151818,ARHGDIG,-,-,-,Un,-,Rho GDP dissociation inhibitor gamma,protein-coding,-,-,-,rho GDP-dissociation inhibitor 3,20210420,-
130825,121151819,LUC7L,-,-,-,Un,-,LUC7 like,protein-coding,-,-,-,putative RNA-binding protein Luc7-like 1,20210420,-
130825,121151820,HBQ1,-,-,-,Un,-,hemoglobin subunit theta 1,protein-coding,-,-,-,hemoglobin subunit theta-1,20210420,-
130825,121151821,HBA1,-,-,-,Un,-,hemoglobin subunit alpha 1,protein-coding,-,-,-,hemoglobin subunit alpha|hemoglobin alpha chain,20210420,-
130825,121151822,NPRL3,-,-,-,Un,-,"NPR3 like, GATOR1 complex subunit",protein-coding,-,-,-,GATOR complex protein NPRL3,20210420,-
130825,121151823,ARF1,-,-,-,Un,-,ADP ribosylation factor 1,protein-coding,-,-,-,ADP-ribosylation factor 1,20210424,-
130825,121151824,MPG,-,-,-,Un,-,N-methylpurine DNA glycosylase,protein-coding,-,-,-,DNA-3-methyladenine glycosylase,20210420,-
130825,121151825,RHBDF1,-,-,-,Un,-,rhomboid 5 homolog 1,protein-coding,-,-,-,inactive rhomboid protein 1,20210420,-
130825,121151826,POLR3K,-,-,-,Un,-,RNA polymerase III subunit K,protein-coding,-,-,-,DNA-directed RNA polymerase III subunit RPC10,20210420,-
130825,121151827,LOC121151827,-,-,-,Un,-,"NADH dehydrogenase [ubiquinone] iron-sulfur protein 3, mitochondrial-like",pseudo,-,-,-,-,20210420,-
130825,121151828,LOC121151828,-,-,-,Un,-,deubiquitinase OTUD6B-like,pseudo,-,-,-,-,20210420,-
130825,121151829,LOC121151829,-,-,-,Un,-,aryl hydrocarbon receptor-like,pseudo,-,-,-,-,20210420,-
130825,121151830,LOC121151830,-,-,-,Un,-,male-specific lethal 3 homolog,protein-coding,-,-,-,male-specific lethal 3 homolog,20210420,-
130825,121151831,LOC121151831,-,-,-,Un,-,TBC1 domain family member 12-like,pseudo,-,-,-,-,20210420,-
130825,121151832,LOC121151832,-,-,-,Un,-,60S ribosomal protein L32-like,pseudo,-,-,-,-,20210420,-
130825,121151833,GPR143,-,-,-,Un,-,G protein-coupled receptor 143,protein-coding,-,-,-,G-protein coupled receptor 143,20210420,-
130825,121151834,LOC121151834,-,-,-,Un,-,S-adenosyl-L-methionine-dependent tRNA 4-demethylwyosine synthase TYW1-like,protein-coding,-,-,-,S-adenosyl-L-methionine-dependent tRNA 4-demethylwyosine synthase TYW1-like,20210420,-
130825,121151835,LOC121151835,-,-,-,Un,-,WW domain-binding protein 11-like,pseudo,-,-,-,-,20210420,-
130825,121151836,ELN,-,-,-,Un,-,elastin,protein-coding,-,-,-,elastin,20210420,-
130825,121151837,WNT9A,-,-,-,Un,-,Wnt family member 9A,protein-coding,-,-,-,protein Wnt-9a,20210420,-
130825,121151838,TMEM270,-,-,-,Un,-,transmembrane protein 270,protein-coding,-,-,-,transmembrane protein 270,20210420,-
130825,121151839,DNAJC30,-,-,-,Un,-,DnaJ heat shock protein family (Hsp40) member C30,protein-coding,-,-,-,"dnaJ homolog subfamily C member 30, mitochondrial",20210420,-
130825,121151840,LOC121151840,-,-,-,Un,-,inactive peptidyl-prolyl cis-trans isomerase FKBP6-like,protein-coding,-,-,-,inactive peptidyl-prolyl cis-trans isomerase FKBP6-like,20210420,-
130825,121151841,LOC121151841,-,-,-,Un,-,scavenger receptor cysteine-rich domain-containing group B protein-like,protein-coding,-,-,-,scavenger receptor cysteine-rich domain-containing group B protein-like,20210420,-
130825,121151842,LOC121151842,-,-,-,Un,-,2-acylglycerol O-acyltransferase 3-like,protein-coding,-,-,-,2-acylglycerol O-acyltransferase 3-like,20210420,-
130825,121151843,LOC121151843,-,-,-,Un,-,2-acylglycerol O-acyltransferase 3-like,protein-coding,-,-,-,2-acylglycerol O-acyltransferase 3-like,20210420,-
130825,121151844,LOC121151844,-,-,-,Un,-,2-acylglycerol O-acyltransferase 3-like,protein-coding,-,-,-,2-acylglycerol O-acyltransferase 3-like,20210420,-
130825,121151845,LOC121151845,-,-,-,Un,-,2-acylglycerol O-acyltransferase 3-like,protein-coding,-,-,-,2-acylglycerol O-acyltransferase 3-like,20210420,-
130825,121151846,LOC121151846,-,-,-,Un,-,2-acylglycerol O-acyltransferase 3-like,protein-coding,-,-,-,2-acylglycerol O-acyltransferase 3-like,20210420,-
130825,121151847,LOC121151847,-,-,-,Un,-,mucin-12-like,protein-coding,-,-,-,mucin-12-like,20210420,-
130825,121151848,SNAP47,-,-,-,Un,-,synaptosome associated protein 47,protein-coding,-,-,-,synaptosomal-associated protein 47,20210420,-
130825,121151849,UFSP1,-,-,-,Un,-,UFM1 specific peptidase 1 (inactive),protein-coding,-,-,-,inactive Ufm1-specific protease 1,20210420,-
130825,121151850,ZAN,-,-,-,Un,-,zonadhesin,protein-coding,-,-,-,zonadhesin,20210420,-
130825,121151851,LOC121151851,-,-,-,Un,-,insulin receptor substrate 1-like,protein-coding,-,-,-,LOW QUALITY PROTEIN: insulin receptor substrate 1-like,20210420,-
130825,121151852,STAG3,-,-,-,Un,-,stromal antigen 3,protein-coding,-,-,-,cohesin subunit SA-3,20210420,-
130825,121151853,LOC121151853,-,-,-,Un,-,40S ribosomal protein S17-like,pseudo,-,-,-,-,20210420,-
130825,121151854,LOC121151854,-,-,-,Un,-,NXPE family member 3-like,protein-coding,-,-,-,NXPE family member 3-like,20210420,-
130825,121151855,GJC3,-,-,-,Un,-,gap junction protein gamma 3,protein-coding,-,-,-,gap junction gamma-3 protein,20210420,-
130825,121151856,LOC121151856,-,-,-,Un,-,cardiotrophin-2-like,protein-coding,-,-,-,cardiotrophin-2-like,20210420,-
130825,121151857,LOC121151857,-,-,-,Un,-,zinc finger protein 764-like,protein-coding,-,-,-,zinc finger protein 764-like,20210420,-
130825,121151858,LOC121151858,-,-,-,Un,-,formin-like protein 7,protein-coding,-,-,-,formin-like protein 7,20210420,-
130825,121151859,DCTPP1,-,-,-,Un,-,dCTP pyrophosphatase 1,protein-coding,-,-,-,dCTP pyrophosphatase 1,20210420,-
130825,121151860,QPRT,-,-,-,Un,-,quinolinate phosphoribosyltransferase,protein-coding,-,-,-,LOW QUALITY PROTEIN: nicotinate-nucleotide pyrophosphorylase [carboxylating],20210420,-
130825,121151861,ZG16,-,-,-,Un,-,zymogen granule protein 16,protein-coding,-,-,-,zymogen granule membrane protein 16,20210420,-
130825,121151862,LOC121151862,-,-,-,Un,-,keratin-associated protein 10-2,protein-coding,-,-,-,uncharaterized LOC112694756 homolog,20210420,-
130825,121151863,LOC121151863,-,-,-,Un,-,60S ribosomal protein L36a-like,pseudo,-,-,-,-,20210420,-
130825,121151864,AQP8,-,-,-,Un,-,aquaporin 8,protein-coding,-,-,-,aquaporin-8,20210420,-
130825,121151865,ERN2,-,-,-,Un,-,endoplasmic reticulum to nucleus signaling 2,protein-coding,-,-,-,serine/threonine-protein kinase/endoribonuclease IRE2,20210420,-
130825,121151866,JMJD4,-,-,-,Un,-,jumonji domain containing 4,protein-coding,-,-,-,2-oxoglutarate and iron-dependent oxygenase JMJD4,20210420,-
130825,121151867,OTOA,-,-,-,Un,-,otoancorin,protein-coding,-,-,-,otoancorin,20210420,-
130825,121151868,SDR42E2,-,-,-,Un,-,"short chain dehydrogenase/reductase family 42E, member 2",protein-coding,-,-,-,putative short-chain dehydrogenase/reductase family 42E member 2,20210420,-
130825,121151869,LOC121151869,-,-,-,Un,-,phospholipid-transporting ATPase ABCA3-like,protein-coding,-,-,-,phospholipid-transporting ATPase ABCA3-like,20210420,-
130825,121151870,LOC121151870,-,-,-,Un,-,phospholipid-transporting ATPase ABCA3-like,protein-coding,-,-,-,phospholipid-transporting ATPase ABCA3-like,20210420,-
130825,121151871,ACSM4,-,-,-,Un,-,acyl-CoA synthetase medium chain family member 4,protein-coding,-,-,-,"acyl-coenzyme A synthetase ACSM4, mitochondrial",20210420,-
130825,121151872,ABCC6,-,-,-,Un,-,ATP binding cassette subfamily C member 6,protein-coding,-,-,-,ATP-binding cassette sub-family C member 6,20210420,-
130825,121151873,LOC121151873,-,-,-,Un,-,BRCA2 and CDKN1A-interacting protein-like,pseudo,-,-,-,-,20210420,-
130825,121151874,IQCK,-,-,-,Un,-,IQ motif containing K,protein-coding,-,-,-,IQ domain-containing protein K,20210420,-
130825,121151875,GPRC5B,-,-,-,Un,-,G protein-coupled receptor class C group 5 member B,protein-coding,-,-,-,G-protein coupled receptor family C group 5 member B,20210420,-
130825,121151876,PLA2G10,-,-,-,Un,-,phospholipase A2 group X,protein-coding,-,-,-,group 10 secretory phospholipase A2,20210420,-
130825,121151877,LOC121151877,-,-,-,Un,-,uncharacterized LOC121151877,protein-coding,-,-,-,uncharacterized protein LOC121151877,20210420,-
130825,121151878,TVP23A,-,-,-,Un,-,trans-golgi network vesicle protein 23 homolog A,protein-coding,-,-,-,Golgi apparatus membrane protein TVP23 homolog A,20210420,-
130825,121151879,UBALD1,-,-,-,Un,-,UBA like domain containing 1,protein-coding,-,-,-,UBA-like domain-containing protein 1,20210420,-
130825,121151880,CUNH16orf96,-,-,-,Un,-,chromosome unknown C16orf96 homolog,protein-coding,-,-,-,uncharacterized protein C16orf96 homolog,20210420,-
130825,121151881,LOC121151881,-,-,-,Un,-,coronin-7-like,protein-coding,-,-,-,coronin-7-like,20210420,-
130825,121151882,SRL,-,-,-,Un,-,sarcalumenin,protein-coding,-,-,-,sarcalumenin,20210420,-
130825,121151883,LOC121151883,-,-,-,Un,-,structure-specific endonuclease subunit SLX4-like,protein-coding,-,-,-,structure-specific endonuclease subunit SLX4-like,20210420,-
130825,121151884,LOC121151884,-,-,-,Un,-,uncharacterized protein C16orf90 homolog,protein-coding,-,-,-,uncharacterized protein C16orf90 homolog,20210420,-
130825,121151885,LOC121151885,-,-,-,Un,-,olfactory receptor 1361-like,protein-coding,-,-,-,olfactory receptor 1361-like,20210420,-
130825,121151886,LOC121151886,-,-,-,Un,-,olfactory receptor 1F1-like,protein-coding,-,-,-,olfactory receptor 1F1-like,20210420,-
130825,121151887,LOC121151887,-,-,-,Un,-,putative caspase-16,protein-coding,-,-,-,putative caspase-16,20210420,-
130825,121151888,LOC121151888,-,-,-,Un,-,zinc finger protein 213-like,protein-coding,-,-,-,zinc finger protein 213-like,20210420,-
130825,121151889,LOC121151889,-,-,-,Un,-,zinc finger and SCAN domain-containing protein 10-like,protein-coding,-,-,-,zinc finger and SCAN domain-containing protein 10-like,20210420,-
130825,121151890,LOC121151890,-,-,-,Un,-,palmitoyltransferase ZDHHC6-like,pseudo,-,-,-,-,20210420,-
130825,121151891,LOC121151891,-,-,-,Un,-,tumor necrosis factor receptor superfamily member 12A-like,protein-coding,-,-,-,tumor necrosis factor receptor superfamily member 12A-like,20210420,-
130825,121151892,LOC121151892,-,-,-,Un,-,serine protease 33-like,protein-coding,-,-,-,serine protease 33-like,20210420,-
130825,121151893,LOC121151893,-,-,-,Un,-,testisin-like,protein-coding,-,-,-,testisin-like,20210420,-
130825,121151894,LOC121151894,-,-,-,Un,-,serine protease 41-like,protein-coding,-,-,-,serine protease 41-like,20210420,-
130825,121151895,LOC121151895,-,-,-,Un,-,brain-specific serine protease 4-like,protein-coding,-,-,-,brain-specific serine protease 4-like,20210420,-
130825,121151896,LOC121151896,-,-,-,Un,-,serine protease 27-like,protein-coding,-,-,-,serine protease 27-like,20210420,-
130825,121151897,LOC121151897,-,-,-,Un,-,ATP-binding cassette sub-family A member 17-like,protein-coding,-,-,-,ATP-binding cassette sub-family A member 17-like,20210420,-
130825,121151898,LOC121151898,-,-,-,Un,-,BRICHOS domain-containing protein 5-like,protein-coding,-,-,-,BRICHOS domain-containing protein 5-like,20210420,-
130825,121151899,LOC121151899,-,-,-,Un,-,neuropeptide W-like,protein-coding,-,-,-,neuropeptide W-like,20210420,-
130825,121151900,LOC121151900,-,-,-,Un,-,NADPH oxidase organizer 1-like,protein-coding,-,-,-,NADPH oxidase organizer 1-like,20210420,-
130825,121151901,LOC121151901,-,-,-,Un,-,60S ribosomal protein L31-like,pseudo,-,-,-,-,20210420,-
130825,121151902,LOC121151902,-,-,-,Un,-,RING finger protein 151-like,protein-coding,-,-,-,RING finger protein 151-like,20210420,-
130825,121151903,LOC121151903,-,-,-,Un,-,60S ribosomal protein L3-like,protein-coding,-,-,-,60S ribosomal protein L3-like,20210420,-
130825,121151904,LOC121151904,-,-,-,Un,-,insulin-like growth factor-binding protein complex acid labile subunit,protein-coding,-,-,-,insulin-like growth factor-binding protein complex acid labile subunit,20210420,-
130825,121151905,LOC121151905,-,-,-,Un,-,probable crossover junction endonuclease EME2,protein-coding,-,-,-,probable crossover junction endonuclease EME2,20210420,-
130825,121151906,PTX4,-,-,-,Un,-,pentraxin 4,protein-coding,-,-,-,pentraxin-4,20210420,-
130825,121151907,CCDC154,-,-,-,Un,-,coiled-coil domain containing 154,protein-coding,-,-,-,coiled-coil domain-containing protein 154,20210420,-
130825,121151908,TSR3,-,-,-,Un,-,TSR3 ribosome maturation factor,protein-coding,-,-,-,18S rRNA aminocarboxypropyltransferase,20210420,-
130825,121151909,CACNA1H,-,-,-,Un,-,calcium voltage-gated channel subunit alpha1 H,protein-coding,-,-,-,voltage-dependent T-type calcium channel subunit alpha-1H,20210420,-
130825,121151910,SSTR5,-,-,-,Un,-,somatostatin receptor 5,protein-coding,-,-,-,somatostatin receptor type 5,20210420,-
130825,121151911,LOC121151911,-,-,-,Un,-,mesothelin-like protein,protein-coding,-,-,-,mesothelin-like protein,20210420,-
130825,121151912,LOC121151912,-,-,-,Un,-,"cytochrome c oxidase subunit 5B, mitochondrial-like",pseudo,-,-,-,-,20210420,-
130825,121151913,CCDC78,-,-,-,Un,-,coiled-coil domain containing 78,protein-coding,-,-,-,coiled-coil domain-containing protein 78,20210420,-
130825,121151914,JMJD8,-,-,-,Un,-,jumonji domain containing 8,protein-coding,-,-,-,jmjC domain-containing protein 8,20210420,-
130825,121151915,PRR35,-,-,-,Un,-,proline rich 35,protein-coding,-,-,-,proline-rich protein 35,20210420,-
130825,121151916,LOC121151916,-,-,-,Un,-,translation initiation factor IF-2-like,protein-coding,-,-,-,translation initiation factor IF-2-like,20210420,-
130825,121151917,LOC121151917,-,-,-,Un,-,anomalous homeobox protein-like,protein-coding,-,-,-,anomalous homeobox protein-like,20210420,-
130825,121151918,LOC121151918,-,-,-,Un,-,tyrosine-protein kinase CSK-like,pseudo,-,-,-,-,20210420,-
130825,121151919,ASL,-,-,-,Un,-,argininosuccinate lyase,protein-coding,-,-,-,argininosuccinate lyase,20210420,-
130825,121151920,NUPR2,-,-,-,Un,-,"nuclear protein 2, transcriptional regulator",protein-coding,-,-,-,nuclear protein 2,20210420,-
130825,121151921,PHKG1,-,-,-,Un,-,phosphorylase kinase catalytic subunit gamma 1,protein-coding,-,-,-,"phosphorylase b kinase gamma catalytic chain, skeletal muscle/heart isoform",20210420,-
130825,121151922,LOC121151922,-,-,-,Un,-,"39S ribosomal protein L33, mitochondrial-like",pseudo,-,-,-,-,20210420,-
130825,121151923,SUMF2,-,-,-,Un,-,sulfatase modifying factor 2,protein-coding,-,-,-,inactive C-alpha-formylglycine-generating enzyme 2,20210420,-
130825,121151924,PSPH,-,-,-,Un,-,phosphoserine phosphatase,protein-coding,-,-,-,phosphoserine phosphatase,20210420,-
130825,121151925,MRPS17,-,-,-,Un,-,mitochondrial ribosomal protein S17,protein-coding,-,-,-,"28S ribosomal protein S17, mitochondrial",20210420,-
130825,121151926,SEPTIN14,-,-,-,Un,-,septin 14,protein-coding,-,-,-,septin-14,20210420,-
130825,121151927,CALN1,-,-,-,Un,-,calneuron 1,protein-coding,-,-,-,calcium-binding protein 8,20210501,-
130825,121151928,GALNT17,-,-,-,Un,-,polypeptide N-acetylgalactosaminyltransferase 17,protein-coding,-,-,-,polypeptide N-acetylgalactosaminyltransferase 17,20210420,-
130825,121151929,RFC2,-,-,-,Un,-,replication factor C subunit 2,protein-coding,-,-,-,replication factor C subunit 2,20210420,-
130825,121151930,METTL27,-,-,-,Un,-,methyltransferase like 27,protein-coding,-,-,-,methyltransferase-like protein 27,20210420,-
130825,121151931,COL23A1,-,-,-,Un,-,collagen type XXIII alpha 1 chain,protein-coding,-,-,-,collagen alpha-1(XXIII) chain,20210420,-
130825,121151932,CLDN4,-,-,-,Un,-,claudin 4,protein-coding,-,-,-,claudin-4,20210420,-
130825,121151933,CLDN3,-,-,-,Un,-,claudin 3,protein-coding,-,-,-,claudin-3,20210420,-
130825,121151934,ABHD11,-,-,-,Un,-,abhydrolase domain containing 11,protein-coding,-,-,-,protein ABHD11,20210420,-
130825,121151935,STX1A,-,-,-,Un,-,syntaxin 1A,protein-coding,-,-,-,syntaxin-1A,20210529,-
130825,121151936,VPS37D,-,-,-,Un,-,VPS37D subunit of ESCRT-I,protein-coding,-,-,-,vacuolar protein sorting-associated protein 37D,20210420,-
130825,121151937,MLXIPL,-,-,-,Un,-,MLX interacting protein like,protein-coding,-,-,-,carbohydrate-responsive element-binding protein,20210420,-
130825,121151938,PCDH12,-,-,-,Un,-,protocadherin 12,protein-coding,-,-,-,protocadherin-12,20210420,-
130825,121151939,LOC121151939,-,-,-,Un,-,frizzled-9,protein-coding,-,-,-,frizzled-9,20210420,-
130825,121151940,LOC121151940,-,-,-,Un,-,E3 ubiquitin-protein ligase TRIM50,protein-coding,-,-,-,E3 ubiquitin-protein ligase TRIM50,20210420,-
130825,121151941,LOC121151941,-,-,-,Un,-,C-C motif chemokine 24-like,protein-coding,-,-,-,C-C motif chemokine 24-like,20210420,-
130825,121151942,LOC121151942,-,-,-,Un,-,rhomboid domain-containing protein 2-like,protein-coding,-,-,-,rhomboid domain-containing protein 2-like,20210420,-
130825,121151943,LOC121151943,-,-,-,Un,-,serine/threonine/tyrosine-interacting-like protein 1,protein-coding,-,-,-,serine/threonine/tyrosine-interacting-like protein 1,20210420,-
130825,121151944,LOC121151944,-,-,-,Un,-,serine/arginine repetitive matrix protein 3-like,protein-coding,-,-,-,serine/arginine repetitive matrix protein 3-like,20210420,-
130825,121151945,LOC121151945,-,-,-,Un,-,heat shock protein beta-1,protein-coding,-,-,-,heat shock protein beta-1,20210420,-
130825,121151946,LOC121151946,-,-,-,Un,-,zona pellucida sperm-binding protein 3-like,protein-coding,-,-,-,zona pellucida sperm-binding protein 3-like,20210420,-
130825,121151947,LOC121151947,-,-,-,Un,-,protocadherin gamma-C3,protein-coding,-,-,-,protocadherin gamma-C3,20210420,-
130825,121151948,UPK3BL2,-,-,-,Un,-,uroplakin 3B like 2,protein-coding,-,-,-,uroplakin-3b-like protein 2,20210420,-
130825,121151949,ALKBH4,-,-,-,Un,-,"alkB homolog 4, lysine demethylase",protein-coding,-,-,-,alpha-ketoglutarate-dependent dioxygenase alkB homolog 4,20210420,-
130825,121151950,COL26A1,-,-,-,Un,-,collagen type XXVI alpha 1 chain,protein-coding,-,-,-,collagen alpha-1(XXVI) chain,20210420,-
130825,121151951,IFT22,-,-,-,Un,-,intraflagellar transport 22,protein-coding,-,-,-,intraflagellar transport protein 22 homolog,20210420,-
130825,121151952,CLDN15,-,-,-,Un,-,claudin 15,protein-coding,-,-,-,claudin-15,20210420,-
130825,121151953,LOC121151953,-,-,-,Un,-,2-acylglycerol O-acyltransferase 3-like,protein-coding,-,-,-,2-acylglycerol O-acyltransferase 3-like,20210420,-
130825,121151954,LOC121151954,-,-,-,Un,-,2-acylglycerol O-acyltransferase 3-like,protein-coding,-,-,-,2-acylglycerol O-acyltransferase 3-like,20210420,-
130825,121151955,VGF,-,-,-,Un,-,VGF nerve growth factor inducible,protein-coding,-,-,-,neurosecretory protein VGF,20210420,-
130825,121151956,EPO,-,-,-,Un,-,erythropoietin,protein-coding,-,-,-,erythropoietin,20210420,-
130825,121151957,PCDHGA12,-,-,-,Un,-,"protocadherin gamma subfamily A, 12",protein-coding,-,-,-,protocadherin gamma-A12,20210420,-
130825,121151958,POP7,-,-,-,Un,-,"POP7 homolog, ribonuclease P/MRP subunit",protein-coding,-,-,-,ribonuclease P protein subunit p20,20210420,-
130825,121151959,ACTL6B,-,-,-,Un,-,actin like 6B,protein-coding,-,-,-,actin-like protein 6B,20210424,-
130825,121151960,LOC121151960,-,-,-,Un,-,uncharacterized LOC121151960,ncRNA,-,-,-,-,20210420,-
130825,121151961,TFR2,-,-,-,Un,-,transferrin receptor 2,protein-coding,-,-,-,transferrin receptor protein 2,20210420,-
130825,121151962,MOSPD3,-,-,-,Un,-,motile sperm domain containing 3,protein-coding,-,-,-,motile sperm domain-containing protein 3,20210420,-
130825,121151963,PCOLCE,-,-,-,Un,-,procollagen C-endopeptidase enhancer,protein-coding,-,-,-,procollagen C-endopeptidase enhancer 1,20210420,-
130825,121151964,NYAP1,-,-,-,Un,-,neuronal tyrosine phosphorylated phosphoinositide-3-kinase adaptor 1,protein-coding,-,-,-,neuronal tyrosine-phosphorylated phosphoinositide-3-kinase adapter 1,20210420,-
130825,121151965,PPP1R35,-,-,-,Un,-,protein phosphatase 1 regulatory subunit 35,protein-coding,-,-,-,protein phosphatase 1 regulatory subunit 35,20210420,-
130825,121151966,PCDHGA11,-,-,-,Un,-,"protocadherin gamma subfamily A, 11",protein-coding,-,-,-,LOW QUALITY PROTEIN: protocadherin gamma-A11,20210420,-
130825,121151967,GPC2,-,-,-,Un,-,glypican 2,protein-coding,-,-,-,glypican-2,20210420,-
130825,121151968,GAL3ST4,-,-,-,Un,-,galactose-3-O-sulfotransferase 4,protein-coding,-,-,-,galactose-3-O-sulfotransferase 4,20210420,-
130825,121151969,LOC121151969,-,-,-,Un,-,olfactory receptor 2AE1,protein-coding,-,-,-,olfactory receptor 2AE1,20210420,-
130825,121151970,LOC121151970,-,-,-,Un,-,cytochrome P450 3A6-like,protein-coding,-,-,-,cytochrome P450 3A6-like,20210420,-
130825,121151971,LOC121151971,-,-,-,Un,-,"1,5-anhydro-D-fructose reductase-like",protein-coding,-,-,-,"1,5-anhydro-D-fructose reductase-like",20210420,-
130825,121151972,LOC121151972,-,-,-,Un,-,apoptosis-associated speck-like protein containing a CARD,protein-coding,-,-,-,apoptosis-associated speck-like protein containing a CARD,20210420,-
130825,121151973,TRIM72,-,-,-,Un,-,tripartite motif containing 72,protein-coding,-,-,-,tripartite motif-containing protein 72,20210420,-
130825,121151974,LOC121151974,-,-,-,Un,-,uncharacterized LOC121151974,ncRNA,-,-,-,-,20210420,-
130825,121151975,LOC121151975,-,-,-,Un,-,protocadherin gamma-B7-like,protein-coding,-,-,-,protocadherin gamma-B7-like,20210420,-
130825,121151976,LOC121151976,-,-,-,Un,-,"cytochrome c oxidase subunit 6A2, mitochondrial",protein-coding,-,-,-,"cytochrome c oxidase subunit 6A2, mitochondrial",20210420,-
130825,121151977,LOC121151977,-,-,-,Un,-,"cytochrome c oxidase subunit 6A2, mitochondrial-like",protein-coding,-,-,-,"cytochrome c oxidase subunit 6A2, mitochondrial-like",20210420,-
130825,121151978,STX1B,-,-,-,Un,-,syntaxin 1B,protein-coding,-,-,-,syntaxin-1B,20210522,-
130825,121151979,LOC121151979,-,-,-,Un,-,cardiotrophin-1-like,protein-coding,-,-,-,cardiotrophin-1-like,20210420,-
130825,121151980,BCL7C,-,-,-,Un,-,BAF chromatin remodeling complex subunit BCL7C,protein-coding,-,-,-,B-cell CLL/lymphoma 7 protein family member C,20210420,-
130825,121151981,LOC121151981,-,-,-,Un,-,small integral membrane protein 29-like,protein-coding,-,-,-,small integral membrane protein 29-like,20210420,-
130825,121151982,LOC121151982,-,-,-,Un,-,60S ribosomal protein L39-like,protein-coding,-,-,-,60S ribosomal protein L39-like,20210522,-
130825,121151983,LOC121151983,-,-,-,Un,-,protocadherin gamma-A10-like,protein-coding,-,-,-,protocadherin gamma-A10-like,20210420,-
130825,121151984,ZNF768,-,-,-,Un,-,zinc finger protein 768,protein-coding,-,-,-,zinc finger protein 768,20210420,-
130825,121151985,ZNF771,-,-,-,Un,-,zinc finger protein 771,protein-coding,-,-,-,zinc finger protein 771,20210420,-
130825,121151986,MYLPF,-,-,-,Un,-,"myosin light chain, phosphorylatable, fast skeletal muscle",protein-coding,-,-,-,"myosin regulatory light chain 2, skeletal muscle isoform",20210522,-
130825,121151987,PRRT2,-,-,-,Un,-,proline rich transmembrane protein 2,protein-coding,-,-,-,proline-rich transmembrane protein 2,20210420,-
130825,121151988,LOC121151988,-,-,-,Un,-,putative protein T-ENOL,protein-coding,-,-,-,putative protein T-ENOL,20210420,-
130825,121151989,SEZ6L2,-,-,-,Un,-,seizure related 6 homolog like 2,protein-coding,-,-,-,seizure 6-like protein 2,20210420,-
130825,121151990,LOC121151990,-,-,-,Un,-,protocadherin gamma-B6-like,protein-coding,-,-,-,protocadherin gamma-B6-like,20210420,-
130825,121151991,CUNH16orf92,-,-,-,Un,-,chromosome unknown C16orf92 homolog,protein-coding,-,-,-,fertilization-influencing membrane protein,20210420,-
130825,121151992,TLCD3B,-,-,-,Un,-,TLC domain containing 3B,protein-coding,-,-,-,ceramide synthase,20210420,-
130825,121151993,GDPD3,-,-,-,Un,-,glycerophosphodiester phosphodiesterase domain containing 3,protein-coding,-,-,-,lysophospholipase D GDPD3,20210420,-
130825,121151994,NUPR1,-,-,-,Un,-,"nuclear protein 1, transcriptional regulator",protein-coding,-,-,-,nuclear protein 1,20210420,-
130825,121151995,LOC121151995,-,-,-,Un,-,uncharacterized LOC121151995,ncRNA,-,-,-,-,20210420,-
130825,121151996,GSG1L,-,-,-,Un,-,GSG1 like,protein-coding,-,-,-,germ cell-specific gene 1-like protein,20210420,-
130825,121151997,LOC121151997,-,-,-,Un,-,protocadherin gamma-A9-like,protein-coding,-,-,-,protocadherin gamma-A9-like,20210420,-
130825,121151998,HS3ST4,-,-,-,Un,-,heparan sulfate-glucosamine 3-sulfotransferase 4,protein-coding,-,-,-,heparan sulfate glucosamine 3-O-sulfotransferase 4,20210420,-
130825,121151999,LOC121151999,-,-,-,Un,-,uncharacterized LOC121151999,ncRNA,-,-,-,-,20210420,-
130825,121152000,ZKSCAN2,-,-,-,Un,-,zinc finger with KRAB and SCAN domains 2,protein-coding,-,-,-,zinc finger protein with KRAB and SCAN domains 2,20210420,-
130825,121152001,SLC5A11,-,-,-,Un,-,solute carrier family 5 member 11,protein-coding,-,-,-,sodium/myo-inositol cotransporter 2,20210420,-
130825,121152002,LOC121152002,-,-,-,Un,-,protocadherin gamma-B5-like,protein-coding,-,-,-,protocadherin gamma-B5-like,20210420,-
130825,121152003,CACNG3,-,-,-,Un,-,calcium voltage-gated channel auxiliary subunit gamma 3,protein-coding,-,-,-,voltage-dependent calcium channel gamma-3 subunit,20210420,-
130825,121152004,CHP2,-,-,-,Un,-,calcineurin like EF-hand protein 2,protein-coding,-,-,-,calcineurin B homologous protein 2,20210420,-
130825,121152005,SCNN1B,-,-,-,Un,-,sodium channel epithelial 1 subunit beta,protein-coding,-,-,-,amiloride-sensitive sodium channel subunit beta,20210420,-
130825,121152006,SCNN1G,-,-,-,Un,-,sodium channel epithelial 1 subunit gamma,protein-coding,-,-,-,amiloride-sensitive sodium channel subunit gamma,20210420,-
130825,121152007,HS3ST2,-,-,-,Un,-,heparan sulfate-glucosamine 3-sulfotransferase 2,protein-coding,-,-,-,heparan sulfate glucosamine 3-O-sulfotransferase 2,20210420,-
130825,121152008,LOC121152008,-,-,-,Un,-,transmembrane protein 180-like,protein-coding,-,-,-,transmembrane protein 180-like,20210420,-
130825,121152009,LOC121152009,-,-,-,Un,-,phospholipid-transporting ATPase ABCA3-like,protein-coding,-,-,-,phospholipid-transporting ATPase ABCA3-like,20210420,-
130825,121152010,CRYM,-,-,-,Un,-,crystallin mu,protein-coding,-,-,-,ketimine reductase mu-crystallin,20210420,-
130825,121152011,ANKS4B,-,-,-,Un,-,ankyrin repeat and sterile alpha motif domain containing 4B,protein-coding,-,-,-,ankyrin repeat and SAM domain-containing protein 4B,20210420,-
130825,121152012,LOC121152012,-,-,-,Un,-,protocadherin gamma-B5-like,protein-coding,-,-,-,LOW QUALITY PROTEIN: protocadherin gamma-B5-like,20210420,-
130825,121152013,LOC121152013,-,-,-,Un,-,zona pellucida sperm-binding protein 2-like,protein-coding,-,-,-,zona pellucida sperm-binding protein 2-like,20210420,-
130825,121152014,LOC121152014,-,-,-,Un,-,"dynein heavy chain 3, axonemal",protein-coding,-,-,-,"dynein heavy chain 3, axonemal",20210420,-
130825,121152015,LOC121152015,-,-,-,Un,-,mpv17-like protein,protein-coding,-,-,-,mpv17-like protein,20210420,-
130825,121152016,LOC121152016,-,-,-,Un,-,mpv17-like protein,protein-coding,-,-,-,mpv17-like protein,20210420,-
130825,121152017,BMERB1,-,-,-,Un,-,bMERB domain containing 1,protein-coding,-,-,-,bMERB domain-containing protein 1,20210420,-
130825,121152018,SYT17,-,-,-,Un,-,synaptotagmin 17,protein-coding,-,-,-,synaptotagmin-17,20210420,-
130825,121152019,LOC121152019,-,-,-,Un,-,protocadherin gamma-B4-like,protein-coding,-,-,-,LOW QUALITY PROTEIN: protocadherin gamma-B4-like,20210420,-
130825,121152020,COQ7,-,-,-,Un,-,"coenzyme Q7, hydroxylase",protein-coding,-,-,-,"5-demethoxyubiquinone hydroxylase, mitochondrial",20210420,-
130825,121152021,TMC7,-,-,-,Un,-,transmembrane channel like 7,protein-coding,-,-,-,transmembrane channel-like protein 7,20210420,-
130825,121152022,TMC5,-,-,-,Un,-,transmembrane channel like 5,protein-coding,-,-,-,transmembrane channel-like protein 5,20210420,-
130825,121152023,GPR139,-,-,-,Un,-,G protein-coupled receptor 139,protein-coding,-,-,-,probable G-protein coupled receptor 139,20210420,-
130825,121152024,UMOD,-,-,-,Un,-,uromodulin,protein-coding,-,-,-,uromodulin,20210420,-
130825,121152025,PDILT,-,-,-,Un,-,"protein disulfide isomerase like, testis expressed",protein-coding,-,-,-,protein disulfide-isomerase-like protein of the testis,20210420,-
130825,121152026,LOC121152026,-,-,-,Un,-,"acyl-coenzyme A synthetase ACSM5, mitochondrial-like",protein-coding,-,-,-,"acyl-coenzyme A synthetase ACSM5, mitochondrial-like",20210420,-
130825,121152027,LOC121152027,-,-,-,Un,-,protocadherin gamma-A7-like,protein-coding,-,-,-,LOW QUALITY PROTEIN: protocadherin gamma-A7-like,20210420,-
130825,121152028,LOC121152028,-,-,-,Un,-,"acyl-coenzyme A synthetase ACSM1, mitochondrial-like",protein-coding,-,-,-,"acyl-coenzyme A synthetase ACSM1, mitochondrial-like",20210420,-
130825,121152029,LOC121152029,-,-,-,Un,-,uncharacterized LOC121152029,ncRNA,-,-,-,-,20210420,-
130825,121152030,LOC121152030,-,-,-,Un,-,uncharacterized LOC121152030,ncRNA,-,-,-,-,20210420,-
130825,121152031,RMI2,-,-,-,Un,-,RecQ mediated genome instability 2,protein-coding,-,-,-,recQ-mediated genome instability protein 2,20210420,-
130825,121152032,LOC121152032,-,-,-,Un,-,uncharacterized LOC121152032,ncRNA,-,-,-,-,20210420,-
130825,121152033,PRM2,-,-,-,Un,-,protamine 2,protein-coding,-,-,-,protamine-2,20210420,-
130825,121152034,PRM3,-,-,-,Un,-,protamine 3,protein-coding,-,-,-,protamine-3,20210420,-
130825,121152035,LOC121152035,-,-,-,Un,-,uncharacterized LOC121152035,ncRNA,-,-,-,-,20210420,-
130825,121152036,SOCS1,-,-,-,Un,-,suppressor of cytokine signaling 1,protein-coding,-,-,-,suppressor of cytokine signaling 1,20210420,-
130825,121152037,TEKT5,-,-,-,Un,-,tektin 5,protein-coding,-,-,-,tektin-5,20210420,-
130825,121152038,EMP2,-,-,-,Un,-,epithelial membrane protein 2,protein-coding,-,-,-,epithelial membrane protein 2,20210420,-
130825,121152039,LOC121152039,-,-,-,Un,-,protocadherin gamma-A6-like,protein-coding,-,-,-,protocadherin gamma-A6-like,20210420,-
130825,121152040,LITAFD,-,-,-,Un,-,LITAF domain containing,protein-coding,-,-,-,LITAF domain-containing protein,20210420,-
130825,121152041,LOC121152041,-,-,-,Un,-,uncharacterized LOC121152041,ncRNA,-,-,-,-,20210420,-
130825,121152042,TMEM186,-,-,-,Un,-,transmembrane protein 186,protein-coding,-,-,-,transmembrane protein 186,20210420,-
130825,121152043,ABAT,-,-,-,Un,-,4-aminobutyrate aminotransferase,protein-coding,-,-,-,"4-aminobutyrate aminotransferase, mitochondrial",20210420,-
130825,121152044,LOC121152044,-,-,-,Un,-,protocadherin gamma-A5-like,protein-coding,-,-,-,protocadherin gamma-A5-like,20210420,-
130825,121152045,TMEM114,-,-,-,Un,-,transmembrane protein 114,protein-coding,-,-,-,transmembrane protein 114,20210420,-
130825,121152046,ROGDI,-,-,-,Un,-,rogdi atypical leucine zipper,protein-coding,-,-,-,protein rogdi homolog,20210420,-
130825,121152047,SMIM22,-,-,-,Un,-,small integral membrane protein 22,protein-coding,-,-,-,small integral membrane protein 22,20210420,-
130825,121152048,SEPTIN12,-,-,-,Un,-,septin 12,protein-coding,-,-,-,septin-12,20210420,-
130825,121152049,NMRAL1,-,-,-,Un,-,NmrA like redox sensor 1,protein-coding,-,-,-,nmrA-like family domain-containing protein 1,20210420,-
130825,121152050,LOC121152050,-,-,-,Un,-,protocadherin gamma-B2-like,protein-coding,-,-,-,protocadherin gamma-B2-like,20210420,-
130825,121152051,GLIS2,-,-,-,Un,-,GLIS family zinc finger 2,protein-coding,-,-,-,zinc finger protein GLIS2,20210420,-
130825,121152052,LOC121152052,-,-,-,Un,-,olfactory receptor 1F1-like,protein-coding,-,-,-,olfactory receptor 1F1-like,20210420,-
130825,121152053,LOC121152053,-,-,-,Un,-,uncharacterized LOC121152053,ncRNA,-,-,-,-,20210420,-
130825,121152054,LOC121152054,-,-,-,Un,-,zinc finger protein 205-like,protein-coding,-,-,-,zinc finger protein 205-like,20210420,-
130825,121152055,LOC121152055,-,-,-,Un,-,claudin-6,protein-coding,-,-,-,claudin-6,20210420,-
130825,121152056,LOC121152056,-,-,-,Un,-,claudin-9,protein-coding,-,-,-,claudin-9,20210420,-
130825,121152057,LOC121152057,-,-,-,Un,-,kremen protein 2-like,protein-coding,-,-,-,kremen protein 2-like,20210420,-
130825,121152058,LOC121152058,-,-,-,Un,-,synaptogyrin-3,protein-coding,-,-,-,synaptogyrin-3,20210420,-
130825,121152059,LOC121152059,-,-,-,Un,-,protocadherin gamma-A4-like,protein-coding,-,-,-,protocadherin gamma-A4-like,20210420,-
130825,121152060,LOC121152060,-,-,-,Un,-,FAD-linked sulfhydryl oxidase ALR-like,protein-coding,-,-,-,FAD-linked sulfhydryl oxidase ALR-like,20210420,-
130825,121152061,LOC121152061,-,-,-,Un,-,transducin beta-like protein 3,protein-coding,-,-,-,transducin beta-like protein 3,20210420,-
130825,121152062,LOC121152062,-,-,-,Un,-,methionine-R-sulfoxide reductase B1-like,protein-coding,-,-,-,methionine-R-sulfoxide reductase B1-like,20210420,-
130825,121152063,CUNH16orf91,-,-,-,Un,-,chromosome unknown C16orf91 homolog,protein-coding,-,-,-,protein CCSMST1,20210420,-
130825,121152064,TEKT4,-,-,-,Un,-,tektin 4,protein-coding,-,-,-,tektin-4,20210420,-
130825,121152065,SOX8,-,-,-,Un,-,SRY-box transcription factor 8,protein-coding,-,-,-,transcription factor SOX-8,20210420,-
130825,121152066,RPUSD1,-,-,-,Un,-,RNA pseudouridine synthase domain containing 1,protein-coding,-,-,-,RNA pseudouridylate synthase domain-containing protein 1,20210420,-
130825,121152067,LOC121152067,-,-,-,Un,-,mesothelin-like,protein-coding,-,-,-,LOW QUALITY PROTEIN: mesothelin-like,20210420,-
130825,121152068,LOC121152068,-,-,-,Un,-,protocadherin gamma-A4-like,protein-coding,-,-,-,protocadherin gamma-A4-like,20210420,-
130825,121152069,FBXL16,-,-,-,Un,-,F-box and leucine rich repeat protein 16,protein-coding,-,-,-,F-box/LRR-repeat protein 16,20210420,-
130825,121152070,RHBDL1,-,-,-,Un,-,rhomboid like 1,protein-coding,-,-,-,rhomboid-related protein 1,20210420,-
130825,121152071,MCRIP2,-,-,-,Un,-,MAPK regulated corepressor interacting protein 2,protein-coding,-,-,-,MAPK regulated corepressor interacting protein 2,20210420,-
130825,121152072,METTL26,-,-,-,Un,-,methyltransferase like 26,protein-coding,-,-,-,methyltransferase-like 26,20210420,-
130825,121152073,MRPL28,-,-,-,Un,-,mitochondrial ribosomal protein L28,protein-coding,-,-,-,"39S ribosomal protein L28, mitochondrial",20210420,-
130825,121152074,LOC121152074,-,-,-,Un,-,uncharacterized LOC121152074,ncRNA,-,-,-,-,20210420,-
130825,121152075,LOC121152075,-,-,-,Un,-,protocadherin gamma-A4-like,protein-coding,-,-,-,protocadherin gamma-A4-like,20210420,-
130825,121152076,LOC121152076,-,-,-,Un,-,hemoglobin subunit zeta-like,protein-coding,-,-,-,hemoglobin subunit zeta-like,20210420,-
130825,121152077,LOC121152077,-,-,-,Un,-,hemoglobin subunit zeta-like,protein-coding,-,-,-,hemoglobin subunit zeta-like,20210420,-
130825,121152078,SNRNP25,-,-,-,Un,-,small nuclear ribonucleoprotein U11/U12 subunit 25,protein-coding,-,-,-,U11/U12 small nuclear ribonucleoprotein 25 kDa protein,20210420,-
130825,121152079,IL9R,-,-,-,Un,-,interleukin 9 receptor,protein-coding,-,-,-,interleukin-9 receptor,20210420,-
130825,121152080,LOC121152080,-,-,-,Un,-,U2 spliceosomal RNA,pseudo,-,-,-,-,20210420,-
130825,121152081,LOC121152081,-,-,-,Un,-,U2 spliceosomal RNA,pseudo,-,-,-,-,20210420,-
130825,121152082,LOC121152082,-,-,-,Un,-,U2 spliceosomal RNA,pseudo,-,-,-,-,20210420,-
130825,121152083,LOC121152083,-,-,-,Un,-,U4 spliceosomal RNA,pseudo,-,-,-,-,20210420,-
130825,121152084,LOC121152084,-,-,-,Un,-,U6 spliceosomal RNA,snRNA,-,-,-,-,20210420,-
130825,121152085,LOC121152085,-,-,-,Un,-,U6 spliceosomal RNA,snRNA,-,-,-,-,20210420,-
130825,121152086,LOC121152086,-,-,-,Un,-,U6 spliceosomal RNA,snRNA,-,-,-,-,20210420,-
130825,121152087,LOC121152087,-,-,-,Un,-,U6 spliceosomal RNA,pseudo,-,-,-,-,20210420,-
130825,121152088,LOC121152088,-,-,-,Un,-,U6 spliceosomal RNA,pseudo,-,-,-,-,20210420,-
130825,121152089,LOC121152089,-,-,-,Un,-,protocadherin gamma-A4-like,pseudo,-,-,-,-,20210420,-
130825,121152090,LOC121152090,-,-,-,Un,-,U6 spliceosomal RNA,snRNA,-,-,-,-,20210420,-
130825,121152091,LOC121152091,-,-,-,Un,-,U6 spliceosomal RNA,snRNA,-,-,-,-,20210420,-
130825,121152092,LOC121152092,-,-,-,Un,-,U6 spliceosomal RNA,snRNA,-,-,-,-,20210420,-
130825,121152093,LOC121152093,-,-,-,Un,-,U6 spliceosomal RNA,snRNA,-,-,-,-,20210420,-
130825,121152094,LOC121152094,-,-,-,Un,-,U6 spliceosomal RNA,snRNA,-,-,-,-,20210420,-
130825,121152095,LOC121152095,-,-,-,Un,-,U6 spliceosomal RNA,pseudo,-,-,-,-,20210420,-
130825,121152096,LOC121152096,-,-,-,Un,-,U6 spliceosomal RNA,pseudo,-,-,-,-,20210420,-
130825,121152097,LOC121152097,-,-,-,Un,-,U6 spliceosomal RNA,pseudo,-,-,-,-,20210420,-
130825,121152098,LOC121152098,-,-,-,Un,-,small Cajal body-specific RNA 13,ncRNA,-,-,-,-,20210420,-
130825,121152099,LOC121152099,-,-,-,Un,-,small nucleolar RNA SNORA68,snoRNA,-,-,-,-,20210420,-
130825,121152100,LOC121152100,-,-,-,Un,-,small nucleolar RNA SNORA64/SNORA10 family,snoRNA,-,-,-,-,20210420,-
130825,121152101,LOC121152101,-,-,-,Un,-,small nucleolar RNA SNORA64/SNORA10 family,snoRNA,-,-,-,-,20210420,-
130825,121152102,LOC121152102,-,-,-,Un,-,small nucleolar RNA SNORD60,snoRNA,-,-,-,-,20210420,-
130825,121152103,LOC121152103,-,-,-,Un,-,small nucleolar RNA SNORA15,snoRNA,-,-,-,-,20210420,-
130825,121152104,LOC121152104,-,-,-,Un,-,small nucleolar RNA SNORA1,snoRNA,-,-,-,-,20210420,-
130825,121152105,LOC121152105,-,-,-,Un,-,protocadherin gamma-A3-like,protein-coding,-,-,-,protocadherin gamma-A3-like,20210420,-
130825,121152106,LOC121152106,-,-,-,Un,-,small nucleolar RNA SNORA22,snoRNA,-,-,-,-,20210420,-
130825,121152107,LOC121152107,-,-,-,Un,-,small Cajal body-specific RNA 20,ncRNA,-,-,-,-,20210420,-
130825,121152108,LOC121152108,-,-,-,Un,-,small nucleolar RNA ACA64,snoRNA,-,-,-,-,20210420,-
130825,121152109,LOC121152109,-,-,-,Un,-,small nucleolar RNA ACA64,snoRNA,-,-,-,-,20210420,-
130825,121152110,LOC121152110,-,-,-,Un,-,U1 spliceosomal RNA,snRNA,-,-,-,-,20210420,-
130825,121152111,TRNAL-UAG,-,-,-,Un,-,transfer RNA leucine (anticodon UAG),tRNA,-,-,-,-,20210420,-
130825,121152112,TRNAR-CCU,-,-,-,Un,-,transfer RNA arginine (anticodon CCU),tRNA,-,-,-,-,20210420,-
130825,121152113,TRNAP-AGG,-,-,-,Un,-,transfer RNA proline (anticodon AGG),tRNA,-,-,-,-,20210420,-
130825,121152114,TRNAP-AGG,-,-,-,Un,-,transfer RNA proline (anticodon AGG),tRNA,-,-,-,-,20210420,-
130825,121152115,TRNAP-CGG,-,-,-,Un,-,transfer RNA proline (anticodon CGG),tRNA,-,-,-,-,20210420,-
130825,121152116,TRNAP-AGG,-,-,-,Un,-,transfer RNA proline (anticodon AGG),tRNA,-,-,-,-,20210420,-
130825,121152117,TRNAP-UGG,-,-,-,Un,-,transfer RNA proline (anticodon UGG),tRNA,-,-,-,-,20210420,-
130825,121152118,TRNAR-CCU,-,-,-,Un,-,transfer RNA arginine (anticodon CCU),tRNA,-,-,-,-,20210420,-
130825,121152119,TRNAR-CCG,-,-,-,Un,-,transfer RNA arginine (anticodon CCG),tRNA,-,-,-,-,20210420,-
130825,121152120,TRNAK-CUU,-,-,-,Un,-,transfer RNA lysine (anticodon CUU),tRNA,-,-,-,-,20210420,-
130825,121152121,LOC121152121,-,-,-,Un,-,protocadherin gamma-A2-like,protein-coding,-,-,-,protocadherin gamma-A2-like,20210420,-
130825,121152122,TRNAG-CCC,-,-,-,Un,-,transfer RNA glycine (anticodon CCC),tRNA,-,-,-,-,20210420,-
130825,121152123,TRNAL-AAG,-,-,-,Un,-,transfer RNA leucine (anticodon AAG),tRNA,-,-,-,-,20210420,-
130825,121152124,TRNAT-CGU,-,-,-,Un,-,transfer RNA threonine (anticodon CGU),tRNA,-,-,-,-,20210420,-
130825,121152125,LOC121152125,-,-,-,Un,-,probable histone-lysine N-methyltransferase PRDM7,protein-coding,-,-,-,probable histone-lysine N-methyltransferase PRDM7,20210420,-
130825,121152126,LOC121152126,-,-,-,Un,-,oxysterol-binding protein-related protein 1-like,protein-coding,-,-,-,oxysterol-binding protein-related protein 1-like,20210420,-
130825,121152127,LOC121152127,-,-,-,Un,-,uncharacterized LOC121152127,ncRNA,-,-,-,-,20210420,-
130825,121152128,THOC1,-,-,-,Un,-,THO complex 1,protein-coding,-,-,-,THO complex subunit 1,20210420,-
130825,121152129,USP14,-,-,-,Un,-,ubiquitin specific peptidase 14,protein-coding,-,-,-,ubiquitin carboxyl-terminal hydrolase 14,20210420,-
130825,121152130,ROCK1,-,-,-,Un,-,Rho associated coiled-coil containing protein kinase 1,protein-coding,-,-,-,rho-associated protein kinase 1,20210420,-
130825,121152131,LOC121152131,-,-,-,Un,-,protocadherin beta-4-like,pseudo,-,-,-,-,20210420,-
130825,121152132,COLEC12,-,-,-,Un,-,collectin subfamily member 12,protein-coding,-,-,-,collectin-12,20210420,-
130825,121152133,YES1,-,-,-,Un,-,"YES proto-oncogene 1, Src family tyrosine kinase",protein-coding,-,-,-,tyrosine-protein kinase Yes,20210420,-
130825,121152134,LOC121152134,-,-,-,Un,-,"RNA transcription, translation and transport factor protein-like",pseudo,-,-,-,-,20210420,-
130825,121152135,LOC121152135,-,-,-,Un,-,elongin-C-like,pseudo,-,-,-,-,20210420,-
130825,121152136,LOC121152136,-,-,-,Un,-,catenin alpha-1-like,pseudo,-,-,-,-,20210420,-
130825,121152137,CETN1,-,-,-,Un,-,centrin 1,protein-coding,-,-,-,centrin-1,20210420,-
130825,121152138,CLUL1,-,-,-,Un,-,clusterin like 1,protein-coding,-,-,-,clusterin-like protein 1,20210420,-
130825,121152139,TYMS,-,-,-,Un,-,thymidylate synthetase,protein-coding,-,-,-,thymidylate synthase,20210420,-
130825,121152140,LOC121152140,-,-,-,Un,-,protocadherin beta-9-like,protein-coding,-,-,-,protocadherin beta-9-like,20210420,-
130825,121152141,ENOSF1,-,-,-,Un,-,enolase superfamily member 1,protein-coding,-,-,-,mitochondrial enolase superfamily member 1,20210420,-
130825,121152142,LOC121152142,-,-,-,Un,-,40S ribosomal protein S16-like,pseudo,-,-,-,-,20210420,-
130825,121152143,ADCYAP1,-,-,-,Un,-,adenylate cyclase activating polypeptide 1,protein-coding,-,-,-,pituitary adenylate cyclase-activating polypeptide,20210420,-
130825,121152144,LOC121152144,-,-,-,Un,-,U6 spliceosomal RNA,snRNA,-,-,-,-,20210420,-
130825,121152145,LOC121152145,-,-,-,Un,-,U2 spliceosomal RNA,pseudo,-,-,-,-,20210420,-
130825,121152146,LOC121152146,-,-,-,Un,-,BRD4-interacting chromatin-remodeling complex-associated protein-like,pseudo,-,-,-,-,20210420,-
130825,121152147,LOC121152147,-,-,-,Un,-,Y-box-binding protein 1-like,protein-coding,-,-,-,Y-box-binding protein 1-like,20210420,-
130825,121152148,LOC121152148,-,-,-,Un,-,uncharacterized LOC121152148,ncRNA,-,-,-,-,20210420,-
130825,121152149,LOC121152149,-,-,-,Un,-,uncharacterized LOC121152149,ncRNA,-,-,-,-,20210420,-
130825,121152150,LOC121152150,-,-,-,Un,-,BRD4-interacting chromatin-remodeling complex-associated protein-like,pseudo,-,-,-,-,20210420,-
130825,121152151,PCDHAC1,-,-,-,Un,-,"protocadherin alpha subfamily C, 1",protein-coding,-,-,-,protocadherin alpha-C1,20210420,-
130825,121152152,SDC3,-,-,-,Un,-,syndecan 3,protein-coding,-,-,-,syndecan-3,20210420,-
130825,121152153,SPOCD1,-,-,-,Un,-,SPOC domain containing 1,protein-coding,-,-,-,SPOC domain-containing protein 1,20210420,-
130825,121152154,LOC121152154,-,-,-,Un,-,myotubularin-related protein 9-like,pseudo,-,-,-,-,20210420,-
130825,121152155,TMEM54,-,-,-,Un,-,transmembrane protein 54,protein-coding,-,-,-,transmembrane protein 54,20210420,-
130825,121152156,LOC121152156,-,-,-,Un,-,calmodulin-like,pseudo,-,-,-,-,20210420,-
130825,121152157,CUNH1orf94,-,-,-,Un,-,chromosome unknown C1orf94 homolog,protein-coding,-,-,-,uncharacterized protein C1orf94 homolog,20210420,-
130825,121152158,ADPRS,-,-,-,Un,-,ADP-ribosylserine hydrolase,protein-coding,-,-,-,ADP-ribose glycohydrolase ARH3,20210420,-
130825,121152159,LOC121152159,-,-,-,Un,-,kinetochore protein Nuf2-like,pseudo,-,-,-,-,20210420,-
130825,121152160,SH3D21,-,-,-,Un,-,SH3 domain containing 21,protein-coding,-,-,-,SH3 domain-containing protein 21,20210420,-
130825,121152161,HEYL,-,-,-,Un,-,hes related family bHLH transcription factor with YRPW motif like,protein-coding,-,-,-,hairy/enhancer-of-split related with YRPW motif-like protein,20210420,-
130825,121152162,PCDHA13,-,-,-,Un,-,protocadherin alpha 13,protein-coding,-,-,-,protocadherin alpha-13,20210420,-
130825,121152163,GUCA2B,-,-,-,Un,-,guanylate cyclase activator 2B,protein-coding,-,-,-,guanylate cyclase activator 2B,20210420,-
130825,121152164,LOC121152164,-,-,-,Un,-,enhancer of rudimentary homolog,protein-coding,-,-,-,enhancer of rudimentary homolog,20210420,-
130825,121152165,CCDC24,-,-,-,Un,-,coiled-coil domain containing 24,protein-coding,-,-,-,coiled-coil domain-containing protein 24,20210420,-
130825,121152166,LOC121152166,-,-,-,Un,-,ragulator complex protein LAMTOR4-like,protein-coding,-,-,-,ragulator complex protein LAMTOR4-like,20210420,-
130825,121152167,KLF18,-,-,-,Un,-,Kruppel like factor 18,protein-coding,-,-,-,Kruppel-like factor 18,20210420,-
130825,121152168,LOC121152168,-,-,-,Un,-,uncharacterized LOC121152168,ncRNA,-,-,-,-,20210420,-
130825,121152169,GMEB1,-,-,-,Un,-,glucocorticoid modulatory element binding protein 1,protein-coding,-,-,-,glucocorticoid modulatory element-binding protein 1,20210420,-
130825,121152170,LOC121152170,-,-,-,Un,-,protocadherin alpha-11-like,protein-coding,-,-,-,protocadherin alpha-11-like,20210420,-
130825,121152171,YTHDF2,-,-,-,Un,-,YTH N6-methyladenosine RNA binding protein 2,protein-coding,-,-,-,YTH domain-containing family protein 2,20210420,-
130825,121152172,EPB41,-,-,-,Un,-,erythrocyte membrane protein band 4.1,protein-coding,-,-,-,protein 4.1,20210420,-
130825,121152173,SRSF4,-,-,-,Un,-,serine and arginine rich splicing factor 4,protein-coding,-,-,-,serine/arginine-rich splicing factor 4,20210420,-
130825,121152174,LOC121152174,-,-,-,Un,-,protocadherin alpha-10-like,protein-coding,-,-,-,protocadherin alpha-10-like,20210420,-
130825,121152175,MECR,-,-,-,Un,-,mitochondrial trans-2-enoyl-CoA reductase,protein-coding,-,-,-,"enoyl-[acyl-carrier-protein] reductase, mitochondrial",20210420,-
130825,121152176,LAPTM5,-,-,-,Un,-,lysosomal protein transmembrane 5,protein-coding,-,-,-,lysosomal-associated transmembrane protein 5,20210420,-
130825,121152177,PUM1,-,-,-,Un,-,pumilio RNA binding family member 1,protein-coding,-,-,-,pumilio homolog 1,20210420,-
130825,121152178,LOC121152178,-,-,-,Un,-,protocadherin alpha-10-like,protein-coding,-,-,-,protocadherin alpha-10-like,20210420,-
130825,121152179,SNRNP40,-,-,-,Un,-,small nuclear ribonucleoprotein U5 subunit 40,protein-coding,-,-,-,U5 small nuclear ribonucleoprotein 40 kDa protein,20210420,-
130825,121152180,ZCCHC17,-,-,-,Un,-,zinc finger CCHC-type containing 17,protein-coding,-,-,-,nucleolar protein of 40 kDa,20210420,-
130825,121152181,APBB3,-,-,-,Un,-,amyloid beta precursor protein binding family B member 3,protein-coding,-,-,-,amyloid-beta A4 precursor protein-binding family B member 3,20210420,-
130825,121152182,LOC121152182,-,-,-,Un,-,protocadherin alpha-6-like,protein-coding,-,-,-,protocadherin alpha-6-like,20210420,-
130825,121152183,FABP3,-,-,-,Un,-,fatty acid binding protein 3,protein-coding,-,-,-,"fatty acid-binding protein, heart",20210420,-
130825,121152184,PEF1,-,-,-,Un,-,penta-EF-hand domain containing 1,protein-coding,-,-,-,peflin,20210420,-
130825,121152185,ADGRB2,-,-,-,Un,-,adhesion G protein-coupled receptor B2,protein-coding,-,-,-,adhesion G protein-coupled receptor B2,20210420,-
130825,121152186,LOC121152186,-,-,-,Un,-,uncharacterized LOC121152186,ncRNA,-,-,-,-,20210420,-
130825,121152187,PTP4A2,-,-,-,Un,-,protein tyrosine phosphatase 4A2,protein-coding,-,-,-,protein tyrosine phosphatase type IVA 2,20210420,-
130825,121152188,LOC121152188,-,-,-,Un,-,protocadherin alpha-6-like,pseudo,-,-,-,-,20210420,-
130825,121152189,KHDRBS1,-,-,-,Un,-,"KH RNA binding domain containing, signal transduction associated 1",protein-coding,-,-,-,"KH domain-containing, RNA-binding, signal transduction-associated protein 1",20210420,-
130825,121152190,TMEM39B,-,-,-,Un,-,transmembrane protein 39B,protein-coding,-,-,-,transmembrane protein 39B,20210420,-
130825,121152191,KPNA6,-,-,-,Un,-,karyopherin subunit alpha 6,protein-coding,-,-,-,importin subunit alpha-7,20210420,-
130825,121152192,TXLNA,-,-,-,Un,-,taxilin alpha,protein-coding,-,-,-,alpha-taxilin,20210420,-
130825,121152193,IQCC,-,-,-,Un,-,IQ motif containing C,protein-coding,-,-,-,IQ domain-containing protein C,20210420,-
130825,121152194,CCDC28B,-,-,-,Un,-,coiled-coil domain containing 28B,protein-coding,-,-,-,coiled-coil domain-containing protein 28B,20210420,-
130825,121152195,LOC121152195,-,-,-,Un,-,protocadherin alpha-5-like,protein-coding,-,-,-,LOW QUALITY PROTEIN: protocadherin alpha-5-like,20210420,-
130825,121152196,EIF3I,-,-,-,Un,-,eukaryotic translation initiation factor 3 subunit I,protein-coding,-,-,-,eukaryotic translation initiation factor 3 subunit I,20210424,-
130825,121152197,DCDC2B,-,-,-,Un,-,doublecortin domain containing 2B,protein-coding,-,-,-,doublecortin domain-containing protein 2B,20210420,-
130825,121152198,TMEM234,-,-,-,Un,-,transmembrane protein 234,protein-coding,-,-,-,transmembrane protein 234,20210420,-
130825,121152199,LCK,-,-,-,Un,-,"LCK proto-oncogene, Src family tyrosine kinase",protein-coding,-,-,-,tyrosine-protein kinase Lck,20210420,-
130825,121152200,HDAC1,-,-,-,Un,-,histone deacetylase 1,protein-coding,-,-,-,histone deacetylase 1,20210420,-
130825,121152201,MARCKSL1,-,-,-,Un,-,MARCKS like 1,protein-coding,-,-,-,MARCKS-related protein,20210420,-
130825,121152202,BSDC1,-,-,-,Un,-,BSD domain containing 1,protein-coding,-,-,-,BSD domain-containing protein 1,20210420,-
130825,121152203,LOC121152203,-,-,-,Un,-,protocadherin alpha-2-like,protein-coding,-,-,-,LOW QUALITY PROTEIN: protocadherin alpha-2-like,20210420,-
130825,121152204,TSSK3,-,-,-,Un,-,testis specific serine kinase 3,protein-coding,-,-,-,testis-specific serine/threonine-protein kinase 3,20210420,-
130825,121152205,FAM229A,-,-,-,Un,-,family with sequence similarity 229 member A,protein-coding,-,-,-,protein FAM229A,20210420,-
130825,121152206,KIAA1522,-,-,-,Un,-,KIAA1522 ortholog,protein-coding,-,-,-,uncharacterized protein KIAA1522 homolog,20210420,-
130825,121152207,RNF19B,-,-,-,Un,-,ring finger protein 19B,protein-coding,-,-,-,E3 ubiquitin-protein ligase RNF19B,20210420,-
130825,121152208,YARS1,-,-,-,Un,-,tyrosyl-tRNA synthetase 1,protein-coding,-,-,-,"tyrosine--tRNA ligase, cytoplasmic",20210420,-
130825,121152209,SYNC,-,-,-,Un,-,"syncoilin, intermediate filament protein",protein-coding,-,-,-,LOW QUALITY PROTEIN: syncoilin,20210420,-
130825,121152210,ZBTB8A,-,-,-,Un,-,zinc finger and BTB domain containing 8A,protein-coding,-,-,-,zinc finger and BTB domain-containing protein 8A,20210420,-
130825,121152211,LOC121152211,-,-,-,Un,-,protocadherin alpha-5-like,protein-coding,-,-,-,protocadherin alpha-5-like,20210420,-
130825,121152212,RBBP4,-,-,-,Un,-,"RB binding protein 4, chromatin remodeling factor",protein-coding,-,-,-,histone-binding protein RBBP4,20210424,-
130825,121152213,LOC121152213,-,-,-,Un,-,S100P binding protein,protein-coding,-,-,-,S100P-binding protein,20210420,-
130825,121152214,AK2,-,-,-,Un,-,adenylate kinase 2,protein-coding,-,-,-,"adenylate kinase 2, mitochondrial",20210420,-
130825,121152215,HPCA,-,-,-,Un,-,hippocalcin,protein-coding,-,-,-,neuron-specific calcium-binding protein hippocalcin,20210501,-
130825,121152216,ZBTB8OS,-,-,-,Un,-,zinc finger and BTB domain containing 8 opposite strand,protein-coding,-,-,-,protein archease,20210605,-
130825,121152217,LOC121152217,-,-,-,Un,-,protocadherin alpha-3-like,protein-coding,-,-,-,LOW QUALITY PROTEIN: protocadherin alpha-3-like,20210420,-
130825,121152218,FNDC5,-,-,-,Un,-,fibronectin type III domain containing 5,protein-coding,-,-,-,fibronectin type III domain-containing protein 5,20210420,-
130825,121152219,LOC121152219,-,-,-,Un,-,uncharacterized LOC121152219,ncRNA,-,-,-,-,20210420,-
130825,121152220,TRIM62,-,-,-,Un,-,tripartite motif containing 62,protein-coding,-,-,-,E3 ubiquitin-protein ligase TRIM62,20210420,-
130825,121152221,ZNF362,-,-,-,Un,-,zinc finger protein 362,protein-coding,-,-,-,zinc finger protein 362,20210420,-
130825,121152222,PHC2,-,-,-,Un,-,polyhomeotic homolog 2,protein-coding,-,-,-,polyhomeotic-like protein 2,20210420,-
130825,121152223,LOC121152223,-,-,-,Un,-,protocadherin alpha-2-like,protein-coding,-,-,-,protocadherin alpha-2-like,20210420,-
130825,121152224,ZSCAN20,-,-,-,Un,-,zinc finger and SCAN domain containing 20,protein-coding,-,-,-,zinc finger and SCAN domain-containing protein 20,20210420,-
130825,121152225,SMIM12,-,-,-,Un,-,small integral membrane protein 12,protein-coding,-,-,-,small integral membrane protein 12,20210420,-
130825,121152226,ZMYM6,-,-,-,Un,-,zinc finger MYM-type containing 6,protein-coding,-,-,-,zinc finger MYM-type protein 6,20210420,-
130825,121152227,ZMYM1,-,-,-,Un,-,zinc finger MYM-type containing 1,protein-coding,-,-,-,zinc finger MYM-type protein 1,20210420,-
130825,121152228,SFPQ,-,-,-,Un,-,splicing factor proline and glutamine rich,protein-coding,-,-,-,"splicing factor, proline- and glutamine-rich",20210420,-
130825,121152229,LOC121152229,-,-,-,Un,-,protocadherin alpha-1-like,protein-coding,-,-,-,protocadherin alpha-1-like,20210420,-
130825,121152230,ZMYM4,-,-,-,Un,-,zinc finger MYM-type containing 4,protein-coding,-,-,-,zinc finger MYM-type protein 4,20210420,-
130825,121152231,LOC121152231,-,-,-,Un,-,acidic leucine-rich nuclear phosphoprotein 32 family member E-like,pseudo,-,-,-,-,20210420,-
130825,121152232,KIAA0319L,-,-,-,Un,-,KIAA0319 like,protein-coding,-,-,-,dyslexia-associated protein KIAA0319-like protein homolog,20210420,-
130825,121152233,NCDN,-,-,-,Un,-,neurochondrin,protein-coding,-,-,-,neurochondrin,20210420,-
130825,121152234,PSMB2,-,-,-,Un,-,proteasome 20S subunit beta 2,protein-coding,-,-,-,proteasome subunit beta type-2,20210420,-
130825,121152235,LOC121152235,-,-,-,Un,-,protein argonaute-4,protein-coding,-,-,-,protein argonaute-4,20210420,-
130825,121152236,AGO1,-,-,-,Un,-,argonaute RISC component 1,protein-coding,-,-,-,protein argonaute-1,20210501,-
130825,121152237,AGO3,-,-,-,Un,-,argonaute RISC catalytic component 3,protein-coding,-,-,-,protein argonaute-3,20210522,-
130825,121152238,LOC121152238,-,-,-,Un,-,"histidine--tRNA ligase, mitochondrial-like",protein-coding,-,-,-,"histidine--tRNA ligase, mitochondrial-like",20210420,-
130825,121152239,TRAPPC3,-,-,-,Un,-,trafficking protein particle complex subunit 3,protein-coding,-,-,-,trafficking protein particle complex subunit 3,20210420,-
130825,121152240,MAP7D1,-,-,-,Un,-,MAP7 domain containing 1,protein-coding,-,-,-,MAP7 domain-containing protein 1,20210420,-
130825,121152241,THRAP3,-,-,-,Un,-,thyroid hormone receptor associated protein 3,protein-coding,-,-,-,thyroid hormone receptor-associated protein 3,20210420,-
130825,121152242,STK40,-,-,-,Un,-,serine/threonine kinase 40,protein-coding,-,-,-,serine/threonine-protein kinase 40,20210420,-
130825,121152243,EVA1B,-,-,-,Un,-,eva-1 homolog B,protein-coding,-,-,-,protein eva-1 homolog B,20210420,-
130825,121152244,LSM10,-,-,-,Un,-,"LSM10, U7 small nuclear RNA associated",protein-coding,-,-,-,U7 snRNA-associated Sm-like protein LSm10,20210420,-
130825,121152245,LOC121152245,-,-,-,Un,-,uncharacterized LOC121152245,protein-coding,-,-,-,uncharacterized protein LOC121152245,20210420,-
130825,121152246,OSCP1,-,-,-,Un,-,organic solute carrier partner 1,protein-coding,-,-,-,protein OSCP1,20210420,-
130825,121152247,MRPS15,-,-,-,Un,-,mitochondrial ribosomal protein S15,protein-coding,-,-,-,"28S ribosomal protein S15, mitochondrial",20210420,-
130825,121152248,CSF3R,-,-,-,Un,-,colony stimulating factor 3 receptor,protein-coding,-,-,-,granulocyte colony-stimulating factor receptor,20210420,-
130825,121152249,LOC121152249,-,-,-,Un,-,uncharacterized LOC121152249,ncRNA,-,-,-,-,20210420,-
130825,121152250,ZC3H12A,-,-,-,Un,-,zinc finger CCCH-type containing 12A,protein-coding,-,-,-,endoribonuclease ZC3H12A,20210420,-
130825,121152251,HNRNPAB,-,-,-,Un,-,heterogeneous nuclear ribonucleoprotein A/B,protein-coding,-,-,-,heterogeneous nuclear ribonucleoprotein A/B,20210420,-
130825,121152252,CDC25C,-,-,-,Un,-,cell division cycle 25C,protein-coding,-,-,-,M-phase inducer phosphatase 3,20210420,-
130825,121152253,MEAF6,-,-,-,Un,-,MYST/Esa1 associated factor 6,protein-coding,-,-,-,chromatin modification-related protein MEAF6,20210420,-
130825,121152254,GNL2,-,-,-,Un,-,G protein nucleolar 2,protein-coding,-,-,-,nucleolar GTP-binding protein 2,20210420,-
130825,121152255,SNIP1,-,-,-,Un,-,Smad nuclear interacting protein 1,protein-coding,-,-,-,smad nuclear-interacting protein 1,20210420,-
130825,121152256,DNALI1,-,-,-,Un,-,dynein axonemal light intermediate chain 1,protein-coding,-,-,-,axonemal dynein light intermediate polypeptide 1,20210420,-
130825,121152257,CUNH1orf109,-,-,-,Un,-,chromosome unknown C1orf109 homolog,protein-coding,-,-,-,uncharacterized protein C1orf109 homolog,20210420,-
130825,121152258,MANEAL,-,-,-,Un,-,mannosidase endo-alpha like,protein-coding,-,-,-,"glycoprotein endo-alpha-1,2-mannosidase-like protein",20210420,-
130825,121152259,YRDC,-,-,-,Un,-,yrdC N6-threonylcarbamoyltransferase domain containing,protein-coding,-,-,-,"yrdC domain-containing protein, mitochondrial",20210420,-
130825,121152260,LOC121152260,-,-,-,Un,-,neuropeptide Y receptor type 6-like,pseudo,-,-,-,-,20210420,-
130825,121152261,MTF1,-,-,-,Un,-,metal regulatory transcription factor 1,protein-coding,-,-,-,metal regulatory transcription factor 1,20210420,-
130825,121152262,CUNH1orf122,-,-,-,Un,-,chromosome unknown C1orf122 homolog,protein-coding,-,-,-,uncharacterized protein C1orf122 homolog,20210420,-
130825,121152263,INPP5B,-,-,-,Un,-,inositol polyphosphate-5-phosphatase B,protein-coding,-,-,-,"type II inositol 1,4,5-trisphosphate 5-phosphatase",20210420,-
130825,121152264,LOC121152264,-,-,-,Un,-,uncharacterized LOC121152264,ncRNA,-,-,-,-,20210420,-
130825,121152265,SF3A3,-,-,-,Un,-,splicing factor 3a subunit 3,protein-coding,-,-,-,splicing factor 3A subunit 3,20210420,-
130825,121152266,FHL3,-,-,-,Un,-,four and a half LIM domains 3,protein-coding,-,-,-,four and a half LIM domains protein 3,20210420,-
130825,121152267,IL9,-,-,-,Un,-,interleukin 9,protein-coding,-,-,-,interleukin-9,20210420,-
130825,121152268,UTP11,-,-,-,Un,-,UTP11 small subunit processome component,protein-coding,-,-,-,probable U3 small nucleolar RNA-associated protein 11,20210420,-
130825,121152269,RRAGC,-,-,-,Un,-,Ras related GTP binding C,protein-coding,-,-,-,ras-related GTP-binding protein C,20210420,-
130825,121152270,LOC121152270,-,-,-,Un,-,MYC binding protein,protein-coding,-,-,-,C-Myc-binding protein,20210529,-
130825,121152271,AKIRIN1,-,-,-,Un,-,akirin 1,protein-coding,-,-,-,akirin-1,20210420,-
130825,121152272,MACF1,-,-,-,Un,-,microtubule actin crosslinking factor 1,protein-coding,-,-,-,microtubule-actin cross-linking factor 1,20210420,-
130825,121152273,LOC121152273,-,-,-,Un,-,proteasome subunit beta type-5-like,pseudo,-,-,-,-,20210420,-
130825,121152274,KIAA0754,-,-,-,Un,-,KIAA0754 ortholog,protein-coding,-,-,-,uncharacterized protein KIAA0754 homolog,20210420,-
130825,121152275,LOC121152275,-,-,-,Un,-,uncharacterized LOC121152275,protein-coding,-,-,-,uncharacterized protein LOC121152275,20210420,-
130825,121152276,LOC121152276,-,-,-,Un,-,40S ribosomal protein S6-like,pseudo,-,-,-,-,20210420,-
130825,121152277,PABPC4,-,-,-,Un,-,poly(A) binding protein cytoplasmic 4,protein-coding,-,-,-,polyadenylate-binding protein 4,20210420,-
130825,121152278,LOC121152278,-,-,-,Un,-,ribosome biogenesis protein NSA2 homolog,pseudo,-,-,-,-,20210420,-
130825,121152279,LOC121152279,-,-,-,Un,-,bone morphogenetic protein 8B,protein-coding,-,-,-,bone morphogenetic protein 8B,20210420,-
130825,121152280,PPIE,-,-,-,Un,-,peptidylprolyl isomerase E,protein-coding,-,-,-,peptidyl-prolyl cis-trans isomerase E,20210420,-
130825,121152281,TRIT1,-,-,-,Un,-,tRNA isopentenyltransferase 1,protein-coding,-,-,-,tRNA dimethylallyltransferase,20210420,-
130825,121152282,CAP1,-,-,-,Un,-,cyclase associated actin cytoskeleton regulatory protein 1,protein-coding,-,-,-,adenylyl cyclase-associated protein 1,20210420,-
130825,121152283,LOC121152283,-,-,-,Un,-,60S ribosomal protein L21-like,protein-coding,-,-,-,LOW QUALITY PROTEIN: 60S ribosomal protein L21-like,20210420,-
130825,121152284,PPT1,-,-,-,Un,-,palmitoyl-protein thioesterase 1,protein-coding,-,-,-,palmitoyl-protein thioesterase 1,20210420,-
130825,121152285,RLF,-,-,-,Un,-,RLF zinc finger,protein-coding,-,-,-,zinc finger protein Rlf,20210420,-
130825,121152286,TMCO2,-,-,-,Un,-,transmembrane and coiled-coil domains 2,protein-coding,-,-,-,transmembrane and coiled-coil domain-containing protein 2,20210420,-
130825,121152287,ZMPSTE24,-,-,-,Un,-,zinc metallopeptidase STE24,protein-coding,-,-,-,CAAX prenyl protease 1 homolog,20210420,-
130825,121152288,SMAP2,-,-,-,Un,-,small ArfGAP2,protein-coding,-,-,-,stromal membrane-associated protein 2,20210420,-
130825,121152289,ZFP69,-,-,-,Un,-,ZFP69 zinc finger protein,protein-coding,-,-,-,zinc finger protein 69 homolog,20210420,-
130825,121152290,LOC121152290,-,-,-,Un,-,60S ribosomal protein L27a-like,pseudo,-,-,-,-,20210420,-
130825,121152291,ZNF684,-,-,-,Un,-,zinc finger protein 684,protein-coding,-,-,-,zinc finger protein 684,20210420,-
130825,121152292,LOC121152292,-,-,-,Un,-,PRELI domain containing protein 3B-like,pseudo,-,-,-,-,20210420,-
130825,121152293,NFYC,-,-,-,Un,-,nuclear transcription factor Y subunit gamma,protein-coding,-,-,-,nuclear transcription factor Y subunit gamma,20210424,-
130825,121152294,SCMH1,-,-,-,Un,-,Scm polycomb group protein homolog 1,protein-coding,-,-,-,polycomb protein SCMH1,20210420,-
130825,121152295,CTPS1,-,-,-,Un,-,CTP synthase 1,protein-coding,-,-,-,CTP synthase 1,20210420,-
130825,121152296,SLFNL1,-,-,-,Un,-,schlafen like 1,protein-coding,-,-,-,LOW QUALITY PROTEIN: schlafen-like protein 1,20210420,-
130825,121152297,HIVEP3,-,-,-,Un,-,HIVEP zinc finger 3,protein-coding,-,-,-,transcription factor HIVEP3,20210420,-
130825,121152298,FOXJ3,-,-,-,Un,-,forkhead box J3,protein-coding,-,-,-,forkhead box protein J3,20210420,-
130825,121152299,LOC121152299,-,-,-,Un,-,H/ACA ribonucleoprotein complex subunit 3-like,pseudo,-,-,-,-,20210420,-
130825,121152300,CCDC30,-,-,-,Un,-,coiled-coil domain containing 30,protein-coding,-,-,-,coiled-coil domain-containing protein 30,20210420,-
130825,121152301,PPCS,-,-,-,Un,-,phosphopantothenoylcysteine synthetase,protein-coding,-,-,-,phosphopantothenate--cysteine ligase,20210420,-
130825,121152302,PPIH,-,-,-,Un,-,peptidylprolyl isomerase H,protein-coding,-,-,-,peptidyl-prolyl cis-trans isomerase H,20210501,-
130825,121152303,YBX1,-,-,-,Un,-,Y-box binding protein 1,protein-coding,-,-,-,Y-box-binding protein 1,20210420,-
130825,121152304,P3H1,-,-,-,Un,-,prolyl 3-hydroxylase 1,protein-coding,-,-,-,prolyl 3-hydroxylase 1,20210420,-
130825,121152305,LOC121152305,-,-,-,Un,-,protein FAM92A-like,pseudo,-,-,-,-,20210420,-
130825,121152306,SLC2A1,-,-,-,Un,-,solute carrier family 2 member 1,protein-coding,-,-,-,"solute carrier family 2, facilitated glucose transporter member 1",20210420,-
130825,121152307,EBNA1BP2,-,-,-,Un,-,EBNA1 binding protein 2,protein-coding,-,-,-,probable rRNA-processing protein EBP2,20210420,-
130825,121152308,CFAP57,-,-,-,Un,-,cilia and flagella associated protein 57,protein-coding,-,-,-,cilia- and flagella-associated protein 57,20210420,-
130825,121152309,LOC121152309,-,-,-,Un,-,uncharacterized LOC121152309,ncRNA,-,-,-,-,20210420,-
130825,121152310,ELOVL1,-,-,-,Un,-,ELOVL fatty acid elongase 1,protein-coding,-,-,-,elongation of very long chain fatty acids protein 1,20210420,-
130825,121152311,MED8,-,-,-,Un,-,mediator complex subunit 8,protein-coding,-,-,-,mediator of RNA polymerase II transcription subunit 8,20210420,-
130825,121152312,SZT2,-,-,-,Un,-,SZT2 subunit of KICSTOR complex,protein-coding,-,-,-,KICSTOR complex protein SZT2,20210420,-
130825,121152313,LOC121152313,-,-,-,Un,-,60S ribosomal protein L23a-like,pseudo,-,-,-,-,20210420,-
130825,121152314,HYI,-,-,-,Un,-,hydroxypyruvate isomerase (putative),protein-coding,-,-,-,putative hydroxypyruvate isomerase,20210420,-
130825,121152315,PTPRF,-,-,-,Un,-,protein tyrosine phosphatase receptor type F,protein-coding,-,-,-,receptor-type tyrosine-protein phosphatase F,20210420,-
130825,121152316,KDM4A,-,-,-,Un,-,lysine demethylase 4A,protein-coding,-,-,-,lysine-specific demethylase 4A,20210420,-
130825,121152317,ST3GAL3,-,-,-,Un,-,"ST3 beta-galactoside alpha-2,3-sialyltransferase 3",protein-coding,-,-,-,"CMP-N-acetylneuraminate-beta-1,4-galactoside alpha-2,3-sialyltransferase",20210420,-
130825,121152318,SPINK7,-,-,-,Un,-,serine peptidase inhibitor Kazal type 7,protein-coding,-,-,-,serine protease inhibitor Kazal-type 7,20210420,-
130825,121152319,IPO13,-,-,-,Un,-,importin 13,protein-coding,-,-,-,importin-13,20210420,-
130825,121152320,DPH2,-,-,-,Un,-,diphthamide biosynthesis 2,protein-coding,-,-,-,2-(3-amino-3-carboxypropyl)histidine synthase subunit 2,20210420,-
130825,121152321,B4GALT2,-,-,-,Un,-,"beta-1,4-galactosyltransferase 2",protein-coding,-,-,-,"beta-1,4-galactosyltransferase 2",20210420,-
130825,121152322,ATP6V0B,-,-,-,Un,-,ATPase H+ transporting V0 subunit b,protein-coding,-,-,-,V-type proton ATPase 21 kDa proteolipid subunit,20210420,-
130825,121152323,LOC121152323,-,-,-,Un,-,uncharacterized LOC121152323,ncRNA,-,-,-,-,20210420,-
130825,121152324,SPINK13,-,-,-,Un,-,serine peptidase inhibitor Kazal type 13,protein-coding,-,-,-,serine protease inhibitor Kazal-type 13,20210420,-
130825,121152325,SLC6A9,-,-,-,Un,-,solute carrier family 6 member 9,protein-coding,-,-,-,sodium- and chloride-dependent glycine transporter 1,20210420,-
130825,121152326,LOC121152326,-,-,-,Un,-,uncharacterized LOC121152326,ncRNA,-,-,-,-,20210420,-
130825,121152327,LOC121152327,-,-,-,Un,-,uncharacterized LOC121152327,ncRNA,-,-,-,-,20210420,-
130825,121152328,LOC121152328,-,-,-,Un,-,40S ribosomal protein S8-like,pseudo,-,-,-,-,20210420,-
130825,121152329,OPRD1,-,-,-,Un,-,opioid receptor delta 1,protein-coding,-,-,-,delta-type opioid receptor,20210420,-
130825,121152330,LOC121152330,-,-,-,Un,-,ovomucoid-like,protein-coding,-,-,-,ovomucoid-like,20210420,-
130825,121152331,TMEM200B,-,-,-,Un,-,transmembrane protein 200B,protein-coding,-,-,-,transmembrane protein 200B,20210420,-
130825,121152332,PTPRU,-,-,-,Un,-,protein tyrosine phosphatase receptor type U,protein-coding,-,-,-,receptor-type tyrosine-protein phosphatase U,20210420,-
130825,121152333,MATN1,-,-,-,Un,-,matrilin 1,protein-coding,-,-,-,cartilage matrix protein,20210420,-
130825,121152334,NKAIN1,-,-,-,Un,-,sodium/potassium transporting ATPase interacting 1,protein-coding,-,-,-,sodium/potassium-transporting ATPase subunit beta-1-interacting protein 1,20210425,-
130825,121152335,SERINC2,-,-,-,Un,-,serine incorporator 2,protein-coding,-,-,-,serine incorporator 2,20210420,-
130825,121152336,TINAGL1,-,-,-,Un,-,tubulointerstitial nephritis antigen like 1,protein-coding,-,-,-,tubulointerstitial nephritis antigen-like,20210420,-
130825,121152337,HCRTR1,-,-,-,Un,-,hypocretin receptor 1,protein-coding,-,-,-,orexin receptor type 1,20210420,-
130825,121152338,SPINK6,-,-,-,Un,-,serine peptidase inhibitor Kazal type 6,protein-coding,-,-,-,serine protease inhibitor Kazal-type 6,20210420,-
130825,121152339,COL16A1,-,-,-,Un,-,collagen type XVI alpha 1 chain,protein-coding,-,-,-,collagen alpha-1(XVI) chain,20210420,-
130825,121152340,LOC121152340,-,-,-,Un,-,uncharacterized LOC121152340,ncRNA,-,-,-,-,20210420,-
130825,121152341,LOC121152341,-,-,-,Un,-,"coenzyme Q-binding protein COQ10 homolog B, mitochondrial-like",pseudo,-,-,-,-,20210420,-
130825,121152342,FAM167B,-,-,-,Un,-,family with sequence similarity 167 member B,protein-coding,-,-,-,protein FAM167B,20210420,-
130825,121152343,ZBTB8B,-,-,-,Un,-,zinc finger and BTB domain containing 8B,protein-coding,-,-,-,zinc finger and BTB domain-containing protein 8B,20210420,-
130825,121152344,AZIN2,-,-,-,Un,-,antizyme inhibitor 2,protein-coding,-,-,-,antizyme inhibitor 2,20210420,-
130825,121152345,SPINK5,-,-,-,Un,-,serine peptidase inhibitor Kazal type 5,protein-coding,-,-,-,serine protease inhibitor Kazal-type 5,20210420,-
130825,121152346,A3GALT2,-,-,-,Un,-,"alpha 1,3-galactosyltransferase 2",protein-coding,-,-,-,"alpha-1,3-galactosyltransferase 2",20210420,-
130825,121152347,LOC121152347,-,-,-,Un,-,toll-like receptor 12,protein-coding,-,-,-,toll-like receptor 12,20210420,-
130825,121152348,CSMD2,-,-,-,Un,-,CUB and Sushi multiple domains 2,protein-coding,-,-,-,CUB and sushi domain-containing protein 2,20210420,-
130825,121152349,HMGB4,-,-,-,Un,-,high mobility group box 4,protein-coding,-,-,-,high mobility group protein B4,20210420,-
130825,121152350,LOC121152350,-,-,-,Un,-,60S ribosomal protein L37a-like,protein-coding,-,-,-,LOW QUALITY PROTEIN: 60S ribosomal protein L37a-like,20210420,-
130825,121152351,GJB5,-,-,-,Un,-,gap junction protein beta 5,protein-coding,-,-,-,gap junction beta-5 protein,20210420,-
130825,121152352,GJB4,-,-,-,Un,-,gap junction protein beta 4,protein-coding,-,-,-,gap junction beta-4 protein,20210420,-
130825,121152353,GJB3,-,-,-,Un,-,gap junction protein beta 3,protein-coding,-,-,-,gap junction beta-3 protein,20210420,-
130825,121152354,GJA4,-,-,-,Un,-,gap junction protein alpha 4,protein-coding,-,-,-,gap junction alpha-4 protein,20210420,-
130825,121152355,DLGAP3,-,-,-,Un,-,DLG associated protein 3,protein-coding,-,-,-,disks large-associated protein 3,20210420,-
130825,121152356,LOC121152356,-,-,-,Un,-,elongin-B-like,pseudo,-,-,-,-,20210420,-
130825,121152357,TMEM35B,-,-,-,Un,-,transmembrane protein 35B,protein-coding,-,-,-,transmembrane protein 35B,20210420,-
130825,121152358,TFAP2E,-,-,-,Un,-,transcription factor AP-2 epsilon,protein-coding,-,-,-,transcription factor AP-2-epsilon,20210420,-
130825,121152359,CUNH1orf216,-,-,-,Un,-,chromosome unknown C1orf216 homolog,protein-coding,-,-,-,UPF0500 protein C1orf216 homolog,20210420,-
130825,121152360,CLSPN,-,-,-,Un,-,claspin,protein-coding,-,-,-,claspin,20210420,-
130825,121152361,LOC121152361,-,-,-,Un,-,magnesium transporter protein 1-like,protein-coding,-,-,-,magnesium transporter protein 1-like,20210420,-
130825,121152362,TEKT2,-,-,-,Un,-,tektin 2,protein-coding,-,-,-,tektin-2,20210420,-
130825,121152363,COL8A2,-,-,-,Un,-,collagen type VIII alpha 2 chain,protein-coding,-,-,-,collagen alpha-2(VIII) chain,20210420,-
130825,121152364,GRIK3,-,-,-,Un,-,glutamate ionotropic receptor kainate type subunit 3,protein-coding,-,-,-,"glutamate receptor ionotropic, kainate 3",20210420,-
130825,121152365,F12,-,-,-,Un,-,coagulation factor XII,protein-coding,-,-,-,coagulation factor XII,20210420,-
130825,121152366,LOC121152366,-,-,-,Un,-,PRA1 family protein 2-like,pseudo,-,-,-,-,20210420,-
130825,121152367,RSPO1,-,-,-,Un,-,R-spondin 1,protein-coding,-,-,-,R-spondin-1,20210420,-
130825,121152368,CDCA8,-,-,-,Un,-,cell division cycle associated 8,protein-coding,-,-,-,borealin,20210420,-
130825,121152369,EPHA10,-,-,-,Un,-,EPH receptor A10,protein-coding,-,-,-,ephrin type-A receptor 10,20210420,-
130825,121152370,POU3F1,-,-,-,Un,-,POU class 3 homeobox 1,protein-coding,-,-,-,"POU domain, class 3, transcription factor 1",20210420,-
130825,121152371,LOC121152371,-,-,-,Un,-,uncharacterized LOC121152371,ncRNA,-,-,-,-,20210420,-
130825,121152372,RHBDL2,-,-,-,Un,-,rhomboid like 2,protein-coding,-,-,-,rhomboid-related protein 2,20210420,-
130825,121152373,NDUFS5,-,-,-,Un,-,NADH:ubiquinone oxidoreductase subunit S5,protein-coding,-,-,-,NADH dehydrogenase [ubiquinone] iron-sulfur protein 5,20210420,-
130825,121152374,BMP8A,-,-,-,Un,-,bone morphogenetic protein 8a,protein-coding,-,-,-,bone morphogenetic protein 8A,20210420,-
130825,121152375,EIF4E1B,-,-,-,Un,-,eukaryotic translation initiation factor 4E family member 1B,protein-coding,-,-,-,eukaryotic translation initiation factor 4E type 1B,20210420,-
130825,121152376,NT5C1A,-,-,-,Un,-,"5'-nucleotidase, cytosolic IA",protein-coding,-,-,-,cytosolic 5'-nucleotidase 1A,20210420,-
130825,121152377,HPCAL4,-,-,-,Un,-,hippocalcin like 4,protein-coding,-,-,-,hippocalcin-like protein 4,20210515,-
130825,121152378,MYCL,-,-,-,Un,-,"MYCL proto-oncogene, bHLH transcription factor",protein-coding,-,-,-,protein L-Myc,20210420,-
130825,121152379,MFSD2A,-,-,-,Un,-,major facilitator superfamily domain containing 2A,protein-coding,-,-,-,sodium-dependent lysophosphatidylcholine symporter 1,20210420,-
130825,121152380,COL9A2,-,-,-,Un,-,collagen type IX alpha 2 chain,protein-coding,-,-,-,collagen alpha-2(IX) chain,20210420,-
130825,121152381,GPRIN1,-,-,-,Un,-,G protein regulated inducer of neurite outgrowth 1,protein-coding,-,-,-,G protein-regulated inducer of neurite outgrowth 1,20210420,-
130825,121152382,EXO5,-,-,-,Un,-,exonuclease 5,protein-coding,-,-,-,exonuclease V,20210420,-
130825,121152383,LOC121152383,-,-,-,Un,-,ADP-ribosylation factor-like protein 1,pseudo,-,-,-,-,20210420,-
130825,121152384,RIMS3,-,-,-,Un,-,regulating synaptic membrane exocytosis 3,protein-coding,-,-,-,regulating synaptic membrane exocytosis protein 3,20210420,-
130825,121152385,KCNQ4,-,-,-,Un,-,potassium voltage-gated channel subfamily Q member 4,protein-coding,-,-,-,potassium voltage-gated channel subfamily KQT member 4,20210420,-
130825,121152386,CITED4,-,-,-,Un,-,Cbp/p300 interacting transactivator with Glu/Asp rich carboxy-terminal domain 4,protein-coding,-,-,-,cbp/p300-interacting transactivator 4,20210420,-
130825,121152387,LOC121152387,-,-,-,Un,-,ADP-ribosylation factor-like protein 5A,protein-coding,-,-,-,ADP-ribosylation factor-like protein 5A,20210420,-
130825,121152388,FOXO6,-,-,-,Un,-,forkhead box O6,protein-coding,-,-,-,forkhead box protein O6,20210420,-
130825,121152389,EDN2,-,-,-,Un,-,endothelin 2,protein-coding,-,-,-,endothelin-2,20210420,-
130825,121152390,GUCA2A,-,-,-,Un,-,guanylate cyclase activator 2A,protein-coding,-,-,-,guanylin,20210420,-
130825,121152391,CCDC69,-,-,-,Un,-,coiled-coil domain containing 69,protein-coding,-,-,-,coiled-coil domain-containing protein 69,20210420,-
130825,121152392,RIMKLA,-,-,-,Un,-,ribosomal modification protein rimK like family member A,protein-coding,-,-,-,N-acetylaspartylglutamate synthase A,20210420,-
130825,121152393,ZMYND12,-,-,-,Un,-,zinc finger MYND-type containing 12,protein-coding,-,-,-,zinc finger MYND domain-containing protein 12,20210420,-
130825,121152394,CLDN19,-,-,-,Un,-,claudin 19,protein-coding,-,-,-,claudin-19,20210420,-
130825,121152395,CUNH1orf50,-,-,-,Un,-,chromosome unknown C1orf50 homolog,protein-coding,-,-,-,uncharacterized protein C1orf50 homolog,20210420,-
130825,121152396,TMEM269,-,-,-,Un,-,transmembrane protein 269,protein-coding,-,-,-,transmembrane protein 269,20210420,-
130825,121152397,LOC121152397,-,-,-,Un,-,small vasohibin binding protein,protein-coding,-,-,-,small vasohibin-binding protein,20210605,-
130825,121152398,LOC121152398,-,-,-,Un,-,erythroblast membrane associated protein (Scianna blood group),protein-coding,-,-,-,erythroid membrane-associated protein,20210420,-
130825,121152399,SLC35A4,-,-,-,Un,-,solute carrier family 35 member A4,protein-coding,-,-,-,probable UDP-sugar transporter protein SLC35A4,20210420,-
130825,121152400,LOC121152400,-,-,-,Un,-,protein FAM170A-like,protein-coding,-,-,-,protein FAM170A-like,20210420,-
130825,121152401,ZNF691,-,-,-,Un,-,zinc finger protein 691,protein-coding,-,-,-,zinc finger protein 691,20210420,-
130825,121152402,LOC121152402,-,-,-,Un,-,uncharacterized LOC121152402,ncRNA,-,-,-,-,20210420,-
130825,121152403,LOC121152403,-,-,-,Un,-,L-amino-acid oxidase-like,protein-coding,-,-,-,L-amino-acid oxidase-like,20210420,-
130825,121152404,LOC121152404,-,-,-,Un,-,olfactory receptor 2A12-like,protein-coding,-,-,-,olfactory receptor 2A12-like,20210420,-
130825,121152405,LOC121152405,-,-,-,Un,-,olfactory receptor 2A12-like,protein-coding,-,-,-,olfactory receptor 2A12-like,20210420,-
130825,121152406,LOC121152406,-,-,-,Un,-,olfactory receptor 2B6-like,protein-coding,-,-,-,olfactory receptor 2B6-like,20210420,-
130825,121152407,LOC121152407,-,-,-,Un,-,olfactory receptor 2A12-like,protein-coding,-,-,-,olfactory receptor 2A12-like,20210420,-
130825,121152408,LOC121152408,-,-,-,Un,-,olfactory receptor 2A12-like,protein-coding,-,-,-,olfactory receptor 2A12-like,20210420,-
130825,121152409,LOC121152409,-,-,-,Un,-,olfactory receptor 2A12-like,protein-coding,-,-,-,olfactory receptor 2A12-like,20210420,-
130825,121152410,LOC121152410,-,-,-,Un,-,olfactory receptor 2A12-like,protein-coding,-,-,-,olfactory receptor 2A12-like,20210420,-
130825,121152411,LOC121152411,-,-,-,Un,-,60S ribosomal protein L21-like,pseudo,-,-,-,-,20210420,-
130825,121152412,FAM183A,-,-,-,Un,-,family with sequence similarity 183 member A,protein-coding,-,-,-,protein FAM183A,20210420,-
130825,121152413,TMEM125,-,-,-,Un,-,transmembrane protein 125,protein-coding,-,-,-,transmembrane protein 125,20210420,-
130825,121152414,CUNH1orf210,-,-,-,Un,-,chromosome unknown C1orf210 homolog,protein-coding,-,-,-,type III endosome membrane protein TEMP,20210420,-
130825,121152415,TIE1,-,-,-,Un,-,tyrosine kinase with immunoglobulin like and EGF like domains 1,protein-coding,-,-,-,tyrosine-protein kinase receptor Tie-1,20210420,-
130825,121152416,MPL,-,-,-,Un,-,"MPL proto-oncogene, thrombopoietin receptor",protein-coding,-,-,-,thrombopoietin receptor,20210420,-
130825,121152417,CDC20,-,-,-,Un,-,cell division cycle 20,protein-coding,-,-,-,cell division cycle protein 20 homolog,20210420,-
130825,121152418,ARTN,-,-,-,Un,-,artemin,protein-coding,-,-,-,artemin,20210420,-
130825,121152419,LOC121152419,-,-,-,Un,-,U1 spliceosomal RNA,snRNA,-,-,-,-,20210420,-
130825,121152420,LOC121152420,-,-,-,Un,-,U1 spliceosomal RNA,snRNA,-,-,-,-,20210420,-
130825,121152421,LOC121152421,-,-,-,Un,-,protein FAM170A-like,protein-coding,-,-,-,protein FAM170A-like,20210420,-
130825,121152422,LOC121152422,-,-,-,Un,-,U2 spliceosomal RNA,pseudo,-,-,-,-,20210420,-
130825,121152423,LOC121152423,-,-,-,Un,-,U2 spliceosomal RNA,snRNA,-,-,-,-,20210420,-
130825,121152424,LOC121152424,-,-,-,Un,-,U5 spliceosomal RNA,pseudo,-,-,-,-,20210420,-
130825,121152425,LOC121152425,-,-,-,Un,-,U6 spliceosomal RNA,snRNA,-,-,-,-,20210420,-
130825,121152426,LOC121152426,-,-,-,Un,-,U6 spliceosomal RNA,pseudo,-,-,-,-,20210420,-
130825,121152427,LOC121152427,-,-,-,Un,-,U6 spliceosomal RNA,snRNA,-,-,-,-,20210420,-
130825,121152428,LOC121152428,-,-,-,Un,-,U6 spliceosomal RNA,pseudo,-,-,-,-,20210420,-
130825,121152429,LOC121152429,-,-,-,Un,-,small nucleolar RNA SNORD103/SNORD85,snoRNA,-,-,-,-,20210420,-
130825,121152430,LOC121152430,-,-,-,Un,-,small nucleolar RNA SNORD103/SNORD85,snoRNA,-,-,-,-,20210420,-
130825,121152431,LOC121152431,-,-,-,Un,-,small nucleolar RNA SNORD103/SNORD85,snoRNA,-,-,-,-,20210420,-
130825,121152432,LOC121152432,-,-,-,Un,-,small nucleolar RNA SNORA55,snoRNA,-,-,-,-,20210420,-
130825,121152433,LOC121152433,-,-,-,Un,-,U11 spliceosomal RNA,snRNA,-,-,-,-,20210420,-
130825,121152434,LOC121152434,-,-,-,Un,-,small nucleolar RNA ACA64,snoRNA,-,-,-,-,20210420,-
130825,121152435,LOC121152435,-,-,-,Un,-,leucine-rich repeat-containing protein 37A3-like,protein-coding,-,-,-,leucine-rich repeat-containing protein 37A3-like,20210420,-
130825,121152436,FTMT,-,-,-,Un,-,ferritin mitochondrial,protein-coding,-,-,-,"ferritin, mitochondrial",20210420,-
130825,121152437,FAM83G,-,-,-,Un,-,family with sequence similarity 83 member G,protein-coding,-,-,-,protein FAM83G,20210420,-
130825,121152438,SLC5A10,-,-,-,Un,-,solute carrier family 5 member 10,protein-coding,-,-,-,sodium/glucose cotransporter 5,20210420,-
130825,121152439,LOC121152439,-,-,-,Un,-,GRB2 related adaptor protein,protein-coding,-,-,-,GRB2-related adapter protein,20210420,-
130825,121152440,PRPSAP2,-,-,-,Un,-,phosphoribosyl pyrophosphate synthetase associated protein 2,protein-coding,-,-,-,phosphoribosyl pyrophosphate synthase-associated protein 2,20210420,-
130825,121152441,SMCR8,-,-,-,Un,-,SMCR8-C9orf72 complex subunit,protein-coding,-,-,-,guanine nucleotide exchange protein SMCR8,20210420,-
130825,121152442,SHMT1,-,-,-,Un,-,serine hydroxymethyltransferase 1,protein-coding,-,-,-,"serine hydroxymethyltransferase, cytosolic",20210420,-
130825,121152443,TOP3A,-,-,-,Un,-,DNA topoisomerase III alpha,protein-coding,-,-,-,DNA topoisomerase 3-alpha,20210420,-
130825,121152444,LOC121152444,-,-,-,Un,-,60S ribosomal protein L35a-like,pseudo,-,-,-,-,20210420,-
130825,121152445,MIEF2,-,-,-,Un,-,mitochondrial elongation factor 2,protein-coding,-,-,-,mitochondrial dynamics protein MID49,20210420,-
130825,121152446,FLII,-,-,-,Un,-,FLII actin remodeling protein,protein-coding,-,-,-,protein flightless-1 homolog,20210420,-
130825,121152447,LLGL1,-,-,-,Un,-,LLGL scribble cell polarity complex component 1,protein-coding,-,-,-,lethal(2) giant larvae protein homolog 1,20210420,-
130825,121152448,ALKBH5,-,-,-,Un,-,"alkB homolog 5, RNA demethylase",protein-coding,-,-,-,RNA demethylase ALKBH5,20210420,-
130825,121152449,DRG2,-,-,-,Un,-,developmentally regulated GTP binding protein 2,protein-coding,-,-,-,developmentally-regulated GTP-binding protein 2,20210420,-
130825,121152450,LOC121152450,-,-,-,Un,-,zinc finger protein 474-like,protein-coding,-,-,-,zinc finger protein 474-like,20210420,-
130825,121152451,GID4,-,-,-,Un,-,GID complex subunit 4 homolog,protein-coding,-,-,-,glucose-induced degradation protein 4 homolog,20210420,-
130825,121152452,LOC121152452,-,-,-,Un,-,uncharacterized LOC121152452,ncRNA,-,-,-,-,20210420,-
130825,121152453,ATPAF2,-,-,-,Un,-,ATP synthase mitochondrial F1 complex assembly factor 2,protein-coding,-,-,-,ATP synthase mitochondrial F1 complex assembly factor 2,20210420,-
130825,121152454,TOM1L2,-,-,-,Un,-,target of myb1 like 2 membrane trafficking protein,protein-coding,-,-,-,TOM1-like protein 2,20210420,-
130825,121152455,RAI1,-,-,-,Un,-,retinoic acid induced 1,protein-coding,-,-,-,retinoic acid-induced protein 1,20210420,-
130825,121152456,CCDC192,-,-,-,Un,-,coiled-coil domain containing 192,protein-coding,-,-,-,LOW QUALITY PROTEIN: coiled-coil domain-containing protein 192,20210420,-
130825,121152457,SREBF1,-,-,-,Un,-,sterol regulatory element binding transcription factor 1,protein-coding,-,-,-,sterol regulatory element-binding protein 1,20210420,-
130825,121152458,COPS3,-,-,-,Un,-,COP9 signalosome subunit 3,protein-coding,-,-,-,COP9 signalosome complex subunit 3,20210529,-
130825,121152459,FLCN,-,-,-,Un,-,folliculin,protein-coding,-,-,-,folliculin,20210420,-
130825,121152460,LOC121152460,-,-,-,Un,-,myosin phosphatase Rho interacting protein,protein-coding,-,-,-,myosin phosphatase Rho-interacting protein,20210420,-
130825,121152461,LOC121152461,-,-,-,Un,-,60S ribosomal protein L32-like,pseudo,-,-,-,-,20210420,-
130825,121152462,DRC3,-,-,-,Un,-,dynein regulatory complex subunit 3,protein-coding,-,-,-,dynein regulatory complex subunit 3,20210420,-
130825,121152463,PLD6,-,-,-,Un,-,phospholipase D family member 6,protein-coding,-,-,-,mitochondrial cardiolipin hydrolase,20210420,-
130825,121152464,LOC121152464,-,-,-,Un,-,small nuclear ribonucleoprotein E-like,pseudo,-,-,-,-,20210420,-
130825,121152465,MYO15A,-,-,-,Un,-,myosin XVA,protein-coding,-,-,-,unconventional myosin-XV,20210420,-
130825,121152466,PEMT,-,-,-,Un,-,phosphatidylethanolamine N-methyltransferase,protein-coding,-,-,-,phosphatidylethanolamine N-methyltransferase,20210420,-
130825,121152467,RASD1,-,-,-,Un,-,ras related dexamethasone induced 1,protein-coding,-,-,-,dexamethasone-induced Ras-related protein 1,20210420,-
130825,121152468,MED9,-,-,-,Un,-,mediator complex subunit 9,protein-coding,-,-,-,mediator of RNA polymerase II transcription subunit 9,20210420,-
130825,121152469,LOC121152469,-,-,-,Un,-,"3-ketoacyl-CoA thiolase, mitochondrial-like",pseudo,-,-,-,-,20210420,-
130825,121152470,NT5M,-,-,-,Un,-,"5',3'-nucleotidase, mitochondrial",protein-coding,-,-,-,"5'(3')-deoxyribonucleotidase, mitochondrial",20210420,-
130825,121152471,LOC121152471,-,-,-,Un,-,U4 spliceosomal RNA,pseudo,-,-,-,-,20210420,-
130825,121152472,USP18,-,-,-,Un,-,ubiquitin specific peptidase 18,protein-coding,-,-,-,ubl carboxyl-terminal hydrolase 18,20210420,-
130825,121152473,TUBA8,-,-,-,Un,-,tubulin alpha 8,protein-coding,-,-,-,tubulin alpha-8 chain,20210420,-
130825,121152474,PEX26,-,-,-,Un,-,peroxisomal biogenesis factor 26,protein-coding,-,-,-,peroxisome assembly protein 26,20210420,-
130825,121152475,MICAL3,-,-,-,Un,-,"microtubule associated monooxygenase, calponin and LIM domain containing 3",protein-coding,-,-,-,F-actin-monooxygenase MICAL3,20210420,-
130825,121152476,BID,-,-,-,Un,-,BH3 interacting domain death agonist,protein-coding,-,-,-,BH3-interacting domain death agonist,20210420,-
130825,121152477,BCL2L13,-,-,-,Un,-,BCL2 like 13,protein-coding,-,-,-,bcl-2-like protein 13,20210420,-
130825,121152478,ATP6V1E1,-,-,-,Un,-,ATPase H+ transporting V1 subunit E1,protein-coding,-,-,-,V-type proton ATPase subunit E 1,20210420,-
130825,121152479,LOC121152479,-,-,-,Un,-,Y-box-binding protein 1-like,pseudo,-,-,-,-,20210420,-
130825,121152480,SLC25A18,-,-,-,Un,-,solute carrier family 25 member 18,protein-coding,-,-,-,mitochondrial glutamate carrier 2,20210420,-
130825,121152481,LOC121152481,-,-,-,Un,-,cat eye syndrome critical region protein 2,protein-coding,-,-,-,LOW QUALITY PROTEIN: cat eye syndrome critical region protein 2,20210420,-
130825,121152482,IL17RA,-,-,-,Un,-,interleukin 17 receptor A,protein-coding,-,-,-,interleukin-17 receptor A,20210420,-
130825,121152483,LOC121152483,-,-,-,Un,-,heterogeneous nuclear ribonucleoprotein A1-like,pseudo,-,-,-,-,20210420,-
130825,121152484,LOC121152484,-,-,-,Un,-,proteasome assembly chaperone 1-like,pseudo,-,-,-,-,20210420,-
130825,121152485,HDHD5,-,-,-,Un,-,haloacid dehalogenase like hydrolase domain containing 5,protein-coding,-,-,-,haloacid dehalogenase-like hydrolase domain-containing 5,20210420,-
130825,121152486,TMEM121B,-,-,-,Un,-,transmembrane protein 121B,protein-coding,-,-,-,transmembrane protein 121B,20210420,-
130825,121152487,LOC121152487,-,-,-,Un,-,mitogen-activated protein kinase kinase kinase 15-like,protein-coding,-,-,-,mitogen-activated protein kinase kinase kinase 15-like,20210420,-
130825,121152488,LOC121152488,-,-,-,Un,-,U6 spliceosomal RNA,pseudo,-,-,-,-,20210420,-
130825,121152489,LOC121152489,-,-,-,Un,-,SLC35A4 upstream open reading frame protein,protein-coding,-,-,-,SLC35A4 upstream open reading frame protein,20210420,-
130825,121152490,MEIKIN,-,-,-,Un,-,meiotic kinetochore factor,protein-coding,-,-,-,meiosis-specific kinetochore protein,20210420,-
130825,121152491,LOC121152491,-,-,-,Un,-,uncharacterized LOC121152491,ncRNA,-,-,-,-,20210420,-
130825,121152492,LOC121152492,-,-,-,Un,-,centromere protein W-like,pseudo,-,-,-,-,20210420,-
130825,121152493,TREX2,-,-,-,Un,-,three prime repair exonuclease 2,protein-coding,-,-,-,three prime repair exonuclease 2,20210420,-
130825,121152494,ATP2B3,-,-,-,Un,-,ATPase plasma membrane Ca2+ transporting 3,protein-coding,-,-,-,plasma membrane calcium-transporting ATPase 3,20210420,-
130825,121152495,CCNQ,-,-,-,Un,-,cyclin Q,protein-coding,-,-,-,cyclin-Q,20210420,-
130825,121152496,ABCD1,-,-,-,Un,-,ATP binding cassette subfamily D member 1,protein-coding,-,-,-,ATP-binding cassette sub-family D member 1,20210420,-
130825,121152497,IL5,-,-,-,Un,-,interleukin 5,protein-coding,-,-,-,interleukin-5,20210420,-
130825,121152498,BCAP31,-,-,-,Un,-,B cell receptor associated protein 31,protein-coding,-,-,-,B-cell receptor-associated protein 31,20210420,-
130825,121152499,IDH3G,-,-,-,Un,-,isocitrate dehydrogenase (NAD(+)) 3 non-catalytic subunit gamma,protein-coding,-,-,-,"isocitrate dehydrogenase [NAD] subunit gamma, mitochondrial",20210420,-
130825,121152500,SSR4,-,-,-,Un,-,signal sequence receptor subunit 4,protein-coding,-,-,-,translocon-associated protein subunit delta,20210420,-
130825,121152501,ARHGAP4,-,-,-,Un,-,Rho GTPase activating protein 4,protein-coding,-,-,-,rho GTPase-activating protein 4,20210420,-
130825,121152502,AVPR2,-,-,-,Un,-,arginine vasopressin receptor 2,protein-coding,-,-,-,vasopressin V2 receptor,20210420,-
130825,121152503,CCNI2,-,-,-,Un,-,cyclin I family member 2,protein-coding,-,-,-,cyclin-I2,20210420,-
130825,121152504,NAA10,-,-,-,Un,-,"N-alpha-acetyltransferase 10, NatA catalytic subunit",protein-coding,-,-,-,N-alpha-acetyltransferase 10,20210420,-
130825,121152505,LOC121152505,-,-,-,Un,-,renin binding protein,protein-coding,-,-,-,N-acylglucosamine 2-epimerase,20210420,-
130825,121152506,HCFC1,-,-,-,Un,-,host cell factor C1,protein-coding,-,-,-,host cell factor 1,20210420,-
130825,121152507,SHROOM1,-,-,-,Un,-,shroom family member 1,protein-coding,-,-,-,protein Shroom1,20210420,-
130825,121152508,IRAK1,-,-,-,Un,-,interleukin 1 receptor associated kinase 1,protein-coding,-,-,-,interleukin-1 receptor-associated kinase 1,20210420,-
130825,121152509,MECP2,-,-,-,Un,-,methyl-CpG binding protein 2,protein-coding,-,-,-,methyl-CpG-binding protein 2,20210420,-
130825,121152510,LOC121152510,-,-,-,Un,-,filamin-A,protein-coding,-,-,-,filamin-A,20210420,-
130825,121152511,EMD,-,-,-,Un,-,emerin,protein-coding,-,-,-,emerin,20210420,-
130825,121152512,RPL10,-,-,-,Un,-,ribosomal protein L10,protein-coding,-,-,-,60S ribosomal protein L10,20210420,-
130825,121152513,DNASE1L1,-,-,-,Un,-,deoxyribonuclease 1 like 1,protein-coding,-,-,-,deoxyribonuclease-1-like 1,20210420,-
130825,121152514,LOC121152514,-,-,-,Un,-,L-lactate dehydrogenase A-like 6B,protein-coding,-,-,-,L-lactate dehydrogenase A-like 6B,20210420,-
130825,121152515,TAFAZZIN,-,-,-,Un,-,"tafazzin, phospholipid-lysophospholipid transacylase",protein-coding,-,-,-,tafazzin,20210420,-
130825,121152516,ATP6AP1,-,-,-,Un,-,ATPase H+ transporting accessory protein 1,protein-coding,-,-,-,V-type proton ATPase subunit S1,20210420,-
130825,121152517,PLXNA3,-,-,-,Un,-,plexin A3,protein-coding,-,-,-,plexin-A3,20210420,-
130825,121152518,GDI1,-,-,-,Un,-,GDP dissociation inhibitor 1,protein-coding,-,-,-,rab GDP dissociation inhibitor alpha,20210420,-
130825,121152519,FAM50A,-,-,-,Un,-,family with sequence similarity 50 member A,protein-coding,-,-,-,protein FAM50A,20210420,-
130825,121152520,LOC121152520,-,-,-,Un,-,nuclear nucleic acid-binding protein C1D-like,pseudo,-,-,-,-,20210420,-
130825,121152521,FAM3A,-,-,-,Un,-,FAM3 metabolism regulating signaling molecule A,protein-coding,-,-,-,protein FAM3A,20210420,-
130825,121152522,G6PD,-,-,-,Un,-,glucose-6-phosphate dehydrogenase,protein-coding,-,-,-,glucose-6-phosphate 1-dehydrogenase,20210420,-
130825,121152523,IKBKG,-,-,-,Un,-,inhibitor of nuclear factor kappa B kinase regulatory subunit gamma,protein-coding,-,-,-,NF-kappa-B essential modulator,20210420,-
130825,121152524,GAB3,-,-,-,Un,-,GRB2 associated binding protein 3,protein-coding,-,-,-,GRB2-associated-binding protein 3,20210420,-
130825,121152525,ERGIC1,-,-,-,Un,-,endoplasmic reticulum-golgi intermediate compartment 1,protein-coding,-,-,-,endoplasmic reticulum-Golgi intermediate compartment protein 1,20210420,-
130825,121152526,DKC1,-,-,-,Un,-,dyskerin pseudouridine synthase 1,protein-coding,-,-,-,H/ACA ribonucleoprotein complex subunit DKC1,20210420,-
130825,121152527,MPP1,-,-,-,Un,-,membrane palmitoylated protein 1,protein-coding,-,-,-,55 kDa erythrocyte membrane protein,20210420,-
130825,121152528,LOC121152528,-,-,-,Un,-,E3 ubiquitin-protein ligase makorin-1-like,pseudo,-,-,-,-,20210420,-
130825,121152529,F8A1,-,-,-,Un,-,coagulation factor VIII associated 1,protein-coding,-,-,-,40-kDa huntingtin-associated protein,20210420,-
130825,121152530,LOC121152530,-,-,-,Un,-,40-kDa huntingtin-associated protein,protein-coding,-,-,-,40-kDa huntingtin-associated protein,20210420,-
130825,121152531,BRCC3,-,-,-,Un,-,BRCA1/BRCA2-containing complex subunit 3,protein-coding,-,-,-,lys-63-specific deubiquitinase BRCC36,20210420,-
130825,121152532,LOC121152532,-,-,-,Un,-,60S ribosomal protein L23a-like,pseudo,-,-,-,-,20210420,-
130825,121152533,CLIC2,-,-,-,Un,-,chloride intracellular channel 2,protein-coding,-,-,-,chloride intracellular channel protein 2,20210420,-
130825,121152534,RAB39B,-,-,-,Un,-,"RAB39B, member RAS oncogene family",protein-coding,-,-,-,ras-related protein Rab-39B,20210501,-
130825,121152535,FUNDC2,-,-,-,Un,-,FUN14 domain containing 2,protein-coding,-,-,-,FUN14 domain-containing protein 2,20210420,-
130825,121152536,LOC121152536,-,-,-,Un,-,meiotic nuclear division protein 1 homolog,pseudo,-,-,-,-,20210420,-
130825,121152537,VBP1,-,-,-,Un,-,VHL binding protein 1,protein-coding,-,-,-,prefoldin subunit 3,20210420,-
130825,121152538,MTCP1,-,-,-,Un,-,mature T cell proliferation 1,protein-coding,-,-,-,protein p13 MTCP-1,20210420,-
130825,121152539,CMC4,-,-,-,Un,-,C-X9-C motif containing 4,protein-coding,-,-,-,LOW QUALITY PROTEIN: cx9C motif-containing protein 4,20210420,-
130825,121152540,CUNH5orf47,-,-,-,Un,-,chromosome unknown C5orf47 homolog,protein-coding,-,-,-,uncharacterized protein C5orf47 homolog,20210420,-
130825,121152541,LOC121152541,-,-,-,Un,-,uncharacterized LOC121152541,ncRNA,-,-,-,-,20210420,-
130825,121152542,TMLHE,-,-,-,Un,-,"trimethyllysine hydroxylase, epsilon",protein-coding,-,-,-,"trimethyllysine dioxygenase, mitochondrial",20210420,-
130825,121152543,VAMP7,-,-,-,Un,-,vesicle associated membrane protein 7,protein-coding,-,-,-,vesicle-associated membrane protein 7,20210420,-
130825,121152544,LOC121152544,-,-,-,Un,-,60S ribosomal protein L10a-like,pseudo,-,-,-,-,20210420,-
130825,121152545,LOC121152545,-,-,-,Un,-,histone H2A-Bbd type 2/3,protein-coding,-,-,-,histone H2A-Bbd type 2/3,20210420,-
130825,121152546,LOC121152546,-,-,-,Un,-,ubiquitin-conjugating enzyme E2 variant 2-like,pseudo,-,-,-,-,20210420,-
130825,121152547,LOC121152547,-,-,-,Un,-,mitotic-spindle organizing protein 1-like,protein-coding,-,-,-,mitotic-spindle organizing protein 1-like,20210420,-
130825,121152548,LOC121152548,-,-,-,Un,-,paraneoplastic antigen Ma6E-like,pseudo,-,-,-,-,20210420,-
130825,121152549,HAUS7,-,-,-,Un,-,HAUS augmin like complex subunit 7,protein-coding,-,-,-,HAUS augmin-like complex subunit 7,20210420,-
130825,121152550,IRGM,-,-,-,Un,-,immunity related GTPase M,protein-coding,-,-,-,immunity-related GTPase family M protein,20210420,-
130825,121152551,PNCK,-,-,-,Un,-,pregnancy up-regulated nonubiquitous CaM kinase,protein-coding,-,-,-,LOW QUALITY PROTEIN: calcium/calmodulin-dependent protein kinase type 1B,20210420,-
130825,121152552,LOC121152552,-,-,-,Un,-,filamin-A-like,protein-coding,-,-,-,filamin-A-like,20210420,-
130825,121152553,LOC121152553,-,-,-,Un,-,olfactory receptor 13H1-like,pseudo,-,-,-,-,20210420,-
130825,121152554,LOC121152554,-,-,-,Un,-,olfactory receptor 10K1-like,protein-coding,-,-,-,olfactory receptor 10K1-like,20210420,-
130825,121152555,SMIM9,-,-,-,Un,-,small integral membrane protein 9,protein-coding,-,-,-,small integral membrane protein 9,20210420,-
130825,121152556,F8,-,-,-,Un,-,coagulation factor VIII,protein-coding,-,-,-,LOW QUALITY PROTEIN: coagulation factor VIII,20210420,-
130825,121152557,LOC121152557,-,-,-,Un,-,histone H2A-Bbd type 2/3-like,protein-coding,-,-,-,histone H2A-Bbd type 2/3-like,20210420,-
130825,121152558,ZNF275,-,-,-,Un,-,zinc finger protein 275,protein-coding,-,-,-,zinc finger protein 275,20210420,-
130825,121152559,BGN,-,-,-,Un,-,biglycan,protein-coding,-,-,-,biglycan,20210420,-
130825,121152560,DUSP9,-,-,-,Un,-,dual specificity phosphatase 9,protein-coding,-,-,-,dual specificity protein phosphatase 9,20210420,-
130825,121152561,SRA1,-,-,-,Un,-,steroid receptor RNA activator 1,protein-coding,-,-,-,steroid receptor RNA activator 1,20210420,-
130825,121152562,LOC121152562,-,-,-,Un,-,"28S ribosomal protein S17, mitochondrial-like",pseudo,-,-,-,-,20210420,-
130825,121152563,SLC6A8,-,-,-,Un,-,solute carrier family 6 member 8,protein-coding,-,-,-,sodium- and chloride-dependent creatine transporter 1,20210420,-
130825,121152564,PLXNB3,-,-,-,Un,-,plexin B3,protein-coding,-,-,-,plexin-B3,20210420,-
130825,121152565,SRPK3,-,-,-,Un,-,SRSF protein kinase 3,protein-coding,-,-,-,SRSF protein kinase 3,20210420,-
130825,121152566,PDZD4,-,-,-,Un,-,PDZ domain containing 4,protein-coding,-,-,-,PDZ domain-containing protein 4,20210420,-
130825,121152567,L1CAM,-,-,-,Un,-,L1 cell adhesion molecule,protein-coding,-,-,-,neural cell adhesion molecule L1,20210420,-
130825,121152568,LOC121152568,-,-,-,Un,-,mitochondrial import inner membrane translocase subunit Tim13-like,pseudo,-,-,-,-,20210420,-
130825,121152569,TMEM187,-,-,-,Un,-,transmembrane protein 187,protein-coding,-,-,-,transmembrane protein 187,20210420,-
130825,121152570,LOC121152570,-,-,-,Un,-,60S ribosomal protein L31-like,pseudo,-,-,-,-,20210420,-
130825,121152571,LOC121152571,-,-,-,Un,-,medium-wave-sensitive opsin 1,protein-coding,-,-,-,medium-wave-sensitive opsin 1,20210420,-
130825,121152572,TEX28,-,-,-,Un,-,testis expressed 28,protein-coding,-,-,-,testis-specific protein TEX28,20210420,-
130825,121152573,TKTL1,-,-,-,Un,-,transketolase like 1,protein-coding,-,-,-,transketolase-like protein 1,20210420,-
130825,121152574,LAGE3,-,-,-,Un,-,L antigen family member 3,protein-coding,-,-,-,EKC/KEOPS complex subunit LAGE3,20210420,-
130825,121152575,UBL4A,-,-,-,Un,-,ubiquitin like 4A,protein-coding,-,-,-,ubiquitin-like protein 4A,20210420,-
130825,121152576,SLC10A3,-,-,-,Un,-,solute carrier family 10 member 3,protein-coding,-,-,-,P3 protein,20210420,-
130825,121152577,LOC121152577,-,-,-,Un,-,proteasome subunit beta type-2-like,pseudo,-,-,-,-,20210420,-
130825,121152578,SPRY3,-,-,-,Un,-,sprouty RTK signaling antagonist 3,protein-coding,-,-,-,protein sprouty homolog 3,20210420,-
130825,121152579,LOC121152579,-,-,-,Un,-,uncharacterized LOC121152579,ncRNA,-,-,-,-,20210420,-
130825,121152580,LOC121152580,-,-,-,Un,-,anomalous homeobox protein-like,protein-coding,-,-,-,anomalous homeobox protein-like,20210420,-
130825,121152581,LOC121152581,-,-,-,Un,-,small nucleolar RNA SNORA70,snoRNA,-,-,-,-,20210420,-
130825,121152582,LOC121152582,-,-,-,Un,-,small nucleolar RNA SNORA36 family,snoRNA,-,-,-,-,20210420,-
130825,121152583,LOC121152583,-,-,-,Un,-,transcription factor SOX-2-like,pseudo,-,-,-,-,20210420,-
130825,121152584,LOC121152584,-,-,-,Un,-,uncharacterized LOC121152584,ncRNA,-,-,-,-,20210420,-
130825,121152585,LOC121152585,-,-,-,Un,-,BRD4-interacting chromatin-remodeling complex-associated protein-like,pseudo,-,-,-,-,20210420,-
130825,121152586,LOC121152586,-,-,-,Un,-,60S ribosomal protein L14-like,pseudo,-,-,-,-,20210420,-
130825,121152587,LOC121152587,-,-,-,Un,-,60S ribosomal protein L14-like,pseudo,-,-,-,-,20210420,-
130825,121152588,LOC121152588,-,-,-,Un,-,uncharacterized LOC121152588,ncRNA,-,-,-,-,20210420,-
130825,121152589,LOC121152589,-,-,-,Un,-,obscurin-like,protein-coding,-,-,-,obscurin-like,20210420,-
130825,121152590,LOC121152590,-,-,-,Un,-,uncharacterized LOC121152590,ncRNA,-,-,-,-,20210420,-
130825,121152591,LOC121152591,-,-,-,Un,-,60S ribosomal protein L14-like,pseudo,-,-,-,-,20210420,-
130825,121152592,LOC121152592,-,-,-,Un,-,uncharacterized LOC121152592,ncRNA,-,-,-,-,20210420,-
130825,121152593,LOC121152593,-,-,-,Un,-,60S ribosomal protein L14-like,pseudo,-,-,-,-,20210420,-
130825,121152594,LOC121152594,-,-,-,Un,-,60S ribosomal protein L14-like,pseudo,-,-,-,-,20210420,-
130825,121152595,LOC121152595,-,-,-,Un,-,transcription factor SOX-2-like,pseudo,-,-,-,-,20210420,-
130825,121152596,LOC121152596,-,-,-,Un,-,60S ribosomal protein L14-like,pseudo,-,-,-,-,20210420,-
130825,121152597,LOC121152597,-,-,-,Un,-,uncharacterized LOC121152597,ncRNA,-,-,-,-,20210420,-
130825,121152598,LOC121152598,-,-,-,Un,-,terminal nucleotidyltransferase 4A-like,pseudo,-,-,-,-,20210420,-
130825,121152599,LOC121152599,-,-,-,Un,-,potassium channel subfamily U member 1-like,protein-coding,-,-,-,LOW QUALITY PROTEIN: potassium channel subfamily U member 1-like,20210420,-
130825,121152600,LOC121152600,-,-,-,Un,-,catechol O-methyltransferase-like,pseudo,-,-,-,-,20210420,-
130825,121152601,LOC121152601,-,-,-,Un,-,basic salivary proline-rich protein 1-like,protein-coding,-,-,-,basic salivary proline-rich protein 1-like,20210420,-
130825,121152602,LOC121152602,-,-,-,Un,-,"ATP synthase membrane subunit K, mitochondrial-like",pseudo,-,-,-,-,20210420,-
130825,121152603,LOC121152603,-,-,-,Un,-,catechol O-methyltransferase-like,pseudo,-,-,-,-,20210420,-
130825,121152604,LOC121152604,-,-,-,Un,-,"ATP synthase membrane subunit K, mitochondrial-like",pseudo,-,-,-,-,20210420,-
130825,121152605,LOC121152605,-,-,-,Un,-,methyl-CpG-binding domain protein 3-like 2B,pseudo,-,-,-,-,20210420,-
130825,121152606,LOC121152606,-,-,-,Un,-,"glutaminase kidney isoform, mitochondrial-like",pseudo,-,-,-,-,20210420,-
130825,121152607,LOC121152607,-,-,-,Un,-,"glutaminase kidney isoform, mitochondrial-like",pseudo,-,-,-,-,20210420,-
130825,121152608,LOC121152608,-,-,-,Un,-,transcription factor SOX-2-like,pseudo,-,-,-,-,20210420,-
130825,121152609,RNF7,-,-,-,Un,-,ring finger protein 7,protein-coding,-,-,-,RING-box protein 2,20210420,-
130825,121152610,ATP1B3,-,-,-,Un,-,ATPase Na+/K+ transporting subunit beta 3,protein-coding,-,-,-,sodium/potassium-transporting ATPase subunit beta-3,20210420,-
130825,121152611,LOC121152611,-,-,-,Un,-,olfactory receptor 2AG2-like,protein-coding,-,-,-,olfactory receptor 2AG2-like,20210420,-
130825,121152612,TFDP2,-,-,-,Un,-,transcription factor Dp-2,protein-coding,-,-,-,transcription factor Dp-2,20210420,-
130825,121152613,GK5,-,-,-,Un,-,glycerol kinase 5,protein-coding,-,-,-,putative glycerol kinase 5,20210420,-
130825,121152614,LOC121152614,-,-,-,Un,-,BET1 homolog,protein-coding,-,-,-,BET1 homolog,20210420,-
130825,121152615,XRN1,-,-,-,Un,-,5'-3' exoribonuclease 1,protein-coding,-,-,-,5'-3' exoribonuclease 1,20210420,-
130825,121152616,LOC121152616,-,-,-,Un,-,olfactory receptor 2M3-like,protein-coding,-,-,-,olfactory receptor 2M3-like,20210420,-
130825,121152617,ATR,-,-,-,Un,-,ATR serine/threonine kinase,protein-coding,-,-,-,serine/threonine-protein kinase ATR,20210420,-
130825,121152618,TRPC1,-,-,-,Un,-,transient receptor potential cation channel subfamily C member 1,protein-coding,-,-,-,short transient receptor potential channel 1,20210420,-
130825,121152619,PAQR9,-,-,-,Un,-,progestin and adipoQ receptor family member 9,protein-coding,-,-,-,membrane progestin receptor epsilon,20210420,-
130825,121152620,LOC121152620,-,-,-,Un,-,U2 snRNP associated SURP domain containing,protein-coding,-,-,-,U2 snRNP-associated SURP motif-containing protein,20210420,-
130825,121152621,LOC121152621,-,-,-,Un,-,olfactory receptor 2L2-like,protein-coding,-,-,-,olfactory receptor 2L2-like,20210420,-
130825,121152622,CHST2,-,-,-,Un,-,carbohydrate sulfotransferase 2,protein-coding,-,-,-,carbohydrate sulfotransferase 2,20210420,-
130825,121152623,SLC9A9,-,-,-,Un,-,solute carrier family 9 member A9,protein-coding,-,-,-,sodium/hydrogen exchanger 9,20210420,-
130825,121152624,LOC121152624,-,-,-,Un,-,uncharacterized LOC121152624,ncRNA,-,-,-,-,20210420,-
130825,121152625,DIPK2A,-,-,-,Un,-,divergent protein kinase domain 2A,protein-coding,-,-,-,divergent protein kinase domain 2A,20210420,-
130825,121152626,LOC121152626,-,-,-,Un,-,uncharacterized LOC121152626,ncRNA,-,-,-,-,20210420,-
130825,121152627,LOC121152627,-,-,-,Un,-,phospholipid scramblase 1,protein-coding,-,-,-,phospholipid scramblase 1,20210420,-
130825,121152628,LOC121152628,-,-,-,Un,-,"HIG1 domain family member 1A, mitochondrial",protein-coding,-,-,-,"HIG1 domain family member 1A, mitochondrial",20210420,-
130825,121152629,CPB1,-,-,-,Un,-,carboxypeptidase B1,protein-coding,-,-,-,carboxypeptidase B,20210420,-
130825,121152630,CPA3,-,-,-,Un,-,carboxypeptidase A3,protein-coding,-,-,-,mast cell carboxypeptidase A,20210420,-
130825,121152631,LOC121152631,-,-,-,Un,-,olfactory receptor 2L2-like,protein-coding,-,-,-,olfactory receptor 2L2-like,20210420,-
130825,121152632,HLTF,-,-,-,Un,-,helicase like transcription factor,protein-coding,-,-,-,helicase-like transcription factor,20210420,-
130825,121152633,GYG1,-,-,-,Un,-,glycogenin 1,protein-coding,-,-,-,glycogenin-1,20210420,-
130825,121152634,LOC121152634,-,-,-,Un,-,ceruloplasmin,protein-coding,-,-,-,ceruloplasmin,20210420,-
130825,121152635,HPS3,-,-,-,Un,-,HPS3 biogenesis of lysosomal organelles complex 2 subunit 1,protein-coding,-,-,-,Hermansky-Pudlak syndrome 3 protein,20210420,-
130825,121152636,LOC121152636,-,-,-,Un,-,uncharacterized LOC121152636,ncRNA,-,-,-,-,20210420,-
130825,121152637,WWTR1,-,-,-,Un,-,WW domain containing transcription regulator 1,protein-coding,-,-,-,WW domain-containing transcription regulator protein 1,20210420,-
130825,121152638,LOC121152638,-,-,-,Un,-,olfactory receptor 2M4-like,protein-coding,-,-,-,olfactory receptor 2M4-like,20210420,-
130825,121152639,COMMD2,-,-,-,Un,-,COMM domain containing 2,protein-coding,-,-,-,COMM domain-containing protein 2,20210420,-
130825,121152640,RNF13,-,-,-,Un,-,ring finger protein 13,protein-coding,-,-,-,E3 ubiquitin-protein ligase RNF13,20210420,-
130825,121152641,PFN2,-,-,-,Un,-,profilin 2,protein-coding,-,-,-,profilin-2,20210529,-
130825,121152642,TSC22D2,-,-,-,Un,-,TSC22 domain family member 2,protein-coding,-,-,-,TSC22 domain family protein 2,20210420,-
130825,121152643,LOC121152643,-,-,-,Un,-,uncharacterized LOC121152643,ncRNA,-,-,-,-,20210420,-
130825,121152644,EIF2A,-,-,-,Un,-,eukaryotic translation initiation factor 2A,protein-coding,-,-,-,eukaryotic translation initiation factor 2A,20210420,-
130825,121152645,LOC121152645,-,-,-,Un,-,olfactory receptor 56-like,protein-coding,-,-,-,olfactory receptor 56-like,20210420,-
130825,121152646,SERP1,-,-,-,Un,-,stress associated endoplasmic reticulum protein 1,protein-coding,-,-,-,stress-associated endoplasmic reticulum protein 1,20210424,-
130825,121152647,LOC121152647,-,-,-,Un,-,uncharacterized LOC121152647,ncRNA,-,-,-,-,20210420,-
130825,121152648,SELENOT,-,-,-,Un,-,selenoprotein T,protein-coding,-,-,-,thioredoxin reductase-like selenoprotein T,20210420,-
130825,121152649,SIAH2,-,-,-,Un,-,siah E3 ubiquitin protein ligase 2,protein-coding,-,-,-,E3 ubiquitin-protein ligase SIAH2,20210420,-
130825,121152650,IGSF10,-,-,-,Un,-,immunoglobulin superfamily member 10,protein-coding,-,-,-,immunoglobulin superfamily member 10,20210420,-
130825,121152651,MED12L,-,-,-,Un,-,mediator complex subunit 12L,protein-coding,-,-,-,mediator of RNA polymerase II transcription subunit 12-like protein,20210420,-
130825,121152652,GPR87,-,-,-,Un,-,G protein-coupled receptor 87,protein-coding,-,-,-,G-protein coupled receptor 87,20210420,-
130825,121152653,P2RY12,-,-,-,Un,-,purinergic receptor P2Y12,protein-coding,-,-,-,P2Y purinoceptor 12,20210420,-
130825,121152654,P2RY14,-,-,-,Un,-,purinergic receptor P2Y14,protein-coding,-,-,-,P2Y purinoceptor 14,20210420,-
130825,121152655,LOC121152655,-,-,-,Un,-,olfactory receptor 2T27-like,protein-coding,-,-,-,olfactory receptor 2T27-like,20210420,-
130825,121152656,P2RY13,-,-,-,Un,-,purinergic receptor P2Y13,protein-coding,-,-,-,P2Y purinoceptor 13,20210420,-
130825,121152657,GPR171,-,-,-,Un,-,G protein-coupled receptor 171,protein-coding,-,-,-,probable G-protein coupled receptor 171,20210420,-
130825,121152658,LOC121152658,-,-,-,Un,-,40S ribosomal protein S6-like,pseudo,-,-,-,-,20210420,-
130825,121152659,LOC121152659,-,-,-,Un,-,arylacetamide deacetylase-like 2,protein-coding,-,-,-,arylacetamide deacetylase-like 2,20210420,-
130825,121152660,LOC121152660,-,-,-,Un,-,arylacetamide deacetylase-like,protein-coding,-,-,-,arylacetamide deacetylase-like,20210420,-
130825,121152661,LOC121152661,-,-,-,Un,-,arylacetamide deacetylase-like,protein-coding,-,-,-,arylacetamide deacetylase-like,20210420,-
130825,121152662,SUCNR1,-,-,-,Un,-,succinate receptor 1,protein-coding,-,-,-,succinate receptor 1,20210420,-
130825,121152663,MBNL1,-,-,-,Un,-,muscleblind like splicing regulator 1,protein-coding,-,-,-,muscleblind-like protein 1,20210420,-
130825,121152664,LOC121152664,-,-,-,Un,-,olfactory receptor 2Z1-like,protein-coding,-,-,-,olfactory receptor 2Z1-like,20210420,-
130825,121152665,P2RY1,-,-,-,Un,-,purinergic receptor P2Y1,protein-coding,-,-,-,P2Y purinoceptor 1,20210420,-
130825,121152666,RAP2B,-,-,-,Un,-,"RAP2B, member of RAS oncogene family",protein-coding,-,-,-,ras-related protein Rap-2b,20210420,-
130825,121152667,LOC121152667,-,-,-,Un,-,uncharacterized LOC121152667,ncRNA,-,-,-,-,20210420,-
130825,121152668,DHX36,-,-,-,Un,-,DEAH-box helicase 36,protein-coding,-,-,-,ATP-dependent DNA/RNA helicase DHX36,20210420,-
130825,121152669,MME,-,-,-,Un,-,membrane metalloendopeptidase,protein-coding,-,-,-,neprilysin,20210420,-
130825,121152670,CUNH3orf33,-,-,-,Un,-,chromosome unknown C3orf33 homolog,protein-coding,-,-,-,protein C3orf33 homolog,20210420,-
130825,121152671,LOC121152671,-,-,-,Un,-,olfactory receptor 2T29-like,protein-coding,-,-,-,olfactory receptor 2T29-like,20210420,-
130825,121152672,SLC33A1,-,-,-,Un,-,solute carrier family 33 member 1,protein-coding,-,-,-,acetyl-coenzyme A transporter 1,20210420,-
130825,121152673,GMPS,-,-,-,Un,-,guanine monophosphate synthase,protein-coding,-,-,-,GMP synthase [glutamine-hydrolyzing],20210420,-
130825,121152674,KCNAB1,-,-,-,Un,-,potassium voltage-gated channel subfamily A regulatory beta subunit 1,protein-coding,-,-,-,voltage-gated potassium channel subunit beta-1|potassium voltage-gated channel subfamily A member regulatory beta subunit 1,20210423,-
130825,121152675,LOC121152675,-,-,-,Un,-,uncharacterized LOC121152675,ncRNA,-,-,-,-,20210420,-
130825,121152676,LOC121152676,-,-,-,Un,-,olfactory receptor 2G6-like,protein-coding,-,-,-,olfactory receptor 2G6-like,20210420,-
130825,121152677,SSR3,-,-,-,Un,-,signal sequence receptor subunit 3,protein-coding,-,-,-,translocon-associated protein subunit gamma,20210420,-
130825,121152678,LOC121152678,-,-,-,Un,-,TCDD inducible poly(ADP-ribose) polymerase,protein-coding,-,-,-,protein mono-ADP-ribosyltransferase TIPARP,20210420,-
130825,121152679,LOC121152679,-,-,-,Un,-,uncharacterized LOC121152679,ncRNA,-,-,-,-,20210420,-
130825,121152680,LOC121152680,-,-,-,Un,-,uncharacterized LOC121152680,ncRNA,-,-,-,-,20210420,-
130825,121152681,LEKR1,-,-,-,Un,-,"leucine, glutamate and lysine rich 1",protein-coding,-,-,-,"leucine-, glutamate- and lysine-rich protein 1",20210420,-
130825,121152682,CCNL1,-,-,-,Un,-,cyclin L1,protein-coding,-,-,-,cyclin-L1,20210420,-
130825,121152683,RSRC1,-,-,-,Un,-,arginine and serine rich coiled-coil 1,protein-coding,-,-,-,serine/Arginine-related protein 53,20210420,-
130825,121152684,MLF1,-,-,-,Un,-,myeloid leukemia factor 1,protein-coding,-,-,-,myeloid leukemia factor 1,20210420,-
130825,121152685,LOC121152685,-,-,-,Un,-,olfactory receptor 14C36-like,protein-coding,-,-,-,olfactory receptor 14C36-like,20210420,-
130825,121152686,LOC121152686,-,-,-,Un,-,NADH dehydrogenase [ubiquinone] 1 alpha subcomplex subunit 1-like,pseudo,-,-,-,-,20210420,-
130825,121152687,GFM1,-,-,-,Un,-,G elongation factor mitochondrial 1,protein-coding,-,-,-,"elongation factor G, mitochondrial",20210420,-
130825,121152688,LXN,-,-,-,Un,-,latexin,protein-coding,-,-,-,latexin,20210420,-
130825,121152689,LOC121152689,-,-,-,Un,-,uncharacterized LOC121152689,ncRNA,-,-,-,-,20210420,-
130825,121152690,RARRES1,-,-,-,Un,-,retinoic acid receptor responder 1,protein-coding,-,-,-,retinoic acid receptor responder protein 1,20210420,-
130825,121152691,MFSD1,-,-,-,Un,-,major facilitator superfamily domain containing 1,protein-coding,-,-,-,major facilitator superfamily domain-containing protein 1,20210420,-
130825,121152692,LOC121152692,-,-,-,Un,-,IQCJ-SCHIP1 readthrough transcript protein,protein-coding,-,-,-,IQCJ-SCHIP1 readthrough transcript protein|schwannomin-interacting protein 1,20210420,-
130825,121152693,LOC121152693,-,-,-,Un,-,olfactory receptor 14I1,protein-coding,-,-,-,olfactory receptor 14I1,20210420,-
130825,121152694,IFT80,-,-,-,Un,-,intraflagellar transport 80,protein-coding,-,-,-,intraflagellar transport protein 80 homolog,20210420,-
130825,121152695,SMC4,-,-,-,Un,-,structural maintenance of chromosomes 4,protein-coding,-,-,-,structural maintenance of chromosomes protein 4,20210420,-
130825,121152696,LOC121152696,-,-,-,Un,-,olfactory receptor 2H2-like,protein-coding,-,-,-,olfactory receptor 2H2-like,20210420,-
130825,121152697,TRIM59,-,-,-,Un,-,tripartite motif containing 59,protein-coding,-,-,-,tripartite motif-containing protein 59,20210420,-
130825,121152698,KPNA4,-,-,-,Un,-,karyopherin subunit alpha 4,protein-coding,-,-,-,importin subunit alpha-3,20210420,-
130825,121152699,PPM1L,-,-,-,Un,-,"protein phosphatase, Mg2+/Mn2+ dependent 1L",protein-coding,-,-,-,protein phosphatase 1L,20210420,-
130825,121152700,B3GALNT1,-,-,-,Un,-,"beta-1,3-N-acetylgalactosaminyltransferase 1 (globoside blood group)",protein-coding,-,-,-,"UDP-GalNAc:beta-1,3-N-acetylgalactosaminyltransferase 1",20210420,-
130825,121152701,NMD3,-,-,-,Un,-,NMD3 ribosome export adaptor,protein-coding,-,-,-,60S ribosomal export protein NMD3,20210420,-
130825,121152702,LOC121152702,-,-,-,Un,-,60S ribosomal protein L21-like,pseudo,-,-,-,-,20210420,-
130825,121152703,LOC121152703,-,-,-,Un,-,60S ribosomal protein L7-like,pseudo,-,-,-,-,20210420,-
130825,121152704,PLOD2,-,-,-,Un,-,"procollagen-lysine,2-oxoglutarate 5-dioxygenase 2",protein-coding,-,-,-,"procollagen-lysine,2-oxoglutarate 5-dioxygenase 2",20210420,-
130825,121152705,LOC121152705,-,-,-,Un,-,olfactory receptor 2T11-like,protein-coding,-,-,-,olfactory receptor 2T11-like,20210420,-
130825,121152706,PLSCR4,-,-,-,Un,-,phospholipid scramblase 4,protein-coding,-,-,-,phospholipid scramblase 4,20210420,-
130825,121152707,LOC121152707,-,-,-,Un,-,E3 ubiquitin-protein ligase RNF5-like,pseudo,-,-,-,-,20210420,-
130825,121152708,TM4SF18,-,-,-,Un,-,transmembrane 4 L six family member 18,protein-coding,-,-,-,transmembrane 4 L6 family member 18,20210420,-
130825,121152709,LOC121152709,-,-,-,Un,-,60S ribosomal protein L22-like 1,pseudo,-,-,-,-,20210420,-
130825,121152710,ERICH6,-,-,-,Un,-,glutamate rich 6,protein-coding,-,-,-,glutamate-rich protein 6,20210420,-
130825,121152711,MINDY4B,-,-,-,Un,-,MINDY family member 4B,protein-coding,-,-,-,inactive ubiquitin carboxyl-terminal hydrolase MINDY-4B,20210420,-
130825,121152712,LOC121152712,-,-,-,Un,-,programmed cell death protein 6-like,pseudo,-,-,-,-,20210420,-
130825,121152713,LOC121152713,-,-,-,Un,-,uncharacterized LOC121152713,pseudo,-,-,-,-,20210420,-
130825,121152714,IL12A,-,-,-,Un,-,interleukin 12A,protein-coding,-,-,-,interleukin-12 subunit alpha,20210420,-
130825,121152715,LOC121152715,-,-,-,Un,-,U3 small nucleolar ribonucleoprotein protein MPP10-like,pseudo,-,-,-,-,20210420,-
130825,121152716,LOC121152716,-,-,-,Un,-,olfactory receptor 2T2,protein-coding,-,-,-,olfactory receptor 2T2,20210420,-
130825,121152717,LOC121152717,-,-,-,Un,-,poly(rC)-binding protein 2-like,pseudo,-,-,-,-,20210420,-
130825,121152718,SI,-,-,-,Un,-,sucrase-isomaltase,protein-coding,-,-,-,"sucrase-isomaltase, intestinal",20210420,-
130825,121152719,LOC121152719,-,-,-,Un,-,hypoxanthine-guanine phosphoribosyltransferase-like,pseudo,-,-,-,-,20210420,-
130825,121152720,GRK7,-,-,-,Un,-,G protein-coupled receptor kinase 7,protein-coding,-,-,-,rhodopsin kinase GRK7,20210420,-
130825,121152721,PLS1,-,-,-,Un,-,plastin 1,protein-coding,-,-,-,plastin-1,20210420,-
130825,121152722,PCOLCE2,-,-,-,Un,-,procollagen C-endopeptidase enhancer 2,protein-coding,-,-,-,procollagen C-endopeptidase enhancer 2,20210420,-
130825,121152723,LOC121152723,-,-,-,Un,-,uncharacterized LOC121152723,ncRNA,-,-,-,-,20210420,-
130825,121152724,LOC121152724,-,-,-,Un,-,phospholipid scramblase 2-like,protein-coding,-,-,-,phospholipid scramblase 2-like,20210420,-
130825,121152725,LOC121152725,-,-,-,Un,-,phospholipid scramblase 1-like,protein-coding,-,-,-,phospholipid scramblase 1-like,20210420,-
130825,121152726,PLSCR5,-,-,-,Un,-,phospholipid scramblase family member 5,protein-coding,-,-,-,phospholipid scramblase family member 5,20210420,-
130825,121152727,LOC121152727,-,-,-,Un,-,olfactory receptor 2T27,protein-coding,-,-,-,olfactory receptor 2T27,20210420,-
130825,121152728,ZIC4,-,-,-,Un,-,Zic family member 4,protein-coding,-,-,-,LOW QUALITY PROTEIN: zinc finger protein ZIC 4,20210420,-
130825,121152729,ZIC1,-,-,-,Un,-,Zic family member 1,protein-coding,-,-,-,zinc finger protein ZIC 1,20210420,-
130825,121152730,LOC121152730,-,-,-,Un,-,uncharacterized LOC121152730,ncRNA,-,-,-,-,20210420,-
130825,121152731,AGTR1,-,-,-,Un,-,angiotensin II receptor type 1,protein-coding,-,-,-,type-1 angiotensin II receptor,20210420,-
130825,121152732,TM4SF1,-,-,-,Un,-,transmembrane 4 L six family member 1,protein-coding,-,-,-,transmembrane 4 L6 family member 1,20210420,-
130825,121152733,TM4SF4,-,-,-,Un,-,transmembrane 4 L six family member 4,protein-coding,-,-,-,transmembrane 4 L6 family member 4,20210420,-
130825,121152734,LOC121152734,-,-,-,Un,-,60S ribosomal protein L35-like,pseudo,-,-,-,-,20210420,-
130825,121152735,ANKUB1,-,-,-,Un,-,ankyrin repeat and ubiquitin domain containing 1,protein-coding,-,-,-,protein ANKUB1,20210420,-
130825,121152736,CLRN1,-,-,-,Un,-,clarin 1,protein-coding,-,-,-,clarin-1,20210420,-
130825,121152737,LOC121152737,-,-,-,Un,-,olfactory receptor 2T6,protein-coding,-,-,-,olfactory receptor 2T6,20210420,-
130825,121152738,LOC121152738,-,-,-,Un,-,arylacetamide deacetylase-like 2,protein-coding,-,-,-,arylacetamide deacetylase-like 2,20210420,-
130825,121152739,LOC121152739,-,-,-,Un,-,arylacetamide deacetylase-like,protein-coding,-,-,-,arylacetamide deacetylase-like,20210420,-
130825,121152740,LOC121152740,-,-,-,Un,-,arylacetamide deacetylase-like,protein-coding,-,-,-,arylacetamide deacetylase-like,20210420,-
130825,121152741,LOC121152741,-,-,-,Un,-,arylacetamide deacetylase-like,protein-coding,-,-,-,arylacetamide deacetylase-like,20210420,-
130825,121152742,LOC121152742,-,-,-,Un,-,arylacetamide deacetylase-like,protein-coding,-,-,-,arylacetamide deacetylase-like,20210420,-
130825,121152743,LOC121152743,-,-,-,Un,-,signal recognition particle 9 kDa protein-like,pseudo,-,-,-,-,20210420,-
130825,121152744,ARHGEF26,-,-,-,Un,-,Rho guanine nucleotide exchange factor 26,protein-coding,-,-,-,rho guanine nucleotide exchange factor 26,20210420,-
130825,121152745,GPR149,-,-,-,Un,-,G protein-coupled receptor 149,protein-coding,-,-,-,probable G-protein coupled receptor 149,20210420,-
130825,121152746,LOC121152746,-,-,-,Un,-,olfactory receptor 2M3-like,protein-coding,-,-,-,olfactory receptor 2M3-like,20210420,-
130825,121152747,STRIT1,-,-,-,Un,-,small transmembrane regulator of ion transport 1,protein-coding,-,-,-,sarcoplasmic/endoplasmic reticulum calcium ATPase regulator DWORF,20210420,-
130825,121152748,LOC121152748,-,-,-,Un,-,glyceraldehyde-3-phosphate dehydrogenase-like,pseudo,-,-,-,-,20210420,-
130825,121152749,PLCH1,-,-,-,Un,-,phospholipase C eta 1,protein-coding,-,-,-,"1-phosphatidylinositol 4,5-bisphosphate phosphodiesterase eta-1",20210420,-
130825,121152750,HBEGF,-,-,-,Un,-,heparin binding EGF like growth factor,protein-coding,-,-,-,proheparin-binding EGF-like growth factor,20210420,-
130825,121152751,LOC121152751,-,-,-,Un,-,vomeronasal type-2 receptor 1-like,protein-coding,-,-,-,vomeronasal type-2 receptor 1-like,20210420,-
130825,121152752,VEPH1,-,-,-,Un,-,ventricular zone expressed PH domain containing 1,protein-coding,-,-,-,ventricular zone-expressed PH domain-containing protein homolog 1,20210420,-
130825,121152753,PTX3,-,-,-,Un,-,pentraxin 3,protein-coding,-,-,-,pentraxin-related protein PTX3,20210420,-
130825,121152754,SHOX2,-,-,-,Un,-,short stature homeobox 2,protein-coding,-,-,-,short stature homeobox protein 2,20210420,-
130825,121152755,LOC121152755,-,-,-,Un,-,"cytochrome c oxidase subunit 8A, mitochondrial-like",pseudo,-,-,-,-,20210420,-
130825,121152756,LOC121152756,-,-,-,Un,-,olfactory receptor 2M3-like,protein-coding,-,-,-,olfactory receptor 2M3-like,20210420,-
130825,121152757,CUNH3orf80,-,-,-,Un,-,chromosome unknown C3orf80 homolog,protein-coding,-,-,-,uncharacterized membrane protein C3orf80 homolog,20210420,-
130825,121152758,LOC121152758,-,-,-,Un,-,uncharacterized LOC121152758,ncRNA,-,-,-,-,20210420,-
130825,121152759,ARL14,-,-,-,Un,-,ADP ribosylation factor like GTPase 14,protein-coding,-,-,-,ADP-ribosylation factor-like protein 14,20210420,-
130825,121152760,SPTSSB,-,-,-,Un,-,serine palmitoyltransferase small subunit B,protein-coding,-,-,-,serine palmitoyltransferase small subunit B,20210420,-
130825,121152761,OTOL1,-,-,-,Un,-,otolin 1,protein-coding,-,-,-,otolin-1,20210420,-
130825,121152762,SLITRK3,-,-,-,Un,-,SLIT and NTRK like family member 3,protein-coding,-,-,-,SLIT and NTRK-like protein 3,20210420,-
130825,121152763,BCHE,-,-,-,Un,-,butyrylcholinesterase,protein-coding,-,-,-,cholinesterase,20210420,-
130825,121152764,LOC121152764,-,-,-,Un,-,elongation factor 1-alpha 1-like,pseudo,-,-,-,-,20210420,-
130825,121152765,LOC121152765,-,-,-,Un,-,5S ribosomal RNA,rRNA,-,-,-,-,20210420,-
130825,121152766,LOC121152766,-,-,-,Un,-,U1 spliceosomal RNA,snRNA,-,-,-,-,20210420,-
130825,121152767,LOC121152767,-,-,-,Un,-,U1 spliceosomal RNA,pseudo,-,-,-,-,20210420,-
130825,121152768,LOC121152768,-,-,-,Un,-,olfactory receptor 2M4-like,protein-coding,-,-,-,olfactory receptor 2M4-like,20210420,-
130825,121152769,LOC121152769,-,-,-,Un,-,U1 spliceosomal RNA,pseudo,-,-,-,-,20210420,-
130825,121152770,LOC121152770,-,-,-,Un,-,U2 spliceosomal RNA,pseudo,-,-,-,-,20210420,-
130825,121152771,LOC121152771,-,-,-,Un,-,U2 spliceosomal RNA,pseudo,-,-,-,-,20210420,-
130825,121152772,LOC121152772,-,-,-,Un,-,U4 spliceosomal RNA,snRNA,-,-,-,-,20210420,-
130825,121152773,LOC121152773,-,-,-,Un,-,U6 spliceosomal RNA,snRNA,-,-,-,-,20210420,-
130825,121152774,LOC121152774,-,-,-,Un,-,U6 spliceosomal RNA,snRNA,-,-,-,-,20210420,-
130825,121152775,LOC121152775,-,-,-,Un,-,U6 spliceosomal RNA,snRNA,-,-,-,-,20210420,-
130825,121152776,LOC121152776,-,-,-,Un,-,U6 spliceosomal RNA,snRNA,-,-,-,-,20210420,-
130825,121152777,LOC121152777,-,-,-,Un,-,U6 spliceosomal RNA,snRNA,-,-,-,-,20210420,-
130825,121152778,LOC121152778,-,-,-,Un,-,U6 spliceosomal RNA,snRNA,-,-,-,-,20210420,-
130825,121152779,LOC121152779,-,-,-,Un,-,U6 spliceosomal RNA,pseudo,-,-,-,-,20210420,-
130825,121152780,LOC121152780,-,-,-,Un,-,U6 spliceosomal RNA,snRNA,-,-,-,-,20210420,-
130825,121152781,LOC121152781,-,-,-,Un,-,U6 spliceosomal RNA,pseudo,-,-,-,-,20210420,-
130825,121152782,LOC121152782,-,-,-,Un,-,U6 spliceosomal RNA,pseudo,-,-,-,-,20210420,-
130825,121152783,LOC121152783,-,-,-,Un,-,small Cajal body-specific RNA 7,ncRNA,-,-,-,-,20210420,-
130825,121152784,LOC121152784,-,-,-,Un,-,olfactory receptor 2L13-like,protein-coding,-,-,-,olfactory receptor 2L13-like,20210420,-
130825,121152785,LOC121152785,-,-,-,Un,-,uncharacterized LOC121152785,ncRNA,-,-,-,-,20210420,-
130825,121152786,LOC121152786,-,-,-,Un,-,early nodulin-20-like,protein-coding,-,-,-,early nodulin-20-like,20210420,-
130825,121152787,LOC121152787,-,-,-,Un,-,cytochrome P450 3A6-like,protein-coding,-,-,-,cytochrome P450 3A6-like,20210420,-
130825,121152788,LOC121152788,-,-,-,Un,-,ribosome maturation protein SBDS-like,pseudo,-,-,-,-,20210420,-
130825,121152789,LOC121152789,-,-,-,Un,-,small nuclear ribonucleoprotein Sm D2-like,pseudo,-,-,-,-,20210420,-
130825,121152790,LOC121152790,-,-,-,Un,-,cytochrome P450 3A6-like,protein-coding,-,-,-,cytochrome P450 3A6-like,20210420,-
130825,121152791,LOC121152791,-,-,-,Un,-,uncharacterized LOC121152791,ncRNA,-,-,-,-,20210420,-
130825,121152792,LOC121152792,-,-,-,Un,-,uncharacterized LOC121152792,ncRNA,-,-,-,-,20210420,-
130825,121152793,LOC121152793,-,-,-,Un,-,zinc finger MYND domain-containing protein 19-like,pseudo,-,-,-,-,20210420,-
130825,121152794,LOC121152794,-,-,-,Un,-,zinc finger MYND domain-containing protein 19-like,pseudo,-,-,-,-,20210420,-
130825,121152795,LOC121152795,-,-,-,Un,-,olfactory receptor 2L13-like,protein-coding,-,-,-,olfactory receptor 2L13-like,20210420,-
130825,121152796,LOC121152796,-,-,-,Un,-,ras-related protein Rab-6A-like,pseudo,-,-,-,-,20210420,-
130825,121152797,LOC121152797,-,-,-,Un,-,zinc finger MYND domain-containing protein 19-like,pseudo,-,-,-,-,20210420,-
130825,121152798,LOC121152798,-,-,-,Un,-,ras-related protein Rab-6A-like,pseudo,-,-,-,-,20210420,-
130825,121152799,LOC121152799,-,-,-,Un,-,trafficking protein particle complex subunit 13-like,pseudo,-,-,-,-,20210420,-
130825,121152800,LOC121152800,-,-,-,Un,-,zinc finger MYND domain-containing protein 19-like,pseudo,-,-,-,-,20210420,-
130825,121152801,LOC121152801,-,-,-,Un,-,ras-related protein Rab-6A-like,pseudo,-,-,-,-,20210420,-
130825,121152802,LOC121152802,-,-,-,Un,-,zinc finger MYND domain-containing protein 19-like,pseudo,-,-,-,-,20210420,-
130825,121152803,LOC121152803,-,-,-,Un,-,Ig mu chain C region membrane-bound form-like,other,-,-,-,-,20210420,-
130825,121152804,LOC121152804,-,-,-,Un,-,olfactory receptor 2AJ1,protein-coding,-,-,-,olfactory receptor 2AJ1,20210420,-
130825,121152805,LOC121152805,-,-,-,Un,-,olfactory receptor 2T8,protein-coding,-,-,-,olfactory receptor 2T8,20210420,-
130825,121152806,LOC121152806,-,-,-,Un,-,Ig alpha chain C region-like,other,-,-,-,-,20210420,-
130825,121152807,LOC121152807,-,-,-,Un,-,Ig gamma chain C region-like,other,-,-,-,-,20210420,-
130825,121152808,LOC121152808,-,-,-,Un,-,immunoglobulin heavy variable 3-48-like,other,-,-,-,-,20210420,-
130825,121152809,LOC121152809,-,-,-,Un,-,immunoglobulin heavy variable 3-66-like,pseudo,-,-,-,-,20210420,-
130825,121152810,LOC121152810,-,-,-,Un,-,CDKN2A-interacting protein-like,pseudo,-,-,-,-,20210420,-
130825,121152811,PACS2,-,-,-,Un,-,phosphofurin acidic cluster sorting protein 2,protein-coding,-,-,-,phosphofurin acidic cluster sorting protein 2,20210420,-
130825,121152812,MTA1,-,-,-,Un,-,metastasis associated 1,protein-coding,-,-,-,metastasis-associated protein MTA1,20210420,-
130825,121152813,LOC121152813,-,-,-,Un,-,olfactory receptor 2W3-like,protein-coding,-,-,-,olfactory receptor 2W3-like,20210420,-
130825,121152814,TEDC1,-,-,-,Un,-,tubulin epsilon and delta complex 1,protein-coding,-,-,-,tubulin epsilon and delta complex protein 1,20210420,-
130825,121152815,TMEM121,-,-,-,Un,-,transmembrane protein 121,protein-coding,-,-,-,transmembrane protein 121,20210420,-
130825,121152816,CRIP2,-,-,-,Un,-,cysteine rich protein 2,protein-coding,-,-,-,cysteine-rich protein 2,20210420,-
130825,121152817,CRIP1,-,-,-,Un,-,cysteine rich protein 1,protein-coding,-,-,-,cysteine-rich protein 1,20210501,-
130825,121152818,BRF1,-,-,-,Un,-,BRF1 RNA polymerase III transcription initiation factor subunit,protein-coding,-,-,-,transcription factor IIIB 90 kDa subunit,20210420,-
130825,121152819,LOC121152819,-,-,-,Un,-,olfactory receptor 2W3-like,protein-coding,-,-,-,olfactory receptor 2W3-like,20210420,-
130825,121152820,BTBD6,-,-,-,Un,-,BTB domain containing 6,protein-coding,-,-,-,BTB/POZ domain-containing protein 6,20210420,-
130825,121152821,GPR132,-,-,-,Un,-,G protein-coupled receptor 132,protein-coding,-,-,-,probable G-protein coupled receptor 132,20210420,-
130825,121152822,CDCA4,-,-,-,Un,-,cell division cycle associated 4,protein-coding,-,-,-,cell division cycle-associated protein 4,20210420,-
130825,121152823,AKT1,-,-,-,Un,-,AKT serine/threonine kinase 1,protein-coding,-,-,-,RAC-alpha serine/threonine-protein kinase,20210420,-
130825,121152824,ADSS1,-,-,-,Un,-,adenylosuccinate synthase 1,protein-coding,-,-,-,adenylosuccinate synthetase isozyme 1,20210420,-
130825,121152825,SIVA1,-,-,-,Un,-,SIVA1 apoptosis inducing factor,protein-coding,-,-,-,apoptosis regulatory protein Siva,20210420,-
130825,121152826,LOC121152826,-,-,-,Un,-,olfactory receptor 11L1,protein-coding,-,-,-,olfactory receptor 11L1,20210420,-
130825,121152827,INF2,-,-,-,Un,-,inverted formin 2,protein-coding,-,-,-,inverted formin-2,20210420,-
130825,121152828,ASPG,-,-,-,Un,-,asparaginase,protein-coding,-,-,-,60 kDa lysophospholipase,20210420,-
130825,121152829,PPP1R13B,-,-,-,Un,-,protein phosphatase 1 regulatory subunit 13B,protein-coding,-,-,-,apoptosis-stimulating of p53 protein 1,20210420,-
130825,121152830,KLC1,-,-,-,Un,-,kinesin light chain 1,protein-coding,-,-,-,kinesin light chain 1,20210420,-
130825,121152831,LOC121152831,-,-,-,Un,-,olfactory receptor 12-like,protein-coding,-,-,-,olfactory receptor 12-like,20210420,-
130825,121152832,XRCC3,-,-,-,Un,-,X-ray repair cross complementing 3,protein-coding,-,-,-,DNA repair protein XRCC3,20210420,-
130825,121152833,ZFYVE21,-,-,-,Un,-,zinc finger FYVE-type containing 21,protein-coding,-,-,-,zinc finger FYVE domain-containing protein 21,20210420,-
130825,121152834,BAG5,-,-,-,Un,-,BAG cochaperone 5,protein-coding,-,-,-,BAG family molecular chaperone regulator 5,20210420,-
130825,121152835,CKB,-,-,-,Un,-,creatine kinase B,protein-coding,-,-,-,creatine kinase B-type,20210420,-
130825,121152836,TRMT61A,-,-,-,Un,-,tRNA methyltransferase 61A,protein-coding,-,-,-,tRNA (adenine(58)-N(1))-methyltransferase catalytic subunit TRMT61A,20210420,-
130825,121152837,LOC121152837,-,-,-,Un,-,olfactory receptor 14A16-like,protein-coding,-,-,-,olfactory receptor 14A16-like,20210420,-
130825,121152838,MARK3,-,-,-,Un,-,microtubule affinity regulating kinase 3,protein-coding,-,-,-,MAP/microtubule affinity-regulating kinase 3,20210420,-
130825,121152839,EIF5,-,-,-,Un,-,eukaryotic translation initiation factor 5,protein-coding,-,-,-,eukaryotic translation initiation factor 5,20210420,-
130825,121152840,CDC42BPB,-,-,-,Un,-,CDC42 binding protein kinase beta,protein-coding,-,-,-,serine/threonine-protein kinase MRCK beta,20210420,-
130825,121152841,TNFAIP2,-,-,-,Un,-,TNF alpha induced protein 2,protein-coding,-,-,-,tumor necrosis factor alpha-induced protein 2,20210420,-
130825,121152842,LOC121152842,-,-,-,Un,-,olfactory receptor 6F1,protein-coding,-,-,-,olfactory receptor 6F1,20210420,-
130825,121152843,EXOC3L4,-,-,-,Un,-,exocyst complex component 3 like 4,protein-coding,-,-,-,exocyst complex component 3-like protein 4,20210420,-
130825,121152844,TRAF3,-,-,-,Un,-,TNF receptor associated factor 3,protein-coding,-,-,-,TNF receptor-associated factor 3,20210420,-
130825,121152845,RCOR1,-,-,-,Un,-,REST corepressor 1,protein-coding,-,-,-,REST corepressor 1,20210420,-
130825,121152846,TECPR2,-,-,-,Un,-,tectonin beta-propeller repeat containing 2,protein-coding,-,-,-,tectonin beta-propeller repeat-containing protein 2,20210420,-
130825,121152847,LOC121152847,-,-,-,Un,-,cyclin dependent kinase 2 interacting protein,protein-coding,-,-,-,cyclin-dependent kinase 2-interacting protein,20210420,-
130825,121152848,MOK,-,-,-,Un,-,MOK protein kinase,protein-coding,-,-,-,MAPK/MAK/MRK overlapping kinase,20210420,-
130825,121152849,WDR20,-,-,-,Un,-,WD repeat domain 20,protein-coding,-,-,-,LOW QUALITY PROTEIN: WD repeat-containing protein 20,20210420,-
130825,121152850,HSP90AA1,-,-,-,Un,-,heat shock protein 90 alpha family class A member 1,protein-coding,-,-,-,heat shock protein HSP 90-alpha,20210420,-
130825,121152851,LOC121152851,-,-,-,Un,-,olfactory receptor 5V1-like,protein-coding,-,-,-,olfactory receptor 5V1-like,20210420,-
130825,121152852,DYNC1H1,-,-,-,Un,-,dynein cytoplasmic 1 heavy chain 1,protein-coding,-,-,-,cytoplasmic dynein 1 heavy chain 1,20210420,-
130825,121152853,PPP2R5C,-,-,-,Un,-,protein phosphatase 2 regulatory subunit B'gamma,protein-coding,-,-,-,serine/threonine-protein phosphatase 2A 56 kDa regulatory subunit gamma isoform,20210420,-
130825,121152854,WDR25,-,-,-,Un,-,WD repeat domain 25,protein-coding,-,-,-,WD repeat-containing protein 25,20210420,-
130825,121152855,LOC121152855,-,-,-,Un,-,olfactory receptor 2C3-like,protein-coding,-,-,-,olfactory receptor 2C3-like,20210420,-
130825,121152856,WARS1,-,-,-,Un,-,tryptophanyl-tRNA synthetase 1,protein-coding,-,-,-,"tryptophan--tRNA ligase, cytoplasmic",20210420,-
130825,121152857,YY1,-,-,-,Un,-,YY1 transcription factor,protein-coding,-,-,-,transcriptional repressor protein YY1,20210420,-
130825,121152858,DEGS2,-,-,-,Un,-,"delta 4-desaturase, sphingolipid 2",protein-coding,-,-,-,sphingolipid delta(4)-desaturase/C4-monooxygenase DES2,20210420,-
130825,121152859,EVL,-,-,-,Un,-,Enah/Vasp-like,protein-coding,-,-,-,ena/VASP-like protein,20210420,-
130825,121152860,LOC121152860,-,-,-,Un,-,uncharacterized LOC121152860,protein-coding,-,-,-,uncharacterized protein LOC121152860,20210420,-
130825,121152861,SETD3,-,-,-,Un,-,"SET domain containing 3, actin histidine methyltransferase",protein-coding,-,-,-,actin-histidine N-methyltransferase,20210420,-
130825,121152862,LOC121152862,-,-,-,Un,-,olfactory receptor 2B11,protein-coding,-,-,-,olfactory receptor 2B11,20210420,-
130825,121152863,CCNK,-,-,-,Un,-,cyclin K,protein-coding,-,-,-,cyclin-K,20210420,-
130825,121152864,CCDC85C,-,-,-,Un,-,coiled-coil domain containing 85C,protein-coding,-,-,-,coiled-coil domain-containing protein 85C,20210420,-
130825,121152865,BCL11B,-,-,-,Un,-,BAF chromatin remodeling complex subunit BCL11B,protein-coding,-,-,-,B-cell lymphoma/leukemia 11B,20210420,-
130825,121152866,LOC121152866,-,-,-,Un,-,uncharacterized LOC121152866,ncRNA,-,-,-,-,20210420,-
130825,121152867,LOC121152867,-,-,-,Un,-,uncharacterized LOC121152867,ncRNA,-,-,-,-,20210420,-
130825,121152868,VRK1,-,-,-,Un,-,VRK serine/threonine kinase 1,protein-coding,-,-,-,serine/threonine-protein kinase VRK1,20210420,-
130825,121152869,RNF187,-,-,-,Un,-,ring finger protein 187,protein-coding,-,-,-,E3 ubiquitin-protein ligase RNF187,20210420,-
130825,121152870,PAPOLA,-,-,-,Un,-,poly(A) polymerase alpha,protein-coding,-,-,-,poly(A) polymerase alpha,20210420,-
130825,121152871,AK7,-,-,-,Un,-,adenylate kinase 7,protein-coding,-,-,-,adenylate kinase 7,20210420,-
130825,121152872,LOC121152872,-,-,-,Un,-,obscurin-like,protein-coding,-,-,-,obscurin-like,20210420,-
130825,121152873,LOC121152873,-,-,-,Un,-,GSK3B interacting protein,protein-coding,-,-,-,GSK3B-interacting protein,20210420,-
130825,121152874,ATG2B,-,-,-,Un,-,autophagy related 2B,protein-coding,-,-,-,autophagy-related protein 2 homolog B,20210420,-
130825,121152875,GLRX5,-,-,-,Un,-,glutaredoxin 5,protein-coding,-,-,-,"glutaredoxin-related protein 5, mitochondrial",20210420,-
130825,121152876,SYNE3,-,-,-,Un,-,spectrin repeat containing nuclear envelope family member 3,protein-coding,-,-,-,nesprin-3,20210420,-
130825,121152877,DICER1,-,-,-,Un,-,"dicer 1, ribonuclease III",protein-coding,-,-,-,endoribonuclease Dicer,20210420,-
130825,121152878,LOC121152878,-,-,-,Un,-,interferon alpha-inducible protein 27-like protein 2A,pseudo,-,-,-,-,20210420,-
130825,121152879,DDX24,-,-,-,Un,-,DEAD-box helicase 24,protein-coding,-,-,-,ATP-dependent RNA helicase DDX24,20210420,-
130825,121152880,PRSS38,-,-,-,Un,-,serine protease 38,protein-coding,-,-,-,serine protease 38,20210420,-
130825,121152881,OTUB2,-,-,-,Un,-,"OTU deubiquitinase, ubiquitin aldehyde binding 2",protein-coding,-,-,-,ubiquitin thioesterase OTUB2,20210420,-
130825,121152882,ASB2,-,-,-,Un,-,ankyrin repeat and SOCS box containing 2,protein-coding,-,-,-,ankyrin repeat and SOCS box protein 2,20210420,-
130825,121152883,FAM181A,-,-,-,Un,-,family with sequence similarity 181 member A,protein-coding,-,-,-,protein FAM181A,20210420,-
130825,121152884,UNC79,-,-,-,Un,-,"unc-79 homolog, NALCN channel complex subunit",protein-coding,-,-,-,protein unc-79 homolog,20210420,-
130825,121152885,BTBD7,-,-,-,Un,-,BTB domain containing 7,protein-coding,-,-,-,BTB/POZ domain-containing protein 7,20210420,-
130825,121152886,N4BP3,-,-,-,Un,-,NEDD4 binding protein 3,protein-coding,-,-,-,NEDD4-binding protein 3,20210420,-
130825,121152887,UBR7,-,-,-,Un,-,ubiquitin protein ligase E3 component n-recognin 7,protein-coding,-,-,-,putative E3 ubiquitin-protein ligase UBR7,20210420,-
130825,121152888,LOC121152888,-,-,-,Un,-,uncharacterized LOC121152888,ncRNA,-,-,-,-,20210420,-
130825,121152889,GON7,-,-,-,Un,-,GON7 subunit of KEOPS complex,protein-coding,-,-,-,EKC/KEOPS complex subunit GON7,20210420,-
130825,121152890,ITPK1,-,-,-,Un,-,inositol-tetrakisphosphate 1-kinase,protein-coding,-,-,-,inositol-tetrakisphosphate 1-kinase,20210420,-
130825,121152891,GOLGA5,-,-,-,Un,-,golgin A5,protein-coding,-,-,-,golgin subfamily A member 5,20210420,-
130825,121152892,LGMN,-,-,-,Un,-,legumain,protein-coding,-,-,-,legumain,20210420,-
130825,121152893,RIN3,-,-,-,Un,-,Ras and Rab interactor 3,protein-coding,-,-,-,ras and Rab interactor 3,20210420,-
130825,121152894,LOC121152894,-,-,-,Un,-,60S ribosomal protein L36a-like,protein-coding,-,-,-,60S ribosomal protein L36a-like,20210420,-
130825,121152895,CPSF2,-,-,-,Un,-,cleavage and polyadenylation specific factor 2,protein-coding,-,-,-,cleavage and polyadenylation specificity factor subunit 2,20210420,-
130825,121152896,NDUFB1,-,-,-,Un,-,NADH:ubiquinone oxidoreductase subunit B1,protein-coding,-,-,-,NADH dehydrogenase [ubiquinone] 1 beta subcomplex subunit 1,20210420,-
130825,121152897,ATXN3,-,-,-,Un,-,ataxin 3,protein-coding,-,-,-,ataxin-3,20210420,-
130825,121152898,TRIP11,-,-,-,Un,-,thyroid hormone receptor interactor 11,protein-coding,-,-,-,thyroid receptor-interacting protein 11,20210420,-
130825,121152899,FBLN5,-,-,-,Un,-,fibulin 5,protein-coding,-,-,-,fibulin-5,20210420,-
130825,121152900,TC2N,-,-,-,Un,-,"tandem C2 domains, nuclear",protein-coding,-,-,-,tandem C2 domains nuclear protein,20210420,-
130825,121152901,LOC121152901,-,-,-,Un,-,uncharacterized LOC121152901,ncRNA,-,-,-,-,20210420,-
130825,121152902,PPP4R3A,-,-,-,Un,-,protein phosphatase 4 regulatory subunit 3A,protein-coding,-,-,-,serine/threonine-protein phosphatase 4 regulatory subunit 3A,20210420,-
130825,121152903,CCDC88C,-,-,-,Un,-,coiled-coil domain containing 88C,protein-coding,-,-,-,protein Daple,20210420,-
130825,121152904,RPS6KA5,-,-,-,Un,-,ribosomal protein S6 kinase A5,protein-coding,-,-,-,ribosomal protein S6 kinase alpha-5,20210420,-
130825,121152905,PCDH1,-,-,-,Un,-,protocadherin 1,protein-coding,-,-,-,protocadherin-1,20210420,-
130825,121152906,TTC7B,-,-,-,Un,-,tetratricopeptide repeat domain 7B,protein-coding,-,-,-,tetratricopeptide repeat protein 7B,20210420,-
130825,121152907,CALM1,-,-,-,Un,-,calmodulin 1,protein-coding,-,-,-,calmodulin-1,20210522,-
130825,121152908,NRDE2,-,-,-,Un,-,"NRDE-2, necessary for RNA interference, domain containing",protein-coding,-,-,-,nuclear exosome regulator NRDE2,20210420,-
130825,121152909,PSMC1,-,-,-,Un,-,"proteasome 26S subunit, ATPase 1",protein-coding,-,-,-,26S proteasome regulatory subunit 4,20210522,-
130825,121152910,PCDHGC5,-,-,-,Un,-,"protocadherin gamma subfamily C, 5",protein-coding,-,-,-,protocadherin gamma-C5,20210420,-
130825,121152911,KCNK13,-,-,-,Un,-,potassium two pore domain channel subfamily K member 13,protein-coding,-,-,-,potassium channel subfamily K member 13,20210420,-
130825,121152912,TDP1,-,-,-,Un,-,tyrosyl-DNA phosphodiesterase 1,protein-coding,-,-,-,tyrosyl-DNA phosphodiesterase 1,20210420,-
130825,121152913,EFCAB11,-,-,-,Un,-,EF-hand calcium binding domain 11,protein-coding,-,-,-,EF-hand calcium-binding domain-containing protein 11,20210420,-
130825,121152914,FOXN3,-,-,-,Un,-,forkhead box N3,protein-coding,-,-,-,forkhead box protein N3,20210420,-
130825,121152915,TTC8,-,-,-,Un,-,tetratricopeptide repeat domain 8,protein-coding,-,-,-,tetratricopeptide repeat protein 8,20210420,-
130825,121152916,PFDN1,-,-,-,Un,-,prefoldin subunit 1,protein-coding,-,-,-,prefoldin subunit 1,20210420,-
130825,121152917,LOC121152917,-,-,-,Un,-,protocadherin gamma-C4,protein-coding,-,-,-,protocadherin gamma-C4,20210420,-
130825,121152918,EML5,-,-,-,Un,-,EMAP like 5,protein-coding,-,-,-,echinoderm microtubule-associated protein-like 5,20210420,-
130825,121152919,ZC3H14,-,-,-,Un,-,zinc finger CCCH-type containing 14,protein-coding,-,-,-,zinc finger CCCH domain-containing protein 14,20210420,-
130825,121152920,PTPN21,-,-,-,Un,-,protein tyrosine phosphatase non-receptor type 21,protein-coding,-,-,-,tyrosine-protein phosphatase non-receptor type 21,20210420,-
130825,121152921,SPATA7,-,-,-,Un,-,spermatogenesis associated 7,protein-coding,-,-,-,spermatogenesis-associated protein 7,20210420,-
130825,121152922,PCDHGB7,-,-,-,Un,-,"protocadherin gamma subfamily B, 7",protein-coding,-,-,-,protocadherin gamma-B7,20210420,-
130825,121152923,KCNK10,-,-,-,Un,-,potassium two pore domain channel subfamily K member 10,protein-coding,-,-,-,potassium channel subfamily K member 10,20210420,-
130825,121152924,GPR65,-,-,-,Un,-,G protein-coupled receptor 65,protein-coding,-,-,-,psychosine receptor,20210420,-
130825,121152925,GALC,-,-,-,Un,-,galactosylceramidase,protein-coding,-,-,-,galactocerebrosidase,20210420,-
130825,121152926,SEL1L,-,-,-,Un,-,SEL1L adaptor subunit of ERAD E3 ubiquitin ligase,protein-coding,-,-,-,protein sel-1 homolog 1,20210420,-
130825,121152927,STON2,-,-,-,Un,-,stonin 2,protein-coding,-,-,-,stonin-2,20210420,-
130825,121152928,LOC121152928,-,-,-,Un,-,protocadherin gamma-A9-like,protein-coding,-,-,-,protocadherin gamma-A9-like,20210420,-
130825,121152929,GTF2A1,-,-,-,Un,-,general transcription factor IIA subunit 1,protein-coding,-,-,-,transcription initiation factor IIA subunit 1,20210420,-
130825,121152930,CEP128,-,-,-,Un,-,centrosomal protein 128,protein-coding,-,-,-,centrosomal protein of 128 kDa,20210420,-
130825,121152931,NRXN3,-,-,-,Un,-,neurexin 3,protein-coding,-,-,-,neurexin 3,20210420,-
130825,121152932,LOC121152932,-,-,-,Un,-,protocadherin beta-15-like,protein-coding,-,-,-,protocadherin beta-15-like,20210420,-
130825,121152933,ADCK1,-,-,-,Un,-,aarF domain containing kinase 1,protein-coding,-,-,-,aarF domain-containing protein kinase 1,20210420,-
130825,121152934,SNW1,-,-,-,Un,-,SNW domain containing 1,protein-coding,-,-,-,SNW domain-containing protein 1,20210420,-
130825,121152935,ALKBH1,-,-,-,Un,-,"alkB homolog 1, histone H2A dioxygenase",protein-coding,-,-,-,nucleic acid dioxygenase ALKBH1,20210420,-
130825,121152936,LOC121152936,-,-,-,Un,-,SRA stem-loop interacting RNA binding protein,protein-coding,-,-,-,"SRA stem-loop-interacting RNA-binding protein, mitochondrial",20210420,-
130825,121152937,LOC121152937,-,-,-,Un,-,uncharacterized LOC121152937,ncRNA,-,-,-,-,20210420,-
130825,121152938,SPTLC2,-,-,-,Un,-,serine palmitoyltransferase long chain base subunit 2,protein-coding,-,-,-,serine palmitoyltransferase 2,20210420,-
130825,121152939,AHSA1,-,-,-,Un,-,activator of HSP90 ATPase activity 1,protein-coding,-,-,-,activator of 90 kDa heat shock protein ATPase homolog 1,20210420,-
130825,121152940,VIPAS39,-,-,-,Un,-,"VPS33B interacting protein, apical-basolateral polarity regulator, spe-39 homolog",protein-coding,-,-,-,spermatogenesis-defective protein 39 homolog,20210420,-
130825,121152941,NOXRED1,-,-,-,Un,-,NADP dependent oxidoreductase domain containing 1,protein-coding,-,-,-,NADP-dependent oxidoreductase domain-containing protein 1,20210420,-
130825,121152942,TMED8,-,-,-,Un,-,transmembrane p24 trafficking protein family member 8,protein-coding,-,-,-,protein TMED8,20210420,-
130825,121152943,SAMD15,-,-,-,Un,-,sterile alpha motif domain containing 15,protein-coding,-,-,-,sterile alpha motif domain-containing protein 15,20210420,-
130825,121152944,GSTZ1,-,-,-,Un,-,glutathione S-transferase zeta 1,protein-coding,-,-,-,maleylacetoacetate isomerase,20210420,-
130825,121152945,LOC121152945,-,-,-,Un,-,protocadherin beta-16-like,protein-coding,-,-,-,protocadherin beta-16-like,20210420,-
130825,121152946,POMT2,-,-,-,Un,-,protein O-mannosyltransferase 2,protein-coding,-,-,-,protein O-mannosyl-transferase 2,20210420,-
130825,121152947,CIPC,-,-,-,Un,-,CLOCK interacting pacemaker,protein-coding,-,-,-,CLOCK-interacting pacemaker,20210420,-
130825,121152948,IRF2BPL,-,-,-,Un,-,interferon regulatory factor 2 binding protein like,protein-coding,-,-,-,probable E3 ubiquitin-protein ligase IRF2BPL,20210420,-
130825,121152949,ANGEL1,-,-,-,Un,-,angel homolog 1,protein-coding,-,-,-,protein angel homolog 1,20210420,-
130825,121152950,VASH1,-,-,-,Un,-,vasohibin 1,protein-coding,-,-,-,tubulinyl-Tyr carboxypeptidase 1,20210420,-
130825,121152951,GPATCH2L,-,-,-,Un,-,G-patch domain containing 2 like,protein-coding,-,-,-,G patch domain-containing protein 2-like,20210420,-
130825,121152952,TTLL5,-,-,-,Un,-,tubulin tyrosine ligase like 5,protein-coding,-,-,-,tubulin polyglutamylase TTLL5,20210420,-
130825,121152953,ERG28,-,-,-,Un,-,ergosterol biosynthesis 28 homolog,protein-coding,-,-,-,ergosterol biosynthetic protein 28 homolog,20210420,-
130825,121152954,FLVCR2,-,-,-,Un,-,FLVCR heme transporter 2,protein-coding,-,-,-,feline leukemia virus subgroup C receptor-related protein 2,20210420,-
130825,121152955,BATF,-,-,-,Un,-,basic leucine zipper ATF-like transcription factor,protein-coding,-,-,-,basic leucine zipper transcriptional factor ATF-like,20210529,-
130825,121152956,JDP2,-,-,-,Un,-,Jun dimerization protein 2,protein-coding,-,-,-,jun dimerization protein 2,20210420,-
130825,121152957,FOS,-,-,-,Un,-,"Fos proto-oncogene, AP-1 transcription factor subunit",protein-coding,-,-,-,proto-oncogene c-Fos,20210420,-
130825,121152958,LOC121152958,-,-,-,Un,-,uncharacterized LOC121152958,ncRNA,-,-,-,-,20210420,-
130825,121152959,TMED10,-,-,-,Un,-,transmembrane p24 trafficking protein 10,protein-coding,-,-,-,transmembrane emp24 domain-containing protein 10,20210420,-
130825,121152960,NEK9,-,-,-,Un,-,NIMA related kinase 9,protein-coding,-,-,-,serine/threonine-protein kinase Nek9,20210420,-
130825,121152961,MLH3,-,-,-,Un,-,mutL homolog 3,protein-coding,-,-,-,DNA mismatch repair protein Mlh3,20210420,-
130825,121152962,EIF2B2,-,-,-,Un,-,eukaryotic translation initiation factor 2B subunit beta,protein-coding,-,-,-,translation initiation factor eIF-2B subunit beta,20210420,-
130825,121152963,RPS6KL1,-,-,-,Un,-,ribosomal protein S6 kinase like 1,protein-coding,-,-,-,ribosomal protein S6 kinase-like 1,20210420,-
130825,121152964,LOC121152964,-,-,-,Un,-,protocadherin beta-12-like,protein-coding,-,-,-,protocadherin beta-12-like,20210420,-
130825,121152965,DLST,-,-,-,Un,-,dihydrolipoamide S-succinyltransferase,protein-coding,-,-,-,"dihydrolipoyllysine-residue succinyltransferase component of 2-oxoglutarate dehydrogenase complex, mitochondrial",20210420,-
130825,121152966,YLPM1,-,-,-,Un,-,YLP motif containing 1,protein-coding,-,-,-,YLP motif-containing protein 1,20210420,-
130825,121152967,FCF1,-,-,-,Un,-,FCF1 rRNA-processing protein,protein-coding,-,-,-,rRNA-processing protein FCF1 homolog,20210420,-
130825,121152968,AREL1,-,-,-,Un,-,apoptosis resistant E3 ubiquitin protein ligase 1,protein-coding,-,-,-,apoptosis-resistant E3 ubiquitin protein ligase 1,20210420,-
130825,121152969,LTBP2,-,-,-,Un,-,latent transforming growth factor beta binding protein 2,protein-coding,-,-,-,latent-transforming growth factor beta-binding protein 2,20210420,-
130825,121152970,NPC2,-,-,-,Un,-,NPC intracellular cholesterol transporter 2,protein-coding,-,-,-,NPC intracellular cholesterol transporter 2,20210420,-
130825,121152971,ABCD4,-,-,-,Un,-,ATP binding cassette subfamily D member 4,protein-coding,-,-,-,lysosomal cobalamin transporter ABCD4,20210420,-
130825,121152972,ALDH6A1,-,-,-,Un,-,aldehyde dehydrogenase 6 family member A1,protein-coding,-,-,-,"methylmalonate-semialdehyde dehydrogenase [acylating], mitochondrial",20210420,-
130825,121152973,BBOF1,-,-,-,Un,-,basal body orientation factor 1,protein-coding,-,-,-,basal body-orientation factor 1,20210420,-
130825,121152974,LOC121152974,-,-,-,Un,-,ADP-ribosylation factor 1-like,protein-coding,-,-,-,ADP-ribosylation factor 1-like,20210420,-
130825,121152975,LOC121152975,-,-,-,Un,-,protocadherin beta-16-like,protein-coding,-,-,-,protocadherin beta-16-like,20210420,-
130825,121152976,LIN52,-,-,-,Un,-,lin-52 DREAM MuvB core complex component,protein-coding,-,-,-,protein lin-52 homolog,20210522,-
130825,121152977,ENTPD5,-,-,-,Un,-,ectonucleoside triphosphate diphosphohydrolase 5 (inactive),protein-coding,-,-,-,ectonucleoside triphosphate diphosphohydrolase 5,20210420,-
130825,121152978,COQ6,-,-,-,Un,-,"coenzyme Q6, monooxygenase",protein-coding,-,-,-,"ubiquinone biosynthesis monooxygenase COQ6, mitochondrial",20210420,-
130825,121152979,FAM161B,-,-,-,Un,-,FAM161 centrosomal protein B,protein-coding,-,-,-,protein FAM161B,20210420,-
130825,121152980,ZNF410,-,-,-,Un,-,zinc finger protein 410,protein-coding,-,-,-,zinc finger protein 410,20210420,-
130825,121152981,PTGR2,-,-,-,Un,-,prostaglandin reductase 2,protein-coding,-,-,-,prostaglandin reductase 2,20210420,-
130825,121152982,LOC121152982,-,-,-,Un,-,IgA inducing protein,protein-coding,-,-,-,IgA-inducing protein homolog,20210420,-
130825,121152983,MIDEAS,-,-,-,Un,-,mitotic deacetylase associated SANT domain protein,protein-coding,-,-,-,mitotic deacetylase-associated SANT domain protein,20210420,-
130825,121152984,PNMA1,-,-,-,Un,-,PNMA family member 1,protein-coding,-,-,-,paraneoplastic antigen Ma1,20210420,-
130825,121152985,LOC121152985,-,-,-,Un,-,protocadherin beta-17-like,protein-coding,-,-,-,LOW QUALITY PROTEIN: protocadherin beta-17-like,20210420,-
130825,121152986,LOC121152986,-,-,-,Un,-,acyl-coenzyme A thioesterase 1-like,protein-coding,-,-,-,acyl-coenzyme A thioesterase 1-like,20210420,-
130825,121152987,LOC121152987,-,-,-,Un,-,acyl-coenzyme A thioesterase 1-like,protein-coding,-,-,-,acyl-coenzyme A thioesterase 1-like,20210420,-
130825,121152988,LOC121152988,-,-,-,Un,-,acyl-coenzyme A thioesterase 1-like,protein-coding,-,-,-,"acyl-coenzyme A thioesterase 1-like|acyl-coenzyme A thioesterase 2, mitochondrial-like",20210420,-
130825,121152989,PAPLN,-,-,-,Un,-,"papilin, proteoglycan like sulfated glycoprotein",protein-coding,-,-,-,papilin,20210420,-
130825,121152990,NUMB,-,-,-,Un,-,NUMB endocytic adaptor protein,protein-coding,-,-,-,protein numb homolog,20210420,-
130825,121152991,LOC121152991,-,-,-,Un,-,protocadherin beta-6-like,protein-coding,-,-,-,protocadherin beta-6-like,20210420,-
130825,121152992,LOC121152992,-,-,-,Un,-,uncharacterized LOC121152992,ncRNA,-,-,-,-,20210420,-
130825,121152993,PSEN1,-,-,-,Un,-,presenilin 1,protein-coding,-,-,-,presenilin-1,20210420,-
130825,121152994,LOC121152994,-,-,-,Un,-,translation machinery-associated protein 7-like,pseudo,-,-,-,-,20210420,-
130825,121152995,RBM25,-,-,-,Un,-,RNA binding motif protein 25,protein-coding,-,-,-,RNA-binding protein 25,20210420,-
130825,121152996,ZFYVE1,-,-,-,Un,-,zinc finger FYVE-type containing 1,protein-coding,-,-,-,zinc finger FYVE domain-containing protein 1,20210420,-
130825,121152997,DCAF4,-,-,-,Un,-,DDB1 and CUL4 associated factor 4,protein-coding,-,-,-,DDB1- and CUL4-associated factor 4,20210420,-
130825,121152998,DPF3,-,-,-,Un,-,double PHD fingers 3,protein-coding,-,-,-,zinc finger protein DPF3,20210420,-
130825,121152999,SIPA1L1,-,-,-,Un,-,signal induced proliferation associated 1 like 1,protein-coding,-,-,-,signal-induced proliferation-associated 1-like protein 1,20210420,-
130825,121153000,LOC121153000,-,-,-,Un,-,protocadherin beta-5-like,protein-coding,-,-,-,protocadherin beta-5-like,20210420,-
130825,121153001,PCNX1,-,-,-,Un,-,pecanex 1,protein-coding,-,-,-,pecanex-like protein 1,20210420,-
130825,121153002,MAP3K9,-,-,-,Un,-,mitogen-activated protein kinase kinase kinase 9,protein-coding,-,-,-,mitogen-activated protein kinase kinase kinase 9,20210420,-
130825,121153003,MED6,-,-,-,Un,-,mediator complex subunit 6,protein-coding,-,-,-,mediator of RNA polymerase II transcription subunit 6,20210420,-
130825,121153004,LOC121153004,-,-,-,Un,-,"cytochrome c oxidase assembly protein COX16 homolog, mitochondrial",protein-coding,-,-,-,"cytochrome c oxidase assembly protein COX16 homolog, mitochondrial|synaptojanin-2-binding protein",20210420,-
130825,121153005,SLC10A1,-,-,-,Un,-,solute carrier family 10 member 1,protein-coding,-,-,-,sodium/bile acid cotransporter,20210420,-
130825,121153006,SRSF5,-,-,-,Un,-,serine and arginine rich splicing factor 5,protein-coding,-,-,-,serine/arginine-rich splicing factor 5,20210420,-
130825,121153007,SUSD6,-,-,-,Un,-,sushi domain containing 6,protein-coding,-,-,-,sushi domain-containing protein 6,20210420,-
130825,121153008,LOC121153008,-,-,-,Un,-,protocadherin beta-3-like,protein-coding,-,-,-,protocadherin beta-3-like,20210420,-
130825,121153009,SLC39A9,-,-,-,Un,-,solute carrier family 39 member 9,protein-coding,-,-,-,zinc transporter ZIP9,20210420,-
130825,121153010,ERH,-,-,-,Un,-,ERH mRNA splicing and mitosis factor,protein-coding,-,-,-,enhancer of rudimentary homolog,20210522,-
130825,121153011,EXD2,-,-,-,Un,-,exonuclease 3'-5' domain containing 2,protein-coding,-,-,-,exonuclease 3'-5' domain-containing protein 2,20210420,-
130825,121153012,LOC121153012,-,-,-,Un,-,"ATP synthase subunit g, mitochondrial-like",pseudo,-,-,-,-,20210420,-
130825,121153013,DCAF5,-,-,-,Un,-,DDB1 and CUL4 associated factor 5,protein-coding,-,-,-,DDB1- and CUL4-associated factor 5,20210420,-
130825,121153014,ACTN1,-,-,-,Un,-,actinin alpha 1,protein-coding,-,-,-,alpha-actinin-1,20210420,-
130825,121153015,ZFP36L1,-,-,-,Un,-,ZFP36 ring finger protein like 1,protein-coding,-,-,-,mRNA decay activator protein ZFP36L1,20210420,-
130825,121153016,LOC121153016,-,-,-,Un,-,uncharacterized LOC121153016,ncRNA,-,-,-,-,20210420,-
130825,121153017,LOC121153017,-,-,-,Un,-,uncharacterized LOC121153017,ncRNA,-,-,-,-,20210420,-
130825,121153018,RAD51B,-,-,-,Un,-,RAD51 paralog B,protein-coding,-,-,-,DNA repair protein RAD51 homolog 2,20210420,-
130825,121153019,ZFYVE26,-,-,-,Un,-,zinc finger FYVE-type containing 26,protein-coding,-,-,-,zinc finger FYVE domain-containing protein 26,20210420,-
130825,121153020,RDH11,-,-,-,Un,-,retinol dehydrogenase 11,protein-coding,-,-,-,retinol dehydrogenase 11,20210420,-
130825,121153021,ARG2,-,-,-,Un,-,arginase 2,protein-coding,-,-,-,"arginase-2, mitochondrial",20210420,-
130825,121153022,LOC121153022,-,-,-,Un,-,protocadherin beta-2-like,protein-coding,-,-,-,protocadherin beta-2-like,20210420,-
130825,121153023,VTI1B,-,-,-,Un,-,vesicle transport through interaction with t-SNAREs 1B,protein-coding,-,-,-,vesicle transport through interaction with t-SNAREs homolog 1B,20210420,-
130825,121153024,PIGH,-,-,-,Un,-,phosphatidylinositol glycan anchor biosynthesis class H,protein-coding,-,-,-,phosphatidylinositol N-acetylglucosaminyltransferase subunit H,20210420,-
130825,121153025,TMEM229B,-,-,-,Un,-,transmembrane protein 229B,protein-coding,-,-,-,transmembrane protein 229B,20210420,-
130825,121153026,EIF2S1,-,-,-,Un,-,eukaryotic translation initiation factor 2 subunit alpha,protein-coding,-,-,-,eukaryotic translation initiation factor 2 subunit 1,20210522,-
130825,121153027,ATP6V1D,-,-,-,Un,-,ATPase H+ transporting V1 subunit D,protein-coding,-,-,-,V-type proton ATPase subunit D,20210424,-
130825,121153028,PALS1,-,-,-,Un,-,"protein associated with LIN7 1, MAGUK family member",protein-coding,-,-,-,MAGUK p55 subfamily member 5,20210420,-
130825,121153029,GPHN,-,-,-,Un,-,gephyrin,protein-coding,-,-,-,gephyrin,20210605,-
130825,121153030,PCDHB1,-,-,-,Un,-,protocadherin beta 1,protein-coding,-,-,-,protocadherin beta-1,20210420,-
130825,121153031,FUT8,-,-,-,Un,-,fucosyltransferase 8,protein-coding,-,-,-,"alpha-(1,6)-fucosyltransferase",20210420,-
130825,121153032,LOC121153032,-,-,-,Un,-,uncharacterized protein C8orf88-like,pseudo,-,-,-,-,20210420,-
130825,121153033,SPTB,-,-,-,Un,-,"spectrin beta, erythrocytic",protein-coding,-,-,-,"spectrin beta chain, erythrocytic",20210420,-
130825,121153034,PLEKHG3,-,-,-,Un,-,pleckstrin homology and RhoGEF domain containing G3,protein-coding,-,-,-,pleckstrin homology domain-containing family G member 3,20210420,-
130825,121153035,LOC121153035,-,-,-,Un,-,protein farnesyltransferase subunit beta,protein-coding,-,-,-,protein farnesyltransferase subunit beta,20210420,-
130825,121153036,PCDHAC2,-,-,-,Un,-,"protocadherin alpha subfamily C, 2",protein-coding,-,-,-,protocadherin alpha-C2,20210420,-
130825,121153037,RAB15,-,-,-,Un,-,"RAB15, member RAS oncogene family",protein-coding,-,-,-,ras-related protein Rab-15,20210420,-
130825,121153038,GPX2,-,-,-,Un,-,glutathione peroxidase 2,protein-coding,-,-,-,glutathione peroxidase 2,20210420,-
130825,121153039,MAX,-,-,-,Un,-,MYC associated factor X,protein-coding,-,-,-,protein max,20210420,-
130825,121153040,PURA,-,-,-,Un,-,purine rich element binding protein A,protein-coding,-,-,-,transcriptional activator protein Pur-alpha,20210420,-
130825,121153041,CHURC1,-,-,-,Un,-,churchill domain containing 1,protein-coding,-,-,-,protein Churchill,20210420,-
130825,121153042,LOC121153042,-,-,-,Un,-,uncharacterized LOC121153042,ncRNA,-,-,-,-,20210420,-
130825,121153043,ZBTB1,-,-,-,Un,-,zinc finger and BTB domain containing 1,protein-coding,-,-,-,zinc finger and BTB domain-containing protein 1,20210420,-
130825,121153044,LOC121153044,-,-,-,Un,-,protocadherin alpha-6-like,protein-coding,-,-,-,protocadherin alpha-6-like,20210420,-
130825,121153045,HSPA2,-,-,-,Un,-,heat shock protein family A (Hsp70) member 2,protein-coding,-,-,-,heat shock-related 70 kDa protein 2,20210420,-
130825,121153046,PPP1R36,-,-,-,Un,-,protein phosphatase 1 regulatory subunit 36,protein-coding,-,-,-,protein phosphatase 1 regulatory subunit 36,20210420,-
130825,121153047,MTHFD1,-,-,-,Un,-,"methylenetetrahydrofolate dehydrogenase, cyclohydrolase and formyltetrahydrofolate synthetase 1",protein-coding,-,-,-,"C-1-tetrahydrofolate synthase, cytoplasmic",20210420,-
130825,121153048,ZBTB25,-,-,-,Un,-,zinc finger and BTB domain containing 25,protein-coding,-,-,-,zinc finger and BTB domain-containing protein 25,20210420,-
130825,121153049,SYNE2,-,-,-,Un,-,spectrin repeat containing nuclear envelope protein 2,protein-coding,-,-,-,nesprin-2,20210420,-
130825,121153050,SGPP1,-,-,-,Un,-,sphingosine-1-phosphate phosphatase 1,protein-coding,-,-,-,sphingosine-1-phosphate phosphatase 1,20210420,-
130825,121153051,WDR89,-,-,-,Un,-,WD repeat domain 89,protein-coding,-,-,-,WD repeat-containing protein 89,20210420,-
130825,121153052,PPP2R5E,-,-,-,Un,-,protein phosphatase 2 regulatory subunit B'epsilon,protein-coding,-,-,-,serine/threonine-protein phosphatase 2A 56 kDa regulatory subunit epsilon isoform,20210420,-
130825,121153053,LOC121153053,-,-,-,Un,-,protocadherin alpha-4-like,protein-coding,-,-,-,protocadherin alpha-4-like,20210420,-
130825,121153054,SNAPC1,-,-,-,Un,-,small nuclear RNA activating complex polypeptide 1,protein-coding,-,-,-,snRNA-activating protein complex subunit 1,20210420,-
130825,121153055,HIF1A,-,-,-,Un,-,hypoxia inducible factor 1 subunit alpha,protein-coding,-,-,-,hypoxia-inducible factor 1-alpha|hypoxia inducible factor 1 alpha subunit,20210420,-
130825,121153056,LOC121153056,-,-,-,Un,-,uncharacterized LOC121153056,ncRNA,-,-,-,-,20210420,-
130825,121153057,PRKCH,-,-,-,Un,-,protein kinase C eta,protein-coding,-,-,-,protein kinase C eta type,20210420,-
130825,121153058,SLC38A6,-,-,-,Un,-,solute carrier family 38 member 6,protein-coding,-,-,-,probable sodium-coupled neutral amino acid transporter 6,20210420,-
130825,121153059,TRMT5,-,-,-,Un,-,tRNA methyltransferase 5,protein-coding,-,-,-,tRNA (guanine(37)-N1)-methyltransferase,20210420,-
130825,121153060,SPATA24,-,-,-,Un,-,spermatogenesis associated 24,protein-coding,-,-,-,spermatogenesis-associated protein 24,20210420,-
130825,121153061,MNAT1,-,-,-,Un,-,MNAT1 component of CDK activating kinase,protein-coding,-,-,-,CDK-activating kinase assembly factor MAT1,20210420,-
130825,121153062,PPM1A,-,-,-,Un,-,"protein phosphatase, Mg2+/Mn2+ dependent 1A",protein-coding,-,-,-,protein phosphatase 1A,20210420,-
130825,121153063,DHRS7,-,-,-,Un,-,dehydrogenase/reductase 7,protein-coding,-,-,-,dehydrogenase/reductase SDR family member 7,20210420,-
130825,121153064,PCNX4,-,-,-,Un,-,pecanex 4,protein-coding,-,-,-,pecanex-like protein 4,20210420,-
130825,121153065,CCDC175,-,-,-,Un,-,coiled-coil domain containing 175,protein-coding,-,-,-,coiled-coil domain-containing protein 175,20210420,-
130825,121153066,LOC121153066,-,-,-,Un,-,JNK1/MAPK8 associated membrane protein,protein-coding,-,-,-,JNK1/MAPK8-associated membrane protein,20210420,-
130825,121153067,PROB1,-,-,-,Un,-,proline rich basic protein 1,protein-coding,-,-,-,proline-rich basic protein 1,20210420,-
130825,121153068,DAAM1,-,-,-,Un,-,dishevelled associated activator of morphogenesis 1,protein-coding,-,-,-,disheveled-associated activator of morphogenesis 1,20210420,-
130825,121153069,SEPTIN10,-,-,-,Un,-,septin 10,protein-coding,-,-,-,septin-10,20210420,-
130825,121153070,RANBP2,-,-,-,Un,-,RAN binding protein 2,protein-coding,-,-,-,E3 SUMO-protein ligase RanBP2,20210420,-
130825,121153071,CCDC138,-,-,-,Un,-,coiled-coil domain containing 138,protein-coding,-,-,-,coiled-coil domain-containing protein 138,20210420,-
130825,121153072,MZB1,-,-,-,Un,-,marginal zone B and B1 cell specific protein,protein-coding,-,-,-,marginal zone B- and B1-cell-specific protein,20210420,-
130825,121153073,LIMS1,-,-,-,Un,-,LIM zinc finger domain containing 1,protein-coding,-,-,-,LIM and senescent cell antigen-like-containing domain protein 1,20210420,-
130825,121153074,LOC121153074,-,-,-,Un,-,uncharacterized LOC121153074,ncRNA,-,-,-,-,20210420,-
130825,121153075,TLR7,-,-,-,Un,-,toll like receptor 7,protein-coding,-,-,-,toll-like receptor 7,20210420,-
130825,121153076,GCC2,-,-,-,Un,-,GRIP and coiled-coil domain containing 2,protein-coding,-,-,-,GRIP and coiled-coil domain-containing protein 2,20210420,-
130825,121153077,RD3L,-,-,-,Un,-,RD3 like,protein-coding,-,-,-,protein RD3-like,20210420,-
130825,121153078,JAG2,-,-,-,Un,-,jagged canonical Notch ligand 2,protein-coding,-,-,-,protein jagged-2,20210420,-
130825,121153079,CEP170B,-,-,-,Un,-,centrosomal protein 170B,protein-coding,-,-,-,centrosomal protein of 170 kDa protein B,20210420,-
130825,121153080,SLC23A1,-,-,-,Un,-,solute carrier family 23 member 1,protein-coding,-,-,-,solute carrier family 23 member 1,20210420,-
130825,121153081,TMEM179,-,-,-,Un,-,transmembrane protein 179,protein-coding,-,-,-,transmembrane protein 179,20210420,-
130825,121153082,TDRD9,-,-,-,Un,-,tudor domain containing 9,protein-coding,-,-,-,ATP-dependent RNA helicase TDRD9,20210420,-
130825,121153083,ATP5MJ,-,-,-,Un,-,ATP synthase membrane subunit j,protein-coding,-,-,-,"ATP synthase subunit ATP5MJ, mitochondrial",20210420,-
130825,121153084,LOC121153084,-,-,-,Un,-,60S ribosomal protein L11-like,pseudo,-,-,-,-,20210420,-
130825,121153085,AMN,-,-,-,Un,-,amnion associated transmembrane protein,protein-coding,-,-,-,protein amnionless,20210420,-
130825,121153086,LOC121153086,-,-,-,Un,-,uncharacterized LOC121153086,ncRNA,-,-,-,-,20210420,-
130825,121153087,ANKRD9,-,-,-,Un,-,ankyrin repeat domain 9,protein-coding,-,-,-,ankyrin repeat domain-containing protein 9,20210420,-
130825,121153088,LOC121153088,-,-,-,Un,-,uncharacterized LOC121153088,ncRNA,-,-,-,-,20210420,-
130825,121153089,DLK1,-,-,-,Un,-,delta like non-canonical Notch ligand 1,protein-coding,-,-,-,protein delta homolog 1,20210420,-
130825,121153090,BEGAIN,-,-,-,Un,-,brain enriched guanylate kinase associated,protein-coding,-,-,-,brain-enriched guanylate kinase-associated protein,20210420,-
130825,121153091,SLC25A47,-,-,-,Un,-,solute carrier family 25 member 47,protein-coding,-,-,-,solute carrier family 25 member 47,20210420,-
130825,121153092,SLC25A29,-,-,-,Un,-,solute carrier family 25 member 29,protein-coding,-,-,-,mitochondrial basic amino acids transporter,20210420,-
130825,121153093,EML1,-,-,-,Un,-,EMAP like 1,protein-coding,-,-,-,echinoderm microtubule-associated protein-like 1,20210420,-
130825,121153094,GFRA3,-,-,-,Un,-,GDNF family receptor alpha 3,protein-coding,-,-,-,GDNF family receptor alpha-3,20210420,-
130825,121153095,LOC121153095,-,-,-,Un,-,cholesterol 24-hydroxylase,protein-coding,-,-,-,cholesterol 24-hydroxylase,20210420,-
130825,121153096,HHIPL1,-,-,-,Un,-,HHIP like 1,protein-coding,-,-,-,HHIP-like protein 1,20210420,-
130825,121153097,LOC121153097,-,-,-,Un,-,uncharacterized LOC121153097,ncRNA,-,-,-,-,20210420,-
130825,121153098,BDKRB2,-,-,-,Un,-,bradykinin receptor B2,protein-coding,-,-,-,B2 bradykinin receptor,20210420,-
130825,121153099,CLMN,-,-,-,Un,-,calmin,protein-coding,-,-,-,calmin,20210420,-
130825,121153100,GSC,-,-,-,Un,-,goosecoid homeobox,protein-coding,-,-,-,homeobox protein goosecoid,20210420,-
130825,121153101,LOC121153101,-,-,-,Un,-,alpha-1-antichymotrypsin-like,protein-coding,-,-,-,alpha-1-antichymotrypsin-like,20210420,-
130825,121153102,LOC121153102,-,-,-,Un,-,alpha-1-antichymotrypsin-like,protein-coding,-,-,-,alpha-1-antichymotrypsin-like,20210420,-
130825,121153103,LOC121153103,-,-,-,Un,-,alpha-1-antichymotrypsin-like,protein-coding,-,-,-,alpha-1-antichymotrypsin-like,20210420,-
130825,121153104,WNT8A,-,-,-,Un,-,Wnt family member 8A,protein-coding,-,-,-,protein Wnt-8a,20210420,-
130825,121153105,SERPINA5,-,-,-,Un,-,serpin family A member 5,protein-coding,-,-,-,plasma serine protease inhibitor,20210420,-
130825,121153106,LOC121153106,-,-,-,Un,-,alpha-1-antiproteinase F-like,protein-coding,-,-,-,alpha-1-antiproteinase F-like,20210420,-
130825,121153107,SERPINA11,-,-,-,Un,-,serpin family A member 11,protein-coding,-,-,-,serpin A11,20210420,-
130825,121153108,SERPINA9,-,-,-,Un,-,serpin family A member 9,protein-coding,-,-,-,serpin A9,20210420,-
130825,121153109,LOC121153109,-,-,-,Un,-,corticosteroid-binding globulin-like,protein-coding,-,-,-,corticosteroid-binding globulin-like,20210420,-
130825,121153110,PPP4R4,-,-,-,Un,-,protein phosphatase 4 regulatory subunit 4,protein-coding,-,-,-,serine/threonine-protein phosphatase 4 regulatory subunit 4,20210420,-
130825,121153111,PRIMA1,-,-,-,Un,-,proline rich membrane anchor 1,protein-coding,-,-,-,proline-rich membrane anchor 1,20210420,-
130825,121153112,TMEM251,-,-,-,Un,-,transmembrane protein 251,protein-coding,-,-,-,transmembrane protein 251,20210420,-
130825,121153113,HNRNPA0,-,-,-,Un,-,heterogeneous nuclear ribonucleoprotein A0,protein-coding,-,-,-,heterogeneous nuclear ribonucleoprotein A0,20210420,-
130825,121153114,CHGA,-,-,-,Un,-,chromogranin A,protein-coding,-,-,-,chromogranin-A,20210420,-
130825,121153115,SLC24A4,-,-,-,Un,-,solute carrier family 24 member 4,protein-coding,-,-,-,sodium/potassium/calcium exchanger 4,20210420,-
130825,121153116,CATSPERB,-,-,-,Un,-,cation channel sperm associated auxiliary subunit beta,protein-coding,-,-,-,cation channel sperm-associated protein subunit beta,20210420,-
130825,121153117,GPR68,-,-,-,Un,-,G protein-coupled receptor 68,protein-coding,-,-,-,ovarian cancer G-protein coupled receptor 1,20210420,-
130825,121153118,LOC121153118,-,-,-,Un,-,uncharacterized LOC121153118,ncRNA,-,-,-,-,20210420,-
130825,121153119,FLRT2,-,-,-,Un,-,fibronectin leucine rich transmembrane protein 2,protein-coding,-,-,-,leucine-rich repeat transmembrane protein FLRT2,20210420,-
130825,121153120,LOC121153120,-,-,-,Un,-,uncharacterized LOC121153120,ncRNA,-,-,-,-,20210420,-
130825,121153121,TSHR,-,-,-,Un,-,thyroid stimulating hormone receptor,protein-coding,-,-,-,thyrotropin receptor,20210420,-
130825,121153122,DIO2,-,-,-,Un,-,iodothyronine deiodinase 2,protein-coding,-,-,-,type II iodothyronine deiodinase,20210420,-
130825,121153123,KLHL3,-,-,-,Un,-,kelch like family member 3,protein-coding,-,-,-,kelch-like protein 3,20210420,-
130825,121153124,TMEM63C,-,-,-,Un,-,transmembrane protein 63C,protein-coding,-,-,-,calcium permeable stress-gated cation channel 1,20210420,-
130825,121153125,LOC121153125,-,-,-,Un,-,uncharacterized LOC121153125,ncRNA,-,-,-,-,20210420,-
130825,121153126,ZDHHC22,-,-,-,Un,-,zinc finger DHHC-type palmitoyltransferase 22,protein-coding,-,-,-,palmitoyltransferase ZDHHC22,20210420,-
130825,121153127,ESRRB,-,-,-,Un,-,estrogen related receptor beta,protein-coding,-,-,-,steroid hormone receptor ERR2,20210420,-
130825,121153128,IFT43,-,-,-,Un,-,intraflagellar transport 43,protein-coding,-,-,-,intraflagellar transport protein 43 homolog,20210420,-
130825,121153129,TGFB3,-,-,-,Un,-,transforming growth factor beta 3,protein-coding,-,-,-,transforming growth factor beta-3 proprotein,20210420,-
130825,121153130,ZC2HC1C,-,-,-,Un,-,zinc finger C2HC-type containing 1C,protein-coding,-,-,-,zinc finger C2HC domain-containing protein 1C,20210420,-
130825,121153131,ACYP1,-,-,-,Un,-,acylphosphatase 1,protein-coding,-,-,-,acylphosphatase-1,20210420,-
130825,121153132,TRPC7,-,-,-,Un,-,transient receptor potential cation channel subfamily C member 7,protein-coding,-,-,-,short transient receptor potential channel 7,20210420,-
130825,121153133,PGF,-,-,-,Un,-,placental growth factor,protein-coding,-,-,-,placenta growth factor,20210420,-
130825,121153134,ISCA2,-,-,-,Un,-,iron-sulfur cluster assembly 2,protein-coding,-,-,-,"iron-sulfur cluster assembly 2 homolog, mitochondrial",20210420,-
130825,121153135,SYNDIG1L,-,-,-,Un,-,synapse differentiation inducing 1 like,protein-coding,-,-,-,synapse differentiation-inducing gene protein 1-like,20210420,-
130825,121153136,VRTN,-,-,-,Un,-,vertebrae development associated,protein-coding,-,-,-,vertnin,20210420,-
130825,121153137,VSX2,-,-,-,Un,-,visual system homeobox 2,protein-coding,-,-,-,visual system homeobox 2,20210420,-
130825,121153138,DNAL1,-,-,-,Un,-,dynein axonemal light chain 1,protein-coding,-,-,-,"dynein light chain 1, axonemal",20210420,-
130825,121153139,LOC121153139,-,-,-,Un,-,peroxisomal succinyl-coenzyme A thioesterase-like,protein-coding,-,-,-,peroxisomal succinyl-coenzyme A thioesterase-like,20210420,-
130825,121153140,RGS6,-,-,-,Un,-,regulator of G protein signaling 6,protein-coding,-,-,-,regulator of G-protein signaling 6,20210420,-
130825,121153141,SMIM32,-,-,-,Un,-,small integral membrane protein 32,protein-coding,-,-,-,small integral membrane protein 32,20210420,-
130825,121153142,TTC9,-,-,-,Un,-,tetratricopeptide repeat domain 9,protein-coding,-,-,-,tetratricopeptide repeat protein 9A,20210420,-
130825,121153143,SLC8A3,-,-,-,Un,-,solute carrier family 8 member A3,protein-coding,-,-,-,sodium/calcium exchanger 3,20210420,-
130825,121153144,LOC121153144,-,-,-,Un,-,40S ribosomal protein S25-like,pseudo,-,-,-,-,20210420,-
130825,121153145,SLC25A48,-,-,-,Un,-,solute carrier family 25 member 48,protein-coding,-,-,-,solute carrier family 25 member 48,20210420,-
130825,121153146,SMOC1,-,-,-,Un,-,SPARC related modular calcium binding 1,protein-coding,-,-,-,SPARC-related modular calcium-binding protein 1,20210420,-
130825,121153147,CCDC177,-,-,-,Un,-,coiled-coil domain containing 177,protein-coding,-,-,-,coiled-coil domain-containing protein 177,20210420,-
130825,121153148,GALNT16,-,-,-,Un,-,polypeptide N-acetylgalactosaminyltransferase 16,protein-coding,-,-,-,polypeptide N-acetylgalactosaminyltransferase 16,20210420,-
130825,121153149,LOC121153149,-,-,-,Un,-,uncharacterized LOC121153149,ncRNA,-,-,-,-,20210420,-
130825,121153150,RDH12,-,-,-,Un,-,retinol dehydrogenase 12,protein-coding,-,-,-,retinol dehydrogenase 12,20210420,-
130825,121153151,PLEKHH1,-,-,-,Un,-,"pleckstrin homology, MyTH4 and FERM domain containing H1",protein-coding,-,-,-,pleckstrin homology domain-containing family H member 1,20210420,-
130825,121153152,PLEK2,-,-,-,Un,-,pleckstrin 2,protein-coding,-,-,-,pleckstrin-2,20210420,-
130825,121153153,FAM71D,-,-,-,Un,-,family with sequence similarity 71 member D,protein-coding,-,-,-,protein FAM71D,20210420,-
130825,121153154,FBLL1,-,-,-,Un,-,fibrillarin like 1,protein-coding,-,-,-,rRNA/tRNA 2'-O-methyltransferase fibrillarin-like protein 1,20210420,-
130825,121153155,CCDC196,-,-,-,Un,-,coiled-coil domain containing 196,protein-coding,-,-,-,putative coiled-coil domain-containing protein 196,20210420,-
130825,121153156,LOC121153156,-,-,-,Un,-,uncharacterized LOC121153156,ncRNA,-,-,-,-,20210420,-
130825,121153157,LOC121153157,-,-,-,Un,-,coiled-coil domain-containing protein 170-like,protein-coding,-,-,-,coiled-coil domain-containing protein 170-like,20210420,-
130825,121153158,ESR2,-,-,-,Un,-,estrogen receptor 2,protein-coding,-,-,-,estrogen receptor beta,20210420,-
130825,121153159,KCNH5,-,-,-,Un,-,potassium voltage-gated channel subfamily H member 5,protein-coding,-,-,-,potassium voltage-gated channel subfamily H member 5,20210420,-
130825,121153160,LOC121153160,-,-,-,Un,-,uncharacterized LOC121153160,ncRNA,-,-,-,-,20210420,-
130825,121153161,SYT16,-,-,-,Un,-,synaptotagmin 16,protein-coding,-,-,-,synaptotagmin-16,20210420,-
130825,121153162,WWC1,-,-,-,Un,-,WW and C2 domain containing 1,protein-coding,-,-,-,protein KIBRA,20210420,-
130825,121153163,TMEM30B,-,-,-,Un,-,transmembrane protein 30B,protein-coding,-,-,-,cell cycle control protein 50B,20210420,-
130825,121153164,SIX4,-,-,-,Un,-,SIX homeobox 4,protein-coding,-,-,-,homeobox protein SIX4,20210420,-
130825,121153165,SIX1,-,-,-,Un,-,SIX homeobox 1,protein-coding,-,-,-,homeobox protein SIX1,20210420,-
130825,121153166,SIX6,-,-,-,Un,-,SIX homeobox 6,protein-coding,-,-,-,homeobox protein SIX6,20210420,-
130825,121153167,RTN1,-,-,-,Un,-,reticulon 1,protein-coding,-,-,-,reticulon-1,20210420,-
130825,121153168,NRG2,-,-,-,Un,-,neuregulin 2,protein-coding,-,-,-,"pro-neuregulin-2, membrane-bound isoform",20210420,-
130825,121153169,L3HYPDH,-,-,-,Un,-,trans-L-3-hydroxyproline dehydratase,protein-coding,-,-,-,trans-3-hydroxy-L-proline dehydratase,20210420,-
130825,121153170,GPR135,-,-,-,Un,-,G protein-coupled receptor 135,protein-coding,-,-,-,G-protein coupled receptor 135,20210420,-
130825,121153171,ARMC3,-,-,-,Un,-,armadillo repeat containing 3,protein-coding,-,-,-,armadillo repeat-containing protein 3,20210420,-
130825,121153172,LOC121153172,-,-,-,Un,-,"thioredoxin-dependent peroxide reductase, mitochondrial-like",protein-coding,-,-,-,"thioredoxin-dependent peroxide reductase, mitochondrial-like",20210420,-
130825,121153173,SH3RF3,-,-,-,Un,-,SH3 domain containing ring finger 3,protein-coding,-,-,-,E3 ubiquitin-protein ligase SH3RF3,20210420,-
130825,121153174,EDAR,-,-,-,Un,-,ectodysplasin A receptor,protein-coding,-,-,-,tumor necrosis factor receptor superfamily member EDAR,20210420,-
130825,121153175,SULT1C4,-,-,-,Un,-,sulfotransferase family 1C member 4,protein-coding,-,-,-,sulfotransferase 1C4,20210420,-
130825,121153176,LOC121153176,-,-,-,Un,-,spermine synthase-like,pseudo,-,-,-,-,20210420,-
130825,121153177,SULT1C2,-,-,-,Un,-,sulfotransferase family 1C member 2,protein-coding,-,-,-,sulfotransferase 1C2,20210420,-
130825,121153178,LOC121153178,-,-,-,Un,-,sulfotransferase 1C1,protein-coding,-,-,-,sulfotransferase 1C1,20210420,-
130825,121153179,LOC121153179,-,-,-,Un,-,uncharacterized LOC121153179,ncRNA,-,-,-,-,20210420,-
130825,121153180,LOC121153180,-,-,-,Un,-,nucleus accumbens-associated protein 1-like,pseudo,-,-,-,-,20210420,-
130825,121153181,LOC121153181,-,-,-,Un,-,E3 ubiquitin-protein ligase PPP1R11-like,protein-coding,-,-,-,E3 ubiquitin-protein ligase PPP1R11-like,20210420,-
130825,121153182,LOC121153182,-,-,-,Un,-,clathrin interactor 1-like,pseudo,-,-,-,-,20210420,-
130825,121153183,LOC121153183,-,-,-,Un,-,Y-box-binding protein 1-like,pseudo,-,-,-,-,20210420,-
130825,121153184,RIOX1,-,-,-,Un,-,ribosomal oxygenase 1,protein-coding,-,-,-,ribosomal oxygenase 1,20210420,-
130825,121153185,LOC121153185,-,-,-,Un,-,serine/arginine-rich splicing factor 10-like,pseudo,-,-,-,-,20210420,-
130825,121153186,GABRG2,-,-,-,Un,-,gamma-aminobutyric acid type A receptor subunit gamma2,protein-coding,-,-,-,gamma-aminobutyric acid receptor subunit gamma-2,20210420,-
130825,121153187,LOC121153187,-,-,-,Un,-,transmembrane protein 190-like,pseudo,-,-,-,-,20210420,-
130825,121153188,LOC121153188,-,-,-,Un,-,ribonuclease P protein subunit p30-like,pseudo,-,-,-,-,20210420,-
130825,121153189,LOC121153189,-,-,-,Un,-,immunoglobulin heavy variable 3-48-like,pseudo,-,-,-,-,20210420,-
130825,121153190,LOC121153190,-,-,-,Un,-,immunoglobulin heavy variable 3-23-like,other,-,-,-,-,20210420,-
130825,121153191,LOC121153191,-,-,-,Un,-,immunoglobulin heavy constant epsilon-like,other,-,-,-,-,20210420,-
130825,121153192,LOC121153192,-,-,-,Un,-,Ig alpha chain C region-like,other,-,-,-,-,20210420,-
130825,121153193,LOC121153193,-,-,-,Un,-,Ig alpha chain C region-like,other,-,-,-,-,20210420,-
130825,121153194,LOC121153194,-,-,-,Un,-,Ig alpha chain C region-like,other,-,-,-,-,20210420,-
130825,121153195,LOC121153195,-,-,-,Un,-,Ig alpha chain C region-like,other,-,-,-,-,20210420,-
130825,121153196,NUDT14,-,-,-,Un,-,nudix hydrolase 14,protein-coding,-,-,-,LOW QUALITY PROTEIN: uridine diphosphate glucose pyrophosphatase NUDT14,20210420,-
130825,121153197,ZBTB42,-,-,-,Un,-,zinc finger and BTB domain containing 42,protein-coding,-,-,-,zinc finger and BTB domain-containing protein 42,20210420,-
130825,121153198,KIF26A,-,-,-,Un,-,kinesin family member 26A,protein-coding,-,-,-,kinesin-like protein KIF26A,20210420,-
130825,121153199,LOC121153199,-,-,-,Un,-,cytochrome c oxidase assembly factor 8,protein-coding,-,-,-,cytochrome c oxidase assembly factor 8,20210420,-
130825,121153200,ZNF839,-,-,-,Un,-,zinc finger protein 839,protein-coding,-,-,-,zinc finger protein 839,20210420,-
130825,121153201,DIO3,-,-,-,Un,-,iodothyronine deiodinase 3,protein-coding,-,-,-,thyroxine 5-deiodinase,20210420,-
130825,121153202,RTL1,-,-,-,Un,-,retrotransposon Gag like 1,protein-coding,-,-,-,retrotransposon-like protein 1,20210420,-
130825,121153203,LOC121153203,-,-,-,Un,-,heterogeneous nuclear ribonucleoprotein C-like,pseudo,-,-,-,-,20210420,-
130825,121153204,BDKRB1,-,-,-,Un,-,bradykinin receptor B1,protein-coding,-,-,-,B1 bradykinin receptor,20210420,-
130825,121153205,CUNH14orf132,-,-,-,Un,-,chromosome unknown C14orf132 homolog,protein-coding,-,-,-,uncharacterized protein C14orf132 homolog,20210420,-
130825,121153206,LOC121153206,-,-,-,Un,-,T-cell leukemia/lymphoma protein 1A-like,protein-coding,-,-,-,T-cell leukemia/lymphoma protein 1A-like,20210420,-
130825,121153207,LOC121153207,-,-,-,Un,-,alpha-1-antichymotrypsin-like,protein-coding,-,-,-,alpha-1-antichymotrypsin-like,20210420,-
130825,121153208,LOC121153208,-,-,-,Un,-,alpha-1-antichymotrypsin-like,protein-coding,-,-,-,alpha-1-antichymotrypsin-like,20210420,-
130825,121153209,SERPINA4,-,-,-,Un,-,serpin family A member 4,protein-coding,-,-,-,kallistatin,20210420,-
130825,121153210,LOC121153210,-,-,-,Un,-,alpha-1-antitrypsin-like,protein-coding,-,-,-,alpha-1-antitrypsin-like,20210420,-
130825,121153211,LOC121153211,-,-,-,Un,-,serpin A12-like,protein-coding,-,-,-,serpin A12-like,20210420,-
130825,121153212,LOC121153212,-,-,-,Un,-,putative alpha-1-antitrypsin-related protein,protein-coding,-,-,-,putative alpha-1-antitrypsin-related protein,20210420,-
130825,121153213,LOC121153213,-,-,-,Un,-,putative alpha-1-antitrypsin-related protein,protein-coding,-,-,-,putative alpha-1-antitrypsin-related protein,20210420,-
130825,121153214,LOC121153214,-,-,-,Un,-,interferon alpha-inducible protein 27-like protein 2,protein-coding,-,-,-,interferon alpha-inducible protein 27-like protein 2,20210420,-
130825,121153215,LOC121153215,-,-,-,Un,-,interferon alpha-inducible protein 27-like protein 2A,protein-coding,-,-,-,interferon alpha-inducible protein 27-like protein 2A,20210420,-
130825,121153216,LOC121153216,-,-,-,Un,-,interferon alpha-inducible protein 27-like protein 2A,protein-coding,-,-,-,interferon alpha-inducible protein 27-like protein 2A,20210420,-
130825,121153217,GABRA1,-,-,-,Un,-,gamma-aminobutyric acid type A receptor subunit alpha1,protein-coding,-,-,-,gamma-aminobutyric acid receptor subunit alpha-1,20210420,-
130825,121153218,CCDC197,-,-,-,Un,-,coiled-coil domain containing 197,protein-coding,-,-,-,uncharacterized protein CCDC197,20210420,-
130825,121153219,LOC121153219,-,-,-,Un,-,U3 small nucleolar RNA-associated protein 14 homolog A-like,pseudo,-,-,-,-,20210420,-
130825,121153220,LOC121153220,-,-,-,Un,-,protein LMBR1L-like,pseudo,-,-,-,-,20210420,-
130825,121153221,LOC121153221,-,-,-,Un,-,ribosomal protein L18-like,pseudo,-,-,-,-,20210420,-
130825,121153222,LRRC74A,-,-,-,Un,-,leucine rich repeat containing 74A,protein-coding,-,-,-,leucine-rich repeat-containing protein 74A,20210420,-
130825,121153223,PROX2,-,-,-,Un,-,prospero homeobox 2,protein-coding,-,-,-,LOW QUALITY PROTEIN: prospero homeobox protein 2,20210420,-
130825,121153224,LOC121153224,-,-,-,Un,-,peroxisomal succinyl-coenzyme A thioesterase-like,protein-coding,-,-,-,peroxisomal succinyl-coenzyme A thioesterase-like,20210420,-
130825,121153225,HEATR4,-,-,-,Un,-,HEAT repeat containing 4,protein-coding,-,-,-,HEAT repeat-containing protein 4,20210420,-
130825,121153226,LOC121153226,-,-,-,Un,-,60S ribosomal protein L23a-like,pseudo,-,-,-,-,20210420,-
130825,121153227,LOC121153227,-,-,-,Un,-,disintegrin and metalloproteinase domain-containing protein 20-like,pseudo,-,-,-,-,20210420,-
130825,121153228,GABRA6,-,-,-,Un,-,gamma-aminobutyric acid type A receptor subunit alpha6,protein-coding,-,-,-,gamma-aminobutyric acid receptor subunit alpha-6,20210420,-
130825,121153229,LOC121153229,-,-,-,Un,-,disintegrin and metalloproteinase domain-containing protein 20-like,protein-coding,-,-,-,disintegrin and metalloproteinase domain-containing protein 20-like,20210420,-
130825,121153230,LOC121153230,-,-,-,Un,-,disintegrin and metalloproteinase domain-containing protein 20-like,protein-coding,-,-,-,disintegrin and metalloproteinase domain-containing protein 20-like,20210420,-
130825,121153231,LOC121153231,-,-,-,Un,-,disintegrin and metalloproteinase domain-containing protein 20-like,protein-coding,-,-,-,disintegrin and metalloproteinase domain-containing protein 20-like,20210420,-
130825,121153232,LOC121153232,-,-,-,Un,-,disintegrin and metalloproteinase domain-containing protein 20-like,protein-coding,-,-,-,disintegrin and metalloproteinase domain-containing protein 20-like,20210420,-
130825,121153233,LOC121153233,-,-,-,Un,-,disintegrin and metalloproteinase domain-containing protein 21-like,protein-coding,-,-,-,disintegrin and metalloproteinase domain-containing protein 21-like,20210420,-
130825,121153234,LOC121153234,-,-,-,Un,-,disintegrin and metalloproteinase domain-containing protein 20-like,protein-coding,-,-,-,disintegrin and metalloproteinase domain-containing protein 20-like,20210420,-
130825,121153235,LOC121153235,-,-,-,Un,-,disintegrin and metalloproteinase domain-containing protein 20-like,protein-coding,-,-,-,disintegrin and metalloproteinase domain-containing protein 20-like,20210420,-
130825,121153236,LOC121153236,-,-,-,Un,-,disintegrin and metalloproteinase domain-containing protein 20-like,protein-coding,-,-,-,disintegrin and metalloproteinase domain-containing protein 20-like,20210420,-
130825,121153237,PLEKHD1,-,-,-,Un,-,pleckstrin homology and coiled-coil domain containing D1,protein-coding,-,-,-,pleckstrin homology domain-containing family D member 1,20210420,-
130825,121153238,LOC121153238,-,-,-,Un,-,60S ribosomal protein L18a-like,pseudo,-,-,-,-,20210420,-
130825,121153239,LOC121153239,-,-,-,Un,-,S-adenosylhomocysteine hydrolase-like protein 1,pseudo,-,-,-,-,20210420,-
130825,121153240,LOC121153240,-,-,-,Un,-,60S ribosomal protein L12-like,pseudo,-,-,-,-,20210420,-
130825,121153241,AKAP5,-,-,-,Un,-,A-kinase anchoring protein 5,protein-coding,-,-,-,A-kinase anchor protein 5,20210420,-
130825,121153242,LOC121153242,-,-,-,Un,-,proline-rich protein 2-like,protein-coding,-,-,-,proline-rich protein 2-like,20210420,-
130825,121153243,GPHB5,-,-,-,Un,-,glycoprotein hormone subunit beta 5,protein-coding,-,-,-,glycoprotein hormone beta-5,20210420,-
130825,121153244,RHOJ,-,-,-,Un,-,ras homolog family member J,protein-coding,-,-,-,rho-related GTP-binding protein RhoJ,20210420,-
130825,121153245,CUNH2orf78,-,-,-,Un,-,chromosome unknown C2orf78 homolog,protein-coding,-,-,-,uncharacterized protein C2orf78 homolog,20210420,-
130825,121153246,GABRB2,-,-,-,Un,-,gamma-aminobutyric acid type A receptor subunit beta2,protein-coding,-,-,-,gamma-aminobutyric acid receptor subunit beta-2,20210420,-
130825,121153247,LOC121153247,-,-,-,Un,-,uncharacterized protein C2orf78-like,pseudo,-,-,-,-,20210420,-
130825,121153248,CUNH14orf39,-,-,-,Un,-,chromosome unknown C14orf39 homolog,protein-coding,-,-,-,protein SIX6OS1,20210420,-
130825,121153249,LRRC9,-,-,-,Un,-,leucine rich repeat containing 9,protein-coding,-,-,-,leucine-rich repeat-containing protein 9,20210420,-
130825,121153250,LOC121153250,-,-,-,Un,-,outer dynein arm-docking complex subunit 2-like,protein-coding,-,-,-,outer dynein arm-docking complex subunit 2-like,20210420,-
130825,121153251,SOWAHC,-,-,-,Un,-,sosondowah ankyrin repeat domain family member C,protein-coding,-,-,-,ankyrin repeat domain-containing protein SOWAHC,20210420,-
130825,121153252,LOC121153252,-,-,-,Un,-,selenoprotein F-like,pseudo,-,-,-,-,20210420,-
130825,121153253,LOC121153253,-,-,-,Un,-,small nucleolar RNA U13,snoRNA,-,-,-,-,20210420,-
130825,121153254,LOC121153254,-,-,-,Un,-,U1 spliceosomal RNA,pseudo,-,-,-,-,20210420,-
130825,121153255,LOC121153255,-,-,-,Un,-,U2 spliceosomal RNA,snRNA,-,-,-,-,20210420,-
130825,121153256,LOC121153256,-,-,-,Un,-,U2 spliceosomal RNA,pseudo,-,-,-,-,20210420,-
130825,121153257,LOC121153257,-,-,-,Un,-,U2 spliceosomal RNA,pseudo,-,-,-,-,20210420,-
130825,121153258,LOC121153258,-,-,-,Un,-,U2 spliceosomal RNA,pseudo,-,-,-,-,20210420,-
130825,121153259,LOC121153259,-,-,-,Un,-,U2 spliceosomal RNA,pseudo,-,-,-,-,20210420,-
130825,121153260,LOC121153260,-,-,-,Un,-,U4 spliceosomal RNA,pseudo,-,-,-,-,20210420,-
130825,121153261,LOC121153261,-,-,-,Un,-,U6 spliceosomal RNA,snRNA,-,-,-,-,20210420,-
130825,121153262,LOC121153262,-,-,-,Un,-,U6 spliceosomal RNA,snRNA,-,-,-,-,20210420,-
130825,121153263,LOC121153263,-,-,-,Un,-,U6 spliceosomal RNA,snRNA,-,-,-,-,20210420,-
130825,121153264,LOC121153264,-,-,-,Un,-,U6 spliceosomal RNA,snRNA,-,-,-,-,20210420,-
130825,121153265,LOC121153265,-,-,-,Un,-,U6 spliceosomal RNA,pseudo,-,-,-,-,20210420,-
130825,121153266,LOC121153266,-,-,-,Un,-,U6 spliceosomal RNA,snRNA,-,-,-,-,20210420,-
130825,121153267,LOC121153267,-,-,-,Un,-,U6 spliceosomal RNA,pseudo,-,-,-,-,20210420,-
130825,121153268,LOC121153268,-,-,-,Un,-,U6 spliceosomal RNA,snRNA,-,-,-,-,20210420,-
130825,121153269,LOC121153269,-,-,-,Un,-,U6 spliceosomal RNA,snRNA,-,-,-,-,20210420,-
130825,121153270,LOC121153270,-,-,-,Un,-,U6 spliceosomal RNA,snRNA,-,-,-,-,20210420,-
130825,121153271,LOC121153271,-,-,-,Un,-,U6 spliceosomal RNA,snRNA,-,-,-,-,20210420,-
130825,121153272,LOC121153272,-,-,-,Un,-,small nucleolar RNA SNORA70,pseudo,-,-,-,-,20210420,-
130825,121153273,LOC121153273,-,-,-,Un,-,small nucleolar RNA SNORD113/SNORD114 family,snoRNA,-,-,-,-,20210420,-
130825,121153274,LOC121153274,-,-,-,Un,-,small nucleolar RNA SNORD113/SNORD114 family,snoRNA,-,-,-,-,20210420,-
130825,121153275,LOC121153275,-,-,-,Un,-,small nucleolar RNA SNORD113/SNORD114 family,snoRNA,-,-,-,-,20210420,-
130825,121153276,LOC121153276,-,-,-,Un,-,small nucleolar RNA SNORD113/SNORD114 family,snoRNA,-,-,-,-,20210420,-
130825,121153277,LOC121153277,-,-,-,Un,-,small nucleolar RNA SNORD113/SNORD114 family,snoRNA,-,-,-,-,20210420,-
130825,121153278,C1QTNF2,-,-,-,Un,-,C1q and TNF related 2,protein-coding,-,-,-,complement C1q tumor necrosis factor-related protein 2,20210420,-
130825,121153279,LOC121153279,-,-,-,Un,-,small nucleolar RNA SNORD113/SNORD114 family,snoRNA,-,-,-,-,20210420,-
130825,121153280,LOC121153280,-,-,-,Un,-,small nucleolar RNA SNORD113/SNORD114 family,snoRNA,-,-,-,-,20210420,-
130825,121153281,LOC121153281,-,-,-,Un,-,small nucleolar RNA SNORD113/SNORD114 family,snoRNA,-,-,-,-,20210420,-
130825,121153282,LOC121153282,-,-,-,Un,-,small nucleolar RNA SNORD113/SNORD114 family,snoRNA,-,-,-,-,20210420,-
130825,121153283,LOC121153283,-,-,-,Un,-,small nucleolar RNA SNORD113/SNORD114 family,pseudo,-,-,-,-,20210420,-
130825,121153284,LOC121153284,-,-,-,Un,-,small nucleolar RNA SNORD113/SNORD114 family,snoRNA,-,-,-,-,20210420,-
130825,121153285,LOC121153285,-,-,-,Un,-,small nucleolar RNA SNORD113/SNORD114 family,pseudo,-,-,-,-,20210420,-
130825,121153286,LOC121153286,-,-,-,Un,-,small nucleolar RNA SNORD113/SNORD114 family,snoRNA,-,-,-,-,20210420,-
130825,121153287,LOC121153287,-,-,-,Un,-,small nucleolar RNA SNORD113/SNORD114 family,snoRNA,-,-,-,-,20210420,-
130825,121153288,LOC121153288,-,-,-,Un,-,small Cajal body-specific RNA 13,ncRNA,-,-,-,-,20210420,-
130825,121153289,LOC121153289,-,-,-,Un,-,small nucleolar RNA SNORA28,snoRNA,-,-,-,-,20210420,-
130825,121153290,LOC121153290,-,-,-,Un,-,small nucleolar RNA SNORA9,snoRNA,-,-,-,-,20210420,-
130825,121153291,LOC121153291,-,-,-,Un,-,small nucleolar RNA SNORA30/SNORA37 family,snoRNA,-,-,-,-,20210420,-
130825,121153292,LOC121153292,-,-,-,Un,-,U11 spliceosomal RNA,snRNA,-,-,-,-,20210420,-
130825,121153293,LOC121153293,-,-,-,Un,-,U11 spliceosomal RNA,snRNA,-,-,-,-,20210420,-
130825,121153294,LOC121153294,-,-,-,Un,-,small nucleolar RNA SNORA79,snoRNA,-,-,-,-,20210420,-
130825,121153295,TRNAI-AAU,-,-,-,Un,-,transfer RNA isoleucine (anticodon AAU),tRNA,-,-,-,-,20210420,-
130825,121153296,KIF20B,-,-,-,Un,-,kinesin family member 20B,protein-coding,-,-,-,kinesin-like protein KIF20B,20210420,-
130825,121153297,PANK1,-,-,-,Un,-,pantothenate kinase 1,protein-coding,-,-,-,pantothenate kinase 1,20210420,-
130825,121153298,LOC121153298,-,-,-,Un,-,interferon-induced protein with tetratricopeptide repeats 1-like,protein-coding,-,-,-,interferon-induced protein with tetratricopeptide repeats 1-like,20210420,-
130825,121153299,LOC121153299,-,-,-,Un,-,interferon-induced protein with tetratricopeptide repeats 1B-like,protein-coding,-,-,-,interferon-induced protein with tetratricopeptide repeats 1B-like,20210420,-
130825,121153300,ADRA1B,-,-,-,Un,-,adrenoceptor alpha 1B,protein-coding,-,-,-,alpha-1B adrenergic receptor,20210420,-
130825,121153301,IFIT3,-,-,-,Un,-,interferon induced protein with tetratricopeptide repeats 3,protein-coding,-,-,-,interferon-induced protein with tetratricopeptide repeats 3,20210420,-
130825,121153302,IFIT2,-,-,-,Un,-,interferon induced protein with tetratricopeptide repeats 2,protein-coding,-,-,-,interferon-induced protein with tetratricopeptide repeats 2,20210420,-
130825,121153303,LIPA,-,-,-,Un,-,"lipase A, lysosomal acid type",protein-coding,-,-,-,lysosomal acid lipase/cholesteryl ester hydrolase,20210420,-
130825,121153304,CH25H,-,-,-,Un,-,cholesterol 25-hydroxylase,protein-coding,-,-,-,cholesterol 25-hydroxylase,20210420,-
130825,121153305,FAS,-,-,-,Un,-,Fas cell surface death receptor,protein-coding,-,-,-,tumor necrosis factor receptor superfamily member 6,20210420,-
130825,121153306,LOC121153306,-,-,-,Un,-,60S ribosomal protein L39-like,protein-coding,-,-,-,60S ribosomal protein L39-like,20210420,-
130825,121153307,ACTA2,-,-,-,Un,-,"actin alpha 2, smooth muscle",protein-coding,-,-,-,"actin, aortic smooth muscle",20210522,-
130825,121153308,STAMBPL1,-,-,-,Un,-,STAM binding protein like 1,protein-coding,-,-,-,AMSH-like protease,20210420,-
130825,121153309,LIPM,-,-,-,Un,-,lipase family member M,protein-coding,-,-,-,lipase member M,20210420,-
130825,121153310,LIPN,-,-,-,Un,-,lipase family member N,protein-coding,-,-,-,lipase member N,20210420,-
130825,121153311,ANKRD22,-,-,-,Un,-,ankyrin repeat domain 22,protein-coding,-,-,-,ankyrin repeat domain-containing protein 22,20210420,-
130825,121153312,LIPJ,-,-,-,Un,-,lipase family member J,protein-coding,-,-,-,lipase member J,20210420,-
130825,121153313,LIPF,-,-,-,Un,-,"lipase F, gastric type",protein-coding,-,-,-,gastric triacylglycerol lipase,20210420,-
130825,121153314,LOC121153314,-,-,-,Un,-,60S ribosomal protein L38-like,pseudo,-,-,-,-,20210420,-
130825,121153315,LOC121153315,-,-,-,Un,-,uncharacterized LOC121153315,ncRNA,-,-,-,-,20210420,-
130825,121153316,RNLS,-,-,-,Un,-,"renalase, FAD dependent amine oxidase",protein-coding,-,-,-,renalase,20210420,-
130825,121153317,LOC121153317,-,-,-,Un,-,uncharacterized LOC121153317,ncRNA,-,-,-,-,20210420,-
130825,121153318,PTEN,-,-,-,Un,-,phosphatase and tensin homolog,protein-coding,-,-,-,"phosphatidylinositol 3,4,5-trisphosphate 3-phosphatase and dual-specificity protein phosphatase PTEN",20210424,-
130825,121153319,MINPP1,-,-,-,Un,-,multiple inositol-polyphosphate phosphatase 1,protein-coding,-,-,-,multiple inositol polyphosphate phosphatase 1,20210420,-
130825,121153320,ATAD1,-,-,-,Un,-,ATPase family AAA domain containing 1,protein-coding,-,-,-,outer mitochondrial transmembrane helix translocase,20210420,-
130825,121153321,IL12B,-,-,-,Un,-,interleukin 12B,protein-coding,-,-,-,interleukin-12 subunit beta,20210420,-
130825,121153322,LOC121153322,-,-,-,Un,-,60S ribosomal protein L23a-like,protein-coding,-,-,-,60S ribosomal protein L23a-like,20210420,-
130825,121153323,LOC121153323,-,-,-,Un,-,uncharacterized LOC121153323,ncRNA,-,-,-,-,20210420,-
130825,121153324,SGMS1,-,-,-,Un,-,sphingomyelin synthase 1,protein-coding,-,-,-,phosphatidylcholine:ceramide cholinephosphotransferase 1,20210420,-
130825,121153325,ASAH2,-,-,-,Un,-,N-acylsphingosine amidohydrolase 2,protein-coding,-,-,-,neutral ceramidase,20210420,-
130825,121153326,PRKG1,-,-,-,Un,-,protein kinase cGMP-dependent 1,protein-coding,-,-,-,cGMP-dependent protein kinase 1,20210420,-
130825,121153327,CSTF2T,-,-,-,Un,-,cleavage stimulation factor subunit 2 tau variant,protein-coding,-,-,-,cleavage stimulation factor subunit 2 tau variant,20210420,-
130825,121153328,SOX30,-,-,-,Un,-,SRY-box transcription factor 30,protein-coding,-,-,-,transcription factor SOX-30,20210420,-
130825,121153329,PCDH15,-,-,-,Un,-,protocadherin related 15,protein-coding,-,-,-,protocadherin-15,20210420,-
130825,121153330,ZWINT,-,-,-,Un,-,ZW10 interacting kinetochore protein,protein-coding,-,-,-,ZW10 interactor,20210420,-
130825,121153331,IPMK,-,-,-,Un,-,inositol polyphosphate multikinase,protein-coding,-,-,-,inositol polyphosphate multikinase,20210420,-
130825,121153332,CISD1,-,-,-,Un,-,CDGSH iron sulfur domain 1,protein-coding,-,-,-,CDGSH iron-sulfur domain-containing protein 1,20210420,-
130825,121153333,UBE2D1,-,-,-,Un,-,ubiquitin conjugating enzyme E2 D1,protein-coding,-,-,-,ubiquitin-conjugating enzyme E2 D1,20210424,-
130825,121153334,TFAM,-,-,-,Un,-,"transcription factor A, mitochondrial",protein-coding,-,-,-,"transcription factor A, mitochondrial",20210420,-
130825,121153335,BICC1,-,-,-,Un,-,BicC family RNA binding protein 1,protein-coding,-,-,-,protein bicaudal C homolog 1,20210420,-
130825,121153336,LOC121153336,-,-,-,Un,-,uncharacterized LOC121153336,ncRNA,-,-,-,-,20210420,-
130825,121153337,FAM71B,-,-,-,Un,-,family with sequence similarity 71 member B,protein-coding,-,-,-,protein FAM71B,20210420,-
130825,121153338,MRLN,-,-,-,Un,-,myoregulin,protein-coding,-,-,-,myoregulin,20210420,-
130825,121153339,CCDC6,-,-,-,Un,-,coiled-coil domain containing 6,protein-coding,-,-,-,coiled-coil domain-containing protein 6,20210420,-
130825,121153340,ANK3,-,-,-,Un,-,ankyrin 3,protein-coding,-,-,-,ankyrin-3,20210420,-
130825,121153341,CDK1,-,-,-,Un,-,cyclin dependent kinase 1,protein-coding,-,-,-,cyclin-dependent kinase 1,20210420,-
130825,121153342,RHOBTB1,-,-,-,Un,-,Rho related BTB domain containing 1,protein-coding,-,-,-,rho-related BTB domain-containing protein 1,20210420,-
130825,121153343,ARID5B,-,-,-,Un,-,AT-rich interaction domain 5B,protein-coding,-,-,-,AT-rich interactive domain-containing protein 5B,20210420,-
130825,121153344,NMUR2,-,-,-,Un,-,neuromedin U receptor 2,protein-coding,-,-,-,neuromedin-U receptor 2,20210420,-
130825,121153345,LOC121153345,-,-,-,Un,-,uncharacterized LOC121153345,ncRNA,-,-,-,-,20210420,-
130825,121153346,RTKN2,-,-,-,Un,-,rhotekin 2,protein-coding,-,-,-,rhotekin-2,20210420,-
130825,121153347,ZNF365,-,-,-,Un,-,zinc finger protein 365,protein-coding,-,-,-,protein ZNF365,20210420,-
130825,121153348,ADO,-,-,-,Un,-,2-aminoethanethiol dioxygenase,protein-coding,-,-,-,2-aminoethanethiol dioxygenase,20210420,-
130825,121153349,NRBF2,-,-,-,Un,-,nuclear receptor binding factor 2,protein-coding,-,-,-,nuclear receptor-binding factor 2,20210420,-
130825,121153350,REEP3,-,-,-,Un,-,receptor accessory protein 3,protein-coding,-,-,-,receptor expression-enhancing protein 3,20210420,-
130825,121153351,CTNNA3,-,-,-,Un,-,catenin alpha 3,protein-coding,-,-,-,catenin alpha-3,20210420,-
130825,121153352,LRRTM3,-,-,-,Un,-,leucine rich repeat transmembrane neuronal 3,protein-coding,-,-,-,leucine-rich repeat transmembrane neuronal protein 3,20210420,-
130825,121153353,GLRA1,-,-,-,Un,-,glycine receptor alpha 1,protein-coding,-,-,-,glycine receptor subunit alpha-1,20210420,-
130825,121153354,MYPN,-,-,-,Un,-,myopalladin,protein-coding,-,-,-,myopalladin,20210420,-
130825,121153355,HERC4,-,-,-,Un,-,HECT and RLD domain containing E3 ubiquitin protein ligase 4,protein-coding,-,-,-,probable E3 ubiquitin-protein ligase HERC4,20210420,-
130825,121153356,SIRT1,-,-,-,Un,-,sirtuin 1,protein-coding,-,-,-,NAD-dependent protein deacetylase sirtuin-1,20210420,-
130825,121153357,DNA2,-,-,-,Un,-,DNA replication helicase/nuclease 2,protein-coding,-,-,-,DNA replication ATP-dependent helicase/nuclease DNA2,20210420,-
130825,121153358,RUFY2,-,-,-,Un,-,RUN and FYVE domain containing 2,protein-coding,-,-,-,RUN and FYVE domain-containing protein 2,20210420,-
130825,121153359,HNRNPH3,-,-,-,Un,-,heterogeneous nuclear ribonucleoprotein H3,protein-coding,-,-,-,heterogeneous nuclear ribonucleoprotein H3,20210522,-
130825,121153360,PBLD,-,-,-,Un,-,phenazine biosynthesis like protein domain containing,protein-coding,-,-,-,phenazine biosynthesis-like domain-containing protein,20210420,-
130825,121153361,LOC121153361,-,-,-,Un,-,phenazine biosynthesis-like domain-containing protein,protein-coding,-,-,-,phenazine biosynthesis-like domain-containing protein,20210420,-
130825,121153362,SLC25A16,-,-,-,Un,-,solute carrier family 25 member 16,protein-coding,-,-,-,graves disease carrier protein,20210420,-
130825,121153363,CCAR1,-,-,-,Un,-,cell division cycle and apoptosis regulator 1,protein-coding,-,-,-,cell division cycle and apoptosis regulator protein 1,20210420,-
130825,121153364,DDX50,-,-,-,Un,-,DExD-box helicase 50,protein-coding,-,-,-,ATP-dependent RNA helicase DDX50,20210420,-
130825,121153365,DDX21,-,-,-,Un,-,DExD-box helicase 21,protein-coding,-,-,-,nucleolar RNA helicase 2,20210420,-
130825,121153366,LOC121153366,-,-,-,Un,-,kinesin family binding protein,protein-coding,-,-,-,KIF-binding protein,20210420,-
130825,121153367,SRGN,-,-,-,Un,-,serglycin,protein-coding,-,-,-,serglycin,20210420,-
130825,121153368,LOC121153368,-,-,-,Un,-,uncharacterized LOC121153368,ncRNA,-,-,-,-,20210420,-
130825,121153369,LOC121153369,-,-,-,Un,-,uncharacterized LOC121153369,ncRNA,-,-,-,-,20210420,-
130825,121153370,VPS26A,-,-,-,Un,-,"VPS26, retromer complex component A",protein-coding,-,-,-,vacuolar protein sorting-associated protein 26A,20210420,-
130825,121153371,LOC121153371,-,-,-,Un,-,proton-coupled amino acid transporter 3-like,protein-coding,-,-,-,proton-coupled amino acid transporter 3-like,20210420,-
130825,121153372,SUPV3L1,-,-,-,Un,-,Suv3 like RNA helicase,protein-coding,-,-,-,"ATP-dependent RNA helicase SUPV3L1, mitochondrial",20210420,-
130825,121153373,HK1,-,-,-,Un,-,hexokinase 1,protein-coding,-,-,-,hexokinase-1,20210420,-
130825,121153374,TSPAN15,-,-,-,Un,-,tetraspanin 15,protein-coding,-,-,-,tetraspanin-15,20210420,-
130825,121153375,AIFM2,-,-,-,Un,-,apoptosis inducing factor mitochondria associated 2,protein-coding,-,-,-,ferroptosis suppressor protein 1,20210420,-
130825,121153376,TYSND1,-,-,-,Un,-,trypsin like peroxisomal matrix peptidase 1,protein-coding,-,-,-,peroxisomal leader peptide-processing protease,20210420,-
130825,121153377,LOC121153377,-,-,-,Un,-,uncharacterized LOC121153377,ncRNA,-,-,-,-,20210420,-
130825,121153378,SAR1A,-,-,-,Un,-,secretion associated Ras related GTPase 1A,protein-coding,-,-,-,GTP-binding protein SAR1a,20210420,-
130825,121153379,PPA1,-,-,-,Un,-,inorganic pyrophosphatase 1,protein-coding,-,-,-,inorganic pyrophosphatase,20210420,-
130825,121153380,LRRC20,-,-,-,Un,-,leucine rich repeat containing 20,protein-coding,-,-,-,leucine-rich repeat-containing protein 20,20210420,-
130825,121153381,EIF4EBP2,-,-,-,Un,-,eukaryotic translation initiation factor 4E binding protein 2,protein-coding,-,-,-,eukaryotic translation initiation factor 4E-binding protein 2,20210522,-
130825,121153382,PALD1,-,-,-,Un,-,phosphatase domain containing paladin 1,protein-coding,-,-,-,paladin,20210420,-
130825,121153383,LOC121153383,-,-,-,Un,-,uncharacterized LOC121153383,ncRNA,-,-,-,-,20210420,-
130825,121153384,PRF1,-,-,-,Un,-,perforin 1,protein-coding,-,-,-,perforin-1,20210420,-
130825,121153385,SGPL1,-,-,-,Un,-,sphingosine-1-phosphate lyase 1,protein-coding,-,-,-,sphingosine-1-phosphate lyase 1,20210420,-
130825,121153386,PCBD1,-,-,-,Un,-,pterin-4 alpha-carbinolamine dehydratase 1,protein-coding,-,-,-,pterin-4-alpha-carbinolamine dehydratase,20210501,-
130825,121153387,CDH23,-,-,-,Un,-,cadherin related 23,protein-coding,-,-,-,cadherin-23,20210420,-
130825,121153388,ARL14EPL,-,-,-,Un,-,ADP ribosylation factor like GTPase 14 effector protein like,protein-coding,-,-,-,ARL14 effector protein-like,20210420,-
130825,121153389,LOC121153389,-,-,-,Un,-,prosaposin,protein-coding,-,-,-,prosaposin,20210420,-
130825,121153390,VSIR,-,-,-,Un,-,V-set immunoregulatory receptor,protein-coding,-,-,-,V-type immunoglobulin domain-containing suppressor of T-cell activation,20210420,-
130825,121153391,CHST3,-,-,-,Un,-,carbohydrate sulfotransferase 3,protein-coding,-,-,-,carbohydrate sulfotransferase 3,20210420,-
130825,121153392,SPOCK2,-,-,-,Un,-,"SPARC (osteonectin), cwcv and kazal like domains proteoglycan 2",protein-coding,-,-,-,testican-2,20210420,-
130825,121153393,ASCC1,-,-,-,Un,-,activating signal cointegrator 1 complex subunit 1,protein-coding,-,-,-,activating signal cointegrator 1 complex subunit 1,20210420,-
130825,121153394,LOC121153394,-,-,-,Un,-,uncharacterized LOC121153394,ncRNA,-,-,-,-,20210420,-
130825,121153395,ANAPC16,-,-,-,Un,-,anaphase promoting complex subunit 16,protein-coding,-,-,-,anaphase-promoting complex subunit 16,20210420,-
130825,121153396,DDIT4,-,-,-,Un,-,DNA damage inducible transcript 4,protein-coding,-,-,-,DNA damage-inducible transcript 4 protein,20210420,-
130825,121153397,DNAJB12,-,-,-,Un,-,DnaJ heat shock protein family (Hsp40) member B12,protein-coding,-,-,-,dnaJ homolog subfamily B member 12,20210420,-
130825,121153398,LOC121153398,-,-,-,Un,-,uncharacterized LOC121153398,ncRNA,-,-,-,-,20210420,-
130825,121153399,MICU1,-,-,-,Un,-,mitochondrial calcium uptake 1,protein-coding,-,-,-,"calcium uptake protein 1, mitochondrial",20210420,-
130825,121153400,MCU,-,-,-,Un,-,mitochondrial calcium uniporter,protein-coding,-,-,-,"calcium uniporter protein, mitochondrial",20210420,-
130825,121153401,LOC121153401,-,-,-,Un,-,uncharacterized LOC121153401,ncRNA,-,-,-,-,20210420,-
130825,121153402,P4HA1,-,-,-,Un,-,prolyl 4-hydroxylase subunit alpha 1,protein-coding,-,-,-,prolyl 4-hydroxylase subunit alpha-1,20210420,-
130825,121153403,SPINK14,-,-,-,Un,-,serine peptidase inhibitor Kazal type 14 (putative),protein-coding,-,-,-,serine protease inhibitor Kazal-type 14,20210420,-
130825,121153404,NUDT13,-,-,-,Un,-,nudix hydrolase 13,protein-coding,-,-,-,"NAD(P)H pyrophosphatase NUDT13, mitochondrial",20210420,-
130825,121153405,ECD,-,-,-,Un,-,ecdysoneless cell cycle regulator,protein-coding,-,-,-,protein ecdysoneless homolog,20210420,-
130825,121153406,FAM149B1,-,-,-,Un,-,family with sequence similarity 149 member B1,protein-coding,-,-,-,primary cilium assembly protein FAM149B1,20210420,-
130825,121153407,CFAP70,-,-,-,Un,-,cilia and flagella associated protein 70,protein-coding,-,-,-,cilia- and flagella-associated protein 70,20210420,-
130825,121153408,ANXA7,-,-,-,Un,-,annexin A7,protein-coding,-,-,-,annexin A7,20210420,-
130825,121153409,CUNH5orf46,-,-,-,Un,-,chromosome unknown C5orf46 homolog,protein-coding,-,-,-,uncharacterized protein C5orf46 homolog,20210420,-
130825,121153410,PPP3CB,-,-,-,Un,-,protein phosphatase 3 catalytic subunit beta,protein-coding,-,-,-,serine/threonine-protein phosphatase 2B catalytic subunit beta isoform,20210420,-
130825,121153411,MSS51,-,-,-,Un,-,MSS51 mitochondrial translational activator,protein-coding,-,-,-,"putative protein MSS51 homolog, mitochondrial",20210420,-
130825,121153412,USP54,-,-,-,Un,-,ubiquitin specific peptidase 54,protein-coding,-,-,-,inactive ubiquitin carboxyl-terminal hydrolase 54,20210420,-
130825,121153413,SEC24C,-,-,-,Un,-,"SEC24 homolog C, COPII coat complex component",protein-coding,-,-,-,protein transport protein Sec24C,20210420,-
130825,121153414,FUT11,-,-,-,Un,-,fucosyltransferase 11,protein-coding,-,-,-,"alpha-(1,3)-fucosyltransferase 11",20210420,-
130825,121153415,ZSWIM8,-,-,-,Un,-,zinc finger SWIM-type containing 8,protein-coding,-,-,-,zinc finger SWIM domain-containing protein 8,20210420,-
130825,121153416,SCGB3A2,-,-,-,Un,-,secretoglobin family 3A member 2,protein-coding,-,-,-,secretoglobin family 3A member 2,20210420,-
130825,121153417,NDST2,-,-,-,Un,-,N-deacetylase and N-sulfotransferase 2,protein-coding,-,-,-,bifunctional heparan sulfate N-deacetylase/N-sulfotransferase 2,20210420,-
130825,121153418,CAMK2G,-,-,-,Un,-,calcium/calmodulin dependent protein kinase II gamma,protein-coding,-,-,-,calcium/calmodulin-dependent protein kinase type II subunit gamma,20210529,-
130825,121153419,SPINK1,-,-,-,Un,-,serine peptidase inhibitor Kazal type 1,protein-coding,-,-,-,serine protease inhibitor Kazal-type 1,20210420,-
130825,121153420,JAKMIP2,-,-,-,Un,-,janus kinase and microtubule interacting protein 2,protein-coding,-,-,-,janus kinase and microtubule-interacting protein 2,20210420,-
130825,121153421,PLAU,-,-,-,Un,-,"plasminogen activator, urokinase",protein-coding,-,-,-,urokinase-type plasminogen activator,20210420,-
130825,121153422,VCL,-,-,-,Un,-,vinculin,protein-coding,-,-,-,vinculin,20210420,-
130825,121153423,AP3M1,-,-,-,Un,-,adaptor related protein complex 3 subunit mu 1,protein-coding,-,-,-,AP-3 complex subunit mu-1,20210425,-
130825,121153424,ADK,-,-,-,Un,-,adenosine kinase,protein-coding,-,-,-,adenosine kinase,20210420,-
130825,121153425,KAT6B,-,-,-,Un,-,lysine acetyltransferase 6B,protein-coding,-,-,-,histone acetyltransferase KAT6B,20210420,-
130825,121153426,DPYSL3,-,-,-,Un,-,dihydropyrimidinase like 3,protein-coding,-,-,-,dihydropyrimidinase-related protein 3,20210420,-
130825,121153427,SAMD8,-,-,-,Un,-,sterile alpha motif domain containing 8,protein-coding,-,-,-,sphingomyelin synthase-related protein 1,20210420,-
130825,121153428,VDAC2,-,-,-,Un,-,voltage dependent anion channel 2,protein-coding,-,-,-,voltage-dependent anion-selective channel protein 2,20210420,-
130825,121153429,LRMDA,-,-,-,Un,-,leucine rich melanocyte differentiation associated,protein-coding,-,-,-,leucine-rich melanocyte differentiation-associated protein,20210420,-
130825,121153430,LOC121153430,-,-,-,Un,-,uncharacterized LOC121153430,ncRNA,-,-,-,-,20210420,-
130825,121153431,DLG5,-,-,-,Un,-,discs large MAGUK scaffold protein 5,protein-coding,-,-,-,disks large homolog 5,20210420,-
130825,121153432,POLR3A,-,-,-,Un,-,RNA polymerase III subunit A,protein-coding,-,-,-,DNA-directed RNA polymerase III subunit RPC1,20210420,-
130825,121153433,RPS24,-,-,-,Un,-,ribosomal protein S24,protein-coding,-,-,-,40S ribosomal protein S24,20210522,-
130825,121153434,ZMIZ1,-,-,-,Un,-,zinc finger MIZ-type containing 1,protein-coding,-,-,-,zinc finger MIZ domain-containing protein 1,20210420,-
130825,121153435,PPIF,-,-,-,Un,-,peptidylprolyl isomerase F,protein-coding,-,-,-,"peptidyl-prolyl cis-trans isomerase F, mitochondrial",20210420,-
130825,121153436,ZCCHC24,-,-,-,Un,-,zinc finger CCHC-type containing 24,protein-coding,-,-,-,zinc finger CCHC domain-containing protein 24,20210420,-
130825,121153437,ANXA11,-,-,-,Un,-,annexin A11,protein-coding,-,-,-,annexin A11,20210420,-
130825,121153438,LOC121153438,-,-,-,Un,-,60S ribosomal protein L24-like,pseudo,-,-,-,-,20210420,-
130825,121153439,STK32A,-,-,-,Un,-,serine/threonine kinase 32A,protein-coding,-,-,-,serine/threonine-protein kinase 32A,20210420,-
130825,121153440,LOC121153440,-,-,-,Un,-,60S ribosomal protein L31-like,pseudo,-,-,-,-,20210420,-
130825,121153441,LOC121153441,-,-,-,Un,-,cytochrome b-c1 complex subunit 10-like,pseudo,-,-,-,-,20210420,-
130825,121153442,CUNH10orf105,-,-,-,Un,-,chromosome unknown C10orf105 homolog,protein-coding,-,-,-,uncharacterized protein C10orf105 homolog,20210420,-
130825,121153443,LOC121153443,-,-,-,Un,-,palmitoyltransferase ZDHHC6-like,pseudo,-,-,-,-,20210420,-
130825,121153444,LOC121153444,-,-,-,Un,-,60S ribosomal protein L27-like,pseudo,-,-,-,-,20210420,-
130825,121153445,SLC16A12,-,-,-,Un,-,solute carrier family 16 member 12,protein-coding,-,-,-,LOW QUALITY PROTEIN: monocarboxylate transporter 12,20210420,-
130825,121153446,LOC121153446,-,-,-,Un,-,interferon-induced protein with tetratricopeptide repeats 5-like,protein-coding,-,-,-,interferon-induced protein with tetratricopeptide repeats 5-like,20210420,-
130825,121153447,LIPK,-,-,-,Un,-,lipase family member K,protein-coding,-,-,-,lipase member K,20210420,-
130825,121153448,PAPSS2,-,-,-,Un,-,3'-phosphoadenosine 5'-phosphosulfate synthase 2,protein-coding,-,-,-,bifunctional 3'-phosphoadenosine 5'-phosphosulfate synthase 2,20210420,-
130825,121153449,LOC121153449,-,-,-,Un,-,60S ribosomal protein L14-like,pseudo,-,-,-,-,20210420,-
130825,121153450,GPR151,-,-,-,Un,-,G protein-coupled receptor 151,protein-coding,-,-,-,G-protein coupled receptor 151,20210420,-
130825,121153451,LOC121153451,-,-,-,Un,-,basic proline-rich protein-like,protein-coding,-,-,-,basic proline-rich protein-like,20210420,-
130825,121153452,LOC121153452,-,-,-,Un,-,cytochrome c-like,pseudo,-,-,-,-,20210420,-
130825,121153453,LOC121153453,-,-,-,Un,-,high mobility group protein B1-like,pseudo,-,-,-,-,20210420,-
130825,121153454,LOC121153454,-,-,-,Un,-,26S proteasome non-ATPase regulatory subunit 4-like,pseudo,-,-,-,-,20210420,-
130825,121153455,TMEM26,-,-,-,Un,-,transmembrane protein 26,protein-coding,-,-,-,transmembrane protein 26,20210420,-
130825,121153456,JMJD1C,-,-,-,Un,-,jumonji domain containing 1C,protein-coding,-,-,-,probable JmjC domain-containing histone demethylation protein 2C,20210420,-
130825,121153457,LOC121153457,-,-,-,Un,-,NADH dehydrogenase [ubiquinone] 1 alpha subcomplex subunit 5-like,protein-coding,-,-,-,NADH dehydrogenase [ubiquinone] 1 alpha subcomplex subunit 5-like,20210420,-
130825,121153458,LOC121153458,-,-,-,Un,-,WW domain-binding protein 4-like,pseudo,-,-,-,-,20210420,-
130825,121153459,TET1,-,-,-,Un,-,tet methylcytosine dioxygenase 1,protein-coding,-,-,-,methylcytosine dioxygenase TET1,20210420,-
130825,121153460,COL13A1,-,-,-,Un,-,collagen type XIII alpha 1 chain,protein-coding,-,-,-,collagen alpha-1(XIII) chain,20210420,-
130825,121153461,POU4F3,-,-,-,Un,-,POU class 4 homeobox 3,protein-coding,-,-,-,"POU domain, class 4, transcription factor 3",20210420,-
130825,121153462,ADAMTS14,-,-,-,Un,-,ADAM metallopeptidase with thrombospondin type 1 motif 14,protein-coding,-,-,-,A disintegrin and metalloproteinase with thrombospondin motifs 14,20210420,-
130825,121153463,SLC29A3,-,-,-,Un,-,solute carrier family 29 member 3,protein-coding,-,-,-,equilibrative nucleoside transporter 3,20210420,-
130825,121153464,LOC121153464,-,-,-,Un,-,dual specificity protein phosphatase 13,protein-coding,-,-,-,dual specificity protein phosphatase 13,20210420,-
130825,121153465,PSD2,-,-,-,Un,-,pleckstrin and Sec7 domain containing 2,protein-coding,-,-,-,PH and SEC7 domain-containing protein 2,20210420,-
130825,121153466,PLAC9,-,-,-,Un,-,placenta associated 9,protein-coding,-,-,-,placenta-specific protein 9,20210420,-
130825,121153467,LOC121153467,-,-,-,Un,-,calreticulin-like,pseudo,-,-,-,-,20210420,-
130825,121153468,LOC121153468,-,-,-,Un,-,uncharacterized LOC121153468,ncRNA,-,-,-,-,20210420,-
130825,121153469,LOC121153469,-,-,-,Un,-,uncharacterized LOC121153469,ncRNA,-,-,-,-,20210420,-
130825,121153470,LOC121153470,-,-,-,Un,-,mortality factor 4-like protein 1,pseudo,-,-,-,-,20210420,-
130825,121153471,A1CF,-,-,-,Un,-,APOBEC1 complementation factor,protein-coding,-,-,-,APOBEC1 complementation factor,20210420,-
130825,121153472,DKK1,-,-,-,Un,-,dickkopf WNT signaling pathway inhibitor 1,protein-coding,-,-,-,dickkopf-related protein 1,20210420,-
130825,121153473,PLAC8L1,-,-,-,Un,-,PLAC8 like 1,protein-coding,-,-,-,PLAC8-like protein 1,20210420,-
130825,121153474,MBL2,-,-,-,Un,-,mannose binding lectin 2,protein-coding,-,-,-,mannose-binding protein C,20210420,-
130825,121153475,LOC121153475,-,-,-,Un,-,prefoldin subunit 3-like,protein-coding,-,-,-,prefoldin subunit 3-like,20210420,-
130825,121153476,LOC121153476,-,-,-,Un,-,40S ribosomal protein S2-like,pseudo,-,-,-,-,20210420,-
130825,121153477,LOC121153477,-,-,-,Un,-,uncharacterized LOC121153477,ncRNA,-,-,-,-,20210420,-
130825,121153478,GRXCR2,-,-,-,Un,-,glutaredoxin and cysteine rich domain containing 2,protein-coding,-,-,-,glutaredoxin domain-containing cysteine-rich protein 2,20210420,-
130825,121153479,LOC121153479,-,-,-,Un,-,uncharacterized LOC121153479,ncRNA,-,-,-,-,20210420,-
130825,121153480,FAM13C,-,-,-,Un,-,family with sequence similarity 13 member C,protein-coding,-,-,-,protein FAM13C,20210420,-
130825,121153481,PHYHIPL,-,-,-,Un,-,phytanoyl-CoA 2-hydroxylase interacting protein like,protein-coding,-,-,-,phytanoyl-CoA hydroxylase-interacting protein-like,20210420,-
130825,121153482,SLC16A9,-,-,-,Un,-,solute carrier family 16 member 9,protein-coding,-,-,-,monocarboxylate transporter 9,20210420,-
130825,121153483,LOC121153483,-,-,-,Un,-,uncharacterized LOC121153483,ncRNA,-,-,-,-,20210420,-
130825,121153484,CABCOCO1,-,-,-,Un,-,ciliary associated calcium binding coiled-coil 1,protein-coding,-,-,-,ciliary-associated calcium-binding coiled-coil protein 1,20210420,-
130825,121153485,EGR2,-,-,-,Un,-,early growth response 2,protein-coding,-,-,-,E3 SUMO-protein ligase EGR2,20210420,-
130825,121153486,LOC121153486,-,-,-,Un,-,uncharacterized LOC121153486,ncRNA,-,-,-,-,20210420,-
130825,121153487,LOC121153487,-,-,-,Un,-,uncharacterized LOC121153487,ncRNA,-,-,-,-,20210420,-
130825,121153488,LOC121153488,-,-,-,Un,-,uncharacterized LOC121153488,ncRNA,-,-,-,-,20210420,-
130825,121153489,LOC121153489,-,-,-,Un,-,uncharacterized LOC121153489,ncRNA,-,-,-,-,20210420,-
130825,121153490,DNAJC12,-,-,-,Un,-,DnaJ heat shock protein family (Hsp40) member C12,protein-coding,-,-,-,dnaJ homolog subfamily C member 12,20210420,-
130825,121153491,ATOH7,-,-,-,Un,-,atonal bHLH transcription factor 7,protein-coding,-,-,-,protein atonal homolog 7,20210420,-
130825,121153492,STOX1,-,-,-,Un,-,storkhead box 1,protein-coding,-,-,-,storkhead-box protein 1,20210420,-
130825,121153493,HKDC1,-,-,-,Un,-,hexokinase domain containing 1,protein-coding,-,-,-,hexokinase HKDC1,20210420,-
130825,121153494,SPRY4,-,-,-,Un,-,sprouty RTK signaling antagonist 4,protein-coding,-,-,-,protein sprouty homolog 4,20210420,-
130825,121153495,TACR2,-,-,-,Un,-,tachykinin receptor 2,protein-coding,-,-,-,substance-K receptor,20210420,-
130825,121153496,NEUROG3,-,-,-,Un,-,neurogenin 3,protein-coding,-,-,-,neurogenin-3,20210420,-
130825,121153497,FAM241B,-,-,-,Un,-,family with sequence similarity 241 member B,protein-coding,-,-,-,protein FAM241B,20210420,-
130825,121153498,LOC121153498,-,-,-,Un,-,core histone macro-H2A.2,protein-coding,-,-,-,core histone macro-H2A.2,20210420,-
130825,121153499,NPFFR1,-,-,-,Un,-,neuropeptide FF receptor 1,protein-coding,-,-,-,neuropeptide FF receptor 1,20210420,-
130825,121153500,NODAL,-,-,-,Un,-,nodal growth differentiation factor,protein-coding,-,-,-,nodal homolog,20210420,-
130825,121153501,TBATA,-,-,-,Un,-,"thymus, brain and testes associated",protein-coding,-,-,-,protein TBATA,20210420,-
130825,121153502,UNC5B,-,-,-,Un,-,unc-5 netrin receptor B,protein-coding,-,-,-,netrin receptor UNC5B,20210420,-
130825,121153503,LOC121153503,-,-,-,Un,-,transmembrane emp24 domain-containing protein 9-like,protein-coding,-,-,-,transmembrane emp24 domain-containing protein 9-like,20210420,-
130825,121153504,OIT3,-,-,-,Un,-,oncoprotein induced transcript 3,protein-coding,-,-,-,oncoprotein-induced transcript 3 protein,20210420,-
130825,121153505,PLA2G12B,-,-,-,Un,-,phospholipase A2 group XIIB,protein-coding,-,-,-,group XIIB secretory phospholipase A2-like protein,20210420,-
130825,121153506,DNAJC9,-,-,-,Un,-,DnaJ heat shock protein family (Hsp40) member C9,protein-coding,-,-,-,dnaJ homolog subfamily C member 9,20210420,-
130825,121153507,MRPS16,-,-,-,Un,-,mitochondrial ribosomal protein S16,protein-coding,-,-,-,"28S ribosomal protein S16, mitochondrial",20210420,-
130825,121153508,MYOZ1,-,-,-,Un,-,myozenin 1,protein-coding,-,-,-,myozenin-1,20210420,-
130825,121153509,SYNPO2L,-,-,-,Un,-,synaptopodin 2 like,protein-coding,-,-,-,synaptopodin 2-like protein,20210420,-
130825,121153510,CHCHD1,-,-,-,Un,-,coiled-coil-helix-coiled-coil-helix domain containing 1,protein-coding,-,-,-,coiled-coil-helix-coiled-coil-helix domain-containing protein 1,20210420,-
130825,121153511,DUSP29,-,-,-,Un,-,dual specificity phosphatase 29,protein-coding,-,-,-,dual specificity phosphatase 29,20210420,-
130825,121153512,DBN1,-,-,-,Un,-,drebrin 1,protein-coding,-,-,-,drebrin,20210420,-
130825,121153513,LOC121153513,-,-,-,Un,-,dual specificity protein phosphatase 13,protein-coding,-,-,-,dual specificity protein phosphatase 13,20210420,-
130825,121153514,COMTD1,-,-,-,Un,-,catechol-O-methyltransferase domain containing 1,protein-coding,-,-,-,catechol O-methyltransferase domain-containing protein 1,20210420,-
130825,121153515,ZNF503,-,-,-,Un,-,zinc finger protein 503,protein-coding,-,-,-,zinc finger protein 503,20210420,-
130825,121153516,KCNMA1,-,-,-,Un,-,potassium calcium-activated channel subfamily M alpha 1,protein-coding,-,-,-,calcium-activated potassium channel subunit alpha-1,20210420,-
130825,121153517,RMND5B,-,-,-,Un,-,required for meiotic nuclear division 5 homolog B,protein-coding,-,-,-,E3 ubiquitin-protein transferase RMND5B,20210420,-
130825,121153518,LOC121153518,-,-,-,Un,-,60S ribosomal protein L39-like,protein-coding,-,-,-,60S ribosomal protein L39-like,20210420,-
130825,121153519,LOC121153519,-,-,-,Un,-,60S ribosomal protein L23-like,pseudo,-,-,-,-,20210420,-
130825,121153520,SFTPD,-,-,-,Un,-,surfactant protein D,protein-coding,-,-,-,pulmonary surfactant-associated protein D,20210420,-
130825,121153521,PRR7,-,-,-,Un,-,"proline rich 7, synaptic",protein-coding,-,-,-,proline-rich protein 7,20210420,-
130825,121153522,LOC121153522,-,-,-,Un,-,barrier-to-autointegration factor-like,pseudo,-,-,-,-,20210420,-
130825,121153523,LOC121153523,-,-,-,Un,-,U1 spliceosomal RNA,snRNA,-,-,-,-,20210420,-
130825,121153524,LOC121153524,-,-,-,Un,-,U1 spliceosomal RNA,snRNA,-,-,-,-,20210420,-
130825,121153525,LOC121153525,-,-,-,Un,-,U1 spliceosomal RNA,pseudo,-,-,-,-,20210420,-
130825,121153526,LOC121153526,-,-,-,Un,-,U2 spliceosomal RNA,snRNA,-,-,-,-,20210420,-
130825,121153527,LOC121153527,-,-,-,Un,-,U2 spliceosomal RNA,pseudo,-,-,-,-,20210420,-
130825,121153528,LOC121153528,-,-,-,Un,-,small nucleolar RNA U3,pseudo,-,-,-,-,20210420,-
130825,121153529,LOC121153529,-,-,-,Un,-,U4 spliceosomal RNA,pseudo,-,-,-,-,20210420,-
130825,121153530,LOC121153530,-,-,-,Un,-,U4 spliceosomal RNA,pseudo,-,-,-,-,20210420,-
130825,121153531,LOC121153531,-,-,-,Un,-,U6 spliceosomal RNA,snRNA,-,-,-,-,20210420,-
130825,121153532,LOC121153532,-,-,-,Un,-,U6 spliceosomal RNA,snRNA,-,-,-,-,20210420,-
130825,121153533,LOC121153533,-,-,-,Un,-,U6 spliceosomal RNA,snRNA,-,-,-,-,20210420,-
130825,121153534,LOC121153534,-,-,-,Un,-,U6 spliceosomal RNA,snRNA,-,-,-,-,20210420,-
130825,121153535,LOC121153535,-,-,-,Un,-,U6 spliceosomal RNA,pseudo,-,-,-,-,20210420,-
130825,121153536,PFN3,-,-,-,Un,-,profilin 3,protein-coding,-,-,-,profilin-3,20210420,-
130825,121153537,LOC121153537,-,-,-,Un,-,U6 spliceosomal RNA,snRNA,-,-,-,-,20210420,-
130825,121153538,LOC121153538,-,-,-,Un,-,U6 spliceosomal RNA,snRNA,-,-,-,-,20210420,-
130825,121153539,LOC121153539,-,-,-,Un,-,U6 spliceosomal RNA,snRNA,-,-,-,-,20210420,-
130825,121153540,LOC121153540,-,-,-,Un,-,U6 spliceosomal RNA,snRNA,-,-,-,-,20210420,-
130825,121153541,LOC121153541,-,-,-,Un,-,U6 spliceosomal RNA,snRNA,-,-,-,-,20210420,-
130825,121153542,LOC121153542,-,-,-,Un,-,U6 spliceosomal RNA,snRNA,-,-,-,-,20210420,-
130825,121153543,LOC121153543,-,-,-,Un,-,U6 spliceosomal RNA,pseudo,-,-,-,-,20210420,-
130825,121153544,LOC121153544,-,-,-,Un,-,small nucleolar RNA SNORD20,snoRNA,-,-,-,-,20210420,-
130825,121153545,LOC121153545,-,-,-,Un,-,small nucleolar RNA SNORA31,snoRNA,-,-,-,-,20210420,-
130825,121153546,LOC121153546,-,-,-,Un,-,small nucleolar RNA SNORA36 family,snoRNA,-,-,-,-,20210420,-
130825,121153547,LOC121153547,-,-,-,Un,-,small nucleolar RNA SNORD98,snoRNA,-,-,-,-,20210420,-
130825,121153548,LOC121153548,-,-,-,Un,-,small nucleolar RNA U13,snoRNA,-,-,-,-,20210420,-
130825,121153549,TRNAS-UGA,-,-,-,Un,-,transfer RNA serine (anticodon UGA),tRNA,-,-,-,-,20210420,-
130825,121153550,LOC121153550,-,-,-,Un,-,peptidoglycan recognition protein 1-like,protein-coding,-,-,-,peptidoglycan recognition protein 1-like,20210420,-
130825,121153551,LOC121153551,-,-,-,Un,-,centrosomal protein CCDC61-like,protein-coding,-,-,-,centrosomal protein CCDC61-like,20210420,-
130825,121153552,SLC34A1,-,-,-,Un,-,solute carrier family 34 member 1,protein-coding,-,-,-,sodium-dependent phosphate transport protein 2A,20210420,-
130825,121153553,LOC121153553,-,-,-,Un,-,symplekin,protein-coding,-,-,-,symplekin,20210420,-
130825,121153554,LOC121153554,-,-,-,Un,-,dystrophia myotonica WD repeat-containing protein,protein-coding,-,-,-,dystrophia myotonica WD repeat-containing protein,20210420,-
130825,121153555,CXXC5,-,-,-,Un,-,CXXC finger protein 5,protein-coding,-,-,-,CXXC-type zinc finger protein 5,20210420,-
130825,121153556,LOC121153556,-,-,-,Un,-,F-box only protein 46,protein-coding,-,-,-,F-box only protein 46,20210420,-
130825,121153557,LOC121153557,-,-,-,Un,-,glutaminyl-peptide cyclotransferase-like protein,protein-coding,-,-,-,glutaminyl-peptide cyclotransferase-like protein,20210420,-
130825,121153558,LOC121153558,-,-,-,Un,-,reticulon-2-like,protein-coding,-,-,-,reticulon-2-like,20210420,-
130825,121153559,LOC121153559,-,-,-,Un,-,vasodilator-stimulated phosphoprotein,protein-coding,-,-,-,vasodilator-stimulated phosphoprotein,20210420,-
130825,121153560,LOC121153560,-,-,-,Un,-,optic atrophy 3 protein,protein-coding,-,-,-,optic atrophy 3 protein,20210420,-
130825,121153561,LOC121153561,-,-,-,Un,-,protein fosB-like,protein-coding,-,-,-,protein fosB-like,20210420,-
130825,121153562,KLC3,-,-,-,Un,-,kinesin light chain 3,protein-coding,-,-,-,kinesin light chain 3,20210420,-
130825,121153563,MARK4,-,-,-,Un,-,microtubule affinity regulating kinase 4,protein-coding,-,-,-,MAP/microtubule affinity-regulating kinase 4,20210420,-
130825,121153564,FGFR4,-,-,-,Un,-,fibroblast growth factor receptor 4,protein-coding,-,-,-,fibroblast growth factor receptor 4,20210420,-
130825,121153565,PPP1R37,-,-,-,Un,-,protein phosphatase 1 regulatory subunit 37,protein-coding,-,-,-,protein phosphatase 1 regulatory subunit 37,20210420,-
130825,121153566,GEMIN7,-,-,-,Un,-,gem nuclear organelle associated protein 7,protein-coding,-,-,-,gem-associated protein 7,20210420,-
130825,121153567,ZNF296,-,-,-,Un,-,zinc finger protein 296,protein-coding,-,-,-,zinc finger protein 296,20210420,-
130825,121153568,LOC121153568,-,-,-,Un,-,uncharacterized LOC121153568,ncRNA,-,-,-,-,20210420,-
130825,121153569,ATP1A3,-,-,-,Un,-,ATPase Na+/K+ transporting subunit alpha 3,protein-coding,-,-,-,sodium/potassium-transporting ATPase subunit alpha-3,20210420,-
130825,121153570,GRIK5,-,-,-,Un,-,glutamate ionotropic receptor kainate type subunit 5,protein-coding,-,-,-,"glutamate receptor ionotropic, kainate 5",20210420,-
130825,121153571,ARHGEF1,-,-,-,Un,-,Rho guanine nucleotide exchange factor 1,protein-coding,-,-,-,rho guanine nucleotide exchange factor 1,20210420,-
130825,121153572,ZNF574,-,-,-,Un,-,zinc finger protein 574,protein-coding,-,-,-,zinc finger protein 574,20210420,-
130825,121153573,ZNF112,-,-,-,Un,-,zinc finger protein 112,protein-coding,-,-,-,zinc finger protein 112,20210420,-
130825,121153574,LOC121153574,-,-,-,Un,-,CLK4 associating serine/arginine rich protein,protein-coding,-,-,-,CLK4-associating serine/arginine rich protein,20210420,-
130825,121153575,CLPTM1,-,-,-,Un,-,CLPTM1 regulator of GABA type A receptor forward trafficking,protein-coding,-,-,-,cleft lip and palate transmembrane protein 1,20210420,-
130825,121153576,XRCC1,-,-,-,Un,-,X-ray repair cross complementing 1,protein-coding,-,-,-,DNA repair protein XRCC1,20210420,-
130825,121153577,ZNF180,-,-,-,Un,-,zinc finger protein 180,protein-coding,-,-,-,zinc finger protein 180,20210420,-
130825,121153578,PHLDB3,-,-,-,Un,-,pleckstrin homology like domain family B member 3,protein-coding,-,-,-,pleckstrin homology-like domain family B member 3,20210420,-
130825,121153579,SNCB,-,-,-,Un,-,synuclein beta,protein-coding,-,-,-,beta-synuclein,20210529,-
130825,121153580,BCAM,-,-,-,Un,-,basal cell adhesion molecule (Lutheran blood group),protein-coding,-,-,-,basal cell adhesion molecule,20210420,-
130825,121153581,IRGQ,-,-,-,Un,-,immunity related GTPase Q,protein-coding,-,-,-,immunity-related GTPase family Q protein,20210420,-
130825,121153582,ZNF45,-,-,-,Un,-,zinc finger protein 45,protein-coding,-,-,-,zinc finger protein 45,20210420,-
130825,121153583,RELB,-,-,-,Un,-,"RELB proto-oncogene, NF-kB subunit",protein-coding,-,-,-,transcription factor RelB,20210420,-
130825,121153584,SMG9,-,-,-,Un,-,SMG9 nonsense mediated mRNA decay factor,protein-coding,-,-,-,protein SMG9,20210420,-
130825,121153585,IRGC,-,-,-,Un,-,immunity related GTPase cinema,protein-coding,-,-,-,interferon-inducible GTPase 5,20210420,-
130825,121153586,BCL3,-,-,-,Un,-,BCL3 transcription coactivator,protein-coding,-,-,-,B-cell lymphoma 3 protein,20210420,-
130825,121153587,KCNN4,-,-,-,Un,-,potassium calcium-activated channel subfamily N member 4,protein-coding,-,-,-,intermediate conductance calcium-activated potassium channel protein 4,20210420,-
130825,121153588,PLAUR,-,-,-,Un,-,"plasminogen activator, urokinase receptor",protein-coding,-,-,-,urokinase plasminogen activator surface receptor,20210420,-
130825,121153589,CADM4,-,-,-,Un,-,cell adhesion molecule 4,protein-coding,-,-,-,cell adhesion molecule 4,20210420,-
130825,121153590,TOMM40,-,-,-,Un,-,translocase of outer mitochondrial membrane 40,protein-coding,-,-,-,mitochondrial import receptor subunit TOM40 homolog,20210420,-
130825,121153591,LYPD3,-,-,-,Un,-,LY6/PLAUR domain containing 3,protein-coding,-,-,-,ly6/PLAUR domain-containing protein 3,20210420,-
130825,121153592,ERFL,-,-,-,Un,-,ETS repressor factor like,protein-coding,-,-,-,ETS domain-containing transcription factor ERF-like,20210420,-
130825,121153593,APOE,-,-,-,Un,-,apolipoprotein E,protein-coding,-,-,-,apolipoprotein E,20210420,-
130825,121153594,TEX101,-,-,-,Un,-,testis expressed 101,protein-coding,-,-,-,testis-expressed protein 101,20210420,-
130825,121153595,ETHE1,-,-,-,Un,-,ETHE1 persulfide dioxygenase,protein-coding,-,-,-,"persulfide dioxygenase ETHE1, mitochondrial",20210420,-
130825,121153596,CDHR2,-,-,-,Un,-,cadherin related family member 2,protein-coding,-,-,-,cadherin-related family member 2,20210420,-
130825,121153597,CD79A,-,-,-,Un,-,CD79a molecule,protein-coding,-,-,-,B-cell antigen receptor complex-associated protein alpha chain,20210420,-
130825,121153598,LYPD5,-,-,-,Un,-,LY6/PLAUR domain containing 5,protein-coding,-,-,-,ly6/PLAUR domain-containing protein 5,20210420,-
130825,121153599,ZNF428,-,-,-,Un,-,zinc finger protein 428,protein-coding,-,-,-,zinc finger protein 428,20210420,-
130825,121153600,LOC121153600,-,-,-,Un,-,phospholipase A2 inhibitor and LY6/PLAUR domain containing,protein-coding,-,-,-,phospholipase A2 inhibitor and Ly6/PLAUR domain-containing protein,20210420,-
130825,121153601,RABAC1,-,-,-,Un,-,Rab acceptor 1,protein-coding,-,-,-,prenylated Rab acceptor protein 1,20210420,-
130825,121153602,RPS19,-,-,-,Un,-,ribosomal protein S19,protein-coding,-,-,-,40S ribosomal protein S19,20210501,-
130825,121153603,ZNF576,-,-,-,Un,-,zinc finger protein 576,protein-coding,-,-,-,zinc finger protein 576,20210420,-
130825,121153604,APOC1,-,-,-,Un,-,apolipoprotein C1,protein-coding,-,-,-,apolipoprotein C-I,20210420,-
130825,121153605,APOC2,-,-,-,Un,-,apolipoprotein C2,protein-coding,-,-,-,apolipoprotein C-II,20210420,-
130825,121153606,LOC121153606,-,-,-,Un,-,uncharacterized LOC121153606,ncRNA,-,-,-,-,20210420,-
130825,121153607,POU2F2,-,-,-,Un,-,POU class 2 homeobox 2,protein-coding,-,-,-,"POU domain, class 2, transcription factor 2",20210420,-
130825,121153608,LOC121153608,-,-,-,Un,-,uncharacterized LOC121153608,ncRNA,-,-,-,-,20210420,-
130825,121153609,HIGD2A,-,-,-,Un,-,HIG1 hypoxia inducible domain family member 2A,protein-coding,-,-,-,"HIG1 domain family member 2A, mitochondrial",20210420,-
130825,121153610,DEDD2,-,-,-,Un,-,death effector domain containing 2,protein-coding,-,-,-,DNA-binding death effector domain-containing protein 2,20210420,-
130825,121153611,ZNF526,-,-,-,Un,-,zinc finger protein 526,protein-coding,-,-,-,zinc finger protein 526,20210420,-
130825,121153612,GSK3A,-,-,-,Un,-,glycogen synthase kinase 3 alpha,protein-coding,-,-,-,glycogen synthase kinase-3 alpha,20210420,-
130825,121153613,ERF,-,-,-,Un,-,ETS2 repressor factor,protein-coding,-,-,-,ETS domain-containing transcription factor ERF,20210420,-
130825,121153614,CIC,-,-,-,Un,-,capicua transcriptional repressor,protein-coding,-,-,-,protein capicua homolog,20210420,-
130825,121153615,NOP16,-,-,-,Un,-,NOP16 nucleolar protein,protein-coding,-,-,-,nucleolar protein 16,20210420,-
130825,121153616,MEGF8,-,-,-,Un,-,multiple EGF like domains 8,protein-coding,-,-,-,multiple epidermal growth factor-like domains protein 8,20210420,-
130825,121153617,LIPE,-,-,-,Un,-,"lipase E, hormone sensitive type",protein-coding,-,-,-,hormone-sensitive lipase,20210420,-
130825,121153618,DMAC2,-,-,-,Un,-,distal membrane arm assembly component 2,protein-coding,-,-,-,distal membrane-arm assembly complex protein 2,20210420,-
130825,121153619,BCKDHA,-,-,-,Un,-,branched chain keto acid dehydrogenase E1 subunit alpha,protein-coding,-,-,-,"2-oxoisovalerate dehydrogenase subunit alpha, mitochondrial",20210420,-
130825,121153620,ARL10,-,-,-,Un,-,ADP ribosylation factor like GTPase 10,protein-coding,-,-,-,ADP-ribosylation factor-like protein 10,20210420,-
130825,121153621,B3GNT8,-,-,-,Un,-,"UDP-GlcNAc:betaGal beta-1,3-N-acetylglucosaminyltransferase 8",protein-coding,-,-,-,"UDP-GlcNAc:betaGal beta-1,3-N-acetylglucosaminyltransferase 8",20210420,-
130825,121153622,EXOSC5,-,-,-,Un,-,exosome component 5,protein-coding,-,-,-,exosome complex component RRP46,20210420,-
130825,121153623,B9D2,-,-,-,Un,-,B9 domain containing 2,protein-coding,-,-,-,B9 domain-containing protein 2,20210420,-
130825,121153624,TGFB1,-,-,-,Un,-,transforming growth factor beta 1,protein-coding,-,-,-,transforming growth factor beta-1 proprotein,20210420,-
130825,121153625,CCDC97,-,-,-,Un,-,coiled-coil domain containing 97,protein-coding,-,-,-,coiled-coil domain-containing protein 97,20210420,-
130825,121153626,HNRNPUL1,-,-,-,Un,-,heterogeneous nuclear ribonucleoprotein U like 1,protein-coding,-,-,-,heterogeneous nuclear ribonucleoprotein U-like protein 1,20210420,-
130825,121153627,AXL,-,-,-,Un,-,AXL receptor tyrosine kinase,protein-coding,-,-,-,tyrosine-protein kinase receptor UFO,20210420,-
130825,121153628,LOC121153628,-,-,-,Un,-,cytochrome P450 2B4,protein-coding,-,-,-,cytochrome P450 2B4,20210420,-
130825,121153629,LOC121153629,-,-,-,Un,-,cytochrome P450 2B4-like,protein-coding,-,-,-,cytochrome P450 2B4-like,20210420,-
130825,121153630,LOC121153630,-,-,-,Un,-,cytochrome P450 2F3,protein-coding,-,-,-,cytochrome P450 2F3,20210420,-
130825,121153631,LOC121153631,-,-,-,Un,-,cytochrome P450 2F1-like,pseudo,-,-,-,-,20210420,-
130825,121153632,EGLN2,-,-,-,Un,-,egl-9 family hypoxia inducible factor 2,protein-coding,-,-,-,prolyl hydroxylase EGLN2,20210420,-
130825,121153633,PRR16,-,-,-,Un,-,proline rich 16,protein-coding,-,-,-,protein Largen,20210420,-
130825,121153634,RAB4B,-,-,-,Un,-,"RAB4B, member RAS oncogene family",protein-coding,-,-,-,ras-related protein Rab-4B,20210420,-
130825,121153635,SNRPA,-,-,-,Un,-,small nuclear ribonucleoprotein polypeptide A,protein-coding,-,-,-,U1 small nuclear ribonucleoprotein A,20210420,-
130825,121153636,CUNH19orf54,-,-,-,Un,-,chromosome unknown C19orf54 homolog,protein-coding,-,-,-,UPF0692 protein C19orf54 homolog,20210420,-
130825,121153637,ITPKC,-,-,-,Un,-,inositol-trisphosphate 3-kinase C,protein-coding,-,-,-,inositol-trisphosphate 3-kinase C,20210420,-
130825,121153638,SHKBP1,-,-,-,Un,-,SH3KBP1 binding protein 1,protein-coding,-,-,-,SH3KBP1-binding protein 1,20210420,-
130825,121153639,BLVRB,-,-,-,Un,-,biliverdin reductase B,protein-coding,-,-,-,flavin reductase (NADPH),20210420,-
130825,121153640,SERTAD3,-,-,-,Un,-,SERTA domain containing 3,protein-coding,-,-,-,SERTA domain-containing protein 3,20210420,-
130825,121153641,SERTAD1,-,-,-,Un,-,SERTA domain containing 1,protein-coding,-,-,-,SERTA domain-containing protein 1,20210420,-
130825,121153642,LOC121153642,-,-,-,Un,-,uncharacterized LOC121153642,ncRNA,-,-,-,-,20210420,-
130825,121153643,HIPK4,-,-,-,Un,-,homeodomain interacting protein kinase 4,protein-coding,-,-,-,homeodomain-interacting protein kinase 4,20210420,-
130825,121153644,PLD3,-,-,-,Un,-,phospholipase D family member 3,protein-coding,-,-,-,5'-3' exonuclease PLD3,20210420,-
130825,121153645,LOC121153645,-,-,-,Un,-,zinc finger protein 474-like,protein-coding,-,-,-,zinc finger protein 474-like,20210420,-
130825,121153646,CUNH19orf47,-,-,-,Un,-,chromosome unknown C19orf47 homolog,protein-coding,-,-,-,uncharacterized protein C19orf47 homolog,20210420,-
130825,121153647,AKT2,-,-,-,Un,-,AKT serine/threonine kinase 2,protein-coding,-,-,-,RAC-beta serine/threonine-protein kinase,20210420,-
130825,121153648,MAP3K10,-,-,-,Un,-,mitogen-activated protein kinase kinase kinase 10,protein-coding,-,-,-,mitogen-activated protein kinase kinase kinase 10,20210420,-
130825,121153649,PSMC4,-,-,-,Un,-,"proteasome 26S subunit, ATPase 4",protein-coding,-,-,-,26S proteasome regulatory subunit 6B,20210515,-
130825,121153650,FBL,-,-,-,Un,-,fibrillarin,protein-coding,-,-,-,rRNA 2'-O-methyltransferase fibrillarin,20210420,-
130825,121153651,DYRK1B,-,-,-,Un,-,dual specificity tyrosine phosphorylation regulated kinase 1B,protein-coding,-,-,-,dual specificity tyrosine-phosphorylation-regulated kinase 1B,20210420,-
130825,121153652,LOC121153652,-,-,-,Un,-,uncharacterized LOC121153652,protein-coding,-,-,-,uncharacterized protein LOC121153652,20210420,-
130825,121153653,SUPT5H,-,-,-,Un,-,"SPT5 homolog, DSIF elongation factor subunit",protein-coding,-,-,-,transcription elongation factor SPT5,20210420,-
130825,121153654,RPS16,-,-,-,Un,-,ribosomal protein S16,protein-coding,-,-,-,40S ribosomal protein S16,20210522,-
130825,121153655,PLEKHG2,-,-,-,Un,-,pleckstrin homology and RhoGEF domain containing G2,protein-coding,-,-,-,pleckstrin homology domain-containing family G member 2,20210420,-
130825,121153656,ZFP36,-,-,-,Un,-,ZFP36 ring finger protein,protein-coding,-,-,-,mRNA decay activator protein ZFP36,20210420,-
130825,121153657,LOC121153657,-,-,-,Un,-,synuclein alpha interacting protein,protein-coding,-,-,-,synphilin-1,20210420,-
130825,121153658,MED29,-,-,-,Un,-,mediator complex subunit 29,protein-coding,-,-,-,mediator of RNA polymerase II transcription subunit 29,20210420,-
130825,121153659,SAMD4B,-,-,-,Un,-,sterile alpha motif domain containing 4B,protein-coding,-,-,-,protein Smaug homolog 2,20210420,-
130825,121153660,PAF1,-,-,-,Un,-,"PAF1 homolog, Paf1/RNA polymerase II complex component",protein-coding,-,-,-,RNA polymerase II-associated factor 1 homolog,20210420,-
130825,121153661,GMFG,-,-,-,Un,-,glia maturation factor gamma,protein-coding,-,-,-,glia maturation factor gamma,20210420,-
130825,121153662,PAK4,-,-,-,Un,-,p21 (RAC1) activated kinase 4,protein-coding,-,-,-,serine/threonine-protein kinase PAK 4,20210420,-
130825,121153663,SIRT2,-,-,-,Un,-,sirtuin 2,protein-coding,-,-,-,NAD-dependent protein deacetylase sirtuin-2,20210420,-
130825,121153664,RINL,-,-,-,Un,-,Ras and Rab interactor like,protein-coding,-,-,-,ras and Rab interactor-like protein,20210420,-
130825,121153665,PRDM6,-,-,-,Un,-,PR/SET domain 6,protein-coding,-,-,-,putative histone-lysine N-methyltransferase PRDM6,20210420,-
130825,121153666,HNRNPL,-,-,-,Un,-,heterogeneous nuclear ribonucleoprotein L,protein-coding,-,-,-,heterogeneous nuclear ribonucleoprotein L,20210420,-
130825,121153667,ECH1,-,-,-,Un,-,enoyl-CoA hydratase 1,protein-coding,-,-,-,"delta(3,5)-Delta(2,4)-dienoyl-CoA isomerase, mitochondrial",20210420,-
130825,121153668,ACTN4,-,-,-,Un,-,actinin alpha 4,protein-coding,-,-,-,alpha-actinin-4,20210420,-
130825,121153669,UBE2D2,-,-,-,Un,-,ubiquitin conjugating enzyme E2 D2,protein-coding,-,-,-,ubiquitin-conjugating enzyme E2 D2,20210522,-
130825,121153670,CAPN12,-,-,-,Un,-,calpain 12,protein-coding,-,-,-,calpain-12,20210420,-
130825,121153671,LOC121153671,-,-,-,Un,-,galectin-7-like,protein-coding,-,-,-,galectin-7-like,20210420,-
130825,121153672,TEX43,-,-,-,Un,-,testis expressed 43,protein-coding,-,-,-,testis-expressed protein 43,20210420,-
130825,121153673,LOC121153673,-,-,-,Un,-,uncharacterized LOC121153673,ncRNA,-,-,-,-,20210420,-
130825,121153674,EIF3K,-,-,-,Un,-,eukaryotic translation initiation factor 3 subunit K,protein-coding,-,-,-,eukaryotic translation initiation factor 3 subunit K,20210420,-
130825,121153675,MAP4K1,-,-,-,Un,-,mitogen-activated protein kinase kinase kinase kinase 1,protein-coding,-,-,-,mitogen-activated protein kinase kinase kinase kinase 1,20210420,-
130825,121153676,RYR1,-,-,-,Un,-,ryanodine receptor 1,protein-coding,-,-,-,ryanodine receptor 1,20210420,-
130825,121153677,LOC121153677,-,-,-,Un,-,40S ribosomal protein S14-like,protein-coding,-,-,-,40S ribosomal protein S14-like,20210420,-
130825,121153678,RASGRP4,-,-,-,Un,-,RAS guanyl releasing protein 4,protein-coding,-,-,-,RAS guanyl-releasing protein 4,20210420,-
130825,121153679,CTXN3,-,-,-,Un,-,cortexin 3,protein-coding,-,-,-,cortexin-3,20210420,-
130825,121153680,SPRED3,-,-,-,Un,-,sprouty related EVH1 domain containing 3,protein-coding,-,-,-,"sprouty-related, EVH1 domain-containing protein 3",20210420,-
130825,121153681,FAM98C,-,-,-,Un,-,family with sequence similarity 98 member C,protein-coding,-,-,-,protein FAM98C,20210420,-
130825,121153682,LOC121153682,-,-,-,Un,-,26S proteasome non-ATPase regulatory subunit 8,protein-coding,-,-,-,26S proteasome non-ATPase regulatory subunit 8,20210420,-
130825,121153683,LOC121153683,-,-,-,Un,-,40S ribosomal protein S15a-like,pseudo,-,-,-,-,20210420,-
130825,121153684,LOC121153684,-,-,-,Un,-,signal-induced proliferation-associated 1-like protein 3,protein-coding,-,-,-,signal-induced proliferation-associated 1-like protein 3,20210420,-
130825,121153685,LOC121153685,-,-,-,Un,-,zinc finger protein 420,protein-coding,-,-,-,uncharacterized protein LOC121153685|zinc finger protein 30 homolog|zinc finger protein 345|zinc finger protein 420|zinc finger protein 570,20210420,-
130825,121153686,LOC121153686,-,-,-,Un,-,zinc finger protein 850-like,protein-coding,-,-,-,zinc finger protein 850-like,20210420,-
130825,121153687,LOC121153687,-,-,-,Un,-,uncharacterized LOC121153687,ncRNA,-,-,-,-,20210420,-
130825,121153688,LOC121153688,-,-,-,Un,-,zinc finger protein 729-like,protein-coding,-,-,-,zinc finger protein 729-like,20210420,-
130825,121153689,LOC121153689,-,-,-,Un,-,zinc finger protein 566-like,protein-coding,-,-,-,zinc finger protein 566-like|zinc finger protein 850-like,20210420,-
130825,121153690,LOC121153690,-,-,-,Un,-,uncharacterized LOC121153690,ncRNA,-,-,-,-,20210420,-
130825,121153691,LOC121153691,-,-,-,Un,-,uncharacterized LOC121153691,ncRNA,-,-,-,-,20210420,-
130825,121153692,LOC121153692,-,-,-,Un,-,uncharacterized LOC121153692,ncRNA,-,-,-,-,20210420,-
130825,121153693,LOC121153693,-,-,-,Un,-,uncharacterized LOC121153693,ncRNA,-,-,-,-,20210420,-
130825,121153694,CAPNS1,-,-,-,Un,-,calpain small subunit 1,protein-coding,-,-,-,calpain small subunit 1,20210420,-
130825,121153695,FBN2,-,-,-,Un,-,fibrillin 2,protein-coding,-,-,-,fibrillin-2,20210420,-
130825,121153696,LOC121153696,-,-,-,Un,-,"cytochrome c oxidase subunit 7A1, mitochondrial",protein-coding,-,-,-,"cytochrome c oxidase subunit 7A1, mitochondrial",20210420,-
130825,121153697,TBCB,-,-,-,Un,-,tubulin folding cofactor B,protein-coding,-,-,-,tubulin-folding cofactor B,20210420,-
130825,121153698,WDR62,-,-,-,Un,-,WD repeat domain 62,protein-coding,-,-,-,WD repeat-containing protein 62,20210420,-
130825,121153699,SYNE4,-,-,-,Un,-,spectrin repeat containing nuclear envelope family member 4,protein-coding,-,-,-,nesprin-4,20210420,-
130825,121153700,ALKBH6,-,-,-,Un,-,alkB homolog 6,protein-coding,-,-,-,alpha-ketoglutarate-dependent dioxygenase alkB homolog 6,20210420,-
130825,121153701,LOC121153701,-,-,-,Un,-,transmembrane immune signaling adaptor TYROBP,protein-coding,-,-,-,TYRO protein tyrosine kinase-binding protein,20210420,-
130825,121153702,ADAMTS19,-,-,-,Un,-,ADAM metallopeptidase with thrombospondin type 1 motif 19,protein-coding,-,-,-,A disintegrin and metalloproteinase with thrombospondin motifs 19,20210420,-
130825,121153703,HCST,-,-,-,Un,-,hematopoietic cell signal transducer,protein-coding,-,-,-,hematopoietic cell signal transducer,20210420,-
130825,121153704,NFKBID,-,-,-,Un,-,NFKB inhibitor delta,protein-coding,-,-,-,NF-kappa-B inhibitor delta,20210420,-
130825,121153705,LIN37,-,-,-,Un,-,lin-37 DREAM MuvB core complex component,protein-coding,-,-,-,protein lin-37 homolog,20210420,-
130825,121153706,HSPB6,-,-,-,Un,-,heat shock protein family B (small) member 6,protein-coding,-,-,-,heat shock protein beta-6,20210420,-
130825,121153707,MINAR2,-,-,-,Un,-,membrane integral NOTCH2 associated receptor 2,protein-coding,-,-,-,major intrinsically disordered NOTCH2-binding receptor 1-like,20210420,-
130825,121153708,PSENEN,-,-,-,Un,-,"presenilin enhancer, gamma-secretase subunit",protein-coding,-,-,-,gamma-secretase subunit PEN-2,20210420,-
130825,121153709,KMT2B,-,-,-,Un,-,lysine methyltransferase 2B,protein-coding,-,-,-,histone-lysine N-methyltransferase 2B,20210420,-
130825,121153710,ZBTB32,-,-,-,Un,-,zinc finger and BTB domain containing 32,protein-coding,-,-,-,zinc finger and BTB domain-containing protein 32,20210420,-
130825,121153711,LOC121153711,-,-,-,Un,-,cytochrome c oxidase subunit 6B1,protein-coding,-,-,-,cytochrome c oxidase subunit 6B1,20210420,-
130825,121153712,RBM42,-,-,-,Un,-,RNA binding motif protein 42,protein-coding,-,-,-,RNA-binding protein 42,20210420,-
130825,121153713,HAUS5,-,-,-,Un,-,HAUS augmin like complex subunit 5,protein-coding,-,-,-,HAUS augmin-like complex subunit 5,20210420,-
130825,121153714,LOC121153714,-,-,-,Un,-,transcription factor BTF3-like,pseudo,-,-,-,-,20210420,-
130825,121153715,CD22,-,-,-,Un,-,CD22 molecule,protein-coding,-,-,-,B-cell receptor CD22,20210420,-
130825,121153716,USF2,-,-,-,Un,-,"upstream transcription factor 2, c-fos interacting",protein-coding,-,-,-,upstream stimulatory factor 2,20210420,-
130825,121153717,LSR,-,-,-,Un,-,lipolysis stimulated lipoprotein receptor,protein-coding,-,-,-,lipolysis-stimulated lipoprotein receptor,20210420,-
130825,121153718,FXYD5,-,-,-,Un,-,FXYD domain containing ion transport regulator 5,protein-coding,-,-,-,FXYD domain-containing ion transport regulator 5,20210420,-
130825,121153719,ACSL6,-,-,-,Un,-,acyl-CoA synthetase long chain family member 6,protein-coding,-,-,-,long-chain-fatty-acid--CoA ligase 6,20210420,-
130825,121153720,GARRE1,-,-,-,Un,-,granule associated Rac and RHOG effector 1,protein-coding,-,-,-,granule associated Rac and RHOG effector protein 1,20210420,-
130825,121153721,GRAMD1A,-,-,-,Un,-,GRAM domain containing 1A,protein-coding,-,-,-,protein Aster-A,20210420,-
130825,121153722,UBA2,-,-,-,Un,-,ubiquitin like modifier activating enzyme 2,protein-coding,-,-,-,SUMO-activating enzyme subunit 2,20210420,-
130825,121153723,LOC121153723,-,-,-,Un,-,zinc finger protein 181-like,protein-coding,-,-,-,zinc finger protein 181-like,20210420,-
130825,121153724,GPI,-,-,-,Un,-,glucose-6-phosphate isomerase,protein-coding,-,-,-,glucose-6-phosphate isomerase,20210420,-
130825,121153725,LGI4,-,-,-,Un,-,leucine rich repeat LGI family member 4,protein-coding,-,-,-,leucine-rich repeat LGI family member 4,20210420,-
130825,121153726,LSM14A,-,-,-,Un,-,LSM14A mRNA processing body assembly factor,protein-coding,-,-,-,protein LSM14 homolog A,20210420,-
130825,121153727,LOC121153727,-,-,-,Un,-,bromodomain-containing protein 4-like,pseudo,-,-,-,-,20210420,-
130825,121153728,LOC121153728,-,-,-,Un,-,WT1 interacting protein,protein-coding,-,-,-,Wilms tumor protein 1-interacting protein,20210420,-
130825,121153729,HPN,-,-,-,Un,-,hepsin,protein-coding,-,-,-,serine protease hepsin,20210420,-
130825,121153730,PDCD2L,-,-,-,Un,-,programmed cell death 2 like,protein-coding,-,-,-,programmed cell death protein 2-like,20210420,-
130825,121153731,SCN1B,-,-,-,Un,-,sodium voltage-gated channel beta subunit 1,protein-coding,-,-,-,sodium channel subunit beta-1,20210420,-
130825,121153732,LOC121153732,-,-,-,Un,-,major allergen I polypeptide chain 2-like,protein-coding,-,-,-,major allergen I polypeptide chain 2-like,20210420,-
130825,121153733,LOC121153733,-,-,-,Un,-,major allergen I polypeptide chain 1-like,protein-coding,-,-,-,major allergen I polypeptide chain 1-like,20210420,-
130825,121153734,FXYD1,-,-,-,Un,-,FXYD domain containing ion transport regulator 1,protein-coding,-,-,-,phospholemman,20210420,-
130825,121153735,FXYD3,-,-,-,Un,-,FXYD domain containing ion transport regulator 3,protein-coding,-,-,-,LOW QUALITY PROTEIN: FXYD domain-containing ion transport regulator 3,20210420,-
130825,121153736,LOC121153736,-,-,-,Un,-,uncharacterized LOC121153736,ncRNA,-,-,-,-,20210420,-
130825,121153737,PEPD,-,-,-,Un,-,peptidase D,protein-coding,-,-,-,xaa-Pro dipeptidase,20210420,-
130825,121153738,CEBPG,-,-,-,Un,-,CCAAT enhancer binding protein gamma,protein-coding,-,-,-,CCAAT/enhancer-binding protein gamma,20210420,-
130825,121153739,CEBPA,-,-,-,Un,-,CCAAT enhancer binding protein alpha,protein-coding,-,-,-,CCAAT/enhancer-binding protein alpha,20210420,-
130825,121153740,GPATCH1,-,-,-,Un,-,G-patch domain containing 1,protein-coding,-,-,-,G patch domain-containing protein 1,20210420,-
130825,121153741,NUDT19,-,-,-,Un,-,nudix hydrolase 19,protein-coding,-,-,-,nucleoside diphosphate-linked moiety X motif 19,20210420,-
130825,121153742,ANKRD27,-,-,-,Un,-,ankyrin repeat domain 27,protein-coding,-,-,-,ankyrin repeat domain-containing protein 27,20210420,-
130825,121153743,PDCD5,-,-,-,Un,-,programmed cell death 5,protein-coding,-,-,-,programmed cell death protein 5,20210420,-
130825,121153744,CSF2,-,-,-,Un,-,colony stimulating factor 2,protein-coding,-,-,-,granulocyte-macrophage colony-stimulating factor,20210420,-
130825,121153745,DPY19L3,-,-,-,Un,-,dpy-19 like C-mannosyltransferase 3,protein-coding,-,-,-,probable C-mannosyltransferase DPY19L3,20210420,-
130825,121153746,LOC121153746,-,-,-,Un,-,"DNA-directed RNA polymerases I, II, and III subunit RPABC4-like",pseudo,-,-,-,-,20210420,-
130825,121153747,ZNF507,-,-,-,Un,-,zinc finger protein 507,protein-coding,-,-,-,zinc finger protein 507,20210420,-
130825,121153748,URI1,-,-,-,Un,-,URI1 prefoldin like chaperone,protein-coding,-,-,-,unconventional prefoldin RPB5 interactor 1,20210420,-
130825,121153749,CCNE1,-,-,-,Un,-,cyclin E1,protein-coding,-,-,-,G1/S-specific cyclin-E1,20210420,-
130825,121153750,PLEKHF1,-,-,-,Un,-,pleckstrin homology and FYVE domain containing 1,protein-coding,-,-,-,pleckstrin homology domain-containing family F member 1,20210420,-
130825,121153751,POP4,-,-,-,Un,-,"POP4 homolog, ribonuclease P/MRP subunit",protein-coding,-,-,-,ribonuclease P protein subunit p29,20210420,-
130825,121153752,LOC121153752,-,-,-,Un,-,"cytochrome b-c1 complex subunit Rieske, mitochondrial",protein-coding,-,-,-,"cytochrome b-c1 complex subunit Rieske, mitochondrial",20210420,-
130825,121153753,LOC121153753,-,-,-,Un,-,adiponectin receptor protein 1-like,pseudo,-,-,-,-,20210420,-
130825,121153754,LOC121153754,-,-,-,Un,-,ribosome biogenesis protein NSA2 homolog,pseudo,-,-,-,-,20210420,-
130825,121153755,LOC121153755,-,-,-,Un,-,S-adenosylhomocysteine hydrolase-like protein 1,pseudo,-,-,-,-,20210420,-
130825,121153756,LOC121153756,-,-,-,Un,-,radial spoke head protein 6 homolog A-like,protein-coding,-,-,-,radial spoke head protein 6 homolog A-like,20210420,-
130825,121153757,LOC121153757,-,-,-,Un,-,gastric inhibitory polypeptide receptor-like,protein-coding,-,-,-,gastric inhibitory polypeptide receptor-like,20210420,-
130825,121153758,LOC121153758,-,-,-,Un,-,probable protein phosphatase 1N,protein-coding,-,-,-,probable protein phosphatase 1N,20210420,-
130825,121153759,POLR1G,-,-,-,Un,-,RNA polymerase I subunit G,protein-coding,-,-,-,DNA-directed RNA polymerase I subunit RPA34,20210420,-
130825,121153760,ERCC2,-,-,-,Un,-,"ERCC excision repair 2, TFIIH core complex helicase subunit",protein-coding,-,-,-,general transcription and DNA repair factor IIH helicase subunit XPD,20210420,-
130825,121153761,LOC121153761,-,-,-,Un,-,very-long-chain 3-oxoacyl-CoA reductase-B-like,protein-coding,-,-,-,very-long-chain 3-oxoacyl-CoA reductase-B-like,20210420,-
130825,121153762,LOC121153762,-,-,-,Un,-,very-long-chain 3-oxoacyl-CoA reductase-B-like,protein-coding,-,-,-,very-long-chain 3-oxoacyl-CoA reductase-B-like,20210420,-
130825,121153763,LOC121153763,-,-,-,Un,-,very-long-chain 3-oxoacyl-CoA reductase-like,protein-coding,-,-,-,very-long-chain 3-oxoacyl-CoA reductase-like,20210420,-
130825,121153764,PDLIM4,-,-,-,Un,-,PDZ and LIM domain 4,protein-coding,-,-,-,PDZ and LIM domain protein 4,20210420,-
130825,121153765,APOC4,-,-,-,Un,-,apolipoprotein C4,protein-coding,-,-,-,LOW QUALITY PROTEIN: apolipoprotein C-IV,20210420,-
130825,121153766,NECTIN2,-,-,-,Un,-,nectin cell adhesion molecule 2,protein-coding,-,-,-,nectin-2,20210420,-
130825,121153767,CBLC,-,-,-,Un,-,Cbl proto-oncogene C,protein-coding,-,-,-,E3 ubiquitin-protein ligase CBL-C,20210420,-
130825,121153768,CEACAM16,-,-,-,Un,-,"CEA cell adhesion molecule 16, tectorial membrane component",protein-coding,-,-,-,carcinoembryonic antigen-related cell adhesion molecule 16,20210420,-
130825,121153769,PVR,-,-,-,Un,-,PVR cell adhesion molecule,protein-coding,-,-,-,poliovirus receptor,20210420,-
130825,121153770,LOC121153770,-,-,-,Un,-,zinc finger protein 235-like,protein-coding,-,-,-,zinc finger protein 235-like,20210420,-
130825,121153771,ZNF575,-,-,-,Un,-,zinc finger protein 575,protein-coding,-,-,-,LOW QUALITY PROTEIN: zinc finger protein 575,20210420,-
130825,121153772,LYPD4,-,-,-,Un,-,LY6/PLAUR domain containing 4,protein-coding,-,-,-,ly6/PLAUR domain-containing protein 4,20210420,-
130825,121153773,DMRTC2,-,-,-,Un,-,DMRT like family C2,protein-coding,-,-,-,doublesex- and mab-3-related transcription factor C2,20210420,-
130825,121153774,LOC121153774,-,-,-,Un,-,carcinoembryonic antigen-related cell adhesion molecule 6-like,protein-coding,-,-,-,carcinoembryonic antigen-related cell adhesion molecule 6-like,20210420,-
130825,121153775,LOC121153775,-,-,-,Un,-,carcinoembryonic antigen-related cell adhesion molecule 6-like,protein-coding,-,-,-,carcinoembryonic antigen-related cell adhesion molecule 6-like,20210420,-
130825,121153776,ERICH4,-,-,-,Un,-,glutamate rich 4,protein-coding,-,-,-,glutamate-rich protein 4,20210420,-
130825,121153777,LOC121153777,-,-,-,Un,-,transforming growth factor beta-1 proprotein-like,protein-coding,-,-,-,transforming growth factor beta-1 proprotein-like,20210420,-
130825,121153778,COQ8B,-,-,-,Un,-,coenzyme Q8B,protein-coding,-,-,-,"atypical kinase COQ8B, mitochondrial",20210420,-
130825,121153779,LOC121153779,-,-,-,Un,-,cyclin P,protein-coding,-,-,-,cyclin-P,20210420,-
130825,121153780,LOC121153780,-,-,-,Un,-,IgGFc-binding protein-like,protein-coding,-,-,-,IgGFc-binding protein-like,20210420,-
130825,121153781,IL13,-,-,-,Un,-,interleukin 13,protein-coding,-,-,-,interleukin-13,20210420,-
130825,121153782,LOC121153782,-,-,-,Un,-,IgGFc-binding protein-like,protein-coding,-,-,-,IgGFc-binding protein-like,20210420,-
130825,121153783,LOC121153783,-,-,-,Un,-,Fc fragment of IgG binding protein,protein-coding,-,-,-,LOW QUALITY PROTEIN: IgGFc-binding protein,20210420,-
130825,121153784,LOC121153784,-,-,-,Un,-,probable cytosolic iron-sulfur protein assembly protein CIAO1,pseudo,-,-,-,-,20210420,-
130825,121153785,LOC121153785,-,-,-,Un,-,probable cytosolic iron-sulfur protein assembly protein CIAO1,pseudo,-,-,-,-,20210420,-
130825,121153786,LOC121153786,-,-,-,Un,-,probable cytosolic iron-sulfur protein assembly protein CIAO1,pseudo,-,-,-,-,20210420,-
130825,121153787,LOC121153787,-,-,-,Un,-,galectin-10-like,protein-coding,-,-,-,galectin-10-like,20210420,-
130825,121153788,EID2B,-,-,-,Un,-,EP300 interacting inhibitor of differentiation 2B,protein-coding,-,-,-,EP300-interacting inhibitor of differentiation 2B,20210420,-
130825,121153789,SELENOV,-,-,-,Un,-,selenoprotein V,protein-coding,-,-,-,selenoprotein V,20210420,-
130825,121153790,DLL3,-,-,-,Un,-,delta like canonical Notch ligand 3,protein-coding,-,-,-,delta-like protein 3,20210420,-
130825,121153791,LOC121153791,-,-,-,Un,-,interferon lambda-4-like,protein-coding,-,-,-,interferon lambda-4-like,20210420,-
130825,121153792,IL4,-,-,-,Un,-,interleukin 4,protein-coding,-,-,-,interleukin-4,20210420,-
130825,121153793,LOC121153793,-,-,-,Un,-,interferon lambda-4-like,protein-coding,-,-,-,interferon lambda-4-like,20210420,-
130825,121153794,CCER2,-,-,-,Un,-,coiled-coil glutamate rich protein 2,protein-coding,-,-,-,coiled-coil domain-containing glutamate-rich protein 2,20210420,-
130825,121153795,LGALS7B,-,-,-,Un,-,galectin 7B,protein-coding,-,-,-,galectin-7,20210420,-
130825,121153796,GGN,-,-,-,Un,-,gametogenetin,protein-coding,-,-,-,gametogenetin,20210420,-
130825,121153797,LOC121153797,-,-,-,Un,-,cation channel sperm-associated protein subunit gamma-like,protein-coding,-,-,-,cation channel sperm-associated protein subunit gamma-like,20210420,-
130825,121153798,LOC121153798,-,-,-,Un,-,WD repeat-containing protein 87-like,protein-coding,-,-,-,WD repeat-containing protein 87-like,20210420,-
130825,121153799,OVOL3,-,-,-,Un,-,ovo like zinc finger 3,protein-coding,-,-,-,putative transcription factor ovo-like protein 3,20210420,-
130825,121153800,LOC121153800,-,-,-,Un,-,prohibitin-2-like,pseudo,-,-,-,-,20210420,-
130825,121153801,KIRREL2,-,-,-,Un,-,kirre like nephrin family adhesion molecule 2,protein-coding,-,-,-,kin of IRRE-like protein 2,20210420,-
130825,121153802,PRODH2,-,-,-,Un,-,proline dehydrogenase 2,protein-coding,-,-,-,hydroxyproline dehydrogenase,20210420,-
130825,121153803,PROSER3,-,-,-,Un,-,proline and serine rich 3,protein-coding,-,-,-,proline and serine-rich protein 3,20210420,-
130825,121153804,U2AF1L4,-,-,-,Un,-,U2 small nuclear RNA auxiliary factor 1 like 4,protein-coding,-,-,-,LOW QUALITY PROTEIN: splicing factor U2AF 26 kDa subunit,20210420,-
130825,121153805,IGFLR1,-,-,-,Un,-,IGF like family receptor 1,protein-coding,-,-,-,IGF-like family receptor 1,20210420,-
130825,121153806,LOC121153806,-,-,-,Un,-,60S ribosomal protein L27-like,pseudo,-,-,-,-,20210420,-
130825,121153807,ETV2,-,-,-,Un,-,ETS variant transcription factor 2,protein-coding,-,-,-,ETS translocation variant 2,20210420,-
130825,121153808,SBSN,-,-,-,Un,-,suprabasin,protein-coding,-,-,-,suprabasin,20210420,-
130825,121153809,DMKN,-,-,-,Un,-,dermokine,protein-coding,-,-,-,dermokine,20210420,-
130825,121153810,SOWAHA,-,-,-,Un,-,sosondowah ankyrin repeat domain family member A,protein-coding,-,-,-,ankyrin repeat domain-containing protein SOWAHA,20210420,-
130825,121153811,FAM187B,-,-,-,Un,-,family with sequence similarity 187 member B,protein-coding,-,-,-,protein FAM187B,20210420,-
130825,121153812,LOC121153812,-,-,-,Un,-,androgen-binding protein homolog,protein-coding,-,-,-,androgen-binding protein homolog,20210420,-
130825,121153813,WDR88,-,-,-,Un,-,WD repeat domain 88,protein-coding,-,-,-,WD repeat-containing protein 88,20210420,-
130825,121153814,CEP89,-,-,-,Un,-,centrosomal protein 89,protein-coding,-,-,-,centrosomal protein of 89 kDa,20210420,-
130825,121153815,TDRD12,-,-,-,Un,-,tudor domain containing 12,protein-coding,-,-,-,LOW QUALITY PROTEIN: putative ATP-dependent RNA helicase TDRD12,20210420,-
130825,121153816,LOC121153816,-,-,-,Un,-,periphilin-1-like,protein-coding,-,-,-,periphilin-1-like,20210420,-
130825,121153817,LOC121153817,-,-,-,Un,-,protein BTG3-like,pseudo,-,-,-,-,20210420,-
130825,121153818,LOC121153818,-,-,-,Un,-,RNA-binding protein Nova-2,protein-coding,-,-,-,RNA-binding protein Nova-2,20210420,-
130825,121153819,LOC121153819,-,-,-,Un,-,nanos homolog 2-like,protein-coding,-,-,-,nanos homolog 2-like,20210420,-
130825,121153820,LOC121153820,-,-,-,Un,-,"myb-related transcription factor, partner of profilin-like",protein-coding,-,-,-,"myb-related transcription factor, partner of profilin-like",20210420,-
130825,121153821,LOC121153821,-,-,-,Un,-,cytochrome b-c1 complex subunit 8,protein-coding,-,-,-,cytochrome b-c1 complex subunit 8,20210420,-
130825,121153822,LOC121153822,-,-,-,Un,-,interferon regulatory factor 2-binding protein 1,protein-coding,-,-,-,interferon regulatory factor 2-binding protein 1,20210420,-
130825,121153823,LOC121153823,-,-,-,Un,-,hepatocyte nuclear factor 3-gamma-like,protein-coding,-,-,-,hepatocyte nuclear factor 3-gamma-like,20210420,-
130825,121153824,LOC121153824,-,-,-,Un,-,myotonin-protein kinase-like,protein-coding,-,-,-,myotonin-protein kinase-like,20210420,-
130825,121153825,LOC121153825,-,-,-,Un,-,homeobox protein SIX5-like,protein-coding,-,-,-,homeobox protein SIX5-like,20210420,-
130825,121153826,LOC121153826,-,-,-,Un,-,small nuclear ribonucleoprotein Sm D2,protein-coding,-,-,-,small nuclear ribonucleoprotein Sm D2,20210501,-
130825,121153827,LOC121153827,-,-,-,Un,-,echinoderm microtubule-associated protein-like 2,protein-coding,-,-,-,echinoderm microtubule-associated protein-like 2,20210420,-
130825,121153828,FSTL4,-,-,-,Un,-,follistatin like 4,protein-coding,-,-,-,follistatin-related protein 4,20210420,-
130825,121153829,LOC121153829,-,-,-,Un,-,G-protein coupled receptor 4,protein-coding,-,-,-,G-protein coupled receptor 4,20210420,-
130825,121153830,LOC121153830,-,-,-,Un,-,DNA excision repair protein ERCC-1-like,protein-coding,-,-,-,DNA excision repair protein ERCC-1-like,20210420,-
130825,121153831,PPP1R13L,-,-,-,Un,-,protein phosphatase 1 regulatory subunit 13 like,protein-coding,-,-,-,relA-associated inhibitor,20210420,-
130825,121153832,CKM,-,-,-,Un,-,"creatine kinase, M-type",protein-coding,-,-,-,creatine kinase M-type,20210420,-
130825,121153833,EXOC3L2,-,-,-,Un,-,exocyst complex component 3 like 2,protein-coding,-,-,-,exocyst complex component 3-like protein 2,20210420,-
130825,121153834,LOC121153834,-,-,-,Un,-,very-long-chain 3-oxoacyl-CoA reductase-B-like,protein-coding,-,-,-,very-long-chain 3-oxoacyl-CoA reductase-B-like,20210420,-
130825,121153835,BLOC1S3,-,-,-,Un,-,biogenesis of lysosomal organelles complex 1 subunit 3,protein-coding,-,-,-,biogenesis of lysosome-related organelles complex 1 subunit 3,20210420,-
130825,121153836,TRAPPC6A,-,-,-,Un,-,trafficking protein particle complex subunit 6A,protein-coding,-,-,-,trafficking protein particle complex subunit 6A,20210420,-
130825,121153837,NKPD1,-,-,-,Un,-,NTPase KAP family P-loop domain containing 1,protein-coding,-,-,-,NTPase KAP family P-loop domain-containing protein 1,20210420,-
130825,121153838,LOC121153838,-,-,-,Un,-,L-lactate dehydrogenase A-like 6B,protein-coding,-,-,-,L-lactate dehydrogenase A-like 6B,20210420,-
130825,121153839,PAFAH1B3,-,-,-,Un,-,platelet activating factor acetylhydrolase 1b catalytic subunit 3,protein-coding,-,-,-,platelet-activating factor acetylhydrolase IB subunit alpha1,20210420,-
130825,121153840,PRR19,-,-,-,Un,-,proline rich 19,protein-coding,-,-,-,proline-rich protein 19,20210420,-
130825,121153841,TMEM145,-,-,-,Un,-,transmembrane protein 145,protein-coding,-,-,-,transmembrane protein 145,20210420,-
130825,121153842,CNFN,-,-,-,Un,-,cornifelin,protein-coding,-,-,-,cornifelin,20210420,-
130825,121153843,CXCL17,-,-,-,Un,-,C-X-C motif chemokine ligand 17,protein-coding,-,-,-,C-X-C motif chemokine 17,20210420,-
130825,121153844,LOC121153844,-,-,-,Un,-,cytochrome P450 2S1,protein-coding,-,-,-,cytochrome P450 2S1,20210420,-
130825,121153845,LOC121153845,-,-,-,Un,-,cytochrome P450 2G1,protein-coding,-,-,-,cytochrome P450 2G1,20210420,-
130825,121153846,LOC121153846,-,-,-,Un,-,cytochrome P450 2A11,protein-coding,-,-,-,cytochrome P450 2A10|cytochrome P450 2A11,20210420,-
130825,121153847,CATSPER3,-,-,-,Un,-,cation channel sperm associated 3,protein-coding,-,-,-,cation channel sperm-associated protein 3,20210420,-
130825,121153848,LOC121153848,-,-,-,Un,-,ribosome maturation protein SBDS-like,pseudo,-,-,-,-,20210420,-
130825,121153849,MIA,-,-,-,Un,-,MIA SH3 domain containing,protein-coding,-,-,-,melanoma-derived growth regulatory protein,20210420,-
130825,121153850,NUMBL,-,-,-,Un,-,NUMB like endocytic adaptor protein,protein-coding,-,-,-,numb-like protein,20210420,-
130825,121153851,LTBP4,-,-,-,Un,-,latent transforming growth factor beta binding protein 4,protein-coding,-,-,-,latent-transforming growth factor beta-binding protein 4,20210420,-
130825,121153852,SPTBN4,-,-,-,Un,-,"spectrin beta, non-erythrocytic 4",protein-coding,-,-,-,"spectrin beta chain, non-erythrocytic 4",20210420,-
130825,121153853,PRX,-,-,-,Un,-,periaxin,protein-coding,-,-,-,periaxin,20210420,-
130825,121153854,TTC9B,-,-,-,Un,-,tetratricopeptide repeat domain 9B,protein-coding,-,-,-,tetratricopeptide repeat protein 9B,20210420,-
130825,121153855,LOC121153855,-,-,-,Un,-,galectin-10-like,protein-coding,-,-,-,galectin-10-like,20210420,-
130825,121153856,EID2,-,-,-,Un,-,EP300 interacting inhibitor of differentiation 2,protein-coding,-,-,-,EP300-interacting inhibitor of differentiation 2,20210420,-
130825,121153857,TIMM50,-,-,-,Un,-,translocase of inner mitochondrial membrane 50,protein-coding,-,-,-,mitochondrial import inner membrane translocase subunit TIM50,20210420,-
130825,121153858,LRFN1,-,-,-,Un,-,leucine rich repeat and fibronectin type III domain containing 1,protein-coding,-,-,-,leucine-rich repeat and fibronectin type III domain-containing protein 1,20210420,-
130825,121153859,LOC121153859,-,-,-,Un,-,interferon lambda-1-like,protein-coding,-,-,-,interferon lambda-1-like,20210420,-
130825,121153860,SYCN,-,-,-,Un,-,syncollin,protein-coding,-,-,-,syncollin,20210420,-
130825,121153861,NCCRP1,-,-,-,Un,-,"NCCRP1, F-box associated domain containing",protein-coding,-,-,-,F-box only protein 50,20210420,-
130825,121153862,PITX1,-,-,-,Un,-,paired like homeodomain 1,protein-coding,-,-,-,pituitary homeobox 1,20210420,-
130825,121153863,ACP7,-,-,-,Un,-,"acid phosphatase 7, tartrate resistant (putative)",protein-coding,-,-,-,acid phosphatase type 7,20210420,-
130825,121153864,FBXO27,-,-,-,Un,-,F-box protein 27,protein-coding,-,-,-,F-box only protein 27,20210420,-
130825,121153865,LOC121153865,-,-,-,Un,-,F-box only protein 17-like,protein-coding,-,-,-,F-box only protein 17-like,20210420,-
130825,121153866,MRPS12,-,-,-,Un,-,mitochondrial ribosomal protein S12,protein-coding,-,-,-,"28S ribosomal protein S12, mitochondrial",20210420,-
130825,121153867,SARS2,-,-,-,Un,-,"seryl-tRNA synthetase 2, mitochondrial",protein-coding,-,-,-,"serine--tRNA ligase, mitochondrial",20210420,-
130825,121153868,NFKBIB,-,-,-,Un,-,NFKB inhibitor beta,protein-coding,-,-,-,NF-kappa-B inhibitor beta,20210420,-
130825,121153869,LGALS4,-,-,-,Un,-,galectin 4,protein-coding,-,-,-,galectin-4,20210420,-
130825,121153870,LOC121153870,-,-,-,Un,-,proteasome subunit alpha type-4-like,protein-coding,-,-,-,proteasome subunit alpha type-4-like,20210420,-
130825,121153871,LOC121153871,-,-,-,Un,-,potassium channel subfamily K member 6,protein-coding,-,-,-,potassium channel subfamily K member 6,20210420,-
130825,121153872,NEUROG1,-,-,-,Un,-,neurogenin 1,protein-coding,-,-,-,neurogenin-1,20210420,-
130825,121153873,LOC121153873,-,-,-,Un,-,protein YIF1B-like,protein-coding,-,-,-,protein YIF1B-like,20210420,-
130825,121153874,LOC121153874,-,-,-,Un,-,immortalization up-regulated protein-like,protein-coding,-,-,-,immortalization up-regulated protein-like,20210420,-
130825,121153875,LOC121153875,-,-,-,Un,-,kunitz-type protease inhibitor 2-like,protein-coding,-,-,-,kunitz-type protease inhibitor 2-like,20210420,-
130825,121153876,LOC121153876,-,-,-,Un,-,protein phosphatase 1 regulatory subunit 14A,protein-coding,-,-,-,protein phosphatase 1 regulatory subunit 14A,20210420,-
130825,121153877,LOC121153877,-,-,-,Un,-,zinc finger protein neuro-d4,protein-coding,-,-,-,zinc finger protein neuro-d4,20210420,-
130825,121153878,LOC121153878,-,-,-,Un,-,transmembrane protein 230-like,pseudo,-,-,-,-,20210420,-
130825,121153879,POLR2I,-,-,-,Un,-,RNA polymerase II subunit I,protein-coding,-,-,-,DNA-directed RNA polymerase II subunit RPB9,20210420,-
130825,121153880,CXCL14,-,-,-,Un,-,C-X-C motif chemokine ligand 14,protein-coding,-,-,-,C-X-C motif chemokine 14,20210420,-
130825,121153881,CLIP3,-,-,-,Un,-,CAP-Gly domain containing linker protein 3,protein-coding,-,-,-,CAP-Gly domain-containing linker protein 3,20210420,-
130825,121153882,SDHAF1,-,-,-,Un,-,succinate dehydrogenase complex assembly factor 1,protein-coding,-,-,-,"succinate dehydrogenase assembly factor 1, mitochondrial",20210420,-
130825,121153883,LRFN3,-,-,-,Un,-,leucine rich repeat and fibronectin type III domain containing 3,protein-coding,-,-,-,leucine-rich repeat and fibronectin type-III domain-containing protein 3,20210420,-
130825,121153884,APLP1,-,-,-,Un,-,amyloid beta precursor like protein 1,protein-coding,-,-,-,amyloid-like protein 1,20210420,-
130825,121153885,NPHS1,-,-,-,Un,-,"NPHS1 adhesion molecule, nephrin",protein-coding,-,-,-,nephrin,20210420,-
130825,121153886,ARHGAP33,-,-,-,Un,-,Rho GTPase activating protein 33,protein-coding,-,-,-,rho GTPase-activating protein 33,20210420,-
130825,121153887,UPK1A,-,-,-,Un,-,uroplakin 1A,protein-coding,-,-,-,uroplakin-1a,20210420,-
130825,121153888,LOC121153888,-,-,-,Un,-,uncharacterized LOC121153888,ncRNA,-,-,-,-,20210420,-
130825,121153889,FOXI1,-,-,-,Un,-,forkhead box I1,protein-coding,-,-,-,forkhead box protein I1,20210420,-
130825,121153890,ATP4A,-,-,-,Un,-,ATPase H+/K+ transporting subunit alpha,protein-coding,-,-,-,potassium-transporting ATPase alpha chain 1,20210420,-
130825,121153891,TMEM147,-,-,-,Un,-,transmembrane protein 147,protein-coding,-,-,-,transmembrane protein 147,20210420,-
130825,121153892,GAPDHS,-,-,-,Un,-,"glyceraldehyde-3-phosphate dehydrogenase, spermatogenic",protein-coding,-,-,-,"glyceraldehyde-3-phosphate dehydrogenase, testis-specific",20210420,-
130825,121153893,LOC121153893,-,-,-,Un,-,keratinocyte differentiation associated protein,protein-coding,-,-,-,keratinocyte differentiation-associated protein,20210420,-
130825,121153894,FFAR2,-,-,-,Un,-,free fatty acid receptor 2,protein-coding,-,-,-,free fatty acid receptor 2,20210420,-
130825,121153895,FFAR3,-,-,-,Un,-,free fatty acid receptor 3,protein-coding,-,-,-,free fatty acid receptor 3,20210420,-
130825,121153896,FFAR1,-,-,-,Un,-,free fatty acid receptor 1,protein-coding,-,-,-,free fatty acid receptor 1,20210420,-
130825,121153897,MAG,-,-,-,Un,-,myelin associated glycoprotein,protein-coding,-,-,-,myelin-associated glycoprotein,20210420,-
130825,121153898,LOC121153898,-,-,-,Un,-,hepcidin antimicrobial peptide,protein-coding,-,-,-,hepcidin,20210420,-
130825,121153899,FXYD7,-,-,-,Un,-,FXYD domain containing ion transport regulator 7,protein-coding,-,-,-,FXYD domain-containing ion transport regulator 7,20210420,-
130825,121153900,KCTD15,-,-,-,Un,-,potassium channel tetramerization domain containing 15,protein-coding,-,-,-,BTB/POZ domain-containing protein KCTD15,20210420,-
130825,121153901,CHST8,-,-,-,Un,-,carbohydrate sulfotransferase 8,protein-coding,-,-,-,carbohydrate sulfotransferase 8,20210420,-
130825,121153902,SLC7A10,-,-,-,Un,-,solute carrier family 7 member 10,protein-coding,-,-,-,asc-type amino acid transporter 1,20210420,-
130825,121153903,LRP3,-,-,-,Un,-,LDL receptor related protein 3,protein-coding,-,-,-,low-density lipoprotein receptor-related protein 3,20210420,-
130825,121153904,RHPN2,-,-,-,Un,-,rhophilin Rho GTPase binding protein 2,protein-coding,-,-,-,rhophilin-2,20210420,-
130825,121153905,FAAP24,-,-,-,Un,-,FA core complex associated protein 24,protein-coding,-,-,-,Fanconi anemia core complex-associated protein 24,20210420,-
130825,121153906,LOC121153906,-,-,-,Un,-,"b(0,+)-type amino acid transporter 1",protein-coding,-,-,-,"b(0,+)-type amino acid transporter 1",20210420,-
130825,121153907,LOC121153907,-,-,-,Un,-,"b(0,+)-type amino acid transporter 1-like",protein-coding,-,-,-,"b(0,+)-type amino acid transporter 1-like",20210420,-
130825,121153908,LOC121153908,-,-,-,Un,-,regulator of G protein signaling 9 binding protein,protein-coding,-,-,-,regulator of G-protein signaling 9-binding protein,20210420,-
130825,121153909,TSHZ3,-,-,-,Un,-,teashirt zinc finger homeobox 3,protein-coding,-,-,-,teashirt homolog 3,20210420,-
130825,121153910,ZNF536,-,-,-,Un,-,zinc finger protein 536,protein-coding,-,-,-,zinc finger protein 536,20210420,-
130825,121153911,LOC121153911,-,-,-,Un,-,protein C19orf12,protein-coding,-,-,-,protein C19orf12,20210420,-
130825,121153912,LOC121153912,-,-,-,Un,-,protein C19orf12 homolog,protein-coding,-,-,-,protein C19orf12 homolog,20210420,-
130825,121153913,KCNIP1,-,-,-,Un,-,potassium voltage-gated channel interacting protein 1,protein-coding,-,-,-,Kv channel-interacting protein 1,20210420,-
130825,121153914,LOC121153914,-,-,-,Un,-,protein C19orf12 homolog,protein-coding,-,-,-,protein C19orf12 homolog,20210420,-
130825,121153915,LOC121153915,-,-,-,Un,-,protein C19orf12 homolog,protein-coding,-,-,-,protein C19orf12 homolog,20210420,-
130825,121153916,VSTM2B,-,-,-,Un,-,V-set and transmembrane domain containing 2B,protein-coding,-,-,-,V-set and transmembrane domain-containing protein 2B,20210529,-
130825,121153917,LOC121153917,-,-,-,Un,-,60S ribosomal protein L34-like,pseudo,-,-,-,-,20210420,-
130825,121153918,LOC121153918,-,-,-,Un,-,U6 spliceosomal RNA,snRNA,-,-,-,-,20210420,-
130825,121153919,LOC121153919,-,-,-,Un,-,U6 spliceosomal RNA,snRNA,-,-,-,-,20210420,-
130825,121153920,LOC121153920,-,-,-,Un,-,U6 spliceosomal RNA,pseudo,-,-,-,-,20210420,-
130825,121153921,LOC121153921,-,-,-,Un,-,small nucleolar RNA SNORA29,snoRNA,-,-,-,-,20210420,-
130825,121153922,LOC121153922,-,-,-,Un,-,U2 spliceosomal RNA,pseudo,-,-,-,-,20210420,-
130825,121153923,LOC121153923,-,-,-,Un,-,U2 spliceosomal RNA,pseudo,-,-,-,-,20210420,-
130825,121153924,TRNASTOP-UCA,-,-,-,Un,-,transfer RNA opal suppressor (anticodon UCA),tRNA,-,-,-,-,20210420,-
130825,121153925,TRNAI-UAU,-,-,-,Un,-,transfer RNA isoleucine (anticodon UAU),tRNA,-,-,-,-,20210420,-
130825,121153926,TRNAT-AGU,-,-,-,Un,-,transfer RNA threonine (anticodon AGU),tRNA,-,-,-,-,20210420,-
130825,121153927,LOC121153927,-,-,-,Un,-,uncharacterized LOC121153927,ncRNA,-,-,-,-,20210420,-
130825,121153928,LOC121153928,-,-,-,Un,-,ATP-binding cassette sub-family F member 2-like,pseudo,-,-,-,-,20210420,-
130825,121153929,LOC121153929,-,-,-,Un,-,DBIRD complex subunit ZNF326-like,pseudo,-,-,-,-,20210420,-
130825,121153930,LOC121153930,-,-,-,Un,-,protein PIP-1-like,protein-coding,-,-,-,protein PIP-1-like,20210420,-
130825,121153931,LOC121153931,-,-,-,Un,-,adiponectin receptor protein 1-like,pseudo,-,-,-,-,20210420,-
130825,121153932,STING1,-,-,-,Un,-,stimulator of interferon response cGAMP interactor 1,protein-coding,-,-,-,stimulator of interferon genes protein,20210420,-
130825,121153933,ROBO4,-,-,-,Un,-,roundabout guidance receptor 4,protein-coding,-,-,-,roundabout homolog 4,20210420,-
130825,121153934,ROBO3,-,-,-,Un,-,roundabout guidance receptor 3,protein-coding,-,-,-,LOW QUALITY PROTEIN: roundabout homolog 3,20210420,-
130825,121153935,LOC121153935,-,-,-,Un,-,U2 small nuclear ribonucleoprotein A'-like,pseudo,-,-,-,-,20210420,-
130825,121153936,PANX3,-,-,-,Un,-,pannexin 3,protein-coding,-,-,-,pannexin-3,20210420,-
130825,121153937,LOC121153937,-,-,-,Un,-,olfactory receptor 8B12,protein-coding,-,-,-,olfactory receptor 8B12,20210420,-
130825,121153938,LOC121153938,-,-,-,Un,-,olfactory receptor 8B12-like,protein-coding,-,-,-,olfactory receptor 8B12-like,20210420,-
130825,121153939,LOC121153939,-,-,-,Un,-,olfactory receptor 8B3-like,protein-coding,-,-,-,olfactory receptor 8B3-like,20210420,-
130825,121153940,LOC121153940,-,-,-,Un,-,olfactory receptor 8B3-like,protein-coding,-,-,-,olfactory receptor 8B3-like,20210420,-
130825,121153941,LOC121153941,-,-,-,Un,-,olfactory receptor 145-like,protein-coding,-,-,-,olfactory receptor 145-like,20210420,-
130825,121153942,LOC121153942,-,-,-,Un,-,olfactory receptor 145-like,protein-coding,-,-,-,olfactory receptor 145-like,20210420,-
130825,121153943,LOC121153943,-,-,-,Un,-,olfactory receptor 8D1-like,protein-coding,-,-,-,olfactory receptor 8D1-like,20210420,-
130825,121153944,LOC121153944,-,-,-,Un,-,olfactory receptor 149-like,protein-coding,-,-,-,olfactory receptor 149-like,20210420,-
130825,121153945,LOC121153945,-,-,-,Un,-,olfactory receptor 148-like,protein-coding,-,-,-,olfactory receptor 148-like,20210420,-
130825,121153946,LOC121153946,-,-,-,Un,-,olfactory receptor 148-like,protein-coding,-,-,-,olfactory receptor 148-like,20210420,-
130825,121153947,LOC121153947,-,-,-,Un,-,olfactory receptor 10G7-like,protein-coding,-,-,-,olfactory receptor 10G7-like,20210420,-
130825,121153948,LOC121153948,-,-,-,Un,-,olfactory receptor 10S1,protein-coding,-,-,-,olfactory receptor 10S1,20210420,-
130825,121153949,LOC121153949,-,-,-,Un,-,olfactory receptor 145-like,protein-coding,-,-,-,olfactory receptor 145-like,20210420,-
130825,121153950,LOC121153950,-,-,-,Un,-,olfactory receptor 145-like,protein-coding,-,-,-,olfactory receptor 145-like,20210420,-
130825,121153951,LOC121153951,-,-,-,Un,-,olfactory receptor 8B8-like,protein-coding,-,-,-,olfactory receptor 8B8-like,20210420,-
130825,121153952,LOC121153952,-,-,-,Un,-,olfactory receptor 145-like,protein-coding,-,-,-,olfactory receptor 145-like,20210420,-
130825,121153953,LOC121153953,-,-,-,Un,-,olfactory receptor 8B8-like,protein-coding,-,-,-,olfactory receptor 8B8-like,20210420,-
130825,121153954,LOC121153954,-,-,-,Un,-,olfactory receptor 6X1,protein-coding,-,-,-,olfactory receptor 6X1,20210420,-
130825,121153955,LOC121153955,-,-,-,Un,-,heterogeneous nuclear ribonucleoprotein A3-like,pseudo,-,-,-,-,20210420,-
130825,121153956,LOC121153956,-,-,-,Un,-,"60 kDa heat shock protein, mitochondrial-like",pseudo,-,-,-,-,20210420,-
130825,121153957,LOC121153957,-,-,-,Un,-,basic proline-rich protein-like,protein-coding,-,-,-,basic proline-rich protein-like,20210420,-
130825,121153958,LOC121153958,-,-,-,Un,-,serine/threonine protein kinase OSK1-like,protein-coding,-,-,-,serine/threonine protein kinase OSK1-like,20210420,-
130825,121153959,LOC121153959,-,-,-,Un,-,charged multivesicular body protein 1b-2-like,pseudo,-,-,-,-,20210420,-
130825,121153960,KCNMB1,-,-,-,Un,-,potassium calcium-activated channel subfamily M regulatory beta subunit 1,protein-coding,-,-,-,calcium-activated potassium channel subunit beta-1,20210420,-
130825,121153961,LOC121153961,-,-,-,Un,-,40S ribosomal protein S23-like,pseudo,-,-,-,-,20210420,-
130825,121153962,LOC121153962,-,-,-,Un,-,lysosomal Pro-X carboxypeptidase-like,pseudo,-,-,-,-,20210420,-
130825,121153963,LOC121153963,-,-,-,Un,-,"single-stranded DNA-binding protein, mitochondrial-like",pseudo,-,-,-,-,20210420,-
130825,121153964,LOC121153964,-,-,-,Un,-,40S ribosomal protein SA-like,pseudo,-,-,-,-,20210420,-
130825,121153965,LOC121153965,-,-,-,Un,-,uncharacterized LOC121153965,protein-coding,-,-,-,uncharacterized protein LOC121153965,20210420,-
130825,121153966,LOC121153966,-,-,-,Un,-,caspase-13-like,protein-coding,-,-,-,caspase-13-like,20210420,-
130825,121153967,LOC121153967,-,-,-,Un,-,caspase recruitment domain-containing protein 16-like,protein-coding,-,-,-,caspase recruitment domain-containing protein 16-like,20210420,-
130825,121153968,LOC121153968,-,-,-,Un,-,dnaJ homolog subfamily A member 1-like,pseudo,-,-,-,-,20210420,-
130825,121153969,LOC121153969,-,-,-,Un,-,ubiquitin-conjugating enzyme E2 N-like,pseudo,-,-,-,-,20210420,-
130825,121153970,LOC121153970,-,-,-,Un,-,intraflagellar transport protein 20 homolog,pseudo,-,-,-,-,20210420,-
130825,121153971,LOC121153971,-,-,-,Un,-,gamma-aminobutyric acid type A receptor subunit pi,protein-coding,-,-,-,gamma-aminobutyric acid receptor subunit pi,20210420,-
130825,121153972,ARHGAP20,-,-,-,Un,-,Rho GTPase activating protein 20,protein-coding,-,-,-,rho GTPase-activating protein 20,20210420,-
130825,121153973,LOC121153973,-,-,-,Un,-,DNA polymerase delta subunit 2-like,pseudo,-,-,-,-,20210420,-
130825,121153974,COLCA2,-,-,-,Un,-,colorectal cancer associated 2,protein-coding,-,-,-,colorectal cancer-associated protein 2,20210420,-
130825,121153975,CUNH11orf52,-,-,-,Un,-,chromosome unknown C11orf52 homolog,protein-coding,-,-,-,uncharacterized protein C11orf52 homolog,20210420,-
130825,121153976,PLET1,-,-,-,Un,-,placenta expressed transcript 1,protein-coding,-,-,-,placenta-expressed transcript 1 protein,20210420,-
130825,121153977,LOC121153977,-,-,-,Un,-,U1 small nuclear ribonucleoprotein C-like,pseudo,-,-,-,-,20210420,-
130825,121153978,TMPRSS5,-,-,-,Un,-,transmembrane serine protease 5,protein-coding,-,-,-,transmembrane protease serine 5,20210420,-
130825,121153979,LOC121153979,-,-,-,Un,-,60S ribosomal protein L12-like,pseudo,-,-,-,-,20210420,-
130825,121153980,CLDN25,-,-,-,Un,-,claudin 25,protein-coding,-,-,-,putative claudin-25,20210420,-
130825,121153981,LOC121153981,-,-,-,Un,-,cyclin-C-like,pseudo,-,-,-,-,20210420,-
130825,121153982,HTR3A,-,-,-,Un,-,5-hydroxytryptamine receptor 3A,protein-coding,-,-,-,5-hydroxytryptamine receptor 3A,20210420,-
130825,121153983,LOC121153983,-,-,-,Un,-,NXPE family member 1-like,protein-coding,-,-,-,NXPE family member 1-like,20210420,-
130825,121153984,LOC121153984,-,-,-,Un,-,NXPE family member 1-like,protein-coding,-,-,-,NXPE family member 1-like,20210420,-
130825,121153985,LOC121153985,-,-,-,Un,-,NXPE family member 2-like,protein-coding,-,-,-,NXPE family member 2-like,20210420,-
130825,121153986,LOC121153986,-,-,-,Un,-,40S ribosomal protein S18-like,pseudo,-,-,-,-,20210420,-
130825,121153987,LOC121153987,-,-,-,Un,-,40S ribosomal protein S18-like,pseudo,-,-,-,-,20210420,-
130825,121153988,TMPRSS13,-,-,-,Un,-,transmembrane serine protease 13,protein-coding,-,-,-,transmembrane protease serine 13,20210420,-
130825,121153989,RANBP17,-,-,-,Un,-,RAN binding protein 17,protein-coding,-,-,-,ran-binding protein 17,20210420,-
130825,121153990,LOC121153990,-,-,-,Un,-,high mobility group protein B1-like,pseudo,-,-,-,-,20210420,-
130825,121153991,TMPRSS4,-,-,-,Un,-,transmembrane serine protease 4,protein-coding,-,-,-,transmembrane protease serine 4,20210420,-
130825,121153992,LOC121153992,-,-,-,Un,-,DAZ-associated protein 2-like,pseudo,-,-,-,-,20210420,-
130825,121153993,LOC121153993,-,-,-,Un,-,"nascent polypeptide-associated complex subunit alpha, muscle-specific form-like",protein-coding,-,-,-,"nascent polypeptide-associated complex subunit alpha, muscle-specific form-like",20210420,-
130825,121153994,PDZD3,-,-,-,Un,-,PDZ domain containing 3,protein-coding,-,-,-,Na(+)/H(+) exchange regulatory cofactor NHE-RF4,20210420,-
130825,121153995,LOC121153995,-,-,-,Un,-,lysine-specific demethylase 4D-like,protein-coding,-,-,-,lysine-specific demethylase 4D-like,20210420,-
130825,121153996,LOC121153996,-,-,-,Un,-,lysine-specific demethylase 4D-like,protein-coding,-,-,-,lysine-specific demethylase 4D-like,20210420,-
130825,121153997,LOC121153997,-,-,-,Un,-,lysine-specific demethylase 4D-like,protein-coding,-,-,-,lysine-specific demethylase 4D-like,20210420,-
130825,121153998,LOC121153998,-,-,-,Un,-,lysine-specific demethylase 4D-like,protein-coding,-,-,-,lysine-specific demethylase 4D-like,20210420,-
130825,121153999,LOC121153999,-,-,-,Un,-,lysine-specific demethylase 4D-like,protein-coding,-,-,-,lysine-specific demethylase 4D-like,20210420,-
130825,121154000,LOC121154000,-,-,-,Un,-,lysine-specific demethylase 4D-like,protein-coding,-,-,-,lysine-specific demethylase 4D-like,20210420,-
130825,121154001,KDM4D,-,-,-,Un,-,lysine demethylase 4D,protein-coding,-,-,-,lysine-specific demethylase 4D,20210420,-
130825,121154002,FUT4,-,-,-,Un,-,fucosyltransferase 4,protein-coding,-,-,-,"LOW QUALITY PROTEIN: alpha-(1,3)-fucosyltransferase 4",20210420,-
130825,121154003,CUNH11orf97,-,-,-,Un,-,chromosome unknown C11orf97 homolog,protein-coding,-,-,-,uncharacterized protein C11orf97 homolog,20210420,-
130825,121154004,IZUMO1R,-,-,-,Un,-,"IZUMO1 receptor, JUNO",protein-coding,-,-,-,sperm-egg fusion protein Juno,20210420,-
130825,121154005,LOC121154005,-,-,-,Un,-,transmembrane protein 160-like,pseudo,-,-,-,-,20210420,-
130825,121154006,TLX3,-,-,-,Un,-,T cell leukemia homeobox 3,protein-coding,-,-,-,T-cell leukemia homeobox protein 3,20210522,-
130825,121154007,LOC121154007,-,-,-,Un,-,F-actin-capping protein subunit alpha-1-like,pseudo,-,-,-,-,20210420,-
130825,121154008,TAF1D,-,-,-,Un,-,"TATA-box binding protein associated factor, RNA polymerase I subunit D",protein-coding,-,-,-,TATA box-binding protein-associated factor RNA polymerase I subunit D,20210420,-
130825,121154009,CEP295,-,-,-,Un,-,centrosomal protein 295,protein-coding,-,-,-,LOW QUALITY PROTEIN: centrosomal protein of 295 kDa,20210420,-
130825,121154010,MTNR1B,-,-,-,Un,-,melatonin receptor 1B,protein-coding,-,-,-,melatonin receptor type 1B,20210420,-
130825,121154011,LOC121154011,-,-,-,Un,-,serine/arginine-rich splicing factor 3-like,pseudo,-,-,-,-,20210420,-
130825,121154012,UBTFL1,-,-,-,Un,-,upstream binding transcription factor like 1,protein-coding,-,-,-,upstream-binding factor 1-like protein 1,20210420,-
130825,121154013,LOC121154013,-,-,-,Un,-,tripartite motif-containing protein 43-like,protein-coding,-,-,-,tripartite motif-containing protein 43-like,20210420,-
130825,121154014,LOC121154014,-,-,-,Un,-,tripartite motif-containing protein 64-like,protein-coding,-,-,-,tripartite motif-containing protein 64-like,20210420,-
130825,121154015,STT3A,-,-,-,Un,-,STT3 oligosaccharyltransferase complex catalytic subunit A,protein-coding,-,-,-,dolichyl-diphosphooligosaccharide--protein glycosyltransferase subunit STT3A,20210420,-
130825,121154016,CHEK1,-,-,-,Un,-,checkpoint kinase 1,protein-coding,-,-,-,serine/threonine-protein kinase Chk1,20210420,-
130825,121154017,FGF18,-,-,-,Un,-,fibroblast growth factor 18,protein-coding,-,-,-,fibroblast growth factor 18,20210420,-
130825,121154018,EI24,-,-,-,Un,-,EI24 autophagy associated transmembrane protein,protein-coding,-,-,-,etoposide-induced protein 2.4 homolog,20210420,-
130825,121154019,TMEM218,-,-,-,Un,-,transmembrane protein 218,protein-coding,-,-,-,transmembrane protein 218,20210420,-
130825,121154020,SLC37A2,-,-,-,Un,-,solute carrier family 37 member 2,protein-coding,-,-,-,glucose-6-phosphate exchanger SLC37A2,20210420,-
130825,121154021,CCDC15,-,-,-,Un,-,coiled-coil domain containing 15,protein-coding,-,-,-,coiled-coil domain-containing protein 15,20210420,-
130825,121154022,MSANTD2,-,-,-,Un,-,Myb/SANT DNA binding domain containing 2,protein-coding,-,-,-,myb/SANT-like DNA-binding domain-containing protein 2,20210420,-
130825,121154023,SMIM23,-,-,-,Un,-,small integral membrane protein 23,protein-coding,-,-,-,small integral membrane protein 23,20210420,-
130825,121154024,SIAE,-,-,-,Un,-,sialic acid acetylesterase,protein-coding,-,-,-,sialate O-acetylesterase,20210420,-
130825,121154025,TBRG1,-,-,-,Un,-,transforming growth factor beta regulator 1,protein-coding,-,-,-,transforming growth factor beta regulator 1,20210420,-
130825,121154026,LOC121154026,-,-,-,Un,-,olfactory receptor 8B3,protein-coding,-,-,-,olfactory receptor 8B3,20210420,-
130825,121154027,LOC121154027,-,-,-,Un,-,olfactory receptor 147-like,pseudo,-,-,-,-,20210420,-
130825,121154028,LOC121154028,-,-,-,Un,-,olfactory receptor 147-like,protein-coding,-,-,-,olfactory receptor 147-like,20210420,-
130825,121154029,LOC121154029,-,-,-,Un,-,olfactory receptor 8G1-like,protein-coding,-,-,-,olfactory receptor 8G1-like,20210420,-
130825,121154030,LOC121154030,-,-,-,Un,-,olfactory receptor 8G5-like,protein-coding,-,-,-,olfactory receptor 8G5-like,20210420,-
130825,121154031,VWA5A,-,-,-,Un,-,von Willebrand factor A domain containing 5A,protein-coding,-,-,-,von Willebrand factor A domain-containing protein 5A,20210420,-
130825,121154032,SMIM33,-,-,-,Un,-,small integral membrane protein 33,protein-coding,-,-,-,small integral membrane protein 33,20210420,-
130825,121154033,EFCAB9,-,-,-,Un,-,EF-hand calcium binding domain 9,protein-coding,-,-,-,EF-hand calcium-binding domain-containing protein 9,20210420,-
130825,121154034,ZNF202,-,-,-,Un,-,zinc finger protein 202,protein-coding,-,-,-,zinc finger protein 202,20210420,-
130825,121154035,SCN3B,-,-,-,Un,-,sodium voltage-gated channel beta subunit 3,protein-coding,-,-,-,sodium channel subunit beta-3,20210420,-
130825,121154036,GRAMD1B,-,-,-,Un,-,GRAM domain containing 1B,protein-coding,-,-,-,protein Aster-B,20210420,-
130825,121154037,LOC121154037,-,-,-,Un,-,CXADR like membrane protein,protein-coding,-,-,-,CXADR-like membrane protein,20210420,-
130825,121154038,HSPA8,-,-,-,Un,-,heat shock protein family A (Hsp70) member 8,protein-coding,-,-,-,heat shock cognate 71 kDa protein,20210522,-
130825,121154039,NEURL1B,-,-,-,Un,-,neuralized E3 ubiquitin protein ligase 1B,protein-coding,-,-,-,E3 ubiquitin-protein ligase NEURL1B,20210420,-
130825,121154040,CRTAM,-,-,-,Un,-,cytotoxic and regulatory T cell molecule,protein-coding,-,-,-,cytotoxic and regulatory T-cell molecule,20210420,-
130825,121154041,UBASH3B,-,-,-,Un,-,ubiquitin associated and SH3 domain containing B,protein-coding,-,-,-,ubiquitin-associated and SH3 domain-containing protein B,20210420,-
130825,121154042,LOC121154042,-,-,-,Un,-,uncharacterized LOC121154042,ncRNA,-,-,-,-,20210420,-
130825,121154043,SORL1,-,-,-,Un,-,sortilin related receptor 1,protein-coding,-,-,-,sortilin-related receptor,20210420,-
130825,121154044,LOC121154044,-,-,-,Un,-,uncharacterized LOC121154044,ncRNA,-,-,-,-,20210420,-
130825,121154045,SC5D,-,-,-,Un,-,sterol-C5-desaturase,protein-coding,-,-,-,lathosterol oxidase,20210420,-
130825,121154046,LOC121154046,-,-,-,Un,-,tubulin-specific chaperone cofactor E-like protein,protein-coding,-,-,-,alpha-tectorin|tubulin-specific chaperone cofactor E-like protein,20210420,-
130825,121154047,NKX2-5,-,-,-,Un,-,NK2 homeobox 5,protein-coding,-,-,-,homeobox protein Nkx-2.5,20210420,-
130825,121154048,ARHGEF12,-,-,-,Un,-,Rho guanine nucleotide exchange factor 12,protein-coding,-,-,-,rho guanine nucleotide exchange factor 12,20210420,-
130825,121154049,GRIK4,-,-,-,Un,-,glutamate ionotropic receptor kainate type subunit 4,protein-coding,-,-,-,"glutamate receptor ionotropic, kainate 4",20210420,-
130825,121154050,NECTIN1,-,-,-,Un,-,nectin cell adhesion molecule 1,protein-coding,-,-,-,nectin-1,20210420,-
130825,121154051,ENDOD1,-,-,-,Un,-,endonuclease domain containing 1,protein-coding,-,-,-,endonuclease domain-containing 1 protein,20210420,-
130825,121154052,STC2,-,-,-,Un,-,stanniocalcin 2,protein-coding,-,-,-,stanniocalcin-2,20210420,-
130825,121154053,SESN3,-,-,-,Un,-,sestrin 3,protein-coding,-,-,-,sestrin-3,20210420,-
130825,121154054,MTMR2,-,-,-,Un,-,myotubularin related protein 2,protein-coding,-,-,-,myotubularin-related protein 2,20210420,-
130825,121154055,CEP57,-,-,-,Un,-,centrosomal protein 57,protein-coding,-,-,-,centrosomal protein of 57 kDa,20210420,-
130825,121154056,FAM76B,-,-,-,Un,-,family with sequence similarity 76 member B,protein-coding,-,-,-,protein FAM76B,20210420,-
130825,121154057,LOC121154057,-,-,-,Un,-,ferritin light chain-like,pseudo,-,-,-,-,20210420,-
130825,121154058,LOC121154058,-,-,-,Un,-,uncharacterized LOC121154058,ncRNA,-,-,-,-,20210420,-
130825,121154059,MAML2,-,-,-,Un,-,mastermind like transcriptional coactivator 2,protein-coding,-,-,-,mastermind-like protein 2,20210420,-
130825,121154060,LOC121154060,-,-,-,Un,-,uncharacterized LOC121154060,ncRNA,-,-,-,-,20210420,-
130825,121154061,JRKL,-,-,-,Un,-,JRK like,protein-coding,-,-,-,jerky protein homolog-like,20210420,-
130825,121154062,CCDC82,-,-,-,Un,-,coiled-coil domain containing 82,protein-coding,-,-,-,coiled-coil domain-containing protein 82,20210420,-
130825,121154063,CNTN5,-,-,-,Un,-,contactin 5,protein-coding,-,-,-,contactin-5,20210420,-
130825,121154064,LOC121154064,-,-,-,Un,-,uncharacterized LOC121154064,ncRNA,-,-,-,-,20210420,-
130825,121154065,LOC121154065,-,-,-,Un,-,14-3-3 protein theta-like,pseudo,-,-,-,-,20210420,-
130825,121154066,ARHGAP42,-,-,-,Un,-,Rho GTPase activating protein 42,protein-coding,-,-,-,rho GTPase-activating protein 42,20210420,-
130825,121154067,YAP1,-,-,-,Un,-,Yes1 associated transcriptional regulator,protein-coding,-,-,-,transcriptional coactivator YAP1,20210420,-
130825,121154068,MSX2,-,-,-,Un,-,msh homeobox 2,protein-coding,-,-,-,homeobox protein MSX-2,20210420,-
130825,121154069,BIRC3,-,-,-,Un,-,baculoviral IAP repeat containing 3,protein-coding,-,-,-,baculoviral IAP repeat-containing protein 3,20210420,-
130825,121154070,BIRC2,-,-,-,Un,-,baculoviral IAP repeat containing 2,protein-coding,-,-,-,baculoviral IAP repeat-containing protein 2,20210420,-
130825,121154071,TMEM123,-,-,-,Un,-,transmembrane protein 123,protein-coding,-,-,-,porimin,20210420,-
130825,121154072,MMP8,-,-,-,Un,-,matrix metallopeptidase 8,protein-coding,-,-,-,neutrophil collagenase,20210420,-
130825,121154073,DRD1,-,-,-,Un,-,dopamine receptor D1,protein-coding,-,-,-,D(1A) dopamine receptor,20210420,-
130825,121154074,DCUN1D5,-,-,-,Un,-,defective in cullin neddylation 1 domain containing 5,protein-coding,-,-,-,DCN1-like protein 5,20210420,-
130825,121154075,DYNC2H1,-,-,-,Un,-,dynein cytoplasmic 2 heavy chain 1,protein-coding,-,-,-,cytoplasmic dynein 2 heavy chain 1,20210420,-
130825,121154076,MSANTD4,-,-,-,Un,-,Myb/SANT DNA binding domain containing 4 with coiled-coils,protein-coding,-,-,-,myb/SANT-like DNA-binding domain-containing protein 4,20210420,-
130825,121154077,KBTBD3,-,-,-,Un,-,kelch repeat and BTB domain containing 3,protein-coding,-,-,-,kelch repeat and BTB domain-containing protein 3,20210420,-
130825,121154078,AASDHPPT,-,-,-,Un,-,aminoadipate-semialdehyde dehydrogenase-phosphopantetheinyl transferase,protein-coding,-,-,-,L-aminoadipate-semialdehyde dehydrogenase-phosphopantetheinyl transferase,20210420,-
130825,121154079,CPLX2,-,-,-,Un,-,complexin 2,protein-coding,-,-,-,complexin-2,20210501,-
130825,121154080,GUCY1A2,-,-,-,Un,-,guanylate cyclase 1 soluble subunit alpha 2,protein-coding,-,-,-,guanylate cyclase soluble subunit alpha-2,20210420,-
130825,121154081,CWF19L2,-,-,-,Un,-,CWF19 like cell cycle control factor 2,protein-coding,-,-,-,CWF19-like protein 2,20210420,-
130825,121154082,ALKBH8,-,-,-,Un,-,"alkB homolog 8, tRNA methyltransferase",protein-coding,-,-,-,alkylated DNA repair protein alkB homolog 8,20210420,-
130825,121154083,SLC35F2,-,-,-,Un,-,solute carrier family 35 member F2,protein-coding,-,-,-,solute carrier family 35 member F2,20210420,-
130825,121154084,LOC121154084,-,-,-,Un,-,uncharacterized LOC121154084,ncRNA,-,-,-,-,20210420,-
130825,121154085,RAB39A,-,-,-,Un,-,"RAB39A, member RAS oncogene family",protein-coding,-,-,-,ras-related protein Rab-39A,20210420,-
130825,121154086,CUL5,-,-,-,Un,-,cullin 5,protein-coding,-,-,-,cullin-5,20210522,-
130825,121154087,ACAT1,-,-,-,Un,-,acetyl-CoA acetyltransferase 1,protein-coding,-,-,-,"acetyl-CoA acetyltransferase, mitochondrial",20210420,-
130825,121154088,LOC121154088,-,-,-,Un,-,uncharacterized LOC121154088,ncRNA,-,-,-,-,20210420,-
130825,121154089,LOC121154089,-,-,-,Un,-,protein NPAT,protein-coding,-,-,-,protein NPAT,20210420,-
130825,121154090,ATM,-,-,-,Un,-,ATM serine/threonine kinase,protein-coding,-,-,-,serine-protein kinase ATM,20210420,-
130825,121154091,POGLUT3,-,-,-,Un,-,protein O-glucosyltransferase 3,protein-coding,-,-,-,protein O-glucosyltransferase 3,20210420,-
130825,121154092,DDX10,-,-,-,Un,-,DEAD-box helicase 10,protein-coding,-,-,-,probable ATP-dependent RNA helicase DDX10,20210420,-
130825,121154093,LOC121154093,-,-,-,Un,-,interferon-inducible GTPase 1-like,protein-coding,-,-,-,interferon-inducible GTPase 1-like,20210420,-
130825,121154094,CUNH11orf87,-,-,-,Un,-,chromosome unknown C11orf87 homolog,protein-coding,-,-,-,uncharacterized protein C11orf87 homolog,20210420,-
130825,121154095,ZC3H12C,-,-,-,Un,-,zinc finger CCCH-type containing 12C,protein-coding,-,-,-,probable ribonuclease ZC3H12C,20210420,-
130825,121154096,LOC121154096,-,-,-,Un,-,60S ribosomal protein L23,protein-coding,-,-,-,60S ribosomal protein L23,20210501,-
130825,121154097,RDX,-,-,-,Un,-,radixin,protein-coding,-,-,-,radixin,20210420,-
130825,121154098,DNAJC18,-,-,-,Un,-,DnaJ heat shock protein family (Hsp40) member C18,protein-coding,-,-,-,dnaJ homolog subfamily C member 18,20210420,-
130825,121154099,FDX1,-,-,-,Un,-,ferredoxin 1,protein-coding,-,-,-,"adrenodoxin, mitochondrial",20210420,-
130825,121154100,POU2AF1,-,-,-,Un,-,POU class 2 homeobox associating factor 1,protein-coding,-,-,-,POU domain class 2-associating factor 1,20210420,-
130825,121154101,SIK2,-,-,-,Un,-,salt inducible kinase 2,protein-coding,-,-,-,serine/threonine-protein kinase SIK2,20210420,-
130825,121154102,MYOZ3,-,-,-,Un,-,myozenin 3,protein-coding,-,-,-,myozenin-3,20210420,-
130825,121154103,PPP2R1B,-,-,-,Un,-,protein phosphatase 2 scaffold subunit Abeta,protein-coding,-,-,-,serine/threonine-protein phosphatase 2A 65 kDa regulatory subunit A beta isoform,20210420,-
130825,121154104,LOC121154104,-,-,-,Un,-,"cytochrome c oxidase assembly protein COX20, mitochondrial-like",pseudo,-,-,-,-,20210420,-
130825,121154105,LOC121154105,-,-,-,Un,-,uncharacterized LOC121154105,ncRNA,-,-,-,-,20210420,-
130825,121154106,ALG9,-,-,-,Un,-,"ALG9 alpha-1,2-mannosyltransferase",protein-coding,-,-,-,"alpha-1,2-mannosyltransferase ALG9",20210420,-
130825,121154107,CUNH11orf1,-,-,-,Un,-,chromosome unknown C11orf1 homolog,protein-coding,-,-,-,UPF0686 protein C11orf1 homolog,20210420,-
130825,121154108,HSPB2,-,-,-,Un,-,heat shock protein family B (small) member 2,protein-coding,-,-,-,heat shock protein beta-2,20210420,-
130825,121154109,CRYAB,-,-,-,Un,-,crystallin alpha B,protein-coding,-,-,-,alpha-crystallin B chain,20210529,-
130825,121154110,NDST1,-,-,-,Un,-,N-deacetylase and N-sulfotransferase 1,protein-coding,-,-,-,bifunctional heparan sulfate N-deacetylase/N-sulfotransferase 1,20210420,-
130825,121154111,DIXDC1,-,-,-,Un,-,DIX domain containing 1,protein-coding,-,-,-,dixin,20210420,-
130825,121154112,DLAT,-,-,-,Un,-,dihydrolipoamide S-acetyltransferase,protein-coding,-,-,-,"dihydrolipoyllysine-residue acetyltransferase component of pyruvate dehydrogenase complex, mitochondrial",20210420,-
130825,121154113,PIH1D2,-,-,-,Un,-,PIH1 domain containing 2,protein-coding,-,-,-,PIH1 domain-containing protein 2,20210420,-
130825,121154114,NKAPD1,-,-,-,Un,-,NKAP domain containing 1,protein-coding,-,-,-,uncharacterized protein NKAPD1,20210420,-
130825,121154115,TIMM8B,-,-,-,Un,-,translocase of inner mitochondrial membrane 8 homolog B,protein-coding,-,-,-,mitochondrial import inner membrane translocase subunit Tim8 B,20210420,-
130825,121154116,SDHD,-,-,-,Un,-,succinate dehydrogenase complex subunit D,protein-coding,-,-,-,"succinate dehydrogenase [ubiquinone] cytochrome b small subunit, mitochondrial",20210420,-
130825,121154117,IL18,-,-,-,Un,-,interleukin 18,protein-coding,-,-,-,interleukin-18,20210420,-
130825,121154118,ARSI,-,-,-,Un,-,arylsulfatase family member I,protein-coding,-,-,-,arylsulfatase I,20210420,-
130825,121154119,BCO2,-,-,-,Un,-,beta-carotene oxygenase 2,protein-coding,-,-,-,"beta,beta-carotene 9',10'-oxygenase",20210420,-
130825,121154120,ZW10,-,-,-,Un,-,zw10 kinetochore protein,protein-coding,-,-,-,centromere/kinetochore protein zw10 homolog,20210420,-
130825,121154121,USP28,-,-,-,Un,-,ubiquitin specific peptidase 28,protein-coding,-,-,-,ubiquitin carboxyl-terminal hydrolase 28,20210420,-
130825,121154122,ZBTB16,-,-,-,Un,-,zinc finger and BTB domain containing 16,protein-coding,-,-,-,zinc finger and BTB domain-containing protein 16,20210420,-
130825,121154123,RBM7,-,-,-,Un,-,RNA binding motif protein 7,protein-coding,-,-,-,RNA-binding protein 7,20210420,-
130825,121154124,REXO2,-,-,-,Un,-,RNA exonuclease 2,protein-coding,-,-,-,"oligoribonuclease, mitochondrial",20210420,-
130825,121154125,CAMK2A,-,-,-,Un,-,calcium/calmodulin dependent protein kinase II alpha,protein-coding,-,-,-,calcium/calmodulin-dependent protein kinase type II subunit alpha,20210420,-
130825,121154126,CADM1,-,-,-,Un,-,cell adhesion molecule 1,protein-coding,-,-,-,cell adhesion molecule 1,20210420,-
130825,121154127,LOC121154127,-,-,-,Un,-,60S ribosomal protein L35a-like,pseudo,-,-,-,-,20210420,-
130825,121154128,LOC121154128,-,-,-,Un,-,uncharacterized LOC121154128,ncRNA,-,-,-,-,20210420,-
130825,121154129,BUD13,-,-,-,Un,-,BUD13 homolog,protein-coding,-,-,-,BUD13 homolog,20210420,-
130825,121154130,ZPR1,-,-,-,Un,-,ZPR1 zinc finger,protein-coding,-,-,-,zinc finger protein ZPR1,20210420,-
130825,121154131,SIK3,-,-,-,Un,-,SIK family kinase 3,protein-coding,-,-,-,serine/threonine-protein kinase SIK3,20210420,-
130825,121154132,LOC121154132,-,-,-,Un,-,nascent polypeptide-associated complex subunit alpha-like,protein-coding,-,-,-,nascent polypeptide-associated complex subunit alpha-like,20210420,-
130825,121154133,SLC6A7,-,-,-,Un,-,solute carrier family 6 member 7,protein-coding,-,-,-,sodium-dependent proline transporter,20210420,-
130825,121154134,LOC121154134,-,-,-,Un,-,60S ribosomal protein L21-like,protein-coding,-,-,-,60S ribosomal protein L21-like,20210420,-
130825,121154135,PAFAH1B2,-,-,-,Un,-,platelet activating factor acetylhydrolase 1b catalytic subunit 2,protein-coding,-,-,-,platelet-activating factor acetylhydrolase IB subunit alpha2,20210420,-
130825,121154136,SIDT2,-,-,-,Un,-,SID1 transmembrane family member 2,protein-coding,-,-,-,SID1 transmembrane family member 2,20210420,-
130825,121154137,PCSK7,-,-,-,Un,-,proprotein convertase subtilisin/kexin type 7,protein-coding,-,-,-,proprotein convertase subtilisin/kexin type 7,20210420,-
130825,121154138,TAGLN,-,-,-,Un,-,transgelin,protein-coding,-,-,-,transgelin,20210420,-
130825,121154139,RNF214,-,-,-,Un,-,ring finger protein 214,protein-coding,-,-,-,RING finger protein 214,20210420,-
130825,121154140,BACE1,-,-,-,Un,-,beta-secretase 1,protein-coding,-,-,-,beta-secretase 1,20210420,-
130825,121154141,CDX1,-,-,-,Un,-,caudal type homeobox 1,protein-coding,-,-,-,homeobox protein CDX-1,20210420,-
130825,121154142,CEP164,-,-,-,Un,-,centrosomal protein 164,protein-coding,-,-,-,centrosomal protein of 164 kDa,20210420,-
130825,121154143,LOC121154143,-,-,-,Un,-,FXYD domain-containing ion transport regulator 6-like,protein-coding,-,-,-,FXYD domain-containing ion transport regulator 6-like,20210420,-
130825,121154144,KMT2A,-,-,-,Un,-,lysine methyltransferase 2A,protein-coding,-,-,-,histone-lysine N-methyltransferase 2A,20210420,-
130825,121154145,PDGFRB,-,-,-,Un,-,platelet derived growth factor receptor beta,protein-coding,-,-,-,platelet-derived growth factor receptor beta,20210420,-
130825,121154146,UBE4A,-,-,-,Un,-,ubiquitination factor E4A,protein-coding,-,-,-,ubiquitin conjugation factor E4 A,20210420,-
130825,121154147,IL10RA,-,-,-,Un,-,interleukin 10 receptor subunit alpha,protein-coding,-,-,-,interleukin-10 receptor subunit alpha,20210420,-
130825,121154148,JAML,-,-,-,Un,-,junction adhesion molecule like,protein-coding,-,-,-,junctional adhesion molecule-like,20210420,-
130825,121154149,MPZL3,-,-,-,Un,-,myelin protein zero like 3,protein-coding,-,-,-,myelin protein zero-like protein 3,20210420,-
130825,121154150,SCN2B,-,-,-,Un,-,sodium voltage-gated channel beta subunit 2,protein-coding,-,-,-,sodium channel subunit beta-2,20210420,-
130825,121154151,SCN4B,-,-,-,Un,-,sodium voltage-gated channel beta subunit 4,protein-coding,-,-,-,sodium channel subunit beta-4,20210420,-
130825,121154152,CD3E,-,-,-,Un,-,CD3e molecule,protein-coding,-,-,-,T-cell surface glycoprotein CD3 epsilon chain,20210420,-
130825,121154153,MPZL2,-,-,-,Un,-,myelin protein zero like 2,protein-coding,-,-,-,myelin protein zero-like protein 2,20210420,-
130825,121154154,CD3G,-,-,-,Un,-,CD3g molecule,protein-coding,-,-,-,T-cell surface glycoprotein CD3 gamma chain,20210420,-
130825,121154155,CD3D,-,-,-,Un,-,CD3d molecule,protein-coding,-,-,-,T-cell surface glycoprotein CD3 delta chain,20210420,-
130825,121154156,IL17B,-,-,-,Un,-,interleukin 17B,protein-coding,-,-,-,interleukin-17B,20210420,-
130825,121154157,ATP5MG,-,-,-,Un,-,ATP synthase membrane subunit g,protein-coding,-,-,-,"ATP synthase subunit g, mitochondrial",20210420,-
130825,121154158,SMIM35,-,-,-,Un,-,small integral membrane protein 35,protein-coding,-,-,-,small integral membrane protein 35,20210420,-
130825,121154159,IFT46,-,-,-,Un,-,intraflagellar transport 46,protein-coding,-,-,-,intraflagellar transport protein 46 homolog,20210420,-
130825,121154160,TMEM25,-,-,-,Un,-,transmembrane protein 25,protein-coding,-,-,-,transmembrane protein 25,20210420,-
130825,121154161,HTR4,-,-,-,Un,-,5-hydroxytryptamine receptor 4,protein-coding,-,-,-,5-hydroxytryptamine receptor 4,20210420,-
130825,121154162,PHLDB1,-,-,-,Un,-,pleckstrin homology like domain family B member 1,protein-coding,-,-,-,pleckstrin homology-like domain family B member 1,20210420,-
130825,121154163,TREH,-,-,-,Un,-,trehalase,protein-coding,-,-,-,trehalase,20210420,-
130825,121154164,ARCN1,-,-,-,Un,-,archain 1,protein-coding,-,-,-,coatomer subunit delta,20210420,-
130825,121154165,DDX6,-,-,-,Un,-,DEAD-box helicase 6,protein-coding,-,-,-,probable ATP-dependent RNA helicase DDX6,20210420,-
130825,121154166,LVRN,-,-,-,Un,-,laeverin,protein-coding,-,-,-,aminopeptidase Q,20210420,-
130825,121154167,BCL9L,-,-,-,Un,-,BCL9 like,protein-coding,-,-,-,B-cell CLL/lymphoma 9-like protein,20210420,-
130825,121154168,CXCR5,-,-,-,Un,-,C-X-C motif chemokine receptor 5,protein-coding,-,-,-,C-X-C chemokine receptor type 5,20210420,-
130825,121154169,SLC37A4,-,-,-,Un,-,solute carrier family 37 member 4,protein-coding,-,-,-,glucose-6-phosphate exchanger SLC37A4,20210420,-
130825,121154170,CENATAC,-,-,-,Un,-,centrosomal AT-AC splicing factor,protein-coding,-,-,-,centrosomal AT-AC splicing factor,20210420,-
130825,121154171,TRAPPC4,-,-,-,Un,-,trafficking protein particle complex subunit 4,protein-coding,-,-,-,trafficking protein particle complex subunit 4,20210529,-
130825,121154172,CDO1,-,-,-,Un,-,cysteine dioxygenase type 1,protein-coding,-,-,-,cysteine dioxygenase type 1,20210420,-
130825,121154173,RPS25,-,-,-,Un,-,ribosomal protein S25,protein-coding,-,-,-,40S ribosomal protein S25,20210420,-
130825,121154174,HYOU1,-,-,-,Un,-,hypoxia up-regulated 1,protein-coding,-,-,-,hypoxia up-regulated protein 1,20210420,-
130825,121154175,VPS11,-,-,-,Un,-,VPS11 core subunit of CORVET and HOPS complexes,protein-coding,-,-,-,vacuolar protein sorting-associated protein 11 homolog,20210420,-
130825,121154176,DPAGT1,-,-,-,Un,-,dolichyl-phosphate N-acetylglucosaminephosphotransferase 1,protein-coding,-,-,-,UDP-N-acetylglucosamine--dolichyl-phosphate N-acetylglucosaminephosphotransferase,20210420,-
130825,121154177,HMBS,-,-,-,Un,-,hydroxymethylbilane synthase,protein-coding,-,-,-,porphobilinogen deaminase,20210420,-
130825,121154178,LOC121154178,-,-,-,Un,-,histone H2AX,protein-coding,-,-,-,histone H2AX,20210420,-
130825,121154179,LOC121154179,-,-,-,Un,-,uncharacterized LOC121154179,ncRNA,-,-,-,-,20210420,-
130825,121154180,C2CD2L,-,-,-,Un,-,C2CD2 like,protein-coding,-,-,-,phospholipid transfer protein C2CD2L,20210420,-
130825,121154181,LOC121154181,-,-,-,Un,-,histone H4 transcription factor,protein-coding,-,-,-,histone H4 transcription factor,20210420,-
130825,121154182,NLRX1,-,-,-,Un,-,NLR family member X1,protein-coding,-,-,-,NLR family member X1,20210420,-
130825,121154183,TRIM36,-,-,-,Un,-,tripartite motif containing 36,protein-coding,-,-,-,E3 ubiquitin-protein ligase TRIM36,20210420,-
130825,121154184,CBL,-,-,-,Un,-,Cbl proto-oncogene,protein-coding,-,-,-,E3 ubiquitin-protein ligase CBL,20210420,-
130825,121154185,CCDC153,-,-,-,Un,-,coiled-coil domain containing 153,protein-coding,-,-,-,coiled-coil domain-containing protein 153,20210420,-
130825,121154186,RNF26,-,-,-,Un,-,ring finger protein 26,protein-coding,-,-,-,E3 ubiquitin-protein ligase RNF26,20210420,-
130825,121154187,THY1,-,-,-,Un,-,Thy-1 cell surface antigen,protein-coding,-,-,-,thy-1 membrane glycoprotein,20210420,-
130825,121154188,CWC15,-,-,-,Un,-,CWC15 spliceosome associated protein homolog,protein-coding,-,-,-,spliceosome-associated protein CWC15 homolog,20210420,-
130825,121154189,AMOTL1,-,-,-,Un,-,angiomotin like 1,protein-coding,-,-,-,angiomotin-like protein 1,20210420,-
130825,121154190,ANKRD49,-,-,-,Un,-,ankyrin repeat domain 49,protein-coding,-,-,-,ankyrin repeat domain-containing protein 49,20210420,-
130825,121154191,MRE11,-,-,-,Un,-,"MRE11 homolog, double strand break repair nuclease",protein-coding,-,-,-,double-strand break repair protein MRE11,20210420,-
130825,121154192,GPR83,-,-,-,Un,-,G protein-coupled receptor 83,protein-coding,-,-,-,probable G-protein coupled receptor 83,20210420,-
130825,121154193,PANX1,-,-,-,Un,-,pannexin 1,protein-coding,-,-,-,pannexin-1,20210420,-
130825,121154194,ECSCR,-,-,-,Un,-,endothelial cell surface expressed chemotaxis and apoptosis regulator,protein-coding,-,-,-,endothelial cell-specific chemotaxis regulator,20210420,-
130825,121154195,VSTM5,-,-,-,Un,-,V-set and transmembrane domain containing 5,protein-coding,-,-,-,LOW QUALITY PROTEIN: V-set and transmembrane domain-containing protein 5,20210420,-
130825,121154196,LOC121154196,-,-,-,Un,-,uncharacterized LOC121154196,ncRNA,-,-,-,-,20210420,-
130825,121154197,KCNN2,-,-,-,Un,-,potassium calcium-activated channel subfamily N member 2,protein-coding,-,-,-,small conductance calcium-activated potassium channel protein 2,20210420,-
130825,121154198,MED17,-,-,-,Un,-,mediator complex subunit 17,protein-coding,-,-,-,mediator of RNA polymerase II transcription subunit 17,20210529,-
130825,121154199,CUNH11orf54,-,-,-,Un,-,chromosome unknown C11orf54 homolog,protein-coding,-,-,-,ester hydrolase C11orf54 homolog,20210420,-
130825,121154200,LOC121154200,-,-,-,Un,-,uncharacterized LOC121154200,ncRNA,-,-,-,-,20210420,-
130825,121154201,DEUP1,-,-,-,Un,-,deuterosome assembly protein 1,protein-coding,-,-,-,deuterosome assembly protein 1,20210420,-
130825,121154202,SLC36A4,-,-,-,Un,-,solute carrier family 36 member 4,protein-coding,-,-,-,proton-coupled amino acid transporter 4,20210420,-
130825,121154203,LOC121154203,-,-,-,Un,-,piggyBac transposable element-derived protein 2-like,pseudo,-,-,-,-,20210420,-
130825,121154204,CHORDC1,-,-,-,Un,-,cysteine and histidine rich domain containing 1,protein-coding,-,-,-,cysteine and histidine-rich domain-containing protein 1,20210420,-
130825,121154205,LOC121154205,-,-,-,Un,-,tumor protein p53-inducible nuclear protein 1-like,pseudo,-,-,-,-,20210420,-
130825,121154206,LOC121154206,-,-,-,Un,-,"ATP synthase membrane subunit K, mitochondrial-like",pseudo,-,-,-,-,20210420,-
130825,121154207,PATE1,-,-,-,Un,-,prostate and testis expressed 1,protein-coding,-,-,-,prostate and testis expressed protein 1,20210420,-
130825,121154208,ACRV1,-,-,-,Un,-,acrosomal vesicle protein 1,protein-coding,-,-,-,acrosomal protein SP-10,20210420,-
130825,121154209,FEZ1,-,-,-,Un,-,fasciculation and elongation protein zeta 1,protein-coding,-,-,-,fasciculation and elongation protein zeta-1,20210420,-
130825,121154210,PKNOX2,-,-,-,Un,-,PBX/knotted 1 homeobox 2,protein-coding,-,-,-,homeobox protein PKNOX2,20210420,-
130825,121154211,ZNF692,-,-,-,Un,-,zinc finger protein 692,protein-coding,-,-,-,zinc finger protein 692,20210420,-
130825,121154212,HEPACAM,-,-,-,Un,-,hepatic and glial cell adhesion molecule,protein-coding,-,-,-,hepatocyte cell adhesion molecule,20210420,-
130825,121154213,ESAM,-,-,-,Un,-,endothelial cell adhesion molecule,protein-coding,-,-,-,endothelial cell-selective adhesion molecule,20210420,-
130825,121154214,VSIG2,-,-,-,Un,-,V-set and immunoglobulin domain containing 2,protein-coding,-,-,-,V-set and immunoglobulin domain-containing protein 2,20210420,-
130825,121154215,NRGN,-,-,-,Un,-,neurogranin,protein-coding,-,-,-,neurogranin,20210420,-
130825,121154216,SPA17,-,-,-,Un,-,sperm autoantigenic protein 17,protein-coding,-,-,-,sperm surface protein Sp17,20210420,-
130825,121154217,LOC121154217,-,-,-,Un,-,olfactory receptor 8A1,protein-coding,-,-,-,olfactory receptor 8A1,20210420,-
130825,121154218,LOC121154218,-,-,-,Un,-,olfactory receptor 145,protein-coding,-,-,-,olfactory receptor 145,20210420,-
130825,121154219,LOC121154219,-,-,-,Un,-,olfactory receptor 8B4-like,protein-coding,-,-,-,olfactory receptor 8B4-like,20210420,-
130825,121154220,LOC121154220,-,-,-,Un,-,olfactory receptor 8B3-like,protein-coding,-,-,-,olfactory receptor 8B3-like,20210420,-
130825,121154221,LOC121154221,-,-,-,Un,-,olfactory receptor 143-like,protein-coding,-,-,-,olfactory receptor 143-like,20210420,-
130825,121154222,LOC121154222,-,-,-,Un,-,olfactory receptor 8B3-like,protein-coding,-,-,-,olfactory receptor 8B3-like,20210420,-
130825,121154223,LOC121154223,-,-,-,Un,-,olfactory receptor 8B3-like,protein-coding,-,-,-,olfactory receptor 8B3-like,20210420,-
130825,121154224,LOC121154224,-,-,-,Un,-,olfactory receptor 8B3-like,protein-coding,-,-,-,olfactory receptor 8B3-like,20210420,-
130825,121154225,LOC121154225,-,-,-,Un,-,olfactory receptor 8D2-like,protein-coding,-,-,-,olfactory receptor 8D2-like,20210420,-
130825,121154226,LOC121154226,-,-,-,Un,-,olfactory receptor 14C36-like,protein-coding,-,-,-,olfactory receptor 14C36-like,20210420,-
130825,121154227,LOC121154227,-,-,-,Un,-,olfactory receptor 151-like,protein-coding,-,-,-,olfactory receptor 151-like,20210420,-
130825,121154228,LOC121154228,-,-,-,Un,-,olfactory receptor 8G1-like,protein-coding,-,-,-,olfactory receptor 8G1-like,20210420,-
130825,121154229,LOC121154229,-,-,-,Un,-,olfactory receptor 8G1-like,protein-coding,-,-,-,olfactory receptor 8G1-like,20210420,-
130825,121154230,LOC121154230,-,-,-,Un,-,putative olfactory receptor 8G3 pseudogene,protein-coding,-,-,-,putative olfactory receptor 8G3 pseudogene,20210420,-
130825,121154231,LOC121154231,-,-,-,Un,-,putative olfactory receptor 8G3 pseudogene,protein-coding,-,-,-,putative olfactory receptor 8G3 pseudogene,20210420,-
130825,121154232,LOC121154232,-,-,-,Un,-,olfactory receptor 8G1-like,protein-coding,-,-,-,olfactory receptor 8G1-like,20210420,-
130825,121154233,LOC121154233,-,-,-,Un,-,putative olfactory receptor 10D3,protein-coding,-,-,-,putative olfactory receptor 10D3,20210420,-
130825,121154234,LOC121154234,-,-,-,Un,-,olfactory receptor 149,protein-coding,-,-,-,olfactory receptor 149,20210420,-
130825,121154235,LOC121154235,-,-,-,Un,-,putative olfactory receptor 10D4,protein-coding,-,-,-,putative olfactory receptor 10D4,20210420,-
130825,121154236,LOC121154236,-,-,-,Un,-,putative olfactory receptor 10D4,protein-coding,-,-,-,putative olfactory receptor 10D4,20210420,-
130825,121154237,LOC121154237,-,-,-,Un,-,olfactory receptor 14C36-like,protein-coding,-,-,-,olfactory receptor 14C36-like,20210420,-
130825,121154238,LOC121154238,-,-,-,Un,-,putative olfactory receptor 10D4,protein-coding,-,-,-,putative olfactory receptor 10D4,20210420,-
130825,121154239,LOC121154239,-,-,-,Un,-,olfactory receptor 10G6,protein-coding,-,-,-,olfactory receptor 10G6,20210420,-
130825,121154240,LOC121154240,-,-,-,Un,-,olfactory receptor 145-like,protein-coding,-,-,-,olfactory receptor 145-like,20210420,-
130825,121154241,LOC121154241,-,-,-,Un,-,olfactory receptor 145-like,protein-coding,-,-,-,olfactory receptor 145-like,20210420,-
130825,121154242,LOC121154242,-,-,-,Un,-,olfactory receptor 8B8-like,protein-coding,-,-,-,olfactory receptor 8B8-like,20210420,-
130825,121154243,LOC121154243,-,-,-,Un,-,olfactory receptor 147-like,protein-coding,-,-,-,olfactory receptor 147-like|olfactory receptor 8B8-like,20210420,-
130825,121154244,LOC121154244,-,-,-,Un,-,olfactory receptor 4D5,protein-coding,-,-,-,olfactory receptor 4D5,20210420,-
130825,121154245,LOC121154245,-,-,-,Un,-,olfactory receptor 8D4,protein-coding,-,-,-,olfactory receptor 8D4,20210420,-
130825,121154246,TMEM225,-,-,-,Un,-,transmembrane protein 225,protein-coding,-,-,-,transmembrane protein 225,20210420,-
130825,121154247,LOC121154247,-,-,-,Un,-,uncharacterized LOC121154247,ncRNA,-,-,-,-,20210420,-
130825,121154248,BSX,-,-,-,Un,-,brain specific homeobox,protein-coding,-,-,-,brain-specific homeobox protein homolog,20210420,-
130825,121154249,JHY,-,-,-,Un,-,junctional cadherin complex regulator,protein-coding,-,-,-,jhy protein homolog,20210420,-
130825,121154250,TLCD5,-,-,-,Un,-,TLC domain containing 5,protein-coding,-,-,-,TLC domain-containing protein 5,20210420,-
130825,121154251,POU2F3,-,-,-,Un,-,POU class 2 homeobox 3,protein-coding,-,-,-,"POU domain, class 2, transcription factor 3",20210420,-
130825,121154252,OAF,-,-,-,Un,-,out at first homolog,protein-coding,-,-,-,out at first protein homolog,20210420,-
130825,121154253,LOC121154253,-,-,-,Un,-,olfactory receptor 2L3-like,protein-coding,-,-,-,olfactory receptor 2L3-like,20210420,-
130825,121154254,TRIM29,-,-,-,Un,-,tripartite motif containing 29,protein-coding,-,-,-,tripartite motif-containing protein 29,20210420,-
130825,121154255,PGR,-,-,-,Un,-,progesterone receptor,protein-coding,-,-,-,progesterone receptor,20210420,-
130825,121154256,TRPC6,-,-,-,Un,-,transient receptor potential cation channel subfamily C member 6,protein-coding,-,-,-,short transient receptor potential channel 6,20210420,-
130825,121154257,ANGPTL5,-,-,-,Un,-,angiopoietin like 5,protein-coding,-,-,-,angiopoietin-related protein 5,20210420,-
130825,121154258,CEP126,-,-,-,Un,-,centrosomal protein 126,protein-coding,-,-,-,centrosomal protein of 126 kDa,20210420,-
130825,121154259,CFAP300,-,-,-,Un,-,cilia and flagella associated protein 300,protein-coding,-,-,-,cilia- and flagella-associated protein 300,20210420,-
130825,121154260,LOC121154260,-,-,-,Un,-,olfactory receptor 2AK2,protein-coding,-,-,-,olfactory receptor 2AK2,20210420,-
130825,121154261,LOC121154261,-,-,-,Un,-,uncharacterized LOC121154261,ncRNA,-,-,-,-,20210420,-
130825,121154262,MMP7,-,-,-,Un,-,matrix metallopeptidase 7,protein-coding,-,-,-,matrilysin,20210420,-
130825,121154263,MMP20,-,-,-,Un,-,matrix metallopeptidase 20,protein-coding,-,-,-,matrix metalloproteinase-20,20210420,-
130825,121154264,MMP27,-,-,-,Un,-,matrix metallopeptidase 27,protein-coding,-,-,-,matrix metalloproteinase-27,20210420,-
130825,121154265,MMP10,-,-,-,Un,-,matrix metallopeptidase 10,protein-coding,-,-,-,stromelysin-2,20210420,-
130825,121154266,MMP1,-,-,-,Un,-,matrix metallopeptidase 1,protein-coding,-,-,-,interstitial collagenase,20210420,-
130825,121154267,LOC121154267,-,-,-,Un,-,stromelysin-1,protein-coding,-,-,-,stromelysin-1,20210420,-
130825,121154268,MMP12,-,-,-,Un,-,matrix metallopeptidase 12,protein-coding,-,-,-,macrophage metalloelastase,20210420,-
130825,121154269,MMP13,-,-,-,Un,-,matrix metallopeptidase 13,protein-coding,-,-,-,collagenase 3,20210420,-
130825,121154270,DDI1,-,-,-,Un,-,DNA damage inducible 1 homolog 1,protein-coding,-,-,-,protein DDI1 homolog 1,20210420,-
130825,121154271,LOC121154271,-,-,-,Un,-,histone H2B type 3-B-like,protein-coding,-,-,-,histone H2B type 3-B-like,20210420,-
130825,121154272,PDGFD,-,-,-,Un,-,platelet derived growth factor D,protein-coding,-,-,-,platelet-derived growth factor D,20210420,-
130825,121154273,LOC121154273,-,-,-,Un,-,NEDD8-like,pseudo,-,-,-,-,20210420,-
130825,121154274,GRIA4,-,-,-,Un,-,glutamate ionotropic receptor AMPA type subunit 4,protein-coding,-,-,-,glutamate receptor 4,20210420,-
130825,121154275,LOC121154275,-,-,-,Un,-,thioredoxin-like,pseudo,-,-,-,-,20210420,-
130825,121154276,ELMOD1,-,-,-,Un,-,ELMO domain containing 1,protein-coding,-,-,-,ELMO domain-containing protein 1,20210420,-
130825,121154277,SLN,-,-,-,Un,-,sarcolipin,protein-coding,-,-,-,sarcolipin,20210529,-
130825,121154278,LOC121154278,-,-,-,Un,-,uncharacterized LOC121154278,ncRNA,-,-,-,-,20210420,-
130825,121154279,CUNH11orf65,-,-,-,Un,-,chromosome unknown C11orf65 homolog,protein-coding,-,-,-,protein MFI,20210420,-
130825,121154280,LOC121154280,-,-,-,Un,-,histone H2B type 3-B,protein-coding,-,-,-,histone H2B type 3-B,20210420,-
130825,121154281,EXPH5,-,-,-,Un,-,exophilin 5,protein-coding,-,-,-,exophilin-5,20210420,-
130825,121154282,LOC121154282,-,-,-,Un,-,uncharacterized LOC121154282,ncRNA,-,-,-,-,20210420,-
130825,121154283,PAIP2,-,-,-,Un,-,poly(A) binding protein interacting protein 2,protein-coding,-,-,-,polyadenylate-binding protein-interacting protein 2,20210529,-
130825,121154284,CUNH11orf53,-,-,-,Un,-,chromosome unknown C11orf53 homolog,protein-coding,-,-,-,uncharacterized protein C11orf53 homolog,20210420,-
130825,121154285,LOC121154285,-,-,-,Un,-,uncharacterized LOC121154285,ncRNA,-,-,-,-,20210420,-
130825,121154286,BTG4,-,-,-,Un,-,BTG anti-proliferation factor 4,protein-coding,-,-,-,protein BTG4,20210420,-
130825,121154287,LOC121154287,-,-,-,Un,-,"glutamyl-tRNA(Gln) amidotransferase subunit C, mitochondrial-like",pseudo,-,-,-,-,20210420,-
130825,121154288,HOATZ,-,-,-,Un,-,HOATZ cilia and flagella associated protein,protein-coding,-,-,-,cilia- and flagella-associated protein HOATZ,20210420,-
130825,121154289,LAYN,-,-,-,Un,-,layilin,protein-coding,-,-,-,layilin,20210420,-
130825,121154290,LOC121154290,-,-,-,Un,-,histone H2A type 3,protein-coding,-,-,-,histone H2A type 3,20210522,-
130825,121154291,LOC121154291,-,-,-,Un,-,60S ribosomal protein L9-like,pseudo,-,-,-,-,20210420,-
130825,121154292,FDXACB1,-,-,-,Un,-,ferredoxin-fold anticodon binding domain containing 1,protein-coding,-,-,-,ferredoxin-fold anticodon-binding domain-containing protein 1,20210420,-
130825,121154293,TEX12,-,-,-,Un,-,testis expressed 12,protein-coding,-,-,-,testis-expressed protein 12,20210420,-
130825,121154294,PTS,-,-,-,Un,-,6-pyruvoyltetrahydropterin synthase,protein-coding,-,-,-,6-pyruvoyl tetrahydrobiopterin synthase,20210420,-
130825,121154295,NCAM1,-,-,-,Un,-,neural cell adhesion molecule 1,protein-coding,-,-,-,neural cell adhesion molecule 1,20210420,-
130825,121154296,TTC12,-,-,-,Un,-,tetratricopeptide repeat domain 12,protein-coding,-,-,-,tetratricopeptide repeat protein 12,20210420,-
130825,121154297,LOC121154297,-,-,-,Un,-,histone H3.1,protein-coding,-,-,-,histone H3.1,20210522,-
130825,121154298,DRD2,-,-,-,Un,-,dopamine receptor D2,protein-coding,-,-,-,D(2) dopamine receptor,20210420,-
130825,121154299,HTR3B,-,-,-,Un,-,5-hydroxytryptamine receptor 3B,protein-coding,-,-,-,5-hydroxytryptamine receptor 3B,20210420,-
130825,121154300,LOC121154300,-,-,-,Un,-,60S ribosomal protein L31-like,protein-coding,-,-,-,60S ribosomal protein L31-like,20210420,-
130825,121154301,CUNH11orf71,-,-,-,Un,-,chromosome unknown C11orf71 homolog,protein-coding,-,-,-,uncharacterized protein C11orf71 homolog,20210420,-
130825,121154302,LOC121154302,-,-,-,Un,-,NXPE family member 1-like,protein-coding,-,-,-,NXPE family member 1-like,20210420,-
130825,121154303,LOC121154303,-,-,-,Un,-,NXPE family member 1-like,protein-coding,-,-,-,NXPE family member 1-like,20210420,-
130825,121154304,LOC121154304,-,-,-,Un,-,NXPE family member 4-like,protein-coding,-,-,-,NXPE family member 4-like,20210420,-
130825,121154305,TRIM17,-,-,-,Un,-,tripartite motif containing 17,protein-coding,-,-,-,E3 ubiquitin-protein ligase TRIM17,20210420,-
130825,121154306,LOC121154306,-,-,-,Un,-,40S ribosomal protein S15a-like,protein-coding,-,-,-,40S ribosomal protein S15a-like,20210420,-
130825,121154307,LOC121154307,-,-,-,Un,-,ubiquinol-cytochrome-c reductase complex assembly factor 2-like,pseudo,-,-,-,-,20210420,-
130825,121154308,APOA5,-,-,-,Un,-,apolipoprotein A5,protein-coding,-,-,-,apolipoprotein A-V,20210420,-
130825,121154309,APOA4,-,-,-,Un,-,apolipoprotein A4,protein-coding,-,-,-,apolipoprotein A-IV,20210420,-
130825,121154310,APOC3,-,-,-,Un,-,apolipoprotein C3,protein-coding,-,-,-,apolipoprotein C-III,20210420,-
130825,121154311,APOA1,-,-,-,Un,-,apolipoprotein A1,protein-coding,-,-,-,apolipoprotein A-I,20210420,-
130825,121154312,DSCAML1,-,-,-,Un,-,DS cell adhesion molecule like 1,protein-coding,-,-,-,Down syndrome cell adhesion molecule-like protein 1,20210420,-
130825,121154313,TTC36,-,-,-,Un,-,tetratricopeptide repeat domain 36,protein-coding,-,-,-,tetratricopeptide repeat protein 36,20210420,-
130825,121154314,LOC121154314,-,-,-,Un,-,60S ribosomal protein L10a-like,pseudo,-,-,-,-,20210420,-
130825,121154315,UPK2,-,-,-,Un,-,uroplakin 2,protein-coding,-,-,-,uroplakin-2,20210420,-
130825,121154316,FOXR1,-,-,-,Un,-,forkhead box R1,protein-coding,-,-,-,forkhead box protein R1,20210420,-
130825,121154317,LOC121154317,-,-,-,Un,-,60S ribosomal protein L21-like,pseudo,-,-,-,-,20210420,-
130825,121154318,ABCG4,-,-,-,Un,-,ATP binding cassette subfamily G member 4,protein-coding,-,-,-,ATP-binding cassette sub-family G member 4,20210420,-
130825,121154319,MCAM,-,-,-,Un,-,melanoma cell adhesion molecule,protein-coding,-,-,-,cell surface glycoprotein MUC18,20210420,-
130825,121154320,C1QTNF5,-,-,-,Un,-,C1q and TNF related 5,protein-coding,-,-,-,complement C1q tumor necrosis factor-related protein 5,20210420,-
130825,121154321,LOC121154321,-,-,-,Un,-,membrane frizzled-related protein,protein-coding,-,-,-,membrane frizzled-related protein,20210420,-
130825,121154322,USP2,-,-,-,Un,-,ubiquitin specific peptidase 2,protein-coding,-,-,-,ubiquitin carboxyl-terminal hydrolase 2,20210420,-
130825,121154323,MRPL55,-,-,-,Un,-,mitochondrial ribosomal protein L55,protein-coding,-,-,-,"39S ribosomal protein L55, mitochondrial",20210420,-
130825,121154324,LOC121154324,-,-,-,Un,-,uncharacterized LOC121154324,ncRNA,-,-,-,-,20210420,-
130825,121154325,PIWIL4,-,-,-,Un,-,piwi like RNA-mediated gene silencing 4,protein-coding,-,-,-,piwi-like protein 4,20210420,-
130825,121154326,HEPHL1,-,-,-,Un,-,hephaestin like 1,protein-coding,-,-,-,ferroxidase HEPHL1,20210420,-
130825,121154327,FAT3,-,-,-,Un,-,FAT atypical cadherin 3,protein-coding,-,-,-,protocadherin Fat 3,20210420,-
130825,121154328,NAALAD2,-,-,-,Un,-,N-acetylated alpha-linked acidic dipeptidase 2,protein-coding,-,-,-,N-acetylated-alpha-linked acidic dipeptidase 2,20210420,-
130825,121154329,LOC121154329,-,-,-,Un,-,U2 spliceosomal RNA,pseudo,-,-,-,-,20210420,-
130825,121154330,LOC121154330,-,-,-,Un,-,U2 spliceosomal RNA,pseudo,-,-,-,-,20210420,-
130825,121154331,LOC121154331,-,-,-,Un,-,U2 spliceosomal RNA,pseudo,-,-,-,-,20210420,-
130825,121154332,LOC121154332,-,-,-,Un,-,U4 spliceosomal RNA,pseudo,-,-,-,-,20210420,-
130825,121154333,LOC121154333,-,-,-,Un,-,U4 spliceosomal RNA,pseudo,-,-,-,-,20210420,-
130825,121154334,LOC121154334,-,-,-,Un,-,U6 spliceosomal RNA,snRNA,-,-,-,-,20210420,-
130825,121154335,LOC121154335,-,-,-,Un,-,U6 spliceosomal RNA,snRNA,-,-,-,-,20210420,-
130825,121154336,LOC121154336,-,-,-,Un,-,U6 spliceosomal RNA,snRNA,-,-,-,-,20210420,-
130825,121154337,LOC121154337,-,-,-,Un,-,U6 spliceosomal RNA,pseudo,-,-,-,-,20210420,-
130825,121154338,LOC121154338,-,-,-,Un,-,U6 spliceosomal RNA,snRNA,-,-,-,-,20210420,-
130825,121154339,LOC121154339,-,-,-,Un,-,U6 spliceosomal RNA,snRNA,-,-,-,-,20210420,-
130825,121154340,LOC121154340,-,-,-,Un,-,U6 spliceosomal RNA,snRNA,-,-,-,-,20210420,-
130825,121154341,LOC121154341,-,-,-,Un,-,U6 spliceosomal RNA,snRNA,-,-,-,-,20210420,-
130825,121154342,LOC121154342,-,-,-,Un,-,U6 spliceosomal RNA,snRNA,-,-,-,-,20210420,-
130825,121154343,LOC121154343,-,-,-,Un,-,U6 spliceosomal RNA,pseudo,-,-,-,-,20210420,-
130825,121154344,LOC121154344,-,-,-,Un,-,U6 spliceosomal RNA,snRNA,-,-,-,-,20210420,-
130825,121154345,LOC121154345,-,-,-,Un,-,U6 spliceosomal RNA,snRNA,-,-,-,-,20210420,-
130825,121154346,LOC121154346,-,-,-,Un,-,U6 spliceosomal RNA,snRNA,-,-,-,-,20210420,-
130825,121154347,LOC121154347,-,-,-,Un,-,U6 spliceosomal RNA,snRNA,-,-,-,-,20210420,-
130825,121154348,LOC121154348,-,-,-,Un,-,U6 spliceosomal RNA,snRNA,-,-,-,-,20210420,-
130825,121154349,LOC121154349,-,-,-,Un,-,small nucleolar RNA Z40,snoRNA,-,-,-,-,20210420,-
130825,121154350,LOC121154350,-,-,-,Un,-,small nucleolar RNA SNORA8,snoRNA,-,-,-,-,20210420,-
130825,121154351,LOC121154351,-,-,-,Un,-,small nucleolar RNA SNORA25,snoRNA,-,-,-,-,20210420,-
130825,121154352,LOC121154352,-,-,-,Un,-,small nucleolar RNA SNORA1,snoRNA,-,-,-,-,20210420,-
130825,121154353,LOC121154353,-,-,-,Un,-,small nucleolar RNA SNORA32,snoRNA,-,-,-,-,20210420,-
130825,121154354,LOC121154354,-,-,-,Un,-,small nucleolar RNA SNORA18,snoRNA,-,-,-,-,20210420,-
130825,121154355,LOC121154355,-,-,-,Un,-,small nucleolar RNA SNORA29,snoRNA,-,-,-,-,20210420,-
130825,121154356,LOC121154356,-,-,-,Un,-,small nucleolar RNA U2-30,snoRNA,-,-,-,-,20210420,-
130825,121154357,LOC121154357,-,-,-,Un,-,small nucleolar RNA U2-19,snoRNA,-,-,-,-,20210420,-
130825,121154358,LOC121154358,-,-,-,Un,-,small nucleolar RNA SNORA40,snoRNA,-,-,-,-,20210420,-
130825,121154359,LOC121154359,-,-,-,Un,-,U6atac minor spliceosomal RNA,snRNA,-,-,-,-,20210420,-
130825,121154360,LOC121154360,-,-,-,Un,-,small nucleolar RNA SNORD5,snoRNA,-,-,-,-,20210420,-
130825,121154361,LOC121154361,-,-,-,Un,-,small nucleolar RNA ACA64,snoRNA,-,-,-,-,20210420,-
130825,121154362,WNT3A,-,-,-,Un,-,Wnt family member 3A,protein-coding,-,-,-,protein Wnt-3a,20210420,-
130825,121154363,LOC121154363,-,-,-,Un,-,L-lactate dehydrogenase A chain-like,pseudo,-,-,-,-,20210420,-
130825,121154364,LOC121154364,-,-,-,Un,-,anomalous homeobox protein-like,protein-coding,-,-,-,anomalous homeobox protein-like,20210420,-
130825,121154365,AHRR,-,-,-,Un,-,aryl-hydrocarbon receptor repressor,protein-coding,-,-,-,aryl hydrocarbon receptor repressor,20210420,-
130825,121154366,SLC9A3,-,-,-,Un,-,solute carrier family 9 member A3,protein-coding,-,-,-,sodium/hydrogen exchanger 3,20210420,-
130825,121154367,SLC6A18,-,-,-,Un,-,solute carrier family 6 member 18,protein-coding,-,-,-,inactive sodium-dependent neutral amino acid transporter B(0)AT3,20210420,-
130825,121154368,SLC6A3,-,-,-,Un,-,solute carrier family 6 member 3,protein-coding,-,-,-,sodium-dependent dopamine transporter,20210420,-
130825,121154369,ADAMTS16,-,-,-,Un,-,ADAM metallopeptidase with thrombospondin type 1 motif 16,protein-coding,-,-,-,A disintegrin and metalloproteinase with thrombospondin motifs 16,20210420,-
130825,121154370,TAS2R1,-,-,-,Un,-,taste 2 receptor member 1,protein-coding,-,-,-,taste receptor type 2 member 1,20210420,-
130825,121154371,ATPSCKMT,-,-,-,Un,-,ATP synthase c subunit lysine N-methyltransferase,protein-coding,-,-,-,ATP synthase subunit C lysine N-methyltransferase,20210420,-
130825,121154372,MYO10,-,-,-,Un,-,myosin X,protein-coding,-,-,-,unconventional myosin-X,20210420,-
130825,121154373,LOC121154373,-,-,-,Un,-,anomalous homeobox protein-like,protein-coding,-,-,-,anomalous homeobox protein-like,20210420,-
130825,121154374,CDH9,-,-,-,Un,-,cadherin 9,protein-coding,-,-,-,cadherin-9,20210420,-
130825,121154375,LOC121154375,-,-,-,Un,-,ubiquitin-conjugating enzyme E2 variant 2-like,pseudo,-,-,-,-,20210420,-
130825,121154376,PDZD2,-,-,-,Un,-,PDZ domain containing 2,protein-coding,-,-,-,PDZ domain-containing protein 2,20210420,-
130825,121154377,LOC121154377,-,-,-,Un,-,heterogeneous nuclear ribonucleoprotein A3-like,protein-coding,-,-,-,LOW QUALITY PROTEIN: heterogeneous nuclear ribonucleoprotein A3-like,20210420,-
130825,121154378,RXFP3,-,-,-,Un,-,relaxin family peptide receptor 3,protein-coding,-,-,-,relaxin-3 receptor 1,20210420,-
130825,121154379,LOC121154379,-,-,-,Un,-,high mobility group protein B1-like,pseudo,-,-,-,-,20210420,-
130825,121154380,SPEF2,-,-,-,Un,-,sperm flagellar 2,protein-coding,-,-,-,sperm flagellar protein 2,20210420,-
130825,121154381,LOC121154381,-,-,-,Un,-,UDP-glucuronosyltransferase 3A2-like,protein-coding,-,-,-,LOW QUALITY PROTEIN: UDP-glucuronosyltransferase 3A2-like,20210420,-
130825,121154382,RANBP3L,-,-,-,Un,-,RAN binding protein 3 like,protein-coding,-,-,-,LOW QUALITY PROTEIN: ran-binding protein 3-like,20210420,-
130825,121154383,CPLANE1,-,-,-,Un,-,ciliogenesis and planar polarity effector 1,protein-coding,-,-,-,ciliogenesis and planar polarity effector 1,20210420,-
130825,121154384,LOC121154384,-,-,-,Un,-,small nucleolar RNA SNORD18,snoRNA,-,-,-,-,20210420,-
130825,121154385,EGFLAM,-,-,-,Un,-,"EGF like, fibronectin type III and laminin G domains",protein-coding,-,-,-,pikachurin,20210420,-
130825,121154386,LOC121154386,-,-,-,Un,-,signal recognition particle 19 kDa protein-like,pseudo,-,-,-,-,20210420,-
130825,121154387,C7,-,-,-,Un,-,complement C7,protein-coding,-,-,-,complement component C7,20210420,-
130825,121154388,LOC121154388,-,-,-,Un,-,serine/arginine-rich splicing factor 1-like,protein-coding,-,-,-,serine/arginine-rich splicing factor 1-like,20210420,-
130825,121154389,CCL28,-,-,-,Un,-,C-C motif chemokine ligand 28,protein-coding,-,-,-,C-C motif chemokine 28,20210420,-
130825,121154390,LOC121154390,-,-,-,Un,-,peptidyl-prolyl cis-trans isomerase FKBP3-like,pseudo,-,-,-,-,20210420,-
130825,121154391,LOC121154391,-,-,-,Un,-,chondroitin sulfate proteoglycan 4-like,pseudo,-,-,-,-,20210420,-
130825,121154392,LOC121154392,-,-,-,Un,-,small nucleolar RNA SNORD63,snoRNA,-,-,-,-,20210420,-
130825,121154393,LOC121154393,-,-,-,Un,-,60S ribosomal protein L27a-like,pseudo,-,-,-,-,20210420,-
130825,121154394,IL31RA,-,-,-,Un,-,interleukin 31 receptor A,protein-coding,-,-,-,interleukin-31 receptor subunit alpha,20210420,-
130825,121154395,LOC121154395,-,-,-,Un,-,uncharacterized LOC121154395,protein-coding,-,-,-,growth/differentiation factor 3,20210420,-
130825,121154396,LOC121154396,-,-,-,Un,-,protein FAM136A-like,pseudo,-,-,-,-,20210420,-
130825,121154397,LOC121154397,-,-,-,Un,-,zinc finger and SCAN domain-containing protein 26-like,pseudo,-,-,-,-,20210420,-
130825,121154398,LOC121154398,-,-,-,Un,-,DNA-directed RNA polymerase II subunit GRINL1A-like,pseudo,-,-,-,-,20210420,-
130825,121154399,LOC121154399,-,-,-,Un,-,small nucleolar RNA SNORD63,snoRNA,-,-,-,-,20210420,-
130825,121154400,RNF180,-,-,-,Un,-,ring finger protein 180,protein-coding,-,-,-,LOW QUALITY PROTEIN: E3 ubiquitin-protein ligase RNF180,20210420,-
130825,121154401,MAST4,-,-,-,Un,-,microtubule associated serine/threonine kinase family member 4,protein-coding,-,-,-,microtubule-associated serine/threonine-protein kinase 4,20210420,-
130825,121154402,LOC121154402,-,-,-,Un,-,zinc finger protein 883-like,pseudo,-,-,-,-,20210420,-
130825,121154403,SDHA,-,-,-,Un,-,succinate dehydrogenase complex flavoprotein subunit A,protein-coding,-,-,-,"succinate dehydrogenase [ubiquinone] flavoprotein subunit, mitochondrial",20210420,-
130825,121154404,LOC121154404,-,-,-,Un,-,small nucleolar RNA SNORA13,snoRNA,-,-,-,-,20210420,-
130825,121154405,PDCD6,-,-,-,Un,-,programmed cell death 6,protein-coding,-,-,-,programmed cell death protein 6,20210529,-
130825,121154406,EXOC3,-,-,-,Un,-,exocyst complex component 3,protein-coding,-,-,-,exocyst complex component 3,20210420,-
130825,121154407,CEP72,-,-,-,Un,-,centrosomal protein 72,protein-coding,-,-,-,centrosomal protein of 72 kDa,20210420,-
130825,121154408,LOC121154408,-,-,-,Un,-,small nucleolar RNA SNORA21,snoRNA,-,-,-,-,20210420,-
130825,121154409,LOC121154409,-,-,-,Un,-,tubulin polymerization promoting protein,protein-coding,-,-,-,tubulin polymerization-promoting protein,20210420,-
130825,121154410,LOC121154410,-,-,-,Un,-,uncharacterized LOC121154410,ncRNA,-,-,-,-,20210420,-
130825,121154411,BRD9,-,-,-,Un,-,bromodomain containing 9,protein-coding,-,-,-,bromodomain-containing protein 9,20210420,-
130825,121154412,LOC121154412,-,-,-,Un,-,small nucleolar RNA SNORA51,snoRNA,-,-,-,-,20210420,-
130825,121154413,LOC121154413,-,-,-,Un,-,small nucleolar RNA SNORA51,snoRNA,-,-,-,-,20210420,-
130825,121154414,SLC12A7,-,-,-,Un,-,solute carrier family 12 member 7,protein-coding,-,-,-,solute carrier family 12 member 7,20210420,-
130825,121154415,TERT,-,-,-,Un,-,telomerase reverse transcriptase,protein-coding,-,-,-,telomerase reverse transcriptase,20210420,-
130825,121154416,CLPTM1L,-,-,-,Un,-,CLPTM1 like,protein-coding,-,-,-,cleft lip and palate transmembrane protein 1-like protein,20210420,-
130825,121154417,LOC121154417,-,-,-,Un,-,U1 spliceosomal RNA,snRNA,-,-,-,-,20210420,-
130825,121154418,LPCAT1,-,-,-,Un,-,lysophosphatidylcholine acyltransferase 1,protein-coding,-,-,-,lysophosphatidylcholine acyltransferase 1,20210420,-
130825,121154419,ICE1,-,-,-,Un,-,interactor of little elongation complex ELL subunit 1,protein-coding,-,-,-,little elongation complex subunit 1,20210420,-
130825,121154420,MED10,-,-,-,Un,-,mediator complex subunit 10,protein-coding,-,-,-,mediator of RNA polymerase II transcription subunit 10,20210420,-
130825,121154421,NSUN2,-,-,-,Un,-,NOP2/Sun RNA methyltransferase 2,protein-coding,-,-,-,RNA cytosine C(5)-methyltransferase NSUN2,20210420,-
130825,121154422,SRD5A1,-,-,-,Un,-,steroid 5 alpha-reductase 1,protein-coding,-,-,-,3-oxo-5-alpha-steroid 4-dehydrogenase 1,20210420,-
130825,121154423,LOC121154423,-,-,-,Un,-,U1 spliceosomal RNA,snRNA,-,-,-,-,20210420,-
130825,121154424,TENT4A,-,-,-,Un,-,terminal nucleotidyltransferase 4A,protein-coding,-,-,-,terminal nucleotidyltransferase 4A,20210420,-
130825,121154425,ADCY2,-,-,-,Un,-,adenylate cyclase 2,protein-coding,-,-,-,adenylate cyclase type 2,20210420,-
130825,121154426,MTRR,-,-,-,Un,-,5-methyltetrahydrofolate-homocysteine methyltransferase reductase,protein-coding,-,-,-,methionine synthase reductase,20210420,-
130825,121154427,LOC121154427,-,-,-,Un,-,uncharacterized LOC121154427,ncRNA,-,-,-,-,20210420,-
130825,121154428,SEMA5A,-,-,-,Un,-,semaphorin 5A,protein-coding,-,-,-,semaphorin-5A,20210420,-
130825,121154429,CCT5,-,-,-,Un,-,chaperonin containing TCP1 subunit 5,protein-coding,-,-,-,T-complex protein 1 subunit epsilon,20210420,-
130825,121154430,LOC121154430,-,-,-,Un,-,U2 spliceosomal RNA,pseudo,-,-,-,-,20210420,-
130825,121154431,LOC121154431,-,-,-,Un,-,carboxymethylenebutenolidase homolog,protein-coding,-,-,-,carboxymethylenebutenolidase homolog,20210420,-
130825,121154432,LOC121154432,-,-,-,Un,-,carboxymethylenebutenolidase homolog,protein-coding,-,-,-,carboxymethylenebutenolidase homolog,20210420,-
130825,121154433,LOC121154433,-,-,-,Un,-,T-complex protein 1 subunit epsilon-like,protein-coding,-,-,-,T-complex protein 1 subunit epsilon-like,20210420,-
130825,121154434,LOC121154434,-,-,-,Un,-,U2 spliceosomal RNA,pseudo,-,-,-,-,20210420,-
130825,121154435,MARCHF6,-,-,-,Un,-,membrane associated ring-CH-type finger 6,protein-coding,-,-,-,E3 ubiquitin-protein ligase MARCHF6,20210420,-
130825,121154436,MATR3,-,-,-,Un,-,matrin 3,protein-coding,-,-,-,matrin-3,20210420,-
130825,121154437,LOC121154437,-,-,-,Un,-,uncharacterized LOC121154437,ncRNA,-,-,-,-,20210420,-
130825,121154438,ROPN1L,-,-,-,Un,-,rhophilin associated tail protein 1 like,protein-coding,-,-,-,ropporin-1-like protein,20210420,-
130825,121154439,LOC121154439,-,-,-,Un,-,U2 spliceosomal RNA,pseudo,-,-,-,-,20210420,-
130825,121154440,LOC121154440,-,-,-,Un,-,death associated protein,protein-coding,-,-,-,death-associated protein 1,20210420,-
130825,121154441,CTNND2,-,-,-,Un,-,catenin delta 2,protein-coding,-,-,-,catenin delta-2,20210420,-
130825,121154442,LOC121154442,-,-,-,Un,-,U2 spliceosomal RNA,pseudo,-,-,-,-,20210420,-
130825,121154443,TRIO,-,-,-,Un,-,trio Rho guanine nucleotide exchange factor,protein-coding,-,-,-,triple functional domain protein,20210420,-
130825,121154444,LOC121154444,-,-,-,Un,-,60S ribosomal protein L10a-like,pseudo,-,-,-,-,20210420,-
130825,121154445,OTULINL,-,-,-,Un,-,OTU deubiquitinase with linear linkage specificity like,protein-coding,-,-,-,inactive ubiquitin thioesterase OTULINL,20210420,-
130825,121154446,OTULIN,-,-,-,Un,-,OTU deubiquitinase with linear linkage specificity,protein-coding,-,-,-,ubiquitin thioesterase otulin,20210420,-
130825,121154447,ANKH,-,-,-,Un,-,ANKH inorganic pyrophosphate transport regulator,protein-coding,-,-,-,progressive ankylosis protein homolog,20210420,-
130825,121154448,LOC121154448,-,-,-,Un,-,uncharacterized LOC121154448,ncRNA,-,-,-,-,20210420,-
130825,121154449,LOC121154449,-,-,-,Un,-,U2 spliceosomal RNA,pseudo,-,-,-,-,20210420,-
130825,121154450,ZNF622,-,-,-,Un,-,zinc finger protein 622,protein-coding,-,-,-,zinc finger protein 622,20210420,-
130825,121154451,RETREG1,-,-,-,Un,-,reticulophagy regulator 1,protein-coding,-,-,-,reticulophagy regulator 1,20210420,-
130825,121154452,LOC121154452,-,-,-,Un,-,uncharacterized LOC121154452,ncRNA,-,-,-,-,20210420,-
130825,121154453,LOC121154453,-,-,-,Un,-,uncharacterized LOC121154453,ncRNA,-,-,-,-,20210420,-
130825,121154454,BASP1,-,-,-,Un,-,brain abundant membrane attached signal protein 1,protein-coding,-,-,-,brain acid soluble protein 1,20210420,-
130825,121154455,DROSHA,-,-,-,Un,-,drosha ribonuclease III,protein-coding,-,-,-,ribonuclease 3,20210420,-
130825,121154456,LOC121154456,-,-,-,Un,-,U2 spliceosomal RNA,pseudo,-,-,-,-,20210420,-
130825,121154457,CUNH5orf22,-,-,-,Un,-,chromosome unknown C5orf22 homolog,protein-coding,-,-,-,UPF0489 protein C5orf22 homolog,20210420,-
130825,121154458,LOC121154458,-,-,-,Un,-,uncharacterized LOC121154458,ncRNA,-,-,-,-,20210420,-
130825,121154459,GOLPH3,-,-,-,Un,-,golgi phosphoprotein 3,protein-coding,-,-,-,Golgi phosphoprotein 3,20210420,-
130825,121154460,MTMR12,-,-,-,Un,-,myotubularin related protein 12,protein-coding,-,-,-,myotubularin-related protein 12,20210420,-
130825,121154461,LOC121154461,-,-,-,Un,-,small nucleolar RNA U3,pseudo,-,-,-,-,20210420,-
130825,121154462,ZFR,-,-,-,Un,-,zinc finger RNA binding protein,protein-coding,-,-,-,zinc finger RNA-binding protein,20210420,-
130825,121154463,SUB1,-,-,-,Un,-,SUB1 regulator of transcription,protein-coding,-,-,-,activated RNA polymerase II transcriptional coactivator p15,20210420,-
130825,121154464,NPR3,-,-,-,Un,-,natriuretic peptide receptor 3,protein-coding,-,-,-,atrial natriuretic peptide receptor 3,20210420,-
130825,121154465,LOC121154465,-,-,-,Un,-,U4 spliceosomal RNA,pseudo,-,-,-,-,20210420,-
130825,121154466,TARS1,-,-,-,Un,-,threonyl-tRNA synthetase 1,protein-coding,-,-,-,"threonine--tRNA ligase 1, cytoplasmic",20210420,-
130825,121154467,LOC121154467,-,-,-,Un,-,uncharacterized LOC121154467,ncRNA,-,-,-,-,20210420,-
130825,121154468,SLC45A2,-,-,-,Un,-,solute carrier family 45 member 2,protein-coding,-,-,-,membrane-associated transporter protein,20210420,-
130825,121154469,AMACR,-,-,-,Un,-,alpha-methylacyl-CoA racemase,protein-coding,-,-,-,alpha-methylacyl-CoA racemase,20210420,-
130825,121154470,RAI14,-,-,-,Un,-,retinoic acid induced 14,protein-coding,-,-,-,ankycorbin,20210420,-
130825,121154471,LOC121154471,-,-,-,Un,-,U4 spliceosomal RNA,pseudo,-,-,-,-,20210420,-
130825,121154472,TTC23L,-,-,-,Un,-,tetratricopeptide repeat domain 23 like,protein-coding,-,-,-,tetratricopeptide repeat protein 23-like,20210420,-
130825,121154473,BRIX1,-,-,-,Un,-,biogenesis of ribosomes BRX1,protein-coding,-,-,-,ribosome biogenesis protein BRX1 homolog,20210420,-
130825,121154474,RAD1,-,-,-,Un,-,RAD1 checkpoint DNA exonuclease,protein-coding,-,-,-,cell cycle checkpoint protein RAD1,20210420,-
130825,121154475,DNAJC21,-,-,-,Un,-,DnaJ heat shock protein family (Hsp40) member C21,protein-coding,-,-,-,dnaJ homolog subfamily C member 21,20210420,-
130825,121154476,PRLR,-,-,-,Un,-,prolactin receptor,protein-coding,-,-,-,prolactin receptor,20210420,-
130825,121154477,LOC121154477,-,-,-,Un,-,uncharacterized LOC121154477,protein-coding,-,-,-,uncharacterized protein LOC121154477,20210420,-
130825,121154478,LOC121154478,-,-,-,Un,-,U4 spliceosomal RNA,snRNA,-,-,-,-,20210420,-
130825,121154479,IL7R,-,-,-,Un,-,interleukin 7 receptor,protein-coding,-,-,-,interleukin-7 receptor subunit alpha,20210420,-
130825,121154480,LMBRD2,-,-,-,Un,-,LMBR1 domain containing 2,protein-coding,-,-,-,G-protein coupled receptor-associated protein LMBRD2,20210420,-
130825,121154481,SKP2,-,-,-,Un,-,S-phase kinase associated protein 2,protein-coding,-,-,-,S-phase kinase-associated protein 2,20210420,-
130825,121154482,NADK2,-,-,-,Un,-,"NAD kinase 2, mitochondrial",protein-coding,-,-,-,"NAD kinase 2, mitochondrial",20210420,-
130825,121154483,LOC121154483,-,-,-,Un,-,U6 spliceosomal RNA,snRNA,-,-,-,-,20210420,-
130825,121154484,NIPBL,-,-,-,Un,-,NIPBL cohesin loading factor,protein-coding,-,-,-,nipped-B-like protein,20210420,-
130825,121154485,NUP155,-,-,-,Un,-,nucleoporin 155,protein-coding,-,-,-,nuclear pore complex protein Nup155,20210420,-
130825,121154486,WDR70,-,-,-,Un,-,WD repeat domain 70,protein-coding,-,-,-,WD repeat-containing protein 70,20210420,-
130825,121154487,LOC121154487,-,-,-,Un,-,U6 spliceosomal RNA,snRNA,-,-,-,-,20210420,-
130825,121154488,LOC121154488,-,-,-,Un,-,translation machinery-associated protein 7-like,protein-coding,-,-,-,translation machinery-associated protein 7-like,20210420,-
130825,121154489,OSMR,-,-,-,Un,-,oncostatin M receptor,protein-coding,-,-,-,oncostatin-M-specific receptor subunit beta,20210420,-
130825,121154490,RICTOR,-,-,-,Un,-,RPTOR independent companion of MTOR complex 2,protein-coding,-,-,-,rapamycin-insensitive companion of mTOR,20210420,-
130825,121154491,FYB1,-,-,-,Un,-,FYN binding protein 1,protein-coding,-,-,-,FYN-binding protein 1,20210420,-
130825,121154492,LOC121154492,-,-,-,Un,-,U6 spliceosomal RNA,snRNA,-,-,-,-,20210420,-
130825,121154493,C9,-,-,-,Un,-,complement C9,protein-coding,-,-,-,complement component C9,20210420,-
130825,121154494,DAB2,-,-,-,Un,-,DAB adaptor protein 2,protein-coding,-,-,-,disabled homolog 2,20210420,-
130825,121154495,LOC121154495,-,-,-,Un,-,uncharacterized LOC121154495,ncRNA,-,-,-,-,20210420,-
130825,121154496,PTGER4,-,-,-,Un,-,prostaglandin E receptor 4,protein-coding,-,-,-,prostaglandin E2 receptor EP4 subtype,20210420,-
130825,121154497,TTC33,-,-,-,Un,-,tetratricopeptide repeat domain 33,protein-coding,-,-,-,tetratricopeptide repeat protein 33,20210420,-
130825,121154498,CARD6,-,-,-,Un,-,caspase recruitment domain family member 6,protein-coding,-,-,-,caspase recruitment domain-containing protein 6,20210420,-
130825,121154499,LOC121154499,-,-,-,Un,-,U6 spliceosomal RNA,snRNA,-,-,-,-,20210420,-
130825,121154500,PRKAA1,-,-,-,Un,-,protein kinase AMP-activated catalytic subunit alpha 1,protein-coding,-,-,-,5'-AMP-activated protein kinase catalytic subunit alpha-1,20210420,-
130825,121154501,RPL37,-,-,-,Un,-,ribosomal protein L37,protein-coding,-,-,-,60S ribosomal protein L37,20210424,-
130825,121154502,OXCT1,-,-,-,Un,-,3-oxoacid CoA-transferase 1,protein-coding,-,-,-,"succinyl-CoA:3-ketoacid coenzyme A transferase 1, mitochondrial",20210420,-
130825,121154503,LOC121154503,-,-,-,Un,-,U6 spliceosomal RNA,snRNA,-,-,-,-,20210420,-
130825,121154504,CUNH5orf51,-,-,-,Un,-,chromosome unknown C5orf51 homolog,protein-coding,-,-,-,UPF0600 protein C5orf51 homolog,20210420,-
130825,121154505,LOC121154505,-,-,-,Un,-,selenoprotein P,protein-coding,-,-,-,selenoprotein P,20210420,-
130825,121154506,CCDC152,-,-,-,Un,-,coiled-coil domain containing 152,protein-coding,-,-,-,coiled-coil domain-containing protein 152,20210420,-
130825,121154507,ZNF131,-,-,-,Un,-,zinc finger protein 131,protein-coding,-,-,-,zinc finger protein 131,20210420,-
130825,121154508,LOC121154508,-,-,-,Un,-,U6 spliceosomal RNA,snRNA,-,-,-,-,20210420,-
130825,121154509,HMGCS1,-,-,-,Un,-,3-hydroxy-3-methylglutaryl-CoA synthase 1,protein-coding,-,-,-,"hydroxymethylglutaryl-CoA synthase, cytoplasmic",20210420,-
130825,121154510,CUNH5orf34,-,-,-,Un,-,chromosome unknown C5orf34 homolog,protein-coding,-,-,-,uncharacterized protein C5orf34 homolog,20210420,-
130825,121154511,PAIP1,-,-,-,Un,-,poly(A) binding protein interacting protein 1,protein-coding,-,-,-,polyadenylate-binding protein-interacting protein 1,20210420,-
130825,121154512,LOC121154512,-,-,-,Un,-,U6 spliceosomal RNA,snRNA,-,-,-,-,20210420,-
130825,121154513,NNT,-,-,-,Un,-,nicotinamide nucleotide transhydrogenase,protein-coding,-,-,-,"NAD(P) transhydrogenase, mitochondrial",20210420,-
130825,121154514,FGF10,-,-,-,Un,-,fibroblast growth factor 10,protein-coding,-,-,-,fibroblast growth factor 10,20210420,-
130825,121154515,MRPS30,-,-,-,Un,-,mitochondrial ribosomal protein S30,protein-coding,-,-,-,"39S ribosomal protein S30, mitochondrial",20210420,-
130825,121154516,EMB,-,-,-,Un,-,embigin,protein-coding,-,-,-,embigin,20210420,-
130825,121154517,PARP8,-,-,-,Un,-,poly(ADP-ribose) polymerase family member 8,protein-coding,-,-,-,protein mono-ADP-ribosyltransferase PARP8,20210420,-
130825,121154518,LOC121154518,-,-,-,Un,-,U6 spliceosomal RNA,snRNA,-,-,-,-,20210420,-
130825,121154519,LOC121154519,-,-,-,Un,-,uncharacterized LOC121154519,ncRNA,-,-,-,-,20210420,-
130825,121154520,ITGA1,-,-,-,Un,-,integrin subunit alpha 1,protein-coding,-,-,-,integrin alpha-1,20210420,-
130825,121154521,PELO,-,-,-,Un,-,pelota mRNA surveillance and ribosome rescue factor,protein-coding,-,-,-,protein pelota homolog,20210420,-
130825,121154522,LOC121154522,-,-,-,Un,-,uncharacterized LOC121154522,ncRNA,-,-,-,-,20210420,-
130825,121154523,ITGA2,-,-,-,Un,-,integrin subunit alpha 2,protein-coding,-,-,-,integrin alpha-2,20210420,-
130825,121154524,LOC121154524,-,-,-,Un,-,uncharacterized LOC121154524,ncRNA,-,-,-,-,20210420,-
130825,121154525,MOCS2,-,-,-,Un,-,molybdenum cofactor synthesis 2,protein-coding,-,-,-,molybdopterin synthase catalytic subunit,20210420,-
130825,121154526,LOC121154526,-,-,-,Un,-,U6 spliceosomal RNA,snRNA,-,-,-,-,20210420,-
130825,121154527,NDUFS4,-,-,-,Un,-,NADH:ubiquinone oxidoreductase subunit S4,protein-coding,-,-,-,"NADH dehydrogenase [ubiquinone] iron-sulfur protein 4, mitochondrial",20210420,-
130825,121154528,ARL15,-,-,-,Un,-,ADP ribosylation factor like GTPase 15,protein-coding,-,-,-,ADP-ribosylation factor-like protein 15,20210420,-
130825,121154529,LOC121154529,-,-,-,Un,-,uncharacterized LOC121154529,ncRNA,-,-,-,-,20210420,-
130825,121154530,SNX18,-,-,-,Un,-,sorting nexin 18,protein-coding,-,-,-,sorting nexin-18,20210420,-
130825,121154531,LOC121154531,-,-,-,Un,-,U6 spliceosomal RNA,snRNA,-,-,-,-,20210420,-
130825,121154532,LOC121154532,-,-,-,Un,-,uncharacterized LOC121154532,ncRNA,-,-,-,-,20210420,-
130825,121154533,GZMK,-,-,-,Un,-,granzyme K,protein-coding,-,-,-,granzyme K,20210420,-
130825,121154534,LOC121154534,-,-,-,Un,-,granzyme A-like,protein-coding,-,-,-,granzyme A-like,20210420,-
130825,121154535,DHX29,-,-,-,Un,-,DExH-box helicase 29,protein-coding,-,-,-,ATP-dependent RNA helicase DHX29,20210420,-
130825,121154536,MTREX,-,-,-,Un,-,Mtr4 exosome RNA helicase,protein-coding,-,-,-,exosome RNA helicase MTR4,20210420,-
130825,121154537,LOC121154537,-,-,-,Un,-,U6 spliceosomal RNA,snRNA,-,-,-,-,20210420,-
130825,121154538,PLPP1,-,-,-,Un,-,phospholipid phosphatase 1,protein-coding,-,-,-,phospholipid phosphatase 1,20210420,-
130825,121154539,SLC38A9,-,-,-,Un,-,solute carrier family 38 member 9,protein-coding,-,-,-,sodium-coupled neutral amino acid transporter 9,20210420,-
130825,121154540,IL6ST,-,-,-,Un,-,interleukin 6 cytokine family signal transducer,protein-coding,-,-,-,interleukin-6 receptor subunit beta,20210420,-
130825,121154541,LOC121154541,-,-,-,Un,-,uncharacterized LOC121154541,ncRNA,-,-,-,-,20210420,-
130825,121154542,ANKRD55,-,-,-,Un,-,ankyrin repeat domain 55,protein-coding,-,-,-,ankyrin repeat domain-containing protein 55,20210420,-
130825,121154543,LOC121154543,-,-,-,Un,-,U6 spliceosomal RNA,pseudo,-,-,-,-,20210420,-
130825,121154544,MAP3K1,-,-,-,Un,-,mitogen-activated protein kinase kinase kinase 1,protein-coding,-,-,-,mitogen-activated protein kinase kinase kinase 1,20210420,-
130825,121154545,SETD9,-,-,-,Un,-,SET domain containing 9,protein-coding,-,-,-,SET domain-containing protein 9,20210420,-
130825,121154546,MIER3,-,-,-,Un,-,MIER family member 3,protein-coding,-,-,-,mesoderm induction early response protein 3,20210420,-
130825,121154547,LOC121154547,-,-,-,Un,-,U6 spliceosomal RNA,snRNA,-,-,-,-,20210420,-
130825,121154548,GPBP1,-,-,-,Un,-,GC-rich promoter binding protein 1,protein-coding,-,-,-,vasculin,20210420,-
130825,121154549,ACTBL2,-,-,-,Un,-,actin beta like 2,protein-coding,-,-,-,beta-actin-like protein 2,20210420,-
130825,121154550,PLK2,-,-,-,Un,-,polo like kinase 2,protein-coding,-,-,-,serine/threonine-protein kinase PLK2,20210420,-
130825,121154551,LOC121154551,-,-,-,Un,-,U6 spliceosomal RNA,snRNA,-,-,-,-,20210420,-
130825,121154552,GAPT,-,-,-,Un,-,"GRB2 binding adaptor protein, transmembrane",protein-coding,-,-,-,protein GAPT,20210420,-
130825,121154553,PDE4D,-,-,-,Un,-,phosphodiesterase 4D,protein-coding,-,-,-,"cAMP-specific 3',5'-cyclic phosphodiesterase 4D",20210420,-
130825,121154554,LOC121154554,-,-,-,Un,-,U6 spliceosomal RNA,snRNA,-,-,-,-,20210420,-
130825,121154555,LOC121154555,-,-,-,Un,-,60S ribosomal protein L29-like,pseudo,-,-,-,-,20210420,-
130825,121154556,LOC121154556,-,-,-,Un,-,"28S ribosomal protein S21, mitochondrial-like",pseudo,-,-,-,-,20210420,-
130825,121154557,LOC121154557,-,-,-,Un,-,uncharacterized LOC121154557,ncRNA,-,-,-,-,20210420,-
130825,121154558,LOC121154558,-,-,-,Un,-,uncharacterized LOC121154558,ncRNA,-,-,-,-,20210420,-
130825,121154559,DEPDC1B,-,-,-,Un,-,DEP domain containing 1B,protein-coding,-,-,-,DEP domain-containing protein 1B,20210420,-
130825,121154560,ELOVL7,-,-,-,Un,-,ELOVL fatty acid elongase 7,protein-coding,-,-,-,elongation of very long chain fatty acids protein 7,20210420,-
130825,121154561,LOC121154561,-,-,-,Un,-,U6 spliceosomal RNA,snRNA,-,-,-,-,20210420,-
130825,121154562,ERCC8,-,-,-,Un,-,"ERCC excision repair 8, CSA ubiquitin ligase complex subunit",protein-coding,-,-,-,DNA excision repair protein ERCC-8,20210420,-
130825,121154563,LOC121154563,-,-,-,Un,-,uncharacterized LOC121154563,ncRNA,-,-,-,-,20210420,-
130825,121154564,NDUFAF2,-,-,-,Un,-,NADH:ubiquinone oxidoreductase complex assembly factor 2,protein-coding,-,-,-,NADH dehydrogenase [ubiquinone] 1 alpha subcomplex assembly factor 2,20210420,-
130825,121154565,SMIM15,-,-,-,Un,-,small integral membrane protein 15,protein-coding,-,-,-,small integral membrane protein 15,20210420,-
130825,121154566,ZSWIM6,-,-,-,Un,-,zinc finger SWIM-type containing 6,protein-coding,-,-,-,zinc finger SWIM domain-containing protein 6,20210420,-
130825,121154567,LOC121154567,-,-,-,Un,-,U6 spliceosomal RNA,snRNA,-,-,-,-,20210420,-
130825,121154568,LOC121154568,-,-,-,Un,-,uncharacterized LOC121154568,ncRNA,-,-,-,-,20210420,-
130825,121154569,KIF2A,-,-,-,Un,-,kinesin family member 2A,protein-coding,-,-,-,kinesin-like protein KIF2A,20210420,-
130825,121154570,DIMT1,-,-,-,Un,-,DIMT1 rRNA methyltransferase and ribosome maturation factor,protein-coding,-,-,-,probable dimethyladenosine transferase,20210420,-
130825,121154571,LOC121154571,-,-,-,Un,-,U6 spliceosomal RNA,snRNA,-,-,-,-,20210420,-
130825,121154572,IPO11,-,-,-,Un,-,importin 11,protein-coding,-,-,-,importin-11,20210420,-
130825,121154573,LRRC70,-,-,-,Un,-,leucine rich repeat containing 70,protein-coding,-,-,-,leucine-rich repeat-containing protein 70,20210420,-
130825,121154574,LOC121154574,-,-,-,Un,-,uncharacterized LOC121154574,ncRNA,-,-,-,-,20210420,-
130825,121154575,SREK1IP1,-,-,-,Un,-,SREK1 interacting protein 1,protein-coding,-,-,-,protein SREK1IP1,20210420,-
130825,121154576,CWC27,-,-,-,Un,-,CWC27 spliceosome associated cyclophilin,protein-coding,-,-,-,spliceosome-associated protein CWC27 homolog,20210420,-
130825,121154577,ADAMTS6,-,-,-,Un,-,ADAM metallopeptidase with thrombospondin type 1 motif 6,protein-coding,-,-,-,A disintegrin and metalloproteinase with thrombospondin motifs 6,20210420,-
130825,121154578,LOC121154578,-,-,-,Un,-,U6 spliceosomal RNA,snRNA,-,-,-,-,20210420,-
130825,121154579,CENPK,-,-,-,Un,-,centromere protein K,protein-coding,-,-,-,centromere protein K,20210420,-
130825,121154580,PPWD1,-,-,-,Un,-,peptidylprolyl isomerase domain and WD repeat containing 1,protein-coding,-,-,-,peptidylprolyl isomerase domain and WD repeat-containing protein 1,20210420,-
130825,121154581,TRIM23,-,-,-,Un,-,tripartite motif containing 23,protein-coding,-,-,-,E3 ubiquitin-protein ligase TRIM23,20210420,-
130825,121154582,TRAPPC13,-,-,-,Un,-,trafficking protein particle complex subunit 13,protein-coding,-,-,-,trafficking protein particle complex subunit 13,20210420,-
130825,121154583,LOC121154583,-,-,-,Un,-,U6 spliceosomal RNA,pseudo,-,-,-,-,20210420,-
130825,121154584,SGTB,-,-,-,Un,-,small glutamine rich tetratricopeptide repeat co-chaperone beta,protein-coding,-,-,-,small glutamine-rich tetratricopeptide repeat-containing protein beta,20210420,-
130825,121154585,SHLD3,-,-,-,Un,-,shieldin complex subunit 3,protein-coding,-,-,-,shieldin complex subunit 3,20210420,-
130825,121154586,NLN,-,-,-,Un,-,neurolysin,protein-coding,-,-,-,"neurolysin, mitochondrial",20210420,-
130825,121154587,ERBIN,-,-,-,Un,-,erbb2 interacting protein,protein-coding,-,-,-,erbin,20210420,-
130825,121154588,LOC121154588,-,-,-,Un,-,small nucleolar RNA SNORA74,snoRNA,-,-,-,-,20210420,-
130825,121154589,SREK1,-,-,-,Un,-,splicing regulatory glutamic acid and lysine rich protein 1,protein-coding,-,-,-,splicing regulatory glutamine/lysine-rich protein 1,20210420,-
130825,121154590,LOC121154590,-,-,-,Un,-,uncharacterized LOC121154590,ncRNA,-,-,-,-,20210420,-
130825,121154591,TRNAE-CUC,-,-,-,Un,-,transfer RNA glutamic acid (anticodon CUC),tRNA,-,-,-,-,20210420,-
130825,121154592,LOC121154592,-,-,-,Un,-,uncharacterized LOC121154592,ncRNA,-,-,-,-,20210420,-
130825,121154593,CD180,-,-,-,Un,-,CD180 molecule,protein-coding,-,-,-,CD180 antigen,20210420,-
130825,121154594,LOC121154594,-,-,-,Un,-,zinc finger protein 260-like,protein-coding,-,-,-,zinc finger protein 260-like,20210420,-
130825,121154595,LOC121154595,-,-,-,Un,-,zinc finger protein 260-like,protein-coding,-,-,-,LOW QUALITY PROTEIN: zinc finger protein 260-like,20210420,-
130825,121154596,LOC121154596,-,-,-,Un,-,inositol monophosphatase 1-like,protein-coding,-,-,-,inositol monophosphatase 1-like,20210420,-
130825,121154597,LOC121154597,-,-,-,Un,-,tubulin alpha-1C chain-like,pseudo,-,-,-,-,20210420,-
130825,121154598,LOC121154598,-,-,-,Un,-,uncharacterized LOC121154598,ncRNA,-,-,-,-,20210420,-
130825,121154599,LOC121154599,-,-,-,Un,-,uncharacterized LOC121154599,ncRNA,-,-,-,-,20210420,-
130825,121154600,TRNAL-CAA,-,-,-,Un,-,transfer RNA leucine (anticodon CAA),tRNA,-,-,-,-,20210420,-
130825,121154601,LOC121154601,-,-,-,Un,-,basic leucine zipper and W2 domain-containing protein 1-like,pseudo,-,-,-,-,20210420,-
130825,121154602,LRRC14B,-,-,-,Un,-,leucine rich repeat containing 14B,protein-coding,-,-,-,leucine-rich repeat-containing protein 14B,20210420,-
130825,121154603,CCDC127,-,-,-,Un,-,coiled-coil domain containing 127,protein-coding,-,-,-,coiled-coil domain-containing protein 127,20210420,-
130825,121154604,TRIP13,-,-,-,Un,-,thyroid hormone receptor interactor 13,protein-coding,-,-,-,pachytene checkpoint protein 2 homolog,20210420,-
130825,121154605,LOC121154605,-,-,-,Un,-,calmodulin-1-like,pseudo,-,-,-,-,20210420,-
130825,121154606,SLC6A19,-,-,-,Un,-,solute carrier family 6 member 19,protein-coding,-,-,-,sodium-dependent neutral amino acid transporter B(0)AT1,20210420,-
130825,121154607,LOC121154607,-,-,-,Un,-,serine/threonine-protein kinase MARK1-like,protein-coding,-,-,-,serine/threonine-protein kinase MARK1-like,20210420,-
130825,121154608,MRPL36,-,-,-,Un,-,mitochondrial ribosomal protein L36,protein-coding,-,-,-,"39S ribosomal protein L36, mitochondrial",20210420,-
130825,121154609,NDUFS6,-,-,-,Un,-,NADH:ubiquinone oxidoreductase subunit S6,protein-coding,-,-,-,"NADH dehydrogenase [ubiquinone] iron-sulfur protein 6, mitochondrial",20210420,-
130825,121154610,IRX4,-,-,-,Un,-,iroquois homeobox 4,protein-coding,-,-,-,iroquois-class homeodomain protein IRX-4,20210420,-
130825,121154611,IRX2,-,-,-,Un,-,iroquois homeobox 2,protein-coding,-,-,-,iroquois-class homeodomain protein IRX-2,20210420,-
130825,121154612,LOC121154612,-,-,-,Un,-,uncharacterized LOC121154612,ncRNA,-,-,-,-,20210420,-
130825,121154613,IRX1,-,-,-,Un,-,iroquois homeobox 1,protein-coding,-,-,-,iroquois-class homeodomain protein IRX-1,20210420,-
130825,121154614,UBE2QL1,-,-,-,Un,-,ubiquitin conjugating enzyme E2 Q family like 1,protein-coding,-,-,-,ubiquitin-conjugating enzyme E2Q-like protein 1,20210420,-
130825,121154615,CUNH5orf49,-,-,-,Un,-,chromosome unknown C5orf49 homolog,protein-coding,-,-,-,uncharacterized protein C5orf49 homolog,20210420,-
130825,121154616,FASTKD3,-,-,-,Un,-,FAST kinase domains 3,protein-coding,-,-,-,"FAST kinase domain-containing protein 3, mitochondrial",20210420,-
130825,121154617,ANKRD33B,-,-,-,Un,-,ankyrin repeat domain 33B,protein-coding,-,-,-,ankyrin repeat domain-containing protein 33B,20210420,-
130825,121154618,LOC121154618,-,-,-,Un,-,ubiquitin-40S ribosomal protein S27a-like,pseudo,-,-,-,-,20210420,-
130825,121154619,DNAH5,-,-,-,Un,-,dynein axonemal heavy chain 5,protein-coding,-,-,-,"dynein heavy chain 5, axonemal",20210420,-
130825,121154620,LOC121154620,-,-,-,Un,-,uncharacterized LOC121154620,ncRNA,-,-,-,-,20210420,-
130825,121154621,FBXL7,-,-,-,Un,-,F-box and leucine rich repeat protein 7,protein-coding,-,-,-,F-box/LRR-repeat protein 7,20210420,-
130825,121154622,MARCHF11,-,-,-,Un,-,membrane associated ring-CH-type finger 11,protein-coding,-,-,-,E3 ubiquitin-protein ligase MARCHF11,20210420,-
130825,121154623,LOC121154623,-,-,-,Un,-,uncharacterized LOC121154623,ncRNA,-,-,-,-,20210420,-
130825,121154624,LOC121154624,-,-,-,Un,-,uncharacterized LOC121154624,ncRNA,-,-,-,-,20210420,-
130825,121154625,LOC121154625,-,-,-,Un,-,uncharacterized LOC121154625,ncRNA,-,-,-,-,20210420,-
130825,121154626,LOC121154626,-,-,-,Un,-,glycerol kinase-like,protein-coding,-,-,-,glycerol kinase-like,20210420,-
130825,121154627,CDH18,-,-,-,Un,-,cadherin 18,protein-coding,-,-,-,cadherin-18,20210420,-
130825,121154628,CDH12,-,-,-,Un,-,cadherin 12,protein-coding,-,-,-,cadherin-12,20210420,-
130825,121154629,CDH10,-,-,-,Un,-,cadherin 10,protein-coding,-,-,-,cadherin-10,20210420,-
130825,121154630,LOC121154630,-,-,-,Un,-,60S ribosomal protein L35-like,pseudo,-,-,-,-,20210420,-
130825,121154631,LOC121154631,-,-,-,Un,-,isopentenyl-diphosphate Delta-isomerase 1-like,pseudo,-,-,-,-,20210420,-
130825,121154632,CDH6,-,-,-,Un,-,cadherin 6,protein-coding,-,-,-,cadherin-6,20210420,-
130825,121154633,LOC121154633,-,-,-,Un,-,uncharacterized LOC121154633,ncRNA,-,-,-,-,20210420,-
130825,121154634,ADAMTS12,-,-,-,Un,-,ADAM metallopeptidase with thrombospondin type 1 motif 12,protein-coding,-,-,-,A disintegrin and metalloproteinase with thrombospondin motifs 12,20210420,-
130825,121154635,C1QTNF3,-,-,-,Un,-,C1q and TNF related 3,protein-coding,-,-,-,complement C1q tumor necrosis factor-related protein 3,20210420,-
130825,121154636,AGXT2,-,-,-,Un,-,alanine--glyoxylate aminotransferase 2,protein-coding,-,-,-,"alanine--glyoxylate aminotransferase 2, mitochondrial",20210420,-
130825,121154637,LOC121154637,-,-,-,Un,-,olfactory receptor 10H1-like,protein-coding,-,-,-,olfactory receptor 10H1-like,20210420,-
130825,121154638,CAPSL,-,-,-,Un,-,calcyphosine like,protein-coding,-,-,-,calcyphosin-like protein,20210420,-
130825,121154639,LOC121154639,-,-,-,Un,-,translation machinery-associated protein 7-like,protein-coding,-,-,-,translation machinery-associated protein 7-like,20210420,-
130825,121154640,SLC1A3,-,-,-,Un,-,solute carrier family 1 member 3,protein-coding,-,-,-,excitatory amino acid transporter 1,20210420,-
130825,121154641,GDNF,-,-,-,Un,-,glial cell derived neurotrophic factor,protein-coding,-,-,-,glial cell line-derived neurotrophic factor,20210420,-
130825,121154642,LIFR,-,-,-,Un,-,LIF receptor subunit alpha,protein-coding,-,-,-,leukemia inhibitory factor receptor,20210420,-
130825,121154643,LOC121154643,-,-,-,Un,-,geranylgeranyl transferase type-2 subunit beta-like,pseudo,-,-,-,-,20210420,-
130825,121154644,LOC121154644,-,-,-,Un,-,uncharacterized LOC121154644,ncRNA,-,-,-,-,20210420,-
130825,121154645,LOC121154645,-,-,-,Un,-,mediator of RNA polymerase II transcription subunit 28-like,pseudo,-,-,-,-,20210420,-
130825,121154646,MROH2B,-,-,-,Un,-,maestro heat like repeat family member 2B,protein-coding,-,-,-,maestro heat-like repeat-containing protein family member 2B,20210420,-
130825,121154647,C6,-,-,-,Un,-,complement C6,protein-coding,-,-,-,complement component C6,20210420,-
130825,121154648,PLCXD3,-,-,-,Un,-,phosphatidylinositol specific phospholipase C X domain containing 3,protein-coding,-,-,-,PI-PLC X domain-containing protein 3,20210420,-
130825,121154649,FBXO4,-,-,-,Un,-,F-box protein 4,protein-coding,-,-,-,F-box only protein 4,20210420,-
130825,121154650,GHR,-,-,-,Un,-,growth hormone receptor,protein-coding,-,-,-,growth hormone receptor,20210420,-
130825,121154651,NIM1K,-,-,-,Un,-,NIM1 serine/threonine protein kinase,protein-coding,-,-,-,serine/threonine-protein kinase NIM1,20210420,-
130825,121154652,TMEM267,-,-,-,Un,-,transmembrane protein 267,protein-coding,-,-,-,transmembrane protein 267,20210420,-
130825,121154653,HCN1,-,-,-,Un,-,hyperpolarization activated cyclic nucleotide gated potassium channel 1,protein-coding,-,-,-,potassium/sodium hyperpolarization-activated cyclic nucleotide-gated channel 1,20210420,-
130825,121154654,ISL1,-,-,-,Un,-,ISL LIM homeobox 1,protein-coding,-,-,-,insulin gene enhancer protein ISL-1,20210420,-
130825,121154655,FST,-,-,-,Un,-,follistatin,protein-coding,-,-,-,follistatin,20210420,-
130825,121154656,DDN,-,-,-,Un,-,dendrin,protein-coding,-,-,-,dendrin,20210420,-
130825,121154657,HSPB3,-,-,-,Un,-,heat shock protein family B (small) member 3,protein-coding,-,-,-,heat shock protein beta-3,20210420,-
130825,121154658,ESM1,-,-,-,Un,-,endothelial cell specific molecule 1,protein-coding,-,-,-,endothelial cell-specific molecule 1,20210420,-
130825,121154659,LOC121154659,-,-,-,Un,-,granzyme A-like,protein-coding,-,-,-,LOW QUALITY PROTEIN: granzyme A-like,20210420,-
130825,121154660,GPX8,-,-,-,Un,-,glutathione peroxidase 8 (putative),protein-coding,-,-,-,probable glutathione peroxidase 8,20210420,-
130825,121154661,MCIDAS,-,-,-,Un,-,multiciliate differentiation and DNA synthesis associated cell cycle protein,protein-coding,-,-,-,multicilin,20210420,-
130825,121154662,CCNO,-,-,-,Un,-,cyclin O,protein-coding,-,-,-,cyclin-O,20210420,-
130825,121154663,LOC121154663,-,-,-,Un,-,trophinin associated protein,protein-coding,-,-,-,tastin,20210420,-
130825,121154664,DDX4,-,-,-,Un,-,DEAD-box helicase 4,protein-coding,-,-,-,probable ATP-dependent RNA helicase DDX4,20210420,-
130825,121154665,LOC121154665,-,-,-,Un,-,uncharacterized LOC121154665,ncRNA,-,-,-,-,20210420,-
130825,121154666,LOC121154666,-,-,-,Un,-,PEST proteolytic signal-containing nuclear protein-like,pseudo,-,-,-,-,20210420,-
130825,121154667,LOC121154667,-,-,-,Un,-,uncharacterized LOC121154667,ncRNA,-,-,-,-,20210420,-
130825,121154668,LOC121154668,-,-,-,Un,-,adenylosuccinate synthetase isozyme 2-like,pseudo,-,-,-,-,20210420,-
130825,121154669,LOC121154669,-,-,-,Un,-,cyclin-dependent kinase 2-interacting protein-like,pseudo,-,-,-,-,20210420,-
130825,121154670,LOC121154670,-,-,-,Un,-,ribosome biogenesis protein NSA2 homolog,pseudo,-,-,-,-,20210420,-
130825,121154671,RAB3C,-,-,-,Un,-,"RAB3C, member RAS oncogene family",protein-coding,-,-,-,ras-related protein Rab-3C,20210420,-
130825,121154672,HTR1A,-,-,-,Un,-,5-hydroxytryptamine receptor 1A,protein-coding,-,-,-,5-hydroxytryptamine receptor 1A,20210420,-
130825,121154673,LOC121154673,-,-,-,Un,-,mannosylglucosyl-3-phosphoglycerate phosphatase-like,protein-coding,-,-,-,mannosylglucosyl-3-phosphoglycerate phosphatase-like,20210420,-
130825,121154674,DNAJC22,-,-,-,Un,-,DnaJ heat shock protein family (Hsp40) member C22,protein-coding,-,-,-,dnaJ homolog subfamily C member 22,20210420,-
130825,121154675,LOC121154675,-,-,-,Un,-,regulator of G protein signaling 7 binding protein,protein-coding,-,-,-,regulator of G-protein signaling 7-binding protein,20210420,-
130825,121154676,LOC121154676,-,-,-,Un,-,40S ribosomal protein S25-like,pseudo,-,-,-,-,20210420,-
130825,121154677,SHISAL2B,-,-,-,Un,-,shisa like 2B,protein-coding,-,-,-,protein shisa-like-2B,20210420,-
130825,121154678,LOC121154678,-,-,-,Un,-,inosine-5'-monophosphate dehydrogenase 1-like,protein-coding,-,-,-,LOW QUALITY PROTEIN: inosine-5'-monophosphate dehydrogenase 1-like,20210420,-
130825,121154679,LOC121154679,-,-,-,Un,-,U1 spliceosomal RNA,snRNA,-,-,-,-,20210420,-
130825,121154680,LOC121154680,-,-,-,Un,-,U1 spliceosomal RNA,snRNA,-,-,-,-,20210420,-
130825,121154681,LOC121154681,-,-,-,Un,-,U1 spliceosomal RNA,pseudo,-,-,-,-,20210420,-
130825,121154682,LOC121154682,-,-,-,Un,-,U2 spliceosomal RNA,snRNA,-,-,-,-,20210420,-
130825,121154683,LOC121154683,-,-,-,Un,-,U2 spliceosomal RNA,pseudo,-,-,-,-,20210420,-
130825,121154684,LOC121154684,-,-,-,Un,-,U2 spliceosomal RNA,pseudo,-,-,-,-,20210420,-
130825,121154685,LOC121154685,-,-,-,Un,-,U2 spliceosomal RNA,snRNA,-,-,-,-,20210420,-
130825,121154686,LOC121154686,-,-,-,Un,-,U2 spliceosomal RNA,pseudo,-,-,-,-,20210420,-
130825,121154687,FAM186B,-,-,-,Un,-,family with sequence similarity 186 member B,protein-coding,-,-,-,protein FAM186B,20210420,-
130825,121154688,LOC121154688,-,-,-,Un,-,U2 spliceosomal RNA,pseudo,-,-,-,-,20210420,-
130825,121154689,LOC121154689,-,-,-,Un,-,U2 spliceosomal RNA,pseudo,-,-,-,-,20210420,-
130825,121154690,LOC121154690,-,-,-,Un,-,U2 spliceosomal RNA,pseudo,-,-,-,-,20210420,-
130825,121154691,LOC121154691,-,-,-,Un,-,U4 spliceosomal RNA,snRNA,-,-,-,-,20210420,-
130825,121154692,LOC121154692,-,-,-,Un,-,U5 spliceosomal RNA,snRNA,-,-,-,-,20210420,-
130825,121154693,LOC121154693,-,-,-,Un,-,U5 spliceosomal RNA,pseudo,-,-,-,-,20210420,-
130825,121154694,LOC121154694,-,-,-,Un,-,U6 spliceosomal RNA,snRNA,-,-,-,-,20210420,-
130825,121154695,LOC121154695,-,-,-,Un,-,U6 spliceosomal RNA,snRNA,-,-,-,-,20210420,-
130825,121154696,LOC121154696,-,-,-,Un,-,U6 spliceosomal RNA,snRNA,-,-,-,-,20210420,-
130825,121154697,LOC121154697,-,-,-,Un,-,U6 spliceosomal RNA,snRNA,-,-,-,-,20210420,-
130825,121154698,LOC121154698,-,-,-,Un,-,U6 spliceosomal RNA,snRNA,-,-,-,-,20210420,-
130825,121154699,LOC121154699,-,-,-,Un,-,U6 spliceosomal RNA,snRNA,-,-,-,-,20210420,-
130825,121154700,LOC121154700,-,-,-,Un,-,U6 spliceosomal RNA,pseudo,-,-,-,-,20210420,-
130825,121154701,LOC121154701,-,-,-,Un,-,U6 spliceosomal RNA,snRNA,-,-,-,-,20210420,-
130825,121154702,LOC121154702,-,-,-,Un,-,U6 spliceosomal RNA,snRNA,-,-,-,-,20210420,-
130825,121154703,AQP6,-,-,-,Un,-,aquaporin 6,protein-coding,-,-,-,aquaporin-6,20210420,-
130825,121154704,LOC121154704,-,-,-,Un,-,U6 spliceosomal RNA,pseudo,-,-,-,-,20210420,-
130825,121154705,LOC121154705,-,-,-,Un,-,U6 spliceosomal RNA,snRNA,-,-,-,-,20210420,-
130825,121154706,LOC121154706,-,-,-,Un,-,U6 spliceosomal RNA,snRNA,-,-,-,-,20210420,-
130825,121154707,LOC121154707,-,-,-,Un,-,small nucleolar RNA SNORA70,snoRNA,-,-,-,-,20210420,-
130825,121154708,LOC121154708,-,-,-,Un,-,small nucleolar RNA SNORA8,snoRNA,-,-,-,-,20210420,-
130825,121154709,LOC121154709,-,-,-,Un,-,small nucleolar RNA SNORD72,snoRNA,-,-,-,-,20210420,-
130825,121154710,LOC121154710,-,-,-,Un,-,small nucleolar RNA SNORA77,snoRNA,-,-,-,-,20210420,-
130825,121154711,LOC121154711,-,-,-,Un,-,small nucleolar RNA SNORD123,snoRNA,-,-,-,-,20210420,-
130825,121154712,LOC121154712,-,-,-,Un,-,zinc finger protein 260-like,protein-coding,-,-,-,zinc finger protein 260-like,20210420,-
130825,121154713,LOC121154713,-,-,-,Un,-,lysine-rich arabinogalactan protein 19-like,protein-coding,-,-,-,lysine-rich arabinogalactan protein 19-like,20210420,-
130825,121154714,LOC121154714,-,-,-,Un,-,catechol O-methyltransferase-like,pseudo,-,-,-,-,20210420,-
130825,121154715,LOC121154715,-,-,-,Un,-,armadillo repeat protein deleted in velo-cardio-facial syndrome homolog,pseudo,-,-,-,-,20210420,-
130825,121154716,FAM186A,-,-,-,Un,-,family with sequence similarity 186 member A,protein-coding,-,-,-,protein FAM186A,20210420,-
130825,121154717,LOC121154717,-,-,-,Un,-,tumor necrosis factor alpha-induced protein 8-like,pseudo,-,-,-,-,20210420,-
130825,121154718,LOC121154718,-,-,-,Un,-,ribose-phosphate pyrophosphokinase 1-like,pseudo,-,-,-,-,20210420,-
130825,121154719,LOC121154719,-,-,-,Un,-,BRD4-interacting chromatin-remodeling complex-associated protein-like,protein-coding,-,-,-,LOW QUALITY PROTEIN: BRD4-interacting chromatin-remodeling complex-associated protein-like,20210420,-
130825,121154720,LOC121154720,-,-,-,Un,-,BRD4-interacting chromatin-remodeling complex-associated protein-like,pseudo,-,-,-,-,20210420,-
130825,121154721,LOC121154721,-,-,-,Un,-,uncharacterized LOC121154721,ncRNA,-,-,-,-,20210420,-
130825,121154722,LOC121154722,-,-,-,Un,-,uncharacterized LOC121154722,ncRNA,-,-,-,-,20210420,-
130825,121154723,LOC121154723,-,-,-,Un,-,proline-rich protein 2-like,protein-coding,-,-,-,proline-rich protein 2-like,20210420,-
130825,121154724,LOC121154724,-,-,-,Un,-,5.8S ribosomal RNA,rRNA,-,-,-,-,20210420,-
130825,121154725,LOC121154725,-,-,-,Un,-,18S ribosomal RNA,rRNA,-,-,-,-,20210420,-
130825,121154726,LOC121154726,-,-,-,Un,-,28S ribosomal RNA,pseudo,-,-,-,-,20210420,-
130825,121154727,DMAP1,-,-,-,Un,-,DNA methyltransferase 1 associated protein 1,protein-coding,-,-,-,DNA methyltransferase 1-associated protein 1,20210420,-
130825,121154728,LOC121154728,-,-,-,Un,-,serine/threonine-protein phosphatase 4 catalytic subunit B-like,pseudo,-,-,-,-,20210420,-
130825,121154729,ERI3,-,-,-,Un,-,ERI1 exoribonuclease family member 3,protein-coding,-,-,-,ERI1 exoribonuclease 3,20210529,-
130825,121154730,RNF220,-,-,-,Un,-,ring finger protein 220,protein-coding,-,-,-,E3 ubiquitin-protein ligase RNF220,20210420,-
130825,121154731,TMEM53,-,-,-,Un,-,transmembrane protein 53,protein-coding,-,-,-,transmembrane protein 53,20210420,-
130825,121154732,KIF2C,-,-,-,Un,-,kinesin family member 2C,protein-coding,-,-,-,kinesin-like protein KIF2C,20210420,-
130825,121154733,TMPRSS12,-,-,-,Un,-,transmembrane serine protease 12,protein-coding,-,-,-,transmembrane protease serine 12,20210420,-
130825,121154734,RPS8,-,-,-,Un,-,ribosomal protein S8,protein-coding,-,-,-,40S ribosomal protein S8,20210424,-
130825,121154735,EIF2B3,-,-,-,Un,-,eukaryotic translation initiation factor 2B subunit gamma,protein-coding,-,-,-,translation initiation factor eIF-2B subunit gamma,20210420,-
130825,121154736,SIL1,-,-,-,Un,-,SIL1 nucleotide exchange factor,protein-coding,-,-,-,nucleotide exchange factor SIL1,20210420,-
130825,121154737,HECTD3,-,-,-,Un,-,HECT domain E3 ubiquitin protein ligase 3,protein-coding,-,-,-,E3 ubiquitin-protein ligase HECTD3,20210420,-
130825,121154738,UROD,-,-,-,Un,-,uroporphyrinogen decarboxylase,protein-coding,-,-,-,uroporphyrinogen decarboxylase,20210420,-
130825,121154739,ZSWIM5,-,-,-,Un,-,zinc finger SWIM-type containing 5,protein-coding,-,-,-,zinc finger SWIM domain-containing protein 5,20210420,-
130825,121154740,LOC121154740,-,-,-,Un,-,uncharacterized LOC121154740,ncRNA,-,-,-,-,20210420,-
130825,121154741,LOC121154741,-,-,-,Un,-,serine/threonine protein kinase OSK1-like,protein-coding,-,-,-,serine/threonine protein kinase OSK1-like,20210420,-
130825,121154742,TESK2,-,-,-,Un,-,testis associated actin remodelling kinase 2,protein-coding,-,-,-,dual specificity testis-specific protein kinase 2,20210420,-
130825,121154743,TOE1,-,-,-,Un,-,"target of EGR1, exonuclease",protein-coding,-,-,-,target of EGR1 protein 1,20210420,-
130825,121154744,MMACHC,-,-,-,Un,-,metabolism of cobalamin associated C,protein-coding,-,-,-,cyanocobalamin reductase / alkylcobalamin dealkylase,20210420,-
130825,121154745,PRDX1,-,-,-,Un,-,peroxiredoxin 1,protein-coding,-,-,-,peroxiredoxin-1,20210420,-
130825,121154746,LOC121154746,-,-,-,Un,-,aldo-keto reductase family 1 member A1,protein-coding,-,-,-,aldo-keto reductase family 1 member A1,20210420,-
130825,121154747,LOC121154747,-,-,-,Un,-,aldo-keto reductase family 1 member A1-like,protein-coding,-,-,-,aldo-keto reductase family 1 member A1-like,20210420,-
130825,121154748,LOC121154748,-,-,-,Un,-,aldo-keto reductase family 1 member A1-like,protein-coding,-,-,-,aldo-keto reductase family 1 member A1-like,20210420,-
130825,121154749,LOC121154749,-,-,-,Un,-,nuclear autoantigenic sperm protein,protein-coding,-,-,-,nuclear autoantigenic sperm protein,20210420,-
130825,121154750,LOC121154750,-,-,-,Un,-,intracisternal A particle-promoted polypeptide,protein-coding,-,-,-,actin-binding protein IPP,20210420,-
130825,121154751,LOC121154751,-,-,-,Un,-,serine/threonine protein kinase OSK1-like,protein-coding,-,-,-,serine/threonine protein kinase OSK1-like,20210420,-
130825,121154752,CCDC17,-,-,-,Un,-,coiled-coil domain containing 17,protein-coding,-,-,-,LOW QUALITY PROTEIN: coiled-coil domain-containing protein 17,20210420,-
130825,121154753,GPBP1L1,-,-,-,Un,-,GC-rich promoter binding protein 1 like 1,protein-coding,-,-,-,vasculin-like protein 1,20210420,-
130825,121154754,TMEM69,-,-,-,Un,-,transmembrane protein 69,protein-coding,-,-,-,transmembrane protein 69,20210420,-
130825,121154755,SLC4A8,-,-,-,Un,-,solute carrier family 4 member 8,protein-coding,-,-,-,electroneutral sodium bicarbonate exchanger 1,20210420,-
130825,121154756,LOC121154756,-,-,-,Un,-,uncharacterized LOC121154756,ncRNA,-,-,-,-,20210420,-
130825,121154757,MAST2,-,-,-,Un,-,microtubule associated serine/threonine kinase 2,protein-coding,-,-,-,microtubule-associated serine/threonine-protein kinase 2,20210420,-
130825,121154758,LOC121154758,-,-,-,Un,-,phosphatidylinositol 3-kinase regulatory subunit gamma,protein-coding,-,-,-,phosphatidylinositol 3-kinase regulatory subunit gamma,20210420,-
130825,121154759,P3R3URF,-,-,-,Un,-,PIK3R3 upstream open reading frame,protein-coding,-,-,-,PIK3R3 upstream open reading frame protein,20210420,-
130825,121154760,LOC121154760,-,-,-,Un,-,40S ribosomal protein S27-like,pseudo,-,-,-,-,20210420,-
130825,121154761,POMGNT1,-,-,-,Un,-,"protein O-linked mannose N-acetylglucosaminyltransferase 1 (beta 1,2-)",protein-coding,-,-,-,"protein O-linked-mannose beta-1,2-N-acetylglucosaminyltransferase 1",20210420,-
130825,121154762,TMDD1,-,-,-,Un,-,transmembrane and death domain 1,protein-coding,-,-,-,transmembrane and death domain protein 1,20210420,-
130825,121154763,LURAP1,-,-,-,Un,-,leucine rich adaptor protein 1,protein-coding,-,-,-,leucine rich adaptor protein 1,20210420,-
130825,121154764,LRRC41,-,-,-,Un,-,leucine rich repeat containing 41,protein-coding,-,-,-,leucine-rich repeat-containing protein 41,20210420,-
130825,121154765,RAD54L,-,-,-,Un,-,RAD54 like,protein-coding,-,-,-,DNA repair and recombination protein RAD54-like,20210420,-
130825,121154766,LOC121154766,-,-,-,Un,-,"cytochrome b-c1 complex subunit 6, mitochondrial",protein-coding,-,-,-,"cytochrome b-c1 complex subunit 6, mitochondrial",20210420,-
130825,121154767,NSUN4,-,-,-,Un,-,NOP2/Sun RNA methyltransferase 4,protein-coding,-,-,-,5-methylcytosine rRNA methyltransferase NSUN4,20210420,-
130825,121154768,LOC121154768,-,-,-,Un,-,photoreceptor ankyrin repeat protein-like,protein-coding,-,-,-,LOW QUALITY PROTEIN: photoreceptor ankyrin repeat protein-like,20210420,-
130825,121154769,MKNK1,-,-,-,Un,-,MAPK interacting serine/threonine kinase 1,protein-coding,-,-,-,MAP kinase-interacting serine/threonine-protein kinase 1,20210420,-
130825,121154770,KNCN,-,-,-,Un,-,kinocilin,protein-coding,-,-,-,kinocilin,20210420,-
130825,121154771,MOB3C,-,-,-,Un,-,MOB kinase activator 3C,protein-coding,-,-,-,MOB kinase activator 3C,20210420,-
130825,121154772,ATPAF1,-,-,-,Un,-,ATP synthase mitochondrial F1 complex assembly factor 1,protein-coding,-,-,-,ATP synthase mitochondrial F1 complex assembly factor 1,20210420,-
130825,121154773,EFCAB14,-,-,-,Un,-,EF-hand calcium binding domain 14,protein-coding,-,-,-,EF-hand calcium-binding domain-containing protein 14,20210420,-
130825,121154774,LOC121154774,-,-,-,Un,-,"keratin, type II microfibrillar, component 7C-like",protein-coding,-,-,-,"keratin, type II microfibrillar, component 7C-like",20210420,-
130825,121154775,LOC121154775,-,-,-,Un,-,cytochrome P450 4B1,protein-coding,-,-,-,cytochrome P450 4B1,20210420,-
130825,121154776,LOC121154776,-,-,-,Un,-,heterogeneous nuclear ribonucleoprotein A3-like,pseudo,-,-,-,-,20210420,-
130825,121154777,ARMH1,-,-,-,Un,-,armadillo like helical domain containing 1,protein-coding,-,-,-,armadillo-like helical domain containing protein 1,20210420,-
130825,121154778,PTCH2,-,-,-,Un,-,patched 2,protein-coding,-,-,-,protein patched homolog 2,20210420,-
130825,121154779,LOC121154779,-,-,-,Un,-,ferritin light chain-like,pseudo,-,-,-,-,20210420,-
130825,121154780,HPDL,-,-,-,Un,-,4-hydroxyphenylpyruvate dioxygenase like,protein-coding,-,-,-,4-hydroxyphenylpyruvate dioxygenase-like protein,20210420,-
130825,121154781,TMEM275,-,-,-,Un,-,transmembrane protein 275,protein-coding,-,-,-,transmembrane protein 275,20210420,-
130825,121154782,BEST4,-,-,-,Un,-,bestrophin 4,protein-coding,-,-,-,bestrophin-4,20210420,-
130825,121154783,LOC121154783,-,-,-,Un,-,"keratin, type II cuticular Hb6-like",protein-coding,-,-,-,"keratin, type II cuticular Hb6-like",20210420,-
130825,121154784,PLK3,-,-,-,Un,-,polo like kinase 3,protein-coding,-,-,-,serine/threonine-protein kinase PLK3,20210420,-
130825,121154785,DYNLT4,-,-,-,Un,-,dynein light chain Tctex-type 4,protein-coding,-,-,-,dynein light chain Tctex-type 4,20210420,-
130825,121154786,BTBD19,-,-,-,Un,-,BTB domain containing 19,protein-coding,-,-,-,BTB/POZ domain-containing protein 19,20210420,-
130825,121154787,MUTYH,-,-,-,Un,-,mutY DNA glycosylase,protein-coding,-,-,-,adenine DNA glycosylase,20210420,-
130825,121154788,CCDC163,-,-,-,Un,-,coiled-coil domain containing 163,protein-coding,-,-,-,transmembrane protein CCDC163,20210420,-
130825,121154789,TSPAN1,-,-,-,Un,-,tetraspanin 1,protein-coding,-,-,-,tetraspanin-1,20210420,-
130825,121154790,LOC121154790,-,-,-,Un,-,40S ribosomal protein S14,protein-coding,-,-,-,40S ribosomal protein S14,20210501,-
130825,121154791,FAAH,-,-,-,Un,-,fatty acid amide hydrolase,protein-coding,-,-,-,fatty-acid amide hydrolase 1,20210420,-
130825,121154792,DMBX1,-,-,-,Un,-,diencephalon/mesencephalon homeobox 1,protein-coding,-,-,-,diencephalon/mesencephalon homeobox protein 1,20210420,-
130825,121154793,LOC121154793,-,-,-,Un,-,"keratin, type II cuticular Hb5-like",protein-coding,-,-,-,"keratin, type II cuticular Hb5-like",20210420,-
130825,121154794,TEX38,-,-,-,Un,-,testis expressed 38,protein-coding,-,-,-,testis-expressed protein 38,20210420,-
130825,121154795,LOC121154795,-,-,-,Un,-,cytochrome P450 4A5-like,protein-coding,-,-,-,cytochrome P450 4A5-like,20210420,-
130825,121154796,LOC121154796,-,-,-,Un,-,cytochrome P450 4A7-like,protein-coding,-,-,-,cytochrome P450 4A7-like,20210420,-
130825,121154797,LOC121154797,-,-,-,Un,-,cytochrome P450 4A4-like,protein-coding,-,-,-,cytochrome P450 4A4-like,20210420,-
130825,121154798,KRT82,-,-,-,Un,-,keratin 82,protein-coding,-,-,-,"keratin, type II cuticular Hb2",20210420,-
130825,121154799,LOC121154799,-,-,-,Un,-,U2 spliceosomal RNA,pseudo,-,-,-,-,20210420,-
130825,121154800,LOC121154800,-,-,-,Un,-,U5 spliceosomal RNA,snRNA,-,-,-,-,20210420,-
130825,121154801,LOC121154801,-,-,-,Un,-,U5 spliceosomal RNA,snRNA,-,-,-,-,20210420,-
130825,121154802,LOC121154802,-,-,-,Un,-,U6 spliceosomal RNA,pseudo,-,-,-,-,20210420,-
130825,121154803,LOC121154803,-,-,-,Un,-,U6 spliceosomal RNA,pseudo,-,-,-,-,20210420,-
130825,121154804,LOC121154804,-,-,-,Un,-,small nucleolar RNA SNORD55/SNORD39,snoRNA,-,-,-,-,20210420,-
130825,121154805,LOC121154805,-,-,-,Un,-,small nucleolar RNA SNORD38,snoRNA,-,-,-,-,20210420,-
130825,121154806,LOC121154806,-,-,-,Un,-,small nucleolar RNA SNORD38,snoRNA,-,-,-,-,20210420,-
130825,121154807,LOC121154807,-,-,-,Un,-,small nucleolar RNA SNORD46,snoRNA,-,-,-,-,20210420,-
130825,121154808,LOC121154808,-,-,-,Un,-,small nucleolar RNA SNORA9,snoRNA,-,-,-,-,20210420,-
130825,121154809,LOC121154809,-,-,-,Un,-,small nucleolar RNA SNORD97,snoRNA,-,-,-,-,20210420,-
130825,121154810,LOC121154810,-,-,-,Un,-,U1 spliceosomal RNA,snRNA,-,-,-,-,20210420,-
130825,121154811,LOC121154811,-,-,-,Un,-,G-protein coupled receptor family C group 5 member B-like,protein-coding,-,-,-,LOW QUALITY PROTEIN: G-protein coupled receptor family C group 5 member B-like,20210420,-
130825,121154812,KRT77,-,-,-,Un,-,keratin 77,protein-coding,-,-,-,"keratin, type II cytoskeletal 1b",20210420,-
130825,121154813,LOC121154813,-,-,-,Un,-,serine/threonine-protein phosphatase 5,protein-coding,-,-,-,serine/threonine-protein phosphatase 5,20210420,-
130825,121154814,CALM3,-,-,-,Un,-,calmodulin 3,protein-coding,-,-,-,calmodulin-3,20210522,-
130825,121154815,CTNNA1,-,-,-,Un,-,catenin alpha 1,protein-coding,-,-,-,catenin alpha-1,20210420,-
130825,121154816,PTGIR,-,-,-,Un,-,prostaglandin I2 receptor,protein-coding,-,-,-,prostacyclin receptor,20210420,-
130825,121154817,PRKD2,-,-,-,Un,-,protein kinase D2,protein-coding,-,-,-,serine/threonine-protein kinase D2,20210420,-
130825,121154818,DACT3,-,-,-,Un,-,dishevelled binding antagonist of beta catenin 3,protein-coding,-,-,-,dapper homolog 3,20210420,-
130825,121154819,STRN4,-,-,-,Un,-,striatin 4,protein-coding,-,-,-,striatin-4,20210420,-
130825,121154820,LOC121154820,-,-,-,Un,-,fukutin related protein,protein-coding,-,-,-,fukutin-related protein,20210420,-
130825,121154821,LOC121154821,-,-,-,Un,-,"keratin, type II cytoskeletal 2 oral-like",protein-coding,-,-,-,"keratin, type II cytoskeletal 2 oral-like",20210420,-
130825,121154822,SLC1A5,-,-,-,Un,-,solute carrier family 1 member 5,protein-coding,-,-,-,neutral amino acid transporter B(0),20210420,-
130825,121154823,AP2S1,-,-,-,Un,-,adaptor related protein complex 2 subunit sigma 1,protein-coding,-,-,-,AP-2 complex subunit sigma,20210501,-
130825,121154824,ARHGAP35,-,-,-,Un,-,Rho GTPase activating protein 35,protein-coding,-,-,-,rho GTPase-activating protein 35,20210420,-
130825,121154825,ZC3H4,-,-,-,Un,-,zinc finger CCCH-type containing 4,protein-coding,-,-,-,zinc finger CCCH domain-containing protein 4,20210420,-
130825,121154826,SAE1,-,-,-,Un,-,SUMO1 activating enzyme subunit 1,protein-coding,-,-,-,SUMO-activating enzyme subunit 1,20210420,-
130825,121154827,BBC3,-,-,-,Un,-,BCL2 binding component 3,protein-coding,-,-,-,bcl-2-binding component 3,20210420,-
130825,121154828,CCDC9,-,-,-,Un,-,coiled-coil domain containing 9,protein-coding,-,-,-,coiled-coil domain-containing protein 9,20210420,-
130825,121154829,IGFBP6,-,-,-,Un,-,insulin like growth factor binding protein 6,protein-coding,-,-,-,insulin-like growth factor-binding protein 6,20210420,-
130825,121154830,C5AR1,-,-,-,Un,-,complement C5a receptor 1,protein-coding,-,-,-,C5a anaphylatoxin chemotactic receptor 1,20210420,-
130825,121154831,DHX34,-,-,-,Un,-,DExH-box helicase 34,protein-coding,-,-,-,probable ATP-dependent RNA helicase DHX34,20210420,-
130825,121154832,KPTN,-,-,-,Un,-,"kaptin, actin binding protein",protein-coding,-,-,-,KICSTOR complex protein kaptin,20210420,-
130825,121154833,NAPA,-,-,-,Un,-,NSF attachment protein alpha,protein-coding,-,-,-,alpha-soluble NSF attachment protein,20210420,-
130825,121154834,BICRA,-,-,-,Un,-,BRD4 interacting chromatin remodeling complex associated protein,protein-coding,-,-,-,BRD4-interacting chromatin-remodeling complex-associated protein,20210420,-
130825,121154835,SOAT2,-,-,-,Un,-,sterol O-acyltransferase 2,protein-coding,-,-,-,sterol O-acyltransferase 2,20210420,-
130825,121154836,NOP53,-,-,-,Un,-,NOP53 ribosome biogenesis factor,protein-coding,-,-,-,ribosome biogenesis protein NOP53,20210420,-
130825,121154837,PLA2G4C,-,-,-,Un,-,phospholipase A2 group IVC,protein-coding,-,-,-,cytosolic phospholipase A2 gamma,20210420,-
130825,121154838,LIG1,-,-,-,Un,-,DNA ligase 1,protein-coding,-,-,-,DNA ligase 1,20210420,-
130825,121154839,ODAD1,-,-,-,Un,-,outer dynein arm docking complex subunit 1,protein-coding,-,-,-,outer dynein arm-docking complex subunit 1,20210420,-
130825,121154840,TMEM143,-,-,-,Un,-,transmembrane protein 143,protein-coding,-,-,-,transmembrane protein 143,20210420,-
130825,121154841,AMHR2,-,-,-,Un,-,anti-Mullerian hormone receptor type 2,protein-coding,-,-,-,anti-Muellerian hormone type-2 receptor,20210420,-
130825,121154842,EMP3,-,-,-,Un,-,epithelial membrane protein 3,protein-coding,-,-,-,epithelial membrane protein 3,20210420,-
130825,121154843,KDELR1,-,-,-,Un,-,KDEL endoplasmic reticulum protein retention receptor 1,protein-coding,-,-,-,ER lumen protein-retaining receptor 1,20210420,-
130825,121154844,CYTH2,-,-,-,Un,-,cytohesin 2,protein-coding,-,-,-,cytohesin-2,20210515,-
130825,121154845,SPHK2,-,-,-,Un,-,sphingosine kinase 2,protein-coding,-,-,-,sphingosine kinase 2,20210420,-
130825,121154846,LOC121154846,-,-,-,Un,-,D-box binding PAR bZIP transcription factor,protein-coding,-,-,-,D site-binding protein,20210420,-
130825,121154847,FUT1,-,-,-,Un,-,fucosyltransferase 1 (H blood group),protein-coding,-,-,-,"galactoside alpha-(1,2)-fucosyltransferase 1",20210420,-
130825,121154848,BCAT2,-,-,-,Un,-,branched chain amino acid transaminase 2,protein-coding,-,-,-,"branched-chain-amino-acid aminotransferase, mitochondrial",20210420,-
130825,121154849,LOC121154849,-,-,-,Un,-,ras-related protein Rab-22A-like,pseudo,-,-,-,-,20210420,-
130825,121154850,PLEKHA4,-,-,-,Un,-,pleckstrin homology domain containing A4,protein-coding,-,-,-,pleckstrin homology domain-containing family A member 4,20210420,-
130825,121154851,HSD17B14,-,-,-,Un,-,hydroxysteroid 17-beta dehydrogenase 14,protein-coding,-,-,-,17-beta-hydroxysteroid dehydrogenase 14,20210420,-
130825,121154852,PPP1R15A,-,-,-,Un,-,protein phosphatase 1 regulatory subunit 15A,protein-coding,-,-,-,protein phosphatase 1 regulatory subunit 15A,20210420,-
130825,121154853,NUCB1,-,-,-,Un,-,nucleobindin 1,protein-coding,-,-,-,nucleobindin-1,20210420,-
130825,121154854,BAX,-,-,-,Un,-,"BCL2 associated X, apoptosis regulator",protein-coding,-,-,-,apoptosis regulator BAX,20210420,-
130825,121154855,LOC121154855,-,-,-,Un,-,60S ribosomal protein L24-like,pseudo,-,-,-,-,20210420,-
130825,121154856,GYS1,-,-,-,Un,-,glycogen synthase 1,protein-coding,-,-,-,"glycogen [starch] synthase, muscle",20210529,-
130825,121154857,FTL,-,-,-,Un,-,ferritin light chain,protein-coding,-,-,-,ferritin light chain,20210420,-
130825,121154858,LOC121154858,-,-,-,Un,-,uncharacterized LOC121154858,ncRNA,-,-,-,-,20210420,-
130825,121154859,RUVBL2,-,-,-,Un,-,RuvB like AAA ATPase 2,protein-coding,-,-,-,ruvB-like 2,20210424,-
130825,121154860,PPP1R1A,-,-,-,Un,-,protein phosphatase 1 regulatory inhibitor subunit 1A,protein-coding,-,-,-,protein phosphatase 1 regulatory subunit 1A,20210420,-
130825,121154861,SNRNP70,-,-,-,Un,-,small nuclear ribonucleoprotein U1 subunit 70,protein-coding,-,-,-,U1 small nuclear ribonucleoprotein 70 kDa,20210420,-
130825,121154862,TEAD2,-,-,-,Un,-,TEA domain transcription factor 2,protein-coding,-,-,-,transcriptional enhancer factor TEF-4,20210420,-
130825,121154863,CD37,-,-,-,Un,-,CD37 molecule,protein-coding,-,-,-,leukocyte antigen CD37,20210420,-
130825,121154864,KASH5,-,-,-,Un,-,KASH domain containing 5,protein-coding,-,-,-,protein KASH5,20210420,-
130825,121154865,LOC121154865,-,-,-,Un,-,glycosylation-dependent cell adhesion molecule 1-like,protein-coding,-,-,-,glycosylation-dependent cell adhesion molecule 1-like,20210420,-
130825,121154866,ALDH16A1,-,-,-,Un,-,aldehyde dehydrogenase 16 family member A1,protein-coding,-,-,-,aldehyde dehydrogenase family 16 member A1,20210420,-
130825,121154867,PIH1D1,-,-,-,Un,-,PIH1 domain containing 1,protein-coding,-,-,-,PIH1 domain-containing protein 1,20210420,-
130825,121154868,FCGRT,-,-,-,Un,-,Fc fragment of IgG receptor and transporter,protein-coding,-,-,-,IgG receptor FcRn large subunit p51,20210420,-
130825,121154869,FLT3LG,-,-,-,Un,-,fms related receptor tyrosine kinase 3 ligand,protein-coding,-,-,-,fms-related tyrosine kinase 3 ligand,20210420,-
130825,121154870,LOC121154870,-,-,-,Un,-,olfactory receptor 10C1-like,protein-coding,-,-,-,olfactory receptor 10C1-like,20210420,-
130825,121154871,RPL13A,-,-,-,Un,-,ribosomal protein L13a,protein-coding,-,-,-,60S ribosomal protein L13a,20210420,-
130825,121154872,RPS11,-,-,-,Un,-,ribosomal protein S11,protein-coding,-,-,-,40S ribosomal protein S11,20210501,-
130825,121154873,RCN3,-,-,-,Un,-,reticulocalbin 3,protein-coding,-,-,-,reticulocalbin-3,20210420,-
130825,121154874,LOC121154874,-,-,-,Un,-,nitric oxide synthase interacting protein,protein-coding,-,-,-,nitric oxide synthase-interacting protein,20210420,-
130825,121154875,PRR12,-,-,-,Un,-,proline rich 12,protein-coding,-,-,-,proline-rich protein 12,20210420,-
130825,121154876,LOC121154876,-,-,-,Un,-,olfactory receptor 12-like,protein-coding,-,-,-,olfactory receptor 12-like,20210420,-
130825,121154877,SCAF1,-,-,-,Un,-,SR-related CTD associated factor 1,protein-coding,-,-,-,"splicing factor, arginine/serine-rich 19",20210420,-
130825,121154878,AP2A1,-,-,-,Un,-,adaptor related protein complex 2 subunit alpha 1,protein-coding,-,-,-,AP-2 complex subunit alpha-1,20210420,-
130825,121154879,NHP2,-,-,-,Un,-,NHP2 ribonucleoprotein,protein-coding,-,-,-,H/ACA ribonucleoprotein complex subunit 2,20210420,-
130825,121154880,MED25,-,-,-,Un,-,mediator complex subunit 25,protein-coding,-,-,-,mediator of RNA polymerase II transcription subunit 25,20210420,-
130825,121154881,CPT1C,-,-,-,Un,-,carnitine palmitoyltransferase 1C,protein-coding,-,-,-,"carnitine O-palmitoyltransferase 1, brain isoform",20210420,-
130825,121154882,LOC121154882,-,-,-,Un,-,ribosomal protein L18-like,pseudo,-,-,-,-,20210420,-
130825,121154883,TBC1D17,-,-,-,Un,-,TBC1 domain family member 17,protein-coding,-,-,-,TBC1 domain family member 17,20210420,-
130825,121154884,TSKS,-,-,-,Un,-,testis specific serine kinase substrate,protein-coding,-,-,-,testis-specific serine kinase substrate,20210420,-
130825,121154885,LOC121154885,-,-,-,Un,-,polynucleotide kinase 3'-phosphatase,protein-coding,-,-,-,bifunctional polynucleotide phosphatase/kinase,20210420,-
130825,121154886,FUZ,-,-,-,Un,-,fuzzy planar cell polarity protein,protein-coding,-,-,-,protein fuzzy homolog,20210420,-
130825,121154887,CCDC38,-,-,-,Un,-,coiled-coil domain containing 38,protein-coding,-,-,-,coiled-coil domain-containing protein 38,20210420,-
130825,121154888,PTOV1,-,-,-,Un,-,PTOV1 extended AT-hook containing adaptor protein,protein-coding,-,-,-,prostate tumor-overexpressed gene 1 protein,20210420,-
130825,121154889,IRF3,-,-,-,Un,-,interferon regulatory factor 3,protein-coding,-,-,-,interferon regulatory factor 3,20210420,-
130825,121154890,PRMT1,-,-,-,Un,-,protein arginine methyltransferase 1,protein-coding,-,-,-,protein arginine N-methyltransferase 1,20210420,-
130825,121154891,AKT1S1,-,-,-,Un,-,AKT1 substrate 1,protein-coding,-,-,-,proline-rich AKT1 substrate 1,20210420,-
130825,121154892,LOC121154892,-,-,-,Un,-,60S ribosomal protein L35-like,pseudo,-,-,-,-,20210420,-
130825,121154893,BCL2L12,-,-,-,Un,-,BCL2 like 12,protein-coding,-,-,-,bcl-2-like protein 12,20210420,-
130825,121154894,RRAS,-,-,-,Un,-,RAS related,protein-coding,-,-,-,ras-related protein R-Ras,20210420,-
130825,121154895,LOC121154895,-,-,-,Un,-,uncharacterized LOC121154895,ncRNA,-,-,-,-,20210420,-
130825,121154896,NUP62,-,-,-,Un,-,nucleoporin 62,protein-coding,-,-,-,nuclear pore glycoprotein p62,20210420,-
130825,121154897,ATF5,-,-,-,Un,-,activating transcription factor 5,protein-coding,-,-,-,cyclic AMP-dependent transcription factor ATF-5,20210420,-
130825,121154898,VRK3,-,-,-,Un,-,VRK serine/threonine kinase 3,protein-coding,-,-,-,inactive serine/threonine-protein kinase VRK3,20210420,-
130825,121154899,LOC121154899,-,-,-,Un,-,phosphopantothenate--cysteine ligase-like,pseudo,-,-,-,-,20210420,-
130825,121154900,NAPSA,-,-,-,Un,-,napsin A aspartic peptidase,protein-coding,-,-,-,napsin-A,20210420,-
130825,121154901,NR1H2,-,-,-,Un,-,nuclear receptor subfamily 1 group H member 2,protein-coding,-,-,-,oxysterols receptor LXR-beta,20210420,-
130825,121154902,MYBPC2,-,-,-,Un,-,myosin binding protein C2,protein-coding,-,-,-,"myosin-binding protein C, fast-type",20210420,-
130825,121154903,POLD1,-,-,-,Un,-,"DNA polymerase delta 1, catalytic subunit",protein-coding,-,-,-,DNA polymerase delta catalytic subunit,20210420,-
130825,121154904,SPIB,-,-,-,Un,-,Spi-B transcription factor,protein-coding,-,-,-,transcription factor Spi-B,20210420,-
130825,121154905,LOC121154905,-,-,-,Un,-,THAP domain-containing protein 1-like,pseudo,-,-,-,-,20210420,-
130825,121154906,FAM71E1,-,-,-,Un,-,family with sequence similarity 71 member E1,protein-coding,-,-,-,protein FAM71E1,20210420,-
130825,121154907,CTU1,-,-,-,Un,-,cytosolic thiouridylase subunit 1,protein-coding,-,-,-,cytoplasmic tRNA 2-thiolation protein 1,20210420,-
130825,121154908,ETFB,-,-,-,Un,-,electron transfer flavoprotein subunit beta,protein-coding,-,-,-,electron transfer flavoprotein subunit beta,20210420,-
130825,121154909,NKG7,-,-,-,Un,-,natural killer cell granule protein 7,protein-coding,-,-,-,protein NKG7,20210420,-
130825,121154910,CLDND2,-,-,-,Un,-,claudin domain containing 2,protein-coding,-,-,-,claudin domain-containing protein 2,20210420,-
130825,121154911,LOC121154911,-,-,-,Un,-,uncharacterized LOC121154911,ncRNA,-,-,-,-,20210420,-
130825,121154912,SIGLEC10,-,-,-,Un,-,sialic acid binding Ig like lectin 10,protein-coding,-,-,-,sialic acid-binding Ig-like lectin 10,20210420,-
130825,121154913,LOC121154913,-,-,-,Un,-,sialic acid-binding Ig-like lectin 5,protein-coding,-,-,-,sialic acid-binding Ig-like lectin 5,20210420,-
130825,121154914,PLEKHG7,-,-,-,Un,-,pleckstrin homology and RhoGEF domain containing G7,protein-coding,-,-,-,pleckstrin homology domain-containing family G member 7,20210420,-
130825,121154915,LOC121154915,-,-,-,Un,-,sialic acid-binding Ig-like lectin 14,protein-coding,-,-,-,sialic acid-binding Ig-like lectin 14,20210420,-
130825,121154916,FPR1,-,-,-,Un,-,formyl peptide receptor 1,protein-coding,-,-,-,fMet-Leu-Phe receptor,20210420,-
130825,121154917,LOC121154917,-,-,-,Un,-,smad nuclear interacting protein 1-like,protein-coding,-,-,-,smad nuclear interacting protein 1-like,20210420,-
130825,121154918,FPR2,-,-,-,Un,-,formyl peptide receptor 2,protein-coding,-,-,-,N-formyl peptide receptor 2,20210420,-
130825,121154919,LOC121154919,-,-,-,Un,-,N-formyl peptide receptor 2-like,protein-coding,-,-,-,N-formyl peptide receptor 2-like,20210420,-
130825,121154920,PPP2R1A,-,-,-,Un,-,protein phosphatase 2 scaffold subunit Aalpha,protein-coding,-,-,-,serine/threonine-protein phosphatase 2A 65 kDa regulatory subunit A alpha isoform,20210420,-
130825,121154921,LOC121154921,-,-,-,Un,-,zinc finger protein 665-like,protein-coding,-,-,-,zinc finger protein 665-like,20210420,-
130825,121154922,NLRP12,-,-,-,Un,-,NLR family pyrin domain containing 12,protein-coding,-,-,-,"NACHT, LRR and PYD domains-containing protein 12",20210420,-
130825,121154923,LRRTM2,-,-,-,Un,-,leucine rich repeat transmembrane neuronal 2,protein-coding,-,-,-,leucine-rich repeat transmembrane neuronal protein 2,20210420,-
130825,121154924,LOC121154924,-,-,-,Un,-,heterogeneous nuclear ribonucleoprotein A1-like,pseudo,-,-,-,-,20210420,-
130825,121154925,PPP6R1,-,-,-,Un,-,protein phosphatase 6 regulatory subunit 1,protein-coding,-,-,-,serine/threonine-protein phosphatase 6 regulatory subunit 1,20210420,-
130825,121154926,LENG8,-,-,-,Un,-,leukocyte receptor cluster member 8,protein-coding,-,-,-,leukocyte receptor cluster member 8,20210420,-
130825,121154927,BRSK1,-,-,-,Un,-,BR serine/threonine kinase 1,protein-coding,-,-,-,serine/threonine-protein kinase BRSK1,20210420,-
130825,121154928,PPP1R12C,-,-,-,Un,-,protein phosphatase 1 regulatory subunit 12C,protein-coding,-,-,-,protein phosphatase 1 regulatory subunit 12C,20210420,-
130825,121154929,CNOT3,-,-,-,Un,-,CCR4-NOT transcription complex subunit 3,protein-coding,-,-,-,CCR4-NOT transcription complex subunit 3,20210420,-
130825,121154930,LOC121154930,-,-,-,Un,-,calcyclin-binding protein-like,pseudo,-,-,-,-,20210420,-
130825,121154931,PRKCG,-,-,-,Un,-,protein kinase C gamma,protein-coding,-,-,-,protein kinase C gamma type,20210420,-
130825,121154932,EPS8L1,-,-,-,Un,-,EPS8 like 1,protein-coding,-,-,-,epidermal growth factor receptor kinase substrate 8-like protein 1,20210420,-
130825,121154933,PRPF31,-,-,-,Un,-,pre-mRNA processing factor 31,protein-coding,-,-,-,U4/U6 small nuclear ribonucleoprotein Prp31,20210420,-
130825,121154934,MBOAT7,-,-,-,Un,-,membrane bound O-acyltransferase domain containing 7,protein-coding,-,-,-,lysophospholipid acyltransferase 7,20210420,-
130825,121154935,CCER1,-,-,-,Un,-,coiled-coil glutamate rich protein 1,protein-coding,-,-,-,coiled-coil domain-containing glutamate-rich protein 1,20210420,-
130825,121154936,KMT5C,-,-,-,Un,-,lysine methyltransferase 5C,protein-coding,-,-,-,histone-lysine N-methyltransferase KMT5C,20210420,-
130825,121154937,TTYH1,-,-,-,Un,-,tweety family member 1,protein-coding,-,-,-,protein tweety homolog 1,20210420,-
130825,121154938,SYT5,-,-,-,Un,-,synaptotagmin 5,protein-coding,-,-,-,synaptotagmin-5,20210420,-
130825,121154939,CACNG8,-,-,-,Un,-,calcium voltage-gated channel auxiliary subunit gamma 8,protein-coding,-,-,-,voltage-dependent calcium channel gamma-8 subunit,20210420,-
130825,121154940,HSPBP1,-,-,-,Un,-,HSPA (Hsp70) binding protein 1,protein-coding,-,-,-,hsp70-binding protein 1,20210420,-
130825,121154941,RDH13,-,-,-,Un,-,retinol dehydrogenase 13,protein-coding,-,-,-,retinol dehydrogenase 13,20210420,-
130825,121154942,MYADM,-,-,-,Un,-,myeloid associated differentiation marker,protein-coding,-,-,-,myeloid-associated differentiation marker,20210420,-
130825,121154943,TSEN34,-,-,-,Un,-,tRNA splicing endonuclease subunit 34,protein-coding,-,-,-,tRNA-splicing endonuclease subunit Sen34,20210420,-
130825,121154944,LOC121154944,-,-,-,Un,-,mediator of RNA polymerase II transcription subunit 1-like,pseudo,-,-,-,-,20210420,-
130825,121154945,TNNT1,-,-,-,Un,-,"troponin T1, slow skeletal type",protein-coding,-,-,-,"troponin T, slow skeletal muscle",20210420,-
130825,121154946,LOC121154946,-,-,-,Un,-,natural cytotoxicity triggering receptor 1-like,protein-coding,-,-,-,natural cytotoxicity triggering receptor 1-like,20210420,-
130825,121154947,CACNG7,-,-,-,Un,-,calcium voltage-gated channel auxiliary subunit gamma 7,protein-coding,-,-,-,voltage-dependent calcium channel gamma-7 subunit,20210424,-
130825,121154948,LOC121154948,-,-,-,Un,-,leukocyte-associated immunoglobulin-like receptor 1,protein-coding,-,-,-,leukocyte-associated immunoglobulin-like receptor 1,20210420,-
130825,121154949,LOC121154949,-,-,-,Un,-,60S ribosomal protein L36a-like,pseudo,-,-,-,-,20210420,-
130825,121154950,TFPT,-,-,-,Un,-,TCF3 fusion partner,protein-coding,-,-,-,TCF3 fusion partner,20210420,-
130825,121154951,LOC121154951,-,-,-,Un,-,osteoclast-associated immunoglobulin-like receptor,protein-coding,-,-,-,osteoclast-associated immunoglobulin-like receptor,20210420,-
130825,121154952,LENG1,-,-,-,Un,-,leukocyte receptor cluster member 1,protein-coding,-,-,-,leukocyte receptor cluster member 1,20210420,-
130825,121154953,LOC121154953,-,-,-,Un,-,leukocyte immunoglobulin-like receptor subfamily A member 6,protein-coding,-,-,-,leukocyte immunoglobulin-like receptor subfamily A member 6,20210420,-
130825,121154954,RPS9,-,-,-,Un,-,ribosomal protein S9,protein-coding,-,-,-,40S ribosomal protein S9,20210501,-
130825,121154955,IL11,-,-,-,Un,-,interleukin 11,protein-coding,-,-,-,interleukin-11,20210420,-
130825,121154956,LOC121154956,-,-,-,Un,-,leukocyte-associated immunoglobulin-like receptor 2,protein-coding,-,-,-,leukocyte-associated immunoglobulin-like receptor 2,20210420,-
130825,121154957,LOC121154957,-,-,-,Un,-,60S ribosomal protein L9-like,pseudo,-,-,-,-,20210420,-
130825,121154958,NDUFA3,-,-,-,Un,-,NADH:ubiquinone oxidoreductase subunit A3,protein-coding,-,-,-,NADH dehydrogenase [ubiquinone] 1 alpha subcomplex subunit 3,20210420,-
130825,121154959,LOC121154959,-,-,-,Un,-,cytochrome c oxidase subunit 6B2,protein-coding,-,-,-,cytochrome c oxidase subunit 6B2,20210420,-
130825,121154960,LOC121154960,-,-,-,Un,-,uncharacterized LOC121154960,ncRNA,-,-,-,-,20210420,-
130825,121154961,LOC121154961,-,-,-,Un,-,uncharacterized LOC121154961,ncRNA,-,-,-,-,20210420,-
130825,121154962,UBE2S,-,-,-,Un,-,ubiquitin conjugating enzyme E2 S,protein-coding,-,-,-,ubiquitin-conjugating enzyme E2 S,20210420,-
130825,121154963,LOC121154963,-,-,-,Un,-,uncharacterized LOC121154963,ncRNA,-,-,-,-,20210420,-
130825,121154964,ZNF865,-,-,-,Un,-,zinc finger protein 865,protein-coding,-,-,-,zinc finger protein 865,20210420,-
130825,121154965,ZNF524,-,-,-,Un,-,zinc finger protein 524,protein-coding,-,-,-,zinc finger protein 524,20210420,-
130825,121154966,EPN1,-,-,-,Un,-,epsin 1,protein-coding,-,-,-,epsin-1,20210420,-
130825,121154967,U2AF2,-,-,-,Un,-,U2 small nuclear RNA auxiliary factor 2,protein-coding,-,-,-,splicing factor U2AF 65 kDa subunit,20210420,-
130825,121154968,OTOGL,-,-,-,Un,-,otogelin like,protein-coding,-,-,-,otogelin-like protein,20210420,-
130825,121154969,LOC121154969,-,-,-,Un,-,zinc finger protein 850-like,pseudo,-,-,-,-,20210420,-
130825,121154970,PEG3,-,-,-,Un,-,paternally expressed 3,protein-coding,-,-,-,paternally-expressed gene 3 protein,20210420,-
130825,121154971,ZSCAN22,-,-,-,Un,-,zinc finger and SCAN domain containing 22,protein-coding,-,-,-,zinc finger and SCAN domain-containing protein 22,20210420,-
130825,121154972,ZNF667,-,-,-,Un,-,zinc finger protein 667,protein-coding,-,-,-,LOW QUALITY PROTEIN: zinc finger protein 667,20210420,-
130825,121154973,ZNF787,-,-,-,Un,-,zinc finger protein 787,protein-coding,-,-,-,zinc finger protein 787,20210420,-
130825,121154974,ZNF606,-,-,-,Un,-,zinc finger protein 606,protein-coding,-,-,-,zinc finger protein 606,20210420,-
130825,121154975,LOC121154975,-,-,-,Un,-,60S ribosomal protein L7a-like,pseudo,-,-,-,-,20210420,-
130825,121154976,LOC121154976,-,-,-,Un,-,extracellular calcium-sensing receptor-like,protein-coding,-,-,-,extracellular calcium-sensing receptor-like,20210420,-
130825,121154977,LOC121154977,-,-,-,Un,-,zinc finger protein 471-like,protein-coding,-,-,-,zinc finger protein 471-like,20210420,-
130825,121154978,LOC121154978,-,-,-,Un,-,zinc finger protein 324A-like,protein-coding,-,-,-,zinc finger protein 324A-like,20210420,-
130825,121154979,ZNF329,-,-,-,Un,-,zinc finger protein 329,protein-coding,-,-,-,zinc finger protein 329,20210420,-
130825,121154980,ZSCAN18,-,-,-,Un,-,zinc finger and SCAN domain containing 18,protein-coding,-,-,-,zinc finger and SCAN domain-containing protein 18,20210420,-
130825,121154981,LOC121154981,-,-,-,Un,-,"coenzyme Q-binding protein COQ10 homolog B, mitochondrial-like",pseudo,-,-,-,-,20210420,-
130825,121154982,A1BG,-,-,-,Un,-,alpha-1-B glycoprotein,protein-coding,-,-,-,alpha-1B-glycoprotein,20210420,-
130825,121154983,ZNF132,-,-,-,Un,-,zinc finger protein 132,protein-coding,-,-,-,zinc finger protein 132,20210420,-
130825,121154984,ZNF584,-,-,-,Un,-,zinc finger protein 584,protein-coding,-,-,-,zinc finger protein 584,20210420,-
130825,121154985,LOC121154985,-,-,-,Un,-,zinc finger protein 134-like,protein-coding,-,-,-,zinc finger protein 134-like,20210420,-
130825,121154986,ZNF444,-,-,-,Un,-,zinc finger protein 444,protein-coding,-,-,-,zinc finger protein 444,20210420,-
130825,121154987,AURKC,-,-,-,Un,-,aurora kinase C,protein-coding,-,-,-,aurora kinase C,20210420,-
130825,121154988,RPS5,-,-,-,Un,-,ribosomal protein S5,protein-coding,-,-,-,40S ribosomal protein S5,20210522,-
130825,121154989,LOC121154989,-,-,-,Un,-,small nuclear ribonucleoprotein E-like,pseudo,-,-,-,-,20210420,-
130825,121154990,SMIM17,-,-,-,Un,-,small integral membrane protein 17,protein-coding,-,-,-,small integral membrane protein 17,20210420,-
130825,121154991,LOC121154991,-,-,-,Un,-,60S ribosomal protein L12-like,pseudo,-,-,-,-,20210420,-
130825,121154992,LOC121154992,-,-,-,Un,-,uncharacterized LOC121154992,ncRNA,-,-,-,-,20210420,-
130825,121154993,ZNF446,-,-,-,Un,-,zinc finger protein 446,protein-coding,-,-,-,zinc finger protein 446,20210420,-
130825,121154994,ZBTB45,-,-,-,Un,-,zinc finger and BTB domain containing 45,protein-coding,-,-,-,zinc finger and BTB domain-containing protein 45,20210420,-
130825,121154995,TRIM28,-,-,-,Un,-,tripartite motif containing 28,protein-coding,-,-,-,transcription intermediary factor 1-beta,20210420,-
130825,121154996,CHMP2A,-,-,-,Un,-,charged multivesicular body protein 2A,protein-coding,-,-,-,charged multivesicular body protein 2a,20210501,-
130825,121154997,UBE2M,-,-,-,Un,-,ubiquitin conjugating enzyme E2 M,protein-coding,-,-,-,NEDD8-conjugating enzyme Ubc12,20210501,-
130825,121154998,CAPS2,-,-,-,Un,-,calcyphosine 2,protein-coding,-,-,-,calcyphosin-2,20210420,-
130825,121154999,MZF1,-,-,-,Un,-,myeloid zinc finger 1,protein-coding,-,-,-,LOW QUALITY PROTEIN: myeloid zinc finger 1,20210420,-
130825,121155000,LOC121155000,-,-,-,Un,-,"keratin, type II cytoskeletal 8-like",pseudo,-,-,-,-,20210420,-
130825,121155001,ZSCAN5B,-,-,-,Un,-,zinc finger and SCAN domain containing 5B,protein-coding,-,-,-,zinc finger and SCAN domain-containing protein 5B,20210420,-
130825,121155002,EDDM13,-,-,-,Un,-,epididymal protein 13,protein-coding,-,-,-,epididymal protein 13,20210420,-
130825,121155003,LOC121155003,-,-,-,Un,-,olfactory receptor 5-like,protein-coding,-,-,-,olfactory receptor 5-like,20210420,-
130825,121155004,LOC121155004,-,-,-,Un,-,olfactory receptor 5-like,protein-coding,-,-,-,olfactory receptor 5-like,20210420,-
130825,121155005,LOC121155005,-,-,-,Un,-,olfactory receptor 5-like,protein-coding,-,-,-,olfactory receptor 5-like,20210420,-
130825,121155006,LOC121155006,-,-,-,Un,-,olfactory receptor 5-like,protein-coding,-,-,-,olfactory receptor 5-like,20210420,-
130825,121155007,LOC121155007,-,-,-,Un,-,olfactory receptor 5-like,protein-coding,-,-,-,olfactory receptor 5-like,20210420,-
130825,121155008,ZIM2,-,-,-,Un,-,zinc finger imprinted 2,protein-coding,-,-,-,LOW QUALITY PROTEIN: zinc finger imprinted 2,20210420,-
130825,121155009,LOC121155009,-,-,-,Un,-,serine/arginine repetitive matrix protein 1-like,pseudo,-,-,-,-,20210420,-
130825,121155010,LOC121155010,-,-,-,Un,-,zinc finger protein 883-like,protein-coding,-,-,-,zinc finger protein 883-like,20210420,-
130825,121155011,IGFL1,-,-,-,Un,-,IGF like family member 1,protein-coding,-,-,-,insulin growth factor-like family member 1,20210420,-
130825,121155012,CCDC8,-,-,-,Un,-,coiled-coil domain containing 8,protein-coding,-,-,-,coiled-coil domain-containing protein 8,20210420,-
130825,121155013,LOC121155013,-,-,-,Un,-,binder of sperm protein homolog 2-like,protein-coding,-,-,-,binder of sperm protein homolog 2-like,20210420,-
130825,121155014,LOC121155014,-,-,-,Un,-,binder of sperm protein homolog 1-like,protein-coding,-,-,-,binder of sperm protein homolog 1-like,20210420,-
130825,121155015,LOC121155015,-,-,-,Un,-,olfactory receptor class A-like protein 1,protein-coding,-,-,-,olfactory receptor class A-like protein 1,20210420,-
130825,121155016,SULT2B1,-,-,-,Un,-,sulfotransferase family 2B member 1,protein-coding,-,-,-,sulfotransferase 2B1,20210420,-
130825,121155017,NTN5,-,-,-,Un,-,netrin 5,protein-coding,-,-,-,netrin-5,20210420,-
130825,121155018,LOC121155018,-,-,-,Un,-,"galactoside alpha-(1,2)-fucosyltransferase 2-like",protein-coding,-,-,-,"galactoside alpha-(1,2)-fucosyltransferase 2-like",20210420,-
130825,121155019,MAMSTR,-,-,-,Un,-,MEF2 activating motif and SAP domain containing transcriptional regulator,protein-coding,-,-,-,MEF2-activating motif and SAP domain-containing transcriptional regulator,20210420,-
130825,121155020,LOC121155020,-,-,-,Un,-,60S ribosomal protein L30-like,pseudo,-,-,-,-,20210420,-
130825,121155021,IZUMO1,-,-,-,Un,-,izumo sperm-egg fusion 1,protein-coding,-,-,-,izumo sperm-egg fusion protein 1,20210420,-
130825,121155022,TULP2,-,-,-,Un,-,TUB like protein 2,protein-coding,-,-,-,tubby-related protein 2,20210420,-
130825,121155023,TRPM4,-,-,-,Un,-,transient receptor potential cation channel subfamily M member 4,protein-coding,-,-,-,transient receptor potential cation channel subfamily M member 4,20210420,-
130825,121155024,SLC6A16,-,-,-,Un,-,solute carrier family 6 member 16,protein-coding,-,-,-,orphan sodium- and chloride-dependent neurotransmitter transporter NTT5,20210420,-
130825,121155025,GFY,-,-,-,Un,-,golgi associated olfactory signaling regulator,protein-coding,-,-,-,Golgi-associated olfactory signaling regulator,20210420,-
130825,121155026,IL4I1,-,-,-,Un,-,interleukin 4 induced 1,protein-coding,-,-,-,L-amino-acid oxidase,20210420,-
130825,121155027,ZNF473,-,-,-,Un,-,zinc finger protein 473,protein-coding,-,-,-,zinc finger protein 473,20210420,-
130825,121155028,CUNH19orf81,-,-,-,Un,-,chromosome unknown C19orf81 homolog,protein-coding,-,-,-,putative uncharacterized protein C19orf81 homolog,20210420,-
130825,121155029,LOC121155029,-,-,-,Un,-,uncharacterized LOC121155029,protein-coding,-,-,-,uncharacterized protein LOC121155029,20210420,-
130825,121155030,MYRFL,-,-,-,Un,-,myelin regulatory factor like,protein-coding,-,-,-,myelin regulatory factor-like protein,20210420,-
130825,121155031,KLK15,-,-,-,Un,-,kallikrein related peptidase 15,protein-coding,-,-,-,kallikrein-15,20210420,-
130825,121155032,LOC121155032,-,-,-,Un,-,kallikrein-4-like,protein-coding,-,-,-,kallikrein-4-like,20210420,-
130825,121155033,KLK8,-,-,-,Un,-,kallikrein related peptidase 8,protein-coding,-,-,-,kallikrein-8,20210420,-
130825,121155034,LOC121155034,-,-,-,Un,-,kallikrein-12-like,protein-coding,-,-,-,kallikrein-12-like,20210420,-
130825,121155035,KLK14,-,-,-,Un,-,kallikrein related peptidase 14,protein-coding,-,-,-,kallikrein-14,20210420,-
130825,121155036,LOC121155036,-,-,-,Un,-,sialic acid-binding Ig-like lectin 5,protein-coding,-,-,-,sialic acid-binding Ig-like lectin 5,20210420,-
130825,121155037,SIGLECL1,-,-,-,Un,-,SIGLEC family like 1,protein-coding,-,-,-,SIGLEC family-like protein 1,20210420,-
130825,121155038,VSIG10L,-,-,-,Un,-,V-set and immunoglobulin domain containing 10 like,protein-coding,-,-,-,V-set and immunoglobulin domain-containing protein 10-like,20210420,-
130825,121155039,CUNH19orf84,-,-,-,Un,-,chromosome unknown C19orf84 homolog,protein-coding,-,-,-,uncharacterized protein C19orf84 homolog,20210420,-
130825,121155040,LOC121155040,-,-,-,Un,-,"beta-1,4-galactosyltransferase 3-like",protein-coding,-,-,-,"beta-1,4-galactosyltransferase 3-like",20210420,-
130825,121155041,BEST3,-,-,-,Un,-,bestrophin 3,protein-coding,-,-,-,bestrophin-3,20210420,-
130825,121155042,SPACA6,-,-,-,Un,-,sperm acrosome associated 6,protein-coding,-,-,-,sperm acrosome membrane-associated protein 6,20210420,-
130825,121155043,LOC121155043,-,-,-,Un,-,smad nuclear-interacting protein 1-like,protein-coding,-,-,-,smad nuclear-interacting protein 1-like,20210420,-
130825,121155044,LOC121155044,-,-,-,Un,-,vomeronasal type-1 receptor 2-like,protein-coding,-,-,-,vomeronasal type-1 receptor 2-like,20210420,-
130825,121155045,LOC121155045,-,-,-,Un,-,vomeronasal type-1 receptor 90-like,protein-coding,-,-,-,vomeronasal type-1 receptor 90-like,20210420,-
130825,121155046,LOC121155046,-,-,-,Un,-,vomeronasal type-1 receptor 4-like,protein-coding,-,-,-,vomeronasal type-1 receptor 4-like,20210420,-
130825,121155047,LOC121155047,-,-,-,Un,-,vomeronasal type-1 receptor 4-like,protein-coding,-,-,-,vomeronasal type-1 receptor 4-like,20210420,-
130825,121155048,LOC121155048,-,-,-,Un,-,vomeronasal type-1 receptor 2-like,protein-coding,-,-,-,vomeronasal type-1 receptor 2-like,20210420,-
130825,121155049,LOC121155049,-,-,-,Un,-,vomeronasal type-1 receptor 2-like,protein-coding,-,-,-,vomeronasal type-1 receptor 2-like,20210420,-
130825,121155050,LOC121155050,-,-,-,Un,-,cationic amino acid transporter 3-like,protein-coding,-,-,-,cationic amino acid transporter 3-like,20210420,-
130825,121155051,CACNG6,-,-,-,Un,-,calcium voltage-gated channel auxiliary subunit gamma 6,protein-coding,-,-,-,voltage-dependent calcium channel gamma-6 subunit,20210420,-
130825,121155052,LRRC10,-,-,-,Un,-,leucine rich repeat containing 10,protein-coding,-,-,-,leucine-rich repeat-containing protein 10,20210420,-
130825,121155053,TMC4,-,-,-,Un,-,transmembrane channel like 4,protein-coding,-,-,-,transmembrane channel-like protein 4,20210420,-
130825,121155054,LOC121155054,-,-,-,Un,-,leukocyte immunoglobulin-like receptor subfamily B member 3,protein-coding,-,-,-,leukocyte immunoglobulin-like receptor subfamily B member 3,20210420,-
130825,121155055,TNNI3,-,-,-,Un,-,"troponin I3, cardiac type",protein-coding,-,-,-,"troponin I, cardiac muscle",20210420,-
130825,121155056,DNAAF3,-,-,-,Un,-,dynein axonemal assembly factor 3,protein-coding,-,-,-,"dynein assembly factor 3, axonemal",20210420,-
130825,121155057,PTPRH,-,-,-,Un,-,protein tyrosine phosphatase receptor type H,protein-coding,-,-,-,receptor-type tyrosine-protein phosphatase H,20210420,-
130825,121155058,TMEM86B,-,-,-,Un,-,transmembrane protein 86B,protein-coding,-,-,-,lysoplasmalogenase,20210420,-
130825,121155059,TMEM150B,-,-,-,Un,-,transmembrane protein 150B,protein-coding,-,-,-,modulator of macroautophagy TMEM150B,20210420,-
130825,121155060,FAM71E2,-,-,-,Un,-,family with sequence similarity 71 member E2,protein-coding,-,-,-,protein FAM71E2,20210420,-
130825,121155061,CUNH19orf85,-,-,-,Un,-,chromosome unknown C19orf85 homolog,protein-coding,-,-,-,uncharacterized protein C19orf85 homolog,20210420,-
130825,121155062,ZNF628,-,-,-,Un,-,zinc finger protein 628,protein-coding,-,-,-,zinc finger protein 628,20210420,-
130825,121155063,LOC121155063,-,-,-,Un,-,protein SGT1 homolog,pseudo,-,-,-,-,20210420,-
130825,121155064,SSC5D,-,-,-,Un,-,scavenger receptor cysteine rich family member with 5 domains,protein-coding,-,-,-,soluble scavenger receptor cysteine-rich domain-containing protein SSC5D,20210420,-
130825,121155065,SBK2,-,-,-,Un,-,SH3 domain binding kinase family member 2,protein-coding,-,-,-,serine/threonine-protein kinase SBK2,20210420,-
130825,121155066,FIZ1,-,-,-,Un,-,FLT3 interacting zinc finger 1,protein-coding,-,-,-,flt3-interacting zinc finger protein 1,20210420,-
130825,121155067,NLRP9,-,-,-,Un,-,NLR family pyrin domain containing 9,protein-coding,-,-,-,"NACHT, LRR and PYD domains-containing protein 9",20210420,-
130825,121155068,LOC121155068,-,-,-,Un,-,"NACHT, LRR and PYD domains-containing protein 9-like",protein-coding,-,-,-,"NACHT, LRR and PYD domains-containing protein 9-like",20210420,-
130825,121155069,LOC121155069,-,-,-,Un,-,ret finger protein-like 4A-like protein 1,protein-coding,-,-,-,ret finger protein-like 4A-like protein 1,20210420,-
130825,121155070,NLRP11,-,-,-,Un,-,NLR family pyrin domain containing 11,protein-coding,-,-,-,"NACHT, LRR and PYD domains-containing protein 11",20210420,-
130825,121155071,HSPA9,-,-,-,Un,-,heat shock protein family A (Hsp70) member 9,protein-coding,-,-,-,"stress-70 protein, mitochondrial",20210420,-
130825,121155072,NLRP4,-,-,-,Un,-,NLR family pyrin domain containing 4,protein-coding,-,-,-,"NACHT, LRR and PYD domains-containing protein 4",20210420,-
130825,121155073,NLRP5,-,-,-,Un,-,NLR family pyrin domain containing 5,protein-coding,-,-,-,"NACHT, LRR and PYD domains-containing protein 5",20210420,-
130825,121155074,LOC121155074,-,-,-,Un,-,zinc finger protein 416-like,protein-coding,-,-,-,zinc finger protein 416-like,20210420,-
130825,121155075,LOC121155075,-,-,-,Un,-,"cytochrome b-c1 complex subunit Rieske, mitochondrial-like",pseudo,-,-,-,-,20210420,-
130825,121155076,LOC121155076,-,-,-,Un,-,vomeronasal type-1 receptor 1-like,protein-coding,-,-,-,vomeronasal type-1 receptor 1-like,20210420,-
130825,121155077,LOC121155077,-,-,-,Un,-,vomeronasal type-1 receptor 1-like,protein-coding,-,-,-,vomeronasal type-1 receptor 1-like,20210420,-
130825,121155078,LOC121155078,-,-,-,Un,-,vomeronasal type-1 receptor 1,protein-coding,-,-,-,vomeronasal type-1 receptor 1,20210420,-
130825,121155079,LOC121155079,-,-,-,Un,-,zinc finger protein 470-like,protein-coding,-,-,-,LOW QUALITY PROTEIN: zinc finger protein 470-like,20210420,-
130825,121155080,RNF225,-,-,-,Un,-,ring finger protein 225,protein-coding,-,-,-,RING finger protein 225,20210420,-
130825,121155081,LOC121155081,-,-,-,Un,-,zinc finger protein 792-like,protein-coding,-,-,-,zinc finger protein 792-like,20210420,-
130825,121155082,LOC121155082,-,-,-,Un,-,anomalous homeobox protein-like,pseudo,-,-,-,-,20210420,-
130825,121155083,LOC121155083,-,-,-,Un,-,anomalous homeobox protein-like,pseudo,-,-,-,-,20210420,-
130825,121155084,LOC121155084,-,-,-,Un,-,anomalous homeobox protein-like,pseudo,-,-,-,-,20210420,-
130825,121155085,HIF3A,-,-,-,Un,-,hypoxia inducible factor 3 subunit alpha,protein-coding,-,-,-,hypoxia-inducible factor 3-alpha,20210420,-
130825,121155086,LOC121155086,-,-,-,Un,-,TBC1 domain family member 30-like,protein-coding,-,-,-,TBC1 domain family member 30-like,20210420,-
130825,121155087,GNG8,-,-,-,Un,-,G protein subunit gamma 8,protein-coding,-,-,-,guanine nucleotide-binding protein G(I)/G(S)/G(O) subunit gamma-8,20210529,-
130825,121155088,NPAS1,-,-,-,Un,-,neuronal PAS domain protein 1,protein-coding,-,-,-,neuronal PAS domain-containing protein 1,20210420,-
130825,121155089,TMEM160,-,-,-,Un,-,transmembrane protein 160,protein-coding,-,-,-,transmembrane protein 160,20210420,-
130825,121155090,INAFM1,-,-,-,Un,-,InaF motif containing 1,protein-coding,-,-,-,putative transmembrane protein INAFM1,20210420,-
130825,121155091,C5AR2,-,-,-,Un,-,complement C5a receptor 2,protein-coding,-,-,-,C5a anaphylatoxin chemotactic receptor 2|complement component 5a receptor 2,20210422,-
130825,121155092,MEIS3,-,-,-,Un,-,Meis homeobox 3,protein-coding,-,-,-,homeobox protein Meis3,20210420,-
130825,121155093,SLC8A2,-,-,-,Un,-,solute carrier family 8 member A2,protein-coding,-,-,-,sodium/calcium exchanger 2,20210420,-
130825,121155094,ZNF541,-,-,-,Un,-,zinc finger protein 541,protein-coding,-,-,-,zinc finger protein 541,20210420,-
130825,121155095,LOC121155095,-,-,-,Un,-,casein kinase II subunit alpha-like,pseudo,-,-,-,-,20210420,-
130825,121155096,EHD2,-,-,-,Un,-,EH domain containing 2,protein-coding,-,-,-,EH domain-containing protein 2,20210420,-
130825,121155097,SELENOW,-,-,-,Un,-,selenoprotein W,protein-coding,-,-,-,selenoprotein W,20210420,-
130825,121155098,CRX,-,-,-,Un,-,cone-rod homeobox,protein-coding,-,-,-,cone-rod homeobox protein,20210420,-
130825,121155099,LOC121155099,-,-,-,Un,-,3-beta-hydroxysteroid sulfotransferase-like,protein-coding,-,-,-,3-beta-hydroxysteroid sulfotransferase-like,20210420,-
130825,121155100,LOC121155100,-,-,-,Un,-,3-beta-hydroxysteroid sulfotransferase-like,protein-coding,-,-,-,3-beta-hydroxysteroid sulfotransferase-like,20210420,-
130825,121155101,LOC121155101,-,-,-,Un,-,vomeronasal type-1 receptor 96-like,protein-coding,-,-,-,LOW QUALITY PROTEIN: vomeronasal type-1 receptor 96-like,20210420,-
130825,121155102,CABP5,-,-,-,Un,-,calcium binding protein 5,protein-coding,-,-,-,calcium-binding protein 5,20210420,-
130825,121155103,LOC121155103,-,-,-,Un,-,translation initiation factor IF-2-like,protein-coding,-,-,-,translation initiation factor IF-2-like,20210420,-
130825,121155104,LOC121155104,-,-,-,Un,-,olfactory receptor class A-like protein 1,protein-coding,-,-,-,olfactory receptor class A-like protein 1,20210420,-
130825,121155105,LOC121155105,-,-,-,Un,-,olfactory receptor class A-like protein 1,protein-coding,-,-,-,olfactory receptor class A-like protein 1,20210420,-
130825,121155106,LOC121155106,-,-,-,Un,-,vomeronasal type-1 receptor 3-like,protein-coding,-,-,-,vomeronasal type-1 receptor 3-like,20210420,-
130825,121155107,LOC121155107,-,-,-,Un,-,olfactory receptor class A-like protein 1,protein-coding,-,-,-,olfactory receptor class A-like protein 1,20210420,-
130825,121155108,LOC121155108,-,-,-,Un,-,vomeronasal type-1 receptor 4-like,pseudo,-,-,-,-,20210420,-
130825,121155109,SYNGR4,-,-,-,Un,-,synaptogyrin 4,protein-coding,-,-,-,synaptogyrin-4,20210420,-
130825,121155110,GRIN2D,-,-,-,Un,-,glutamate ionotropic receptor NMDA type subunit 2D,protein-coding,-,-,-,"glutamate receptor ionotropic, NMDA 2D",20210420,-
130825,121155111,GRWD1,-,-,-,Un,-,glutamate rich WD repeat containing 1,protein-coding,-,-,-,glutamate-rich WD repeat-containing protein 1,20210420,-
130825,121155112,KCNJ14,-,-,-,Un,-,potassium inwardly rectifying channel subfamily J member 14,protein-coding,-,-,-,ATP-sensitive inward rectifier potassium channel 14,20210420,-
130825,121155113,LMTK3,-,-,-,Un,-,lemur tyrosine kinase 3,protein-coding,-,-,-,serine/threonine-protein kinase LMTK3,20210420,-
130825,121155114,FAM83E,-,-,-,Un,-,family with sequence similarity 83 member E,protein-coding,-,-,-,protein FAM83E,20210420,-
130825,121155115,RPL18,-,-,-,Un,-,ribosomal protein L18,protein-coding,-,-,-,60S ribosomal protein L18,20210420,-
130825,121155116,CA11,-,-,-,Un,-,carbonic anhydrase 11,protein-coding,-,-,-,carbonic anhydrase-related protein 11,20210420,-
130825,121155117,LOC121155117,-,-,-,Un,-,"galactoside alpha-(1,2)-fucosyltransferase 2",protein-coding,-,-,-,"galactoside alpha-(1,2)-fucosyltransferase 2",20210420,-
130825,121155118,RASIP1,-,-,-,Un,-,Ras interacting protein 1,protein-coding,-,-,-,ras-interacting protein 1,20210420,-
130825,121155119,FGF21,-,-,-,Un,-,fibroblast growth factor 21,protein-coding,-,-,-,fibroblast growth factor 21,20210420,-
130825,121155120,DHDH,-,-,-,Un,-,dihydrodiol dehydrogenase,protein-coding,-,-,-,"trans-1,2-dihydrobenzene-1,2-diol dehydrogenase",20210420,-
130825,121155121,LOC121155121,-,-,-,Un,-,lutropin subunit beta,protein-coding,-,-,-,lutropin subunit beta,20210420,-
130825,121155122,LOC121155122,-,-,-,Un,-,cytosolic iron-sulfur assembly component 2A-like,pseudo,-,-,-,-,20210420,-
130825,121155123,NTF4,-,-,-,Un,-,neurotrophin 4,protein-coding,-,-,-,neurotrophin-4,20210420,-
130825,121155124,KCNA7,-,-,-,Un,-,potassium voltage-gated channel subfamily A member 7,protein-coding,-,-,-,potassium voltage-gated channel subfamily A member 7,20210420,-
130825,121155125,LIN7B,-,-,-,Un,-,"lin-7 homolog B, crumbs cell polarity complex component",protein-coding,-,-,-,protein lin-7 homolog B,20210420,-
130825,121155126,PPFIA3,-,-,-,Un,-,PTPRF interacting protein alpha 3,protein-coding,-,-,-,liprin-alpha-3,20210420,-
130825,121155127,HRC,-,-,-,Un,-,histidine rich calcium binding protein,protein-coding,-,-,-,sarcoplasmic reticulum histidine-rich calcium-binding protein,20210420,-
130825,121155128,DKKL1,-,-,-,Un,-,dickkopf like acrosomal protein 1,protein-coding,-,-,-,dickkopf-like protein 1,20210420,-
130825,121155129,PTH2,-,-,-,Un,-,parathyroid hormone 2,protein-coding,-,-,-,tuberoinfundibular peptide of 39 residues,20210420,-
130825,121155130,SLC17A7,-,-,-,Un,-,solute carrier family 17 member 7,protein-coding,-,-,-,vesicular glutamate transporter 1,20210420,-
130825,121155131,PRRG2,-,-,-,Un,-,proline rich and Gla domain 2,protein-coding,-,-,-,transmembrane gamma-carboxyglutamic acid protein 2,20210420,-
130825,121155132,IZUMO2,-,-,-,Un,-,IZUMO family member 2,protein-coding,-,-,-,izumo sperm-egg fusion protein 2,20210420,-
130825,121155133,NEMP1,-,-,-,Un,-,nuclear envelope integral membrane protein 1,protein-coding,-,-,-,nuclear envelope integral membrane protein 1,20210420,-
130825,121155134,MYH14,-,-,-,Un,-,myosin heavy chain 14,protein-coding,-,-,-,myosin-14,20210420,-
130825,121155135,KCNC3,-,-,-,Un,-,potassium voltage-gated channel subfamily C member 3,protein-coding,-,-,-,potassium voltage-gated channel subfamily C member 3,20210420,-
130825,121155136,EMC10,-,-,-,Un,-,ER membrane protein complex subunit 10,protein-coding,-,-,-,ER membrane protein complex subunit 10,20210420,-
130825,121155137,JOSD2,-,-,-,Un,-,Josephin domain containing 2,protein-coding,-,-,-,josephin-2,20210420,-
130825,121155138,ASPDH,-,-,-,Un,-,aspartate dehydrogenase domain containing,protein-coding,-,-,-,putative L-aspartate dehydrogenase,20210420,-
130825,121155139,GPR182,-,-,-,Un,-,G protein-coupled receptor 182,protein-coding,-,-,-,G-protein coupled receptor 182,20210420,-
130825,121155140,LRRC4B,-,-,-,Un,-,leucine rich repeat containing 4B,protein-coding,-,-,-,leucine-rich repeat-containing protein 4B,20210420,-
130825,121155141,SYT3,-,-,-,Un,-,synaptotagmin 3,protein-coding,-,-,-,synaptotagmin-3,20210420,-
130825,121155142,SHANK1,-,-,-,Un,-,SH3 and multiple ankyrin repeat domains 1,protein-coding,-,-,-,SH3 and multiple ankyrin repeat domains protein 1,20210420,-
130825,121155143,ACP4,-,-,-,Un,-,acid phosphatase 4,protein-coding,-,-,-,testicular acid phosphatase,20210420,-
130825,121155144,CLEC11A,-,-,-,Un,-,C-type lectin domain containing 11A,protein-coding,-,-,-,C-type lectin domain family 11 member A,20210420,-
130825,121155145,KLK1,-,-,-,Un,-,kallikrein 1,protein-coding,-,-,-,kallikrein-1,20210420,-
130825,121155146,LOC121155146,-,-,-,Un,-,kallikrein-4-like,protein-coding,-,-,-,kallikrein-4-like,20210420,-
130825,121155147,KLK5,-,-,-,Un,-,kallikrein related peptidase 5,protein-coding,-,-,-,kallikrein-5,20210420,-
130825,121155148,KLK6,-,-,-,Un,-,kallikrein related peptidase 6,protein-coding,-,-,-,kallikrein-6,20210420,-
130825,121155149,LOC121155149,-,-,-,Un,-,retinol dehydrogenase 16-like,pseudo,-,-,-,-,20210420,-
130825,121155150,KLK7,-,-,-,Un,-,kallikrein related peptidase 7,protein-coding,-,-,-,kallikrein-7,20210420,-
130825,121155151,KLK9,-,-,-,Un,-,kallikrein related peptidase 9,protein-coding,-,-,-,kallikrein-9,20210420,-
130825,121155152,KLK10,-,-,-,Un,-,kallikrein related peptidase 10,protein-coding,-,-,-,kallikrein-10,20210420,-
130825,121155153,KLK11,-,-,-,Un,-,kallikrein related peptidase 11,protein-coding,-,-,-,kallikrein-11,20210420,-
130825,121155154,LOC121155154,-,-,-,Un,-,kallikrein-13-like,protein-coding,-,-,-,kallikrein-13-like,20210420,-
130825,121155155,LOC121155155,-,-,-,Un,-,sialic acid-binding Ig-like lectin 16,protein-coding,-,-,-,sialic acid-binding Ig-like lectin 16,20210420,-
130825,121155156,IGLON5,-,-,-,Un,-,IgLON family member 5,protein-coding,-,-,-,igLON family member 5,20210420,-
130825,121155157,LIM2,-,-,-,Un,-,lens intrinsic membrane protein 2,protein-coding,-,-,-,lens fiber membrane intrinsic protein,20210420,-
130825,121155158,LOC121155158,-,-,-,Un,-,sialic acid-binding Ig-like lectin 8,protein-coding,-,-,-,sialic acid-binding Ig-like lectin 8,20210420,-
130825,121155159,LOC121155159,-,-,-,Un,-,retinol dehydrogenase 7-like,pseudo,-,-,-,-,20210420,-
130825,121155160,HAS1,-,-,-,Un,-,hyaluronan synthase 1,protein-coding,-,-,-,hyaluronan synthase 1,20210420,-
130825,121155161,LOC121155161,-,-,-,Un,-,vomeronasal type-1 receptor 4-like,protein-coding,-,-,-,vomeronasal type-1 receptor 4-like,20210420,-
130825,121155162,TMEM190,-,-,-,Un,-,transmembrane protein 190,protein-coding,-,-,-,transmembrane protein 190,20210420,-
130825,121155163,TMEM238,-,-,-,Un,-,transmembrane protein 238,protein-coding,-,-,-,transmembrane protein 238,20210420,-
130825,121155164,RPL28,-,-,-,Un,-,ribosomal protein L28,protein-coding,-,-,-,60S ribosomal protein L28,20210420,-
130825,121155165,SHISA7,-,-,-,Un,-,shisa family member 7,protein-coding,-,-,-,protein shisa-7,20210420,-
130825,121155166,ISOC2,-,-,-,Un,-,isochorismatase domain containing 2,protein-coding,-,-,-,isochorismatase domain-containing protein 2,20210420,-
130825,121155167,ETF1,-,-,-,Un,-,eukaryotic translation termination factor 1,protein-coding,-,-,-,eukaryotic peptide chain release factor subunit 1,20210424,-
130825,121155168,NAT14,-,-,-,Un,-,N-acetyltransferase 14 (putative),protein-coding,-,-,-,N-acetyltransferase 14,20210420,-
130825,121155169,SBK3,-,-,-,Un,-,SH3 domain binding kinase family member 3,protein-coding,-,-,-,LOW QUALITY PROTEIN: uncharacterized serine/threonine-protein kinase SBK3,20210420,-
130825,121155170,ZNF579,-,-,-,Un,-,zinc finger protein 579,protein-coding,-,-,-,zinc finger protein 579,20210420,-
130825,121155171,APOF,-,-,-,Un,-,apolipoprotein F,protein-coding,-,-,-,apolipoprotein F,20210420,-
130825,121155172,ZNF784,-,-,-,Un,-,zinc finger protein 784,protein-coding,-,-,-,zinc finger protein 784,20210420,-
130825,121155173,ZNF580,-,-,-,Un,-,zinc finger protein 580,protein-coding,-,-,-,zinc finger protein 580,20210420,-
130825,121155174,ZNF581,-,-,-,Un,-,zinc finger protein 581,protein-coding,-,-,-,zinc finger protein 581,20210420,-
130825,121155175,CCDC106,-,-,-,Un,-,coiled-coil domain containing 106,protein-coding,-,-,-,coiled-coil domain-containing protein 106,20210420,-
130825,121155176,LOC121155176,-,-,-,Un,-,40S ribosomal protein S10-like,pseudo,-,-,-,-,20210420,-
130825,121155177,SLC27A5,-,-,-,Un,-,solute carrier family 27 member 5,protein-coding,-,-,-,bile acyl-CoA synthetase,20210420,-
130825,121155178,LOC121155178,-,-,-,Un,-,protein tyrosine phosphatase type IVA 1-like,pseudo,-,-,-,-,20210420,-
130825,121155179,SPACA4,-,-,-,Un,-,sperm acrosome associated 4,protein-coding,-,-,-,sperm acrosome membrane-associated protein 4,20210420,-
130825,121155180,LOC121155180,-,-,-,Un,-,U2 spliceosomal RNA,pseudo,-,-,-,-,20210420,-
130825,121155181,LOC121155181,-,-,-,Un,-,heterogeneous nuclear ribonucleoprotein A3-like,pseudo,-,-,-,-,20210420,-
130825,121155182,LOC121155182,-,-,-,Un,-,small nucleolar RNA SNORD34,snoRNA,-,-,-,-,20210420,-
130825,121155183,LOC121155183,-,-,-,Un,-,small nucleolar RNA SNORA70,snoRNA,-,-,-,-,20210420,-
130825,121155184,LOC121155184,-,-,-,Un,-,small nucleolar RNA SNORA70,snoRNA,-,-,-,-,20210420,-
130825,121155185,LOC121155185,-,-,-,Un,-,small nucleolar RNA SNORD35,snoRNA,-,-,-,-,20210420,-
130825,121155186,LOC121155186,-,-,-,Un,-,small nucleolar RNA SNORD35,snoRNA,-,-,-,-,20210420,-
130825,121155187,LOC121155187,-,-,-,Un,-,small nucleolar RNA SNORD23,snoRNA,-,-,-,-,20210420,-
130825,121155188,LOC121155188,-,-,-,Un,-,small nucleolar RNA SNORD88,snoRNA,-,-,-,-,20210420,-
130825,121155189,LOC121155189,-,-,-,Un,-,small nucleolar RNA SNORD88,snoRNA,-,-,-,-,20210420,-
130825,121155190,LOC121155190,-,-,-,Un,-,small nucleolar RNA ACA64,snoRNA,-,-,-,-,20210420,-
130825,121155191,LOC121155191,-,-,-,Un,-,U2 spliceosomal RNA,pseudo,-,-,-,-,20210420,-
130825,121155192,LOC121155192,-,-,-,Un,-,U6 spliceosomal RNA,snRNA,-,-,-,-,20210420,-
130825,121155193,LOC121155193,-,-,-,Un,-,small nucleolar RNA Z195/SNORD33/SNORD32 family,snoRNA,-,-,-,-,20210420,-
130825,121155194,LOC121155194,-,-,-,Un,-,small nucleolar RNA Z195/SNORD33/SNORD32 family,snoRNA,-,-,-,-,20210420,-
130825,121155195,TRNAE-UUC,-,-,-,Un,-,transfer RNA glutamic acid (anticodon UUC),tRNA,-,-,-,-,20210420,-
130825,121155196,LOC121155196,-,-,-,Un,-,TBC1 domain family member 9B-like,pseudo,-,-,-,-,20210420,-
130825,121155197,LOC121155197,-,-,-,Un,-,olfactory receptor 9-like,protein-coding,-,-,-,olfactory receptor 9-like,20210420,-
130825,121155198,LOC121155198,-,-,-,Un,-,uncharacterized LOC121155198,ncRNA,-,-,-,-,20210420,-
130825,121155199,LOC121155199,-,-,-,Un,-,nibrin-like,pseudo,-,-,-,-,20210420,-
130825,121155200,LOC121155200,-,-,-,Un,-,uncharacterized LOC121155200,ncRNA,-,-,-,-,20210420,-
130825,121155201,LOC121155201,-,-,-,Un,-,uncharacterized LOC121155201,ncRNA,-,-,-,-,20210420,-
130825,121155202,LOC121155202,-,-,-,Un,-,transmembrane protein 39A,protein-coding,-,-,-,transmembrane protein 39A,20210420,-
130825,121155203,LOC121155203,-,-,-,Un,-,protein O-glucosyltransferase 1-like,protein-coding,-,-,-,protein O-glucosyltransferase 1-like,20210420,-
130825,121155204,LOC121155204,-,-,-,Un,-,vomeronasal type-1 receptor 90-like,protein-coding,-,-,-,vomeronasal type-1 receptor 90-like,20210420,-
130825,121155205,LOC121155205,-,-,-,Un,-,putative protein FAM90A26,protein-coding,-,-,-,putative protein FAM90A26,20210420,-
130825,121155206,LOC121155206,-,-,-,Un,-,GTP-binding protein Di-Ras3-like,protein-coding,-,-,-,GTP-binding protein Di-Ras3-like,20210420,-
130825,121155207,LOC121155207,-,-,-,Un,-,GTP-binding protein Di-Ras3-like,protein-coding,-,-,-,GTP-binding protein Di-Ras3-like,20210420,-
130825,121155208,LOC121155208,-,-,-,Un,-,olfactory receptor 10P1-like,protein-coding,-,-,-,olfactory receptor 10P1-like,20210420,-
130825,121155209,LOC121155209,-,-,-,Un,-,deubiquitinase DESI2-like,pseudo,-,-,-,-,20210420,-
130825,121155210,LOC121155210,-,-,-,Un,-,mitochondrial import receptor subunit TOM40 homolog,pseudo,-,-,-,-,20210420,-
130825,121155211,LOC121155211,-,-,-,Un,-,transcription factor SOX-2-like,pseudo,-,-,-,-,20210420,-
130825,121155212,LOC121155212,-,-,-,Un,-,transcription factor SOX-2-like,pseudo,-,-,-,-,20210420,-
130825,121155213,GNG12,-,-,-,Un,-,G protein subunit gamma 12,protein-coding,-,-,-,guanine nucleotide-binding protein G(I)/G(S)/G(O) subunit gamma-12,20210501,-
130825,121155214,GADD45A,-,-,-,Un,-,growth arrest and DNA damage inducible alpha,protein-coding,-,-,-,growth arrest and DNA damage-inducible protein GADD45 alpha,20210420,-
130825,121155215,KANSL2,-,-,-,Un,-,KAT8 regulatory NSL complex subunit 2,protein-coding,-,-,-,KAT8 regulatory NSL complex subunit 2,20210420,-
130825,121155216,SERBP1,-,-,-,Un,-,SERPINE1 mRNA binding protein 1,protein-coding,-,-,-,plasminogen activator inhibitor 1 RNA-binding protein,20210420,-
130825,121155217,IL12RB2,-,-,-,Un,-,interleukin 12 receptor subunit beta 2,protein-coding,-,-,-,interleukin-12 receptor subunit beta-2,20210420,-
130825,121155218,IL23R,-,-,-,Un,-,interleukin 23 receptor,protein-coding,-,-,-,interleukin-23 receptor,20210420,-
130825,121155219,SLC35D1,-,-,-,Un,-,solute carrier family 35 member D1,protein-coding,-,-,-,UDP-glucuronic acid/UDP-N-acetylgalactosamine transporter,20210529,-
130825,121155220,MIER1,-,-,-,Un,-,MIER1 transcriptional regulator,protein-coding,-,-,-,mesoderm induction early response protein 1,20210420,-
130825,121155221,PDE4B,-,-,-,Un,-,phosphodiesterase 4B,protein-coding,-,-,-,"cAMP-specific 3',5'-cyclic phosphodiesterase 4B",20210420,-
130825,121155222,LEPROT,-,-,-,Un,-,leptin receptor overlapping transcript,protein-coding,-,-,-,leptin receptor gene-related protein,20210420,-
130825,121155223,LOC121155223,-,-,-,Un,-,uncharacterized LOC121155223,ncRNA,-,-,-,-,20210420,-
130825,121155224,JAK1,-,-,-,Un,-,Janus kinase 1,protein-coding,-,-,-,tyrosine-protein kinase JAK1,20210420,-
130825,121155225,RAVER2,-,-,-,Un,-,"ribonucleoprotein, PTB binding 2",protein-coding,-,-,-,ribonucleoprotein PTB-binding 2,20210420,-
130825,121155226,ROR1,-,-,-,Un,-,receptor tyrosine kinase like orphan receptor 1,protein-coding,-,-,-,inactive tyrosine-protein kinase transmembrane receptor ROR1,20210420,-
130825,121155227,CCNT1,-,-,-,Un,-,cyclin T1,protein-coding,-,-,-,cyclin-T1,20210420,-
130825,121155228,PGM1,-,-,-,Un,-,phosphoglucomutase 1,protein-coding,-,-,-,phosphoglucomutase-1,20210420,-
130825,121155229,LOC121155229,-,-,-,Un,-,integrin subunit beta 3 binding protein,protein-coding,-,-,-,centromere protein R,20210420,-
130825,121155230,ALG6,-,-,-,Un,-,"ALG6 alpha-1,3-glucosyltransferase",protein-coding,-,-,-,"dolichyl pyrophosphate Man9GlcNAc2 alpha-1,3-glucosyltransferase",20210420,-
130825,121155231,ATG4C,-,-,-,Un,-,autophagy related 4C cysteine peptidase,protein-coding,-,-,-,cysteine protease ATG4C,20210420,-
130825,121155232,ADCY6,-,-,-,Un,-,adenylate cyclase 6,protein-coding,-,-,-,adenylate cyclase type 6,20210420,-
130825,121155233,DOCK7,-,-,-,Un,-,dedicator of cytokinesis 7,protein-coding,-,-,-,dedicator of cytokinesis protein 7,20210420,-
130825,121155234,USP1,-,-,-,Un,-,ubiquitin specific peptidase 1,protein-coding,-,-,-,ubiquitin carboxyl-terminal hydrolase 1,20210420,-
130825,121155235,ANGPTL3,-,-,-,Un,-,angiopoietin like 3,protein-coding,-,-,-,angiopoietin-related protein 3,20210420,-
130825,121155236,PATJ,-,-,-,Un,-,PATJ crumbs cell polarity complex component,protein-coding,-,-,-,inaD-like protein,20210420,-
130825,121155237,TM2D1,-,-,-,Un,-,TM2 domain containing 1,protein-coding,-,-,-,TM2 domain-containing protein 1,20210420,-
130825,121155238,NFIA,-,-,-,Un,-,nuclear factor I A,protein-coding,-,-,-,nuclear factor 1 A-type,20210420,-
130825,121155239,DDX23,-,-,-,Un,-,DEAD-box helicase 23,protein-coding,-,-,-,probable ATP-dependent RNA helicase DDX23,20210420,-
130825,121155240,LOC121155240,-,-,-,Un,-,cytochrome P450 2J1-like,protein-coding,-,-,-,cytochrome P450 2J1-like,20210420,-
130825,121155241,LOC121155241,-,-,-,Un,-,cytochrome P450 2J1-like,protein-coding,-,-,-,cytochrome P450 2J1-like|cytochrome P450 2J2-like,20210420,-
130825,121155242,CACNB3,-,-,-,Un,-,calcium voltage-gated channel auxiliary subunit beta 3,protein-coding,-,-,-,voltage-dependent L-type calcium channel subunit beta-3,20210420,-
130825,121155243,LOC121155243,-,-,-,Un,-,cytochrome P450 2J1-like,protein-coding,-,-,-,cytochrome P450 2J1-like,20210420,-
130825,121155244,HOOK1,-,-,-,Un,-,hook microtubule tethering protein 1,protein-coding,-,-,-,protein Hook homolog 1,20210420,-
130825,121155245,FGGY,-,-,-,Un,-,FGGY carbohydrate kinase domain containing,protein-coding,-,-,-,FGGY carbohydrate kinase domain-containing protein,20210420,-
130825,121155246,LOC121155246,-,-,-,Un,-,BAG family molecular chaperone regulator 1-like,protein-coding,-,-,-,BAG family molecular chaperone regulator 1-like,20210420,-
130825,121155247,LOC121155247,-,-,-,Un,-,uncharacterized LOC121155247,ncRNA,-,-,-,-,20210420,-
130825,121155248,JUN,-,-,-,Un,-,"Jun proto-oncogene, AP-1 transcription factor subunit",protein-coding,-,-,-,transcription factor AP-1,20210420,-
130825,121155249,MYSM1,-,-,-,Un,-,"Myb like, SWIRM and MPN domains 1",protein-coding,-,-,-,deubiquitinase MYSM1,20210420,-
130825,121155250,OMA1,-,-,-,Un,-,OMA1 zinc metallopeptidase,protein-coding,-,-,-,"metalloendopeptidase OMA1, mitochondrial",20210420,-
130825,121155251,PLPP3,-,-,-,Un,-,phospholipid phosphatase 3,protein-coding,-,-,-,phospholipid phosphatase 3,20210420,-
130825,121155252,USP24,-,-,-,Un,-,ubiquitin specific peptidase 24,protein-coding,-,-,-,ubiquitin carboxyl-terminal hydrolase 24,20210420,-
130825,121155253,DHCR24,-,-,-,Un,-,24-dehydrocholesterol reductase,protein-coding,-,-,-,delta(24)-sterol reductase,20210420,-
130825,121155254,PARS2,-,-,-,Un,-,"prolyl-tRNA synthetase 2, mitochondrial",protein-coding,-,-,-,"probable proline--tRNA ligase, mitochondrial",20210420,-
130825,121155255,TTC4,-,-,-,Un,-,tetratricopeptide repeat domain 4,protein-coding,-,-,-,tetratricopeptide repeat protein 4,20210420,-
130825,121155256,ACOT11,-,-,-,Un,-,acyl-CoA thioesterase 11,protein-coding,-,-,-,acyl-coenzyme A thioesterase 11,20210420,-
130825,121155257,SSBP3,-,-,-,Un,-,single stranded DNA binding protein 3,protein-coding,-,-,-,single-stranded DNA-binding protein 3,20210420,-
130825,121155258,MRPL37,-,-,-,Un,-,mitochondrial ribosomal protein L37,protein-coding,-,-,-,"39S ribosomal protein L37, mitochondrial",20210420,-
130825,121155259,LOC121155259,-,-,-,Un,-,NADH-cytochrome b5 reductase-like,protein-coding,-,-,-,NADH-cytochrome b5 reductase-like,20210420,-
130825,121155260,TMEM59,-,-,-,Un,-,transmembrane protein 59,protein-coding,-,-,-,transmembrane protein 59,20210420,-
130825,121155261,TCEANC2,-,-,-,Un,-,transcription elongation factor A N-terminal and central domain containing 2,protein-coding,-,-,-,transcription elongation factor A N-terminal and central domain-containing protein 2,20210420,-
130825,121155262,CCDC65,-,-,-,Un,-,coiled-coil domain containing 65,protein-coding,-,-,-,dynein regulatory complex subunit 2,20210420,-
130825,121155263,LRRC42,-,-,-,Un,-,leucine rich repeat containing 42,protein-coding,-,-,-,leucine-rich repeat-containing protein 42,20210420,-
130825,121155264,LOC121155264,-,-,-,Un,-,pre-mRNA-splicing factor RBM22-like,pseudo,-,-,-,-,20210420,-
130825,121155265,YIPF1,-,-,-,Un,-,Yip1 domain family member 1,protein-coding,-,-,-,protein YIPF1,20210420,-
130825,121155266,NDC1,-,-,-,Un,-,NDC1 transmembrane nucleoporin,protein-coding,-,-,-,nucleoporin NDC1,20210420,-
130825,121155267,LRP8,-,-,-,Un,-,LDL receptor related protein 8,protein-coding,-,-,-,low-density lipoprotein receptor-related protein 8,20210420,-
130825,121155268,FKBP11,-,-,-,Un,-,FKBP prolyl isomerase 11,protein-coding,-,-,-,peptidyl-prolyl cis-trans isomerase FKBP11,20210420,-
130825,121155269,CZIB,-,-,-,Un,-,CXXC motif containing zinc binding protein,protein-coding,-,-,-,CXXC motif containing zinc binding protein,20210420,-
130825,121155270,MAGOH,-,-,-,Un,-,"mago homolog, exon junction complex subunit",protein-coding,-,-,-,protein mago nashi homolog,20210424,-
130825,121155271,CPT2,-,-,-,Un,-,carnitine palmitoyltransferase 2,protein-coding,-,-,-,"carnitine O-palmitoyltransferase 2, mitochondrial",20210420,-
130825,121155272,SCP2,-,-,-,Un,-,sterol carrier protein 2,protein-coding,-,-,-,sterol carrier protein 2,20210420,-
130825,121155273,LOC121155273,-,-,-,Un,-,40S ribosomal protein S18-like,pseudo,-,-,-,-,20210420,-
130825,121155274,ZYG11B,-,-,-,Un,-,"zyg-11 family member B, cell cycle regulator",protein-coding,-,-,-,protein zyg-11 homolog B,20210420,-
130825,121155275,TUT4,-,-,-,Un,-,terminal uridylyl transferase 4,protein-coding,-,-,-,terminal uridylyltransferase 4,20210420,-
130825,121155276,PRPF38A,-,-,-,Un,-,pre-mRNA processing factor 38A,protein-coding,-,-,-,pre-mRNA-splicing factor 38A,20210522,-
130825,121155277,ZFYVE9,-,-,-,Un,-,zinc finger FYVE-type containing 9,protein-coding,-,-,-,zinc finger FYVE domain-containing protein 9,20210420,-
130825,121155278,CC2D1B,-,-,-,Un,-,coiled-coil and C2 domain containing 1B,protein-coding,-,-,-,coiled-coil and C2 domain-containing protein 1B,20210420,-
130825,121155279,BTF3L4,-,-,-,Un,-,basic transcription factor 3 like 4,protein-coding,-,-,-,transcription factor BTF3 homolog 4,20210420,-
130825,121155280,ARF3,-,-,-,Un,-,ADP ribosylation factor 3,protein-coding,-,-,-,ADP-ribosylation factor 3,20210501,-
130825,121155281,TXNDC12,-,-,-,Un,-,thioredoxin domain containing 12,protein-coding,-,-,-,thioredoxin domain-containing protein 12,20210420,-
130825,121155282,NRDC,-,-,-,Un,-,nardilysin convertase,protein-coding,-,-,-,nardilysin,20210420,-
130825,121155283,OSBPL9,-,-,-,Un,-,oxysterol binding protein like 9,protein-coding,-,-,-,oxysterol-binding protein-related protein 9,20210420,-
130825,121155284,EGR1,-,-,-,Un,-,early growth response 1,protein-coding,-,-,-,early growth response protein 1,20210420,-
130825,121155285,EPS15,-,-,-,Un,-,epidermal growth factor receptor pathway substrate 15,protein-coding,-,-,-,epidermal growth factor receptor substrate 15,20210420,-
130825,121155286,PRKAG1,-,-,-,Un,-,protein kinase AMP-activated non-catalytic subunit gamma 1,protein-coding,-,-,-,5'-AMP-activated protein kinase subunit gamma-1,20210420,-
130825,121155287,TTC39A,-,-,-,Un,-,tetratricopeptide repeat domain 39A,protein-coding,-,-,-,tetratricopeptide repeat protein 39A,20210420,-
130825,121155288,RNF11,-,-,-,Un,-,ring finger protein 11,protein-coding,-,-,-,RING finger protein 11,20210522,-
130825,121155289,CDKN2C,-,-,-,Un,-,cyclin dependent kinase inhibitor 2C,protein-coding,-,-,-,cyclin-dependent kinase 4 inhibitor C,20210420,-
130825,121155290,FAF1,-,-,-,Un,-,Fas associated factor 1,protein-coding,-,-,-,FAS-associated factor 1,20210420,-
130825,121155291,ELAVL4,-,-,-,Un,-,ELAV like RNA binding protein 4,protein-coding,-,-,-,ELAV-like protein 4,20210529,-
130825,121155292,AGBL4,-,-,-,Un,-,AGBL carboxypeptidase 4,protein-coding,-,-,-,cytosolic carboxypeptidase 6,20210420,-
130825,121155293,BEND5,-,-,-,Un,-,BEN domain containing 5,protein-coding,-,-,-,BEN domain-containing protein 5,20210605,-
130825,121155294,KMT2D,-,-,-,Un,-,lysine methyltransferase 2D,protein-coding,-,-,-,histone-lysine N-methyltransferase 2D,20210420,-
130825,121155295,CMPK1,-,-,-,Un,-,cytidine/uridine monophosphate kinase 1,protein-coding,-,-,-,UMP-CMP kinase,20210420,-
130825,121155296,STIL,-,-,-,Un,-,STIL centriolar assembly protein,protein-coding,-,-,-,SCL-interrupting locus protein,20210420,-
130825,121155297,TAL1,-,-,-,Un,-,"TAL bHLH transcription factor 1, erythroid differentiation factor",protein-coding,-,-,-,T-cell acute lymphocytic leukemia protein 1,20210420,-
130825,121155298,LOC121155298,-,-,-,Un,-,ribosome biogenesis protein NSA2 homolog,pseudo,-,-,-,-,20210420,-
130825,121155299,LOC121155299,-,-,-,Un,-,60S ribosomal protein L14-like,pseudo,-,-,-,-,20210420,-
130825,121155300,LMBR1L,-,-,-,Un,-,limb development membrane protein 1 like,protein-coding,-,-,-,protein LMBR1L,20210420,-
130825,121155301,DNAI4,-,-,-,Un,-,dynein axonemal intermediate chain 4,protein-coding,-,-,-,"dynein intermediate chain 4, axonemal",20210420,-
130825,121155302,DYNLT5,-,-,-,Un,-,dynein light chain Tctex-type family member 5,protein-coding,-,-,-,dynein light chain Tctex-type 5,20210420,-
130825,121155303,LOC121155303,-,-,-,Un,-,voltage-dependent anion-selective channel protein 2-like,pseudo,-,-,-,-,20210420,-
130825,121155304,LOC121155304,-,-,-,Un,-,polycomb protein EED-like,pseudo,-,-,-,-,20210420,-
130825,121155305,L1TD1,-,-,-,Un,-,LINE1 type transposase domain containing 1,protein-coding,-,-,-,LINE-1 type transposase domain-containing protein 1,20210420,-
130825,121155306,LOC121155306,-,-,-,Un,-,60S ribosomal protein L35-like,pseudo,-,-,-,-,20210420,-
130825,121155307,CUNH1orf87,-,-,-,Un,-,chromosome unknown C1orf87 homolog,protein-coding,-,-,-,uncharacterized protein C1orf87 homolog,20210420,-
130825,121155308,LOC121155308,-,-,-,Un,-,uncharacterized LOC121155308,protein-coding,-,-,-,uncharacterized protein LOC121155308,20210420,-
130825,121155309,LOC121155309,-,-,-,Un,-,basigin-like,protein-coding,-,-,-,basigin-like,20210420,-
130825,121155310,FYB2,-,-,-,Un,-,FYN binding protein 2,protein-coding,-,-,-,LOW QUALITY PROTEIN: FYN-binding protein 2,20210420,-
130825,121155311,LOC121155311,-,-,-,Un,-,isopentenyl-diphosphate Delta-isomerase 1-like,pseudo,-,-,-,-,20210420,-
130825,121155312,TMEM61,-,-,-,Un,-,transmembrane protein 61,protein-coding,-,-,-,transmembrane protein 61,20210420,-
130825,121155313,LEXM,-,-,-,Un,-,lymphocyte expansion molecule,protein-coding,-,-,-,lymphocyte expansion molecule,20210420,-
130825,121155314,MROH7,-,-,-,Un,-,maestro heat like repeat family member 7,protein-coding,-,-,-,maestro heat-like repeat-containing protein family member 7,20210420,-
130825,121155315,FAM151A,-,-,-,Un,-,family with sequence similarity 151 member A,protein-coding,-,-,-,LOW QUALITY PROTEIN: protein FAM151A,20210420,-
130825,121155316,LDLRAD1,-,-,-,Un,-,low density lipoprotein receptor class A domain containing 1,protein-coding,-,-,-,low-density lipoprotein receptor class A domain-containing protein 1,20210420,-
130825,121155317,DMRTB1,-,-,-,Un,-,DMRT like family B with proline rich C-terminal 1,protein-coding,-,-,-,doublesex- and mab-3-related transcription factor B1,20210420,-
130825,121155318,ZYG11A,-,-,-,Un,-,"zyg-11 family member A, cell cycle regulator",protein-coding,-,-,-,protein zyg-11 homolog A,20210420,-
130825,121155319,LOC121155319,-,-,-,Un,-,60S ribosomal protein L39-like,pseudo,-,-,-,-,20210420,-
130825,121155320,LOC121155320,-,-,-,Un,-,calreticulin-like,protein-coding,-,-,-,calreticulin-like,20210420,-
130825,121155321,LOC121155321,-,-,-,Un,-,ATP-citrate synthase-like,pseudo,-,-,-,-,20210420,-
130825,121155322,LOC121155322,-,-,-,Un,-,selection and upkeep of intraepithelial T-cells protein 8-like,protein-coding,-,-,-,selection and upkeep of intraepithelial T-cells protein 8-like,20210420,-
130825,121155323,LOC121155323,-,-,-,Un,-,putative selection and upkeep of intraepithelial T-cells protein 1 homolog,protein-coding,-,-,-,putative selection and upkeep of intraepithelial T-cells protein 1 homolog,20210420,-
130825,121155324,LOC121155324,-,-,-,Un,-,selection and upkeep of intraepithelial T-cells protein 8-like,protein-coding,-,-,-,selection and upkeep of intraepithelial T-cells protein 8-like,20210420,-
130825,121155325,LOC121155325,-,-,-,Un,-,selection and upkeep of intraepithelial T-cells protein 8-like,protein-coding,-,-,-,selection and upkeep of intraepithelial T-cells protein 8-like,20210420,-
130825,121155326,LOC121155326,-,-,-,Un,-,selection and upkeep of intraepithelial T-cells protein 1-like,protein-coding,-,-,-,selection and upkeep of intraepithelial T-cells protein 1-like,20210420,-
130825,121155327,TRABD2B,-,-,-,Un,-,TraB domain containing 2B,protein-coding,-,-,-,metalloprotease TIKI2,20210420,-
130825,121155328,LOC121155328,-,-,-,Un,-,40S ribosomal protein S10-like,pseudo,-,-,-,-,20210420,-
130825,121155329,LOC121155329,-,-,-,Un,-,tetraspanin-7-like,pseudo,-,-,-,-,20210420,-
130825,121155330,LOC121155330,-,-,-,Un,-,cytochrome P450 4X1-like,protein-coding,-,-,-,cytochrome P450 4X1-like,20210420,-
130825,121155331,DHH,-,-,-,Un,-,desert hedgehog signaling molecule,protein-coding,-,-,-,desert hedgehog protein,20210529,-
130825,121155332,DIRAS3,-,-,-,Un,-,DIRAS family GTPase 3,protein-coding,-,-,-,GTP-binding protein Di-Ras3,20210420,-
130825,121155333,CUNH1orf141,-,-,-,Un,-,chromosome unknown C1orf141 homolog,protein-coding,-,-,-,uncharacterized protein C1orf141 homolog,20210420,-
130825,121155334,SGIP1,-,-,-,Un,-,SH3GL interacting endocytic adaptor 1,protein-coding,-,-,-,SH3-containing GRB2-like protein 3-interacting protein 1,20210420,-
130825,121155335,LEPR,-,-,-,Un,-,leptin receptor,protein-coding,-,-,-,leptin receptor,20210420,-
130825,121155336,LOC121155336,-,-,-,Un,-,tubulin alpha-1A chain,protein-coding,-,-,-,tubulin alpha-1A chain,20210522,-
130825,121155337,DNAJC6,-,-,-,Un,-,DnaJ heat shock protein family (Hsp40) member C6,protein-coding,-,-,-,putative tyrosine-protein phosphatase auxilin,20210420,-
130825,121155338,AK4,-,-,-,Un,-,adenylate kinase 4,protein-coding,-,-,-,"adenylate kinase 4, mitochondrial",20210420,-
130825,121155339,CACHD1,-,-,-,Un,-,cache domain containing 1,protein-coding,-,-,-,VWFA and cache domain-containing protein 1,20210420,-
130825,121155340,LOC121155340,-,-,-,Un,-,E3 ubiquitin-protein ligase TRAF7-like,pseudo,-,-,-,-,20210420,-
130825,121155341,UBE2U,-,-,-,Un,-,ubiquitin conjugating enzyme E2 U,protein-coding,-,-,-,ubiquitin-conjugating enzyme E2 U,20210420,-
130825,121155342,EFCAB7,-,-,-,Un,-,EF-hand calcium binding domain 7,protein-coding,-,-,-,EF-hand calcium-binding domain-containing protein 7,20210420,-
130825,121155343,FOXD3,-,-,-,Un,-,forkhead box D3,protein-coding,-,-,-,forkhead box protein D3,20210420,-
130825,121155344,LOC121155344,-,-,-,Un,-,"28S ribosomal protein S17, mitochondrial-like",pseudo,-,-,-,-,20210420,-
130825,121155345,LOC121155345,-,-,-,Un,-,histone H2A.Z-like,protein-coding,-,-,-,histone H2A.Z-like,20210420,-
130825,121155346,KANK4,-,-,-,Un,-,KN motif and ankyrin repeat domains 4,protein-coding,-,-,-,KN motif and ankyrin repeat domain-containing protein 4,20210420,-
130825,121155347,LOC121155347,-,-,-,Un,-,josephin-1-like,pseudo,-,-,-,-,20210420,-
130825,121155348,LOC121155348,-,-,-,Un,-,protein SET-like,pseudo,-,-,-,-,20210420,-
130825,121155349,TACSTD2,-,-,-,Un,-,tumor associated calcium signal transducer 2,protein-coding,-,-,-,tumor-associated calcium signal transducer 2,20210420,-
130825,121155350,LOC121155350,-,-,-,Un,-,elongation factor 1-gamma-like,pseudo,-,-,-,-,20210420,-
130825,121155351,DAB1,-,-,-,Un,-,DAB adaptor protein 1,protein-coding,-,-,-,disabled homolog 1,20210420,-
130825,121155352,C8B,-,-,-,Un,-,complement C8 beta chain,protein-coding,-,-,-,complement component C8 beta chain,20210420,-
130825,121155353,C8A,-,-,-,Un,-,complement C8 alpha chain,protein-coding,-,-,-,complement component C8 alpha chain,20210420,-
130825,121155354,PRKAA2,-,-,-,Un,-,protein kinase AMP-activated catalytic subunit alpha 2,protein-coding,-,-,-,5'-AMP-activated protein kinase catalytic subunit alpha-2,20210420,-
130825,121155355,BSND,-,-,-,Un,-,barttin CLCNK type accessory subunit beta,protein-coding,-,-,-,barttin,20210420,-
130825,121155356,TTC22,-,-,-,Un,-,tetratricopeptide repeat domain 22,protein-coding,-,-,-,tetratricopeptide repeat protein 22,20210420,-
130825,121155357,CDCP2,-,-,-,Un,-,CUB domain containing protein 2,protein-coding,-,-,-,CUB domain-containing protein 2,20210420,-
130825,121155358,LOC121155358,-,-,-,Un,-,tubulin alpha-1B chain,protein-coding,-,-,-,tubulin alpha-1B chain,20210501,-
130825,121155359,HSPB11,-,-,-,Un,-,heat shock protein family B (small) member 11,protein-coding,-,-,-,intraflagellar transport protein 25 homolog,20210420,-
130825,121155360,DIO1,-,-,-,Un,-,iodothyronine deiodinase 1,protein-coding,-,-,-,type I iodothyronine deiodinase,20210420,-
130825,121155361,GLIS1,-,-,-,Un,-,GLIS family zinc finger 1,protein-coding,-,-,-,zinc finger protein GLIS1,20210420,-
130825,121155362,SLC1A7,-,-,-,Un,-,solute carrier family 1 member 7,protein-coding,-,-,-,excitatory amino acid transporter 5,20210420,-
130825,121155363,KDM3B,-,-,-,Un,-,lysine demethylase 3B,protein-coding,-,-,-,lysine-specific demethylase 3B,20210420,-
130825,121155364,PODN,-,-,-,Un,-,podocan,protein-coding,-,-,-,podocan,20210420,-
130825,121155365,ECHDC2,-,-,-,Un,-,enoyl-CoA hydratase domain containing 2,protein-coding,-,-,-,"enoyl-CoA hydratase domain-containing protein 2, mitochondrial",20210420,-
130825,121155366,LOC121155366,-,-,-,Un,-,tubulin alpha-1C chain,protein-coding,-,-,-,tubulin alpha-1C chain,20210420,-
130825,121155367,LOC121155367,-,-,-,Un,-,cytochrome c oxidase assembly factor 7,protein-coding,-,-,-,cytochrome c oxidase assembly factor 7,20210420,-
130825,121155368,GPX7,-,-,-,Un,-,glutathione peroxidase 7,protein-coding,-,-,-,glutathione peroxidase 7,20210420,-
130825,121155369,ORC1,-,-,-,Un,-,origin recognition complex subunit 1,protein-coding,-,-,-,origin recognition complex subunit 1,20210420,-
130825,121155370,RAB3B,-,-,-,Un,-,"RAB3B, member RAS oncogene family",protein-coding,-,-,-,ras-related protein Rab-3B,20210420,-
130825,121155371,CUNH1orf185,-,-,-,Un,-,chromosome unknown C1orf185 homolog,protein-coding,-,-,-,uncharacterized protein C1orf185 homolog,20210420,-
130825,121155372,LOC121155372,-,-,-,Un,-,40S ribosomal protein S27-like,pseudo,-,-,-,-,20210420,-
130825,121155373,DMRTA2,-,-,-,Un,-,DMRT like family A2,protein-coding,-,-,-,doublesex- and mab-3-related transcription factor A2,20210420,-
130825,121155374,SPATA6,-,-,-,Un,-,spermatogenesis associated 6,protein-coding,-,-,-,spermatogenesis-associated protein 6,20210420,-
130825,121155375,SLC5A9,-,-,-,Un,-,solute carrier family 5 member 9,protein-coding,-,-,-,sodium/glucose cotransporter 4,20210420,-
130825,121155376,LOC121155376,-,-,-,Un,-,small nuclear ribonucleoprotein G-like,protein-coding,-,-,-,small nuclear ribonucleoprotein G-like,20210420,-
130825,121155377,FOXD2,-,-,-,Un,-,forkhead box D2,protein-coding,-,-,-,forkhead box protein D2,20210420,-
130825,121155378,FOXE3,-,-,-,Un,-,forkhead box E3,protein-coding,-,-,-,forkhead box protein E3,20210420,-
130825,121155379,PDZK1IP1,-,-,-,Un,-,PDZK1 interacting protein 1,protein-coding,-,-,-,PDZK1-interacting protein 1,20210420,-
130825,121155380,LOC121155380,-,-,-,Un,-,cytochrome P450 4A7-like,protein-coding,-,-,-,cytochrome P450 4A7-like,20210420,-
130825,121155381,LOC121155381,-,-,-,Un,-,cytochrome P450 4A4-like,protein-coding,-,-,-,cytochrome P450 4A4-like,20210420,-
130825,121155382,LOC121155382,-,-,-,Un,-,40S ribosomal protein S24-like,pseudo,-,-,-,-,20210420,-
130825,121155383,LOC121155383,-,-,-,Un,-,U2 spliceosomal RNA,snRNA,-,-,-,-,20210420,-
130825,121155384,LOC121155384,-,-,-,Un,-,U2 spliceosomal RNA,snRNA,-,-,-,-,20210420,-
130825,121155385,LOC121155385,-,-,-,Un,-,U2 spliceosomal RNA,pseudo,-,-,-,-,20210420,-
130825,121155386,LOC121155386,-,-,-,Un,-,U2 spliceosomal RNA,pseudo,-,-,-,-,20210420,-
130825,121155387,LOC121155387,-,-,-,Un,-,U4 spliceosomal RNA,pseudo,-,-,-,-,20210420,-
130825,121155388,LOC121155388,-,-,-,Un,-,U6 spliceosomal RNA,snRNA,-,-,-,-,20210420,-
130825,121155389,LOC121155389,-,-,-,Un,-,U6 spliceosomal RNA,snRNA,-,-,-,-,20210420,-
130825,121155390,LOC121155390,-,-,-,Un,-,U6 spliceosomal RNA,snRNA,-,-,-,-,20210420,-
130825,121155391,LOC121155391,-,-,-,Un,-,U6 spliceosomal RNA,snRNA,-,-,-,-,20210420,-
130825,121155392,LOC121155392,-,-,-,Un,-,U6 spliceosomal RNA,snRNA,-,-,-,-,20210420,-
130825,121155393,LOC121155393,-,-,-,Un,-,U6 spliceosomal RNA,snRNA,-,-,-,-,20210420,-
130825,121155394,LOC121155394,-,-,-,Un,-,U6 spliceosomal RNA,snRNA,-,-,-,-,20210420,-
130825,121155395,LOC121155395,-,-,-,Un,-,U6 spliceosomal RNA,snRNA,-,-,-,-,20210420,-
130825,121155396,LOC121155396,-,-,-,Un,-,tubulin alpha-1C chain-like,protein-coding,-,-,-,tubulin alpha-1C chain-like,20210420,-
130825,121155397,LOC121155397,-,-,-,Un,-,U6 spliceosomal RNA,snRNA,-,-,-,-,20210420,-
130825,121155398,LOC121155398,-,-,-,Un,-,U6 spliceosomal RNA,snRNA,-,-,-,-,20210420,-
130825,121155399,LOC121155399,-,-,-,Un,-,U6 spliceosomal RNA,snRNA,-,-,-,-,20210420,-
130825,121155400,LOC121155400,-,-,-,Un,-,U6 spliceosomal RNA,snRNA,-,-,-,-,20210420,-
130825,121155401,LOC121155401,-,-,-,Un,-,U6 spliceosomal RNA,pseudo,-,-,-,-,20210420,-
130825,121155402,LOC121155402,-,-,-,Un,-,U6 spliceosomal RNA,pseudo,-,-,-,-,20210420,-
130825,121155403,LOC121155403,-,-,-,Un,-,U6 spliceosomal RNA,snRNA,-,-,-,-,20210420,-
130825,121155404,LOC121155404,-,-,-,Un,-,U6 spliceosomal RNA,snRNA,-,-,-,-,20210420,-
130825,121155405,LOC121155405,-,-,-,Un,-,small nucleolar RNA U13,snoRNA,-,-,-,-,20210420,-
130825,121155406,LOC121155406,-,-,-,Un,-,U1 spliceosomal RNA,snRNA,-,-,-,-,20210420,-
130825,121155407,LOC121155407,-,-,-,Un,-,killer cell lectin-like receptor 3,protein-coding,-,-,-,killer cell lectin-like receptor 3,20210420,-
130825,121155408,LOC121155408,-,-,-,Un,-,killer cell lectin-like receptor 2,protein-coding,-,-,-,killer cell lectin-like receptor 2,20210420,-
130825,121155409,LOC121155409,-,-,-,Un,-,killer cell lectin-like receptor 7,protein-coding,-,-,-,killer cell lectin-like receptor 7,20210420,-
130825,121155410,SPATS2,-,-,-,Un,-,spermatogenesis associated serine rich 2,protein-coding,-,-,-,spermatogenesis-associated serine-rich protein 2,20210420,-
130825,121155411,LOC121155411,-,-,-,Un,-,killer cell lectin-like receptor 7,protein-coding,-,-,-,killer cell lectin-like receptor 7,20210420,-
130825,121155412,LOC121155412,-,-,-,Un,-,uncharacterized LOC121155412,ncRNA,-,-,-,-,20210420,-
130825,121155413,LOC121155413,-,-,-,Un,-,NKG2-A/NKG2-B type II integral membrane protein-like,protein-coding,-,-,-,NKG2-A/NKG2-B type II integral membrane protein-like,20210420,-
130825,121155414,LOC121155414,-,-,-,Un,-,NKG2-A/NKG2-B type II integral membrane protein-like,protein-coding,-,-,-,C-type lectin domain family 1 member A-like|NKG2-A/NKG2-B type II integral membrane protein-like|natural killer cells antigen CD94-like,20210420,-
130825,121155415,LOC121155415,-,-,-,Un,-,NKG2-D type II integral membrane protein-like,protein-coding,-,-,-,NKG2-D type II integral membrane protein-like,20210420,-
130825,121155416,LOC121155416,-,-,-,Un,-,natural killer cells antigen CD94-like,protein-coding,-,-,-,natural killer cells antigen CD94-like,20210420,-
130825,121155417,LOC121155417,-,-,-,Un,-,uncharacterized LOC121155417,ncRNA,-,-,-,-,20210420,-
130825,121155418,MCRS1,-,-,-,Un,-,microspherule protein 1,protein-coding,-,-,-,microspherule protein 1,20210420,-
130825,121155419,LOC121155419,-,-,-,Un,-,natural killer cells antigen CD94-like,protein-coding,-,-,-,natural killer cells antigen CD94-like,20210420,-
130825,121155420,LOC121155420,-,-,-,Un,-,killer cell lectin-like receptor subfamily E member 1,protein-coding,-,-,-,killer cell lectin-like receptor subfamily E member 1,20210420,-
130825,121155421,GABARAPL1,-,-,-,Un,-,GABA type A receptor associated protein like 1,protein-coding,-,-,-,gamma-aminobutyric acid receptor-associated protein-like 1,20210420,-
130825,121155422,OLR1,-,-,-,Un,-,oxidized low density lipoprotein receptor 1,protein-coding,-,-,-,oxidized low-density lipoprotein receptor 1,20210420,-
130825,121155423,CLEC7A,-,-,-,Un,-,C-type lectin domain containing 7A,protein-coding,-,-,-,C-type lectin domain family 7 member A,20210420,-
130825,121155424,CLEC12B,-,-,-,Un,-,C-type lectin domain family 12 member B,protein-coding,-,-,-,C-type lectin domain family 12 member B,20210420,-
130825,121155425,CLEC12A,-,-,-,Un,-,C-type lectin domain family 12 member A,protein-coding,-,-,-,C-type lectin domain family 12 member A,20210420,-
130825,121155426,DDX11,-,-,-,Un,-,DEAD/H-box helicase 11,protein-coding,-,-,-,ATP-dependent DNA helicase DDX11,20210420,-
130825,121155427,WASHC1,-,-,-,Un,-,WASH complex subunit 1,protein-coding,-,-,-,WASH complex subunit 1,20210420,-
130825,121155428,FKBP4,-,-,-,Un,-,FKBP prolyl isomerase 4,protein-coding,-,-,-,peptidyl-prolyl cis-trans isomerase FKBP4,20210420,-
130825,121155429,ITFG2,-,-,-,Un,-,integrin alpha FG-GAP repeat containing 2,protein-coding,-,-,-,KICSTOR complex protein ITFG2,20210420,-
130825,121155430,FOXM1,-,-,-,Un,-,forkhead box M1,protein-coding,-,-,-,forkhead box protein M1,20210420,-
130825,121155431,PRPF40B,-,-,-,Un,-,pre-mRNA processing factor 40 homolog B,protein-coding,-,-,-,pre-mRNA-processing factor 40 homolog B,20210420,-
130825,121155432,TSPAN9,-,-,-,Un,-,tetraspanin 9,protein-coding,-,-,-,tetraspanin-9,20210420,-
130825,121155433,CRACR2A,-,-,-,Un,-,calcium release activated channel regulator 2A,protein-coding,-,-,-,EF-hand calcium-binding domain-containing protein 4B,20210420,-
130825,121155434,PARP11,-,-,-,Un,-,poly(ADP-ribose) polymerase family member 11,protein-coding,-,-,-,protein mono-ADP-ribosyltransferase PARP11,20210420,-
130825,121155435,CCND2,-,-,-,Un,-,cyclin D2,protein-coding,-,-,-,G1/S-specific cyclin-D2,20210420,-
130825,121155436,CUNH12orf4,-,-,-,Un,-,chromosome unknown C12orf4 homolog,protein-coding,-,-,-,protein C12orf4 homolog,20210420,-
130825,121155437,FGF6,-,-,-,Un,-,fibroblast growth factor 6,protein-coding,-,-,-,fibroblast growth factor 6,20210420,-
130825,121155438,LOC121155438,-,-,-,Un,-,uncharacterized LOC121155438,ncRNA,-,-,-,-,20210420,-
130825,121155439,DYRK4,-,-,-,Un,-,dual specificity tyrosine phosphorylation regulated kinase 4,protein-coding,-,-,-,dual specificity tyrosine-phosphorylation-regulated kinase 4,20210420,-
130825,121155440,RAD51AP1,-,-,-,Un,-,RAD51 associated protein 1,protein-coding,-,-,-,RAD51-associated protein 1,20210420,-
130825,121155441,NDUFA9,-,-,-,Un,-,NADH:ubiquinone oxidoreductase subunit A9,protein-coding,-,-,-,"NADH dehydrogenase [ubiquinone] 1 alpha subcomplex subunit 9, mitochondrial",20210420,-
130825,121155442,CD9,-,-,-,Un,-,CD9 molecule,protein-coding,-,-,-,CD9 antigen,20210420,-
130825,121155443,TNFRSF1A,-,-,-,Un,-,TNF receptor superfamily member 1A,protein-coding,-,-,-,tumor necrosis factor receptor superfamily member 1A,20210420,-
130825,121155444,SCNN1A,-,-,-,Un,-,sodium channel epithelial 1 subunit alpha,protein-coding,-,-,-,amiloride-sensitive sodium channel subunit alpha,20210420,-
130825,121155445,LTBR,-,-,-,Un,-,lymphotoxin beta receptor,protein-coding,-,-,-,tumor necrosis factor receptor superfamily member 3,20210420,-
130825,121155446,TAPBPL,-,-,-,Un,-,TAP binding protein like,protein-coding,-,-,-,tapasin-related protein,20210420,-
130825,121155447,VAMP1,-,-,-,Un,-,vesicle associated membrane protein 1,protein-coding,-,-,-,vesicle-associated membrane protein 1,20210420,-
130825,121155448,CD27,-,-,-,Un,-,CD27 molecule,protein-coding,-,-,-,CD27 antigen,20210420,-
130825,121155449,NCAPD2,-,-,-,Un,-,non-SMC condensin I complex subunit D2,protein-coding,-,-,-,condensin complex subunit 1,20210420,-
130825,121155450,IFFO1,-,-,-,Un,-,intermediate filament family orphan 1,protein-coding,-,-,-,non-homologous end joining factor IFFO1,20210420,-
130825,121155451,GAPDH,-,-,-,Un,-,glyceraldehyde-3-phosphate dehydrogenase,protein-coding,-,-,-,glyceraldehyde-3-phosphate dehydrogenase,20210420,-
130825,121155452,NOP2,-,-,-,Un,-,NOP2 nucleolar protein,protein-coding,-,-,-,probable 28S rRNA (cytosine(4447)-C(5))-methyltransferase,20210420,-
130825,121155453,CHD4,-,-,-,Un,-,chromodomain helicase DNA binding protein 4,protein-coding,-,-,-,chromodomain-helicase-DNA-binding protein 4,20210420,-
130825,121155454,LPAR5,-,-,-,Un,-,lysophosphatidic acid receptor 5,protein-coding,-,-,-,lysophosphatidic acid receptor 5,20210420,-
130825,121155455,ING4,-,-,-,Un,-,inhibitor of growth family member 4,protein-coding,-,-,-,inhibitor of growth protein 4,20210420,-
130825,121155456,ZNF384,-,-,-,Un,-,zinc finger protein 384,protein-coding,-,-,-,zinc finger protein 384,20210420,-
130825,121155457,COPS7A,-,-,-,Un,-,COP9 signalosome subunit 7A,protein-coding,-,-,-,COP9 signalosome complex subunit 7a,20210420,-
130825,121155458,MLF2,-,-,-,Un,-,myeloid leukemia factor 2,protein-coding,-,-,-,myeloid leukemia factor 2,20210420,-
130825,121155459,CD4,-,-,-,Un,-,CD4 molecule,protein-coding,-,-,-,T-cell surface glycoprotein CD4,20210420,-
130825,121155460,USP5,-,-,-,Un,-,ubiquitin specific peptidase 5,protein-coding,-,-,-,ubiquitin carboxyl-terminal hydrolase 5,20210420,-
130825,121155461,TPI1,-,-,-,Un,-,triosephosphate isomerase 1,protein-coding,-,-,-,triosephosphate isomerase,20210420,-
130825,121155462,SPSB2,-,-,-,Un,-,splA/ryanodine receptor domain and SOCS box containing 2,protein-coding,-,-,-,SPRY domain-containing SOCS box protein 2,20210420,-
130825,121155463,ATN1,-,-,-,Un,-,atrophin 1,protein-coding,-,-,-,atrophin-1,20210420,-
130825,121155464,ENO2,-,-,-,Un,-,enolase 2,protein-coding,-,-,-,gamma-enolase,20210420,-
130825,121155465,PTPN6,-,-,-,Un,-,protein tyrosine phosphatase non-receptor type 6,protein-coding,-,-,-,tyrosine-protein phosphatase non-receptor type 6,20210420,-
130825,121155466,PHB2,-,-,-,Un,-,prohibitin 2,protein-coding,-,-,-,prohibitin-2,20210420,-
130825,121155467,LPCAT3,-,-,-,Un,-,lysophosphatidylcholine acyltransferase 3,protein-coding,-,-,-,lysophospholipid acyltransferase 5,20210420,-
130825,121155468,EMG1,-,-,-,Un,-,EMG1 N1-specific pseudouridine methyltransferase,protein-coding,-,-,-,ribosomal RNA small subunit methyltransferase NEP1,20210420,-
130825,121155469,FMNL3,-,-,-,Un,-,formin like 3,protein-coding,-,-,-,formin-like protein 3,20210420,-
130825,121155470,C1S,-,-,-,Un,-,complement C1s,protein-coding,-,-,-,complement C1s subcomponent,20210420,-
130825,121155471,PEX5,-,-,-,Un,-,peroxisomal biogenesis factor 5,protein-coding,-,-,-,peroxisomal biogenesis factor 5,20210420,-
130825,121155472,CD163,-,-,-,Un,-,CD163 molecule,protein-coding,-,-,-,scavenger receptor cysteine-rich type 1 protein M130,20210420,-
130825,121155473,LOC121155473,-,-,-,Un,-,C-type lectin domain family 4 member A-like,protein-coding,-,-,-,C-type lectin domain family 4 member A-like,20210420,-
130825,121155474,LOC121155474,-,-,-,Un,-,C-type lectin domain family 4 member E-like,protein-coding,-,-,-,C-type lectin domain family 4 member E-like,20210420,-
130825,121155475,NECAP1,-,-,-,Un,-,NECAP endocytosis associated 1,protein-coding,-,-,-,adaptin ear-binding coat-associated protein 1,20210420,-
130825,121155476,FOXJ2,-,-,-,Un,-,forkhead box J2,protein-coding,-,-,-,forkhead box protein J2,20210420,-
130825,121155477,C3AR1,-,-,-,Un,-,complement C3a receptor 1,protein-coding,-,-,-,C3a anaphylatoxin chemotactic receptor|complement component 3a receptor 1,20210420,-
130825,121155478,LOC121155478,-,-,-,Un,-,"solute carrier family 2, facilitated glucose transporter member 3",protein-coding,-,-,-,"solute carrier family 2, facilitated glucose transporter member 3",20210420,-
130825,121155479,LOC121155479,-,-,-,Un,-,C->U-editing enzyme APOBEC-1-like,protein-coding,-,-,-,C->U-editing enzyme APOBEC-1-like,20210420,-
130825,121155480,APOBEC1,-,-,-,Un,-,apolipoprotein B mRNA editing enzyme catalytic subunit 1,protein-coding,-,-,-,C->U-editing enzyme APOBEC-1,20210420,-
130825,121155481,LOC121155481,-,-,-,Un,-,short coiled-coil protein-like,pseudo,-,-,-,-,20210420,-
130825,121155482,MFAP5,-,-,-,Un,-,microfibril associated protein 5,protein-coding,-,-,-,microfibrillar-associated protein 5,20210420,-
130825,121155483,FGD4,-,-,-,Un,-,"FYVE, RhoGEF and PH domain containing 4",protein-coding,-,-,-,"FYVE, RhoGEF and PH domain-containing protein 4",20210420,-
130825,121155484,DNM1L,-,-,-,Un,-,dynamin 1 like,protein-coding,-,-,-,dynamin-1-like protein,20210529,-
130825,121155485,YARS2,-,-,-,Un,-,tyrosyl-tRNA synthetase 2,protein-coding,-,-,-,"tyrosine--tRNA ligase, mitochondrial",20210420,-
130825,121155486,PKP2,-,-,-,Un,-,plakophilin 2,protein-coding,-,-,-,plakophilin-2,20210420,-
130825,121155487,SYT10,-,-,-,Un,-,synaptotagmin 10,protein-coding,-,-,-,synaptotagmin-10,20210420,-
130825,121155488,ALG10,-,-,-,Un,-,"ALG10 alpha-1,2-glucosyltransferase",protein-coding,-,-,-,"dol-P-Glc:Glc(2)Man(9)GlcNAc(2)-PP-Dol alpha-1,2-glucosyltransferase",20210420,-
130825,121155489,LOC121155489,-,-,-,Un,-,uncharacterized LOC121155489,ncRNA,-,-,-,-,20210420,-
130825,121155490,TMBIM6,-,-,-,Un,-,transmembrane BAX inhibitor motif containing 6,protein-coding,-,-,-,bax inhibitor 1,20210420,-
130825,121155491,CPNE8,-,-,-,Un,-,copine 8,protein-coding,-,-,-,copine-8,20210420,-
130825,121155492,KIF21A,-,-,-,Un,-,kinesin family member 21A,protein-coding,-,-,-,kinesin-like protein KIF21A,20210420,-
130825,121155493,SLC2A13,-,-,-,Un,-,solute carrier family 2 member 13,protein-coding,-,-,-,proton myo-inositol cotransporter,20210420,-
130825,121155494,LRRK2,-,-,-,Un,-,leucine rich repeat kinase 2,protein-coding,-,-,-,leucine-rich repeat serine/threonine-protein kinase 2,20210420,-
130825,121155495,CNTN1,-,-,-,Un,-,contactin 1,protein-coding,-,-,-,contactin-1,20210420,-
130825,121155496,BCDIN3D,-,-,-,Un,-,BCDIN3 domain containing RNA methyltransferase,protein-coding,-,-,-,RNA 5'-monophosphate methyltransferase,20210420,-
130825,121155497,PDZRN4,-,-,-,Un,-,PDZ domain containing ring finger 4,protein-coding,-,-,-,PDZ domain-containing RING finger protein 4,20210420,-
130825,121155498,LOC121155498,-,-,-,Un,-,uncharacterized LOC121155498,ncRNA,-,-,-,-,20210420,-
130825,121155499,LOC121155499,-,-,-,Un,-,uncharacterized LOC121155499,ncRNA,-,-,-,-,20210420,-
130825,121155500,GXYLT1,-,-,-,Un,-,glucoside xylosyltransferase 1,protein-coding,-,-,-,glucoside xylosyltransferase 1,20210420,-
130825,121155501,YAF2,-,-,-,Un,-,YY1 associated factor 2,protein-coding,-,-,-,YY1-associated factor 2,20210420,-
130825,121155502,ZCRB1,-,-,-,Un,-,zinc finger CCHC-type and RNA binding motif containing 1,protein-coding,-,-,-,zinc finger CCHC-type and RNA-binding motif-containing protein 1,20210420,-
130825,121155503,PPHLN1,-,-,-,Un,-,periphilin 1,protein-coding,-,-,-,periphilin-1,20210420,-
130825,121155504,RACGAP1,-,-,-,Un,-,Rac GTPase activating protein 1,protein-coding,-,-,-,rac GTPase-activating protein 1,20210420,-
130825,121155505,PRICKLE1,-,-,-,Un,-,prickle planar cell polarity protein 1,protein-coding,-,-,-,prickle-like protein 1,20210420,-
130825,121155506,PUS7L,-,-,-,Un,-,pseudouridine synthase 7 like,protein-coding,-,-,-,pseudouridylate synthase 7 homolog-like protein,20210420,-
130825,121155507,IRAK4,-,-,-,Un,-,interleukin 1 receptor associated kinase 4,protein-coding,-,-,-,interleukin-1 receptor-associated kinase 4,20210420,-
130825,121155508,SMARCD1,-,-,-,Un,-,"SWI/SNF related, matrix associated, actin dependent regulator of chromatin, subfamily d, member 1",protein-coding,-,-,-,SWI/SNF-related matrix-associated actin-dependent regulator of chromatin subfamily D member 1,20210605,-
130825,121155509,TWF1,-,-,-,Un,-,twinfilin actin binding protein 1,protein-coding,-,-,-,twinfilin-1,20210420,-
130825,121155510,ANO6,-,-,-,Un,-,anoctamin 6,protein-coding,-,-,-,anoctamin-6,20210420,-
130825,121155511,ARID2,-,-,-,Un,-,AT-rich interaction domain 2,protein-coding,-,-,-,AT-rich interactive domain-containing protein 2,20210420,-
130825,121155512,LOC121155512,-,-,-,Un,-,uncharacterized LOC121155512,ncRNA,-,-,-,-,20210420,-
130825,121155513,SCAF11,-,-,-,Un,-,SR-related CTD associated factor 11,protein-coding,-,-,-,protein SCAF11,20210420,-
130825,121155514,LOC121155514,-,-,-,Un,-,uncharacterized LOC121155514,ncRNA,-,-,-,-,20210420,-
130825,121155515,SLC38A1,-,-,-,Un,-,solute carrier family 38 member 1,protein-coding,-,-,-,sodium-coupled neutral amino acid transporter 1,20210420,-
130825,121155516,SLC38A2,-,-,-,Un,-,solute carrier family 38 member 2,protein-coding,-,-,-,sodium-coupled neutral amino acid transporter 2,20210420,-
130825,121155517,GPD1,-,-,-,Un,-,glycerol-3-phosphate dehydrogenase 1,protein-coding,-,-,-,"glycerol-3-phosphate dehydrogenase [NAD(+)], cytoplasmic",20210420,-
130825,121155518,SLC38A4,-,-,-,Un,-,solute carrier family 38 member 4,protein-coding,-,-,-,sodium-coupled neutral amino acid transporter 4,20210420,-
130825,121155519,LOC121155519,-,-,-,Un,-,uncharacterized LOC121155519,ncRNA,-,-,-,-,20210420,-
130825,121155520,PCED1B,-,-,-,Un,-,PC-esterase domain containing 1B,protein-coding,-,-,-,PC-esterase domain-containing protein 1B,20210420,-
130825,121155521,RPAP3,-,-,-,Un,-,RNA polymerase II associated protein 3,protein-coding,-,-,-,RNA polymerase II-associated protein 3,20210420,-
130825,121155522,RAPGEF3,-,-,-,Un,-,Rap guanine nucleotide exchange factor 3,protein-coding,-,-,-,rap guanine nucleotide exchange factor 3,20210420,-
130825,121155523,HDAC7,-,-,-,Un,-,histone deacetylase 7,protein-coding,-,-,-,histone deacetylase 7,20210420,-
130825,121155524,FAM53C,-,-,-,Un,-,family with sequence similarity 53 member C,protein-coding,-,-,-,protein FAM53C,20210420,-
130825,121155525,SLC48A1,-,-,-,Un,-,solute carrier family 48 member 1,protein-coding,-,-,-,heme transporter HRG1,20210420,-
130825,121155526,PFKM,-,-,-,Un,-,"phosphofructokinase, muscle",protein-coding,-,-,-,"ATP-dependent 6-phosphofructokinase, muscle type",20210420,-
130825,121155527,SENP1,-,-,-,Un,-,SUMO specific peptidase 1,protein-coding,-,-,-,sentrin-specific protease 1,20210420,-
130825,121155528,CERS5,-,-,-,Un,-,ceramide synthase 5,protein-coding,-,-,-,ceramide synthase 5,20210420,-
130825,121155529,ASB8,-,-,-,Un,-,ankyrin repeat and SOCS box containing 8,protein-coding,-,-,-,ankyrin repeat and SOCS box protein 8,20210420,-
130825,121155530,LOC121155530,-,-,-,Un,-,nucleophosmin-like,pseudo,-,-,-,-,20210420,-
130825,121155531,LOC121155531,-,-,-,Un,-,40S ribosomal protein S27-like,pseudo,-,-,-,-,20210420,-
130825,121155532,LOC121155532,-,-,-,Un,-,killer cell lectin-like receptor subfamily F member 1,protein-coding,-,-,-,killer cell lectin-like receptor subfamily F member 1,20210420,-
130825,121155533,TMEM52B,-,-,-,Un,-,transmembrane protein 52B,protein-coding,-,-,-,transmembrane protein 52B,20210420,-
130825,121155534,LOC121155534,-,-,-,Un,-,killer cell lectin-like receptor subfamily F member 2,protein-coding,-,-,-,killer cell lectin-like receptor subfamily F member 2,20210420,-
130825,121155535,TULP3,-,-,-,Un,-,TUB like protein 3,protein-coding,-,-,-,tubby-related protein 3,20210420,-
130825,121155536,TEAD4,-,-,-,Un,-,TEA domain transcription factor 4,protein-coding,-,-,-,transcriptional enhancer factor TEF-3,20210420,-
130825,121155537,C1RL,-,-,-,Un,-,complement C1r subcomponent like,protein-coding,-,-,-,complement C1r subcomponent-like protein,20210420,-
130825,121155538,LOC121155538,-,-,-,Un,-,protein FAM186A-like,protein-coding,-,-,-,protein FAM186A-like,20210420,-
130825,121155539,NANOG,-,-,-,Un,-,Nanog homeobox,protein-coding,-,-,-,homeobox protein NANOG,20210420,-
130825,121155540,GDF3,-,-,-,Un,-,growth differentiation factor 3,protein-coding,-,-,-,growth/differentiation factor 3,20210420,-
130825,121155541,LOC121155541,-,-,-,Un,-,short coiled-coil protein B-like,pseudo,-,-,-,-,20210420,-
130825,121155542,CUNH12orf40,-,-,-,Un,-,chromosome unknown C12orf40 homolog,protein-coding,-,-,-,LOW QUALITY PROTEIN: uncharacterized protein C12orf40 homolog,20210420,-
130825,121155543,MUC19,-,-,-,Un,-,"mucin 19, oligomeric",protein-coding,-,-,-,mucin-19,20210420,-
130825,121155544,LOC121155544,-,-,-,Un,-,proline-rich protein HaeIII subfamily 1-like,protein-coding,-,-,-,proline-rich protein HaeIII subfamily 1-like,20210420,-
130825,121155545,LARP4,-,-,-,Un,-,La ribonucleoprotein 4,protein-coding,-,-,-,la-related protein 4,20210420,-
130825,121155546,ADAMTS20,-,-,-,Un,-,ADAM metallopeptidase with thrombospondin type 1 motif 20,protein-coding,-,-,-,A disintegrin and metalloproteinase with thrombospondin motifs 20,20210420,-
130825,121155547,DBX2,-,-,-,Un,-,developing brain homeobox 2,protein-coding,-,-,-,homeobox protein DBX2,20210420,-
130825,121155548,LOC121155548,-,-,-,Un,-,serine/arginine repetitive matrix protein 1-like,protein-coding,-,-,-,serine/arginine repetitive matrix protein 1-like,20210420,-
130825,121155549,CCDC184,-,-,-,Un,-,coiled-coil domain containing 184,protein-coding,-,-,-,coiled-coil domain-containing protein 184,20210420,-
130825,121155550,LOC121155550,-,-,-,Un,-,anomalous homeobox protein-like,protein-coding,-,-,-,anomalous homeobox protein-like,20210420,-
130825,121155551,LOC121155551,-,-,-,Un,-,killer cell lectin-like receptor subfamily I member 1,protein-coding,-,-,-,killer cell lectin-like receptor subfamily I member 1,20210420,-
130825,121155552,LOC121155552,-,-,-,Un,-,NKG2-A/NKG2-B type II integral membrane protein-like,protein-coding,-,-,-,NKG2-A/NKG2-B type II integral membrane protein-like,20210420,-
130825,121155553,CLEC1A,-,-,-,Un,-,C-type lectin domain family 1 member A,protein-coding,-,-,-,C-type lectin domain family 1 member A,20210420,-
130825,121155554,CLEC9A,-,-,-,Un,-,C-type lectin domain containing 9A,protein-coding,-,-,-,C-type lectin domain family 9 member A,20210420,-
130825,121155555,CLEC1B,-,-,-,Un,-,C-type lectin domain family 1 member B,protein-coding,-,-,-,C-type lectin domain family 1 member B,20210420,-
130825,121155556,LOC121155556,-,-,-,Un,-,uncharacterized LOC121155556,ncRNA,-,-,-,-,20210420,-
130825,121155557,LOC121155557,-,-,-,Un,-,uncharacterized LOC121155557,ncRNA,-,-,-,-,20210420,-
130825,121155558,CLEC2A,-,-,-,Un,-,C-type lectin domain family 2 member A,protein-coding,-,-,-,C-type lectin domain family 2 member A,20210420,-
130825,121155559,NRIP2,-,-,-,Un,-,nuclear receptor interacting protein 2,protein-coding,-,-,-,nuclear receptor-interacting protein 2,20210420,-
130825,121155560,TEX52,-,-,-,Un,-,testis expressed 52,protein-coding,-,-,-,testis-expressed protein 52,20210420,-
130825,121155561,RHNO1,-,-,-,Un,-,RAD9-HUS1-RAD1 interacting nuclear orphan 1,protein-coding,-,-,-,"RAD9, HUS1, RAD1-interacting nuclear orphan protein 1",20210420,-
130825,121155562,TSPAN11,-,-,-,Un,-,tetraspanin 11,protein-coding,-,-,-,tetraspanin-11,20210420,-
130825,121155563,PRMT8,-,-,-,Un,-,protein arginine methyltransferase 8,protein-coding,-,-,-,protein arginine N-methyltransferase 8,20210420,-
130825,121155564,TIGAR,-,-,-,Un,-,TP53 induced glycolysis regulatory phosphatase,protein-coding,-,-,-,"fructose-2,6-bisphosphatase TIGAR",20210420,-
130825,121155565,FGF23,-,-,-,Un,-,fibroblast growth factor 23,protein-coding,-,-,-,fibroblast growth factor 23,20210420,-
130825,121155566,AKAP3,-,-,-,Un,-,A-kinase anchoring protein 3,protein-coding,-,-,-,A-kinase anchor protein 3,20210420,-
130825,121155567,KCNA6,-,-,-,Un,-,potassium voltage-gated channel subfamily A member 6,protein-coding,-,-,-,potassium voltage-gated channel subfamily A member 6,20210420,-
130825,121155568,KCNA1,-,-,-,Un,-,potassium voltage-gated channel subfamily A member 1,protein-coding,-,-,-,potassium voltage-gated channel subfamily A member 1,20210420,-
130825,121155569,KCNA5,-,-,-,Un,-,potassium voltage-gated channel subfamily A member 5,protein-coding,-,-,-,potassium voltage-gated channel subfamily A member 5,20210420,-
130825,121155570,NTF3,-,-,-,Un,-,neurotrophin 3,protein-coding,-,-,-,neurotrophin-3,20210420,-
130825,121155571,ANO2,-,-,-,Un,-,anoctamin 2,protein-coding,-,-,-,anoctamin-2,20210420,-
130825,121155572,VWF,-,-,-,Un,-,von Willebrand factor,protein-coding,-,-,-,von Willebrand factor,20210420,-
130825,121155573,DIP2B,-,-,-,Un,-,disco interacting protein 2 homolog B,protein-coding,-,-,-,disco-interacting protein 2 homolog B,20210420,-
130825,121155574,PLEKHG6,-,-,-,Un,-,pleckstrin homology and RhoGEF domain containing G6,protein-coding,-,-,-,pleckstrin homology domain-containing family G member 6,20210420,-
130825,121155575,MRPL51,-,-,-,Un,-,mitochondrial ribosomal protein L51,protein-coding,-,-,-,"39S ribosomal protein L51, mitochondrial",20210420,-
130825,121155576,LOC121155576,-,-,-,Un,-,acrosin binding protein,protein-coding,-,-,-,acrosin-binding protein,20210420,-
130825,121155577,LOC121155577,-,-,-,Un,-,PILR alpha associated neural protein,protein-coding,-,-,-,PILR alpha-associated neural protein,20210420,-
130825,121155578,PTMS,-,-,-,Un,-,parathymosin,protein-coding,-,-,-,parathymosin,20210420,-
130825,121155579,LAG3,-,-,-,Un,-,lymphocyte activating 3,protein-coding,-,-,-,lymphocyte activation gene 3 protein,20210420,-
130825,121155580,GPR162,-,-,-,Un,-,G protein-coupled receptor 162,protein-coding,-,-,-,probable G-protein coupled receptor 162,20210420,-
130825,121155581,P3H3,-,-,-,Un,-,prolyl 3-hydroxylase 3,protein-coding,-,-,-,prolyl 3-hydroxylase 3,20210420,-
130825,121155582,GNB3,-,-,-,Un,-,G protein subunit beta 3,protein-coding,-,-,-,guanine nucleotide-binding protein G(I)/G(S)/G(T) subunit beta-3,20210420,-
130825,121155583,CDCA3,-,-,-,Un,-,cell division cycle associated 3,protein-coding,-,-,-,cell division cycle-associated protein 3,20210420,-
130825,121155584,LRRC23,-,-,-,Un,-,leucine rich repeat containing 23,protein-coding,-,-,-,leucine-rich repeat-containing protein 23,20210420,-
130825,121155585,CUNH12orf57,-,-,-,Un,-,chromosome unknown C12orf57 homolog,protein-coding,-,-,-,protein C10,20210420,-
130825,121155586,LOC121155586,-,-,-,Un,-,60S ribosomal protein L31-like,pseudo,-,-,-,-,20210420,-
130825,121155587,RBP5,-,-,-,Un,-,retinol binding protein 5,protein-coding,-,-,-,retinol-binding protein 5,20210420,-
130825,121155588,LOC121155588,-,-,-,Un,-,prostate tumor-overexpressed gene 1 protein homolog,pseudo,-,-,-,-,20210420,-
130825,121155589,CLSTN3,-,-,-,Un,-,calsyntenin 3,protein-coding,-,-,-,calsyntenin-3,20210420,-
130825,121155590,LOC121155590,-,-,-,Un,-,40S ribosomal protein S28-like,pseudo,-,-,-,-,20210420,-
130825,121155591,AICDA,-,-,-,Un,-,activation induced cytidine deaminase,protein-coding,-,-,-,single-stranded DNA cytosine deaminase,20210420,-
130825,121155592,RIMKLB,-,-,-,Un,-,ribosomal modification protein rimK like family member B,protein-coding,-,-,-,beta-citrylglutamate synthase B,20210420,-
130825,121155593,LOC121155593,-,-,-,Un,-,DNA-(apurinic or apyrimidinic site) endonuclease-like,pseudo,-,-,-,-,20210420,-
130825,121155594,ABCD2,-,-,-,Un,-,ATP binding cassette subfamily D member 2,protein-coding,-,-,-,ATP-binding cassette sub-family D member 2,20210420,-
130825,121155595,TMEM117,-,-,-,Un,-,transmembrane protein 117,protein-coding,-,-,-,transmembrane protein 117,20210420,-
130825,121155596,NELL2,-,-,-,Un,-,neural EGFL like 2,protein-coding,-,-,-,protein kinase C-binding protein NELL2,20210420,-
130825,121155597,AMIGO2,-,-,-,Un,-,adhesion molecule with Ig like domain 2,protein-coding,-,-,-,amphoterin-induced protein 2,20210420,-
130825,121155598,ATF1,-,-,-,Un,-,activating transcription factor 1,protein-coding,-,-,-,cyclic AMP-dependent transcription factor ATF-1,20210420,-
130825,121155599,ENDOU,-,-,-,Un,-,"endonuclease, poly(U) specific",protein-coding,-,-,-,LOW QUALITY PROTEIN: poly(U)-specific endoribonuclease,20210420,-
130825,121155600,VDR,-,-,-,Un,-,vitamin D receptor,protein-coding,-,-,-,vitamin D3 receptor,20210420,-
130825,121155601,COL2A1,-,-,-,Un,-,collagen type II alpha 1 chain,protein-coding,-,-,-,collagen alpha-1(II) chain,20210420,-
130825,121155602,LOC121155602,-,-,-,Un,-,proteasome subunit alpha type-6-like,protein-coding,-,-,-,proteasome subunit alpha type-6-like,20210420,-
130825,121155603,LOC121155603,-,-,-,Un,-,testis-specific H1 histone,protein-coding,-,-,-,testis-specific H1 histone,20210420,-
130825,121155604,LOC121155604,-,-,-,Un,-,cell division control protein 42 homolog,pseudo,-,-,-,-,20210420,-
130825,121155605,LOC121155605,-,-,-,Un,-,uncharacterized LOC121155605,ncRNA,-,-,-,-,20210420,-
130825,121155606,LOC121155606,-,-,-,Un,-,U7 small nuclear RNA,snRNA,-,-,-,-,20210420,-
130825,121155607,LOC121155607,-,-,-,Un,-,small nucleolar RNA SNORA44,snoRNA,-,-,-,-,20210420,-
130825,121155608,LOC121155608,-,-,-,Un,-,small Cajal body-specific RNA 11,ncRNA,-,-,-,-,20210420,-
130825,121155609,LOC121155609,-,-,-,Un,-,small nucleolar RNA U89,snoRNA,-,-,-,-,20210420,-
130825,121155610,METTL7A,-,-,-,Un,-,methyltransferase like 7A,protein-coding,-,-,-,methyltransferase-like protein 7A,20210420,-
130825,121155611,LOC121155611,-,-,-,Un,-,small nucleolar RNA U85,snoRNA,-,-,-,-,20210420,-
130825,121155612,LOC121155612,-,-,-,Un,-,U2 spliceosomal RNA,pseudo,-,-,-,-,20210420,-
130825,121155613,LOC121155613,-,-,-,Un,-,U6 spliceosomal RNA,snRNA,-,-,-,-,20210420,-
130825,121155614,LOC121155614,-,-,-,Un,-,U6 spliceosomal RNA,snRNA,-,-,-,-,20210420,-
130825,121155615,ZNF366,-,-,-,Un,-,zinc finger protein 366,protein-coding,-,-,-,zinc finger protein 366,20210420,-
130825,121155616,PTCD2,-,-,-,Un,-,pentatricopeptide repeat domain 2,protein-coding,-,-,-,"pentatricopeptide repeat-containing protein 2, mitochondrial",20210420,-
130825,121155617,LOC121155617,-,-,-,Un,-,60S ribosomal protein L31-like,pseudo,-,-,-,-,20210420,-
130825,121155618,MRPS27,-,-,-,Un,-,mitochondrial ribosomal protein S27,protein-coding,-,-,-,"28S ribosomal protein S27, mitochondrial",20210420,-
130825,121155619,MAP1B,-,-,-,Un,-,microtubule associated protein 1B,protein-coding,-,-,-,microtubule-associated protein 1B,20210420,-
130825,121155620,MCCC2,-,-,-,Un,-,methylcrotonyl-CoA carboxylase subunit 2,protein-coding,-,-,-,"methylcrotonoyl-CoA carboxylase beta chain, mitochondrial",20210420,-
130825,121155621,HIGD1C,-,-,-,Un,-,HIG1 hypoxia inducible domain family member 1C,protein-coding,-,-,-,HIG1 domain family member 1C,20210420,-
130825,121155622,LOC121155622,-,-,-,Un,-,small EDRK-rich factor 1,protein-coding,-,-,-,small EDRK-rich factor 1,20210420,-
130825,121155623,SMN2,-,-,-,Un,-,"survival of motor neuron 2, centromeric",protein-coding,-,-,-,survival motor neuron protein,20210420,-
130825,121155624,LOC121155624,-,-,-,Un,-,general transcription factor IIH subunit 2,protein-coding,-,-,-,general transcription factor IIH subunit 2,20210420,-
130825,121155625,RAD17,-,-,-,Un,-,RAD17 checkpoint clamp loader component,protein-coding,-,-,-,cell cycle checkpoint protein RAD17,20210420,-
130825,121155626,TAF9,-,-,-,Un,-,TATA-box binding protein associated factor 9,protein-coding,-,-,-,transcription initiation factor TFIID subunit 9,20210420,-
130825,121155627,AK6,-,-,-,Un,-,adenylate kinase 6,protein-coding,-,-,-,adenylate kinase isoenzyme 6,20210420,-
130825,121155628,CDK7,-,-,-,Un,-,cyclin dependent kinase 7,protein-coding,-,-,-,cyclin-dependent kinase 7,20210420,-
130825,121155629,MRPS36,-,-,-,Un,-,mitochondrial ribosomal protein S36,protein-coding,-,-,-,"28S ribosomal protein S36, mitochondrial",20210420,-
130825,121155630,CENPH,-,-,-,Un,-,centromere protein H,protein-coding,-,-,-,centromere protein H,20210420,-
130825,121155631,SLC11A2,-,-,-,Un,-,solute carrier family 11 member 2,protein-coding,-,-,-,natural resistance-associated macrophage protein 2,20210420,-
130825,121155632,SLC30A5,-,-,-,Un,-,solute carrier family 30 member 5,protein-coding,-,-,-,zinc transporter 5,20210420,-
130825,121155633,PIK3R1,-,-,-,Un,-,phosphoinositide-3-kinase regulatory subunit 1,protein-coding,-,-,-,phosphatidylinositol 3-kinase regulatory subunit alpha,20210420,-
130825,121155634,LOC121155634,-,-,-,Un,-,uncharacterized LOC121155634,ncRNA,-,-,-,-,20210420,-
130825,121155635,LOC121155635,-,-,-,Un,-,"phosphate carrier protein, mitochondrial-like",pseudo,-,-,-,-,20210420,-
130825,121155636,BDP1,-,-,-,Un,-,"B double prime 1, subunit of RNA polymerase III transcription initiation factor IIIB",protein-coding,-,-,-,transcription factor TFIIIB component B'' homolog,20210420,-
130825,121155637,LOC121155637,-,-,-,Un,-,melanoma inhibitory activity protein 2-like,pseudo,-,-,-,-,20210420,-
130825,121155638,LOC121155638,-,-,-,Un,-,melanoma inhibitory activity protein 2-like,protein-coding,-,-,-,melanoma inhibitory activity protein 2-like,20210420,-
130825,121155639,CARTPT,-,-,-,Un,-,CART prepropeptide,protein-coding,-,-,-,cocaine- and amphetamine-regulated transcript protein,20210420,-
130825,121155640,OCLN,-,-,-,Un,-,occludin,protein-coding,-,-,-,occludin,20210420,-
130825,121155641,MARVELD2,-,-,-,Un,-,MARVEL domain containing 2,protein-coding,-,-,-,MARVEL domain-containing protein 2,20210420,-
130825,121155642,CCDC125,-,-,-,Un,-,coiled-coil domain containing 125,protein-coding,-,-,-,coiled-coil domain-containing protein 125,20210420,-
130825,121155643,CCNB1,-,-,-,Un,-,cyclin B1,protein-coding,-,-,-,G2/mitotic-specific cyclin-B1,20210420,-
130825,121155644,LOC121155644,-,-,-,Un,-,non-histone chromosomal protein HMG-14-like,protein-coding,-,-,-,non-histone chromosomal protein HMG-14-like,20210420,-
130825,121155645,LOC121155645,-,-,-,Un,-,uncharacterized LOC121155645,ncRNA,-,-,-,-,20210420,-
130825,121155646,LOC121155646,-,-,-,Un,-,small nucleolar RNA SNORD83,snoRNA,-,-,-,-,20210420,-
130825,121155647,LOC121155647,-,-,-,Un,-,"ATP synthase membrane subunit K, mitochondrial-like",pseudo,-,-,-,-,20210420,-
130825,121155648,LOC121155648,-,-,-,Un,-,"nascent polypeptide-associated complex subunit alpha, muscle-specific form-like",protein-coding,-,-,-,"nascent polypeptide-associated complex subunit alpha, muscle-specific form-like",20210420,-
130825,121155649,LOC121155649,-,-,-,Un,-,armadillo repeat protein deleted in velo-cardio-facial syndrome-like,pseudo,-,-,-,-,20210420,-
130825,121155650,LOC121155650,-,-,-,Un,-,catechol O-methyltransferase-like,protein-coding,-,-,-,catechol O-methyltransferase-like,20210420,-
130825,121155651,LOC121155651,-,-,-,Un,-,uncharacterized LOC121155651,ncRNA,-,-,-,-,20210420,-
130825,121155652,LOC121155652,-,-,-,Un,-,uncharacterized LOC121155652,ncRNA,-,-,-,-,20210420,-
130825,121155653,LOC121155653,-,-,-,Un,-,uncharacterized LOC121155653,ncRNA,-,-,-,-,20210420,-
130825,121155654,LOC121155654,-,-,-,Un,-,uncharacterized LOC121155654,ncRNA,-,-,-,-,20210420,-
130825,121155655,LOC121155655,-,-,-,Un,-,ribose-phosphate pyrophosphokinase 1-like,protein-coding,-,-,-,ribose-phosphate pyrophosphokinase 1-like,20210420,-
130825,121155656,LOC121155656,-,-,-,Un,-,mitochondrial import receptor subunit TOM40 homolog,pseudo,-,-,-,-,20210420,-
130825,121155657,LOC121155657,-,-,-,Un,-,FGFR1 oncogene partner 2 homolog,pseudo,-,-,-,-,20210420,-
130825,121155658,LOC121155658,-,-,-,Un,-,beta-galactosidase-1-like protein 3,protein-coding,-,-,-,beta-galactosidase-1-like protein 3,20210420,-
130825,121155659,LOC121155659,-,-,-,Un,-,TGF-beta receptor type-1-like,pseudo,-,-,-,-,20210420,-
130825,121155660,LOC121155660,-,-,-,Un,-,beta-galactosidase-1-like protein 3,protein-coding,-,-,-,beta-galactosidase-1-like protein 3,20210420,-
130825,121155661,LOC121155661,-,-,-,Un,-,TGF-beta receptor type-1-like,pseudo,-,-,-,-,20210420,-
130825,121155662,LOC121155662,-,-,-,Un,-,FGFR1 oncogene partner 2 homolog,pseudo,-,-,-,-,20210420,-
130825,121155663,LOC121155663,-,-,-,Un,-,sialic acid-binding Ig-like lectin 14,protein-coding,-,-,-,sialic acid-binding Ig-like lectin 14,20210420,-
130825,121155664,LOC121155664,-,-,-,Un,-,uncharacterized LOC121155664,ncRNA,-,-,-,-,20210420,-
130825,121155665,LOC121155665,-,-,-,Un,-,obscurin-like,protein-coding,-,-,-,obscurin-like,20210420,-
130825,121155666,LOC121155666,-,-,-,Un,-,uncharacterized LOC121155666,ncRNA,-,-,-,-,20210420,-
130825,121155667,LOC121155667,-,-,-,Un,-,natural cytotoxicity triggering receptor 3 ligand 1-like,protein-coding,-,-,-,natural cytotoxicity triggering receptor 3 ligand 1-like,20210420,-
130825,121155668,CSRNP2,-,-,-,Un,-,cysteine and serine rich nuclear protein 2,protein-coding,-,-,-,cysteine/serine-rich nuclear protein 2,20210420,-
130825,121155669,LOC121155669,-,-,-,Un,-,small nucleolar RNA ACA64,snoRNA,-,-,-,-,20210420,-
130825,121155670,LOC121155670,-,-,-,Un,-,small nucleolar RNA ACA64,snoRNA,-,-,-,-,20210420,-
130825,121155671,LOC121155671,-,-,-,Un,-,endoplasmic reticulum metallopeptidase 1-like,protein-coding,-,-,-,endoplasmic reticulum metallopeptidase 1-like,20210420,-
130825,121155672,DPP10,-,-,-,Un,-,dipeptidyl peptidase like 10,protein-coding,-,-,-,inactive dipeptidyl peptidase 10,20210420,-
130825,121155673,DDX18,-,-,-,Un,-,DEAD-box helicase 18,protein-coding,-,-,-,ATP-dependent RNA helicase DDX18,20210420,-
130825,121155674,CCDC93,-,-,-,Un,-,coiled-coil domain containing 93,protein-coding,-,-,-,coiled-coil domain-containing protein 93,20210420,-
130825,121155675,INSIG2,-,-,-,Un,-,insulin induced gene 2,protein-coding,-,-,-,insulin-induced gene 2 protein,20210522,-
130825,121155676,MARCO,-,-,-,Un,-,macrophage receptor with collagenous structure,protein-coding,-,-,-,macrophage receptor MARCO,20210420,-
130825,121155677,STEAP3,-,-,-,Un,-,STEAP3 metalloreductase,protein-coding,-,-,-,metalloreductase STEAP3,20210420,-
130825,121155678,CUNH2orf76,-,-,-,Un,-,chromosome unknown C2orf76 homolog,protein-coding,-,-,-,UPF0538 protein C2orf76 homolog,20210420,-
130825,121155679,LETMD1,-,-,-,Un,-,LETM1 domain containing 1,protein-coding,-,-,-,LETM1 domain-containing protein 1,20210420,-
130825,121155680,DBI,-,-,-,Un,-,"diazepam binding inhibitor, acyl-CoA binding protein",protein-coding,-,-,-,acyl-CoA-binding protein,20210420,-
130825,121155681,PTPN4,-,-,-,Un,-,protein tyrosine phosphatase non-receptor type 4,protein-coding,-,-,-,tyrosine-protein phosphatase non-receptor type 4,20210420,-
130825,121155682,EPB41L5,-,-,-,Un,-,erythrocyte membrane protein band 4.1 like 5,protein-coding,-,-,-,band 4.1-like protein 5,20210420,-
130825,121155683,TMEM185B,-,-,-,Un,-,transmembrane protein 185B,protein-coding,-,-,-,transmembrane protein 185B,20210420,-
130825,121155684,RALB,-,-,-,Un,-,RAS like proto-oncogene B,protein-coding,-,-,-,ras-related protein Ral-B,20210420,-
130825,121155685,PTPN18,-,-,-,Un,-,protein tyrosine phosphatase non-receptor type 18,protein-coding,-,-,-,tyrosine-protein phosphatase non-receptor type 18,20210420,-
130825,121155686,IMP4,-,-,-,Un,-,IMP U3 small nucleolar ribonucleoprotein 4,protein-coding,-,-,-,U3 small nucleolar ribonucleoprotein protein IMP4,20210420,-
130825,121155687,CCDC115,-,-,-,Un,-,coiled-coil domain containing 115,protein-coding,-,-,-,coiled-coil domain-containing protein 115,20210420,-
130825,121155688,LOC121155688,-,-,-,Un,-,uncharacterized LOC121155688,ncRNA,-,-,-,-,20210420,-
130825,121155689,FAM168B,-,-,-,Un,-,family with sequence similarity 168 member B,protein-coding,-,-,-,myelin-associated neurite-outgrowth inhibitor,20210420,-
130825,121155690,PLEKHB2,-,-,-,Un,-,pleckstrin homology domain containing B2,protein-coding,-,-,-,pleckstrin homology domain-containing family B member 2,20210420,-
130825,121155691,HS6ST1,-,-,-,Un,-,heparan sulfate 6-O-sulfotransferase 1,protein-coding,-,-,-,heparan-sulfate 6-O-sulfotransferase 1,20210420,-
130825,121155692,UGGT1,-,-,-,Un,-,UDP-glucose glycoprotein glucosyltransferase 1,protein-coding,-,-,-,UDP-glucose:glycoprotein glucosyltransferase 1,20210420,-
130825,121155693,SAP130,-,-,-,Un,-,Sin3A associated protein 130,protein-coding,-,-,-,histone deacetylase complex subunit SAP130,20210420,-
130825,121155694,LOC121155694,-,-,-,Un,-,guanine nucleotide exchange factor subunit RIC1-like,protein-coding,-,-,-,guanine nucleotide exchange factor subunit RIC1-like,20210420,-
130825,121155695,LOC121155695,-,-,-,Un,-,voltage-dependent anion-selective channel protein 2-like,pseudo,-,-,-,-,20210420,-
130825,121155696,LOC121155696,-,-,-,Un,-,60S ribosomal protein L13-like,pseudo,-,-,-,-,20210420,-
130825,121155697,LOC121155697,-,-,-,Un,-,FUN14 domain-containing protein 2-like,protein-coding,-,-,-,FUN14 domain-containing protein 2-like,20210420,-
130825,121155698,SCTR,-,-,-,Un,-,secretin receptor,protein-coding,-,-,-,LOW QUALITY PROTEIN: secretin receptor,20210420,-
130825,121155699,LOC121155699,-,-,-,Un,-,"POU domain, class 5, transcription factor 1-like",protein-coding,-,-,-,"LOW QUALITY PROTEIN: POU domain, class 5, transcription factor 1-like",20210420,-
130825,121155700,LOC121155700,-,-,-,Un,-,cryptic protein-like,protein-coding,-,-,-,cryptic protein-like,20210420,-
130825,121155701,LOC121155701,-,-,-,Un,-,inactive serine protease 39-like,pseudo,-,-,-,-,20210420,-
130825,121155702,LOC121155702,-,-,-,Un,-,serine protease 40-like,protein-coding,-,-,-,serine protease 40-like,20210420,-
130825,121155703,LOC121155703,-,-,-,Un,-,serine protease 40-like,protein-coding,-,-,-,serine protease 40-like,20210420,-
130825,121155704,LOC121155704,-,-,-,Un,-,serine protease 40-like,protein-coding,-,-,-,serine protease 40-like,20210420,-
130825,121155705,LOC121155705,-,-,-,Un,-,serine protease 40-like,protein-coding,-,-,-,serine protease 40-like,20210420,-
130825,121155706,GPR148,-,-,-,Un,-,G protein-coupled receptor 148,protein-coding,-,-,-,LOW QUALITY PROTEIN: probable G-protein coupled receptor 148,20210420,-
130825,121155707,AMER3,-,-,-,Un,-,APC membrane recruitment protein 3,protein-coding,-,-,-,APC membrane recruitment protein 3,20210420,-
130825,121155708,LOC121155708,-,-,-,Un,-,basic proline-rich protein-like,protein-coding,-,-,-,basic proline-rich protein-like,20210420,-
130825,121155709,LOC121155709,-,-,-,Un,-,5-hydroxytryptamine receptor 5B-like,protein-coding,-,-,-,5-hydroxytryptamine receptor 5B-like,20210420,-
130825,121155710,LOC121155710,-,-,-,Un,-,uncharacterized LOC121155710,ncRNA,-,-,-,-,20210420,-
130825,121155711,LOC121155711,-,-,-,Un,-,uncharacterized LOC121155711,ncRNA,-,-,-,-,20210420,-
130825,121155712,EN1,-,-,-,Un,-,engrailed homeobox 1,protein-coding,-,-,-,homeobox protein engrailed-1,20210420,-
130825,121155713,LOC121155713,-,-,-,Un,-,ZZ-type zinc finger-containing protein 3-like,pseudo,-,-,-,-,20210420,-
130825,121155714,C1QL2,-,-,-,Un,-,complement C1q like 2,protein-coding,-,-,-,complement C1q-like protein 2,20210420,-
130825,121155715,TMEM37,-,-,-,Un,-,transmembrane protein 37,protein-coding,-,-,-,voltage-dependent calcium channel gamma-like subunit,20210420,-
130825,121155716,CFAP221,-,-,-,Un,-,cilia and flagella associated protein 221,protein-coding,-,-,-,cilia- and flagella-associated protein 221,20210420,-
130825,121155717,TMEM177,-,-,-,Un,-,transmembrane protein 177,protein-coding,-,-,-,transmembrane protein 177,20210420,-
130825,121155718,INHBB,-,-,-,Un,-,inhibin subunit beta B,protein-coding,-,-,-,inhibin beta B chain,20210420,-
130825,121155719,GLI2,-,-,-,Un,-,GLI family zinc finger 2,protein-coding,-,-,-,zinc finger protein GLI2,20210420,-
130825,121155720,ARHGEF4,-,-,-,Un,-,Rho guanine nucleotide exchange factor 4,protein-coding,-,-,-,rho guanine nucleotide exchange factor 4,20210420,-
130825,121155721,LOC121155721,-,-,-,Un,-,5S ribosomal RNA,pseudo,-,-,-,-,20210420,-
130825,121155722,LOC121155722,-,-,-,Un,-,U6 spliceosomal RNA,snRNA,-,-,-,-,20210420,-
130825,121155723,LOC121155723,-,-,-,Un,-,U6 spliceosomal RNA,snRNA,-,-,-,-,20210420,-
130825,121155724,LOC121155724,-,-,-,Un,-,U6 spliceosomal RNA,snRNA,-,-,-,-,20210420,-
130825,121155725,LOC121155725,-,-,-,Un,-,small nucleolar RNA SNORA2/SNORA34 family,snoRNA,-,-,-,-,20210420,-
130825,121155726,LOC121155726,-,-,-,Un,-,small nucleolar RNA U13,snoRNA,-,-,-,-,20210420,-
130825,121155727,LOC121155727,-,-,-,Un,-,U2 spliceosomal RNA,pseudo,-,-,-,-,20210420,-
130825,121155728,LOC121155728,-,-,-,Un,-,U2 spliceosomal RNA,pseudo,-,-,-,-,20210420,-
130825,121155729,TRNAE-UUC,-,-,-,Un,-,transfer RNA glutamic acid (anticodon UUC),tRNA,-,-,-,-,20210420,-
130825,121155730,PIP5K1B,-,-,-,Un,-,phosphatidylinositol-4-phosphate 5-kinase type 1 beta,protein-coding,-,-,-,phosphatidylinositol 4-phosphate 5-kinase type-1 beta,20210420,-
130825,121155731,PABIR1,-,-,-,Un,-,PP2A Aalpha (PPP2R1A) and B55A (PPP2R2A) interacting phosphatase regulator 1,protein-coding,-,-,-,PPP2R1A-PPP2R2A-interacting phosphatase regulator 1,20210420,-
130825,121155732,TJP2,-,-,-,Un,-,tight junction protein 2,protein-coding,-,-,-,tight junction protein ZO-2,20210420,-
130825,121155733,TFCP2,-,-,-,Un,-,transcription factor CP2,protein-coding,-,-,-,alpha-globin transcription factor CP2,20210420,-
130825,121155734,APBA1,-,-,-,Un,-,amyloid beta precursor protein binding family A member 1,protein-coding,-,-,-,amyloid-beta A4 precursor protein-binding family A member 1,20210420,-
130825,121155735,PTAR1,-,-,-,Un,-,protein prenyltransferase alpha subunit repeat containing 1,protein-coding,-,-,-,protein prenyltransferase alpha subunit repeat-containing protein 1,20210420,-
130825,121155736,LOC121155736,-,-,-,Un,-,structural maintenance of chromosomes protein 5-like,protein-coding,-,-,-,LOW QUALITY PROTEIN: structural maintenance of chromosomes protein 5-like,20210420,-
130825,121155737,FAM189A2,-,-,-,Un,-,family with sequence similarity 189 member A2,protein-coding,-,-,-,protein FAM189A2,20210420,-
130825,121155738,CUNH9orf135,-,-,-,Un,-,chromosome unknown C9orf135 homolog,protein-coding,-,-,-,protein C9orf135 homolog,20210420,-
130825,121155739,MAMDC2,-,-,-,Un,-,MAM domain containing 2,protein-coding,-,-,-,MAM domain-containing protein 2,20210420,-
130825,121155740,LOC121155740,-,-,-,Un,-,5S ribosomal RNA,pseudo,-,-,-,-,20210420,-
130825,121155741,LOC121155741,-,-,-,Un,-,5S ribosomal RNA,pseudo,-,-,-,-,20210420,-
130825,121155742,LOC121155742,-,-,-,Un,-,5S ribosomal RNA,pseudo,-,-,-,-,20210420,-
130825,121155743,LOC121155743,-,-,-,Un,-,5S ribosomal RNA,pseudo,-,-,-,-,20210420,-
130825,121155744,LOC121155744,-,-,-,Un,-,5S ribosomal RNA,pseudo,-,-,-,-,20210420,-
130825,121155745,LOC121155745,-,-,-,Un,-,5S ribosomal RNA,pseudo,-,-,-,-,20210420,-
130825,121155746,LOC121155746,-,-,-,Un,-,5S ribosomal RNA,pseudo,-,-,-,-,20210420,-
130825,121155747,LOC121155747,-,-,-,Un,-,5S ribosomal RNA,pseudo,-,-,-,-,20210420,-
130825,121155748,LOC121155748,-,-,-,Un,-,transmembrane channel-like protein 1,protein-coding,-,-,-,transmembrane channel-like protein 1,20210420,-
130825,121155749,LOC121155749,-,-,-,Un,-,5S ribosomal RNA,pseudo,-,-,-,-,20210420,-
130825,121155750,LOC121155750,-,-,-,Un,-,5S ribosomal RNA,pseudo,-,-,-,-,20210420,-
130825,121155751,LOC121155751,-,-,-,Un,-,5S ribosomal RNA,pseudo,-,-,-,-,20210420,-
130825,121155752,LOC121155752,-,-,-,Un,-,5S ribosomal RNA,pseudo,-,-,-,-,20210420,-
130825,121155753,LOC121155753,-,-,-,Un,-,5S ribosomal RNA,pseudo,-,-,-,-,20210420,-
130825,121155754,LOC121155754,-,-,-,Un,-,5S ribosomal RNA,pseudo,-,-,-,-,20210420,-
130825,121155755,LOC121155755,-,-,-,Un,-,5S ribosomal RNA,pseudo,-,-,-,-,20210420,-
130825,121155756,LOC121155756,-,-,-,Un,-,5S ribosomal RNA,pseudo,-,-,-,-,20210420,-
130825,121155757,LOC121155757,-,-,-,Un,-,5S ribosomal RNA,pseudo,-,-,-,-,20210420,-
130825,121155758,LOC121155758,-,-,-,Un,-,5S ribosomal RNA,pseudo,-,-,-,-,20210420,-
130825,121155759,LOC121155759,-,-,-,Un,-,5S ribosomal RNA,pseudo,-,-,-,-,20210420,-
130825,121155760,LOC121155760,-,-,-,Un,-,5S ribosomal RNA,pseudo,-,-,-,-,20210420,-
130825,121155761,LOC121155761,-,-,-,Un,-,5S ribosomal RNA,pseudo,-,-,-,-,20210420,-
130825,121155762,LOC121155762,-,-,-,Un,-,5S ribosomal RNA,pseudo,-,-,-,-,20210420,-
130825,121155763,LOC121155763,-,-,-,Un,-,5S ribosomal RNA,pseudo,-,-,-,-,20210420,-
130825,121155764,LOC121155764,-,-,-,Un,-,5S ribosomal RNA,pseudo,-,-,-,-,20210420,-
130825,121155765,LOC121155765,-,-,-,Un,-,5S ribosomal RNA,pseudo,-,-,-,-,20210420,-
130825,121155766,LOC121155766,-,-,-,Un,-,5S ribosomal RNA,pseudo,-,-,-,-,20210420,-
130825,121155767,LOC121155767,-,-,-,Un,-,5S ribosomal RNA,pseudo,-,-,-,-,20210420,-
130825,121155768,POU6F1,-,-,-,Un,-,POU class 6 homeobox 1,protein-coding,-,-,-,"POU domain, class 6, transcription factor 1",20210420,-
130825,121155769,LOC121155769,-,-,-,Un,-,5S ribosomal RNA,pseudo,-,-,-,-,20210420,-
130825,121155770,LOC121155770,-,-,-,Un,-,5S ribosomal RNA,pseudo,-,-,-,-,20210420,-
130825,121155771,LOC121155771,-,-,-,Un,-,5S ribosomal RNA,pseudo,-,-,-,-,20210420,-
130825,121155772,LOC121155772,-,-,-,Un,-,5S ribosomal RNA,pseudo,-,-,-,-,20210420,-
130825,121155773,LOC121155773,-,-,-,Un,-,5S ribosomal RNA,pseudo,-,-,-,-,20210420,-
130825,121155774,LOC121155774,-,-,-,Un,-,5S ribosomal RNA,pseudo,-,-,-,-,20210420,-
130825,121155775,LOC121155775,-,-,-,Un,-,5S ribosomal RNA,pseudo,-,-,-,-,20210420,-
130825,121155776,LOC121155776,-,-,-,Un,-,5S ribosomal RNA,pseudo,-,-,-,-,20210420,-
130825,121155777,LOC121155777,-,-,-,Un,-,5S ribosomal RNA,pseudo,-,-,-,-,20210420,-
130825,121155778,LOC121155778,-,-,-,Un,-,5S ribosomal RNA,pseudo,-,-,-,-,20210420,-
130825,121155779,LOC121155779,-,-,-,Un,-,5S ribosomal RNA,pseudo,-,-,-,-,20210420,-
130825,121155780,LOC121155780,-,-,-,Un,-,5S ribosomal RNA,pseudo,-,-,-,-,20210420,-
130825,121155781,LOC121155781,-,-,-,Un,-,5S ribosomal RNA,pseudo,-,-,-,-,20210420,-
130825,121155782,LOC121155782,-,-,-,Un,-,5S ribosomal RNA,pseudo,-,-,-,-,20210420,-
130825,121155783,LOC121155783,-,-,-,Un,-,5S ribosomal RNA,pseudo,-,-,-,-,20210420,-
130825,121155784,DAZAP2,-,-,-,Un,-,DAZ associated protein 2,protein-coding,-,-,-,DAZ-associated protein 2,20210420,-
130825,121155785,LOC121155785,-,-,-,Un,-,5S ribosomal RNA,pseudo,-,-,-,-,20210420,-
130825,121155786,LOC121155786,-,-,-,Un,-,5S ribosomal RNA,pseudo,-,-,-,-,20210420,-
130825,121155787,LOC121155787,-,-,-,Un,-,5S ribosomal RNA,pseudo,-,-,-,-,20210420,-
130825,121155788,LOC121155788,-,-,-,Un,-,5S ribosomal RNA,pseudo,-,-,-,-,20210420,-
130825,121155789,LOC121155789,-,-,-,Un,-,zinc finger protein 60-like,protein-coding,-,-,-,zinc finger protein 60-like,20210420,-
130825,121155790,LOC121155790,-,-,-,Un,-,speedy protein E4-like,pseudo,-,-,-,-,20210420,-
130825,121155791,LOC121155791,-,-,-,Un,-,uncharacterized LOC121155791,ncRNA,-,-,-,-,20210420,-
130825,121155792,LOC121155792,-,-,-,Un,-,speedy protein E4-like,pseudo,-,-,-,-,20210420,-
130825,121155793,LOC121155793,-,-,-,Un,-,speedy protein E4-like,protein-coding,-,-,-,speedy protein E4-like,20210420,-
130825,121155794,LOC121155794,-,-,-,Un,-,speedy protein E4A-like,protein-coding,-,-,-,speedy protein E4A-like,20210420,-
130825,121155795,LOC121155795,-,-,-,Un,-,uncharacterized LOC121155795,ncRNA,-,-,-,-,20210420,-
130825,121155796,ZKSCAN8,-,-,-,Un,-,zinc finger with KRAB and SCAN domains 8,protein-coding,-,-,-,zinc finger protein with KRAB and SCAN domains 8,20210420,-
130825,121155797,PIEZO2,-,-,-,Un,-,piezo type mechanosensitive ion channel component 2,protein-coding,-,-,-,piezo-type mechanosensitive ion channel component 2,20210420,-
130825,121155798,NAPG,-,-,-,Un,-,NSF attachment protein gamma,protein-coding,-,-,-,gamma-soluble NSF attachment protein,20210420,-
130825,121155799,APCDD1,-,-,-,Un,-,APC down-regulated 1,protein-coding,-,-,-,protein APCDD1,20210420,-
130825,121155800,VAPA,-,-,-,Un,-,VAMP associated protein A,protein-coding,-,-,-,vesicle-associated membrane protein-associated protein A,20210420,-
130825,121155801,RAB31,-,-,-,Un,-,"RAB31, member RAS oncogene family",protein-coding,-,-,-,ras-related protein Rab-31,20210420,-
130825,121155802,PPP4R1,-,-,-,Un,-,protein phosphatase 4 regulatory subunit 1,protein-coding,-,-,-,serine/threonine-protein phosphatase 4 regulatory subunit 1,20210420,-
130825,121155803,RALBP1,-,-,-,Un,-,ralA binding protein 1,protein-coding,-,-,-,ralA-binding protein 1,20210420,-
130825,121155804,TWSG1,-,-,-,Un,-,twisted gastrulation BMP signaling modulator 1,protein-coding,-,-,-,twisted gastrulation protein homolog 1,20210420,-
130825,121155805,LOC121155805,-,-,-,Un,-,putative vomeronasal receptor-like protein 4,protein-coding,-,-,-,putative vomeronasal receptor-like protein 4,20210420,-
130825,121155806,LOC121155806,-,-,-,Un,-,uncharacterized LOC121155806,ncRNA,-,-,-,-,20210420,-
130825,121155807,LOC121155807,-,-,-,Un,-,uncharacterized LOC121155807,ncRNA,-,-,-,-,20210420,-
130825,121155808,LOC121155808,-,-,-,Un,-,FGFR1 oncogene partner 2-like,pseudo,-,-,-,-,20210420,-
130825,121155809,TXNDC2,-,-,-,Un,-,thioredoxin domain containing 2,protein-coding,-,-,-,thioredoxin domain-containing protein 2,20210420,-
130825,121155810,LOC121155810,-,-,-,Un,-,40S ribosomal protein SA-like,protein-coding,-,-,-,LOW QUALITY PROTEIN: 40S ribosomal protein SA-like,20210420,-
130825,121155811,LOC121155811,-,-,-,Un,-,thyroid receptor-interacting protein 11-like,protein-coding,-,-,-,thyroid receptor-interacting protein 11-like,20210420,-
130825,121155812,LOC121155812,-,-,-,Un,-,5S ribosomal RNA,rRNA,-,-,-,-,20210420,-
130825,121155813,LOC121155813,-,-,-,Un,-,5S ribosomal RNA,rRNA,-,-,-,-,20210420,-
130825,121155814,LOC121155814,-,-,-,Un,-,5S ribosomal RNA,rRNA,-,-,-,-,20210420,-
130825,121155815,LOC121155815,-,-,-,Un,-,5S ribosomal RNA,rRNA,-,-,-,-,20210420,-
130825,121155816,LOC121155816,-,-,-,Un,-,5S ribosomal RNA,rRNA,-,-,-,-,20210420,-
130825,121155817,LOC121155817,-,-,-,Un,-,5S ribosomal RNA,rRNA,-,-,-,-,20210420,-
130825,121155818,LOC121155818,-,-,-,Un,-,small cell adhesion glycoprotein,protein-coding,-,-,-,small cell adhesion glycoprotein,20210420,-
130825,121155819,LOC121155819,-,-,-,Un,-,5S ribosomal RNA,rRNA,-,-,-,-,20210420,-
130825,121155820,LOC121155820,-,-,-,Un,-,5S ribosomal RNA,rRNA,-,-,-,-,20210420,-
130825,121155821,LOC121155821,-,-,-,Un,-,5S ribosomal RNA,rRNA,-,-,-,-,20210420,-
130825,121155822,LOC121155822,-,-,-,Un,-,5S ribosomal RNA,rRNA,-,-,-,-,20210420,-
130825,121155823,LOC121155823,-,-,-,Un,-,5S ribosomal RNA,rRNA,-,-,-,-,20210420,-
130825,121155824,LOC121155824,-,-,-,Un,-,5S ribosomal RNA,rRNA,-,-,-,-,20210420,-
130825,121155825,LOC121155825,-,-,-,Un,-,5S ribosomal RNA,rRNA,-,-,-,-,20210420,-
130825,121155826,LOC121155826,-,-,-,Un,-,5S ribosomal RNA,rRNA,-,-,-,-,20210420,-
130825,121155827,LOC121155827,-,-,-,Un,-,5S ribosomal RNA,rRNA,-,-,-,-,20210420,-
130825,121155828,LOC121155828,-,-,-,Un,-,5S ribosomal RNA,rRNA,-,-,-,-,20210420,-
130825,121155829,LOC121155829,-,-,-,Un,-,5S ribosomal RNA,rRNA,-,-,-,-,20210420,-
130825,121155830,LOC121155830,-,-,-,Un,-,5S ribosomal RNA,rRNA,-,-,-,-,20210420,-
130825,121155831,LOC121155831,-,-,-,Un,-,5S ribosomal RNA,pseudo,-,-,-,-,20210420,-
130825,121155832,LOC121155832,-,-,-,Un,-,5S ribosomal RNA,pseudo,-,-,-,-,20210420,-
130825,121155833,LOC121155833,-,-,-,Un,-,5S ribosomal RNA,pseudo,-,-,-,-,20210420,-
130825,121155834,LOC121155834,-,-,-,Un,-,5S ribosomal RNA,pseudo,-,-,-,-,20210420,-
130825,121155835,LOC121155835,-,-,-,Un,-,5S ribosomal RNA,rRNA,-,-,-,-,20210420,-
130825,121155836,LOC121155836,-,-,-,Un,-,5S ribosomal RNA,pseudo,-,-,-,-,20210420,-
130825,121155837,LOC121155837,-,-,-,Un,-,5S ribosomal RNA,pseudo,-,-,-,-,20210420,-
130825,121155838,LOC121155838,-,-,-,Un,-,U6 spliceosomal RNA,snRNA,-,-,-,-,20210420,-
130825,121155839,LOC121155839,-,-,-,Un,-,U6 spliceosomal RNA,snRNA,-,-,-,-,20210420,-
130825,121155840,LOC121155840,-,-,-,Un,-,5S ribosomal RNA,rRNA,-,-,-,-,20210420,-
130825,121155841,LOC121155841,-,-,-,Un,-,U6 spliceosomal RNA,snRNA,-,-,-,-,20210420,-
130825,121155842,LOC121155842,-,-,-,Un,-,small nucleolar RNA SNORA32,snoRNA,-,-,-,-,20210420,-
130825,121155843,LOC121155843,-,-,-,Un,-,5S ribosomal RNA,rRNA,-,-,-,-,20210420,-
130825,121155844,BIN2,-,-,-,Un,-,bridging integrator 2,protein-coding,-,-,-,bridging integrator 2,20210420,-
130825,121155845,LOC121155845,-,-,-,Un,-,uncharacterized LOC121155845,ncRNA,-,-,-,-,20210420,-
130825,121155846,ZFAT,-,-,-,Un,-,zinc finger and AT-hook domain containing,protein-coding,-,-,-,zinc finger protein ZFAT,20210420,-
130825,121155847,ST3GAL1,-,-,-,Un,-,"ST3 beta-galactoside alpha-2,3-sialyltransferase 1",protein-coding,-,-,-,"CMP-N-acetylneuraminate-beta-galactosamide-alpha-2,3-sialyltransferase 1",20210420,-
130825,121155848,NDRG1,-,-,-,Un,-,N-myc downstream regulated 1,protein-coding,-,-,-,protein NDRG1,20210420,-
130825,121155849,TG,-,-,-,Un,-,thyroglobulin,protein-coding,-,-,-,thyroglobulin,20210420,-
130825,121155850,SLA,-,-,-,Un,-,Src like adaptor,protein-coding,-,-,-,src-like-adapter,20210420,-
130825,121155851,PHF20L1,-,-,-,Un,-,PHD finger protein 20 like 1,protein-coding,-,-,-,PHD finger protein 20-like protein 1,20210420,-
130825,121155852,DNAAF11,-,-,-,Un,-,dynein axonemal assembly factor 11,protein-coding,-,-,-,protein tilB homolog,20210420,-
130825,121155853,LOC121155853,-,-,-,Un,-,protein angel homolog 2-like,pseudo,-,-,-,-,20210420,-
130825,121155854,TMEM71,-,-,-,Un,-,transmembrane protein 71,protein-coding,-,-,-,transmembrane protein 71,20210420,-
130825,121155855,EFR3A,-,-,-,Un,-,EFR3 homolog A,protein-coding,-,-,-,protein EFR3 homolog A,20210420,-
130825,121155856,LOC121155856,-,-,-,Un,-,"cytochrome c oxidase subunit 4 isoform 1, mitochondrial-like",pseudo,-,-,-,-,20210420,-
130825,121155857,ASAP1,-,-,-,Un,-,"ArfGAP with SH3 domain, ankyrin repeat and PH domain 1",protein-coding,-,-,-,"arf-GAP with SH3 domain, ANK repeat and PH domain-containing protein 1",20210420,-
130825,121155858,GALNT6,-,-,-,Un,-,polypeptide N-acetylgalactosaminyltransferase 6,protein-coding,-,-,-,polypeptide N-acetylgalactosaminyltransferase 6,20210420,-
130825,121155859,LOC121155859,-,-,-,Un,-,uncharacterized LOC121155859,ncRNA,-,-,-,-,20210420,-
130825,121155860,CYRIB,-,-,-,Un,-,CYFIP related Rac1 interactor B,protein-coding,-,-,-,CYFIP-related Rac1 interactor B,20210420,-
130825,121155861,LOC121155861,-,-,-,Un,-,uncharacterized LOC121155861,ncRNA,-,-,-,-,20210420,-
130825,121155862,LOC121155862,-,-,-,Un,-,uncharacterized LOC121155862,ncRNA,-,-,-,-,20210420,-
130825,121155863,LOC121155863,-,-,-,Un,-,uncharacterized LOC121155863,ncRNA,-,-,-,-,20210420,-
130825,121155864,MYC,-,-,-,Un,-,"MYC proto-oncogene, bHLH transcription factor",protein-coding,-,-,-,myc proto-oncogene protein,20210420,-
130825,121155865,TRIB1,-,-,-,Un,-,tribbles pseudokinase 1,protein-coding,-,-,-,tribbles homolog 1,20210420,-
130825,121155866,NSMCE2,-,-,-,Un,-,"NSE2 (MMS21) homolog, SMC5-SMC6 complex SUMO ligase",protein-coding,-,-,-,E3 SUMO-protein ligase NSE2,20210420,-
130825,121155867,LOC121155867,-,-,-,Un,-,uncharacterized LOC121155867,ncRNA,-,-,-,-,20210420,-
130825,121155868,WASHC5,-,-,-,Un,-,WASH complex subunit 5,protein-coding,-,-,-,WASH complex subunit 5,20210420,-
130825,121155869,SQLE,-,-,-,Un,-,squalene epoxidase,protein-coding,-,-,-,squalene monooxygenase,20210420,-
130825,121155870,LOC121155870,-,-,-,Un,-,motile sperm domain-containing protein 1-like,pseudo,-,-,-,-,20210420,-
130825,121155871,LOC121155871,-,-,-,Un,-,uncharacterized LOC121155871,ncRNA,-,-,-,-,20210420,-
130825,121155872,LOC121155872,-,-,-,Un,-,uncharacterized LOC121155872,ncRNA,-,-,-,-,20210420,-
130825,121155873,MTSS1,-,-,-,Un,-,MTSS I-BAR domain containing 1,protein-coding,-,-,-,protein MTSS 1,20210420,-
130825,121155874,RNF139,-,-,-,Un,-,ring finger protein 139,protein-coding,-,-,-,E3 ubiquitin-protein ligase RNF139,20210420,-
130825,121155875,TATDN1,-,-,-,Un,-,TatD DNase domain containing 1,protein-coding,-,-,-,putative deoxyribonuclease TATDN1,20210420,-
130825,121155876,NDUFB9,-,-,-,Un,-,NADH:ubiquinone oxidoreductase subunit B9,protein-coding,-,-,-,NADH dehydrogenase [ubiquinone] 1 beta subcomplex subunit 9,20210420,-
130825,121155877,LOC121155877,-,-,-,Un,-,serine/threonine-protein kinase receptor R3-like,protein-coding,-,-,-,serine/threonine-protein kinase receptor R3-like,20210420,-
130825,121155878,LOC121155878,-,-,-,Un,-,uncharacterized LOC121155878,ncRNA,-,-,-,-,20210420,-
130825,121155879,TRMT12,-,-,-,Un,-,tRNA methyltransferase 12 homolog,protein-coding,-,-,-,tRNA wybutosine-synthesizing protein 2 homolog,20210420,-
130825,121155880,TMEM65,-,-,-,Un,-,transmembrane protein 65,protein-coding,-,-,-,transmembrane protein 65,20210420,-
130825,121155881,FAM91A1,-,-,-,Un,-,family with sequence similarity 91 member A1,protein-coding,-,-,-,protein FAM91A1,20210420,-
130825,121155882,FBXO32,-,-,-,Un,-,F-box protein 32,protein-coding,-,-,-,F-box only protein 32,20210420,-
130825,121155883,NTAQ1,-,-,-,Un,-,N-terminal glutamine amidase 1,protein-coding,-,-,-,protein N-terminal glutamine amidohydrolase,20210420,-
130825,121155884,ATAD2,-,-,-,Un,-,ATPase family AAA domain containing 2,protein-coding,-,-,-,ATPase family AAA domain-containing protein 2,20210420,-
130825,121155885,LOC121155885,-,-,-,Un,-,activin receptor type-1B,protein-coding,-,-,-,activin receptor type-1B,20210420,-
130825,121155886,ZHX1,-,-,-,Un,-,zinc fingers and homeoboxes 1,protein-coding,-,-,-,zinc fingers and homeoboxes protein 1,20210420,-
130825,121155887,CUNH8orf76,-,-,-,Un,-,chromosome unknown C8orf76 homolog,protein-coding,-,-,-,uncharacterized protein C8orf76 homolog,20210420,-
130825,121155888,TBC1D31,-,-,-,Un,-,TBC1 domain family member 31,protein-coding,-,-,-,TBC1 domain family member 31,20210420,-
130825,121155889,DERL1,-,-,-,Un,-,derlin 1,protein-coding,-,-,-,derlin-1,20210420,-
130825,121155890,ZHX2,-,-,-,Un,-,zinc fingers and homeoboxes 2,protein-coding,-,-,-,zinc fingers and homeoboxes protein 2,20210420,-
130825,121155891,SNTB1,-,-,-,Un,-,syntrophin beta 1,protein-coding,-,-,-,beta-1-syntrophin,20210420,-
130825,121155892,LOC121155892,-,-,-,Un,-,autophagy-related protein 101,protein-coding,-,-,-,autophagy-related protein 101,20210420,-
130825,121155893,LOC121155893,-,-,-,Un,-,MDM2 binding protein,protein-coding,-,-,-,mdm2-binding protein,20210420,-
130825,121155894,MRPL13,-,-,-,Un,-,mitochondrial ribosomal protein L13,protein-coding,-,-,-,"39S ribosomal protein L13, mitochondrial",20210420,-
130825,121155895,COL14A1,-,-,-,Un,-,collagen type XIV alpha 1 chain,protein-coding,-,-,-,collagen alpha-1(XIV) chain,20210420,-
130825,121155896,DEPTOR,-,-,-,Un,-,DEP domain containing MTOR interacting protein,protein-coding,-,-,-,DEP domain-containing mTOR-interacting protein,20210420,-
130825,121155897,DSCC1,-,-,-,Un,-,DNA replication and sister chromatid cohesion 1,protein-coding,-,-,-,sister chromatid cohesion protein DCC1,20210420,-
130825,121155898,TAF2,-,-,-,Un,-,TATA-box binding protein associated factor 2,protein-coding,-,-,-,transcription initiation factor TFIID subunit 2,20210420,-
130825,121155899,ENPP2,-,-,-,Un,-,ectonucleotide pyrophosphatase/phosphodiesterase 2,protein-coding,-,-,-,ectonucleotide pyrophosphatase/phosphodiesterase family member 2,20210420,-
130825,121155900,MAL2,-,-,-,Un,-,"mal, T cell differentiation protein 2",protein-coding,-,-,-,protein MAL2,20210420,-
130825,121155901,SAMD12,-,-,-,Un,-,sterile alpha motif domain containing 12,protein-coding,-,-,-,sterile alpha motif domain-containing protein 12,20210420,-
130825,121155902,REEP2,-,-,-,Un,-,receptor accessory protein 2,protein-coding,-,-,-,receptor expression-enhancing protein 2,20210420,-
130825,121155903,EXT1,-,-,-,Un,-,exostosin glycosyltransferase 1,protein-coding,-,-,-,exostosin-1,20210420,-
130825,121155904,MED30,-,-,-,Un,-,mediator complex subunit 30,protein-coding,-,-,-,mediator of RNA polymerase II transcription subunit 30,20210420,-
130825,121155905,KRT5,-,-,-,Un,-,keratin 5,protein-coding,-,-,-,"keratin, type II cytoskeletal 5",20210420,-
130825,121155906,RAD21,-,-,-,Un,-,RAD21 cohesin complex component,protein-coding,-,-,-,double-strand-break repair protein rad21 homolog,20210420,-
130825,121155907,EIF3H,-,-,-,Un,-,eukaryotic translation initiation factor 3 subunit H,protein-coding,-,-,-,eukaryotic translation initiation factor 3 subunit H,20210420,-
130825,121155908,TRPS1,-,-,-,Un,-,transcriptional repressor GATA binding 1,protein-coding,-,-,-,zinc finger transcription factor Trps1,20210420,-
130825,121155909,CSMD3,-,-,-,Un,-,CUB and Sushi multiple domains 3,protein-coding,-,-,-,CUB and sushi domain-containing protein 3,20210420,-
130825,121155910,LOC121155910,-,-,-,Un,-,"keratin, type II cytoskeletal 6A-like",protein-coding,-,-,-,"keratin, type II cytoskeletal 6A-like",20210420,-
130825,121155911,EBAG9,-,-,-,Un,-,estrogen receptor binding site associated antigen 9,protein-coding,-,-,-,receptor-binding cancer antigen expressed on SiSo cells,20210420,-
130825,121155912,PKHD1L1,-,-,-,Un,-,PKHD1 like 1,protein-coding,-,-,-,fibrocystin-L,20210420,-
130825,121155913,ENY2,-,-,-,Un,-,ENY2 transcription and export complex 2 subunit,protein-coding,-,-,-,transcription and mRNA export factor ENY2,20210529,-
130825,121155914,NUDCD1,-,-,-,Un,-,NudC domain containing 1,protein-coding,-,-,-,nudC domain-containing protein 1,20210420,-
130825,121155915,LOC121155915,-,-,-,Un,-,uncharacterized LOC121155915,ncRNA,-,-,-,-,20210420,-
130825,121155916,EMC2,-,-,-,Un,-,ER membrane protein complex subunit 2,protein-coding,-,-,-,ER membrane protein complex subunit 2,20210420,-
130825,121155917,EIF3E,-,-,-,Un,-,eukaryotic translation initiation factor 3 subunit E,protein-coding,-,-,-,eukaryotic translation initiation factor 3 subunit E,20210501,-
130825,121155918,EIF4B,-,-,-,Un,-,eukaryotic translation initiation factor 4B,protein-coding,-,-,-,eukaryotic translation initiation factor 4B,20210420,-
130825,121155919,ANGPT1,-,-,-,Un,-,angiopoietin 1,protein-coding,-,-,-,angiopoietin-1,20210420,-
130825,121155920,OXR1,-,-,-,Un,-,oxidation resistance 1,protein-coding,-,-,-,oxidation resistance protein 1,20210420,-
130825,121155921,ABRA,-,-,-,Un,-,actin binding Rho activating protein,protein-coding,-,-,-,actin-binding Rho-activating protein,20210420,-
130825,121155922,ZFPM2,-,-,-,Un,-,"zinc finger protein, FOG family member 2",protein-coding,-,-,-,zinc finger protein ZFPM2,20210420,-
130825,121155923,LRP12,-,-,-,Un,-,LDL receptor related protein 12,protein-coding,-,-,-,low-density lipoprotein receptor-related protein 12,20210420,-
130825,121155924,LOC121155924,-,-,-,Un,-,dendrocyte expressed seven transmembrane protein,protein-coding,-,-,-,dendritic cell-specific transmembrane protein,20210420,-
130825,121155925,RIMS2,-,-,-,Un,-,regulating synaptic membrane exocytosis 2,protein-coding,-,-,-,regulating synaptic membrane exocytosis protein 2,20210420,-
130825,121155926,TNS2,-,-,-,Un,-,tensin 2,protein-coding,-,-,-,tensin-2,20210420,-
130825,121155927,LOC121155927,-,-,-,Un,-,sorting nexin-2-like,pseudo,-,-,-,-,20210420,-
130825,121155928,LOC121155928,-,-,-,Un,-,putative 40S ribosomal protein S26-like 1,pseudo,-,-,-,-,20210420,-
130825,121155929,CCN4,-,-,-,Un,-,cellular communication network factor 4,protein-coding,-,-,-,CCN family member 4,20210420,-
130825,121155930,HHLA1,-,-,-,Un,-,HERV-H LTR-associating 1,protein-coding,-,-,-,HERV-H LTR-associating protein 1,20210420,-
130825,121155931,OC90,-,-,-,Un,-,otoconin 90,protein-coding,-,-,-,otoconin-90,20210420,-
130825,121155932,LOC121155932,-,-,-,Un,-,protein max-like,pseudo,-,-,-,-,20210420,-
130825,121155933,LOC121155933,-,-,-,Un,-,isopentenyl-diphosphate Delta-isomerase 1-like,pseudo,-,-,-,-,20210420,-
130825,121155934,LOC121155934,-,-,-,Un,-,60S ribosomal protein L27a-like,pseudo,-,-,-,-,20210420,-
130825,121155935,LOC121155935,-,-,-,Un,-,ergosterol biosynthetic protein 28 homolog,pseudo,-,-,-,-,20210420,-
130825,121155936,ZNF572,-,-,-,Un,-,zinc finger protein 572,protein-coding,-,-,-,zinc finger protein 572,20210420,-
130825,121155937,ANXA13,-,-,-,Un,-,annexin A13,protein-coding,-,-,-,annexin A13,20210420,-
130825,121155938,LOC121155938,-,-,-,Un,-,solute carrier family 22 member 22-like,protein-coding,-,-,-,solute carrier family 22 member 22-like,20210420,-
130825,121155939,LOC121155939,-,-,-,Un,-,dynein light chain Tctex-type 1-like,pseudo,-,-,-,-,20210420,-
130825,121155940,LOC121155940,-,-,-,Un,-,"28S ribosomal protein S11, mitochondrial-like",pseudo,-,-,-,-,20210420,-
130825,121155941,LOC121155941,-,-,-,Un,-,non-histone chromosomal protein HMG-14-like,pseudo,-,-,-,-,20210420,-
130825,121155942,SPRYD3,-,-,-,Un,-,SPRY domain containing 3,protein-coding,-,-,-,SPRY domain-containing protein 3,20210420,-
130825,121155943,LOC121155943,-,-,-,Un,-,ubiquitin-conjugating enzyme E2 L3-like,pseudo,-,-,-,-,20210420,-
130825,121155944,LOC121155944,-,-,-,Un,-,protein SMG5-like,protein-coding,-,-,-,protein SMG5-like,20210420,-
130825,121155945,LOC121155945,-,-,-,Un,-,eukaryotic translation initiation factor 4E-like,pseudo,-,-,-,-,20210420,-
130825,121155946,LOC121155946,-,-,-,Un,-,60S ribosomal protein L18a-like,pseudo,-,-,-,-,20210420,-
130825,121155947,KCNQ3,-,-,-,Un,-,potassium voltage-gated channel subfamily Q member 3,protein-coding,-,-,-,potassium voltage-gated channel subfamily KQT member 3,20210420,-
130825,121155948,LOC121155948,-,-,-,Un,-,mediator of RNA polymerase II transcription subunit 6-like,pseudo,-,-,-,-,20210420,-
130825,121155949,ADCY8,-,-,-,Un,-,adenylate cyclase 8,protein-coding,-,-,-,adenylate cyclase type 8,20210420,-
130825,121155950,LOC121155950,-,-,-,Un,-,uncharacterized LOC121155950,ncRNA,-,-,-,-,20210420,-
130825,121155951,LOC121155951,-,-,-,Un,-,uncharacterized LOC121155951,ncRNA,-,-,-,-,20210420,-
130825,121155952,ITGB7,-,-,-,Un,-,integrin subunit beta 7,protein-coding,-,-,-,integrin beta-7,20210420,-
130825,121155953,LOC121155953,-,-,-,Un,-,RNA polymerase II subunit A C-terminal domain phosphatase SSU72-like,pseudo,-,-,-,-,20210420,-
130825,121155954,LOC121155954,-,-,-,Un,-,60S ribosomal protein L36a-like,pseudo,-,-,-,-,20210420,-
130825,121155955,LRATD2,-,-,-,Un,-,LRAT domain containing 2,protein-coding,-,-,-,protein LRATD2,20210420,-
130825,121155956,FER1L6,-,-,-,Un,-,fer-1 like family member 6,protein-coding,-,-,-,fer-1-like protein 6,20210420,-
130825,121155957,LOC121155957,-,-,-,Un,-,uncharacterized LOC121155957,ncRNA,-,-,-,-,20210420,-
130825,121155958,KLHL38,-,-,-,Un,-,kelch like family member 38,protein-coding,-,-,-,kelch-like protein 38,20210420,-
130825,121155959,LOC121155959,-,-,-,Un,-,small nuclear ribonucleoprotein G-like,pseudo,-,-,-,-,20210420,-
130825,121155960,FAM83A,-,-,-,Un,-,family with sequence similarity 83 member A,protein-coding,-,-,-,protein FAM83A,20210420,-
130825,121155961,HAS2,-,-,-,Un,-,hyaluronan synthase 2,protein-coding,-,-,-,hyaluronan synthase 2,20210420,-
130825,121155962,LOC121155962,-,-,-,Un,-,uncharacterized LOC121155962,ncRNA,-,-,-,-,20210420,-
130825,121155963,LOC121155963,-,-,-,Un,-,glyceraldehyde-3-phosphate dehydrogenase-like,pseudo,-,-,-,-,20210420,-
130825,121155964,CCN3,-,-,-,Un,-,cellular communication network factor 3,protein-coding,-,-,-,CCN family member 3,20210420,-
130825,121155965,COLEC10,-,-,-,Un,-,collectin subfamily member 10,protein-coding,-,-,-,collectin-10,20210420,-
130825,121155966,TNFRSF11B,-,-,-,Un,-,TNF receptor superfamily member 11b,protein-coding,-,-,-,tumor necrosis factor receptor superfamily member 11B,20210420,-
130825,121155967,LOC121155967,-,-,-,Un,-,glyceraldehyde-3-phosphate dehydrogenase-like,pseudo,-,-,-,-,20210420,-
130825,121155968,SLC30A8,-,-,-,Un,-,solute carrier family 30 member 8,protein-coding,-,-,-,zinc transporter 8,20210420,-
130825,121155969,AARD,-,-,-,Un,-,alanine and arginine rich domain containing protein,protein-coding,-,-,-,alanine and arginine-rich domain-containing protein,20210420,-
130825,121155970,UTP23,-,-,-,Un,-,UTP23 small subunit processome component,protein-coding,-,-,-,rRNA-processing protein UTP23 homolog,20210420,-
130825,121155971,KCNV1,-,-,-,Un,-,potassium voltage-gated channel modifier subfamily V member 1,protein-coding,-,-,-,potassium voltage-gated channel subfamily V member 1,20210420,-
130825,121155972,SYBU,-,-,-,Un,-,syntabulin,protein-coding,-,-,-,syntabulin,20210420,-
130825,121155973,TRHR,-,-,-,Un,-,thyrotropin releasing hormone receptor,protein-coding,-,-,-,thyrotropin-releasing hormone receptor,20210420,-
130825,121155974,LOC121155974,-,-,-,Un,-,uncharacterized LOC121155974,ncRNA,-,-,-,-,20210420,-
130825,121155975,TMEM74,-,-,-,Un,-,transmembrane protein 74,protein-coding,-,-,-,transmembrane protein 74,20210420,-
130825,121155976,LOC121155976,-,-,-,Un,-,uncharacterized LOC121155976,ncRNA,-,-,-,-,20210420,-
130825,121155977,LOC121155977,-,-,-,Un,-,uncharacterized LOC121155977,ncRNA,-,-,-,-,20210420,-
130825,121155978,RSPO2,-,-,-,Un,-,R-spondin 2,protein-coding,-,-,-,R-spondin-2,20210420,-
130825,121155979,LOC121155979,-,-,-,Un,-,40S ribosomal protein S29-like,protein-coding,-,-,-,40S ribosomal protein S29-like,20210420,-
130825,121155980,DPYS,-,-,-,Un,-,dihydropyrimidinase,protein-coding,-,-,-,dihydropyrimidinase,20210420,-
130825,121155981,ZNF740,-,-,-,Un,-,zinc finger protein 740,protein-coding,-,-,-,zinc finger protein 740,20210420,-
130825,121155982,LOC121155982,-,-,-,Un,-,uncharacterized LOC121155982,ncRNA,-,-,-,-,20210420,-
130825,121155983,LOC121155983,-,-,-,Un,-,60S ribosomal protein L14-like,pseudo,-,-,-,-,20210420,-
130825,121155984,LOC121155984,-,-,-,Un,-,U1 spliceosomal RNA,snRNA,-,-,-,-,20210420,-
130825,121155985,LOC121155985,-,-,-,Un,-,U2 spliceosomal RNA,pseudo,-,-,-,-,20210420,-
130825,121155986,LOC121155986,-,-,-,Un,-,U2 spliceosomal RNA,pseudo,-,-,-,-,20210420,-
130825,121155987,LOC121155987,-,-,-,Un,-,U2 spliceosomal RNA,pseudo,-,-,-,-,20210420,-
130825,121155988,LOC121155988,-,-,-,Un,-,U4 spliceosomal RNA,snRNA,-,-,-,-,20210420,-
130825,121155989,LOC121155989,-,-,-,Un,-,U6 spliceosomal RNA,snRNA,-,-,-,-,20210420,-
130825,121155990,LOC121155990,-,-,-,Un,-,U6 spliceosomal RNA,snRNA,-,-,-,-,20210420,-
130825,121155991,LOC121155991,-,-,-,Un,-,U6 spliceosomal RNA,snRNA,-,-,-,-,20210420,-
130825,121155992,LOC121155992,-,-,-,Un,-,U6 spliceosomal RNA,snRNA,-,-,-,-,20210420,-
130825,121155993,LOC121155993,-,-,-,Un,-,U6 spliceosomal RNA,snRNA,-,-,-,-,20210420,-
130825,121155994,LOC121155994,-,-,-,Un,-,U6 spliceosomal RNA,pseudo,-,-,-,-,20210420,-
130825,121155995,LOC121155995,-,-,-,Un,-,U6 spliceosomal RNA,snRNA,-,-,-,-,20210420,-
130825,121155996,LOC121155996,-,-,-,Un,-,U6 spliceosomal RNA,snRNA,-,-,-,-,20210420,-
130825,121155997,LOC121155997,-,-,-,Un,-,U6 spliceosomal RNA,snRNA,-,-,-,-,20210420,-
130825,121155998,LOC121155998,-,-,-,Un,-,small nucleolar RNA U13,snoRNA,-,-,-,-,20210420,-
130825,121155999,LOC121155999,-,-,-,Un,-,small nucleolar RNA ACA64,snoRNA,-,-,-,-,20210420,-
130825,121156000,TRNAM-CAU,-,-,-,Un,-,transfer RNA methionine (anticodon CAU),tRNA,-,-,-,-,20210420,-
130825,121156001,LOC121156001,-,-,-,Un,-,hemoglobin subunit beta-like,protein-coding,-,-,-,hemoglobin subunit beta-like,20210420,-
130825,121156002,LOC121156002,-,-,-,Un,-,hemoglobin subunit beta-like,protein-coding,-,-,-,hemoglobin subunit beta-like,20210420,-
130825,121156003,LOC121156003,-,-,-,Un,-,hemoglobin subunit beta,protein-coding,-,-,-,hemoglobin subunit beta,20210420,-
130825,121156004,LOC121156004,-,-,-,Un,-,uncharacterized LOC121156004,ncRNA,-,-,-,-,20210420,-
130825,121156005,LOC121156005,-,-,-,Un,-,uncharacterized LOC121156005,ncRNA,-,-,-,-,20210420,-
130825,121156006,LOC121156006,-,-,-,Un,-,olfactory receptor 52E2-like,protein-coding,-,-,-,olfactory receptor 52E2-like,20210420,-
130825,121156007,LOC121156007,-,-,-,Un,-,olfactory receptor 52E2-like,protein-coding,-,-,-,olfactory receptor 52E2-like,20210420,-
130825,121156008,LOC121156008,-,-,-,Un,-,melanoma inhibitory activity protein 2-like,protein-coding,-,-,-,melanoma inhibitory activity protein 2-like,20210420,-
130825,121156009,LOC121156009,-,-,-,Un,-,mitochondrial import inner membrane translocase subunit Tim8 A-like,protein-coding,-,-,-,mitochondrial import inner membrane translocase subunit Tim8 A-like,20210420,-
130825,121156010,RARG,-,-,-,Un,-,retinoic acid receptor gamma,protein-coding,-,-,-,retinoic acid receptor gamma,20210420,-
130825,121156011,CDC42,-,-,-,Un,-,cell division cycle 42,protein-coding,-,-,-,cell division control protein 42 homolog,20210501,-
130825,121156012,LOC121156012,-,-,-,Un,-,60S ribosomal protein L35-like,pseudo,-,-,-,-,20210420,-
130825,121156013,WNT4,-,-,-,Un,-,Wnt family member 4,protein-coding,-,-,-,protein Wnt-4,20210420,-
130825,121156014,ZBTB40,-,-,-,Un,-,zinc finger and BTB domain containing 40,protein-coding,-,-,-,zinc finger and BTB domain-containing protein 40,20210420,-
130825,121156015,LOC121156015,-,-,-,Un,-,60S ribosomal protein L32-like,pseudo,-,-,-,-,20210420,-
130825,121156016,LOC121156016,-,-,-,Un,-,complement C1q subcomponent subunit C-like,protein-coding,-,-,-,complement C1q subcomponent subunit C-like,20210420,-
130825,121156017,KDM1A,-,-,-,Un,-,lysine demethylase 1A,protein-coding,-,-,-,lysine-specific histone demethylase 1A,20210420,-
130825,121156018,HNRNPR,-,-,-,Un,-,heterogeneous nuclear ribonucleoprotein R,protein-coding,-,-,-,heterogeneous nuclear ribonucleoprotein R,20210420,-
130825,121156019,LOC121156019,-,-,-,Un,-,uncharacterized LOC121156019,ncRNA,-,-,-,-,20210420,-
130825,121156020,ZNF436,-,-,-,Un,-,zinc finger protein 436,protein-coding,-,-,-,zinc finger protein 436,20210420,-
130825,121156021,ASAP3,-,-,-,Un,-,"ArfGAP with SH3 domain, ankyrin repeat and PH domain 3",protein-coding,-,-,-,"arf-GAP with SH3 domain, ANK repeat and PH domain-containing protein 3",20210420,-
130825,121156022,MFSD5,-,-,-,Un,-,major facilitator superfamily domain containing 5,protein-coding,-,-,-,molybdate-anion transporter,20210420,-
130825,121156023,E2F2,-,-,-,Un,-,E2F transcription factor 2,protein-coding,-,-,-,transcription factor E2F2,20210420,-
130825,121156024,ID3,-,-,-,Un,-,"inhibitor of DNA binding 3, HLH protein",protein-coding,-,-,-,DNA-binding protein inhibitor ID-3,20210420,-
130825,121156025,RPL11,-,-,-,Un,-,ribosomal protein L11,protein-coding,-,-,-,60S ribosomal protein L11,20210522,-
130825,121156026,ELOA,-,-,-,Un,-,elongin A,protein-coding,-,-,-,elongin-A,20210420,-
130825,121156027,GALE,-,-,-,Un,-,UDP-galactose-4-epimerase,protein-coding,-,-,-,UDP-glucose 4-epimerase,20210420,-
130825,121156028,LYPLA2,-,-,-,Un,-,lysophospholipase 2,protein-coding,-,-,-,acyl-protein thioesterase 2,20210501,-
130825,121156029,SP1,-,-,-,Un,-,Sp1 transcription factor,protein-coding,-,-,-,transcription factor Sp1,20210420,-
130825,121156030,PITHD1,-,-,-,Un,-,PITH domain containing 1,protein-coding,-,-,-,PITH domain-containing protein 1,20210420,-
130825,121156031,HMGCL,-,-,-,Un,-,3-hydroxy-3-methylglutaryl-CoA lyase,protein-coding,-,-,-,"hydroxymethylglutaryl-CoA lyase, mitochondrial",20210420,-
130825,121156032,FUCA1,-,-,-,Un,-,alpha-L-fucosidase 1,protein-coding,-,-,-,tissue alpha-L-fucosidase,20210420,-
130825,121156033,CNR2,-,-,-,Un,-,cannabinoid receptor 2,protein-coding,-,-,-,cannabinoid receptor 2,20210420,-
130825,121156034,SRSF10,-,-,-,Un,-,serine and arginine rich splicing factor 10,protein-coding,-,-,-,serine/arginine-rich splicing factor 10,20210522,-
130825,121156035,PNRC2,-,-,-,Un,-,proline rich nuclear receptor coactivator 2,protein-coding,-,-,-,proline-rich nuclear receptor coactivator 2,20210420,-
130825,121156036,LOC121156036,-,-,-,Un,-,uncharacterized LOC121156036,ncRNA,-,-,-,-,20210420,-
130825,121156037,IFNLR1,-,-,-,Un,-,interferon lambda receptor 1,protein-coding,-,-,-,interferon lambda receptor 1,20210420,-
130825,121156038,STPG1,-,-,-,Un,-,sperm tail PG-rich repeat containing 1,protein-coding,-,-,-,O(6)-methylguanine-induced apoptosis 2,20210420,-
130825,121156039,MAP3K12,-,-,-,Un,-,mitogen-activated protein kinase kinase kinase 12,protein-coding,-,-,-,mitogen-activated protein kinase kinase kinase 12,20210420,-
130825,121156040,NIPAL3,-,-,-,Un,-,NIPA like domain containing 3,protein-coding,-,-,-,NIPA-like protein 3,20210420,-
130825,121156041,RCAN3,-,-,-,Un,-,RCAN family member 3,protein-coding,-,-,-,calcipressin-3,20210420,-
130825,121156042,SRRM1,-,-,-,Un,-,serine and arginine repetitive matrix 1,protein-coding,-,-,-,serine/arginine repetitive matrix protein 1,20210420,-
130825,121156043,CLIC4,-,-,-,Un,-,chloride intracellular channel 4,protein-coding,-,-,-,chloride intracellular channel protein 4,20210420,-
130825,121156044,RUNX3,-,-,-,Un,-,RUNX family transcription factor 3,protein-coding,-,-,-,runt-related transcription factor 3,20210420,-
130825,121156045,PCBP2,-,-,-,Un,-,poly(rC) binding protein 2,protein-coding,-,-,-,poly(rC)-binding protein 2,20210612,-
130825,121156046,SYF2,-,-,-,Un,-,SYF2 pre-mRNA splicing factor,protein-coding,-,-,-,pre-mRNA-splicing factor SYF2,20210420,-
130825,121156047,RSRP1,-,-,-,Un,-,arginine and serine rich protein 1,protein-coding,-,-,-,arginine/serine-rich protein 1,20210420,-
130825,121156048,TMEM50A,-,-,-,Un,-,transmembrane protein 50A,protein-coding,-,-,-,transmembrane protein 50A,20210420,-
130825,121156049,RHCE,-,-,-,Un,-,Rh blood group CcEe antigens,protein-coding,-,-,-,blood group Rh(CE) polypeptide,20210420,-
130825,121156050,MACO1,-,-,-,Un,-,macoilin 1,protein-coding,-,-,-,macoilin,20210420,-
130825,121156051,LDLRAP1,-,-,-,Un,-,low density lipoprotein receptor adaptor protein 1,protein-coding,-,-,-,low density lipoprotein receptor adapter protein 1,20210420,-
130825,121156052,MAN1C1,-,-,-,Un,-,mannosidase alpha class 1C member 1,protein-coding,-,-,-,"mannosyl-oligosaccharide 1,2-alpha-mannosidase IC",20210420,-
130825,121156053,SELENON,-,-,-,Un,-,selenoprotein N,protein-coding,-,-,-,selenoprotein N,20210420,-
130825,121156054,MTFR1L,-,-,-,Un,-,mitochondrial fission regulator 1 like,protein-coding,-,-,-,mitochondrial fission regulator 1-like,20210420,-
130825,121156055,PAQR7,-,-,-,Un,-,progestin and adipoQ receptor family member 7,protein-coding,-,-,-,membrane progestin receptor alpha,20210420,-
130825,121156056,STMN1,-,-,-,Un,-,stathmin 1,protein-coding,-,-,-,stathmin,20210522,-
130825,121156057,PAFAH2,-,-,-,Un,-,platelet activating factor acetylhydrolase 2,protein-coding,-,-,-,"platelet-activating factor acetylhydrolase 2, cytoplasmic",20210420,-
130825,121156058,PDIK1L,-,-,-,Un,-,PDLIM1 interacting kinase 1 like,protein-coding,-,-,-,serine/threonine-protein kinase PDIK1L,20210522,-
130825,121156059,CNKSR1,-,-,-,Un,-,connector enhancer of kinase suppressor of Ras 1,protein-coding,-,-,-,connector enhancer of kinase suppressor of ras 1,20210420,-
130825,121156060,CEP85,-,-,-,Un,-,centrosomal protein 85,protein-coding,-,-,-,centrosomal protein of 85 kDa,20210420,-
130825,121156061,SH3BGRL3,-,-,-,Un,-,SH3 domain binding glutamate rich protein like 3,protein-coding,-,-,-,SH3 domain-binding glutamic acid-rich-like protein 3,20210420,-
130825,121156062,CRYBG2,-,-,-,Un,-,crystallin beta-gamma domain containing 2,protein-coding,-,-,-,LOW QUALITY PROTEIN: beta/gamma crystallin domain-containing protein 2,20210420,-
130825,121156063,ZNF683,-,-,-,Un,-,zinc finger protein 683,protein-coding,-,-,-,tissue-resident T-cell transcription regulator protein ZNF683,20210420,-
130825,121156064,DHDDS,-,-,-,Un,-,dehydrodolichyl diphosphate synthase subunit,protein-coding,-,-,-,dehydrodolichyl diphosphate synthase complex subunit DHDDS,20210420,-
130825,121156065,HMGN2,-,-,-,Un,-,high mobility group nucleosomal binding domain 2,protein-coding,-,-,-,non-histone chromosomal protein HMG-17,20210420,-
130825,121156066,RPS6KA1,-,-,-,Un,-,ribosomal protein S6 kinase A1,protein-coding,-,-,-,ribosomal protein S6 kinase alpha-1,20210420,-
130825,121156067,ARID1A,-,-,-,Un,-,AT-rich interaction domain 1A,protein-coding,-,-,-,AT-rich interactive domain-containing protein 1A,20210420,-
130825,121156068,PIGV,-,-,-,Un,-,phosphatidylinositol glycan anchor biosynthesis class V,protein-coding,-,-,-,GPI mannosyltransferase 2,20210420,-
130825,121156069,ZDHHC18,-,-,-,Un,-,zinc finger DHHC-type palmitoyltransferase 18,protein-coding,-,-,-,palmitoyltransferase ZDHHC18,20210420,-
130825,121156070,KIF20A,-,-,-,Un,-,kinesin family member 20A,protein-coding,-,-,-,kinesin-like protein KIF20A,20210420,-
130825,121156071,SFN,-,-,-,Un,-,stratifin,protein-coding,-,-,-,14-3-3 protein sigma,20210420,-
130825,121156072,GPATCH3,-,-,-,Un,-,G-patch domain containing 3,protein-coding,-,-,-,G patch domain-containing protein 3,20210420,-
130825,121156073,GPN2,-,-,-,Un,-,GPN-loop GTPase 2,protein-coding,-,-,-,GPN-loop GTPase 2,20210420,-
130825,121156074,NUDC,-,-,-,Un,-,"nuclear distribution C, dynein complex regulator",protein-coding,-,-,-,nuclear migration protein nudC,20210420,-
130825,121156075,SLC9A1,-,-,-,Un,-,solute carrier family 9 member A1,protein-coding,-,-,-,sodium/hydrogen exchanger 1,20210420,-
130825,121156076,WDTC1,-,-,-,Un,-,WD and tetratricopeptide repeats 1,protein-coding,-,-,-,WD and tetratricopeptide repeats protein 1,20210420,-
130825,121156077,TMEM222,-,-,-,Un,-,transmembrane protein 222,protein-coding,-,-,-,transmembrane protein 222,20210420,-
130825,121156078,MAP3K6,-,-,-,Un,-,mitogen-activated protein kinase kinase kinase 6,protein-coding,-,-,-,mitogen-activated protein kinase kinase kinase 6,20210420,-
130825,121156079,SYTL1,-,-,-,Un,-,synaptotagmin like 1,protein-coding,-,-,-,synaptotagmin-like protein 1,20210420,-
130825,121156080,WASF2,-,-,-,Un,-,WASP family member 2,protein-coding,-,-,-,wiskott-Aldrich syndrome protein family member 2,20210420,-
130825,121156081,AHDC1,-,-,-,Un,-,AT-hook DNA binding motif containing 1,protein-coding,-,-,-,AT-hook DNA-binding motif-containing protein 1,20210420,-
130825,121156082,FGR,-,-,-,Un,-,"FGR proto-oncogene, Src family tyrosine kinase",protein-coding,-,-,-,tyrosine-protein kinase Fgr,20210420,-
130825,121156083,FAM76A,-,-,-,Un,-,family with sequence similarity 76 member A,protein-coding,-,-,-,protein FAM76A,20210420,-
130825,121156084,STX12,-,-,-,Un,-,syntaxin 12,protein-coding,-,-,-,syntaxin-12,20210420,-
130825,121156085,THEMIS2,-,-,-,Un,-,thymocyte selection associated family member 2,protein-coding,-,-,-,protein THEMIS2,20210420,-
130825,121156086,PPP1R8,-,-,-,Un,-,protein phosphatase 1 regulatory subunit 8,protein-coding,-,-,-,nuclear inhibitor of protein phosphatase 1,20210420,-
130825,121156087,RPA2,-,-,-,Un,-,replication protein A2,protein-coding,-,-,-,replication protein A 32 kDa subunit,20210420,-
130825,121156088,SMPDL3B,-,-,-,Un,-,sphingomyelin phosphodiesterase acid like 3B,protein-coding,-,-,-,acid sphingomyelinase-like phosphodiesterase 3b,20210420,-
130825,121156089,XKR8,-,-,-,Un,-,XK related 8,protein-coding,-,-,-,XK-related protein 8,20210420,-
130825,121156090,EYA3,-,-,-,Un,-,EYA transcriptional coactivator and phosphatase 3,protein-coding,-,-,-,eyes absent homolog 3,20210420,-
130825,121156091,DNAJC8,-,-,-,Un,-,DnaJ heat shock protein family (Hsp40) member C8,protein-coding,-,-,-,dnaJ homolog subfamily C member 8,20210420,-
130825,121156092,SESN2,-,-,-,Un,-,sestrin 2,protein-coding,-,-,-,sestrin-2,20210420,-
130825,121156093,MED18,-,-,-,Un,-,mediator complex subunit 18,protein-coding,-,-,-,mediator of RNA polymerase II transcription subunit 18,20210420,-
130825,121156094,PHACTR4,-,-,-,Un,-,phosphatase and actin regulator 4,protein-coding,-,-,-,phosphatase and actin regulator 4,20210420,-
130825,121156095,RCC1,-,-,-,Un,-,regulator of chromosome condensation 1,protein-coding,-,-,-,regulator of chromosome condensation,20210420,-
130825,121156096,LOC121156096,-,-,-,Un,-,protein tyrosine phosphatase type IVA 1-like,protein-coding,-,-,-,protein tyrosine phosphatase type IVA 1-like,20210420,-
130825,121156097,LOC121156097,-,-,-,Un,-,tRNA selenocysteine 1 associated protein 1,protein-coding,-,-,-,tRNA selenocysteine 1-associated protein 1,20210420,-
130825,121156098,RAB42,-,-,-,Un,-,"RAB42, member RAS oncogene family",protein-coding,-,-,-,ras-related protein Rab-42,20210420,-
130825,121156099,TAF12,-,-,-,Un,-,TATA-box binding protein associated factor 12,protein-coding,-,-,-,transcription initiation factor TFIID subunit 12,20210529,-
130825,121156100,LOC121156100,-,-,-,Un,-,proproteinase E-like,protein-coding,-,-,-,proproteinase E-like,20210420,-
130825,121156101,LOC121156101,-,-,-,Un,-,chymotrypsin-like elastase family member 3B,protein-coding,-,-,-,chymotrypsin-like elastase family member 3B,20210420,-
130825,121156102,LOC121156102,-,-,-,Un,-,chymotrypsin-like elastase family member 3B,protein-coding,-,-,-,chymotrypsin-like elastase family member 3B,20210420,-
130825,121156103,LOC121156103,-,-,-,Un,-,chymotrypsin-like elastase family member 3B,protein-coding,-,-,-,chymotrypsin-like elastase family member 3B,20210420,-
130825,121156104,LOC121156104,-,-,-,Un,-,chymotrypsin-like elastase family member 3B,protein-coding,-,-,-,chymotrypsin-like elastase family member 3B,20210420,-
130825,121156105,LOC121156105,-,-,-,Un,-,butyrophilin subfamily 1 member A1-like,protein-coding,-,-,-,butyrophilin subfamily 1 member A1-like,20210420,-
130825,121156106,LOC121156106,-,-,-,Un,-,butyrophilin-like protein 2,pseudo,-,-,-,-,20210420,-
130825,121156107,LOC121156107,-,-,-,Un,-,butyrophilin subfamily 1 member A1-like,protein-coding,-,-,-,butyrophilin subfamily 1 member A1-like,20210420,-
130825,121156108,LOC121156108,-,-,-,Un,-,butyrophilin-like protein 2,pseudo,-,-,-,-,20210420,-
130825,121156109,LOC121156109,-,-,-,Un,-,chymotrypsin-like elastase family member 3B,protein-coding,-,-,-,chymotrypsin-like elastase family member 3B,20210420,-
130825,121156110,LOC121156110,-,-,-,Un,-,chymotrypsin-like elastase family member 3B,protein-coding,-,-,-,chymotrypsin-like elastase family member 3B,20210420,-
130825,121156111,LOC121156111,-,-,-,Un,-,chymotrypsin-like elastase family member 3B,protein-coding,-,-,-,chymotrypsin-like elastase family member 3B,20210420,-
130825,121156112,LOC121156112,-,-,-,Un,-,chymotrypsin-like elastase family member 3B,protein-coding,-,-,-,chymotrypsin-like elastase family member 3B,20210420,-
130825,121156113,LOC121156113,-,-,-,Un,-,chymotrypsin-like elastase family member 3B,pseudo,-,-,-,-,20210420,-
130825,121156114,LOC121156114,-,-,-,Un,-,proproteinase E-like,protein-coding,-,-,-,proproteinase E-like,20210420,-
130825,121156115,LOC121156115,-,-,-,Un,-,chymotrypsin-like elastase family member 3B,protein-coding,-,-,-,chymotrypsin-like elastase family member 3B,20210420,-
130825,121156116,LOC121156116,-,-,-,Un,-,60S ribosomal protein L37a-like,pseudo,-,-,-,-,20210420,-
130825,121156117,LOC121156117,-,-,-,Un,-,collagen alpha-2(IV) chain-like,protein-coding,-,-,-,collagen alpha-2(IV) chain-like,20210420,-
130825,121156118,LOC121156118,-,-,-,Un,-,aurora kinase A and ninein interacting protein,protein-coding,-,-,-,aurora kinase A and ninein-interacting protein,20210420,-
130825,121156119,EXTL1,-,-,-,Un,-,exostosin like glycosyltransferase 1,protein-coding,-,-,-,exostosin-like 1,20210420,-
130825,121156120,TRIM63,-,-,-,Un,-,tripartite motif containing 63,protein-coding,-,-,-,E3 ubiquitin-protein ligase TRIM63,20210420,-
130825,121156121,CATSPER4,-,-,-,Un,-,cation channel sperm associated 4,protein-coding,-,-,-,LOW QUALITY PROTEIN: cation channel sperm-associated protein 4,20210420,-
130825,121156122,UBXN11,-,-,-,Un,-,UBX domain protein 11,protein-coding,-,-,-,UBX domain-containing protein 11,20210420,-
130825,121156123,TENT5B,-,-,-,Un,-,terminal nucleotidyltransferase 5B,protein-coding,-,-,-,terminal nucleotidyltransferase 5B,20210420,-
130825,121156124,LOC121156124,-,-,-,Un,-,ubiquitin-like protein FUBI,pseudo,-,-,-,-,20210420,-
130825,121156125,LOC121156125,-,-,-,Un,-,60S ribosomal protein L23a-like,pseudo,-,-,-,-,20210420,-
130825,121156126,LOC121156126,-,-,-,Un,-,protein dpy-30 homolog,pseudo,-,-,-,-,20210420,-
130825,121156127,LOC121156127,-,-,-,Un,-,60S ribosomal protein L23a-like,pseudo,-,-,-,-,20210420,-
130825,121156128,LOC121156128,-,-,-,Un,-,RING finger protein 11-like,pseudo,-,-,-,-,20210420,-
130825,121156129,LOC121156129,-,-,-,Un,-,chymotrypsin-like elastase family member 3B,protein-coding,-,-,-,chymotrypsin-like elastase family member 3B,20210420,-
130825,121156130,LOC121156130,-,-,-,Un,-,uncharacterized LOC121156130,ncRNA,-,-,-,-,20210420,-
130825,121156131,LOC121156131,-,-,-,Un,-,uncharacterized LOC121156131,ncRNA,-,-,-,-,20210420,-
130825,121156132,EPHA8,-,-,-,Un,-,EPH receptor A8,protein-coding,-,-,-,ephrin type-A receptor 8,20210420,-
130825,121156133,EPHB2,-,-,-,Un,-,EPH receptor B2,protein-coding,-,-,-,ephrin type-B receptor 2,20210420,-
130825,121156134,PRR13,-,-,-,Un,-,proline rich 13,protein-coding,-,-,-,proline-rich protein 13,20210420,-
130825,121156135,LACTBL1,-,-,-,Un,-,lactamase beta like 1,protein-coding,-,-,-,putative beta-lactamase-like 1,20210420,-
130825,121156136,TEX46,-,-,-,Un,-,testis expressed 46,protein-coding,-,-,-,testis-expressed protein 46,20210420,-
130825,121156137,LUZP1,-,-,-,Un,-,leucine zipper protein 1,protein-coding,-,-,-,leucine zipper protein 1,20210420,-
130825,121156138,HTR1D,-,-,-,Un,-,5-hydroxytryptamine receptor 1D,protein-coding,-,-,-,5-hydroxytryptamine receptor 1D,20210420,-
130825,121156139,TCEA3,-,-,-,Un,-,transcription elongation factor A3,protein-coding,-,-,-,transcription elongation factor A protein 3,20210420,-
130825,121156140,LOC121156140,-,-,-,Un,-,uncharacterized LOC121156140,ncRNA,-,-,-,-,20210420,-
130825,121156141,LOC121156141,-,-,-,Un,-,uncharacterized LOC121156141,ncRNA,-,-,-,-,20210420,-
130825,121156142,MYOM3,-,-,-,Un,-,myomesin 3,protein-coding,-,-,-,myomesin-3,20210420,-
130825,121156143,IL22RA1,-,-,-,Un,-,interleukin 22 receptor subunit alpha 1,protein-coding,-,-,-,interleukin-22 receptor subunit alpha-1,20210420,-
130825,121156144,GRHL3,-,-,-,Un,-,grainyhead like transcription factor 3,protein-coding,-,-,-,grainyhead-like protein 3 homolog,20210420,-
130825,121156145,LOC121156145,-,-,-,Un,-,dolichol-phosphate mannosyltransferase subunit 3-like,pseudo,-,-,-,-,20210420,-
130825,121156146,LOC121156146,-,-,-,Un,-,non-compact myelin associated protein,protein-coding,-,-,-,noncompact myelin-associated protein,20210420,-
130825,121156147,LOC121156147,-,-,-,Un,-,SH3 domain-binding glutamic acid-rich-like protein 3,protein-coding,-,-,-,SH3 domain-binding glutamic acid-rich-like protein 3,20210420,-
130825,121156148,SLC30A2,-,-,-,Un,-,solute carrier family 30 member 2,protein-coding,-,-,-,zinc transporter 2,20210420,-
130825,121156149,FAM110D,-,-,-,Un,-,family with sequence similarity 110 member D,protein-coding,-,-,-,protein FAM110D,20210420,-
130825,121156150,CDC23,-,-,-,Un,-,cell division cycle 23,protein-coding,-,-,-,cell division cycle protein 23 homolog,20210420,-
130825,121156151,TARBP2,-,-,-,Un,-,TARBP2 subunit of RISC loading complex,protein-coding,-,-,-,RISC-loading complex subunit TARBP2,20210420,-
130825,121156152,CUNH1orf232,-,-,-,Un,-,chromosome unknown C1orf232 homolog,protein-coding,-,-,-,uncharacterized protein C1orf232 homolog,20210420,-
130825,121156153,ZNF593,-,-,-,Un,-,zinc finger protein 593,protein-coding,-,-,-,zinc finger protein 593,20210420,-
130825,121156154,LIN28A,-,-,-,Un,-,lin-28 homolog A,protein-coding,-,-,-,protein lin-28 homolog A,20210420,-
130825,121156155,NR0B2,-,-,-,Un,-,nuclear receptor subfamily 0 group B member 2,protein-coding,-,-,-,nuclear receptor subfamily 0 group B member 2,20210420,-
130825,121156156,KDF1,-,-,-,Un,-,keratinocyte differentiation factor 1,protein-coding,-,-,-,keratinocyte differentiation factor 1,20210420,-
130825,121156157,TRNP1,-,-,-,Un,-,TMF1 regulated nuclear protein 1,protein-coding,-,-,-,TMF-regulated nuclear protein 1,20210420,-
130825,121156158,CD164L2,-,-,-,Un,-,CD164 molecule like 2,protein-coding,-,-,-,CD164 sialomucin-like 2 protein,20210420,-
130825,121156159,GPR3,-,-,-,Un,-,G protein-coupled receptor 3,protein-coding,-,-,-,G-protein coupled receptor 3,20210420,-
130825,121156160,ATP5IF1,-,-,-,Un,-,ATP synthase inhibitory factor subunit 1,protein-coding,-,-,-,"ATPase inhibitor, mitochondrial",20210420,-
130825,121156161,LOC121156161,-,-,-,Un,-,"DNA-directed RNA polymerases I, II, and III subunit RPABC5-like",pseudo,-,-,-,-,20210420,-
130825,121156162,LOC121156162,-,-,-,Un,-,"dynein light chain 2, cytoplasmic-like",pseudo,-,-,-,-,20210420,-
130825,121156163,LOC121156163,-,-,-,Un,-,U6 spliceosomal RNA,snRNA,-,-,-,-,20210420,-
130825,121156164,LOC121156164,-,-,-,Un,-,U6 spliceosomal RNA,snRNA,-,-,-,-,20210420,-
130825,121156165,LOC121156165,-,-,-,Un,-,U6 spliceosomal RNA,snRNA,-,-,-,-,20210420,-
130825,121156166,LOC121156166,-,-,-,Un,-,small nucleolar RNA SNORA73 family,snoRNA,-,-,-,-,20210420,-
130825,121156167,LOC121156167,-,-,-,Un,-,small nucleolar RNA SNORA73 family,snoRNA,-,-,-,-,20210420,-
130825,121156168,LOC121156168,-,-,-,Un,-,small nucleolar RNA SNORA16B/SNORA16A family,snoRNA,-,-,-,-,20210420,-
130825,121156169,LOC121156169,-,-,-,Un,-,small nucleolar RNA SNORA44,snoRNA,-,-,-,-,20210420,-
130825,121156170,LOC121156170,-,-,-,Un,-,small nucleolar RNA SNORA7,snoRNA,-,-,-,-,20210420,-
130825,121156171,LOC121156171,-,-,-,Un,-,small nucleolar RNA SNORA61,snoRNA,-,-,-,-,20210420,-
130825,121156172,LOC121156172,-,-,-,Un,-,small Cajal body-specific RNA 1,ncRNA,-,-,-,-,20210420,-
130825,121156173,LOC121156173,-,-,-,Un,-,U2 spliceosomal RNA,pseudo,-,-,-,-,20210420,-
130825,121156174,LOC121156174,-,-,-,Un,-,small nucleolar RNA SNORD99,snoRNA,-,-,-,-,20210420,-
130825,121156175,LOC121156175,-,-,-,Un,-,small nucleolar RNA ACA64,snoRNA,-,-,-,-,20210420,-
130825,121156176,LOC121156176,-,-,-,Un,-,small nucleolar RNA ACA64,snoRNA,-,-,-,-,20210420,-
130825,121156177,LOC121156177,-,-,-,Un,-,U4 spliceosomal RNA,snRNA,-,-,-,-,20210420,-
130825,121156178,LOC121156178,-,-,-,Un,-,U4 spliceosomal RNA,pseudo,-,-,-,-,20210420,-
130825,121156179,LOC121156179,-,-,-,Un,-,U6 spliceosomal RNA,snRNA,-,-,-,-,20210420,-
130825,121156180,LOC121156180,-,-,-,Un,-,olfactory receptor 12-like,protein-coding,-,-,-,olfactory receptor 12-like,20210420,-
130825,121156181,LOC121156181,-,-,-,Un,-,uncharacterized LOC121156181,ncRNA,-,-,-,-,20210420,-
130825,121156182,LOC121156182,-,-,-,Un,-,"ATP synthase membrane subunit K, mitochondrial-like",pseudo,-,-,-,-,20210420,-
130825,121156183,LOC121156183,-,-,-,Un,-,armadillo repeat protein deleted in velo-cardio-facial syndrome-like,pseudo,-,-,-,-,20210420,-
130825,121156184,LOC121156184,-,-,-,Un,-,protein C19orf12 homolog,pseudo,-,-,-,-,20210420,-
130825,121156185,LOC121156185,-,-,-,Un,-,uncharacterized LOC121156185,ncRNA,-,-,-,-,20210420,-
130825,121156186,LOC121156186,-,-,-,Un,-,aurora kinase A-like,pseudo,-,-,-,-,20210420,-
130825,121156187,LOC121156187,-,-,-,Un,-,uncharacterized LOC121156187,ncRNA,-,-,-,-,20210420,-
130825,121156188,LOC121156188,-,-,-,Un,-,aurora kinase A-like,pseudo,-,-,-,-,20210420,-
130825,121156189,LOC121156189,-,-,-,Un,-,protein FAM50A-like,pseudo,-,-,-,-,20210420,-
130825,121156190,LOC121156190,-,-,-,Un,-,parafibromin-like,pseudo,-,-,-,-,20210420,-
130825,121156191,LOC121156191,-,-,-,Un,-,parafibromin-like,protein-coding,-,-,-,parafibromin-like,20210420,-
130825,121156192,LOC121156192,-,-,-,Un,-,protein FAM50A-like,pseudo,-,-,-,-,20210420,-
130825,121156193,LOC121156193,-,-,-,Un,-,parafibromin-like,protein-coding,-,-,-,parafibromin-like,20210420,-
130825,121156194,LOC121156194,-,-,-,Un,-,protein FAM50A-like,pseudo,-,-,-,-,20210420,-
130825,121156195,LOC121156195,-,-,-,Un,-,U6 spliceosomal RNA,snRNA,-,-,-,-,20210420,-
130825,121156196,LOC121156196,-,-,-,Un,-,parafibromin-like,protein-coding,-,-,-,parafibromin-like,20210420,-
130825,121156197,LOC121156197,-,-,-,Un,-,protein FAM50A-like,pseudo,-,-,-,-,20210420,-
130825,121156198,LOC121156198,-,-,-,Un,-,parafibromin-like,protein-coding,-,-,-,parafibromin-like,20210420,-
130825,121156199,LOC121156199,-,-,-,Un,-,protein FAM50A-like,pseudo,-,-,-,-,20210420,-
130825,121156200,LOC121156200,-,-,-,Un,-,parafibromin-like,protein-coding,-,-,-,parafibromin-like,20210420,-
130825,121156201,LOC121156201,-,-,-,Un,-,protein FAM50A-like,pseudo,-,-,-,-,20210420,-
130825,121156202,LOC121156202,-,-,-,Un,-,parafibromin-like,protein-coding,-,-,-,parafibromin-like,20210420,-
130825,121156203,ATF7,-,-,-,Un,-,activating transcription factor 7,protein-coding,-,-,-,cyclic AMP-dependent transcription factor ATF-7,20210420,-
130825,121156204,LOC121156204,-,-,-,Un,-,protein FAM50A-like,pseudo,-,-,-,-,20210420,-
130825,121156205,LOC121156205,-,-,-,Un,-,parafibromin-like,protein-coding,-,-,-,parafibromin-like,20210420,-
130825,121156206,LOC121156206,-,-,-,Un,-,protein FAM50A-like,pseudo,-,-,-,-,20210420,-
130825,121156207,LOC121156207,-,-,-,Un,-,parafibromin-like,protein-coding,-,-,-,parafibromin-like,20210420,-
130825,121156208,LOC121156208,-,-,-,Un,-,protein FAM50A-like,pseudo,-,-,-,-,20210420,-
130825,121156209,LOC121156209,-,-,-,Un,-,U6 spliceosomal RNA,snRNA,-,-,-,-,20210420,-
130825,121156210,LOC121156210,-,-,-,Un,-,parafibromin-like,protein-coding,-,-,-,parafibromin-like,20210420,-
130825,121156211,LOC121156211,-,-,-,Un,-,protein FAM50A-like,pseudo,-,-,-,-,20210420,-
130825,121156212,LOC121156212,-,-,-,Un,-,5S ribosomal RNA,rRNA,-,-,-,-,20210420,-
130825,121156213,LOC121156213,-,-,-,Un,-,U6 spliceosomal RNA,snRNA,-,-,-,-,20210420,-
130825,121156214,LOC121156214,-,-,-,Un,-,uncharacterized LOC121156214,ncRNA,-,-,-,-,20210420,-
130825,121156215,LOC121156215,-,-,-,Un,-,uncharacterized LOC121156215,ncRNA,-,-,-,-,20210420,-
130825,121156216,LOC121156216,-,-,-,Un,-,zinc finger protein 260-like,protein-coding,-,-,-,LOW QUALITY PROTEIN: zinc finger protein 260-like,20210420,-
130825,121156217,LOC121156217,-,-,-,Un,-,uncharacterized LOC121156217,protein-coding,-,-,-,LOW QUALITY PROTEIN: uncharacterized protein LOC121156217,20210420,-
130825,121156218,LOC121156218,-,-,-,Un,-,uncharacterized LOC121156218,ncRNA,-,-,-,-,20210420,-
130825,121156219,LOC121156219,-,-,-,Un,-,uncharacterized LOC121156219,ncRNA,-,-,-,-,20210420,-
130825,121156220,LOC121156220,-,-,-,Un,-,ubiquitin-60S ribosomal protein L40-like,pseudo,-,-,-,-,20210420,-
130825,121156221,STARD13,-,-,-,Un,-,StAR related lipid transfer domain containing 13,protein-coding,-,-,-,stAR-related lipid transfer protein 13,20210420,-
130825,121156222,NPFF,-,-,-,Un,-,neuropeptide FF-amide peptide precursor,protein-coding,-,-,-,LOW QUALITY PROTEIN: pro-FMRFamide-related neuropeptide FF,20210420,-
130825,121156223,PDS5B,-,-,-,Un,-,PDS5 cohesin associated factor B,protein-coding,-,-,-,sister chromatid cohesion protein PDS5 homolog B,20210420,-
130825,121156224,RNF14,-,-,-,Un,-,ring finger protein 14,protein-coding,-,-,-,E3 ubiquitin-protein ligase RNF14,20210420,-
130825,121156225,N4BP2L2,-,-,-,Un,-,NEDD4 binding protein 2 like 2,protein-coding,-,-,-,NEDD4-binding protein 2-like 2,20210420,-
130825,121156226,ATP5MC2,-,-,-,Un,-,ATP synthase membrane subunit c locus 2,protein-coding,-,-,-,"ATP synthase F(0) complex subunit C2, mitochondrial",20210420,-
130825,121156227,N4BP2L1,-,-,-,Un,-,NEDD4 binding protein 2 like 1,protein-coding,-,-,-,NEDD4-binding protein 2-like 1,20210420,-
130825,121156228,FRY,-,-,-,Un,-,FRY microtubule binding protein,protein-coding,-,-,-,protein furry homolog,20210420,-
130825,121156229,CALCOCO1,-,-,-,Un,-,calcium binding and coiled-coil domain 1,protein-coding,-,-,-,calcium-binding and coiled-coil domain-containing protein 1,20210420,-
130825,121156230,HSPH1,-,-,-,Un,-,heat shock protein family H (Hsp110) member 1,protein-coding,-,-,-,heat shock protein 105 kDa,20210420,-
130825,121156231,B3GLCT,-,-,-,Un,-,beta 3-glucosyltransferase,protein-coding,-,-,-,"beta-1,3-glucosyltransferase",20210420,-
130825,121156232,LOC121156232,-,-,-,Un,-,uncharacterized LOC121156232,ncRNA,-,-,-,-,20210420,-
130825,121156233,LOC121156233,-,-,-,Un,-,arachidonate 5-lipoxygenase activating protein,protein-coding,-,-,-,arachidonate 5-lipoxygenase-activating protein,20210420,-
130825,121156234,USPL1,-,-,-,Un,-,ubiquitin specific peptidase like 1,protein-coding,-,-,-,SUMO-specific isopeptidase USPL1,20210420,-
130825,121156235,LOC121156235,-,-,-,Un,-,uncharacterized LOC121156235,ncRNA,-,-,-,-,20210420,-
130825,121156236,HMGB1,-,-,-,Un,-,high mobility group box 1,protein-coding,-,-,-,high mobility group protein B1,20210420,-
130825,121156237,LOC121156237,-,-,-,Un,-,uncharacterized LOC121156237,ncRNA,-,-,-,-,20210420,-
130825,121156238,KATNAL1,-,-,-,Un,-,katanin catalytic subunit A1 like 1,protein-coding,-,-,-,katanin p60 ATPase-containing subunit A-like 1,20210420,-
130825,121156239,UBL3,-,-,-,Un,-,ubiquitin like 3,protein-coding,-,-,-,ubiquitin-like protein 3,20210501,-
130825,121156240,SLC7A1,-,-,-,Un,-,solute carrier family 7 member 1,protein-coding,-,-,-,high affinity cationic amino acid transporter 1,20210420,-
130825,121156241,MTUS2,-,-,-,Un,-,microtubule associated scaffold protein 2,protein-coding,-,-,-,microtubule-associated tumor suppressor candidate 2,20210420,-
130825,121156242,LOC121156242,-,-,-,Un,-,bromodomain-containing protein 8,protein-coding,-,-,-,bromodomain-containing protein 8,20210420,-
130825,121156243,SLC46A3,-,-,-,Un,-,solute carrier family 46 member 3,protein-coding,-,-,-,solute carrier family 46 member 3,20210420,-
130825,121156244,LOC121156244,-,-,-,Un,-,uncharacterized LOC121156244,ncRNA,-,-,-,-,20210420,-
130825,121156245,LOC121156245,-,-,-,Un,-,proteasome maturation protein,protein-coding,-,-,-,proteasome maturation protein,20210420,-
130825,121156246,FLT1,-,-,-,Un,-,fms related receptor tyrosine kinase 1,protein-coding,-,-,-,vascular endothelial growth factor receptor 1,20210420,-
130825,121156247,PAN3,-,-,-,Un,-,poly(A) specific ribonuclease subunit PAN3,protein-coding,-,-,-,PAN2-PAN3 deadenylation complex subunit PAN3,20210420,-
130825,121156248,LOC121156248,-,-,-,Un,-,uncharacterized LOC121156248,ncRNA,-,-,-,-,20210420,-
130825,121156249,POLR1D,-,-,-,Un,-,RNA polymerase I and III subunit D,protein-coding,-,-,-,DNA-directed RNA polymerases I and III subunit RPAC2,20210420,-
130825,121156250,LOC121156250,-,-,-,Un,-,protein POLR1D-like,protein-coding,-,-,-,protein POLR1D-like,20210420,-
130825,121156251,LNX2,-,-,-,Un,-,ligand of numb-protein X 2,protein-coding,-,-,-,ligand of Numb protein X 2,20210420,-
130825,121156252,MTIF3,-,-,-,Un,-,mitochondrial translational initiation factor 3,protein-coding,-,-,-,"translation initiation factor IF-3, mitochondrial",20210420,-
130825,121156253,RPL21,-,-,-,Un,-,ribosomal protein L21,protein-coding,-,-,-,60S ribosomal protein L21,20210425,-
130825,121156254,USP12,-,-,-,Un,-,ubiquitin specific peptidase 12,protein-coding,-,-,-,ubiquitin carboxyl-terminal hydrolase 12,20210522,-
130825,121156255,CDK8,-,-,-,Un,-,cyclin dependent kinase 8,protein-coding,-,-,-,cyclin-dependent kinase 8,20210529,-
130825,121156256,SMUG1,-,-,-,Un,-,single-strand-selective monofunctional uracil-DNA glycosylase 1,protein-coding,-,-,-,single-strand selective monofunctional uracil DNA glycosylase,20210420,-
130825,121156257,RNF6,-,-,-,Un,-,ring finger protein 6,protein-coding,-,-,-,E3 ubiquitin-protein ligase RNF6,20210420,-
130825,121156258,LOC121156258,-,-,-,Un,-,phospholipid-transporting ATPase IB,protein-coding,-,-,-,phospholipid-transporting ATPase IB,20210420,-
130825,121156259,NUP58,-,-,-,Un,-,nucleoporin 58,protein-coding,-,-,-,nucleoporin p58/p45,20210420,-
130825,121156260,MTMR6,-,-,-,Un,-,myotubularin related protein 6,protein-coding,-,-,-,myotubularin-related protein 6,20210420,-
130825,121156261,LOC121156261,-,-,-,Un,-,uncharacterized LOC121156261,ncRNA,-,-,-,-,20210420,-
130825,121156262,SPATA13,-,-,-,Un,-,spermatogenesis associated 13,protein-coding,-,-,-,spermatogenesis-associated protein 13,20210420,-
130825,121156263,LOC121156263,-,-,-,Un,-,complement C1q and tumor necrosis factor-related protein 9-like,protein-coding,-,-,-,complement C1q and tumor necrosis factor-related protein 9-like,20210420,-
130825,121156264,LOC121156264,-,-,-,Un,-,mitochondrial intermediate peptidase,protein-coding,-,-,-,mitochondrial intermediate peptidase,20210420,-
130825,121156265,SACS,-,-,-,Un,-,sacsin molecular chaperone,protein-coding,-,-,-,sacsin,20210420,-
130825,121156266,CBX5,-,-,-,Un,-,chromobox 5,protein-coding,-,-,-,chromobox protein homolog 5,20210522,-
130825,121156267,LOC121156267,-,-,-,Un,-,ribosome biogenesis protein NSA2 homolog,pseudo,-,-,-,-,20210420,-
130825,121156268,BRCA2,-,-,-,Un,-,BRCA2 DNA repair associated,protein-coding,-,-,-,breast cancer type 2 susceptibility protein,20210420,-
130825,121156269,LOC121156269,-,-,-,Un,-,ubiquitin-60S ribosomal protein L40-like,pseudo,-,-,-,-,20210420,-
130825,121156270,LOC121156270,-,-,-,Un,-,eukaryotic translation initiation factor 3 subunit F-like,pseudo,-,-,-,-,20210420,-
130825,121156271,FLT3,-,-,-,Un,-,fms related receptor tyrosine kinase 3,protein-coding,-,-,-,receptor-type tyrosine-protein kinase FLT3,20210420,-
130825,121156272,LOC121156272,-,-,-,Un,-,40S ribosomal protein S4-like,pseudo,-,-,-,-,20210420,-
130825,121156273,GTF3A,-,-,-,Un,-,general transcription factor IIIA,protein-coding,-,-,-,transcription factor IIIA,20210420,-
130825,121156274,LOC121156274,-,-,-,Un,-,glia maturation factor beta-like,pseudo,-,-,-,-,20210420,-
130825,121156275,LOC121156275,-,-,-,Un,-,phospholipid-transporting ATPase IB-like,protein-coding,-,-,-,phospholipid-transporting ATPase IB-like,20210420,-
130825,121156276,LOC121156276,-,-,-,Un,-,high mobility group protein B2-like,pseudo,-,-,-,-,20210420,-
130825,121156277,TNFRSF19,-,-,-,Un,-,TNF receptor superfamily member 19,protein-coding,-,-,-,tumor necrosis factor receptor superfamily member 19,20210420,-
130825,121156278,KL,-,-,-,Un,-,klotho,protein-coding,-,-,-,klotho,20210420,-
130825,121156279,ZAR1L,-,-,-,Un,-,zygote arrest 1 like,protein-coding,-,-,-,ZAR1-like protein,20210420,-
130825,121156280,RXFP2,-,-,-,Un,-,relaxin family peptide receptor 2,protein-coding,-,-,-,relaxin receptor 2,20210420,-
130825,121156281,TEX26,-,-,-,Un,-,testis expressed 26,protein-coding,-,-,-,testis-expressed protein 26,20210420,-
130825,121156282,MEDAG,-,-,-,Un,-,mesenteric estrogen dependent adipogenesis,protein-coding,-,-,-,mesenteric estrogen-dependent adipogenesis protein,20210420,-
130825,121156283,LOC121156283,-,-,-,Un,-,uncharacterized LOC121156283,ncRNA,-,-,-,-,20210420,-
130825,121156284,URAD,-,-,-,Un,-,ureidoimidazoline (2-oxo-4-hydroxy-4-carboxy-5-) decarboxylase,protein-coding,-,-,-,putative 2-oxo-4-hydroxy-4-carboxy-5-ureidoimidazoline decarboxylase,20210420,-
130825,121156285,CDX2,-,-,-,Un,-,caudal type homeobox 2,protein-coding,-,-,-,homeobox protein CDX-2,20210420,-
130825,121156286,PDX1,-,-,-,Un,-,pancreatic and duodenal homeobox 1,protein-coding,-,-,-,pancreas/duodenum homeobox protein 1,20210420,-
130825,121156287,GSX1,-,-,-,Un,-,GS homeobox 1,protein-coding,-,-,-,GS homeobox 1,20210420,-
130825,121156288,RASL11A,-,-,-,Un,-,RAS like family 11 member A,protein-coding,-,-,-,ras-like protein family member 11A,20210420,-
130825,121156289,GPR12,-,-,-,Un,-,G protein-coupled receptor 12,protein-coding,-,-,-,G-protein coupled receptor 12,20210420,-
130825,121156290,WASF3,-,-,-,Un,-,WASP family member 3,protein-coding,-,-,-,wiskott-Aldrich syndrome protein family member 3,20210420,-
130825,121156291,SHISA2,-,-,-,Un,-,shisa family member 2,protein-coding,-,-,-,protein shisa-2 homolog,20210420,-
130825,121156292,AMER2,-,-,-,Un,-,APC membrane recruitment protein 2,protein-coding,-,-,-,APC membrane recruitment protein 2,20210420,-
130825,121156293,LOC121156293,-,-,-,Un,-,uncharacterized LOC121156293,ncRNA,-,-,-,-,20210420,-
130825,121156294,SGCG,-,-,-,Un,-,sarcoglycan gamma,protein-coding,-,-,-,gamma-sarcoglycan,20210420,-
130825,121156295,LOC121156295,-,-,-,Un,-,U6 spliceosomal RNA,pseudo,-,-,-,-,20210420,-
130825,121156296,LOC121156296,-,-,-,Un,-,small nucleolar RNA SNORD102,snoRNA,-,-,-,-,20210420,-
130825,121156297,LOC121156297,-,-,-,Un,-,small nucleolar RNA SNORA27,snoRNA,-,-,-,-,20210420,-
130825,121156298,LOC121156298,-,-,-,Un,-,small nucleolar RNA ACA64,snoRNA,-,-,-,-,20210420,-
130825,121156299,TRNAN-GUU,-,-,-,Un,-,transfer RNA asparagine (anticodon GUU),tRNA,-,-,-,-,20210420,-
130825,121156300,LOC121156300,-,-,-,Un,-,"HLA class I histocompatibility antigen, alpha chain G-like",protein-coding,-,-,-,"HLA class I histocompatibility antigen, alpha chain G-like",20210420,-
130825,121156301,NFE2,-,-,-,Un,-,"nuclear factor, erythroid 2",protein-coding,-,-,-,transcription factor NF-E2 45 kDa subunit,20210420,-
130825,121156302,LOC121156302,-,-,-,Un,-,olfactory receptor 2J3-like,pseudo,-,-,-,-,20210420,-
130825,121156303,LOC121156303,-,-,-,Un,-,"HLA class I histocompatibility antigen, alpha chain G-like",protein-coding,-,-,-,"HLA class I histocompatibility antigen, alpha chain G-like",20210420,-
130825,121156304,GABBR1,-,-,-,Un,-,gamma-aminobutyric acid type B receptor subunit 1,protein-coding,-,-,-,gamma-aminobutyric acid type B receptor subunit 1,20210420,-
130825,121156305,ZFP57,-,-,-,Un,-,ZFP57 zinc finger protein,protein-coding,-,-,-,zinc finger protein 57 homolog,20210420,-
130825,121156306,MOG,-,-,-,Un,-,myelin oligodendrocyte glycoprotein,protein-coding,-,-,-,myelin-oligodendrocyte glycoprotein,20210420,-
130825,121156307,LOC121156307,-,-,-,Un,-,"class I histocompatibility antigen, Gogo-B*0102 alpha chain-like",protein-coding,-,-,-,"class I histocompatibility antigen, Gogo-B*0102 alpha chain-like",20210420,-
130825,121156308,LOC121156308,-,-,-,Un,-,putative uncharacterized protein ZNRD1-AS1,protein-coding,-,-,-,putative uncharacterized protein ZNRD1-AS1,20210420,-
130825,121156309,POLR1H,-,-,-,Un,-,RNA polymerase I subunit H,protein-coding,-,-,-,DNA-directed RNA polymerase I subunit RPA12,20210420,-
130825,121156310,LOC121156310,-,-,-,Un,-,E3 ubiquitin-protein ligase PPP1R11,protein-coding,-,-,-,E3 ubiquitin-protein ligase PPP1R11,20210420,-
130825,121156311,RNF39,-,-,-,Un,-,ring finger protein 39,protein-coding,-,-,-,RING finger protein 39,20210420,-
130825,121156312,LOC121156312,-,-,-,Un,-,"HLA class I histocompatibility antigen, alpha chain G-like",protein-coding,-,-,-,"HLA class I histocompatibility antigen, alpha chain G-like",20210420,-
130825,121156313,LOC121156313,-,-,-,Un,-,olfactory receptor 2J3-like,protein-coding,-,-,-,LOW QUALITY PROTEIN: olfactory receptor 2J3-like,20210420,-
130825,121156314,LOC121156314,-,-,-,Un,-,olfactory receptor 2B11-like,protein-coding,-,-,-,olfactory receptor 2B11-like,20210420,-
130825,121156315,LOC121156315,-,-,-,Un,-,olfactory receptor 2B11-like,protein-coding,-,-,-,olfactory receptor 2B11-like,20210420,-
130825,121156316,LOC121156316,-,-,-,Un,-,putative olfactory receptor 2B3,protein-coding,-,-,-,putative olfactory receptor 2B3,20210420,-
130825,121156317,LOC121156317,-,-,-,Un,-,putative olfactory receptor 2B8,protein-coding,-,-,-,putative olfactory receptor 2B8,20210420,-
130825,121156318,LOC121156318,-,-,-,Un,-,olfactory receptor 2G3-like,protein-coding,-,-,-,olfactory receptor 2G3-like,20210420,-
130825,121156319,LOC121156319,-,-,-,Un,-,olfactory receptor 2B2-like,protein-coding,-,-,-,olfactory receptor 2B2-like,20210420,-
130825,121156320,LOC121156320,-,-,-,Un,-,olfactory receptor 12D3-like,protein-coding,-,-,-,olfactory receptor 12D3-like,20210420,-
130825,121156321,LOC121156321,-,-,-,Un,-,olfactory receptor 12D2-like,protein-coding,-,-,-,olfactory receptor 12D2-like,20210420,-
130825,121156322,UBD,-,-,-,Un,-,ubiquitin D,protein-coding,-,-,-,ubiquitin D,20210420,-
130825,121156323,LOC121156323,-,-,-,Un,-,olfactory receptor 2H2-like,protein-coding,-,-,-,olfactory receptor 2H2-like,20210420,-
130825,121156324,LOC121156324,-,-,-,Un,-,olfactory receptor 2B11-like,protein-coding,-,-,-,olfactory receptor 2B11-like,20210420,-
130825,121156325,LOC121156325,-,-,-,Un,-,olfactory receptor 2H2-like,protein-coding,-,-,-,olfactory receptor 2H2-like,20210420,-
130825,121156326,LOC121156326,-,-,-,Un,-,olfactory receptor 2G3-like,protein-coding,-,-,-,olfactory receptor 2G3-like,20210420,-
130825,121156327,LOC121156327,-,-,-,Un,-,olfactory receptor 10C1-like,protein-coding,-,-,-,olfactory receptor 10C1-like,20210420,-
130825,121156328,HNRNPA1,-,-,-,Un,-,heterogeneous nuclear ribonucleoprotein A1,protein-coding,-,-,-,heterogeneous nuclear ribonucleoprotein A1,20210420,-
130825,121156329,LOC121156329,-,-,-,Un,-,olfactory receptor 2G3-like,protein-coding,-,-,-,olfactory receptor 2G3-like,20210420,-
130825,121156330,LOC121156330,-,-,-,Un,-,olfactory receptor 2G3-like,protein-coding,-,-,-,olfactory receptor 2G3-like,20210420,-
130825,121156331,LOC121156331,-,-,-,Un,-,olfactory receptor 2G3-like,protein-coding,-,-,-,olfactory receptor 2G3-like,20210420,-
130825,121156332,LOC121156332,-,-,-,Un,-,olfactory receptor 14J1,protein-coding,-,-,-,olfactory receptor 14J1,20210420,-
130825,121156333,LOC121156333,-,-,-,Un,-,olfactory receptor 14J1-like,protein-coding,-,-,-,olfactory receptor 14J1-like,20210420,-
130825,121156334,LOC121156334,-,-,-,Un,-,olfactory receptor 14J1-like,protein-coding,-,-,-,olfactory receptor 14J1-like,20210420,-
130825,121156335,LOC121156335,-,-,-,Un,-,olfactory receptor 5V1-like,protein-coding,-,-,-,olfactory receptor 5V1-like,20210420,-
130825,121156336,LOC121156336,-,-,-,Un,-,olfactory receptor 1361-like,protein-coding,-,-,-,olfactory receptor 1361-like,20210420,-
130825,121156337,LOC121156337,-,-,-,Un,-,olfactory receptor 11A1-like,protein-coding,-,-,-,olfactory receptor 11A1-like,20210420,-
130825,121156338,LOC121156338,-,-,-,Un,-,olfactory receptor 10C1,protein-coding,-,-,-,olfactory receptor 10C1,20210420,-
130825,121156339,LOC121156339,-,-,-,Un,-,putative olfactory receptor 2I1,protein-coding,-,-,-,putative olfactory receptor 2I1,20210420,-
130825,121156340,LOC121156340,-,-,-,Un,-,olfactory receptor 2H1-like,pseudo,-,-,-,-,20210420,-
130825,121156341,LOC121156341,-,-,-,Un,-,olfactory receptor 2H1-like,protein-coding,-,-,-,olfactory receptor 2H1-like,20210420,-
130825,121156342,LOC121156342,-,-,-,Un,-,E3 ubiquitin-protein ligase TRIM31-like,protein-coding,-,-,-,E3 ubiquitin-protein ligase TRIM31-like,20210420,-
130825,121156343,LOC121156343,-,-,-,Un,-,U6 spliceosomal RNA,snRNA,-,-,-,-,20210420,-
130825,121156344,LOC121156344,-,-,-,Un,-,uncharacterized LOC121156344,ncRNA,-,-,-,-,20210420,-
130825,121156345,LOC121156345,-,-,-,Un,-,uncharacterized LOC121156345,ncRNA,-,-,-,-,20210420,-
130825,121156346,MARCKS,-,-,-,Un,-,myristoylated alanine rich protein kinase C substrate,protein-coding,-,-,-,myristoylated alanine-rich C-kinase substrate,20210420,-
130825,121156347,HDAC2,-,-,-,Un,-,histone deacetylase 2,protein-coding,-,-,-,histone deacetylase 2,20210420,-
130825,121156348,COL10A1,-,-,-,Un,-,collagen type X alpha 1 chain,protein-coding,-,-,-,collagen alpha-1(X) chain,20210420,-
130825,121156349,NT5DC1,-,-,-,Un,-,5'-nucleotidase domain containing 1,protein-coding,-,-,-,5'-nucleotidase domain-containing protein 1,20210420,-
130825,121156350,TSPYL4,-,-,-,Un,-,TSPY like 4,protein-coding,-,-,-,testis-specific Y-encoded-like protein 4,20210420,-
130825,121156351,TSPYL1,-,-,-,Un,-,TSPY like 1,protein-coding,-,-,-,testis-specific Y-encoded-like protein 1,20210420,-
130825,121156352,LOC121156352,-,-,-,Un,-,uncharacterized LOC121156352,ncRNA,-,-,-,-,20210420,-
130825,121156353,LOC121156353,-,-,-,Un,-,uncharacterized LOC121156353,ncRNA,-,-,-,-,20210420,-
130825,121156354,LOC121156354,-,-,-,Un,-,uncharacterized LOC121156354,ncRNA,-,-,-,-,20210420,-
130825,121156355,DSE,-,-,-,Un,-,dermatan sulfate epimerase,protein-coding,-,-,-,dermatan-sulfate epimerase,20210420,-
130825,121156356,CALHM6,-,-,-,Un,-,calcium homeostasis modulator family member 6,protein-coding,-,-,-,calcium homeostasis modulator protein 6,20210420,-
130825,121156357,RWDD1,-,-,-,Un,-,RWD domain containing 1,protein-coding,-,-,-,RWD domain-containing protein 1,20210420,-
130825,121156358,LOC121156358,-,-,-,Un,-,ubiquitin-conjugating enzyme E2 variant 2-like,pseudo,-,-,-,-,20210420,-
130825,121156359,LOC121156359,-,-,-,Un,-,mitochondrial pyruvate carrier 2-like,pseudo,-,-,-,-,20210420,-
130825,121156360,LOC121156360,-,-,-,Un,-,60S ribosomal protein L30-like,protein-coding,-,-,-,60S ribosomal protein L30-like,20210420,-
130825,121156361,HS3ST5,-,-,-,Un,-,heparan sulfate-glucosamine 3-sulfotransferase 5,protein-coding,-,-,-,heparan sulfate glucosamine 3-O-sulfotransferase 5,20210420,-
130825,121156362,LOC121156362,-,-,-,Un,-,glyceraldehyde-3-phosphate dehydrogenase-like,pseudo,-,-,-,-,20210420,-
130825,121156363,COPZ1,-,-,-,Un,-,COPI coat complex subunit zeta 1,protein-coding,-,-,-,coatomer subunit zeta-1,20210501,-
130825,121156364,FRK,-,-,-,Un,-,fyn related Src family tyrosine kinase,protein-coding,-,-,-,tyrosine-protein kinase FRK,20210420,-
130825,121156365,LOC121156365,-,-,-,Un,-,uncharacterized LOC121156365,ncRNA,-,-,-,-,20210420,-
130825,121156366,CALHM5,-,-,-,Un,-,calcium homeostasis modulator family member 5,protein-coding,-,-,-,calcium homeostasis modulator protein 5,20210420,-
130825,121156367,TRAPPC3L,-,-,-,Un,-,trafficking protein particle complex subunit 3L,protein-coding,-,-,-,trafficking protein particle complex subunit 3-like protein,20210420,-
130825,121156368,CALHM4,-,-,-,Un,-,calcium homeostasis modulator family member 4,protein-coding,-,-,-,calcium homeostasis modulator protein 4,20210420,-
130825,121156369,LOC121156369,-,-,-,Un,-,amine sulfotransferase-like,protein-coding,-,-,-,amine sulfotransferase-like,20210420,-
130825,121156370,LOC121156370,-,-,-,Un,-,ret finger protein-like 4B,protein-coding,-,-,-,ret finger protein-like 4B,20210420,-
130825,121156371,LOC121156371,-,-,-,Un,-,ret finger protein-like 4B,protein-coding,-,-,-,ret finger protein-like 4B,20210420,-
130825,121156372,LOC121156372,-,-,-,Un,-,heterogeneous nuclear ribonucleoprotein K-like,pseudo,-,-,-,-,20210420,-
130825,121156373,LOC121156373,-,-,-,Un,-,UPF0183 protein C16orf70 homolog,pseudo,-,-,-,-,20210420,-
130825,121156374,LOC121156374,-,-,-,Un,-,amine sulfotransferase-like,protein-coding,-,-,-,amine sulfotransferase-like,20210420,-
130825,121156375,LOC121156375,-,-,-,Un,-,protocadherin beta-11-like,protein-coding,-,-,-,protocadherin beta-11-like,20210420,-
130825,121156376,LOC121156376,-,-,-,Un,-,protocadherin beta-4-like,protein-coding,-,-,-,protocadherin beta-4-like,20210420,-
130825,121156377,LOC121156377,-,-,-,Un,-,exonuclease V-like,protein-coding,-,-,-,exonuclease V-like,20210420,-
130825,121156378,LOC121156378,-,-,-,Un,-,zinc finger protein 271-like,pseudo,-,-,-,-,20210420,-
130825,121156379,LOC121156379,-,-,-,Un,-,uncharacterized LOC121156379,ncRNA,-,-,-,-,20210420,-
130825,121156380,LOC121156380,-,-,-,Un,-,uncharacterized LOC121156380,ncRNA,-,-,-,-,20210420,-
130825,121156381,ZDHHC13,-,-,-,Un,-,zinc finger DHHC-type palmitoyltransferase 13,protein-coding,-,-,-,palmitoyltransferase ZDHHC13,20210420,-
130825,121156382,E2F8,-,-,-,Un,-,E2F transcription factor 8,protein-coding,-,-,-,transcription factor E2F8,20210420,-
130825,121156383,NAV2,-,-,-,Un,-,neuron navigator 2,protein-coding,-,-,-,neuron navigator 2,20210420,-
130825,121156384,HTATIP2,-,-,-,Un,-,HIV-1 Tat interactive protein 2,protein-coding,-,-,-,oxidoreductase HTATIP2,20210420,-
130825,121156385,PRMT3,-,-,-,Un,-,protein arginine methyltransferase 3,protein-coding,-,-,-,protein arginine N-methyltransferase 3,20210420,-
130825,121156386,LOC121156386,-,-,-,Un,-,uncharacterized LOC121156386,ncRNA,-,-,-,-,20210420,-
130825,121156387,LOC121156387,-,-,-,Un,-,uncharacterized LOC121156387,ncRNA,-,-,-,-,20210420,-
130825,121156388,LOC121156388,-,-,-,Un,-,small VCP interacting protein,protein-coding,-,-,-,small VCP/p97-interacting protein,20210420,-
130825,121156389,LGR4,-,-,-,Un,-,leucine rich repeat containing G protein-coupled receptor 4,protein-coding,-,-,-,leucine-rich repeat-containing G-protein coupled receptor 4,20210420,-
130825,121156390,LIN7C,-,-,-,Un,-,"lin-7 homolog C, crumbs cell polarity complex component",protein-coding,-,-,-,protein lin-7 homolog C,20210501,-
130825,121156391,KIF18A,-,-,-,Un,-,kinesin family member 18A,protein-coding,-,-,-,kinesin-like protein KIF18A,20210420,-
130825,121156392,ITGA5,-,-,-,Un,-,integrin subunit alpha 5,protein-coding,-,-,-,integrin alpha-5,20210420,-
130825,121156393,METTL15,-,-,-,Un,-,methyltransferase like 15,protein-coding,-,-,-,12S rRNA N4-methylcytidine (m4C) methyltransferase,20210420,-
130825,121156394,LOC121156394,-,-,-,Un,-,ADP ribosylation factor like GTPase 14 effector protein,protein-coding,-,-,-,ARL14 effector protein,20210420,-
130825,121156395,IMMP1L,-,-,-,Un,-,inner mitochondrial membrane peptidase subunit 1,protein-coding,-,-,-,mitochondrial inner membrane protease subunit 1,20210420,-
130825,121156396,DNAJC24,-,-,-,Un,-,DnaJ heat shock protein family (Hsp40) member C24,protein-coding,-,-,-,dnaJ homolog subfamily C member 24,20210420,-
130825,121156397,ELP4,-,-,-,Un,-,elongator acetyltransferase complex subunit 4,protein-coding,-,-,-,elongator complex protein 4,20210420,-
130825,121156398,NCKAP1L,-,-,-,Un,-,NCK associated protein 1 like,protein-coding,-,-,-,nck-associated protein 1-like,20210420,-
130825,121156399,PAX6,-,-,-,Un,-,paired box 6,protein-coding,-,-,-,paired box protein Pax-6,20210529,-
130825,121156400,RCN1,-,-,-,Un,-,reticulocalbin 1,protein-coding,-,-,-,reticulocalbin-1,20210420,-
130825,121156401,CCDC73,-,-,-,Un,-,coiled-coil domain containing 73,protein-coding,-,-,-,coiled-coil domain-containing protein 73,20210420,-
130825,121156402,EIF3M,-,-,-,Un,-,eukaryotic translation initiation factor 3 subunit M,protein-coding,-,-,-,eukaryotic translation initiation factor 3 subunit M,20210420,-
130825,121156403,QSER1,-,-,-,Un,-,glutamine and serine rich 1,protein-coding,-,-,-,glutamine and serine-rich protein 1,20210420,-
130825,121156404,LOC121156404,-,-,-,Un,-,uncharacterized LOC121156404,ncRNA,-,-,-,-,20210420,-
130825,121156405,CSTF3,-,-,-,Un,-,cleavage stimulation factor subunit 3,protein-coding,-,-,-,cleavage stimulation factor subunit 3,20210420,-
130825,121156406,HIPK3,-,-,-,Un,-,homeodomain interacting protein kinase 3,protein-coding,-,-,-,homeodomain-interacting protein kinase 3,20210420,-
130825,121156407,PDE1B,-,-,-,Un,-,phosphodiesterase 1B,protein-coding,-,-,-,"calcium/calmodulin-dependent 3',5'-cyclic nucleotide phosphodiesterase 1B",20210420,-
130825,121156408,CD59,-,-,-,Un,-,CD59 molecule (CD59 blood group),protein-coding,-,-,-,CD59 glycoprotein,20210420,-
130825,121156409,FBXO3,-,-,-,Un,-,F-box protein 3,protein-coding,-,-,-,F-box only protein 3,20210420,-
130825,121156410,LMO2,-,-,-,Un,-,LIM domain only 2,protein-coding,-,-,-,rhombotin-2,20210420,-
130825,121156411,CAPRIN1,-,-,-,Un,-,cell cycle associated protein 1,protein-coding,-,-,-,caprin-1,20210420,-
130825,121156412,NAT10,-,-,-,Un,-,N-acetyltransferase 10,protein-coding,-,-,-,RNA cytidine acetyltransferase,20210420,-
130825,121156413,ABTB2,-,-,-,Un,-,ankyrin repeat and BTB domain containing 2,protein-coding,-,-,-,ankyrin repeat and BTB/POZ domain-containing protein 2,20210420,-
130825,121156414,CAT,-,-,-,Un,-,catalase,protein-coding,-,-,-,catalase,20210420,-
130825,121156415,ELF5,-,-,-,Un,-,E74 like ETS transcription factor 5,protein-coding,-,-,-,ETS-related transcription factor Elf-5,20210420,-
130825,121156416,EHF,-,-,-,Un,-,ETS homologous factor,protein-coding,-,-,-,ETS homologous factor,20210420,-
130825,121156417,LOC121156417,-,-,-,Un,-,APAF1 interacting protein,protein-coding,-,-,-,methylthioribulose-1-phosphate dehydratase,20210420,-
130825,121156418,PDHX,-,-,-,Un,-,pyruvate dehydrogenase complex component X,protein-coding,-,-,-,"pyruvate dehydrogenase protein X component, mitochondrial",20210420,-
130825,121156419,TESPA1,-,-,-,Un,-,"thymocyte expressed, positive selection associated 1",protein-coding,-,-,-,LOW QUALITY PROTEIN: protein TESPA1,20210420,-
130825,121156420,CD44,-,-,-,Un,-,CD44 molecule (Indian blood group),protein-coding,-,-,-,CD44 antigen,20210420,-
130825,121156421,LOC121156421,-,-,-,Un,-,uncharacterized LOC121156421,ncRNA,-,-,-,-,20210420,-
130825,121156422,SLC1A2,-,-,-,Un,-,solute carrier family 1 member 2,protein-coding,-,-,-,excitatory amino acid transporter 2|glial high-affinity glutamate transporter,20210420,-
130825,121156423,UHRF1BP1L,-,-,-,Un,-,UHRF1 binding protein 1 like,protein-coding,-,-,-,UHRF1-binding protein 1-like,20210420,-
130825,121156424,TRIM44,-,-,-,Un,-,tripartite motif containing 44,protein-coding,-,-,-,tripartite motif-containing protein 44,20210420,-
130825,121156425,LDLRAD3,-,-,-,Un,-,low density lipoprotein receptor class A domain containing 3,protein-coding,-,-,-,low-density lipoprotein receptor class A domain-containing protein 3,20210420,-
130825,121156426,COMMD9,-,-,-,Un,-,COMM domain containing 9,protein-coding,-,-,-,COMM domain-containing protein 9,20210420,-
130825,121156427,PRR5L,-,-,-,Un,-,proline rich 5 like,protein-coding,-,-,-,proline-rich protein 5-like,20210420,-
130825,121156428,TRAF6,-,-,-,Un,-,TNF receptor associated factor 6,protein-coding,-,-,-,TNF receptor-associated factor 6,20210420,-
130825,121156429,LOC121156429,-,-,-,Un,-,intraflagellar transport associated protein,protein-coding,-,-,-,intraflagellar transport-associated protein,20210420,-
130825,121156430,ANKS1B,-,-,-,Un,-,ankyrin repeat and sterile alpha motif domain containing 1B,protein-coding,-,-,-,ankyrin repeat and sterile alpha motif domain-containing protein 1B,20210420,-
130825,121156431,API5,-,-,-,Un,-,apoptosis inhibitor 5,protein-coding,-,-,-,apoptosis inhibitor 5,20210420,-
130825,121156432,TTC17,-,-,-,Un,-,tetratricopeptide repeat domain 17,protein-coding,-,-,-,tetratricopeptide repeat protein 17,20210420,-
130825,121156433,LOC121156433,-,-,-,Un,-,uncharacterized LOC121156433,ncRNA,-,-,-,-,20210420,-
130825,121156434,LOC121156434,-,-,-,Un,-,uncharacterized LOC121156434,ncRNA,-,-,-,-,20210420,-
130825,121156435,HSD17B12,-,-,-,Un,-,hydroxysteroid 17-beta dehydrogenase 12,protein-coding,-,-,-,very-long-chain 3-oxoacyl-CoA reductase,20210420,-
130825,121156436,ALKBH3,-,-,-,Un,-,"alkB homolog 3, alpha-ketoglutarate dependent dioxygenase",protein-coding,-,-,-,alpha-ketoglutarate-dependent dioxygenase alkB homolog 3|alkylation repair-like protein 3,20210420,-
130825,121156437,CUNH11orf96,-,-,-,Un,-,chromosome unknown C11orf96 homolog,protein-coding,-,-,-,uncharacterized protein C11orf96 homolog,20210420,-
130825,121156438,ACCS,-,-,-,Un,-,1-aminocyclopropane-1-carboxylate synthase homolog (inactive),protein-coding,-,-,-,1-aminocyclopropane-1-carboxylate synthase-like protein 1,20210420,-
130825,121156439,EXT2,-,-,-,Un,-,exostosin glycosyltransferase 2,protein-coding,-,-,-,exostosin-2,20210420,-
130825,121156440,CD82,-,-,-,Un,-,CD82 molecule,protein-coding,-,-,-,CD82 antigen,20210420,-
130825,121156441,TSPAN18,-,-,-,Un,-,tetraspanin 18,protein-coding,-,-,-,tetraspanin-18,20210420,-
130825,121156442,TP53I11,-,-,-,Un,-,tumor protein p53 inducible protein 11,protein-coding,-,-,-,tumor protein p53-inducible protein 11,20210420,-
130825,121156443,PRDM11,-,-,-,Un,-,PR/SET domain 11,protein-coding,-,-,-,PR domain-containing protein 11,20210420,-
130825,121156444,SLC35C1,-,-,-,Un,-,solute carrier family 35 member C1,protein-coding,-,-,-,GDP-fucose transporter 1,20210420,-
130825,121156445,CRY2,-,-,-,Un,-,cryptochrome circadian regulator 2,protein-coding,-,-,-,cryptochrome-2,20210420,-
130825,121156446,PEX16,-,-,-,Un,-,peroxisomal biogenesis factor 16,protein-coding,-,-,-,peroxisomal biogenesis factor 16,20210420,-
130825,121156447,PHF21A,-,-,-,Un,-,PHD finger protein 21A,protein-coding,-,-,-,PHD finger protein 21A,20210420,-
130825,121156448,LOC121156448,-,-,-,Un,-,uncharacterized LOC121156448,ncRNA,-,-,-,-,20210420,-
130825,121156449,DGKZ,-,-,-,Un,-,diacylglycerol kinase zeta,protein-coding,-,-,-,diacylglycerol kinase zeta,20210420,-
130825,121156450,AMBRA1,-,-,-,Un,-,autophagy and beclin 1 regulator 1,protein-coding,-,-,-,activating molecule in BECN1-regulated autophagy protein 1,20210420,-
130825,121156451,HARBI1,-,-,-,Un,-,harbinger transposase derived 1,protein-coding,-,-,-,putative nuclease HARBI1,20210420,-
130825,121156452,ATG13,-,-,-,Un,-,autophagy related 13,protein-coding,-,-,-,autophagy-related protein 13,20210420,-
130825,121156453,ARHGAP1,-,-,-,Un,-,Rho GTPase activating protein 1,protein-coding,-,-,-,rho GTPase-activating protein 1,20210420,-
130825,121156454,ZNF408,-,-,-,Un,-,zinc finger protein 408,protein-coding,-,-,-,zinc finger protein 408,20210420,-
130825,121156455,CKAP5,-,-,-,Un,-,cytoskeleton associated protein 5,protein-coding,-,-,-,cytoskeleton-associated protein 5,20210420,-
130825,121156456,LOC121156456,-,-,-,Un,-,U6 snRNA-associated Sm-like protein LSm2,pseudo,-,-,-,-,20210420,-
130825,121156457,LRP4,-,-,-,Un,-,LDL receptor related protein 4,protein-coding,-,-,-,low-density lipoprotein receptor-related protein 4,20210420,-
130825,121156458,CUNH11orf49,-,-,-,Un,-,chromosome unknown C11orf49 homolog,protein-coding,-,-,-,UPF0705 protein C11orf49 homolog,20210420,-
130825,121156459,ARFGAP2,-,-,-,Un,-,ADP ribosylation factor GTPase activating protein 2,protein-coding,-,-,-,ADP-ribosylation factor GTPase-activating protein 2,20210420,-
130825,121156460,DDB2,-,-,-,Un,-,damage specific DNA binding protein 2,protein-coding,-,-,-,DNA damage-binding protein 2,20210420,-
130825,121156461,ACP2,-,-,-,Un,-,"acid phosphatase 2, lysosomal",protein-coding,-,-,-,lysosomal acid phosphatase,20210420,-
130825,121156462,NR1H3,-,-,-,Un,-,nuclear receptor subfamily 1 group H member 3,protein-coding,-,-,-,oxysterols receptor LXR-alpha,20210420,-
130825,121156463,MADD,-,-,-,Un,-,MAP kinase activating death domain,protein-coding,-,-,-,MAP kinase-activating death domain protein,20210420,-
130825,121156464,SPI1,-,-,-,Un,-,Spi-1 proto-oncogene,protein-coding,-,-,-,transcription factor PU.1,20210420,-
130825,121156465,LOC121156465,-,-,-,Un,-,uncharacterized LOC121156465,ncRNA,-,-,-,-,20210420,-
130825,121156466,SLC39A13,-,-,-,Un,-,solute carrier family 39 member 13,protein-coding,-,-,-,zinc transporter ZIP13,20210420,-
130825,121156467,PSMC3,-,-,-,Un,-,"proteasome 26S subunit, ATPase 3",protein-coding,-,-,-,26S proteasome regulatory subunit 6A,20210420,-
130825,121156468,CELF1,-,-,-,Un,-,CUGBP Elav-like family member 1,protein-coding,-,-,-,CUGBP Elav-like family member 1,20210420,-
130825,121156469,PTPMT1,-,-,-,Un,-,protein tyrosine phosphatase mitochondrial 1,protein-coding,-,-,-,phosphatidylglycerophosphatase and protein-tyrosine phosphatase 1,20210420,-
130825,121156470,KBTBD4,-,-,-,Un,-,kelch repeat and BTB domain containing 4,protein-coding,-,-,-,kelch repeat and BTB domain-containing protein 4,20210420,-
130825,121156471,NDUFS3,-,-,-,Un,-,NADH:ubiquinone oxidoreductase core subunit S3,protein-coding,-,-,-,"NADH dehydrogenase [ubiquinone] iron-sulfur protein 3, mitochondrial",20210420,-
130825,121156472,MTCH2,-,-,-,Un,-,mitochondrial carrier 2,protein-coding,-,-,-,mitochondrial carrier homolog 2,20210420,-
130825,121156473,FNBP4,-,-,-,Un,-,formin binding protein 4,protein-coding,-,-,-,formin-binding protein 4,20210420,-
130825,121156474,NUP160,-,-,-,Un,-,nucleoporin 160,protein-coding,-,-,-,nuclear pore complex protein Nup160,20210420,-
130825,121156475,PTPRJ,-,-,-,Un,-,protein tyrosine phosphatase receptor type J,protein-coding,-,-,-,receptor-type tyrosine-protein phosphatase eta,20210420,-
130825,121156476,LOC121156476,-,-,-,Un,-,uncharacterized LOC121156476,ncRNA,-,-,-,-,20210420,-
130825,121156477,LOC121156477,-,-,-,Un,-,small nuclear ribonucleoprotein F-like,pseudo,-,-,-,-,20210420,-
130825,121156478,LOC121156478,-,-,-,Un,-,Golgi phosphoprotein 3-like,pseudo,-,-,-,-,20210420,-
130825,121156479,LOC121156479,-,-,-,Un,-,S-adenosylmethionine decarboxylase proenzyme-like,pseudo,-,-,-,-,20210420,-
130825,121156480,LOC121156480,-,-,-,Un,-,40S ribosomal protein S13-like,pseudo,-,-,-,-,20210420,-
130825,121156481,LOC121156481,-,-,-,Un,-,heterogeneous nuclear ribonucleoprotein A3-like,pseudo,-,-,-,-,20210420,-
130825,121156482,LOC121156482,-,-,-,Un,-,mitochondrial import inner membrane translocase subunit Tim9-like,protein-coding,-,-,-,mitochondrial import inner membrane translocase subunit Tim9-like,20210420,-
130825,121156483,ANO5,-,-,-,Un,-,anoctamin 5,protein-coding,-,-,-,anoctamin-5,20210420,-
130825,121156484,LOC121156484,-,-,-,Un,-,ataxin-2-like protein,pseudo,-,-,-,-,20210420,-
130825,121156485,LOC121156485,-,-,-,Un,-,zinc finger protein 875-like,protein-coding,-,-,-,zinc finger protein 875-like,20210420,-
130825,121156486,LOC121156486,-,-,-,Un,-,60S ribosomal protein L23a-like,pseudo,-,-,-,-,20210420,-
130825,121156487,LOC121156487,-,-,-,Un,-,protein TFG-like,pseudo,-,-,-,-,20210420,-
130825,121156488,LOC121156488,-,-,-,Un,-,elongin-C-like,pseudo,-,-,-,-,20210420,-
130825,121156489,DCDC1,-,-,-,Un,-,doublecortin domain containing 1,protein-coding,-,-,-,LOW QUALITY PROTEIN: doublecortin domain-containing protein 1,20210420,-
130825,121156490,LOC121156490,-,-,-,Un,-,kelch-like protein 18,pseudo,-,-,-,-,20210420,-
130825,121156491,LOC121156491,-,-,-,Un,-,protein SET-like,pseudo,-,-,-,-,20210420,-
130825,121156492,KIAA1549L,-,-,-,Un,-,KIAA1549 like,protein-coding,-,-,-,LOW QUALITY PROTEIN: UPF0606 protein KIAA1549L homolog,20210420,-
130825,121156493,LOC121156493,-,-,-,Un,-,"DNA-directed RNA polymerases I, II, and III subunit RPABC5-like",protein-coding,-,-,-,"DNA-directed RNA polymerases I, II, and III subunit RPABC5-like",20210420,-
130825,121156494,LOC121156494,-,-,-,Un,-,cysteine/serine-rich nuclear protein 1-like,pseudo,-,-,-,-,20210420,-
130825,121156495,LOC121156495,-,-,-,Un,-,40S ribosomal protein S3a-like,pseudo,-,-,-,-,20210420,-
130825,121156496,LOC121156496,-,-,-,Un,-,nucleolar protein 58-like,pseudo,-,-,-,-,20210420,-
130825,121156497,LOC121156497,-,-,-,Un,-,protein LSM14 homolog A-like,pseudo,-,-,-,-,20210420,-
130825,121156498,ACCSL,-,-,-,Un,-,1-aminocyclopropane-1-carboxylate synthase homolog (inactive) like,protein-coding,-,-,-,probable inactive 1-aminocyclopropane-1-carboxylate synthase-like protein 2,20210420,-
130825,121156499,AGBL2,-,-,-,Un,-,AGBL carboxypeptidase 2,protein-coding,-,-,-,cytosolic carboxypeptidase 2,20210420,-
130825,121156500,LOC121156500,-,-,-,Un,-,tubulin alpha-1C chain-like,pseudo,-,-,-,-,20210420,-
130825,121156501,LOC121156501,-,-,-,Un,-,olfactory receptor 4B1-like,protein-coding,-,-,-,olfactory receptor 4B1-like,20210420,-
130825,121156502,CSRP3,-,-,-,Un,-,cysteine and glycine rich protein 3,protein-coding,-,-,-,cysteine and glycine-rich protein 3,20210420,-
130825,121156503,DBX1,-,-,-,Un,-,developing brain homeobox 1,protein-coding,-,-,-,homeobox protein DBX1,20210420,-
130825,121156504,SLC6A5,-,-,-,Un,-,solute carrier family 6 member 5,protein-coding,-,-,-,sodium- and chloride-dependent glycine transporter 2,20210420,-
130825,121156505,NELL1,-,-,-,Un,-,neural EGFL like 1,protein-coding,-,-,-,protein kinase C-binding protein NELL1,20210420,-
130825,121156506,SLC17A6,-,-,-,Un,-,solute carrier family 17 member 6,protein-coding,-,-,-,vesicular glutamate transporter 2,20210420,-
130825,121156507,LOC121156507,-,-,-,Un,-,40S ribosomal protein SA-like,pseudo,-,-,-,-,20210420,-
130825,121156508,FANCF,-,-,-,Un,-,FA complementation group F,protein-coding,-,-,-,Fanconi anemia group F protein,20210420,-
130825,121156509,GAS2,-,-,-,Un,-,growth arrest specific 2,protein-coding,-,-,-,growth arrest-specific protein 2,20210420,-
130825,121156510,CCDC179,-,-,-,Un,-,coiled-coil domain containing 179,protein-coding,-,-,-,coiled-coil domain-containing protein 179,20210420,-
130825,121156511,LUZP2,-,-,-,Un,-,leucine zipper protein 2,protein-coding,-,-,-,leucine zipper protein 2,20210420,-
130825,121156512,ANO3,-,-,-,Un,-,anoctamin 3,protein-coding,-,-,-,anoctamin-3,20210420,-
130825,121156513,MUC15,-,-,-,Un,-,"mucin 15, cell surface associated",protein-coding,-,-,-,mucin-15,20210420,-
130825,121156514,SLC5A12,-,-,-,Un,-,solute carrier family 5 member 12,protein-coding,-,-,-,sodium-coupled monocarboxylate transporter 2,20210420,-
130825,121156515,FIBIN,-,-,-,Un,-,fin bud initiation factor homolog,protein-coding,-,-,-,fin bud initiation factor homolog,20210420,-
130825,121156516,BBOX1,-,-,-,Un,-,gamma-butyrobetaine hydroxylase 1,protein-coding,-,-,-,gamma-butyrobetaine dioxygenase,20210420,-
130825,121156517,LOC121156517,-,-,-,Un,-,uncharacterized LOC121156517,ncRNA,-,-,-,-,20210420,-
130825,121156518,LOC121156518,-,-,-,Un,-,uncharacterized LOC121156518,ncRNA,-,-,-,-,20210420,-
130825,121156519,CCDC34,-,-,-,Un,-,coiled-coil domain containing 34,protein-coding,-,-,-,coiled-coil domain-containing protein 34,20210420,-
130825,121156520,BDNF,-,-,-,Un,-,brain derived neurotrophic factor,protein-coding,-,-,-,brain-derived neurotrophic factor,20210420,-
130825,121156521,KCNA4,-,-,-,Un,-,potassium voltage-gated channel subfamily A member 4,protein-coding,-,-,-,potassium voltage-gated channel subfamily A member 4,20210420,-
130825,121156522,LOC121156522,-,-,-,Un,-,COX assembly mitochondrial protein homolog,pseudo,-,-,-,-,20210420,-
130825,121156523,FSHB,-,-,-,Un,-,follicle stimulating hormone subunit beta,protein-coding,-,-,-,follitropin subunit beta,20210420,-
130825,121156524,MPPED2,-,-,-,Un,-,metallophosphoesterase domain containing 2,protein-coding,-,-,-,metallophosphoesterase MPPED2,20210424,-
130825,121156525,LOC121156525,-,-,-,Un,-,60S ribosomal protein L23a-like,pseudo,-,-,-,-,20210420,-
130825,121156526,LOC121156526,-,-,-,Un,-,60S ribosomal protein L23-like,pseudo,-,-,-,-,20210420,-
130825,121156527,WT1,-,-,-,Un,-,WT1 transcription factor,protein-coding,-,-,-,Wilms tumor protein,20210420,-
130825,121156528,PRRG4,-,-,-,Un,-,proline rich and Gla domain 4,protein-coding,-,-,-,transmembrane gamma-carboxyglutamic acid protein 4,20210420,-
130825,121156529,LOC121156529,-,-,-,Un,-,bromodomain-containing protein 8-like,protein-coding,-,-,-,bromodomain-containing protein 8-like,20210420,-
130825,121156530,APAF1,-,-,-,Un,-,apoptotic peptidase activating factor 1,protein-coding,-,-,-,apoptotic protease-activating factor 1,20210420,-
130825,121156531,DEPDC7,-,-,-,Un,-,DEP domain containing 7,protein-coding,-,-,-,DEP domain-containing protein 7,20210420,-
130825,121156532,TCP11L1,-,-,-,Un,-,t-complex 11 like 1,protein-coding,-,-,-,T-complex protein 11-like protein 1,20210420,-
130825,121156533,LOC121156533,-,-,-,Un,-,uncharacterized LOC121156533,ncRNA,-,-,-,-,20210420,-
130825,121156534,LOC121156534,-,-,-,Un,-,"DNA-directed RNA polymerases I, II, and III subunit RPABC5",protein-coding,-,-,-,"DNA-directed RNA polymerases I, II, and III subunit RPABC5",20210605,-
130825,121156535,CUNH11orf91,-,-,-,Un,-,chromosome unknown C11orf91 homolog,protein-coding,-,-,-,uncharacterized protein C11orf91 homolog,20210420,-
130825,121156536,LOC121156536,-,-,-,Un,-,uncharacterized LOC121156536,ncRNA,-,-,-,-,20210420,-
130825,121156537,PAMR1,-,-,-,Un,-,peptidase domain containing associated with muscle regeneration 1,protein-coding,-,-,-,inactive serine protease PAMR1,20210420,-
130825,121156538,FJX1,-,-,-,Un,-,four-jointed box kinase 1,protein-coding,-,-,-,four-jointed box protein 1,20210420,-
130825,121156539,RAG1,-,-,-,Un,-,recombination activating 1,protein-coding,-,-,-,V(D)J recombination-activating protein 1|recombination activating protein 1,20210420,-
130825,121156540,RAG2,-,-,-,Un,-,recombination activating 2,protein-coding,-,-,-,V(D)J recombination-activating protein 2|recombination activating protein 2,20210420,-
130825,121156541,LOC121156541,-,-,-,Un,-,NADH dehydrogenase [ubiquinone] 1 alpha subcomplex subunit 1-like,protein-coding,-,-,-,NADH dehydrogenase [ubiquinone] 1 alpha subcomplex subunit 1-like,20210420,-
130825,121156542,LRRC4C,-,-,-,Un,-,leucine rich repeat containing 4C,protein-coding,-,-,-,leucine-rich repeat-containing protein 4C,20210420,-
130825,121156543,LOC121156543,-,-,-,Un,-,protein FAM136A-like,protein-coding,-,-,-,protein FAM136A-like,20210420,-
130825,121156544,LOC121156544,-,-,-,Un,-,uncharacterized LOC121156544,ncRNA,-,-,-,-,20210420,-
130825,121156545,FAM71C,-,-,-,Un,-,family with sequence similarity 71 member C,protein-coding,-,-,-,protein FAM71C,20210420,-
130825,121156546,LOC121156546,-,-,-,Un,-,"10 kDa heat shock protein, mitochondrial-like",pseudo,-,-,-,-,20210420,-
130825,121156547,ALX4,-,-,-,Un,-,ALX homeobox 4,protein-coding,-,-,-,homeobox protein aristaless-like 4,20210420,-
130825,121156548,LOC121156548,-,-,-,Un,-,uncharacterized LOC121156548,ncRNA,-,-,-,-,20210420,-
130825,121156549,SYT13,-,-,-,Un,-,synaptotagmin 13,protein-coding,-,-,-,synaptotagmin-13,20210420,-
130825,121156550,CHST1,-,-,-,Un,-,carbohydrate sulfotransferase 1,protein-coding,-,-,-,carbohydrate sulfotransferase 1,20210420,-
130825,121156551,MAPK8IP1,-,-,-,Un,-,mitogen-activated protein kinase 8 interacting protein 1,protein-coding,-,-,-,C-Jun-amino-terminal kinase-interacting protein 1,20210420,-
130825,121156552,CUNH11orf94,-,-,-,Un,-,chromosome unknown C11orf94 homolog,protein-coding,-,-,-,uncharacterized protein C11orf94 homolog,20210420,-
130825,121156553,LARGE2,-,-,-,Un,-,LARGE xylosyl- and glucuronyltransferase 2,protein-coding,-,-,-,LARGE xylosyl- and glucuronyltransferase 2,20210420,-
130825,121156554,LOC121156554,-,-,-,Un,-,high mobility group protein HMG-I/HMG-Y-like,pseudo,-,-,-,-,20210420,-
130825,121156555,CREB3L1,-,-,-,Un,-,cAMP responsive element binding protein 3 like 1,protein-coding,-,-,-,cyclic AMP-responsive element-binding protein 3-like protein 1,20210420,-
130825,121156556,MDK,-,-,-,Un,-,midkine,protein-coding,-,-,-,midkine,20210420,-
130825,121156557,CHRM4,-,-,-,Un,-,cholinergic receptor muscarinic 4,protein-coding,-,-,-,muscarinic acetylcholine receptor M4,20210420,-
130825,121156558,F2,-,-,-,Un,-,"coagulation factor II, thrombin",protein-coding,-,-,-,prothrombin,20210420,-
130825,121156559,PACSIN3,-,-,-,Un,-,protein kinase C and casein kinase substrate in neurons 3,protein-coding,-,-,-,protein kinase C and casein kinase substrate in neurons protein 3,20210420,-
130825,121156560,MYBPC3,-,-,-,Un,-,myosin binding protein C3,protein-coding,-,-,-,"myosin-binding protein C, cardiac-type",20210420,-
130825,121156561,LOC121156561,-,-,-,Un,-,60S ribosomal protein L39-like,pseudo,-,-,-,-,20210420,-
130825,121156562,RAPSN,-,-,-,Un,-,receptor associated protein of the synapse,protein-coding,-,-,-,43 kDa receptor-associated protein of the synapse,20210420,-
130825,121156563,FAM180B,-,-,-,Un,-,family with sequence similarity 180 member B,protein-coding,-,-,-,protein FAM180B,20210420,-
130825,121156564,C1QTNF4,-,-,-,Un,-,C1q and TNF related 4,protein-coding,-,-,-,complement C1q tumor necrosis factor-related protein 4,20210420,-
130825,121156565,LOC121156565,-,-,-,Un,-,olfactory receptor 4B1-like,protein-coding,-,-,-,olfactory receptor 4B1-like,20210420,-
130825,121156566,LOC121156566,-,-,-,Un,-,olfactory receptor 4B1,protein-coding,-,-,-,olfactory receptor 4B1,20210420,-
130825,121156567,LOC121156567,-,-,-,Un,-,olfactory receptor 4X2-like,protein-coding,-,-,-,olfactory receptor 4X2-like,20210420,-
130825,121156568,LOC121156568,-,-,-,Un,-,olfactory receptor 4X1-like,protein-coding,-,-,-,olfactory receptor 4X1-like,20210420,-
130825,121156569,LOC121156569,-,-,-,Un,-,olfactory receptor 140,protein-coding,-,-,-,olfactory receptor 140,20210420,-
130825,121156570,LOC121156570,-,-,-,Un,-,uncharacterized LOC121156570,ncRNA,-,-,-,-,20210420,-
130825,121156571,LOC121156571,-,-,-,Un,-,olfactory receptor 4C45-like,protein-coding,-,-,-,olfactory receptor 4C45-like,20210420,-
130825,121156572,LOC121156572,-,-,-,Un,-,"isocitrate dehydrogenase [NAD] subunit gamma, mitochondrial-like",pseudo,-,-,-,-,20210420,-
130825,121156573,LOC121156573,-,-,-,Un,-,5S ribosomal RNA,pseudo,-,-,-,-,20210420,-
130825,121156574,LOC121156574,-,-,-,Un,-,U1 spliceosomal RNA,snRNA,-,-,-,-,20210420,-
130825,121156575,LOC121156575,-,-,-,Un,-,U1 spliceosomal RNA,snRNA,-,-,-,-,20210420,-
130825,121156576,LOC121156576,-,-,-,Un,-,U1 spliceosomal RNA,snRNA,-,-,-,-,20210420,-
130825,121156577,LOC121156577,-,-,-,Un,-,U2 spliceosomal RNA,snRNA,-,-,-,-,20210420,-
130825,121156578,LOC121156578,-,-,-,Un,-,U4 spliceosomal RNA,pseudo,-,-,-,-,20210420,-
130825,121156579,LOC121156579,-,-,-,Un,-,IKBKB interacting protein,protein-coding,-,-,-,inhibitor of nuclear factor kappa-B kinase-interacting protein,20210420,-
130825,121156580,LOC121156580,-,-,-,Un,-,U6 spliceosomal RNA,snRNA,-,-,-,-,20210420,-
130825,121156581,LOC121156581,-,-,-,Un,-,U6 spliceosomal RNA,snRNA,-,-,-,-,20210420,-
130825,121156582,LOC121156582,-,-,-,Un,-,U6 spliceosomal RNA,snRNA,-,-,-,-,20210420,-
130825,121156583,LOC121156583,-,-,-,Un,-,U6 spliceosomal RNA,snRNA,-,-,-,-,20210420,-
130825,121156584,LOC121156584,-,-,-,Un,-,U6 spliceosomal RNA,snRNA,-,-,-,-,20210420,-
130825,121156585,LOC121156585,-,-,-,Un,-,U6 spliceosomal RNA,snRNA,-,-,-,-,20210420,-
130825,121156586,LOC121156586,-,-,-,Un,-,U6 spliceosomal RNA,snRNA,-,-,-,-,20210420,-
130825,121156587,LOC121156587,-,-,-,Un,-,U6 spliceosomal RNA,snRNA,-,-,-,-,20210420,-
130825,121156588,LOC121156588,-,-,-,Un,-,U6 spliceosomal RNA,pseudo,-,-,-,-,20210420,-
130825,121156589,LOC121156589,-,-,-,Un,-,U6 spliceosomal RNA,snRNA,-,-,-,-,20210420,-
130825,121156590,LOC121156590,-,-,-,Un,-,U6 spliceosomal RNA,snRNA,-,-,-,-,20210420,-
130825,121156591,LOC121156591,-,-,-,Un,-,U6 spliceosomal RNA,snRNA,-,-,-,-,20210420,-
130825,121156592,LOC121156592,-,-,-,Un,-,U6 spliceosomal RNA,snRNA,-,-,-,-,20210420,-
130825,121156593,LOC121156593,-,-,-,Un,-,small nucleolar RNA SNORA38,snoRNA,-,-,-,-,20210420,-
130825,121156594,LOC121156594,-,-,-,Un,-,small nucleolar RNA SNORD67,snoRNA,-,-,-,-,20210420,-
130825,121156595,TRNAK-CUU,-,-,-,Un,-,transfer RNA lysine (anticodon CUU),tRNA,-,-,-,-,20210420,-
130825,121156596,LOC121156596,-,-,-,Un,-,transformation/transcription domain associated protein,protein-coding,-,-,-,transformation/transcription domain-associated protein,20210420,-
130825,121156597,SMURF1,-,-,-,Un,-,SMAD specific E3 ubiquitin protein ligase 1,protein-coding,-,-,-,E3 ubiquitin-protein ligase SMURF1,20210420,-
130825,121156598,LOC121156598,-,-,-,Un,-,uncharacterized LOC121156598,ncRNA,-,-,-,-,20210420,-
130825,121156599,ARPC1A,-,-,-,Un,-,actin related protein 2/3 complex subunit 1A,protein-coding,-,-,-,actin-related protein 2/3 complex subunit 1A,20210420,-
130825,121156600,ARPC1B,-,-,-,Un,-,actin related protein 2/3 complex subunit 1B,protein-coding,-,-,-,actin-related protein 2/3 complex subunit 1B,20210420,-
130825,121156601,PDAP1,-,-,-,Un,-,PDGFA associated protein 1,protein-coding,-,-,-,28 kDa heat- and acid-stable phosphoprotein,20210420,-
130825,121156602,SLC25A3,-,-,-,Un,-,solute carrier family 25 member 3,protein-coding,-,-,-,"phosphate carrier protein, mitochondrial",20210420,-
130825,121156603,PTCD1,-,-,-,Un,-,pentatricopeptide repeat domain 1,protein-coding,-,-,-,"pentatricopeptide repeat-containing protein 1, mitochondrial",20210420,-
130825,121156604,CPSF4,-,-,-,Un,-,cleavage and polyadenylation specific factor 4,protein-coding,-,-,-,cleavage and polyadenylation specificity factor subunit 4,20210420,-
130825,121156605,BUD31,-,-,-,Un,-,BUD31 homolog,protein-coding,-,-,-,protein BUD31 homolog,20210420,-
130825,121156606,ATP5MF,-,-,-,Un,-,ATP synthase membrane subunit f,protein-coding,-,-,-,"ATP synthase subunit f, mitochondrial",20210420,-
130825,121156607,ZKSCAN5,-,-,-,Un,-,zinc finger with KRAB and SCAN domains 5,protein-coding,-,-,-,zinc finger protein with KRAB and SCAN domains 5,20210420,-
130825,121156608,ZNF394,-,-,-,Un,-,zinc finger protein 394,protein-coding,-,-,-,zinc finger protein 394,20210420,-
130825,121156609,LOC121156609,-,-,-,Un,-,zinc finger protein 655-like,protein-coding,-,-,-,zinc finger protein 641-like|zinc finger protein 655-like,20210420,-
130825,121156610,TMPO,-,-,-,Un,-,thymopoietin,protein-coding,-,-,-,thymopoietin,20210420,-
130825,121156611,ZSCAN25,-,-,-,Un,-,zinc finger and SCAN domain containing 25,protein-coding,-,-,-,zinc finger and SCAN domain-containing protein 25,20210420,-
130825,121156612,LOC121156612,-,-,-,Un,-,cytochrome P450 3A6,protein-coding,-,-,-,cytochrome P450 3A6,20210420,-
130825,121156613,LOC121156613,-,-,-,Un,-,cytochrome P450 3A6-like,protein-coding,-,-,-,cytochrome P450 3A6-like,20210420,-
130825,121156614,LOC121156614,-,-,-,Un,-,cytochrome P450 3A6-like,protein-coding,-,-,-,cytochrome P450 3A6-like,20210420,-
130825,121156615,LOC121156615,-,-,-,Un,-,cytochrome P450 3A6-like,protein-coding,-,-,-,LOW QUALITY PROTEIN: cytochrome P450 3A6-like,20210420,-
130825,121156616,LOC121156616,-,-,-,Un,-,ras-related protein Rab-6A-like,pseudo,-,-,-,-,20210420,-
130825,121156617,LOC121156617,-,-,-,Un,-,ras-related protein Rab-6A-like,pseudo,-,-,-,-,20210420,-
130825,121156618,LOC121156618,-,-,-,Un,-,heterogeneous nuclear ribonucleoprotein K-like,protein-coding,-,-,-,heterogeneous nuclear ribonucleoprotein K-like,20210420,-
130825,121156619,LOC121156619,-,-,-,Un,-,zinc finger protein 135-like,protein-coding,-,-,-,zinc finger protein 135-like,20210420,-
130825,121156620,LOC121156620,-,-,-,Un,-,zinc finger MYND domain-containing protein 19-like,pseudo,-,-,-,-,20210420,-
130825,121156621,LOC121156621,-,-,-,Un,-,ras-related protein Rab-6A-like,pseudo,-,-,-,-,20210420,-
130825,121156622,KPNA7,-,-,-,Un,-,karyopherin subunit alpha 7,protein-coding,-,-,-,importin subunit alpha-8,20210420,-
130825,121156623,LOC121156623,-,-,-,Un,-,uncharacterized LOC121156623,ncRNA,-,-,-,-,20210420,-
130825,121156624,TMEM225B,-,-,-,Un,-,transmembrane protein 225B,protein-coding,-,-,-,transmembrane protein 225B,20210420,-
130825,121156625,LOC121156625,-,-,-,Un,-,U5 spliceosomal RNA,pseudo,-,-,-,-,20210420,-
130825,121156626,LOC121156626,-,-,-,Un,-,small nucleolar RNA SNORA17,snoRNA,-,-,-,-,20210420,-
130825,121156627,TRNAW-CCA,-,-,-,Un,-,transfer RNA tryptophan (anticodon CCA),tRNA,-,-,-,-,20210420,-
130825,121156628,LOC121156628,-,-,-,Un,-,uncharacterized LOC121156628,ncRNA,-,-,-,-,20210420,-
130825,121156629,LOC121156629,-,-,-,Un,-,T cell receptor alpha variable 13-1-like,other,-,-,-,-,20210420,-
130825,121156630,LOC121156630,-,-,-,Un,-,T cell receptor alpha variable 13-1-like,other,-,-,-,-,20210420,-
130825,121156631,LOC121156631,-,-,-,Un,-,aminopeptidase N-like,protein-coding,-,-,-,aminopeptidase N-like,20210420,-
130825,121156632,LOC121156632,-,-,-,Un,-,60S ribosomal protein L3-like,pseudo,-,-,-,-,20210420,-
130825,121156633,VGLL3,-,-,-,Un,-,vestigial like family member 3,protein-coding,-,-,-,transcription cofactor vestigial-like protein 3,20210420,-
130825,121156634,LOC121156634,-,-,-,Un,-,AP-3 complex subunit sigma-1-like,pseudo,-,-,-,-,20210420,-
130825,121156635,LOC121156635,-,-,-,Un,-,heterogeneous nuclear ribonucleoprotein A1-like,pseudo,-,-,-,-,20210420,-
130825,121156636,LOC121156636,-,-,-,Un,-,thioredoxin reductase-like selenoprotein T,pseudo,-,-,-,-,20210420,-
130825,121156637,LIPI,-,-,-,Un,-,lipase I,protein-coding,-,-,-,lipase member I,20210420,-
130825,121156638,LOC121156638,-,-,-,Un,-,"RNA-binding motif protein, X-linked 2-like",protein-coding,-,-,-,"RNA-binding motif protein, X-linked 2-like",20210420,-
130825,121156639,LOC121156639,-,-,-,Un,-,40S ribosomal protein S8-like,pseudo,-,-,-,-,20210420,-
130825,121156640,TMPRSS15,-,-,-,Un,-,transmembrane serine protease 15,protein-coding,-,-,-,enteropeptidase,20210420,-
130825,121156641,LOC121156641,-,-,-,Un,-,protein SET-like,pseudo,-,-,-,-,20210420,-
130825,121156642,LOC121156642,-,-,-,Un,-,serine-threonine kinase receptor-associated protein-like,pseudo,-,-,-,-,20210420,-
130825,121156643,LOC121156643,-,-,-,Un,-,isocitrate dehydrogenase [NADP] cytoplasmic-like,pseudo,-,-,-,-,20210420,-
130825,121156644,LOC121156644,-,-,-,Un,-,nascent polypeptide-associated complex subunit alpha-like,pseudo,-,-,-,-,20210420,-
130825,121156645,LOC121156645,-,-,-,Un,-,high mobility group protein B1-like,pseudo,-,-,-,-,20210420,-
130825,121156646,LOC121156646,-,-,-,Un,-,serine/arginine-rich splicing factor 3-like,pseudo,-,-,-,-,20210420,-
130825,121156647,LOC121156647,-,-,-,Un,-,nascent polypeptide-associated complex subunit alpha-like,pseudo,-,-,-,-,20210420,-
130825,121156648,CLDN17,-,-,-,Un,-,claudin 17,protein-coding,-,-,-,claudin-17,20210420,-
130825,121156649,LOC121156649,-,-,-,Un,-,keratin-associated protein 26-1-like,protein-coding,-,-,-,keratin-associated protein 26-1-like,20210420,-
130825,121156650,LOC121156650,-,-,-,Un,-,keratin-associated protein 26-1-like,protein-coding,-,-,-,keratin-associated protein 26-1-like,20210420,-
130825,121156651,LOC121156651,-,-,-,Un,-,keratin-associated protein 13-2-like,protein-coding,-,-,-,keratin-associated protein 13-2-like,20210420,-
130825,121156652,LOC121156652,-,-,-,Un,-,keratin-associated protein 13-1-like,protein-coding,-,-,-,keratin-associated protein 13-1-like,20210420,-
130825,121156653,LOC121156653,-,-,-,Un,-,keratin-associated protein 13-2-like,protein-coding,-,-,-,keratin-associated protein 13-2-like,20210420,-
130825,121156654,LOC121156654,-,-,-,Un,-,keratin-associated protein 6-3-like,protein-coding,-,-,-,keratin-associated protein 6-3-like,20210420,-
130825,121156655,NEDD1,-,-,-,Un,-,NEDD1 gamma-tubulin ring complex targeting factor,protein-coding,-,-,-,protein NEDD1,20210420,-
130825,121156656,LOC121156656,-,-,-,Un,-,keratin-associated protein 21-1-like,protein-coding,-,-,-,keratin-associated protein 21-1-like,20210420,-
130825,121156657,LOC121156657,-,-,-,Un,-,keratin-associated protein 21-1-like,protein-coding,-,-,-,keratin-associated protein 21-1-like,20210420,-
130825,121156658,GAP43,-,-,-,Un,-,growth associated protein 43,protein-coding,-,-,-,neuromodulin,20210420,-
130825,121156659,LOC121156659,-,-,-,Un,-,60S ribosomal protein L36-like,pseudo,-,-,-,-,20210420,-
130825,121156660,SMIM34A,-,-,-,Un,-,small integral membrane protein 34A,protein-coding,-,-,-,LOW QUALITY PROTEIN: small integral membrane protein 34A,20210420,-
130825,121156661,CLIC6,-,-,-,Un,-,chloride intracellular channel 6,protein-coding,-,-,-,chloride intracellular channel protein 6,20210420,-
130825,121156662,LOC121156662,-,-,-,Un,-,carbohydrate sulfotransferase 10-like,pseudo,-,-,-,-,20210420,-
130825,121156663,RIPPLY3,-,-,-,Un,-,ripply transcriptional repressor 3,protein-coding,-,-,-,protein ripply3,20210420,-
130825,121156664,LOC121156664,-,-,-,Un,-,uncharacterized LOC121156664,ncRNA,-,-,-,-,20210420,-
130825,121156665,LOC121156665,-,-,-,Un,-,"ATP synthase subunit beta, mitochondrial-like",pseudo,-,-,-,-,20210420,-
130825,121156666,LOC121156666,-,-,-,Un,-,uncharacterized LOC121156666,ncRNA,-,-,-,-,20210420,-
130825,121156667,ZBTB20,-,-,-,Un,-,zinc finger and BTB domain containing 20,protein-coding,-,-,-,zinc finger and BTB domain-containing protein 20,20210420,-
130825,121156668,CFAP54,-,-,-,Un,-,cilia and flagella associated protein 54,protein-coding,-,-,-,cilia- and flagella-associated protein 54,20210420,-
130825,121156669,TIGIT,-,-,-,Un,-,T cell immunoreceptor with Ig and ITIM domains,protein-coding,-,-,-,T-cell immunoreceptor with Ig and ITIM domains,20210420,-
130825,121156670,LOC121156670,-,-,-,Un,-,uncharacterized LOC121156670,ncRNA,-,-,-,-,20210420,-
130825,121156671,QTRT2,-,-,-,Un,-,queuine tRNA-ribosyltransferase accessory subunit 2,protein-coding,-,-,-,queuine tRNA-ribosyltransferase accessory subunit 2,20210420,-
130825,121156672,CCDC191,-,-,-,Un,-,coiled-coil domain containing 191,protein-coding,-,-,-,coiled-coil domain-containing protein 191,20210420,-
130825,121156673,ZDHHC23,-,-,-,Un,-,zinc finger DHHC-type palmitoyltransferase 23,protein-coding,-,-,-,palmitoyltransferase ZDHHC23,20210420,-
130825,121156674,CDK17,-,-,-,Un,-,cyclin dependent kinase 17,protein-coding,-,-,-,cyclin-dependent kinase 17,20210420,-
130825,121156675,GRAMD1C,-,-,-,Un,-,GRAM domain containing 1C,protein-coding,-,-,-,protein Aster-C,20210420,-
130825,121156676,ATP6V1A,-,-,-,Un,-,ATPase H+ transporting V1 subunit A,protein-coding,-,-,-,V-type proton ATPase catalytic subunit A,20210420,-
130825,121156677,NAA50,-,-,-,Un,-,"N-alpha-acetyltransferase 50, NatE catalytic subunit",protein-coding,-,-,-,N-alpha-acetyltransferase 50,20210420,-
130825,121156678,USF3,-,-,-,Un,-,upstream transcription factor family member 3,protein-coding,-,-,-,basic helix-loop-helix domain-containing protein USF3,20210420,-
130825,121156679,SIDT1,-,-,-,Un,-,SID1 transmembrane family member 1,protein-coding,-,-,-,SID1 transmembrane family member 1,20210420,-
130825,121156680,SPICE1,-,-,-,Un,-,spindle and centriole associated protein 1,protein-coding,-,-,-,spindle and centriole-associated protein 1,20210420,-
130825,121156681,BOC,-,-,-,Un,-,"BOC cell adhesion associated, oncogene regulated",protein-coding,-,-,-,brother of CDO,20210420,-
130825,121156682,NEPRO,-,-,-,Un,-,nucleolus and neural progenitor protein,protein-coding,-,-,-,nucleolus and neural progenitor protein,20210420,-
130825,121156683,CD200R1,-,-,-,Un,-,CD200 receptor 1,protein-coding,-,-,-,cell surface glycoprotein CD200 receptor 1,20210420,-
130825,121156684,ELK3,-,-,-,Un,-,ETS transcription factor ELK3,protein-coding,-,-,-,ETS domain-containing protein Elk-3,20210420,-
130825,121156685,GTPBP8,-,-,-,Un,-,GTP binding protein 8 (putative),protein-coding,-,-,-,GTP-binding protein 8,20210420,-
130825,121156686,SLC35A5,-,-,-,Un,-,solute carrier family 35 member A5,protein-coding,-,-,-,probable UDP-sugar transporter protein SLC35A5,20210420,-
130825,121156687,ATG3,-,-,-,Un,-,autophagy related 3,protein-coding,-,-,-,ubiquitin-like-conjugating enzyme ATG3,20210420,-
130825,121156688,BTLA,-,-,-,Un,-,B and T lymphocyte associated,protein-coding,-,-,-,B- and T-lymphocyte attenuator,20210420,-
130825,121156689,LOC121156689,-,-,-,Un,-,uncharacterized LOC121156689,ncRNA,-,-,-,-,20210420,-
130825,121156690,CD200,-,-,-,Un,-,CD200 molecule,protein-coding,-,-,-,OX-2 membrane glycoprotein,20210420,-
130825,121156691,LOC121156691,-,-,-,Un,-,OX-2 membrane glycoprotein-like,protein-coding,-,-,-,OX-2 membrane glycoprotein-like,20210420,-
130825,121156692,LTA4H,-,-,-,Un,-,leukotriene A4 hydrolase,protein-coding,-,-,-,leukotriene A-4 hydrolase,20210420,-
130825,121156693,ABHD10,-,-,-,Un,-,"abhydrolase domain containing 10, depalmitoylase",protein-coding,-,-,-,"palmitoyl-protein thioesterase ABHD10, mitochondrial",20210420,-
130825,121156694,PHLDB2,-,-,-,Un,-,pleckstrin homology like domain family B member 2,protein-coding,-,-,-,pleckstrin homology-like domain family B member 2,20210420,-
130825,121156695,PLCXD2,-,-,-,Un,-,phosphatidylinositol specific phospholipase C X domain containing 2,protein-coding,-,-,-,PI-PLC X domain-containing protein 2,20210420,-
130825,121156696,NECTIN3,-,-,-,Un,-,nectin cell adhesion molecule 3,protein-coding,-,-,-,nectin-3,20210420,-
130825,121156697,LOC121156697,-,-,-,Un,-,T-cell receptor-associated transmembrane adapter 1,protein-coding,-,-,-,T-cell receptor-associated transmembrane adapter 1,20210420,-
130825,121156698,DZIP3,-,-,-,Un,-,DAZ interacting zinc finger protein 3,protein-coding,-,-,-,E3 ubiquitin-protein ligase DZIP3,20210420,-
130825,121156699,LOC121156699,-,-,-,Un,-,macrophage migration inhibitory factor-like,pseudo,-,-,-,-,20210420,-
130825,121156700,CIP2A,-,-,-,Un,-,cellular inhibitor of PP2A,protein-coding,-,-,-,protein CIP2A,20210420,-
130825,121156701,IFT57,-,-,-,Un,-,intraflagellar transport 57,protein-coding,-,-,-,intraflagellar transport protein 57 homolog,20210420,-
130825,121156702,CD47,-,-,-,Un,-,CD47 molecule,protein-coding,-,-,-,leukocyte surface antigen CD47,20210420,-
130825,121156703,HAL,-,-,-,Un,-,histidine ammonia-lyase,protein-coding,-,-,-,histidine ammonia-lyase,20210420,-
130825,121156704,LOC121156704,-,-,-,Un,-,uncharacterized LOC121156704,ncRNA,-,-,-,-,20210420,-
130825,121156705,BBX,-,-,-,Un,-,BBX high mobility group box domain containing,protein-coding,-,-,-,HMG box transcription factor BBX,20210420,-
130825,121156706,LOC121156706,-,-,-,Un,-,uncharacterized LOC121156706,ncRNA,-,-,-,-,20210420,-
130825,121156707,CBLB,-,-,-,Un,-,Cbl proto-oncogene B,protein-coding,-,-,-,E3 ubiquitin-protein ligase CBL-B,20210420,-
130825,121156708,SNRPF,-,-,-,Un,-,small nuclear ribonucleoprotein polypeptide F,protein-coding,-,-,-,small nuclear ribonucleoprotein F,20210522,-
130825,121156709,ALCAM,-,-,-,Un,-,activated leukocyte cell adhesion molecule,protein-coding,-,-,-,CD166 antigen,20210420,-
130825,121156710,NFKBIZ,-,-,-,Un,-,NFKB inhibitor zeta,protein-coding,-,-,-,NF-kappa-B inhibitor zeta,20210420,-
130825,121156711,NXPE3,-,-,-,Un,-,neurexophilin and PC-esterase domain family member 3,protein-coding,-,-,-,NXPE family member 3,20210420,-
130825,121156712,CEP97,-,-,-,Un,-,centrosomal protein 97,protein-coding,-,-,-,centrosomal protein of 97 kDa,20210420,-
130825,121156713,RPL24,-,-,-,Un,-,ribosomal protein L24,protein-coding,-,-,-,60S ribosomal protein L24,20210501,-
130825,121156714,ZBTB11,-,-,-,Un,-,zinc finger and BTB domain containing 11,protein-coding,-,-,-,zinc finger and BTB domain-containing protein 11,20210420,-
130825,121156715,LOC121156715,-,-,-,Un,-,PEST proteolytic signal containing nuclear protein,protein-coding,-,-,-,PEST proteolytic signal-containing nuclear protein,20210529,-
130825,121156716,NTN4,-,-,-,Un,-,netrin 4,protein-coding,-,-,-,netrin-4,20210420,-
130825,121156717,TRMT10C,-,-,-,Un,-,"tRNA methyltransferase 10C, mitochondrial RNase P subunit",protein-coding,-,-,-,tRNA methyltransferase 10 homolog C,20210420,-
130825,121156718,LOC121156718,-,-,-,Un,-,uncharacterized LOC121156718,ncRNA,-,-,-,-,20210420,-
130825,121156719,SENP7,-,-,-,Un,-,SUMO specific peptidase 7,protein-coding,-,-,-,sentrin-specific protease 7,20210420,-
130825,121156720,LOC121156720,-,-,-,Un,-,G kinase-anchoring protein 1-like,pseudo,-,-,-,-,20210420,-
130825,121156721,LOC121156721,-,-,-,Un,-,calmodulin-1-like,pseudo,-,-,-,-,20210420,-
130825,121156722,IMPG2,-,-,-,Un,-,interphotoreceptor matrix proteoglycan 2,protein-coding,-,-,-,interphotoreceptor matrix proteoglycan 2,20210420,-
130825,121156723,TFG,-,-,-,Un,-,trafficking from ER to golgi regulator,protein-coding,-,-,-,protein TFG,20210420,-
130825,121156724,TMEM45A,-,-,-,Un,-,transmembrane protein 45A,protein-coding,-,-,-,transmembrane protein 45A,20210420,-
130825,121156725,TOMM70,-,-,-,Un,-,translocase of outer mitochondrial membrane 70,protein-coding,-,-,-,mitochondrial import receptor subunit TOM70,20210420,-
130825,121156726,NIT2,-,-,-,Un,-,nitrilase family member 2,protein-coding,-,-,-,omega-amidase NIT2,20210420,-
130825,121156727,TBC1D23,-,-,-,Un,-,TBC1 domain family member 23,protein-coding,-,-,-,TBC1 domain family member 23,20210420,-
130825,121156728,FILIP1L,-,-,-,Un,-,filamin A interacting protein 1 like,protein-coding,-,-,-,filamin A-interacting protein 1-like,20210420,-
130825,121156729,LOC121156729,-,-,-,Un,-,cell cycle control protein 50C-like,protein-coding,-,-,-,cell cycle control protein 50C-like,20210420,-
130825,121156730,CMSS1,-,-,-,Un,-,cms1 ribosomal small subunit homolog,protein-coding,-,-,-,protein CMSS1,20210420,-
130825,121156731,DCBLD2,-,-,-,Un,-,"discoidin, CUB and LCCL domain containing 2",protein-coding,-,-,-,"discoidin, CUB and LCCL domain-containing protein 2",20210420,-
130825,121156732,ST3GAL6,-,-,-,Un,-,"ST3 beta-galactoside alpha-2,3-sialyltransferase 6",protein-coding,-,-,-,"type 2 lactosamine alpha-2,3-sialyltransferase",20210420,-
130825,121156733,USP44,-,-,-,Un,-,ubiquitin specific peptidase 44,protein-coding,-,-,-,ubiquitin carboxyl-terminal hydrolase 44,20210420,-
130825,121156734,CPOX,-,-,-,Un,-,coproporphyrinogen oxidase,protein-coding,-,-,-,"oxygen-dependent coproporphyrinogen-III oxidase, mitochondrial",20210420,-
130825,121156735,GPR15,-,-,-,Un,-,G protein-coupled receptor 15,protein-coding,-,-,-,G-protein coupled receptor 15,20210420,-
130825,121156736,CLDND1,-,-,-,Un,-,claudin domain containing 1,protein-coding,-,-,-,claudin domain-containing protein 1,20210420,-
130825,121156737,CRYBG3,-,-,-,Un,-,crystallin beta-gamma domain containing 3,protein-coding,-,-,-,very large A-kinase anchor protein,20210420,-
130825,121156738,RIOX2,-,-,-,Un,-,ribosomal oxygenase 2,protein-coding,-,-,-,ribosomal oxygenase 2,20210420,-
130825,121156739,EPHA6,-,-,-,Un,-,EPH receptor A6,protein-coding,-,-,-,LOW QUALITY PROTEIN: ephrin type-A receptor 6,20210420,-
130825,121156740,LOC121156740,-,-,-,Un,-,uncharacterized LOC121156740,ncRNA,-,-,-,-,20210420,-
130825,121156741,NSUN3,-,-,-,Un,-,NOP2/Sun RNA methyltransferase 3,protein-coding,-,-,-,"tRNA (cytosine(34)-C(5))-methyltransferase, mitochondrial",20210420,-
130825,121156742,ARL13B,-,-,-,Un,-,ADP ribosylation factor like GTPase 13B,protein-coding,-,-,-,ADP-ribosylation factor-like protein 13B,20210420,-
130825,121156743,STX19,-,-,-,Un,-,syntaxin 19,protein-coding,-,-,-,syntaxin-19,20210420,-
130825,121156744,PROS1,-,-,-,Un,-,protein S,protein-coding,-,-,-,vitamin K-dependent protein S,20210420,-
130825,121156745,LOC121156745,-,-,-,Un,-,casein kinase 2 subunit alpha' interacting protein,protein-coding,-,-,-,casein kinase II subunit alpha'-interacting protein,20210420,-
130825,121156746,CUNH3orf38,-,-,-,Un,-,chromosome unknown C3orf38 homolog,protein-coding,-,-,-,uncharacterized protein C3orf38 homolog,20210420,-
130825,121156747,ZNF654,-,-,-,Un,-,zinc finger protein 654,protein-coding,-,-,-,zinc finger protein 654,20210420,-
130825,121156748,CGGBP1,-,-,-,Un,-,CGG triplet repeat binding protein 1,protein-coding,-,-,-,CGG triplet repeat-binding protein 1,20210420,-
130825,121156749,CHMP2B,-,-,-,Un,-,charged multivesicular body protein 2B,protein-coding,-,-,-,charged multivesicular body protein 2b,20210420,-
130825,121156750,CADM2,-,-,-,Un,-,cell adhesion molecule 2,protein-coding,-,-,-,cell adhesion molecule 2,20210424,-
130825,121156751,GBE1,-,-,-,Un,-,"1,4-alpha-glucan branching enzyme 1",protein-coding,-,-,-,"1,4-alpha-glucan-branching enzyme",20210420,-
130825,121156752,METAP2,-,-,-,Un,-,methionyl aminopeptidase 2,protein-coding,-,-,-,methionine aminopeptidase 2,20210420,-
130825,121156753,ROBO1,-,-,-,Un,-,roundabout guidance receptor 1,protein-coding,-,-,-,roundabout homolog 1,20210420,-
130825,121156754,ROBO2,-,-,-,Un,-,roundabout guidance receptor 2,protein-coding,-,-,-,roundabout homolog 2,20210420,-
130825,121156755,LOC121156755,-,-,-,Un,-,multidrug resistance-associated protein 1-like,protein-coding,-,-,-,multidrug resistance-associated protein 1-like,20210420,-
130825,121156756,NME5,-,-,-,Un,-,NME/NM23 family member 5,protein-coding,-,-,-,nucleoside diphosphate kinase homolog 5,20210420,-
130825,121156757,HSPA13,-,-,-,Un,-,heat shock protein family A (Hsp70) member 13,protein-coding,-,-,-,heat shock 70 kDa protein 13,20210420,-
130825,121156758,SAMSN1,-,-,-,Un,-,"SAM domain, SH3 domain and nuclear localization signals 1",protein-coding,-,-,-,SAM domain-containing protein SAMSN-1,20210420,-
130825,121156759,NRIP1,-,-,-,Un,-,nuclear receptor interacting protein 1,protein-coding,-,-,-,nuclear receptor-interacting protein 1,20210420,-
130825,121156760,USP25,-,-,-,Un,-,ubiquitin specific peptidase 25,protein-coding,-,-,-,ubiquitin carboxyl-terminal hydrolase 25,20210420,-
130825,121156761,VEZT,-,-,-,Un,-,"vezatin, adherens junctions transmembrane protein",protein-coding,-,-,-,vezatin,20210420,-
130825,121156762,LOC121156762,-,-,-,Un,-,uncharacterized LOC121156762,ncRNA,-,-,-,-,20210420,-
130825,121156763,CXADR,-,-,-,Un,-,CXADR Ig-like cell adhesion molecule,protein-coding,-,-,-,coxsackievirus and adenovirus receptor,20210420,-
130825,121156764,BTG3,-,-,-,Un,-,BTG anti-proliferation factor 3,protein-coding,-,-,-,protein BTG3,20210420,-
130825,121156765,CUNH21orf91,-,-,-,Un,-,chromosome unknown C21orf91 homolog,protein-coding,-,-,-,protein EURL homolog,20210420,-
130825,121156766,LOC121156766,-,-,-,Un,-,60S acidic ribosomal protein P0-like,protein-coding,-,-,-,60S acidic ribosomal protein P0-like,20210420,-
130825,121156767,MRPL39,-,-,-,Un,-,mitochondrial ribosomal protein L39,protein-coding,-,-,-,"39S ribosomal protein L39, mitochondrial",20210420,-
130825,121156768,LOC121156768,-,-,-,Un,-,40S ribosomal protein S24-like,pseudo,-,-,-,-,20210420,-
130825,121156769,JAM2,-,-,-,Un,-,junctional adhesion molecule 2,protein-coding,-,-,-,junctional adhesion molecule B,20210420,-
130825,121156770,GABPA,-,-,-,Un,-,GA binding protein transcription factor subunit alpha,protein-coding,-,-,-,GA-binding protein alpha chain,20210420,-
130825,121156771,ATP5PF,-,-,-,Un,-,ATP synthase peripheral stalk subunit F6,protein-coding,-,-,-,"ATP synthase-coupling factor 6, mitochondrial",20210420,-
130825,121156772,LOC121156772,-,-,-,Un,-,amyloid beta precursor protein,protein-coding,-,-,-,amyloid-beta precursor protein,20210420,-
130825,121156773,N6AMT1,-,-,-,Un,-,N-6 adenine-specific DNA methyltransferase 1,protein-coding,-,-,-,methyltransferase N6AMT1,20210420,-
130825,121156774,LTN1,-,-,-,Un,-,listerin E3 ubiquitin protein ligase 1,protein-coding,-,-,-,E3 ubiquitin-protein ligase listerin,20210420,-
130825,121156775,FGD6,-,-,-,Un,-,"FYVE, RhoGEF and PH domain containing 6",protein-coding,-,-,-,"FYVE, RhoGEF and PH domain-containing protein 6",20210420,-
130825,121156776,USP16,-,-,-,Un,-,ubiquitin specific peptidase 16,protein-coding,-,-,-,ubiquitin carboxyl-terminal hydrolase 16,20210420,-
130825,121156777,RWDD2B,-,-,-,Un,-,RWD domain containing 2B,protein-coding,-,-,-,RWD domain-containing protein 2B,20210420,-
130825,121156778,CCT8,-,-,-,Un,-,chaperonin containing TCP1 subunit 8,protein-coding,-,-,-,T-complex protein 1 subunit theta,20210420,-
130825,121156779,MAP3K7CL,-,-,-,Un,-,MAP3K7 C-terminal like,protein-coding,-,-,-,MAP3K7 C-terminal-like protein,20210420,-
130825,121156780,BACH1,-,-,-,Un,-,BTB domain and CNC homolog 1,protein-coding,-,-,-,transcription regulator protein BACH1,20210420,-
130825,121156781,GRIK1,-,-,-,Un,-,glutamate ionotropic receptor kainate type subunit 1,protein-coding,-,-,-,"glutamate receptor ionotropic, kainate 1",20210420,-
130825,121156782,TIAM1,-,-,-,Un,-,TIAM Rac1 associated GEF 1,protein-coding,-,-,-,T-lymphoma invasion and metastasis-inducing protein 1,20210420,-
130825,121156783,LOC121156783,-,-,-,Un,-,uncharacterized LOC121156783,ncRNA,-,-,-,-,20210420,-
130825,121156784,NR2C1,-,-,-,Un,-,nuclear receptor subfamily 2 group C member 1,protein-coding,-,-,-,nuclear receptor subfamily 2 group C member 1,20210420,-
130825,121156785,SCAF4,-,-,-,Un,-,SR-related CTD associated factor 4,protein-coding,-,-,-,SR-related and CTD-associated factor 4,20210420,-
130825,121156786,SOD1,-,-,-,Un,-,superoxide dismutase 1,protein-coding,-,-,-,superoxide dismutase [Cu-Zn],20210529,-
130825,121156787,URB1,-,-,-,Un,-,URB1 ribosome biogenesis homolog,protein-coding,-,-,-,nucleolar pre-ribosomal-associated protein 1,20210420,-
130825,121156788,CFAP298,-,-,-,Un,-,cilia and flagella associated protein 298,protein-coding,-,-,-,cilia- and flagella-associated protein 298,20210420,-
130825,121156789,SYNJ1,-,-,-,Un,-,synaptojanin 1,protein-coding,-,-,-,synaptojanin-1,20210420,-
130825,121156790,LOC121156790,-,-,-,Un,-,protein FAM136A-like,pseudo,-,-,-,-,20210420,-
130825,121156791,PAXBP1,-,-,-,Un,-,PAX3 and PAX7 binding protein 1,protein-coding,-,-,-,PAX3- and PAX7-binding protein 1,20210420,-
130825,121156792,OLIG1,-,-,-,Un,-,oligodendrocyte transcription factor 1,protein-coding,-,-,-,oligodendrocyte transcription factor 1,20210420,-
130825,121156793,LOC121156793,-,-,-,Un,-,interferon alpha/beta receptor 2-like,protein-coding,-,-,-,interferon alpha/beta receptor 2-like,20210420,-
130825,121156794,NDUFA12,-,-,-,Un,-,NADH:ubiquinone oxidoreductase subunit A12,protein-coding,-,-,-,NADH dehydrogenase [ubiquinone] 1 alpha subcomplex subunit 12,20210420,-
130825,121156795,LOC121156795,-,-,-,Un,-,interferon alpha/beta receptor 2-like,protein-coding,-,-,-,interferon alpha/beta receptor 2-like,20210420,-
130825,121156796,IL10RB,-,-,-,Un,-,interleukin 10 receptor subunit beta,protein-coding,-,-,-,interleukin-10 receptor subunit beta,20210420,-
130825,121156797,LOC121156797,-,-,-,Un,-,interferon alpha/beta receptor 1-like,protein-coding,-,-,-,interferon alpha/beta receptor 1-like,20210420,-
130825,121156798,LOC121156798,-,-,-,Un,-,interferon alpha/beta receptor 1-like,protein-coding,-,-,-,interferon alpha/beta receptor 1-like,20210420,-
130825,121156799,IFNGR2,-,-,-,Un,-,interferon gamma receptor 2,protein-coding,-,-,-,interferon gamma receptor 2,20210420,-
130825,121156800,TMEM50B,-,-,-,Un,-,transmembrane protein 50B,protein-coding,-,-,-,transmembrane protein 50B,20210420,-
130825,121156801,DNAJC28,-,-,-,Un,-,DnaJ heat shock protein family (Hsp40) member C28,protein-coding,-,-,-,dnaJ homolog subfamily C member 28,20210420,-
130825,121156802,TMCC3,-,-,-,Un,-,transmembrane and coiled-coil domain family 3,protein-coding,-,-,-,transmembrane and coiled-coil domain protein 3,20210420,-
130825,121156803,SON,-,-,-,Un,-,SON DNA and RNA binding protein,protein-coding,-,-,-,protein SON,20210420,-
130825,121156804,GART,-,-,-,Un,-,"phosphoribosylglycinamide formyltransferase, phosphoribosylglycinamide synthetase, phosphoribosylaminoimidazole synthetase",protein-coding,-,-,-,trifunctional purine biosynthetic protein adenosine-3,20210420,-
130825,121156805,DONSON,-,-,-,Un,-,DNA replication fork stabilization factor DONSON,protein-coding,-,-,-,protein downstream neighbor of Son,20210420,-
130825,121156806,CRYZL1,-,-,-,Un,-,crystallin zeta like 1,protein-coding,-,-,-,quinone oxidoreductase-like protein 1,20210420,-
130825,121156807,FAM13B,-,-,-,Un,-,family with sequence similarity 13 member B,protein-coding,-,-,-,protein FAM13B,20210420,-
130825,121156808,PLXNC1,-,-,-,Un,-,plexin C1,protein-coding,-,-,-,plexin-C1,20210420,-
130825,121156809,ITSN1,-,-,-,Un,-,intersectin 1,protein-coding,-,-,-,intersectin-1,20210420,-
130825,121156810,ATP5PO,-,-,-,Un,-,ATP synthase peripheral stalk subunit OSCP,protein-coding,-,-,-,"ATP synthase subunit O, mitochondrial",20210420,-
130825,121156811,SLC5A3,-,-,-,Un,-,solute carrier family 5 member 3,protein-coding,-,-,-,sodium/myo-inositol cotransporter,20210420,-
130825,121156812,MRPS6,-,-,-,Un,-,mitochondrial ribosomal protein S6,protein-coding,-,-,-,"28S ribosomal protein S6, mitochondrial",20210420,-
130825,121156813,SMIM11A,-,-,-,Un,-,small integral membrane protein 11A,protein-coding,-,-,-,small integral membrane protein 11A,20210420,-
130825,121156814,RCAN1,-,-,-,Un,-,regulator of calcineurin 1,protein-coding,-,-,-,calcipressin-1,20210420,-
130825,121156815,RUNX1,-,-,-,Un,-,RUNX family transcription factor 1,protein-coding,-,-,-,runt-related transcription factor 1,20210420,-
130825,121156816,LOC121156816,-,-,-,Un,-,uncharacterized LOC121156816,ncRNA,-,-,-,-,20210420,-
130825,121156817,SETD4,-,-,-,Un,-,SET domain containing 4,protein-coding,-,-,-,SET domain-containing protein 4,20210420,-
130825,121156818,LOC121156818,-,-,-,Un,-,carbonyl reductase [NADPH] 1,protein-coding,-,-,-,carbonyl reductase [NADPH] 1,20210420,-
130825,121156819,CEP83,-,-,-,Un,-,centrosomal protein 83,protein-coding,-,-,-,centrosomal protein of 83 kDa,20210420,-
130825,121156820,LOC121156820,-,-,-,Un,-,carbonyl reductase [NADPH] 1-like,protein-coding,-,-,-,carbonyl reductase [NADPH] 1-like,20210420,-
130825,121156821,CBR3,-,-,-,Un,-,carbonyl reductase 3,protein-coding,-,-,-,carbonyl reductase [NADPH] 3,20210420,-
130825,121156822,DOP1B,-,-,-,Un,-,DOP1 leucine zipper like protein B,protein-coding,-,-,-,protein dopey-2,20210420,-
130825,121156823,MORC3,-,-,-,Un,-,MORC family CW-type zinc finger 3,protein-coding,-,-,-,MORC family CW-type zinc finger protein 3,20210420,-
130825,121156824,LOC121156824,-,-,-,Un,-,60S ribosomal protein L22-like 1,pseudo,-,-,-,-,20210420,-
130825,121156825,CHAF1B,-,-,-,Un,-,chromatin assembly factor 1 subunit B,protein-coding,-,-,-,chromatin assembly factor 1 subunit B,20210420,-
130825,121156826,HLCS,-,-,-,Un,-,holocarboxylase synthetase,protein-coding,-,-,-,biotin--protein ligase,20210420,-
130825,121156827,TTC3,-,-,-,Un,-,tetratricopeptide repeat domain 3,protein-coding,-,-,-,E3 ubiquitin-protein ligase TTC3,20210420,-
130825,121156828,LOC121156828,-,-,-,Un,-,phosphatidylinositol glycan anchor biosynthesis class P,protein-coding,-,-,-,phosphatidylinositol N-acetylglucosaminyltransferase subunit P,20210420,-
130825,121156829,VPS26C,-,-,-,Un,-,VPS26 endosomal protein sorting factor C,protein-coding,-,-,-,vacuolar protein sorting-associated protein 26C,20210420,-
130825,121156830,DYRK1A,-,-,-,Un,-,dual specificity tyrosine phosphorylation regulated kinase 1A,protein-coding,-,-,-,dual specificity tyrosine-phosphorylation-regulated kinase 1A,20210420,-
130825,121156831,LOC121156831,-,-,-,Un,-,uncharacterized LOC121156831,ncRNA,-,-,-,-,20210420,-
130825,121156832,LOC121156832,-,-,-,Un,-,elongation factor 1-alpha 1-like,pseudo,-,-,-,-,20210420,-
130825,121156833,LOC121156833,-,-,-,Un,-,shieldin complex subunit 3-like,pseudo,-,-,-,-,20210420,-
130825,121156834,CRADD,-,-,-,Un,-,CASP2 and RIPK1 domain containing adaptor with death domain,protein-coding,-,-,-,death domain-containing protein CRADD,20210420,-
130825,121156835,LOC121156835,-,-,-,Un,-,uncharacterized LOC121156835,ncRNA,-,-,-,-,20210420,-
130825,121156836,DRD3,-,-,-,Un,-,dopamine receptor D3,protein-coding,-,-,-,D(3) dopamine receptor,20210420,-
130825,121156837,LOC121156837,-,-,-,Un,-,chromobox protein homolog 3-like,pseudo,-,-,-,-,20210420,-
130825,121156838,CCDC80,-,-,-,Un,-,coiled-coil domain containing 80,protein-coding,-,-,-,coiled-coil domain-containing protein 80,20210420,-
130825,121156839,GCSAM,-,-,-,Un,-,germinal center associated signaling and motility,protein-coding,-,-,-,germinal center-associated signaling and motility protein,20210420,-
130825,121156840,TMPRSS7,-,-,-,Un,-,transmembrane serine protease 7,protein-coding,-,-,-,transmembrane protease serine 7,20210420,-
130825,121156841,TAGLN3,-,-,-,Un,-,transgelin 3,protein-coding,-,-,-,transgelin-3,20210424,-
130825,121156842,LOC121156842,-,-,-,Un,-,leukocyte surface antigen CD47-like,protein-coding,-,-,-,leukocyte surface antigen CD47-like,20210420,-
130825,121156843,SOCS2,-,-,-,Un,-,suppressor of cytokine signaling 2,protein-coding,-,-,-,suppressor of cytokine signaling 2,20210420,-
130825,121156844,LOC121156844,-,-,-,Un,-,uncharacterized LOC121156844,ncRNA,-,-,-,-,20210420,-
130825,121156845,CCDC54,-,-,-,Un,-,coiled-coil domain containing 54,protein-coding,-,-,-,coiled-coil domain-containing protein 54,20210420,-
130825,121156846,LOC121156846,-,-,-,Un,-,uncharacterized LOC121156846,ncRNA,-,-,-,-,20210420,-
130825,121156847,LOC121156847,-,-,-,Un,-,uncharacterized LOC121156847,ncRNA,-,-,-,-,20210420,-
130825,121156848,LOC121156848,-,-,-,Un,-,histone-binding protein RBBP4-like,pseudo,-,-,-,-,20210420,-
130825,121156849,LOC121156849,-,-,-,Un,-,translationally-controlled tumor protein-like,pseudo,-,-,-,-,20210420,-
130825,121156850,LNP1,-,-,-,Un,-,leukemia NUP98 fusion partner 1,protein-coding,-,-,-,leukemia NUP98 fusion partner 1,20210420,-
130825,121156851,COL8A1,-,-,-,Un,-,collagen type VIII alpha 1 chain,protein-coding,-,-,-,collagen alpha-1(VIII) chain,20210420,-
130825,121156852,LOC121156852,-,-,-,Un,-,cellular nucleic acid-binding protein-like,pseudo,-,-,-,-,20210420,-
130825,121156853,LOC121156853,-,-,-,Un,-,uncharacterized LOC121156853,ncRNA,-,-,-,-,20210420,-
130825,121156854,MRPL42,-,-,-,Un,-,mitochondrial ribosomal protein L42,protein-coding,-,-,-,"39S ribosomal protein L42, mitochondrial",20210420,-
130825,121156855,LOC121156855,-,-,-,Un,-,olfactory receptor 5K3-like,protein-coding,-,-,-,olfactory receptor 5K3-like,20210420,-
130825,121156856,LOC121156856,-,-,-,Un,-,olfactory receptor Olfr180-like,protein-coding,-,-,-,olfactory receptor Olfr180-like,20210420,-
130825,121156857,LOC121156857,-,-,-,Un,-,olfactory receptor 5H8-like,protein-coding,-,-,-,olfactory receptor 5H8-like,20210420,-
130825,121156858,LOC121156858,-,-,-,Un,-,olfactory receptor 5H2-like,protein-coding,-,-,-,olfactory receptor 5H2-like,20210420,-
130825,121156859,LOC121156859,-,-,-,Un,-,olfactory receptor 5AC1-like,protein-coding,-,-,-,olfactory receptor 5AC1-like,20210420,-
130825,121156860,LOC121156860,-,-,-,Un,-,olfactory receptor 5AC1-like,protein-coding,-,-,-,olfactory receptor 5AC1-like,20210420,-
130825,121156861,LOC121156861,-,-,-,Un,-,olfactory receptor 5AC2,protein-coding,-,-,-,olfactory receptor 5AC2,20210420,-
130825,121156862,GABRR3,-,-,-,Un,-,gamma-aminobutyric acid type A receptor subunit rho3,protein-coding,-,-,-,gamma-aminobutyric acid receptor subunit rho-3,20210420,-
130825,121156863,ARL6,-,-,-,Un,-,ADP ribosylation factor like GTPase 6,protein-coding,-,-,-,ADP-ribosylation factor-like protein 6,20210420,-
130825,121156864,LOC121156864,-,-,-,Un,-,mediator of RNA polymerase II transcription subunit 7-like,pseudo,-,-,-,-,20210420,-
130825,121156865,EPHA3,-,-,-,Un,-,EPH receptor A3,protein-coding,-,-,-,ephrin type-A receptor 3,20210420,-
130825,121156866,LOC121156866,-,-,-,Un,-,"cytochrome c oxidase subunit 7B, mitochondrial-like",pseudo,-,-,-,-,20210420,-
130825,121156867,LOC121156867,-,-,-,Un,-,uncharacterized LOC121156867,ncRNA,-,-,-,-,20210420,-
130825,121156868,LOC121156868,-,-,-,Un,-,uncharacterized LOC121156868,ncRNA,-,-,-,-,20210420,-
130825,121156869,HTR1F,-,-,-,Un,-,5-hydroxytryptamine receptor 1F,protein-coding,-,-,-,5-hydroxytryptamine receptor 1F,20210420,-
130825,121156870,UBE2N,-,-,-,Un,-,ubiquitin conjugating enzyme E2 N,protein-coding,-,-,-,ubiquitin-conjugating enzyme E2 N,20210501,-
130825,121156871,POU1F1,-,-,-,Un,-,POU class 1 homeobox 1,protein-coding,-,-,-,pituitary-specific positive transcription factor 1,20210420,-
130825,121156872,LOC121156872,-,-,-,Un,-,prefoldin subunit 6-like,pseudo,-,-,-,-,20210420,-
130825,121156873,LOC121156873,-,-,-,Un,-,AN1-type zinc finger protein 6-like,pseudo,-,-,-,-,20210420,-
130825,121156874,RBM11,-,-,-,Un,-,RNA binding motif protein 11,protein-coding,-,-,-,splicing regulator RBM11,20210420,-
130825,121156875,LOC121156875,-,-,-,Un,-,uncharacterized LOC121156875,ncRNA,-,-,-,-,20210420,-
130825,121156876,LOC121156876,-,-,-,Un,-,uncharacterized LOC121156876,ncRNA,-,-,-,-,20210420,-
130825,121156877,LOC121156877,-,-,-,Un,-,uncharacterized LOC121156877,ncRNA,-,-,-,-,20210420,-
130825,121156878,CHODL,-,-,-,Un,-,chondrolectin,protein-coding,-,-,-,chondrolectin,20210420,-
130825,121156879,NUDT4,-,-,-,Un,-,nudix hydrolase 4,protein-coding,-,-,-,diphosphoinositol polyphosphate phosphohydrolase 2,20210420,-
130825,121156880,LOC121156880,-,-,-,Un,-,poly(A) polymerase alpha-like,pseudo,-,-,-,-,20210420,-
130825,121156881,NCAM2,-,-,-,Un,-,neural cell adhesion molecule 2,protein-coding,-,-,-,neural cell adhesion molecule 2,20210420,-
130825,121156882,LOC121156882,-,-,-,Un,-,shieldin complex subunit 3-like,protein-coding,-,-,-,shieldin complex subunit 3-like,20210420,-
130825,121156883,LOC121156883,-,-,-,Un,-,40S ribosomal protein SA-like,pseudo,-,-,-,-,20210420,-
130825,121156884,CYYR1,-,-,-,Un,-,cysteine and tyrosine rich 1,protein-coding,-,-,-,cysteine and tyrosine-rich protein 1,20210420,-
130825,121156885,ADAMTS1,-,-,-,Un,-,ADAM metallopeptidase with thrombospondin type 1 motif 1,protein-coding,-,-,-,A disintegrin and metalloproteinase with thrombospondin motifs 1,20210420,-
130825,121156886,ADAMTS5,-,-,-,Un,-,ADAM metallopeptidase with thrombospondin type 1 motif 5,protein-coding,-,-,-,A disintegrin and metalloproteinase with thrombospondin motifs 5,20210420,-
130825,121156887,CLDN8,-,-,-,Un,-,claudin 8,protein-coding,-,-,-,claudin-8,20210420,-
130825,121156888,LOC121156888,-,-,-,Un,-,keratin-associated protein 24-1,protein-coding,-,-,-,keratin-associated protein 24-1,20210420,-
130825,121156889,LOC121156889,-,-,-,Un,-,keratin-associated protein 26-1-like,protein-coding,-,-,-,keratin-associated protein 26-1-like,20210420,-
130825,121156890,LOC121156890,-,-,-,Un,-,keratin-associated protein 26-1-like,protein-coding,-,-,-,keratin-associated protein 26-1-like,20210420,-
130825,121156891,LOC121156891,-,-,-,Un,-,keratin-associated protein 27-1,protein-coding,-,-,-,keratin-associated protein 27-1,20210420,-
130825,121156892,LOC121156892,-,-,-,Un,-,keratin-associated protein 14-like,protein-coding,-,-,-,keratin-associated protein 14-like,20210420,-
130825,121156893,LOC121156893,-,-,-,Un,-,keratin-associated protein 19-7-like,protein-coding,-,-,-,keratin-associated protein 19-7-like,20210420,-
130825,121156894,LOC121156894,-,-,-,Un,-,keratin-associated protein 19-9b-like,protein-coding,-,-,-,keratin-associated protein 19-9b-like,20210420,-
130825,121156895,LOC121156895,-,-,-,Un,-,keratin-associated protein 19-7-like,protein-coding,-,-,-,keratin-associated protein 19-7-like,20210420,-
130825,121156896,EEA1,-,-,-,Un,-,early endosome antigen 1,protein-coding,-,-,-,early endosome antigen 1,20210420,-
130825,121156897,LOC121156897,-,-,-,Un,-,keratin-associated protein 6-1,protein-coding,-,-,-,keratin-associated protein 6-1,20210420,-
130825,121156898,LOC121156898,-,-,-,Un,-,keratin-associated protein 20-1-like,protein-coding,-,-,-,keratin-associated protein 20-1-like,20210420,-
130825,121156899,LOC121156899,-,-,-,Un,-,keratin-associated protein 20-2-like,protein-coding,-,-,-,keratin-associated protein 20-2-like,20210420,-
130825,121156900,LOC121156900,-,-,-,Un,-,keratin-associated protein 21-1-like,protein-coding,-,-,-,keratin-associated protein 21-1-like,20210420,-
130825,121156901,LOC121156901,-,-,-,Un,-,keratin-associated protein 8-1,protein-coding,-,-,-,keratin-associated protein 8-1,20210420,-
130825,121156902,LOC121156902,-,-,-,Un,-,keratin-associated protein 7-1,protein-coding,-,-,-,keratin-associated protein 7-1,20210420,-
130825,121156903,LOC121156903,-,-,-,Un,-,keratin-associated protein 11-1,protein-coding,-,-,-,keratin-associated protein 11-1,20210420,-
130825,121156904,HUNK,-,-,-,Un,-,hormonally up-regulated Neu-associated kinase,protein-coding,-,-,-,hormonally up-regulated neu tumor-associated kinase,20210420,-
130825,121156905,LOC121156905,-,-,-,Un,-,E3 ubiquitin-protein ligase RNF13-like,pseudo,-,-,-,-,20210420,-
130825,121156906,MIS18A,-,-,-,Un,-,MIS18 kinetochore protein A,protein-coding,-,-,-,protein Mis18-alpha,20210420,-
130825,121156907,BTG1,-,-,-,Un,-,BTG anti-proliferation factor 1,protein-coding,-,-,-,protein BTG1,20210420,-
130825,121156908,EVA1C,-,-,-,Un,-,eva-1 homolog C,protein-coding,-,-,-,protein eva-1 homolog C,20210420,-
130825,121156909,CUNH21orf62,-,-,-,Un,-,chromosome unknown C21orf62 homolog,protein-coding,-,-,-,uncharacterized protein C21orf62 homolog,20210420,-
130825,121156910,OLIG2,-,-,-,Un,-,oligodendrocyte transcription factor 2,protein-coding,-,-,-,oligodendrocyte transcription factor 2,20210420,-
130825,121156911,KCNE2,-,-,-,Un,-,potassium voltage-gated channel subfamily E regulatory subunit 2,protein-coding,-,-,-,potassium voltage-gated channel subfamily E member 2,20210420,-
130825,121156912,FAM243A,-,-,-,Un,-,family with sequence similarity 243 member A,protein-coding,-,-,-,protein FAM243A,20210420,-
130825,121156913,KCNE1,-,-,-,Un,-,potassium voltage-gated channel subfamily E regulatory subunit 1,protein-coding,-,-,-,potassium voltage-gated channel subfamily E member 1,20210420,-
130825,121156914,LOC121156914,-,-,-,Un,-,uncharacterized LOC121156914,ncRNA,-,-,-,-,20210420,-
130825,121156915,LOC121156915,-,-,-,Un,-,uncharacterized LOC121156915,ncRNA,-,-,-,-,20210420,-
130825,121156916,CLDN14,-,-,-,Un,-,claudin 14,protein-coding,-,-,-,claudin-14,20210420,-
130825,121156917,SIM2,-,-,-,Un,-,SIM bHLH transcription factor 2,protein-coding,-,-,-,single-minded homolog 2,20210420,-
130825,121156918,KCNJ6,-,-,-,Un,-,potassium inwardly rectifying channel subfamily J member 6,protein-coding,-,-,-,G protein-activated inward rectifier potassium channel 2,20210420,-
130825,121156919,LOC121156919,-,-,-,Un,-,transmembrane protein 248-like,pseudo,-,-,-,-,20210420,-
130825,121156920,LOC121156920,-,-,-,Un,-,dnaJ homolog subfamily A member 1-like,pseudo,-,-,-,-,20210420,-
130825,121156921,LOC121156921,-,-,-,Un,-,40S ribosomal protein S27-like,pseudo,-,-,-,-,20210420,-
130825,121156922,LOC121156922,-,-,-,Un,-,dnaJ homolog subfamily C member 17-like,pseudo,-,-,-,-,20210420,-
130825,121156923,LOC121156923,-,-,-,Un,-,limbic system-associated membrane protein-like,protein-coding,-,-,-,limbic system-associated membrane protein-like,20210420,-
130825,121156924,LOC121156924,-,-,-,Un,-,protein Aster-C-like,protein-coding,-,-,-,protein Aster-C-like,20210420,-
130825,121156925,DCN,-,-,-,Un,-,decorin,protein-coding,-,-,-,decorin,20210420,-
130825,121156926,LOC121156926,-,-,-,Un,-,poly(rC)-binding protein 2-like,pseudo,-,-,-,-,20210420,-
130825,121156927,CFAP44,-,-,-,Un,-,cilia and flagella associated protein 44,protein-coding,-,-,-,cilia- and flagella-associated protein 44,20210420,-
130825,121156928,LOC121156928,-,-,-,Un,-,cell surface glycoprotein CD200 receptor 2-like,protein-coding,-,-,-,cell surface glycoprotein CD200 receptor 2-like,20210420,-
130825,121156929,SLC9C1,-,-,-,Un,-,solute carrier family 9 member C1,protein-coding,-,-,-,sodium/hydrogen exchanger 10,20210420,-
130825,121156930,CUNH3orf52,-,-,-,Un,-,chromosome unknown C3orf52 homolog,protein-coding,-,-,-,TPA-induced transmembrane protein,20210420,-
130825,121156931,CD96,-,-,-,Un,-,CD96 molecule,protein-coding,-,-,-,T-cell surface protein tactile,20210420,-
130825,121156932,DPPA4,-,-,-,Un,-,developmental pluripotency associated 4,protein-coding,-,-,-,developmental pluripotency-associated protein 4,20210420,-
130825,121156933,DPPA2,-,-,-,Un,-,developmental pluripotency associated 2,protein-coding,-,-,-,developmental pluripotency-associated protein 2,20210420,-
130825,121156934,CUNH3orf85,-,-,-,Un,-,chromosome unknown C3orf85 homolog,protein-coding,-,-,-,uncharacterized protein C3orf85 homolog,20210420,-
130825,121156935,MORC1,-,-,-,Un,-,MORC family CW-type zinc finger 1,protein-coding,-,-,-,LOW QUALITY PROTEIN: MORC family CW-type zinc finger protein 1,20210420,-
130825,121156936,MYH15,-,-,-,Un,-,myosin heavy chain 15,protein-coding,-,-,-,myosin-15,20210420,-
130825,121156937,LOC121156937,-,-,-,Un,-,extracellular tyrosine-protein kinase PKDCC-like,protein-coding,-,-,-,extracellular tyrosine-protein kinase PKDCC-like,20210420,-
130825,121156938,LOC121156938,-,-,-,Un,-,THUMP domain-containing protein 1-like,pseudo,-,-,-,-,20210420,-
130825,121156939,LOC121156939,-,-,-,Un,-,replication protein A 70 kDa DNA-binding subunit-like,pseudo,-,-,-,-,20210420,-
130825,121156940,LOC121156940,-,-,-,Un,-,formin-binding protein 4-like,pseudo,-,-,-,-,20210420,-
130825,121156941,ZPLD1,-,-,-,Un,-,zona pellucida like domain containing 1,protein-coding,-,-,-,zona pellucida-like domain-containing protein 1,20210420,-
130825,121156942,LOC121156942,-,-,-,Un,-,ubiquitin carboxyl-terminal hydrolase isozyme L5-like,pseudo,-,-,-,-,20210420,-
130825,121156943,ADGRG7,-,-,-,Un,-,adhesion G protein-coupled receptor G7,protein-coding,-,-,-,adhesion G-protein coupled receptor G7,20210420,-
130825,121156944,LOC121156944,-,-,-,Un,-,"ferritin, heavy subunit-like",protein-coding,-,-,-,"ferritin, heavy subunit-like",20210420,-
130825,121156945,LOC121156945,-,-,-,Un,-,phosphatase and actin regulator 2-like,pseudo,-,-,-,-,20210420,-
130825,121156946,LOC121156946,-,-,-,Un,-,olfactory receptor 5K1-like,pseudo,-,-,-,-,20210420,-
130825,121156947,LOC121156947,-,-,-,Un,-,olfactory receptor 5K1,protein-coding,-,-,-,olfactory receptor 5K1,20210420,-
130825,121156948,LOC121156948,-,-,-,Un,-,olfactory receptor 5K3-like,protein-coding,-,-,-,olfactory receptor 5K3-like,20210420,-
130825,121156949,LOC121156949,-,-,-,Un,-,olfactory receptor 5H2-like,protein-coding,-,-,-,olfactory receptor 5H2-like,20210420,-
130825,121156950,LOC121156950,-,-,-,Un,-,60S ribosomal protein L27a-like,pseudo,-,-,-,-,20210420,-
130825,121156951,LOC121156951,-,-,-,Un,-,elongation factor 1-alpha 1-like,pseudo,-,-,-,-,20210420,-
130825,121156952,LOC121156952,-,-,-,Un,-,U1 spliceosomal RNA,snRNA,-,-,-,-,20210420,-
130825,121156953,LOC121156953,-,-,-,Un,-,U1 spliceosomal RNA,snRNA,-,-,-,-,20210420,-
130825,121156954,LOC121156954,-,-,-,Un,-,U1 spliceosomal RNA,pseudo,-,-,-,-,20210420,-
130825,121156955,LOC121156955,-,-,-,Un,-,U1 spliceosomal RNA,snRNA,-,-,-,-,20210420,-
130825,121156956,LOC121156956,-,-,-,Un,-,U2 spliceosomal RNA,snRNA,-,-,-,-,20210420,-
130825,121156957,LOC121156957,-,-,-,Un,-,U2 spliceosomal RNA,pseudo,-,-,-,-,20210420,-
130825,121156958,ATP2B1,-,-,-,Un,-,ATPase plasma membrane Ca2+ transporting 1,protein-coding,-,-,-,plasma membrane calcium-transporting ATPase 1,20210420,-
130825,121156959,LOC121156959,-,-,-,Un,-,U2 spliceosomal RNA,pseudo,-,-,-,-,20210420,-
130825,121156960,LOC121156960,-,-,-,Un,-,U2 spliceosomal RNA,pseudo,-,-,-,-,20210420,-
130825,121156961,LOC121156961,-,-,-,Un,-,U4 spliceosomal RNA,pseudo,-,-,-,-,20210420,-
130825,121156962,LOC121156962,-,-,-,Un,-,U4 spliceosomal RNA,pseudo,-,-,-,-,20210420,-
130825,121156963,LOC121156963,-,-,-,Un,-,U4 spliceosomal RNA,pseudo,-,-,-,-,20210420,-
130825,121156964,LOC121156964,-,-,-,Un,-,U4 spliceosomal RNA,pseudo,-,-,-,-,20210420,-
130825,121156965,LOC121156965,-,-,-,Un,-,U6 spliceosomal RNA,snRNA,-,-,-,-,20210420,-
130825,121156966,LOC121156966,-,-,-,Un,-,U6 spliceosomal RNA,snRNA,-,-,-,-,20210420,-
130825,121156967,LOC121156967,-,-,-,Un,-,U6 spliceosomal RNA,snRNA,-,-,-,-,20210420,-
130825,121156968,LOC121156968,-,-,-,Un,-,U6 spliceosomal RNA,snRNA,-,-,-,-,20210420,-
130825,121156969,LOC121156969,-,-,-,Un,-,U6 spliceosomal RNA,snRNA,-,-,-,-,20210420,-
130825,121156970,LOC121156970,-,-,-,Un,-,U6 spliceosomal RNA,snRNA,-,-,-,-,20210420,-
130825,121156971,LOC121156971,-,-,-,Un,-,U6 spliceosomal RNA,snRNA,-,-,-,-,20210420,-
130825,121156972,LOC121156972,-,-,-,Un,-,U6 spliceosomal RNA,snRNA,-,-,-,-,20210420,-
130825,121156973,LOC121156973,-,-,-,Un,-,U6 spliceosomal RNA,snRNA,-,-,-,-,20210420,-
130825,121156974,LOC121156974,-,-,-,Un,-,U6 spliceosomal RNA,snRNA,-,-,-,-,20210420,-
130825,121156975,LOC121156975,-,-,-,Un,-,U6 spliceosomal RNA,snRNA,-,-,-,-,20210420,-
130825,121156976,LOC121156976,-,-,-,Un,-,U6 spliceosomal RNA,snRNA,-,-,-,-,20210420,-
130825,121156977,LOC121156977,-,-,-,Un,-,U6 spliceosomal RNA,snRNA,-,-,-,-,20210420,-
130825,121156978,LOC121156978,-,-,-,Un,-,U6 spliceosomal RNA,pseudo,-,-,-,-,20210420,-
130825,121156979,LOC121156979,-,-,-,Un,-,U6 spliceosomal RNA,snRNA,-,-,-,-,20210420,-
130825,121156980,LOC121156980,-,-,-,Un,-,U6 spliceosomal RNA,snRNA,-,-,-,-,20210420,-
130825,121156981,LOC121156981,-,-,-,Un,-,U6 spliceosomal RNA,snRNA,-,-,-,-,20210420,-
130825,121156982,LOC121156982,-,-,-,Un,-,U6 spliceosomal RNA,snRNA,-,-,-,-,20210420,-
130825,121156983,LOC121156983,-,-,-,Un,-,U6 spliceosomal RNA,snRNA,-,-,-,-,20210420,-
130825,121156984,LOC121156984,-,-,-,Un,-,U6 spliceosomal RNA,pseudo,-,-,-,-,20210420,-
130825,121156985,LOC121156985,-,-,-,Un,-,U6 spliceosomal RNA,pseudo,-,-,-,-,20210420,-
130825,121156986,LOC121156986,-,-,-,Un,-,U6 spliceosomal RNA,snRNA,-,-,-,-,20210420,-
130825,121156987,LOC121156987,-,-,-,Un,-,small nucleolar RNA SNORA63,snoRNA,-,-,-,-,20210420,-
130825,121156988,LOC121156988,-,-,-,Un,-,small nucleolar RNA SNORD104,snoRNA,-,-,-,-,20210420,-
130825,121156989,LOC121156989,-,-,-,Un,-,small nucleolar RNA SNORD5,snoRNA,-,-,-,-,20210420,-
130825,121156990,ZFAND5,-,-,-,Un,-,zinc finger AN1-type containing 5,protein-coding,-,-,-,AN1-type zinc finger protein 5,20210420,-
130825,121156991,LOC121156991,-,-,-,Un,-,uncharacterized LOC121156991,ncRNA,-,-,-,-,20210420,-
130825,121156992,LOC121156992,-,-,-,Un,-,uncharacterized LOC121156992,ncRNA,-,-,-,-,20210420,-
130825,121156993,GDA,-,-,-,Un,-,guanine deaminase,protein-coding,-,-,-,guanine deaminase,20210420,-
130825,121156994,CUNH9orf85,-,-,-,Un,-,chromosome unknown C9orf85 homolog,protein-coding,-,-,-,uncharacterized protein C9orf85 homolog,20210420,-
130825,121156995,ABHD17B,-,-,-,Un,-,"abhydrolase domain containing 17B, depalmitoylase",protein-coding,-,-,-,alpha/beta hydrolase domain-containing protein 17B,20210420,-
130825,121156996,CEMIP2,-,-,-,Un,-,cell migration inducing hyaluronidase 2,protein-coding,-,-,-,cell surface hyaluronidase,20210420,-
130825,121156997,TRPM3,-,-,-,Un,-,transient receptor potential cation channel subfamily M member 3,protein-coding,-,-,-,transient receptor potential cation channel subfamily M member 3,20210420,-
130825,121156998,KLF9,-,-,-,Un,-,Kruppel like factor 9,protein-coding,-,-,-,Krueppel-like factor 9,20210420,-
130825,121156999,LOC121156999,-,-,-,Un,-,uncharacterized LOC121156999,ncRNA,-,-,-,-,20210420,-
130825,121157000,TMC1,-,-,-,Un,-,transmembrane channel like 1,protein-coding,-,-,-,transmembrane channel-like protein 1,20210420,-
130825,121157001,CUNH9orf57,-,-,-,Un,-,chromosome unknown C9orf57 homolog,protein-coding,-,-,-,uncharacterized protein C9orf57 homolog,20210420,-
130825,121157002,LOC121157002,-,-,-,Un,-,basic proline-rich protein-like,protein-coding,-,-,-,basic proline-rich protein-like,20210420,-
130825,121157003,LOC121157003,-,-,-,Un,-,5E5 antigen-like,protein-coding,-,-,-,5E5 antigen-like,20210420,-
130825,121157004,LOC121157004,-,-,-,Un,-,structural maintenance of chromosomes protein 5-like,protein-coding,-,-,-,LOW QUALITY PROTEIN: structural maintenance of chromosomes protein 5-like,20210420,-
130825,121157005,LOC121157005,-,-,-,Un,-,transmembrane channel-like protein 1,protein-coding,-,-,-,transmembrane channel-like protein 1,20210420,-
130825,121157006,LOC121157006,-,-,-,Un,-,uncharacterized LOC121157006,ncRNA,-,-,-,-,20210420,-
130825,121157007,LOC121157007,-,-,-,Un,-,uncharacterized LOC121157007,ncRNA,-,-,-,-,20210420,-
130825,121157008,LOC121157008,-,-,-,Un,-,kinesin-like protein KIF20B,protein-coding,-,-,-,kinesin-like protein KIF20B,20210420,-
130825,121157009,BTBD3,-,-,-,Un,-,BTB domain containing 3,protein-coding,-,-,-,BTB/POZ domain-containing protein 3,20210515,-
130825,121157010,JAG1,-,-,-,Un,-,jagged canonical Notch ligand 1,protein-coding,-,-,-,protein jagged-1,20210420,-
130825,121157011,LOC121157011,-,-,-,Un,-,ferritin light chain-like,protein-coding,-,-,-,ferritin light chain-like,20210420,-
130825,121157012,LOC121157012,-,-,-,Un,-,uncharacterized LOC121157012,ncRNA,-,-,-,-,20210420,-
130825,121157013,LOC121157013,-,-,-,Un,-,SLX4 interacting protein,protein-coding,-,-,-,protein SLX4IP,20210420,-
130825,121157014,MKKS,-,-,-,Un,-,MKKS centrosomal shuttling protein,protein-coding,-,-,-,McKusick-Kaufman/Bardet-Biedl syndromes putative chaperonin,20210420,-
130825,121157015,SNAP25,-,-,-,Un,-,synaptosome associated protein 25,protein-coding,-,-,-,synaptosomal-associated protein 25,20210522,-
130825,121157016,PLCB1,-,-,-,Un,-,phospholipase C beta 1,protein-coding,-,-,-,"1-phosphatidylinositol 4,5-bisphosphate phosphodiesterase beta-1",20210420,-
130825,121157017,TMX4,-,-,-,Un,-,thioredoxin related transmembrane protein 4,protein-coding,-,-,-,thioredoxin-related transmembrane protein 4,20210420,-
130825,121157018,CRLS1,-,-,-,Un,-,cardiolipin synthase 1,protein-coding,-,-,-,cardiolipin synthase (CMP-forming),20210420,-
130825,121157019,MCM8,-,-,-,Un,-,minichromosome maintenance 8 homologous recombination repair factor,protein-coding,-,-,-,DNA helicase MCM8,20210420,-
130825,121157020,TRMT6,-,-,-,Un,-,tRNA methyltransferase 6 non-catalytic subunit,protein-coding,-,-,-,tRNA (adenine(58)-N(1))-methyltransferase non-catalytic subunit TRM6,20210515,-
130825,121157021,CHGB,-,-,-,Un,-,chromogranin B,protein-coding,-,-,-,secretogranin-1,20210420,-
130825,121157022,SHLD1,-,-,-,Un,-,shieldin complex subunit 1,protein-coding,-,-,-,shieldin complex subunit 1,20210420,-
130825,121157023,GPCPD1,-,-,-,Un,-,glycerophosphocholine phosphodiesterase 1,protein-coding,-,-,-,glycerophosphocholine phosphodiesterase GPCPD1,20210420,-
130825,121157024,CDS2,-,-,-,Un,-,CDP-diacylglycerol synthase 2,protein-coding,-,-,-,phosphatidate cytidylyltransferase 2,20210420,-
130825,121157025,PCNA,-,-,-,Un,-,proliferating cell nuclear antigen,protein-coding,-,-,-,proliferating cell nuclear antigen,20210420,-
130825,121157026,LOC121157026,-,-,-,Un,-,polypeptide N-acetylgalactosaminyltransferase 4-like,protein-coding,-,-,-,LOW QUALITY PROTEIN: polypeptide N-acetylgalactosaminyltransferase 4-like,20210420,-
130825,121157027,TMEM230,-,-,-,Un,-,transmembrane protein 230,protein-coding,-,-,-,transmembrane protein 230,20210420,-
130825,121157028,SLC23A2,-,-,-,Un,-,solute carrier family 23 member 2,protein-coding,-,-,-,solute carrier family 23 member 2,20210420,-
130825,121157029,RASSF2,-,-,-,Un,-,Ras association domain family member 2,protein-coding,-,-,-,ras association domain-containing protein 2,20210420,-
130825,121157030,LOC121157030,-,-,-,Un,-,uncharacterized LOC121157030,ncRNA,-,-,-,-,20210420,-
130825,121157031,LOC121157031,-,-,-,Un,-,prion protein,protein-coding,-,-,-,major prion protein,20210420,-
130825,121157032,POC1B,-,-,-,Un,-,POC1 centriolar protein B,protein-coding,-,-,-,POC1 centriolar protein homolog B,20210420,-
130825,121157033,CST3,-,-,-,Un,-,cystatin C,protein-coding,-,-,-,cystatin-C,20210420,-
130825,121157034,SIGLEC1,-,-,-,Un,-,sialic acid binding Ig like lectin 1,protein-coding,-,-,-,sialoadhesin,20210420,-
130825,121157035,CUNH20orf27,-,-,-,Un,-,chromosome unknown C20orf27 homolog,protein-coding,-,-,-,UPF0687 protein C20orf27 homolog,20210420,-
130825,121157036,CENPB,-,-,-,Un,-,centromere protein B,protein-coding,-,-,-,major centromere autoantigen B,20210420,-
130825,121157037,CDC25B,-,-,-,Un,-,cell division cycle 25B,protein-coding,-,-,-,M-phase inducer phosphatase 2,20210420,-
130825,121157038,AP5S1,-,-,-,Un,-,adaptor related protein complex 5 subunit sigma 1,protein-coding,-,-,-,AP-5 complex subunit sigma-1,20210420,-
130825,121157039,PANK2,-,-,-,Un,-,pantothenate kinase 2,protein-coding,-,-,-,"pantothenate kinase 2, mitochondrial",20210420,-
130825,121157040,RNF24,-,-,-,Un,-,ring finger protein 24,protein-coding,-,-,-,RING finger protein 24,20210420,-
130825,121157041,SMOX,-,-,-,Un,-,spermine oxidase,protein-coding,-,-,-,spermine oxidase,20210420,-
130825,121157042,LOC121157042,-,-,-,Un,-,zinc finger protein 717-like,protein-coding,-,-,-,zinc finger protein 717-like,20210420,-
130825,121157043,LOC121157043,-,-,-,Un,-,N-acetylneuraminic acid phosphatase,protein-coding,-,-,-,N-acylneuraminate-9-phosphatase,20210420,-
130825,121157044,NINL,-,-,-,Un,-,ninein like,protein-coding,-,-,-,ninein-like protein,20210420,-
130825,121157045,ABHD12,-,-,-,Un,-,"abhydrolase domain containing 12, lysophospholipase",protein-coding,-,-,-,lysophosphatidylserine lipase ABHD12,20210420,-
130825,121157046,PYGB,-,-,-,Un,-,glycogen phosphorylase B,protein-coding,-,-,-,"glycogen phosphorylase, brain form",20210420,-
130825,121157047,ENTPD6,-,-,-,Un,-,ectonucleoside triphosphate diphosphohydrolase 6,protein-coding,-,-,-,ectonucleoside triphosphate diphosphohydrolase 6,20210420,-
130825,121157048,DUSP6,-,-,-,Un,-,dual specificity phosphatase 6,protein-coding,-,-,-,dual specificity protein phosphatase 6,20210420,-
130825,121157049,ACSS1,-,-,-,Un,-,acyl-CoA synthetase short chain family member 1,protein-coding,-,-,-,"acetyl-coenzyme A synthetase 2-like, mitochondrial",20210420,-
130825,121157050,LOC121157050,-,-,-,Un,-,adipocyte plasma membrane associated protein,protein-coding,-,-,-,adipocyte plasma membrane-associated protein,20210420,-
130825,121157051,CST7,-,-,-,Un,-,cystatin F,protein-coding,-,-,-,cystatin-F,20210420,-
130825,121157052,LOC121157052,-,-,-,Un,-,"beta-1,3-galactosyl-O-glycosyl-glycoprotein beta-1,6-N-acetylglucosaminyltransferase 7-like",protein-coding,-,-,-,"beta-1,3-galactosyl-O-glycosyl-glycoprotein beta-1,6-N-acetylglucosaminyltransferase 7-like",20210420,-
130825,121157053,TFAP2C,-,-,-,Un,-,transcription factor AP-2 gamma,protein-coding,-,-,-,transcription factor AP-2 gamma,20210420,-
130825,121157054,FAM209A,-,-,-,Un,-,family with sequence similarity 209 member A,protein-coding,-,-,-,protein FAM209A,20210420,-
130825,121157055,MC3R,-,-,-,Un,-,melanocortin 3 receptor,protein-coding,-,-,-,melanocortin receptor 3,20210420,-
130825,121157056,CBLN4,-,-,-,Un,-,cerebellin 4 precursor,protein-coding,-,-,-,cerebellin-4,20210420,-
130825,121157057,DOK5,-,-,-,Un,-,docking protein 5,protein-coding,-,-,-,docking protein 5,20210420,-
130825,121157058,LOC121157058,-,-,-,Un,-,"1,25-dihydroxyvitamin D(3) 24-hydroxylase, mitochondrial",protein-coding,-,-,-,"1,25-dihydroxyvitamin D(3) 24-hydroxylase, mitochondrial",20210420,-
130825,121157059,LOC121157059,-,-,-,Un,-,60S ribosomal protein L35-like,protein-coding,-,-,-,60S ribosomal protein L35-like,20210420,-
130825,121157060,BCAS1,-,-,-,Un,-,brain enriched myelin associated protein 1,protein-coding,-,-,-,breast carcinoma-amplified sequence 1,20210420,-
130825,121157061,SALL4,-,-,-,Un,-,spalt like transcription factor 4,protein-coding,-,-,-,sal-like protein 4,20210420,-
130825,121157062,LOC121157062,-,-,-,Un,-,uncharacterized LOC121157062,ncRNA,-,-,-,-,20210420,-
130825,121157063,LOC121157063,-,-,-,Un,-,uncharacterized LOC121157063,ncRNA,-,-,-,-,20210420,-
130825,121157064,KCNG1,-,-,-,Un,-,potassium voltage-gated channel modifier subfamily G member 1,protein-coding,-,-,-,potassium voltage-gated channel subfamily G member 1,20210420,-
130825,121157065,MOCS3,-,-,-,Un,-,molybdenum cofactor synthesis 3,protein-coding,-,-,-,adenylyltransferase and sulfurtransferase MOCS3,20210420,-
130825,121157066,SNAI1,-,-,-,Un,-,snail family transcriptional repressor 1,protein-coding,-,-,-,zinc finger protein SNAI1,20210420,-
130825,121157067,PTGIS,-,-,-,Un,-,prostaglandin I2 synthase,protein-coding,-,-,-,prostacyclin synthase,20210420,-
130825,121157068,KCNB1,-,-,-,Un,-,potassium voltage-gated channel subfamily B member 1,protein-coding,-,-,-,potassium voltage-gated channel subfamily B member 1,20210420,-
130825,121157069,CDH22,-,-,-,Un,-,cadherin 22,protein-coding,-,-,-,cadherin-22,20210420,-
130825,121157070,SLC12A5,-,-,-,Un,-,solute carrier family 12 member 5,protein-coding,-,-,-,solute carrier family 12 member 5,20210420,-
130825,121157071,TMTC3,-,-,-,Un,-,transmembrane O-mannosyltransferase targeting cadherins 3,protein-coding,-,-,-,protein O-mannosyl-transferase TMTC3,20210420,-
130825,121157072,NEURL2,-,-,-,Un,-,neuralized E3 ubiquitin protein ligase 2,protein-coding,-,-,-,neuralized-like protein 2,20210420,-
130825,121157073,SPATA25,-,-,-,Un,-,spermatogenesis associated 25,protein-coding,-,-,-,spermatogenesis-associated protein 25,20210420,-
130825,121157074,TNNC2,-,-,-,Un,-,"troponin C2, fast skeletal type",protein-coding,-,-,-,"troponin C, skeletal muscle",20210425,-
130825,121157075,UBE2C,-,-,-,Un,-,ubiquitin conjugating enzyme E2 C,protein-coding,-,-,-,ubiquitin-conjugating enzyme E2 C,20210420,-
130825,121157076,WFDC3,-,-,-,Un,-,WAP four-disulfide core domain 3,protein-coding,-,-,-,WAP four-disulfide core domain protein 3,20210420,-
130825,121157077,LOC121157077,-,-,-,Un,-,uncharacterized LOC121157077,ncRNA,-,-,-,-,20210420,-
130825,121157078,LOC121157078,-,-,-,Un,-,eppin-like,protein-coding,-,-,-,eppin-like,20210420,-
130825,121157079,WFDC2,-,-,-,Un,-,WAP four-disulfide core domain 2,protein-coding,-,-,-,WAP four-disulfide core domain protein 2,20210420,-
130825,121157080,LOC121157080,-,-,-,Un,-,antileukoproteinase-like,protein-coding,-,-,-,antileukoproteinase-like,20210420,-
130825,121157081,LOC121157081,-,-,-,Un,-,WAP four-disulfide core domain protein 15A-like,protein-coding,-,-,-,WAP four-disulfide core domain protein 15A-like,20210420,-
130825,121157082,LOC121157082,-,-,-,Un,-,WAP four-disulfide core domain protein 5-like,protein-coding,-,-,-,WAP four-disulfide core domain protein 5-like,20210420,-
130825,121157083,PABPC1L,-,-,-,Un,-,poly(A) binding protein cytoplasmic 1 like,protein-coding,-,-,-,polyadenylate-binding protein 1-like,20210420,-
130825,121157084,RIMS4,-,-,-,Un,-,regulating synaptic membrane exocytosis 4,protein-coding,-,-,-,regulating synaptic membrane exocytosis protein 4,20210522,-
130825,121157085,KCNK15,-,-,-,Un,-,potassium two pore domain channel subfamily K member 15,protein-coding,-,-,-,potassium channel subfamily K member 15,20210420,-
130825,121157086,CCN5,-,-,-,Un,-,cellular communication network factor 5,protein-coding,-,-,-,CCN family member 5,20210420,-
130825,121157087,HNF4A,-,-,-,Un,-,hepatocyte nuclear factor 4 alpha,protein-coding,-,-,-,hepatocyte nuclear factor 4-alpha,20210420,-
130825,121157088,R3HDML,-,-,-,Un,-,R3H domain containing like,protein-coding,-,-,-,peptidase inhibitor R3HDML,20210420,-
130825,121157089,CEP290,-,-,-,Un,-,centrosomal protein 290,protein-coding,-,-,-,centrosomal protein of 290 kDa,20210420,-
130825,121157090,GDAP1L1,-,-,-,Un,-,ganglioside induced differentiation associated protein 1 like 1,protein-coding,-,-,-,ganglioside-induced differentiation-associated protein 1-like 1,20210420,-
130825,121157091,GTSF1L,-,-,-,Un,-,gametocyte specific factor 1 like,protein-coding,-,-,-,gametocyte-specific factor 1-like,20210420,-
130825,121157092,EMILIN3,-,-,-,Un,-,elastin microfibril interfacer 3,protein-coding,-,-,-,EMILIN-3,20210420,-
130825,121157093,LPIN3,-,-,-,Un,-,lipin 3,protein-coding,-,-,-,phosphatidate phosphatase LPIN3,20210420,-
130825,121157094,LOC121157094,-,-,-,Un,-,uncharacterized LOC121157094,ncRNA,-,-,-,-,20210420,-
130825,121157095,FAM83D,-,-,-,Un,-,family with sequence similarity 83 member D,protein-coding,-,-,-,protein FAM83D,20210420,-
130825,121157096,SLC32A1,-,-,-,Un,-,solute carrier family 32 member 1,protein-coding,-,-,-,vesicular inhibitory amino acid transporter,20210420,-
130825,121157097,CUNH12orf29,-,-,-,Un,-,chromosome unknown C12orf29 homolog,protein-coding,-,-,-,uncharacterized protein C12orf29 homolog,20210420,-
130825,121157098,LOC121157098,-,-,-,Un,-,uncharacterized LOC121157098,ncRNA,-,-,-,-,20210420,-
130825,121157099,BPI,-,-,-,Un,-,bactericidal permeability increasing protein,protein-coding,-,-,-,bactericidal permeability-increasing protein,20210420,-
130825,121157100,VSTM2L,-,-,-,Un,-,V-set and transmembrane domain containing 2 like,protein-coding,-,-,-,V-set and transmembrane domain-containing protein 2-like protein,20210420,-
130825,121157101,GHRH,-,-,-,Un,-,growth hormone releasing hormone,protein-coding,-,-,-,somatoliberin,20210420,-
130825,121157102,EPB41L1,-,-,-,Un,-,erythrocyte membrane protein band 4.1 like 1,protein-coding,-,-,-,band 4.1-like protein 1,20210420,-
130825,121157103,CNBD2,-,-,-,Un,-,cyclic nucleotide binding domain containing 2,protein-coding,-,-,-,cyclic nucleotide-binding domain-containing protein 2,20210420,-
130825,121157104,SCAND1,-,-,-,Un,-,SCAN domain containing 1,protein-coding,-,-,-,SCAN domain-containing protein 1,20210420,-
130825,121157105,LOC121157105,-,-,-,Un,-,fer-1-like protein 4,protein-coding,-,-,-,fer-1-like protein 4,20210420,-
130825,121157106,LOC121157106,-,-,-,Un,-,"CMP-N-acetylneuraminate-beta-galactosamide-alpha-2,3-sialyltransferase 1-like",protein-coding,-,-,-,"CMP-N-acetylneuraminate-beta-galactosamide-alpha-2,3-sialyltransferase 1-like",20210420,-
130825,121157107,FAM83C,-,-,-,Un,-,family with sequence similarity 83 member C,protein-coding,-,-,-,protein FAM83C,20210420,-
130825,121157108,PROCR,-,-,-,Un,-,protein C receptor,protein-coding,-,-,-,endothelial protein C receptor,20210420,-
130825,121157109,LOC121157109,-,-,-,Un,-,agouti signaling protein,protein-coding,-,-,-,agouti-signaling protein,20210420,-
130825,121157110,LOC121157110,-,-,-,Un,-,ADP-ribosylation factor-like protein 10,pseudo,-,-,-,-,20210420,-
130825,121157111,SNTA1,-,-,-,Un,-,syntrophin alpha 1,protein-coding,-,-,-,alpha-1-syntrophin,20210420,-
130825,121157112,LOC121157112,-,-,-,Un,-,40S ribosomal protein S3a-like,protein-coding,-,-,-,40S ribosomal protein S3a-like,20210420,-
130825,121157113,BPIFA1,-,-,-,Un,-,BPI fold containing family A member 1,protein-coding,-,-,-,BPI fold-containing family A member 1,20210420,-
130825,121157114,BPIFA3,-,-,-,Un,-,BPI fold containing family A member 3,protein-coding,-,-,-,BPI fold-containing family A member 3,20210420,-
130825,121157115,BPIFB4,-,-,-,Un,-,BPI fold containing family B member 4,protein-coding,-,-,-,BPI fold-containing family B member 4,20210420,-
130825,121157116,BPIFB3,-,-,-,Un,-,BPI fold containing family B member 3,protein-coding,-,-,-,BPI fold-containing family B member 3,20210420,-
130825,121157117,BPIFB6,-,-,-,Un,-,BPI fold containing family B member 6,protein-coding,-,-,-,BPI fold-containing family B member 6,20210420,-
130825,121157118,XKR7,-,-,-,Un,-,XK related 7,protein-coding,-,-,-,XK-related protein 7,20210420,-
130825,121157119,DUSP15,-,-,-,Un,-,dual specificity phosphatase 15,protein-coding,-,-,-,dual specificity protein phosphatase 15,20210420,-
130825,121157120,FOXS1,-,-,-,Un,-,forkhead box S1,protein-coding,-,-,-,forkhead box protein S1,20210420,-
130825,121157121,MYLK2,-,-,-,Un,-,myosin light chain kinase 2,protein-coding,-,-,-,"myosin light chain kinase 2, skeletal/cardiac muscle",20210420,-
130825,121157122,LOC121157122,-,-,-,Un,-,"cytochrome c oxidase subunit 4 isoform 2, mitochondrial",protein-coding,-,-,-,"cytochrome c oxidase subunit 4 isoform 2, mitochondrial",20210420,-
130825,121157123,TMTC2,-,-,-,Un,-,transmembrane O-mannosyltransferase targeting cadherins 2,protein-coding,-,-,-,protein O-mannosyl-transferase TMTC2,20210420,-
130825,121157124,ID1,-,-,-,Un,-,"inhibitor of DNA binding 1, HLH protein",protein-coding,-,-,-,DNA-binding protein inhibitor ID-1,20210420,-
130825,121157125,REM1,-,-,-,Un,-,RRAD and GEM like GTPase 1,protein-coding,-,-,-,GTP-binding protein REM 1,20210420,-
130825,121157126,DEFB124,-,-,-,Un,-,defensin beta 124,protein-coding,-,-,-,beta-defensin 124,20210420,-
130825,121157127,DEFB123,-,-,-,Un,-,defensin beta 123,protein-coding,-,-,-,beta-defensin 123,20210420,-
130825,121157128,DEFB119,-,-,-,Un,-,defensin beta 119,protein-coding,-,-,-,beta-defensin 119,20210420,-
130825,121157129,SOX12,-,-,-,Un,-,SRY-box transcription factor 12,protein-coding,-,-,-,transcription factor SOX-12,20210420,-
130825,121157130,TRIB3,-,-,-,Un,-,tribbles pseudokinase 3,protein-coding,-,-,-,tribbles homolog 3,20210420,-
130825,121157131,METTL25,-,-,-,Un,-,methyltransferase like 25,protein-coding,-,-,-,methyltransferase-like protein 25,20210420,-
130825,121157132,TCF15,-,-,-,Un,-,transcription factor 15,protein-coding,-,-,-,transcription factor 15,20210420,-
130825,121157133,SRXN1,-,-,-,Un,-,sulfiredoxin 1,protein-coding,-,-,-,sulfiredoxin-1,20210420,-
130825,121157134,SCRT2,-,-,-,Un,-,scratch family transcriptional repressor 2,protein-coding,-,-,-,transcriptional repressor scratch 2,20210420,-
130825,121157135,SLC52A3,-,-,-,Un,-,solute carrier family 52 member 3,protein-coding,-,-,-,"solute carrier family 52, riboflavin transporter, member 3",20210420,-
130825,121157136,ANGPT4,-,-,-,Un,-,angiopoietin 4,protein-coding,-,-,-,angiopoietin-4,20210420,-
130825,121157137,LOC121157137,-,-,-,Un,-,uncharacterized LOC121157137,ncRNA,-,-,-,-,20210420,-
130825,121157138,TMEM74B,-,-,-,Un,-,transmembrane protein 74B,protein-coding,-,-,-,transmembrane protein 74B,20210420,-
130825,121157139,CUNH20orf202,-,-,-,Un,-,chromosome unknown C20orf202 homolog,protein-coding,-,-,-,uncharacterized protein C20orf202 homolog,20210420,-
130825,121157140,RAD21L1,-,-,-,Un,-,RAD21 cohesin complex component like 1,protein-coding,-,-,-,double-strand-break repair protein rad21-like protein 1,20210420,-
130825,121157141,CCDC59,-,-,-,Un,-,coiled-coil domain containing 59,protein-coding,-,-,-,thyroid transcription factor 1-associated protein 26,20210420,-
130825,121157142,PDYN,-,-,-,Un,-,prodynorphin,protein-coding,-,-,-,proenkephalin-B,20210420,-
130825,121157143,EBF4,-,-,-,Un,-,EBF family member 4,protein-coding,-,-,-,transcription factor COE4,20210420,-
130825,121157144,CPXM1,-,-,-,Un,-,"carboxypeptidase X, M14 family member 1",protein-coding,-,-,-,probable carboxypeptidase X1,20210420,-
130825,121157145,CUNH20orf141,-,-,-,Un,-,chromosome unknown C20orf141 homolog,protein-coding,-,-,-,uncharacterized protein C20orf141 homolog,20210420,-
130825,121157146,TMEM239,-,-,-,Un,-,transmembrane protein 239,protein-coding,-,-,-,transmembrane protein 239,20210420,-
130825,121157147,MRPS26,-,-,-,Un,-,mitochondrial ribosomal protein S26,protein-coding,-,-,-,"28S ribosomal protein S26, mitochondrial",20210420,-
130825,121157148,OXT,-,-,-,Un,-,oxytocin/neurophysin I prepropeptide,protein-coding,-,-,-,oxytocin-neurophysin 1,20210420,-
130825,121157149,LOC121157149,-,-,-,Un,-,60S ribosomal protein L13a-like,protein-coding,-,-,-,60S ribosomal protein L13a-like,20210420,-
130825,121157150,LOC121157150,-,-,-,Un,-,arginine vasopressin,protein-coding,-,-,-,vasopressin-neurophysin 2-copeptin,20210420,-
130825,121157151,PPP1R12A,-,-,-,Un,-,protein phosphatase 1 regulatory subunit 12A,protein-coding,-,-,-,protein phosphatase 1 regulatory subunit 12A,20210420,-
130825,121157152,LOC121157152,-,-,-,Un,-,uncharacterized LOC121157152,ncRNA,-,-,-,-,20210420,-
130825,121157153,LOC121157153,-,-,-,Un,-,cystatin-8-like,protein-coding,-,-,-,cystatin-8-like,20210420,-
130825,121157154,LOC121157154,-,-,-,Un,-,cystatin-13-like,protein-coding,-,-,-,cystatin-13-like,20210420,-
130825,121157155,CST9L,-,-,-,Un,-,cystatin 9 like,protein-coding,-,-,-,cystatin-9-like,20210420,-
130825,121157156,FOXA2,-,-,-,Un,-,forkhead box A2,protein-coding,-,-,-,hepatocyte nuclear factor 3-beta,20210420,-
130825,121157157,PAX1,-,-,-,Un,-,paired box 1,protein-coding,-,-,-,paired box protein Pax-1,20210420,-
130825,121157158,NKX2-2,-,-,-,Un,-,NK2 homeobox 2,protein-coding,-,-,-,homeobox protein Nkx-2.2,20210420,-
130825,121157159,NKX2-4,-,-,-,Un,-,NK2 homeobox 4,protein-coding,-,-,-,homeobox protein Nkx-2.4,20210420,-
130825,121157160,INSM1,-,-,-,Un,-,INSM transcriptional repressor 1,protein-coding,-,-,-,insulinoma-associated protein 1,20210420,-
130825,121157161,SCP2D1,-,-,-,Un,-,SCP2 sterol binding domain containing 1,protein-coding,-,-,-,SCP2 sterol-binding domain-containing protein 1,20210420,-
130825,121157162,LOC121157162,-,-,-,Un,-,uncharacterized LOC121157162,ncRNA,-,-,-,-,20210420,-
130825,121157163,DZANK1,-,-,-,Un,-,double zinc ribbon and ankyrin repeat domains 1,protein-coding,-,-,-,double zinc ribbon and ankyrin repeat-containing protein 1,20210420,-
130825,121157164,OVOL2,-,-,-,Un,-,ovo like zinc finger 2,protein-coding,-,-,-,transcription factor Ovo-like 2,20210420,-
130825,121157165,LOC121157165,-,-,-,Un,-,"cytochrome c oxidase subunit 7C, mitochondrial-like",protein-coding,-,-,-,"cytochrome c oxidase subunit 7C, mitochondrial-like",20210420,-
130825,121157166,BFSP1,-,-,-,Un,-,beaded filament structural protein 1,protein-coding,-,-,-,filensin,20210420,-
130825,121157167,PCSK2,-,-,-,Un,-,proprotein convertase subtilisin/kexin type 2,protein-coding,-,-,-,neuroendocrine convertase 2,20210420,-
130825,121157168,OTOR,-,-,-,Un,-,otoraplin,protein-coding,-,-,-,otoraplin,20210420,-
130825,121157169,SEL1L2,-,-,-,Un,-,SEL1L2 adaptor subunit of ERAD E3 ligase,protein-coding,-,-,-,protein sel-1 homolog 2,20210420,-
130825,121157170,LOC121157170,-,-,-,Un,-,cytochrome c-like,protein-coding,-,-,-,cytochrome c-like,20210420,-
130825,121157171,ANKEF1,-,-,-,Un,-,ankyrin repeat and EF-hand domain containing 1,protein-coding,-,-,-,ankyrin repeat and EF-hand domain-containing protein 1,20210420,-
130825,121157172,PAK5,-,-,-,Un,-,p21 (RAC1) activated kinase 5,protein-coding,-,-,-,serine/threonine-protein kinase PAK 5,20210420,-
130825,121157173,LAMP5,-,-,-,Un,-,lysosomal associated membrane protein family member 5,protein-coding,-,-,-,lysosome-associated membrane glycoprotein 5,20210420,-
130825,121157174,PLCB4,-,-,-,Un,-,phospholipase C beta 4,protein-coding,-,-,-,"1-phosphatidylinositol 4,5-bisphosphate phosphodiesterase beta-4",20210420,-
130825,121157175,HAO1,-,-,-,Un,-,hydroxyacid oxidase 1,protein-coding,-,-,-,hydroxyacid oxidase 1,20210420,-
130825,121157176,BMP2,-,-,-,Un,-,bone morphogenetic protein 2,protein-coding,-,-,-,bone morphogenetic protein 2,20210420,-
130825,121157177,FERMT1,-,-,-,Un,-,FERM domain containing kindlin 1,protein-coding,-,-,-,fermitin family homolog 1,20210420,-
130825,121157178,PROKR2,-,-,-,Un,-,prokineticin receptor 2,protein-coding,-,-,-,prokineticin receptor 2,20210420,-
130825,121157179,PRND,-,-,-,Un,-,prion like protein doppel,protein-coding,-,-,-,prion-like protein doppel,20210420,-
130825,121157180,LOC121157180,-,-,-,Un,-,cystatin-like 1,protein-coding,-,-,-,cystatin-like 1,20210420,-
130825,121157181,LOC121157181,-,-,-,Un,-,cystatin-like 1,protein-coding,-,-,-,cystatin-like 1,20210420,-
130825,121157182,LOC121157182,-,-,-,Un,-,cystatin-12-like,protein-coding,-,-,-,cystatin-12-like,20210420,-
130825,121157183,HSPA12B,-,-,-,Un,-,heat shock protein family A (Hsp70) member 12B,protein-coding,-,-,-,heat shock 70 kDa protein 12B,20210420,-
130825,121157184,SPEF1,-,-,-,Un,-,sperm flagellar 1,protein-coding,-,-,-,sperm flagellar protein 1,20210420,-
130825,121157185,ADRA1D,-,-,-,Un,-,adrenoceptor alpha 1D,protein-coding,-,-,-,alpha-1D adrenergic receptor,20210420,-
130825,121157186,GINS1,-,-,-,Un,-,GINS complex subunit 1,protein-coding,-,-,-,DNA replication complex GINS protein PSF1,20210420,-
130825,121157187,VSX1,-,-,-,Un,-,visual system homeobox 1,protein-coding,-,-,-,visual system homeobox 1,20210420,-
130825,121157188,SYNDIG1,-,-,-,Un,-,synapse differentiation inducing 1,protein-coding,-,-,-,synapse differentiation-inducing gene protein 1,20210420,-
130825,121157189,SPINT4,-,-,-,Un,-,"serine peptidase inhibitor, Kunitz type 4",protein-coding,-,-,-,kunitz-type protease inhibitor 4,20210420,-
130825,121157190,ACTL10,-,-,-,Un,-,actin like 10,protein-coding,-,-,-,actin-like protein 10,20210420,-
130825,121157191,LOC121157191,-,-,-,Un,-,bone morphogenetic protein 7-like,protein-coding,-,-,-,bone morphogenetic protein 7-like,20210420,-
130825,121157192,EYA2,-,-,-,Un,-,EYA transcriptional coactivator and phosphatase 2,protein-coding,-,-,-,eyes absent homolog 2,20210420,-
130825,121157193,SLC2A10,-,-,-,Un,-,solute carrier family 2 member 10,protein-coding,-,-,-,"solute carrier family 2, facilitated glucose transporter member 10",20210420,-
130825,121157194,PAWR,-,-,-,Un,-,pro-apoptotic WT1 regulator,protein-coding,-,-,-,PRKC apoptosis WT1 regulator protein,20210420,-
130825,121157195,LOC121157195,-,-,-,Un,-,osteoclast stimulatory transmembrane protein,protein-coding,-,-,-,osteoclast stimulatory transmembrane protein,20210420,-
130825,121157196,WFDC10A,-,-,-,Un,-,WAP four-disulfide core domain 10A,protein-coding,-,-,-,WAP four-disulfide core domain protein 10A,20210420,-
130825,121157197,WFDC9,-,-,-,Un,-,WAP four-disulfide core domain 9,protein-coding,-,-,-,protein WFDC9,20210420,-
130825,121157198,WFDC8,-,-,-,Un,-,WAP four-disulfide core domain 8,protein-coding,-,-,-,WAP four-disulfide core domain protein 8,20210420,-
130825,121157199,LOC121157199,-,-,-,Un,-,WAP four-disulfide core domain protein 6A-like,protein-coding,-,-,-,WAP four-disulfide core domain protein 6A-like,20210420,-
130825,121157200,TP53TG5,-,-,-,Un,-,TP53 target 5,protein-coding,-,-,-,TP53-target gene 5 protein,20210420,-
130825,121157201,RBPJL,-,-,-,Un,-,recombination signal binding protein for immunoglobulin kappa J region like,protein-coding,-,-,-,recombining binding protein suppressor of hairless-like protein,20210420,-
130825,121157202,SGK2,-,-,-,Un,-,serum/glucocorticoid regulated kinase 2,protein-coding,-,-,-,serine/threonine-protein kinase Sgk2,20210420,-
130825,121157203,LOC121157203,-,-,-,Un,-,L-lactate dehydrogenase A chain-like,pseudo,-,-,-,-,20210420,-
130825,121157204,ADIG,-,-,-,Un,-,adipogenin,protein-coding,-,-,-,adipogenin,20210420,-
130825,121157205,SYT1,-,-,-,Un,-,synaptotagmin 1,protein-coding,-,-,-,synaptotagmin-1,20210420,-
130825,121157206,LOC121157206,-,-,-,Un,-,lipopolysaccharide-binding protein-like,protein-coding,-,-,-,lipopolysaccharide-binding protein-like,20210420,-
130825,121157207,LOC121157207,-,-,-,Un,-,lipopolysaccharide-binding protein-like,protein-coding,-,-,-,lipopolysaccharide-binding protein-like,20210420,-
130825,121157208,KIAA1755,-,-,-,Un,-,KIAA1755 ortholog,protein-coding,-,-,-,uncharacterized protein KIAA1755 homolog,20210420,-
130825,121157209,LOC121157209,-,-,-,Un,-,vomeromodulin-like,protein-coding,-,-,-,vomeromodulin-like,20210420,-
130825,121157210,LOC121157210,-,-,-,Un,-,uncharacterized LOC121157210,protein-coding,-,-,-,uncharacterized protein LOC121157210,20210420,-
130825,121157211,BPIFB1,-,-,-,Un,-,BPI fold containing family B member 1,protein-coding,-,-,-,BPI fold-containing family B member 1,20210420,-
130825,121157212,BPIFA2,-,-,-,Un,-,BPI fold containing family A member 2,protein-coding,-,-,-,BPI fold-containing family A member 2,20210420,-
130825,121157213,BPIFB2,-,-,-,Un,-,BPI fold containing family B member 2,protein-coding,-,-,-,BPI fold-containing family B member 2,20210420,-
130825,121157214,SUN5,-,-,-,Un,-,Sad1 and UNC84 domain containing 5,protein-coding,-,-,-,SUN domain-containing protein 5,20210420,-
130825,121157215,DEFB121,-,-,-,Un,-,defensin beta 121,protein-coding,-,-,-,beta-defensin 121,20210420,-
130825,121157216,NAV3,-,-,-,Un,-,neuron navigator 3,protein-coding,-,-,-,neuron navigator 3,20210420,-
130825,121157217,DEFB115,-,-,-,Un,-,defensin beta 115,protein-coding,-,-,-,beta-defensin 115,20210420,-
130825,121157218,DEFB125,-,-,-,Un,-,defensin beta 125,protein-coding,-,-,-,beta-defensin 125,20210420,-
130825,121157219,DEFB126,-,-,-,Un,-,defensin beta 126,protein-coding,-,-,-,beta-defensin 126,20210420,-
130825,121157220,DEFB127,-,-,-,Un,-,defensin beta 127,protein-coding,-,-,-,beta-defensin 127,20210420,-
130825,121157221,DEFB128,-,-,-,Un,-,defensin beta 128,protein-coding,-,-,-,beta-defensin 128,20210420,-
130825,121157222,CUNH20orf96,-,-,-,Un,-,chromosome unknown C20orf96 homolog,protein-coding,-,-,-,uncharacterized protein C20orf96 homolog,20210420,-
130825,121157223,NRSN2,-,-,-,Un,-,neurensin 2,protein-coding,-,-,-,neurensin-2,20210420,-
130825,121157224,RSPO4,-,-,-,Un,-,R-spondin 4,protein-coding,-,-,-,R-spondin-4,20210420,-
130825,121157225,LOC121157225,-,-,-,Un,-,Ig gamma-2A chain C region-like,other,-,-,-,-,20210420,-
130825,121157226,LOC121157226,-,-,-,Un,-,gem-associated protein 8-like,pseudo,-,-,-,-,20210420,-
130825,121157227,TGM3,-,-,-,Un,-,transglutaminase 3,protein-coding,-,-,-,protein-glutamine gamma-glutamyltransferase E,20210420,-
130825,121157228,TGM6,-,-,-,Un,-,transglutaminase 6,protein-coding,-,-,-,protein-glutamine gamma-glutamyltransferase 6,20210420,-
130825,121157229,GFRA4,-,-,-,Un,-,GDNF family receptor alpha 4,protein-coding,-,-,-,GDNF family receptor alpha-4,20210420,-
130825,121157230,SSTR4,-,-,-,Un,-,somatostatin receptor 4,protein-coding,-,-,-,somatostatin receptor type 4,20210420,-
130825,121157231,CFAP61,-,-,-,Un,-,cilia and flagella associated protein 61,protein-coding,-,-,-,cilia- and flagella-associated protein 61,20210420,-
130825,121157232,MACROD2,-,-,-,Un,-,mono-ADP ribosylhydrolase 2,protein-coding,-,-,-,ADP-ribose glycohydrolase MACROD2,20210420,-
130825,121157233,LOC121157233,-,-,-,Un,-,serine/arginine repetitive matrix protein 1-like,pseudo,-,-,-,-,20210420,-
130825,121157234,LOC121157234,-,-,-,Un,-,myosin regulatory light chain 12B-like,pseudo,-,-,-,-,20210420,-
130825,121157235,LRRN4,-,-,-,Un,-,leucine rich repeat neuronal 4,protein-coding,-,-,-,leucine-rich repeat neuronal protein 4,20210420,-
130825,121157236,LOC121157236,-,-,-,Un,-,high mobility group protein B3-like,pseudo,-,-,-,-,20210420,-
130825,121157237,LOC121157237,-,-,-,Un,-,cystatin-11-like,protein-coding,-,-,-,cystatin-11-like,20210420,-
130825,121157238,LOC121157238,-,-,-,Un,-,cystatin-9-like,protein-coding,-,-,-,cystatin-9-like,20210420,-
130825,121157239,LOC121157239,-,-,-,Un,-,cystatin-11-like,protein-coding,-,-,-,cystatin-11-like,20210420,-
130825,121157240,ADAM33,-,-,-,Un,-,ADAM metallopeptidase domain 33,protein-coding,-,-,-,disintegrin and metalloproteinase domain-containing protein 33,20210420,-
130825,121157241,CSRP2,-,-,-,Un,-,cysteine and glycine rich protein 2,protein-coding,-,-,-,cysteine and glycine-rich protein 2,20210420,-
130825,121157242,MAVS,-,-,-,Un,-,mitochondrial antiviral signaling protein,protein-coding,-,-,-,mitochondrial antiviral-signaling protein,20210420,-
130825,121157243,RTF2,-,-,-,Un,-,replication termination factor 2,protein-coding,-,-,-,replication termination factor 2,20210420,-
130825,121157244,CASS4,-,-,-,Un,-,Cas scaffold protein family member 4,protein-coding,-,-,-,cas scaffolding protein family member 4,20210420,-
130825,121157245,LOC121157245,-,-,-,Un,-,uncharacterized LOC121157245,ncRNA,-,-,-,-,20210420,-
130825,121157246,CSTF1,-,-,-,Un,-,cleavage stimulation factor subunit 1,protein-coding,-,-,-,cleavage stimulation factor subunit 1,20210420,-
130825,121157247,AURKA,-,-,-,Un,-,aurora kinase A,protein-coding,-,-,-,aurora kinase A,20210420,-
130825,121157248,FAM210B,-,-,-,Un,-,family with sequence similarity 210 member B,protein-coding,-,-,-,"protein FAM210B, mitochondrial",20210420,-
130825,121157249,PFDN4,-,-,-,Un,-,prefoldin subunit 4,protein-coding,-,-,-,prefoldin subunit 4,20210501,-
130825,121157250,ZDHHC17,-,-,-,Un,-,zinc finger DHHC-type palmitoyltransferase 17,protein-coding,-,-,-,palmitoyltransferase ZDHHC17,20210420,-
130825,121157251,LOC121157251,-,-,-,Un,-,uncharacterized LOC121157251,ncRNA,-,-,-,-,20210420,-
130825,121157252,LOC121157252,-,-,-,Un,-,uncharacterized LOC121157252,ncRNA,-,-,-,-,20210420,-
130825,121157253,ZNF217,-,-,-,Un,-,zinc finger protein 217,protein-coding,-,-,-,zinc finger protein 217,20210420,-
130825,121157254,TSHZ2,-,-,-,Un,-,teashirt zinc finger homeobox 2,protein-coding,-,-,-,teashirt homolog 2,20210420,-
130825,121157255,ZFP64,-,-,-,Un,-,ZFP64 zinc finger protein,protein-coding,-,-,-,zinc finger protein 64,20210420,-
130825,121157256,ATP9A,-,-,-,Un,-,ATPase phospholipid transporting 9A (putative),protein-coding,-,-,-,probable phospholipid-transporting ATPase IIA,20210420,-
130825,121157257,NFATC2,-,-,-,Un,-,nuclear factor of activated T cells 2,protein-coding,-,-,-,"nuclear factor of activated T-cells, cytoplasmic 2",20210420,-
130825,121157258,PKD2L2,-,-,-,Un,-,"polycystin 2 like 2, transient receptor potential cation channel",protein-coding,-,-,-,polycystic kidney disease 2-like 2 protein,20210420,-
130825,121157259,DPM1,-,-,-,Un,-,"dolichyl-phosphate mannosyltransferase subunit 1, catalytic",protein-coding,-,-,-,dolichol-phosphate mannosyltransferase subunit 1,20210420,-
130825,121157260,OSBPL8,-,-,-,Un,-,oxysterol binding protein like 8,protein-coding,-,-,-,oxysterol-binding protein-related protein 8,20210420,-
130825,121157261,LOC121157261,-,-,-,Un,-,activity dependent neuroprotector homeobox,protein-coding,-,-,-,activity-dependent neuroprotector homeobox protein,20210420,-
130825,121157262,BCAS4,-,-,-,Un,-,breast carcinoma amplified sequence 4,protein-coding,-,-,-,breast carcinoma-amplified sequence 4,20210420,-
130825,121157263,PARD6B,-,-,-,Un,-,par-6 family cell polarity regulator beta,protein-coding,-,-,-,partitioning defective 6 homolog beta,20210420,-
130825,121157264,RIPOR3,-,-,-,Un,-,RIPOR family member 3,protein-coding,-,-,-,RIPOR family member 3,20210420,-
130825,121157265,PTPN1,-,-,-,Un,-,protein tyrosine phosphatase non-receptor type 1,protein-coding,-,-,-,tyrosine-protein phosphatase non-receptor type 1,20210420,-
130825,121157266,CEBPB,-,-,-,Un,-,CCAAT enhancer binding protein beta,protein-coding,-,-,-,CCAAT/enhancer-binding protein beta,20210420,-
130825,121157267,LOC121157267,-,-,-,Un,-,plasmanylethanolamine desaturase,protein-coding,-,-,-,plasmanylethanolamine desaturase,20210420,-
130825,121157268,UBE2V1,-,-,-,Un,-,ubiquitin conjugating enzyme E2 V1,protein-coding,-,-,-,ubiquitin-conjugating enzyme E2 variant 1,20210420,-
130825,121157269,RNF114,-,-,-,Un,-,ring finger protein 114,protein-coding,-,-,-,E3 ubiquitin-protein ligase RNF114,20210420,-
130825,121157270,SLC9A8,-,-,-,Un,-,solute carrier family 9 member A8,protein-coding,-,-,-,sodium/hydrogen exchanger 8,20210420,-
130825,121157271,SPATA2,-,-,-,Un,-,spermatogenesis associated 2,protein-coding,-,-,-,spermatogenesis-associated protein 2,20210420,-
130825,121157272,B4GALT5,-,-,-,Un,-,"beta-1,4-galactosyltransferase 5",protein-coding,-,-,-,"beta-1,4-galactosyltransferase 5",20210420,-
130825,121157273,ZNFX1,-,-,-,Un,-,zinc finger NFX1-type containing 1,protein-coding,-,-,-,NFX1-type zinc finger-containing protein 1,20210420,-
130825,121157274,DDX27,-,-,-,Un,-,DEAD-box helicase 27,protein-coding,-,-,-,probable ATP-dependent RNA helicase DDX27,20210420,-
130825,121157275,CSE1L,-,-,-,Un,-,chromosome segregation 1 like,protein-coding,-,-,-,exportin-2,20210420,-
130825,121157276,STAU1,-,-,-,Un,-,staufen double-stranded RNA binding protein 1,protein-coding,-,-,-,double-stranded RNA-binding protein Staufen homolog 1,20210420,-
130825,121157277,ARFGEF2,-,-,-,Un,-,ADP ribosylation factor guanine nucleotide exchange factor 2,protein-coding,-,-,-,brefeldin A-inhibited guanine nucleotide-exchange protein 2,20210420,-
130825,121157278,PREX1,-,-,-,Un,-,"phosphatidylinositol-3,4,5-trisphosphate dependent Rac exchange factor 1",protein-coding,-,-,-,"phosphatidylinositol 3,4,5-trisphosphate-dependent Rac exchanger 1 protein",20210420,-
130825,121157279,NCOA3,-,-,-,Un,-,nuclear receptor coactivator 3,protein-coding,-,-,-,nuclear receptor coactivator 3,20210420,-
130825,121157280,BBS10,-,-,-,Un,-,Bardet-Biedl syndrome 10,protein-coding,-,-,-,Bardet-Biedl syndrome 10 protein,20210420,-
130825,121157281,SULF2,-,-,-,Un,-,sulfatase 2,protein-coding,-,-,-,extracellular sulfatase Sulf-2,20210420,-
130825,121157282,ZMYND8,-,-,-,Un,-,zinc finger MYND-type containing 8,protein-coding,-,-,-,protein kinase C-binding protein 1,20210420,-
130825,121157283,TP53RK,-,-,-,Un,-,TP53 regulating kinase,protein-coding,-,-,-,EKC/KEOPS complex subunit TP53RK,20210420,-
130825,121157284,SLC13A3,-,-,-,Un,-,solute carrier family 13 member 3,protein-coding,-,-,-,solute carrier family 13 member 3,20210420,-
130825,121157285,NAP1L1,-,-,-,Un,-,nucleosome assembly protein 1 like 1,protein-coding,-,-,-,nucleosome assembly protein 1-like 1,20210420,-
130825,121157286,ELMO2,-,-,-,Un,-,engulfment and cell motility 2,protein-coding,-,-,-,engulfment and cell motility protein 2,20210420,-
130825,121157287,SLC35C2,-,-,-,Un,-,solute carrier family 35 member C2,protein-coding,-,-,-,solute carrier family 35 member C2,20210420,-
130825,121157288,CD40,-,-,-,Un,-,CD40 molecule,protein-coding,-,-,-,tumor necrosis factor receptor superfamily member 5,20210420,-
130825,121157289,NCOA5,-,-,-,Un,-,nuclear receptor coactivator 5,protein-coding,-,-,-,nuclear receptor coactivator 5,20210420,-
130825,121157290,MMP9,-,-,-,Un,-,matrix metallopeptidase 9,protein-coding,-,-,-,matrix metalloproteinase-9,20210420,-
130825,121157291,ZNF335,-,-,-,Un,-,zinc finger protein 335,protein-coding,-,-,-,zinc finger protein 335,20210420,-
130825,121157292,PCIF1,-,-,-,Un,-,phosphorylated CTD interacting factor 1,protein-coding,-,-,-,mRNA (2'-O-methyladenosine-N(6)-)-methyltransferase,20210420,-
130825,121157293,LOC121157293,-,-,-,Un,-,phospholipid transfer protein,protein-coding,-,-,-,phospholipid transfer protein,20210420,-
130825,121157294,CTSA,-,-,-,Un,-,cathepsin A,protein-coding,-,-,-,lysosomal protective protein,20210420,-
130825,121157295,ZSWIM1,-,-,-,Un,-,zinc finger SWIM-type containing 1,protein-coding,-,-,-,zinc finger SWIM domain-containing protein 1,20210420,-
130825,121157296,ZSWIM3,-,-,-,Un,-,zinc finger SWIM-type containing 3,protein-coding,-,-,-,zinc finger SWIM domain-containing protein 3,20210420,-
130825,121157297,ACOT8,-,-,-,Un,-,acyl-CoA thioesterase 8,protein-coding,-,-,-,acyl-coenzyme A thioesterase 8,20210420,-
130825,121157298,SNX21,-,-,-,Un,-,sorting nexin family member 21,protein-coding,-,-,-,sorting nexin-21,20210420,-
130825,121157299,DNTTIP1,-,-,-,Un,-,deoxynucleotidyltransferase terminal interacting protein 1,protein-coding,-,-,-,deoxynucleotidyltransferase terminal-interacting protein 1,20210420,-
130825,121157300,PIGT,-,-,-,Un,-,phosphatidylinositol glycan anchor biosynthesis class T,protein-coding,-,-,-,GPI transamidase component PIG-T,20210420,-
130825,121157301,PHLDA1,-,-,-,Un,-,pleckstrin homology like domain family A member 1,protein-coding,-,-,-,pleckstrin homology-like domain family A member 1,20210420,-
130825,121157302,SYS1,-,-,-,Un,-,SYS1 golgi trafficking protein,protein-coding,-,-,-,protein SYS1 homolog,20210420,-
130825,121157303,DBNDD2,-,-,-,Un,-,dysbindin domain containing 2,protein-coding,-,-,-,dysbindin domain-containing protein 2,20210420,-
130825,121157304,MATN4,-,-,-,Un,-,matrilin 4,protein-coding,-,-,-,matrilin-4,20210420,-
130825,121157305,SDC4,-,-,-,Un,-,syndecan 4,protein-coding,-,-,-,syndecan-4,20210420,-
130825,121157306,KCNS1,-,-,-,Un,-,potassium voltage-gated channel modifier subfamily S member 1,protein-coding,-,-,-,potassium voltage-gated channel subfamily S member 1,20210420,-
130825,121157307,KRR1,-,-,-,Un,-,KRR1 small subunit processome component homolog,protein-coding,-,-,-,KRR1 small subunit processome component homolog,20210420,-
130825,121157308,STK4,-,-,-,Un,-,serine/threonine kinase 4,protein-coding,-,-,-,serine/threonine-protein kinase 4,20210420,-
130825,121157309,TOMM34,-,-,-,Un,-,translocase of outer mitochondrial membrane 34,protein-coding,-,-,-,mitochondrial import receptor subunit TOM34,20210420,-
130825,121157310,YWHAB,-,-,-,Un,-,tyrosine 3-monooxygenase/tryptophan 5-monooxygenase activation protein beta,protein-coding,-,-,-,14-3-3 protein beta/alpha,20210420,-
130825,121157311,LOC121157311,-,-,-,Un,-,E3 ubiquitin-protein ligase RNF113A-like,protein-coding,-,-,-,E3 ubiquitin-protein ligase RNF113A-like,20210420,-
130825,121157312,ADA,-,-,-,Un,-,adenosine deaminase,protein-coding,-,-,-,adenosine deaminase,20210420,-
130825,121157313,PKIG,-,-,-,Un,-,cAMP-dependent protein kinase inhibitor gamma,protein-coding,-,-,-,cAMP-dependent protein kinase inhibitor gamma,20210420,-
130825,121157314,LOC121157314,-,-,-,Un,-,uncharacterized LOC121157314,ncRNA,-,-,-,-,20210420,-
130825,121157315,SERINC3,-,-,-,Un,-,serine incorporator 3,protein-coding,-,-,-,serine incorporator 3,20210420,-
130825,121157316,TTPAL,-,-,-,Un,-,alpha tocopherol transfer protein like,protein-coding,-,-,-,alpha-tocopherol transfer protein-like,20210420,-
130825,121157317,LOC121157317,-,-,-,Un,-,uncharacterized LOC121157317,ncRNA,-,-,-,-,20210420,-
130825,121157318,FITM2,-,-,-,Un,-,fat storage inducing transmembrane protein 2,protein-coding,-,-,-,acyl-coenzyme A diphosphatase FITM2,20210420,-
130825,121157319,OSER1,-,-,-,Un,-,oxidative stress responsive serine rich 1,protein-coding,-,-,-,oxidative stress-responsive serine-rich protein 1,20210420,-
130825,121157320,JPH2,-,-,-,Un,-,junctophilin 2,protein-coding,-,-,-,junctophilin-2,20210420,-
130825,121157321,TOX2,-,-,-,Un,-,TOX high mobility group box family member 2,protein-coding,-,-,-,TOX high mobility group box family member 2,20210420,-
130825,121157322,GLIPR1,-,-,-,Un,-,GLI pathogenesis related 1,protein-coding,-,-,-,glioma pathogenesis-related protein 1,20210420,-
130825,121157323,MYBL2,-,-,-,Un,-,MYB proto-oncogene like 2,protein-coding,-,-,-,myb-related protein B,20210420,-
130825,121157324,LOC121157324,-,-,-,Un,-,uncharacterized LOC121157324,ncRNA,-,-,-,-,20210420,-
130825,121157325,IFT52,-,-,-,Un,-,intraflagellar transport 52,protein-coding,-,-,-,intraflagellar transport protein 52 homolog,20210420,-
130825,121157326,L3MBTL1,-,-,-,Un,-,L3MBTL histone methyl-lysine binding protein 1,protein-coding,-,-,-,lethal(3)malignant brain tumor-like protein 1,20210420,-
130825,121157327,SRSF6,-,-,-,Un,-,serine and arginine rich splicing factor 6,protein-coding,-,-,-,serine/arginine-rich splicing factor 6,20210420,-
130825,121157328,PTPRT,-,-,-,Un,-,protein tyrosine phosphatase receptor type T,protein-coding,-,-,-,receptor-type tyrosine-protein phosphatase T,20210420,-
130825,121157329,LOC121157329,-,-,-,Un,-,GLIPR1-like protein 1,protein-coding,-,-,-,GLIPR1-like protein 1,20210420,-
130825,121157330,CHD6,-,-,-,Un,-,chromodomain helicase DNA binding protein 6,protein-coding,-,-,-,chromodomain-helicase-DNA-binding protein 6,20210420,-
130825,121157331,ZHX3,-,-,-,Un,-,zinc fingers and homeoboxes 3,protein-coding,-,-,-,zinc fingers and homeoboxes protein 3,20210420,-
130825,121157332,PLCG1,-,-,-,Un,-,phospholipase C gamma 1,protein-coding,-,-,-,"1-phosphatidylinositol 4,5-bisphosphate phosphodiesterase gamma-1",20210420,-
130825,121157333,TOP1,-,-,-,Un,-,DNA topoisomerase I,protein-coding,-,-,-,DNA topoisomerase 1,20210420,-
130825,121157334,MAFB,-,-,-,Un,-,MAF bZIP transcription factor B,protein-coding,-,-,-,transcription factor MafB,20210420,-
130825,121157335,DHX35,-,-,-,Un,-,DEAH-box helicase 35,protein-coding,-,-,-,probable ATP-dependent RNA helicase DHX35,20210420,-
130825,121157336,KCNC2,-,-,-,Un,-,potassium voltage-gated channel subfamily C member 2,protein-coding,-,-,-,potassium voltage-gated channel subfamily C member 2,20210420,-
130825,121157337,PPP1R16B,-,-,-,Un,-,protein phosphatase 1 regulatory subunit 16B,protein-coding,-,-,-,protein phosphatase 1 regulatory inhibitor subunit 16B,20210420,-
130825,121157338,ACTR5,-,-,-,Un,-,actin related protein 5,protein-coding,-,-,-,actin-related protein 5,20210420,-
130825,121157339,RALGAPB,-,-,-,Un,-,Ral GTPase activating protein non-catalytic subunit beta,protein-coding,-,-,-,ral GTPase-activating protein subunit beta,20210420,-
130825,121157340,LOC121157340,-,-,-,Un,-,uncharacterized LOC121157340,ncRNA,-,-,-,-,20210420,-
130825,121157341,LOC121157341,-,-,-,Un,-,uncharacterized LOC121157341,ncRNA,-,-,-,-,20210420,-
130825,121157342,LOC121157342,-,-,-,Un,-,uncharacterized LOC121157342,ncRNA,-,-,-,-,20210420,-
130825,121157343,LOC121157343,-,-,-,Un,-,uncharacterized LOC121157343,ncRNA,-,-,-,-,20210420,-
130825,121157344,TGM2,-,-,-,Un,-,transglutaminase 2,protein-coding,-,-,-,protein-glutamine gamma-glutamyltransferase 2,20210420,-
130825,121157345,TTI1,-,-,-,Un,-,TELO2 interacting protein 1,protein-coding,-,-,-,TELO2-interacting protein 1 homolog,20210420,-
130825,121157346,RPRD1B,-,-,-,Un,-,regulation of nuclear pre-mRNA domain containing 1B,protein-coding,-,-,-,regulation of nuclear pre-mRNA domain-containing protein 1B,20210501,-
130825,121157347,CTNNBL1,-,-,-,Un,-,catenin beta like 1,protein-coding,-,-,-,beta-catenin-like protein 1,20210420,-
130825,121157348,NNAT,-,-,-,Un,-,neuronatin,protein-coding,-,-,-,neuronatin,20210420,-
130825,121157349,LOC121157349,-,-,-,Un,-,BLCAP apoptosis inducing factor,protein-coding,-,-,-,bladder cancer-associated protein,20210420,-
130825,121157350,SRC,-,-,-,Un,-,"SRC proto-oncogene, non-receptor tyrosine kinase",protein-coding,-,-,-,proto-oncogene tyrosine-protein kinase Src,20210420,-
130825,121157351,MANBAL,-,-,-,Un,-,mannosidase beta like,protein-coding,-,-,-,protein MANBAL,20210420,-
130825,121157352,MROH8,-,-,-,Un,-,maestro heat like repeat family member 8,protein-coding,-,-,-,protein MROH8,20210420,-
130825,121157353,RPN2,-,-,-,Un,-,ribophorin II,protein-coding,-,-,-,dolichyl-diphosphooligosaccharide--protein glycosyltransferase subunit 2,20210420,-
130825,121157354,RBL1,-,-,-,Un,-,RB transcriptional corepressor like 1,protein-coding,-,-,-,retinoblastoma-like protein 1,20210420,-
130825,121157355,LOC121157355,-,-,-,Un,-,uncharacterized LOC121157355,ncRNA,-,-,-,-,20210420,-
130825,121157356,SAMHD1,-,-,-,Un,-,SAM and HD domain containing deoxynucleoside triphosphate triphosphohydrolase 1,protein-coding,-,-,-,deoxynucleoside triphosphate triphosphohydrolase SAMHD1,20210420,-
130825,121157357,TLDC2,-,-,-,Un,-,TBC/LysM-associated domain containing 2,protein-coding,-,-,-,TLD domain-containing protein 2,20210420,-
130825,121157358,SOGA1,-,-,-,Un,-,"suppressor of glucose, autophagy associated 1",protein-coding,-,-,-,protein SOGA1,20210420,-
130825,121157359,NDRG3,-,-,-,Un,-,NDRG family member 3,protein-coding,-,-,-,protein NDRG3,20210420,-
130825,121157360,DSN1,-,-,-,Un,-,DSN1 component of MIS12 kinetochore complex,protein-coding,-,-,-,kinetochore-associated protein DSN1 homolog,20210420,-
130825,121157361,SLA2,-,-,-,Un,-,Src like adaptor 2,protein-coding,-,-,-,src-like-adapter 2,20210420,-
130825,121157362,TGIF2,-,-,-,Un,-,TGFB induced factor homeobox 2,protein-coding,-,-,-,homeobox protein TGIF2,20210420,-
130825,121157363,RAB5IF,-,-,-,Un,-,RAB5 interacting factor,protein-coding,-,-,-,respirasome Complex Assembly Factor 1,20210529,-
130825,121157364,DLGAP4,-,-,-,Un,-,DLG associated protein 4,protein-coding,-,-,-,disks large-associated protein 4,20210420,-
130825,121157365,ATXN7L3B,-,-,-,Un,-,ataxin 7 like 3B,protein-coding,-,-,-,ataxin-7-like protein 3B,20210420,-
130825,121157366,MYL9,-,-,-,Un,-,myosin light chain 9,protein-coding,-,-,-,myosin regulatory light polypeptide 9,20210501,-
130825,121157367,AAR2,-,-,-,Un,-,AAR2 splicing factor,protein-coding,-,-,-,protein AAR2 homolog,20210420,-
130825,121157368,PHF20,-,-,-,Un,-,PHD finger protein 20,protein-coding,-,-,-,PHD finger protein 20,20210420,-
130825,121157369,RBM39,-,-,-,Un,-,RNA binding motif protein 39,protein-coding,-,-,-,RNA-binding protein 39,20210420,-
130825,121157370,TBC1D15,-,-,-,Un,-,TBC1 domain family member 15,protein-coding,-,-,-,TBC1 domain family member 15,20210420,-
130825,121157371,NFS1,-,-,-,Un,-,NFS1 cysteine desulfurase,protein-coding,-,-,-,"cysteine desulfurase, mitochondrial",20210420,-
130825,121157372,ROMO1,-,-,-,Un,-,reactive oxygen species modulator 1,protein-coding,-,-,-,reactive oxygen species modulator 1,20210501,-
130825,121157373,CPNE1,-,-,-,Un,-,copine 1,protein-coding,-,-,-,copine-1,20210420,-
130825,121157374,SPAG4,-,-,-,Un,-,sperm associated antigen 4,protein-coding,-,-,-,sperm-associated antigen 4 protein,20210420,-
130825,121157375,ERGIC3,-,-,-,Un,-,ERGIC and golgi 3,protein-coding,-,-,-,endoplasmic reticulum-Golgi intermediate compartment protein 3,20210529,-
130825,121157376,LOC121157376,-,-,-,Un,-,uncharacterized LOC121157376,ncRNA,-,-,-,-,20210420,-
130825,121157377,CEP250,-,-,-,Un,-,centrosomal protein 250,protein-coding,-,-,-,centrosome-associated protein CEP250,20210420,-
130825,121157378,GDF5,-,-,-,Un,-,growth differentiation factor 5,protein-coding,-,-,-,growth/differentiation factor 5,20210420,-
130825,121157379,LOC121157379,-,-,-,Un,-,ubiquinol-cytochrome-c reductase complex assembly factor 1,protein-coding,-,-,-,ubiquinol-cytochrome-c reductase complex assembly factor 1,20210420,-
130825,121157380,EIF6,-,-,-,Un,-,eukaryotic translation initiation factor 6,protein-coding,-,-,-,eukaryotic translation initiation factor 6,20210420,-
130825,121157381,MMP24OS,-,-,-,Un,-,MMP24 opposite strand,protein-coding,-,-,-,protein MMP24OS,20210420,-
130825,121157382,MMP24,-,-,-,Un,-,matrix metallopeptidase 24,protein-coding,-,-,-,matrix metalloproteinase-24,20210420,-
130825,121157383,EDEM2,-,-,-,Un,-,ER degradation enhancing alpha-mannosidase like protein 2,protein-coding,-,-,-,ER degradation-enhancing alpha-mannosidase-like protein 2,20210420,-
130825,121157384,MYH7B,-,-,-,Un,-,myosin heavy chain 7B,protein-coding,-,-,-,myosin-7B,20210420,-
130825,121157385,LOC121157385,-,-,-,Un,-,transient receptor potential cation channel subfamily C member 4 associated protein,protein-coding,-,-,-,short transient receptor potential channel 4-associated protein,20210420,-
130825,121157386,LOC121157386,-,-,-,Un,-,uncharacterized LOC121157386,ncRNA,-,-,-,-,20210420,-
130825,121157387,GSS,-,-,-,Un,-,glutathione synthetase,protein-coding,-,-,-,glutathione synthetase,20210420,-
130825,121157388,ACSS2,-,-,-,Un,-,acyl-CoA synthetase short chain family member 2,protein-coding,-,-,-,"acetyl-coenzyme A synthetase, cytoplasmic",20210420,-
130825,121157389,GGT7,-,-,-,Un,-,gamma-glutamyltransferase 7,protein-coding,-,-,-,glutathione hydrolase 7,20210420,-
130825,121157390,NCOA6,-,-,-,Un,-,nuclear receptor coactivator 6,protein-coding,-,-,-,nuclear receptor coactivator 6,20210420,-
130825,121157391,TP53INP2,-,-,-,Un,-,tumor protein p53 inducible nuclear protein 2,protein-coding,-,-,-,tumor protein p53-inducible nuclear protein 2,20210420,-
130825,121157392,PIGU,-,-,-,Un,-,phosphatidylinositol glycan anchor biosynthesis class U,protein-coding,-,-,-,phosphatidylinositol glycan anchor biosynthesis class U protein,20210420,-
130825,121157393,MAP1LC3A,-,-,-,Un,-,microtubule associated protein 1 light chain 3 alpha,protein-coding,-,-,-,microtubule-associated proteins 1A/1B light chain 3A,20210529,-
130825,121157394,DYNLRB1,-,-,-,Un,-,dynein light chain roadblock-type 1,protein-coding,-,-,-,dynein light chain roadblock-type 1,20210424,-
130825,121157395,ITCH,-,-,-,Un,-,itchy E3 ubiquitin protein ligase,protein-coding,-,-,-,E3 ubiquitin-protein ligase Itchy homolog,20210420,-
130825,121157396,AHCY,-,-,-,Un,-,adenosylhomocysteinase,protein-coding,-,-,-,adenosylhomocysteinase,20210420,-
130825,121157397,EIF2S2,-,-,-,Un,-,eukaryotic translation initiation factor 2 subunit beta,protein-coding,-,-,-,eukaryotic translation initiation factor 2 subunit 2,20210529,-
130825,121157398,RALY,-,-,-,Un,-,RALY heterogeneous nuclear ribonucleoprotein,protein-coding,-,-,-,RNA-binding protein Raly,20210420,-
130825,121157399,CHMP4B,-,-,-,Un,-,charged multivesicular body protein 4B,protein-coding,-,-,-,charged multivesicular body protein 4b,20210522,-
130825,121157400,TPH2,-,-,-,Un,-,tryptophan hydroxylase 2,protein-coding,-,-,-,tryptophan 5-hydroxylase 2,20210420,-
130825,121157401,ZNF341,-,-,-,Un,-,zinc finger protein 341,protein-coding,-,-,-,zinc finger protein 341,20210420,-
130825,121157402,PXMP4,-,-,-,Un,-,peroxisomal membrane protein 4,protein-coding,-,-,-,peroxisomal membrane protein 4,20210420,-
130825,121157403,NECAB3,-,-,-,Un,-,N-terminal EF-hand calcium binding protein 3,protein-coding,-,-,-,N-terminal EF-hand calcium-binding protein 3,20210420,-
130825,121157404,E2F1,-,-,-,Un,-,E2F transcription factor 1,protein-coding,-,-,-,transcription factor E2F1,20210420,-
130825,121157405,CBFA2T2,-,-,-,Un,-,CBFA2/RUNX1 partner transcriptional co-repressor 2,protein-coding,-,-,-,protein CBFA2T2,20210420,-
130825,121157406,CDK5RAP1,-,-,-,Un,-,CDK5 regulatory subunit associated protein 1,protein-coding,-,-,-,mitochondrial tRNA methylthiotransferase CDK5RAP1,20210420,-
130825,121157407,EFCAB8,-,-,-,Un,-,EF-hand calcium binding domain 8,protein-coding,-,-,-,EF-hand calcium-binding domain-containing protein 8,20210420,-
130825,121157408,MAPRE1,-,-,-,Un,-,microtubule associated protein RP/EB family member 1,protein-coding,-,-,-,microtubule-associated protein RP/EB family member 1,20210420,-
130825,121157409,DNMT3B,-,-,-,Un,-,DNA methyltransferase 3 beta,protein-coding,-,-,-,DNA (cytosine-5)-methyltransferase 3B,20210420,-
130825,121157410,COMMD7,-,-,-,Un,-,COMM domain containing 7,protein-coding,-,-,-,COMM domain-containing protein 7,20210420,-
130825,121157411,ASXL1,-,-,-,Un,-,ASXL transcriptional regulator 1,protein-coding,-,-,-,polycomb group protein ASXL1,20210420,-
130825,121157412,NOL4L,-,-,-,Un,-,nucleolar protein 4 like,protein-coding,-,-,-,nucleolar protein 4-like,20210420,-
130825,121157413,RAB21,-,-,-,Un,-,"RAB21, member RAS oncogene family",protein-coding,-,-,-,ras-related protein Rab-21,20210420,-
130825,121157414,KIF3B,-,-,-,Un,-,kinesin family member 3B,protein-coding,-,-,-,kinesin-like protein KIF3B,20210420,-
130825,121157415,PLAGL2,-,-,-,Un,-,PLAG1 like zinc finger 2,protein-coding,-,-,-,zinc finger protein PLAGL2,20210420,-
130825,121157416,POFUT1,-,-,-,Un,-,protein O-fucosyltransferase 1,protein-coding,-,-,-,GDP-fucose protein O-fucosyltransferase 1,20210420,-
130825,121157417,LOC121157417,-,-,-,Un,-,putative testis-specific Y-encoded-like protein 3,protein-coding,-,-,-,putative testis-specific Y-encoded-like protein 3,20210420,-
130825,121157418,TM9SF4,-,-,-,Un,-,transmembrane 9 superfamily member 4,protein-coding,-,-,-,transmembrane 9 superfamily member 4,20210420,-
130825,121157419,HCK,-,-,-,Un,-,"HCK proto-oncogene, Src family tyrosine kinase",protein-coding,-,-,-,tyrosine-protein kinase HCK,20210420,-
130825,121157420,CCM2L,-,-,-,Un,-,CCM2 like scaffold protein,protein-coding,-,-,-,cerebral cavernous malformations 2 protein-like,20210420,-
130825,121157421,TTLL9,-,-,-,Un,-,tubulin tyrosine ligase like 9,protein-coding,-,-,-,probable tubulin polyglutamylase TTLL9,20210420,-
130825,121157422,ZFC3H1,-,-,-,Un,-,zinc finger C3H1-type containing,protein-coding,-,-,-,zinc finger C3H1 domain-containing protein,20210420,-
130825,121157423,PDRG1,-,-,-,Un,-,p53 and DNA damage regulated 1,protein-coding,-,-,-,p53 and DNA damage-regulated protein 1,20210420,-
130825,121157424,TPX2,-,-,-,Un,-,TPX2 microtubule nucleation factor,protein-coding,-,-,-,targeting protein for Xklp2,20210420,-
130825,121157425,BCL2L1,-,-,-,Un,-,BCL2 like 1,protein-coding,-,-,-,bcl-2-like protein 1,20210420,-
130825,121157426,HM13,-,-,-,Un,-,histocompatibility minor 13,protein-coding,-,-,-,minor histocompatibility antigen H13,20210420,-
130825,121157427,LOC121157427,-,-,-,Un,-,transmembrane protein 19,protein-coding,-,-,-,THAP domain-containing protein 2|transmembrane protein 19,20210420,-
130825,121157428,ZCCHC3,-,-,-,Un,-,zinc finger CCHC-type containing 3,protein-coding,-,-,-,zinc finger CCHC domain-containing protein 3,20210420,-
130825,121157429,RBCK1,-,-,-,Un,-,RANBP2-type and C3HC4-type zinc finger containing 1,protein-coding,-,-,-,ranBP-type and C3HC4-type zinc finger-containing protein 1,20210420,-
130825,121157430,TBC1D20,-,-,-,Un,-,TBC1 domain family member 20,protein-coding,-,-,-,TBC1 domain family member 20,20210420,-
130825,121157431,CSNK2A1,-,-,-,Un,-,casein kinase 2 alpha 1,protein-coding,-,-,-,casein kinase II subunit alpha,20210522,-
130825,121157432,FAM110A,-,-,-,Un,-,family with sequence similarity 110 member A,protein-coding,-,-,-,protein FAM110A,20210420,-
130825,121157433,PSMF1,-,-,-,Un,-,proteasome inhibitor subunit 1,protein-coding,-,-,-,proteasome inhibitor PI31 subunit,20210420,-
130825,121157434,SNPH,-,-,-,Un,-,syntaphilin,protein-coding,-,-,-,syntaphilin,20210420,-
130825,121157435,MYOT,-,-,-,Un,-,myotilin,protein-coding,-,-,-,myotilin,20210420,-
130825,121157436,SDCBP2,-,-,-,Un,-,syndecan binding protein 2,protein-coding,-,-,-,syntenin-2,20210420,-
130825,121157437,FKBP1A,-,-,-,Un,-,FKBP prolyl isomerase 1A,protein-coding,-,-,-,peptidyl-prolyl cis-trans isomerase FKBP1A,20210522,-
130825,121157438,NSFL1C,-,-,-,Un,-,NSFL1 cofactor,protein-coding,-,-,-,NSFL1 cofactor p47,20210420,-
130825,121157439,LOC121157439,-,-,-,Un,-,signal-regulatory protein beta-1-like,protein-coding,-,-,-,signal-regulatory protein beta-1-like,20210420,-
130825,121157440,LOC121157440,-,-,-,Un,-,tyrosine-protein phosphatase non-receptor type substrate 1-like,protein-coding,-,-,-,tyrosine-protein phosphatase non-receptor type substrate 1-like,20210420,-
130825,121157441,LOC121157441,-,-,-,Un,-,signal-regulatory protein beta-1-like,protein-coding,-,-,-,signal-regulatory protein beta-1-like,20210420,-
130825,121157442,LOC121157442,-,-,-,Un,-,signal-regulatory protein beta-1-like,protein-coding,-,-,-,signal-regulatory protein beta-1-like|tyrosine-protein phosphatase non-receptor type substrate 1-like,20210420,-
130825,121157443,LOC121157443,-,-,-,Un,-,uncharacterized LOC121157443,ncRNA,-,-,-,-,20210420,-
130825,121157444,LOC121157444,-,-,-,Un,-,uncharacterized LOC121157444,ncRNA,-,-,-,-,20210420,-
130825,121157445,LOC121157445,-,-,-,Un,-,uncharacterized LOC121157445,ncRNA,-,-,-,-,20210420,-
130825,121157446,LGR5,-,-,-,Un,-,leucine rich repeat containing G protein-coupled receptor 5,protein-coding,-,-,-,leucine-rich repeat-containing G-protein coupled receptor 5,20210420,-
130825,121157447,STK35,-,-,-,Un,-,serine/threonine kinase 35,protein-coding,-,-,-,serine/threonine-protein kinase 35,20210420,-
130825,121157448,TMC2,-,-,-,Un,-,transmembrane channel like 2,protein-coding,-,-,-,transmembrane channel-like protein 2,20210420,-
130825,121157449,SNRPB,-,-,-,Un,-,small nuclear ribonucleoprotein polypeptides B and B1,protein-coding,-,-,-,small nuclear ribonucleoprotein-associated proteins B and B',20210529,-
130825,121157450,NOP56,-,-,-,Un,-,NOP56 ribonucleoprotein,protein-coding,-,-,-,nucleolar protein 56,20210420,-
130825,121157451,IDH3B,-,-,-,Un,-,isocitrate dehydrogenase (NAD(+)) 3 non-catalytic subunit beta,protein-coding,-,-,-,"isocitrate dehydrogenase [NAD] subunit beta, mitochondrial",20210420,-
130825,121157452,VPS16,-,-,-,Un,-,VPS16 core subunit of CORVET and HOPS complexes,protein-coding,-,-,-,vacuolar protein sorting-associated protein 16 homolog,20210420,-
130825,121157453,PCED1A,-,-,-,Un,-,PC-esterase domain containing 1A,protein-coding,-,-,-,PC-esterase domain-containing protein 1A,20210420,-
130825,121157454,PTPRA,-,-,-,Un,-,protein tyrosine phosphatase receptor type A,protein-coding,-,-,-,receptor-type tyrosine-protein phosphatase alpha,20210420,-
130825,121157455,FASTKD5,-,-,-,Un,-,FAST kinase domains 5,protein-coding,-,-,-,"FAST kinase domain-containing protein 5, mitochondrial",20210420,-
130825,121157456,UBOX5,-,-,-,Un,-,U-box domain containing 5,protein-coding,-,-,-,RING finger protein 37,20210420,-
130825,121157457,CLK4,-,-,-,Un,-,CDC like kinase 4,protein-coding,-,-,-,dual specificity protein kinase CLK4,20210420,-
130825,121157458,LZTS3,-,-,-,Un,-,leucine zipper tumor suppressor family member 3,protein-coding,-,-,-,leucine zipper putative tumor suppressor 3,20210420,-
130825,121157459,DDRGK1,-,-,-,Un,-,DDRGK domain containing 1,protein-coding,-,-,-,DDRGK domain-containing protein 1,20210420,-
130825,121157460,SLC4A11,-,-,-,Un,-,solute carrier family 4 member 11,protein-coding,-,-,-,sodium bicarbonate transporter-like protein 11,20210420,-
130825,121157461,KCNMB4,-,-,-,Un,-,potassium calcium-activated channel subfamily M regulatory beta subunit 4,protein-coding,-,-,-,calcium-activated potassium channel subunit beta-4,20210420,-
130825,121157462,ITPA,-,-,-,Un,-,inosine triphosphatase,protein-coding,-,-,-,inosine triphosphate pyrophosphatase,20210420,-
130825,121157463,DNAAF9,-,-,-,Un,-,dynein axonemal assembly factor 9,protein-coding,-,-,-,uncharacterized protein C20orf194 homolog,20210420,-
130825,121157464,ATRN,-,-,-,Un,-,attractin,protein-coding,-,-,-,attractin,20210420,-
130825,121157465,LOC121157465,-,-,-,Un,-,zinc finger protein 883-like,protein-coding,-,-,-,zinc finger protein 883-like,20210420,-
130825,121157466,LOC121157466,-,-,-,Un,-,zinc finger protein 2 homolog,protein-coding,-,-,-,zinc finger protein 2 homolog,20210420,-
130825,121157467,LOC121157467,-,-,-,Un,-,uncharacterized LOC121157467,ncRNA,-,-,-,-,20210420,-
130825,121157468,CNOT2,-,-,-,Un,-,CCR4-NOT transcription complex subunit 2,protein-coding,-,-,-,CCR4-NOT transcription complex subunit 2,20210420,-
130825,121157469,NAPB,-,-,-,Un,-,NSF attachment protein beta,protein-coding,-,-,-,beta-soluble NSF attachment protein,20210420,-
130825,121157470,GZF1,-,-,-,Un,-,GDNF inducible zinc finger protein 1,protein-coding,-,-,-,GDNF-inducible zinc finger protein 1,20210420,-
130825,121157471,NXT1,-,-,-,Un,-,nuclear transport factor 2 like export factor 1,protein-coding,-,-,-,NTF2-related export protein 1,20210420,-
130825,121157472,CD93,-,-,-,Un,-,CD93 molecule,protein-coding,-,-,-,complement component C1q receptor,20210420,-
130825,121157473,THBD,-,-,-,Un,-,thrombomodulin,protein-coding,-,-,-,thrombomodulin,20210420,-
130825,121157474,XRN2,-,-,-,Un,-,5'-3' exoribonuclease 2,protein-coding,-,-,-,5'-3' exoribonuclease 2,20210420,-
130825,121157475,KIZ,-,-,-,Un,-,kizuna centrosomal protein,protein-coding,-,-,-,centrosomal protein kizuna,20210420,-
130825,121157476,LOC121157476,-,-,-,Un,-,uncharacterized LOC121157476,ncRNA,-,-,-,-,20210420,-
130825,121157477,RALGAPA2,-,-,-,Un,-,Ral GTPase activating protein catalytic subunit alpha 2,protein-coding,-,-,-,ral GTPase-activating protein subunit alpha-2,20210420,-
130825,121157478,CRNKL1,-,-,-,Un,-,crooked neck pre-mRNA splicing factor 1,protein-coding,-,-,-,crooked neck-like protein 1,20210420,-
130825,121157479,NAA20,-,-,-,Un,-,"N-alpha-acetyltransferase 20, NatB catalytic subunit",protein-coding,-,-,-,N-alpha-acetyltransferase 20,20210424,-
130825,121157480,RIN2,-,-,-,Un,-,Ras and Rab interactor 2,protein-coding,-,-,-,ras and Rab interactor 2,20210420,-
130825,121157481,SLC24A3,-,-,-,Un,-,solute carrier family 24 member 3,protein-coding,-,-,-,sodium/potassium/calcium exchanger 3,20210420,-
130825,121157482,DTD1,-,-,-,Un,-,D-aminoacyl-tRNA deacylase 1,protein-coding,-,-,-,D-aminoacyl-tRNA deacylase 1,20210420,-
130825,121157483,SEC23B,-,-,-,Un,-,"SEC23 homolog B, COPII coat complex component",protein-coding,-,-,-,protein transport protein Sec23B,20210420,-
130825,121157484,POLR3F,-,-,-,Un,-,RNA polymerase III subunit F,protein-coding,-,-,-,DNA-directed RNA polymerase III subunit RPC6,20210420,-
130825,121157485,ZNF133,-,-,-,Un,-,zinc finger protein 133,protein-coding,-,-,-,zinc finger protein 133,20210420,-
130825,121157486,KAT14,-,-,-,Un,-,lysine acetyltransferase 14,protein-coding,-,-,-,cysteine-rich protein 2-binding protein,20210420,-
130825,121157487,LOC121157487,-,-,-,Un,-,uncharacterized LOC121157487,ncRNA,-,-,-,-,20210420,-
130825,121157488,LOC121157488,-,-,-,Un,-,"protein PET117 homolog, mitochondrial",protein-coding,-,-,-,"protein PET117 homolog, mitochondrial",20210420,-
130825,121157489,SNX5,-,-,-,Un,-,sorting nexin 5,protein-coding,-,-,-,sorting nexin-5,20210420,-
130825,121157490,MGME1,-,-,-,Un,-,mitochondrial genome maintenance exonuclease 1,protein-coding,-,-,-,mitochondrial genome maintenance exonuclease 1,20210420,-
130825,121157491,RRBP1,-,-,-,Un,-,ribosome binding protein 1,protein-coding,-,-,-,ribosome-binding protein 1,20210420,-
130825,121157492,BANF2,-,-,-,Un,-,BANF family member 2,protein-coding,-,-,-,barrier-to-autointegration factor-like protein,20210420,-
130825,121157493,DSTN,-,-,-,Un,-,"destrin, actin depolymerizing factor",protein-coding,-,-,-,destrin,20210425,-
130825,121157494,LOC121157494,-,-,-,Un,-,RAB3A interacting protein,protein-coding,-,-,-,rab-3A-interacting protein,20210420,-
130825,121157495,SNRPB2,-,-,-,Un,-,small nuclear ribonucleoprotein polypeptide B2,protein-coding,-,-,-,U2 small nuclear ribonucleoprotein B'',20210420,-
130825,121157496,KIF16B,-,-,-,Un,-,kinesin family member 16B,protein-coding,-,-,-,kinesin-like protein KIF16B,20210420,-
130825,121157497,LOC121157497,-,-,-,Un,-,60S ribosomal protein L19-like,pseudo,-,-,-,-,20210420,-
130825,121157498,FLRT3,-,-,-,Un,-,fibronectin leucine rich transmembrane protein 3,protein-coding,-,-,-,leucine-rich repeat transmembrane protein FLRT3,20210420,-
130825,121157499,NDUFAF5,-,-,-,Un,-,NADH:ubiquinone oxidoreductase complex assembly factor 5,protein-coding,-,-,-,"arginine-hydroxylase NDUFAF5, mitochondrial",20210420,-
130825,121157500,ESF1,-,-,-,Un,-,ESF1 nucleolar pre-rRNA processing protein homolog,protein-coding,-,-,-,ESF1 homolog,20210420,-
130825,121157501,TASP1,-,-,-,Un,-,taspase 1,protein-coding,-,-,-,threonine aspartase 1,20210420,-
130825,121157502,ISM1,-,-,-,Un,-,isthmin 1,protein-coding,-,-,-,isthmin-1,20210420,-
130825,121157503,SPTLC3,-,-,-,Un,-,serine palmitoyltransferase long chain base subunit 3,protein-coding,-,-,-,serine palmitoyltransferase 3,20210420,-
130825,121157504,LOC121157504,-,-,-,Un,-,uncharacterized LOC121157504,ncRNA,-,-,-,-,20210420,-
130825,121157505,CCT2,-,-,-,Un,-,chaperonin containing TCP1 subunit 2,protein-coding,-,-,-,T-complex protein 1 subunit beta,20210420,-
130825,121157506,LOC121157506,-,-,-,Un,-,small nucleolar SNORD12/SNORD106,snoRNA,-,-,-,-,20210420,-
130825,121157507,LOC121157507,-,-,-,Un,-,small nucleolar SNORD12/SNORD106,snoRNA,-,-,-,-,20210420,-
130825,121157508,LOC121157508,-,-,-,Un,-,small nucleolar SNORD12/SNORD106,snoRNA,-,-,-,-,20210420,-
130825,121157509,LOC121157509,-,-,-,Un,-,small nucleolar RNA SNORD86,snoRNA,-,-,-,-,20210420,-
130825,121157510,LOC121157510,-,-,-,Un,-,small nucleolar RNA SNORD110,snoRNA,-,-,-,-,20210420,-
130825,121157511,LOC121157511,-,-,-,Un,-,U1 spliceosomal RNA,snRNA,-,-,-,-,20210420,-
130825,121157512,LOC121157512,-,-,-,Un,-,U1 spliceosomal RNA,pseudo,-,-,-,-,20210420,-
130825,121157513,LOC121157513,-,-,-,Un,-,U1 spliceosomal RNA,pseudo,-,-,-,-,20210420,-
130825,121157514,LOC121157514,-,-,-,Un,-,U2 spliceosomal RNA,pseudo,-,-,-,-,20210420,-
130825,121157515,LOC121157515,-,-,-,Un,-,U2 spliceosomal RNA,pseudo,-,-,-,-,20210420,-
130825,121157516,LOC121157516,-,-,-,Un,-,U2 spliceosomal RNA,pseudo,-,-,-,-,20210420,-
130825,121157517,LOC121157517,-,-,-,Un,-,U4 spliceosomal RNA,pseudo,-,-,-,-,20210420,-
130825,121157518,LOC121157518,-,-,-,Un,-,U6 spliceosomal RNA,snRNA,-,-,-,-,20210420,-
130825,121157519,LOC121157519,-,-,-,Un,-,U6 spliceosomal RNA,snRNA,-,-,-,-,20210420,-
130825,121157520,LOC121157520,-,-,-,Un,-,U6 spliceosomal RNA,snRNA,-,-,-,-,20210420,-
130825,121157521,FRS2,-,-,-,Un,-,fibroblast growth factor receptor substrate 2,protein-coding,-,-,-,fibroblast growth factor receptor substrate 2,20210420,-
130825,121157522,LOC121157522,-,-,-,Un,-,U6 spliceosomal RNA,snRNA,-,-,-,-,20210420,-
130825,121157523,LOC121157523,-,-,-,Un,-,U6 spliceosomal RNA,snRNA,-,-,-,-,20210420,-
130825,121157524,LOC121157524,-,-,-,Un,-,U6 spliceosomal RNA,snRNA,-,-,-,-,20210420,-
130825,121157525,LOC121157525,-,-,-,Un,-,U6 spliceosomal RNA,snRNA,-,-,-,-,20210420,-
130825,121157526,LOC121157526,-,-,-,Un,-,U6 spliceosomal RNA,snRNA,-,-,-,-,20210420,-
130825,121157527,LOC121157527,-,-,-,Un,-,U6 spliceosomal RNA,snRNA,-,-,-,-,20210420,-
130825,121157528,LOC121157528,-,-,-,Un,-,U6 spliceosomal RNA,snRNA,-,-,-,-,20210420,-
130825,121157529,LOC121157529,-,-,-,Un,-,U6 spliceosomal RNA,snRNA,-,-,-,-,20210420,-
130825,121157530,LOC121157530,-,-,-,Un,-,U6 spliceosomal RNA,snRNA,-,-,-,-,20210420,-
130825,121157531,LOC121157531,-,-,-,Un,-,U6 spliceosomal RNA,snRNA,-,-,-,-,20210420,-
130825,121157532,LOC121157532,-,-,-,Un,-,U6 spliceosomal RNA,snRNA,-,-,-,-,20210420,-
130825,121157533,LOC121157533,-,-,-,Un,-,U6 spliceosomal RNA,snRNA,-,-,-,-,20210420,-
130825,121157534,LOC121157534,-,-,-,Un,-,U6 spliceosomal RNA,snRNA,-,-,-,-,20210420,-
130825,121157535,LOC121157535,-,-,-,Un,-,U6 spliceosomal RNA,snRNA,-,-,-,-,20210420,-
130825,121157536,LOC121157536,-,-,-,Un,-,U6 spliceosomal RNA,snRNA,-,-,-,-,20210420,-
130825,121157537,LOC121157537,-,-,-,Un,-,small nucleolar RNA SNORA71,snoRNA,-,-,-,-,20210420,-
130825,121157538,LOC121157538,-,-,-,Un,-,small nucleolar RNA SNORA71,snoRNA,-,-,-,-,20210420,-
130825,121157539,LOC121157539,-,-,-,Un,-,small nucleolar RNA SNORA71,snoRNA,-,-,-,-,20210420,-
130825,121157540,LOC121157540,-,-,-,Un,-,small nucleolar RNA SNORA71,snoRNA,-,-,-,-,20210420,-
130825,121157541,LOC121157541,-,-,-,Un,-,small nucleolar RNA SNORA71,snoRNA,-,-,-,-,20210420,-
130825,121157542,LOC121157542,-,-,-,Un,-,small nucleolar RNA SNORA71,snoRNA,-,-,-,-,20210420,-
130825,121157543,LOC121157543,-,-,-,Un,-,small nucleolar RNA SNORA70,pseudo,-,-,-,-,20210420,-
130825,121157544,LOC121157544,-,-,-,Un,-,small nucleolar RNA SNORA70,pseudo,-,-,-,-,20210420,-
130825,121157545,LOC121157545,-,-,-,Un,-,small nucleolar RNA SNORD57,snoRNA,-,-,-,-,20210420,-
130825,121157546,LOC121157546,-,-,-,Un,-,small nucleolar RNA SNORD56,snoRNA,-,-,-,-,20210420,-
130825,121157547,LOC121157547,-,-,-,Un,-,small nucleolar RNA SNORA14,snoRNA,-,-,-,-,20210420,-
130825,121157548,LOC121157548,-,-,-,Un,-,small nucleolar RNA SNORA28,snoRNA,-,-,-,-,20210420,-
130825,121157549,LOC121157549,-,-,-,Un,-,small nucleolar RNA SNORA1,snoRNA,-,-,-,-,20210420,-
130825,121157550,LOC121157550,-,-,-,Un,-,small nucleolar RNA SNORA32,snoRNA,-,-,-,-,20210420,-
130825,121157551,LOC121157551,-,-,-,Un,-,small nucleolar RNA SNORA51,snoRNA,-,-,-,-,20210420,-
130825,121157552,LOC121157552,-,-,-,Un,-,small nucleolar RNA SNORA48,snoRNA,-,-,-,-,20210420,-
130825,121157553,LOC121157553,-,-,-,Un,-,small nucleolar RNA SNORD17,snoRNA,-,-,-,-,20210420,-
130825,121157554,LOC121157554,-,-,-,Un,-,pepsin-3,protein-coding,-,-,-,pepsin-3,20210420,-
130825,121157555,LOC121157555,-,-,-,Un,-,pepsin II-4-like,protein-coding,-,-,-,pepsin II-4-like,20210420,-
130825,121157556,LOC121157556,-,-,-,Un,-,pepsin-3,protein-coding,-,-,-,pepsin-3,20210420,-
130825,121157557,LOC121157557,-,-,-,Un,-,pepsin II-4-like,protein-coding,-,-,-,pepsin II-4-like,20210420,-
130825,121157558,LOC121157558,-,-,-,Un,-,phospholipase A and acyltransferase 2-like,protein-coding,-,-,-,phospholipase A and acyltransferase 2-like,20210420,-
130825,121157559,LOC121157559,-,-,-,Un,-,phospholipase A and acyltransferase 2-like,protein-coding,-,-,-,phospholipase A and acyltransferase 2-like,20210420,-
130825,121157560,PLAAT5,-,-,-,Un,-,phospholipase A and acyltransferase 5,protein-coding,-,-,-,phospholipase A and acyltransferase 5,20210420,-
130825,121157561,LOC121157561,-,-,-,Un,-,solute carrier family 22 member 9-like,protein-coding,-,-,-,solute carrier family 22 member 9-like,20210420,-
130825,121157562,LOC121157562,-,-,-,Un,-,steroid transmembrane transporter SLC22A24-like,protein-coding,-,-,-,steroid transmembrane transporter SLC22A24-like,20210420,-
130825,121157563,LOC121157563,-,-,-,Un,-,steroid transmembrane transporter SLC22A24-like,protein-coding,-,-,-,steroid transmembrane transporter SLC22A24-like,20210420,-
130825,121157564,SLC22A24,-,-,-,Un,-,solute carrier family 22 member 24,protein-coding,-,-,-,steroid transmembrane transporter SLC22A24,20210420,-
130825,121157565,TMEM223,-,-,-,Un,-,transmembrane protein 223,protein-coding,-,-,-,transmembrane protein 223,20210420,-
130825,121157566,LOC121157566,-,-,-,Un,-,eukaryotic peptide chain release factor subunit 1-like,pseudo,-,-,-,-,20210420,-
130825,121157567,LOC121157567,-,-,-,Un,-,eukaryotic peptide chain release factor subunit 1-like,pseudo,-,-,-,-,20210420,-
130825,121157568,LOC121157568,-,-,-,Un,-,mammaglobin-A-like,protein-coding,-,-,-,mammaglobin-A-like,20210420,-
130825,121157569,YEATS4,-,-,-,Un,-,YEATS domain containing 4,protein-coding,-,-,-,YEATS domain-containing protein 4,20210501,-
130825,121157570,LOC121157570,-,-,-,Un,-,eukaryotic peptide chain release factor subunit 1-like,pseudo,-,-,-,-,20210420,-
130825,121157571,BEST1,-,-,-,Un,-,bestrophin 1,protein-coding,-,-,-,bestrophin-1,20210420,-
130825,121157572,LRRC10B,-,-,-,Un,-,leucine rich repeat containing 10B,protein-coding,-,-,-,leucine-rich repeat-containing protein 10B,20210420,-
130825,121157573,VWCE,-,-,-,Un,-,von Willebrand factor C and EGF domains,protein-coding,-,-,-,von Willebrand factor C and EGF domain-containing protein,20210420,-
130825,121157574,LOC121157574,-,-,-,Un,-,pepsin-3-like,protein-coding,-,-,-,pepsin-3-like,20210420,-
130825,121157575,LOC121157575,-,-,-,Un,-,solute carrier family 22 member 9-like,protein-coding,-,-,-,solute carrier family 22 member 9-like,20210420,-
130825,121157576,LOC121157576,-,-,-,Un,-,solute carrier family 22 member 9-like,protein-coding,-,-,-,solute carrier family 22 member 9-like,20210420,-
130825,121157577,LOC121157577,-,-,-,Un,-,uncharacterized LOC121157577,ncRNA,-,-,-,-,20210420,-
130825,121157578,LOC121157578,-,-,-,Un,-,steroid transmembrane transporter SLC22A24-like,protein-coding,-,-,-,steroid transmembrane transporter SLC22A24-like,20210420,-
130825,121157579,LOC121157579,-,-,-,Un,-,steroid transmembrane transporter SLC22A24-like,protein-coding,-,-,-,steroid transmembrane transporter SLC22A24-like,20210420,-
130825,121157580,SLC22A8,-,-,-,Un,-,solute carrier family 22 member 8,protein-coding,-,-,-,solute carrier family 22 member 8,20210420,-
130825,121157581,SLC22A6,-,-,-,Un,-,solute carrier family 22 member 6,protein-coding,-,-,-,solute carrier family 22 member 6,20210420,-
130825,121157582,SPOCK1,-,-,-,Un,-,"SPARC (osteonectin), cwcv and kazal like domains proteoglycan 1",protein-coding,-,-,-,testican-1,20210420,-
130825,121157583,CHRM1,-,-,-,Un,-,cholinergic receptor muscarinic 1,protein-coding,-,-,-,muscarinic acetylcholine receptor M1,20210420,-
130825,121157584,LOC121157584,-,-,-,Un,-,testis-expressed protein 54-like,protein-coding,-,-,-,testis-expressed protein 54-like,20210420,-
130825,121157585,POLR2G,-,-,-,Un,-,RNA polymerase II subunit G,protein-coding,-,-,-,DNA-directed RNA polymerase II subunit RPB7,20210522,-
130825,121157586,LYZ,-,-,-,Un,-,lysozyme,protein-coding,-,-,-,lysozyme C,20210420,-
130825,121157587,UBXN1,-,-,-,Un,-,UBX domain protein 1,protein-coding,-,-,-,UBX domain-containing protein 1,20210420,-
130825,121157588,LOC121157588,-,-,-,Un,-,ubiquinol-cytochrome-c reductase complex assembly factor 3,protein-coding,-,-,-,ubiquinol-cytochrome-c reductase complex assembly factor 3,20210420,-
130825,121157589,LOC121157589,-,-,-,Un,-,uncharacterized LOC121157589,ncRNA,-,-,-,-,20210420,-
130825,121157590,SCGB1A1,-,-,-,Un,-,secretoglobin family 1A member 1,protein-coding,-,-,-,uteroglobin,20210420,-
130825,121157591,LOC121157591,-,-,-,Un,-,secretoglobin family 1D member-like,protein-coding,-,-,-,secretoglobin family 1D member-like,20210420,-
130825,121157592,LOC121157592,-,-,-,Un,-,mammaglobin-A-like,protein-coding,-,-,-,mammaglobin-A-like,20210420,-
130825,121157593,TMEM258,-,-,-,Un,-,transmembrane protein 258,protein-coding,-,-,-,transmembrane protein 258,20210501,-
130825,121157594,MYRF,-,-,-,Un,-,myelin regulatory factor,protein-coding,-,-,-,myelin regulatory factor,20210420,-
130825,121157595,CPSF6,-,-,-,Un,-,cleavage and polyadenylation specific factor 6,protein-coding,-,-,-,cleavage and polyadenylation specificity factor subunit 6,20210420,-
130825,121157596,SYT7,-,-,-,Un,-,synaptotagmin 7,protein-coding,-,-,-,synaptotagmin-7,20210420,-
130825,121157597,PPP1R32,-,-,-,Un,-,protein phosphatase 1 regulatory subunit 32,protein-coding,-,-,-,protein phosphatase 1 regulatory subunit 32,20210420,-
130825,121157598,LOC121157598,-,-,-,Un,-,pepsin II-4,protein-coding,-,-,-,pepsin II-4,20210420,-
130825,121157599,LOC121157599,-,-,-,Un,-,pepsin II-4-like,protein-coding,-,-,-,pepsin II-4-like,20210420,-
130825,121157600,LOC121157600,-,-,-,Un,-,pepsin II-4-like,protein-coding,-,-,-,pepsin II-4-like,20210420,-
130825,121157601,LOC121157601,-,-,-,Un,-,pepsin-3,protein-coding,-,-,-,pepsin-3,20210420,-
130825,121157602,LOC121157602,-,-,-,Un,-,pepsin II-4-like,protein-coding,-,-,-,pepsin II-4-like,20210420,-
130825,121157603,LOC121157603,-,-,-,Un,-,pepsin II-4-like,protein-coding,-,-,-,pepsin II-4-like,20210420,-
130825,121157604,LOC121157604,-,-,-,Un,-,pepsin-3,protein-coding,-,-,-,pepsin-3,20210420,-
130825,121157605,LOC121157605,-,-,-,Un,-,pepsin II-4-like,protein-coding,-,-,-,pepsin II-4-like,20210420,-
130825,121157606,LGALS12,-,-,-,Un,-,galectin 12,protein-coding,-,-,-,galectin-12,20210420,-
130825,121157607,SLC3A2,-,-,-,Un,-,solute carrier family 3 member 2,protein-coding,-,-,-,4F2 cell-surface antigen heavy chain,20210420,-
130825,121157608,LOC121157608,-,-,-,Un,-,uncharacterized LOC121157608,ncRNA,-,-,-,-,20210420,-
130825,121157609,WDR74,-,-,-,Un,-,WD repeat domain 74,protein-coding,-,-,-,WD repeat-containing protein 74,20210420,-
130825,121157610,STX5,-,-,-,Un,-,syntaxin 5,protein-coding,-,-,-,syntaxin-5,20210420,-
130825,121157611,NXF1,-,-,-,Un,-,nuclear RNA export factor 1,protein-coding,-,-,-,nuclear RNA export factor 1,20210420,-
130825,121157612,TAF6L,-,-,-,Un,-,TATA-box binding protein associated factor 6 like,protein-coding,-,-,-,TAF6-like RNA polymerase II p300/CBP-associated factor-associated factor 65 kDa subunit 6L,20210420,-
130825,121157613,TMEM179B,-,-,-,Un,-,transmembrane protein 179B,protein-coding,-,-,-,transmembrane protein 179B,20210420,-
130825,121157614,ZBTB3,-,-,-,Un,-,zinc finger and BTB domain containing 3,protein-coding,-,-,-,zinc finger and BTB domain-containing protein 3,20210420,-
130825,121157615,TTC9C,-,-,-,Un,-,tetratricopeptide repeat domain 9C,protein-coding,-,-,-,tetratricopeptide repeat protein 9C,20210420,-
130825,121157616,HNRNPUL2,-,-,-,Un,-,heterogeneous nuclear ribonucleoprotein U like 2,protein-coding,-,-,-,heterogeneous nuclear ribonucleoprotein U-like protein 2,20210420,-
130825,121157617,CPM,-,-,-,Un,-,carboxypeptidase M,protein-coding,-,-,-,carboxypeptidase M,20210420,-
130825,121157618,BSCL2,-,-,-,Un,-,"BSCL2 lipid droplet biogenesis associated, seipin",protein-coding,-,-,-,seipin,20210420,-
130825,121157619,LRRN4CL,-,-,-,Un,-,LRRN4 C-terminal like,protein-coding,-,-,-,LRRN4 C-terminal-like protein,20210420,-
130825,121157620,GNG3,-,-,-,Un,-,G protein subunit gamma 3,protein-coding,-,-,-,guanine nucleotide-binding protein G(I)/G(S)/G(O) subunit gamma-3,20210529,-
130825,121157621,CSKMT,-,-,-,Un,-,citrate synthase lysine methyltransferase,protein-coding,-,-,-,"citrate synthase-lysine N-methyltransferase CSKMT, mitochondrial",20210420,-
130825,121157622,CUNH11orf98,-,-,-,Un,-,chromosome unknown C11orf98 homolog,protein-coding,-,-,-,uncharacterized protein C11orf98 homolog,20210420,-
130825,121157623,INTS5,-,-,-,Un,-,integrator complex subunit 5,protein-coding,-,-,-,integrator complex subunit 5,20210420,-
130825,121157624,GANAB,-,-,-,Un,-,glucosidase II alpha subunit,protein-coding,-,-,-,neutral alpha-glucosidase AB,20210420,-
130825,121157625,EML3,-,-,-,Un,-,EMAP like 3,protein-coding,-,-,-,echinoderm microtubule-associated protein-like 3,20210420,-
130825,121157626,LOC121157626,-,-,-,Un,-,40S ribosomal protein S15,protein-coding,-,-,-,40S ribosomal protein S15,20210420,-
130825,121157627,MTA2,-,-,-,Un,-,metastasis associated 1 family member 2,protein-coding,-,-,-,metastasis-associated protein MTA2,20210420,-
130825,121157628,ROM1,-,-,-,Un,-,retinal outer segment membrane protein 1,protein-coding,-,-,-,rod outer segment membrane protein 1,20210420,-
130825,121157629,B3GAT3,-,-,-,Un,-,"beta-1,3-glucuronyltransferase 3",protein-coding,-,-,-,galactosylgalactosylxylosylprotein 3-beta-glucuronosyltransferase 3,20210420,-
130825,121157630,TUT1,-,-,-,Un,-,"terminal uridylyl transferase 1, U6 snRNA-specific",protein-coding,-,-,-,speckle targeted PIP5K1A-regulated poly(A) polymerase,20210420,-
130825,121157631,EEF1G,-,-,-,Un,-,eukaryotic translation elongation factor 1 gamma,protein-coding,-,-,-,elongation factor 1-gamma,20210420,-
130825,121157632,AHNAK,-,-,-,Un,-,AHNAK nucleoprotein,protein-coding,-,-,-,neuroblast differentiation-associated protein AHNAK,20210420,-
130825,121157633,LOC121157633,-,-,-,Un,-,uncharacterized LOC121157633,ncRNA,-,-,-,-,20210420,-
130825,121157634,ASRGL1,-,-,-,Un,-,asparaginase and isoaspartyl peptidase 1,protein-coding,-,-,-,isoaspartyl peptidase/L-asparaginase,20210420,-
130825,121157635,LOC121157635,-,-,-,Un,-,secretoglobin family 1D member 2-like,protein-coding,-,-,-,secretoglobin family 1D member 2-like,20210420,-
130825,121157636,LOC121157636,-,-,-,Un,-,mammaglobin-A-like,protein-coding,-,-,-,mammaglobin-A-like,20210420,-
130825,121157637,LOC121157637,-,-,-,Un,-,mammaglobin-B-like,protein-coding,-,-,-,mammaglobin-B-like,20210420,-
130825,121157638,LOC121157638,-,-,-,Un,-,uncharacterized LOC121157638,ncRNA,-,-,-,-,20210420,-
130825,121157639,LOC121157639,-,-,-,Un,-,mammaglobin-B-like,protein-coding,-,-,-,mammaglobin-B-like,20210420,-
130825,121157640,LOC121157640,-,-,-,Un,-,mammaglobin-B-like,protein-coding,-,-,-,mammaglobin-B-like,20210420,-
130825,121157641,LOC121157641,-,-,-,Un,-,secretoglobin family 1D member 2-like,protein-coding,-,-,-,secretoglobin family 1D member 2-like,20210420,-
130825,121157642,LOC121157642,-,-,-,Un,-,secretoglobin family 1D member 2-like,protein-coding,-,-,-,secretoglobin family 1D member 2-like,20210420,-
130825,121157643,LOC121157643,-,-,-,Un,-,secretoglobin family 1D member 2-like,protein-coding,-,-,-,secretoglobin family 1D member 2-like,20210420,-
130825,121157644,MDM2,-,-,-,Un,-,MDM2 proto-oncogene,protein-coding,-,-,-,E3 ubiquitin-protein ligase Mdm2,20210420,-
130825,121157645,LOC121157645,-,-,-,Un,-,secretoglobin family 1D member 2-like,protein-coding,-,-,-,secretoglobin family 1D member 2-like,20210420,-
130825,121157646,LOC121157646,-,-,-,Un,-,secretoglobin family 1D member 2-like,protein-coding,-,-,-,secretoglobin family 1D member 2-like,20210420,-
130825,121157647,LOC121157647,-,-,-,Un,-,mammaglobin-A-like,protein-coding,-,-,-,mammaglobin-A-like,20210420,-
130825,121157648,LOC121157648,-,-,-,Un,-,uncharacterized LOC121157648,ncRNA,-,-,-,-,20210420,-
130825,121157649,LOC121157649,-,-,-,Un,-,uncharacterized LOC121157649,ncRNA,-,-,-,-,20210420,-
130825,121157650,LOC121157650,-,-,-,Un,-,uncharacterized LOC121157650,ncRNA,-,-,-,-,20210420,-
130825,121157651,LOC121157651,-,-,-,Un,-,inner centromere protein,protein-coding,-,-,-,inner centromere protein,20210420,-
130825,121157652,FTH1,-,-,-,Un,-,ferritin heavy chain 1,protein-coding,-,-,-,ferritin heavy chain,20210420,-
130825,121157653,RAB3IL1,-,-,-,Un,-,RAB3A interacting protein like 1,protein-coding,-,-,-,guanine nucleotide exchange factor for Rab-3A,20210420,-
130825,121157654,FADS3,-,-,-,Un,-,fatty acid desaturase 3,protein-coding,-,-,-,fatty acid desaturase 3,20210420,-
130825,121157655,FADS2,-,-,-,Un,-,fatty acid desaturase 2,protein-coding,-,-,-,acyl-CoA 6-desaturase,20210420,-
130825,121157656,FADS1,-,-,-,Un,-,fatty acid desaturase 1,protein-coding,-,-,-,acyl-CoA (8-3)-desaturase,20210420,-
130825,121157657,FEN1,-,-,-,Un,-,flap structure-specific endonuclease 1,protein-coding,-,-,-,flap endonuclease 1,20210420,-
130825,121157658,DAGLA,-,-,-,Un,-,diacylglycerol lipase alpha,protein-coding,-,-,-,diacylglycerol lipase-alpha,20210420,-
130825,121157659,SDHAF2,-,-,-,Un,-,succinate dehydrogenase complex assembly factor 2,protein-coding,-,-,-,"succinate dehydrogenase assembly factor 2, mitochondrial",20210420,-
130825,121157660,CPSF7,-,-,-,Un,-,cleavage and polyadenylation specific factor 7,protein-coding,-,-,-,cleavage and polyadenylation specificity factor subunit 7,20210420,-
130825,121157661,TMEM216,-,-,-,Un,-,transmembrane protein 216,protein-coding,-,-,-,transmembrane protein 216,20210420,-
130825,121157662,TKFC,-,-,-,Un,-,triokinase and FMN cyclase,protein-coding,-,-,-,triokinase/FMN cyclase,20210420,-
130825,121157663,LOC121157663,-,-,-,Un,-,cytochrome b ascorbate-dependent protein 3,protein-coding,-,-,-,cytochrome b ascorbate-dependent protein 3,20210420,-
130825,121157664,TMEM138,-,-,-,Un,-,transmembrane protein 138,protein-coding,-,-,-,transmembrane protein 138,20210420,-
130825,121157665,DDB1,-,-,-,Un,-,damage specific DNA binding protein 1,protein-coding,-,-,-,DNA damage-binding protein 1,20210420,-
130825,121157666,LOC121157666,-,-,-,Un,-,U2 spliceosomal RNA,snRNA,-,-,-,-,20210420,-
130825,121157667,LOC121157667,-,-,-,Un,-,small nucleolar RNA SNORD30,snoRNA,-,-,-,-,20210420,-
130825,121157668,LOC121157668,-,-,-,Un,-,small nucleolar RNA SNORD31,snoRNA,-,-,-,-,20210420,-
130825,121157669,LOC121157669,-,-,-,Un,-,small nucleolar RNA SNORD22,snoRNA,-,-,-,-,20210420,-
130825,121157670,LOC121157670,-,-,-,Un,-,small nucleolar RNA SNORD22,snoRNA,-,-,-,-,20210420,-
130825,121157671,LOC121157671,-,-,-,Un,-,small nucleolar RNA SNORA57,snoRNA,-,-,-,-,20210420,-
130825,121157672,LOC121157672,-,-,-,Un,-,small nucleolar RNA SNORA42/SNORA80 family,snoRNA,-,-,-,-,20210420,-
130825,121157673,LOC121157673,-,-,-,Un,-,small nucleolar RNA ACA64,snoRNA,-,-,-,-,20210420,-
130825,121157674,NUP107,-,-,-,Un,-,nucleoporin 107,protein-coding,-,-,-,nuclear pore complex protein Nup107,20210420,-
130825,121157675,LOC121157675,-,-,-,Un,-,U4 spliceosomal RNA,snRNA,-,-,-,-,20210420,-
130825,121157676,LOC121157676,-,-,-,Un,-,small nucleolar RNA SNORD29,snoRNA,-,-,-,-,20210420,-
130825,121157677,LOC121157677,-,-,-,Un,-,small nucleolar RNA SNORD28,snoRNA,-,-,-,-,20210420,-
130825,121157678,LOC121157678,-,-,-,Un,-,small nucleolar RNA SNORD26,snoRNA,-,-,-,-,20210420,-
130825,121157679,LOC121157679,-,-,-,Un,-,origin recognition complex subunit 3-like,protein-coding,-,-,-,LOW QUALITY PROTEIN: origin recognition complex subunit 3-like,20210420,-
130825,121157680,LOC121157680,-,-,-,Un,-,activated RNA polymerase II transcriptional coactivator p15-like,pseudo,-,-,-,-,20210420,-
130825,121157681,GAS8,-,-,-,Un,-,growth arrest specific 8,protein-coding,-,-,-,dynein regulatory complex subunit 4,20210420,-
130825,121157682,LOC121157682,-,-,-,Un,-,5-hydroxyisourate hydrolase-like,protein-coding,-,-,-,5-hydroxyisourate hydrolase-like,20210420,-
130825,121157683,LOC121157683,-,-,-,Un,-,ubiquitin-40S ribosomal protein S27a-like,protein-coding,-,-,-,ubiquitin-40S ribosomal protein S27a-like,20210420,-
130825,121157684,DBNDD1,-,-,-,Un,-,dysbindin domain containing 1,protein-coding,-,-,-,dysbindin domain-containing protein 1,20210420,-
130825,121157685,LOC121157685,-,-,-,Un,-,sulfotransferase 2B1-like,protein-coding,-,-,-,sulfotransferase 2B1-like,20210420,-
130825,121157686,CDT1,-,-,-,Un,-,chromatin licensing and DNA replication factor 1,protein-coding,-,-,-,DNA replication factor Cdt1,20210420,-
130825,121157687,SLC35E3,-,-,-,Un,-,solute carrier family 35 member E3,protein-coding,-,-,-,solute carrier family 35 member E3,20210420,-
130825,121157688,FOXL1,-,-,-,Un,-,forkhead box L1,protein-coding,-,-,-,forkhead box protein L1,20210420,-
130825,121157689,FOXC2,-,-,-,Un,-,forkhead box C2,protein-coding,-,-,-,forkhead box protein C2,20210420,-
130825,121157690,FOXF1,-,-,-,Un,-,forkhead box F1,protein-coding,-,-,-,forkhead box protein F1,20210420,-
130825,121157691,WFDC1,-,-,-,Un,-,WAP four-disulfide core domain 1,protein-coding,-,-,-,WAP four-disulfide core domain protein 1,20210420,-
130825,121157692,NECAB2,-,-,-,Un,-,N-terminal EF-hand calcium binding protein 2,protein-coding,-,-,-,N-terminal EF-hand calcium-binding protein 2,20210420,-
130825,121157693,OSGIN1,-,-,-,Un,-,oxidative stress induced growth inhibitor 1,protein-coding,-,-,-,oxidative stress-induced growth inhibitor 1,20210420,-
130825,121157694,SDR42E1,-,-,-,Un,-,"short chain dehydrogenase/reductase family 42E, member 1",protein-coding,-,-,-,short-chain dehydrogenase/reductase family 42E member 1,20210420,-
130825,121157695,BCO1,-,-,-,Un,-,beta-carotene oxygenase 1,protein-coding,-,-,-,"beta,beta-carotene 15,15'-dioxygenase",20210420,-
130825,121157696,CENPN,-,-,-,Un,-,centromere protein N,protein-coding,-,-,-,centromere protein N,20210420,-
130825,121157697,DYNLRB2,-,-,-,Un,-,dynein light chain roadblock-type 2,protein-coding,-,-,-,dynein light chain roadblock-type 2,20210424,-
130825,121157698,CLEC3A,-,-,-,Un,-,C-type lectin domain family 3 member A,protein-coding,-,-,-,C-type lectin domain family 3 member A,20210420,-
130825,121157699,VAT1L,-,-,-,Un,-,vesicle amine transport 1 like,protein-coding,-,-,-,synaptic vesicle membrane protein VAT-1 homolog-like,20210420,-
130825,121157700,LOC121157700,-,-,-,Un,-,carbohydrate sulfotransferase 6,protein-coding,-,-,-,carbohydrate sulfotransferase 6,20210420,-
130825,121157701,LOC121157701,-,-,-,Un,-,chymotrypsinogen B2-like,pseudo,-,-,-,-,20210420,-
130825,121157702,LOC121157702,-,-,-,Un,-,chymotrypsinogen 2-like,protein-coding,-,-,-,chymotrypsinogen 2-like,20210420,-
130825,121157703,RAP1B,-,-,-,Un,-,"RAP1B, member of RAS oncogene family",protein-coding,-,-,-,ras-related protein Rap-1b,20210501,-
130825,121157704,EXOSC6,-,-,-,Un,-,exosome component 6,protein-coding,-,-,-,exosome complex component MTR3,20210420,-
130825,121157705,LOC121157705,-,-,-,Un,-,uncharacterized LOC121157705,ncRNA,-,-,-,-,20210420,-
130825,121157706,CALB2,-,-,-,Un,-,calbindin 2,protein-coding,-,-,-,calretinin,20210529,-
130825,121157707,TAT,-,-,-,Un,-,tyrosine aminotransferase,protein-coding,-,-,-,tyrosine aminotransferase,20210420,-
130825,121157708,MARVELD3,-,-,-,Un,-,MARVEL domain containing 3,protein-coding,-,-,-,MARVEL domain-containing protein 3,20210420,-
130825,121157709,PMFBP1,-,-,-,Un,-,polyamine modulated factor 1 binding protein 1,protein-coding,-,-,-,polyamine-modulated factor 1-binding protein 1,20210420,-
130825,121157710,CDH1,-,-,-,Un,-,cadherin 1,protein-coding,-,-,-,cadherin-1,20210420,-
130825,121157711,CDH3,-,-,-,Un,-,cadherin 3,protein-coding,-,-,-,cadherin-3,20210420,-
130825,121157712,MDM1,-,-,-,Un,-,Mdm1 nuclear protein,protein-coding,-,-,-,nuclear protein MDM1,20210420,-
130825,121157713,SMPD3,-,-,-,Un,-,sphingomyelin phosphodiesterase 3,protein-coding,-,-,-,sphingomyelin phosphodiesterase 3,20210420,-
130825,121157714,LOC121157714,-,-,-,Un,-,enkurin domain-containing protein 1-like,protein-coding,-,-,-,enkurin domain-containing protein 1-like,20210420,-
130825,121157715,LOC121157715,-,-,-,Un,-,partitioning defective 6 homolog alpha,protein-coding,-,-,-,partitioning defective 6 homolog alpha,20210420,-
130825,121157716,LOC121157716,-,-,-,Un,-,agouti-related protein-like,protein-coding,-,-,-,agouti-related protein-like,20210420,-
130825,121157717,LOC121157717,-,-,-,Un,-,palmitoyltransferase ZDHHC1-like,protein-coding,-,-,-,palmitoyltransferase ZDHHC1-like,20210420,-
130825,121157718,LOC121157718,-,-,-,Un,-,tubulin polymerization-promoting protein family member 3,protein-coding,-,-,-,tubulin polymerization-promoting protein family member 3,20210420,-
130825,121157719,LOC121157719,-,-,-,Un,-,leucine-rich repeat-containing protein 36-like,protein-coding,-,-,-,leucine-rich repeat-containing protein 36-like,20210420,-
130825,121157720,LOC121157720,-,-,-,Un,-,sodium/hydrogen exchanger 5,protein-coding,-,-,-,sodium/hydrogen exchanger 5,20210420,-
130825,121157721,LOC121157721,-,-,-,Un,-,exocyst complex component 3-like protein,protein-coding,-,-,-,exocyst complex component 3-like protein,20210420,-
130825,121157722,LOC121157722,-,-,-,Un,-,uncharacterized protein KIAA0895-like,protein-coding,-,-,-,uncharacterized protein KIAA0895-like,20210420,-
130825,121157723,LOC121157723,-,-,-,Un,-,nucleolar protein 3-like,protein-coding,-,-,-,nucleolar protein 3-like|uncharacterized protein LOC121157723,20210420,-
130825,121157724,LOC121157724,-,-,-,Un,-,carboxylesterase 4A-like,protein-coding,-,-,-,carboxylesterase 4A-like,20210420,-
130825,121157725,LOC121157725,-,-,-,Un,-,cocaine esterase-like,protein-coding,-,-,-,cocaine esterase-like,20210420,-
130825,121157726,CIAO2B,-,-,-,Un,-,cytosolic iron-sulfur assembly component 2B,protein-coding,-,-,-,cytosolic iron-sulfur assembly component 2B,20210420,-
130825,121157727,RRAD,-,-,-,Un,-,"RRAD, Ras related glycolysis inhibitor and calcium channel regulator",protein-coding,-,-,-,GTP-binding protein RAD,20210420,-
130825,121157728,CDH16,-,-,-,Un,-,cadherin 16,protein-coding,-,-,-,cadherin-16,20210420,-
130825,121157729,CA7,-,-,-,Un,-,carbonic anhydrase 7,protein-coding,-,-,-,carbonic anhydrase 7,20210420,-
130825,121157730,CMTM4,-,-,-,Un,-,CKLF like MARVEL transmembrane domain containing 4,protein-coding,-,-,-,CKLF-like MARVEL transmembrane domain-containing protein 4,20210420,-
130825,121157731,LOC121157731,-,-,-,Un,-,uncharacterized LOC121157731,ncRNA,-,-,-,-,20210420,-
130825,121157732,CDH11,-,-,-,Un,-,cadherin 11,protein-coding,-,-,-,cadherin-11,20210420,-
130825,121157733,CDH8,-,-,-,Un,-,cadherin 8,protein-coding,-,-,-,cadherin-8,20210420,-
130825,121157734,DYRK2,-,-,-,Un,-,dual specificity tyrosine phosphorylation regulated kinase 2,protein-coding,-,-,-,dual specificity tyrosine-phosphorylation-regulated kinase 2,20210420,-
130825,121157735,LOC121157735,-,-,-,Un,-,40S ribosomal protein S6-like,pseudo,-,-,-,-,20210420,-
130825,121157736,NDRG4,-,-,-,Un,-,NDRG family member 4,protein-coding,-,-,-,protein NDRG4,20210529,-
130825,121157737,GINS3,-,-,-,Un,-,GINS complex subunit 3,protein-coding,-,-,-,DNA replication complex GINS protein PSF3,20210420,-
130825,121157738,PRSS54,-,-,-,Un,-,serine protease 54,protein-coding,-,-,-,inactive serine protease 54,20210420,-
130825,121157739,CCDC113,-,-,-,Un,-,coiled-coil domain containing 113,protein-coding,-,-,-,coiled-coil domain-containing protein 113,20210420,-
130825,121157740,MMP15,-,-,-,Un,-,matrix metallopeptidase 15,protein-coding,-,-,-,matrix metalloproteinase-15,20210420,-
130825,121157741,ADGRG5,-,-,-,Un,-,adhesion G protein-coupled receptor G5,protein-coding,-,-,-,adhesion G-protein coupled receptor G5,20210420,-
130825,121157742,LOC121157742,-,-,-,Un,-,uncharacterized LOC121157742,ncRNA,-,-,-,-,20210420,-
130825,121157743,CCL22,-,-,-,Un,-,C-C motif chemokine ligand 22,protein-coding,-,-,-,C-C motif chemokine 22,20210420,-
130825,121157744,LOC121157744,-,-,-,Un,-,plasmolipin,protein-coding,-,-,-,plasmolipin,20210420,-
130825,121157745,LOC121157745,-,-,-,Un,-,60S ribosomal protein L7-like,pseudo,-,-,-,-,20210420,-
130825,121157746,SLC12A3,-,-,-,Un,-,solute carrier family 12 member 3,protein-coding,-,-,-,solute carrier family 12 member 3,20210420,-
130825,121157747,LOC121157747,-,-,-,Un,-,metallothionein-2-like,protein-coding,-,-,-,metallothionein-1D-like|metallothionein-2-like|metallothionein-2C-like,20210420,-
130825,121157748,CAND1,-,-,-,Un,-,cullin associated and neddylation dissociated 1,protein-coding,-,-,-,cullin-associated NEDD8-dissociated protein 1,20210420,-
130825,121157749,LOC121157749,-,-,-,Un,-,metallothionein-4,protein-coding,-,-,-,metallothionein-4,20210420,-
130825,121157750,LOC121157750,-,-,-,Un,-,liver carboxylesterase 1-like,protein-coding,-,-,-,liver carboxylesterase 1-like,20210420,-
130825,121157751,LOC121157751,-,-,-,Un,-,liver carboxylesterase 1,protein-coding,-,-,-,liver carboxylesterase 1,20210420,-
130825,121157752,LOC121157752,-,-,-,Un,-,liver carboxylesterase 1-like,protein-coding,-,-,-,liver carboxylesterase 1-like,20210420,-
130825,121157753,LOC121157753,-,-,-,Un,-,uncharacterized LOC121157753,ncRNA,-,-,-,-,20210420,-
130825,121157754,IRX5,-,-,-,Un,-,iroquois homeobox 5,protein-coding,-,-,-,iroquois-class homeodomain protein IRX-5,20210420,-
130825,121157755,IRX3,-,-,-,Un,-,iroquois homeobox 3,protein-coding,-,-,-,iroquois-class homeodomain protein IRX-3,20210420,-
130825,121157756,GRIP1,-,-,-,Un,-,glutamate receptor interacting protein 1,protein-coding,-,-,-,glutamate receptor-interacting protein 1,20210420,-
130825,121157757,TOX3,-,-,-,Un,-,TOX high mobility group box family member 3,protein-coding,-,-,-,TOX high mobility group box family member 3,20210420,-
130825,121157758,SALL1,-,-,-,Un,-,spalt like transcription factor 1,protein-coding,-,-,-,sal-like protein 1,20210420,-
130825,121157759,ZNF423,-,-,-,Un,-,zinc finger protein 423,protein-coding,-,-,-,zinc finger protein 423,20210420,-
130825,121157760,CUNH16orf78,-,-,-,Un,-,chromosome unknown C16orf78 homolog,protein-coding,-,-,-,uncharacterized protein C16orf78 homolog,20210420,-
130825,121157761,CBLN1,-,-,-,Un,-,cerebellin 1 precursor,protein-coding,-,-,-,cerebellin-1,20210420,-
130825,121157762,ABCC12,-,-,-,Un,-,ATP binding cassette subfamily C member 12,protein-coding,-,-,-,ATP-binding cassette sub-family C member 12,20210420,-
130825,121157763,ORC6,-,-,-,Un,-,origin recognition complex subunit 6,protein-coding,-,-,-,origin recognition complex subunit 6,20210420,-
130825,121157764,LOC121157764,-,-,-,Un,-,GTPase KRas-like,pseudo,-,-,-,-,20210420,-
130825,121157765,LOC121157765,-,-,-,Un,-,dual specificity mitogen-activated protein kinase kinase 3-like,pseudo,-,-,-,-,20210420,-
130825,121157766,SMAD5,-,-,-,Un,-,SMAD family member 5,protein-coding,-,-,-,mothers against decapentaplegic homolog 5,20210420,-
130825,121157767,LOC121157767,-,-,-,Un,-,60S ribosomal protein L36a-like,pseudo,-,-,-,-,20210420,-
130825,121157768,LOC121157768,-,-,-,Un,-,tubulin beta-3 chain,protein-coding,-,-,-,tubulin beta-3 chain,20210420,-
130825,121157769,FANCA,-,-,-,Un,-,FA complementation group A,protein-coding,-,-,-,Fanconi anemia group A protein,20210420,-
130825,121157770,IL17C,-,-,-,Un,-,interleukin 17C,protein-coding,-,-,-,interleukin-17C,20210420,-
130825,121157771,ZNF469,-,-,-,Un,-,zinc finger protein 469,protein-coding,-,-,-,zinc finger protein 469,20210420,-
130825,121157772,CA5A,-,-,-,Un,-,carbonic anhydrase 5A,protein-coding,-,-,-,"carbonic anhydrase 5A, mitochondrial",20210420,-
130825,121157773,JPH3,-,-,-,Un,-,junctophilin 3,protein-coding,-,-,-,LOW QUALITY PROTEIN: junctophilin-3,20210420,-
130825,121157774,MTHFSD,-,-,-,Un,-,methenyltetrahydrofolate synthetase domain containing,protein-coding,-,-,-,methenyltetrahydrofolate synthase domain-containing protein,20210420,-
130825,121157775,CIBAR2,-,-,-,Un,-,CBY1 interacting BAR domain containing 2,protein-coding,-,-,-,CBY1-interacting BAR domain-containing protein 2,20210420,-
130825,121157776,ATP2C2,-,-,-,Un,-,ATPase secretory pathway Ca2+ transporting 2,protein-coding,-,-,-,calcium-transporting ATPase type 2C member 2,20210420,-
130825,121157777,KCNG4,-,-,-,Un,-,potassium voltage-gated channel modifier subfamily G member 4,protein-coding,-,-,-,potassium voltage-gated channel subfamily G member 4,20210420,-
130825,121157778,ADAD2,-,-,-,Un,-,adenosine deaminase domain containing 2,protein-coding,-,-,-,adenosine deaminase domain-containing protein 2,20210420,-
130825,121157779,DNAAF1,-,-,-,Un,-,dynein axonemal assembly factor 1,protein-coding,-,-,-,"dynein assembly factor 1, axonemal",20210420,-
130825,121157780,SLC38A8,-,-,-,Un,-,solute carrier family 38 member 8,protein-coding,-,-,-,putative sodium-coupled neutral amino acid transporter 8,20210420,-
130825,121157781,LOC121157781,-,-,-,Un,-,C-type lectin domain family 18 member A-like,protein-coding,-,-,-,C-type lectin domain family 18 member A-like,20210420,-
130825,121157782,IL34,-,-,-,Un,-,interleukin 34,protein-coding,-,-,-,interleukin-34,20210420,-
130825,121157783,TLE7,-,-,-,Un,-,TLE family member 7,protein-coding,-,-,-,transducin-like enhancer protein 7,20210420,-
130825,121157784,CHST4,-,-,-,Un,-,carbohydrate sulfotransferase 4,protein-coding,-,-,-,carbohydrate sulfotransferase 4,20210420,-
130825,121157785,LOC121157785,-,-,-,Un,-,IST1 homolog,protein-coding,-,-,-,IST1 homolog,20210420,-
130825,121157786,PKD1L3,-,-,-,Un,-,"polycystin 1 like 3, transient receptor potential channel interacting",protein-coding,-,-,-,polycystic kidney disease protein 1-like 3,20210420,-
130825,121157787,LOC121157787,-,-,-,Un,-,60S ribosomal protein L17-like,pseudo,-,-,-,-,20210420,-
130825,121157788,LOC121157788,-,-,-,Un,-,NADH dehydrogenase [ubiquinone] 1 beta subcomplex subunit 6-like,pseudo,-,-,-,-,20210420,-
130825,121157789,TERF2,-,-,-,Un,-,telomeric repeat binding factor 2,protein-coding,-,-,-,telomeric repeat-binding factor 2,20210420,-
130825,121157790,LOC121157790,-,-,-,Un,-,dipeptidase 3-like,protein-coding,-,-,-,dipeptidase 3-like,20210420,-
130825,121157791,NRN1L,-,-,-,Un,-,neuritin 1 like,protein-coding,-,-,-,neuritin-like protein,20210420,-
130825,121157792,CENPT,-,-,-,Un,-,centromere protein T,protein-coding,-,-,-,centromere protein T,20210420,-
130825,121157793,CUNH16orf86,-,-,-,Un,-,chromosome unknown C16orf86 homolog,protein-coding,-,-,-,uncharacterized protein C16orf86 homolog,20210420,-
130825,121157794,LOC121157794,-,-,-,Un,-,60S acidic ribosomal protein P1-like,protein-coding,-,-,-,60S acidic ribosomal protein P1-like,20210420,-
130825,121157795,LOC121157795,-,-,-,Un,-,BTB/POZ domain-containing protein KCTD19,protein-coding,-,-,-,BTB/POZ domain-containing protein KCTD19,20210420,-
130825,121157796,LOC121157796,-,-,-,Un,-,puratrophin-1-like,protein-coding,-,-,-,puratrophin-1-like,20210420,-
130825,121157797,LOC121157797,-,-,-,Un,-,carboxylesterase 3-like,protein-coding,-,-,-,LOW QUALITY PROTEIN: carboxylesterase 3-like,20210420,-
130825,121157798,LOC121157798,-,-,-,Un,-,cocaine esterase-like,protein-coding,-,-,-,cocaine esterase-like,20210420,-
130825,121157799,LOC121157799,-,-,-,Un,-,60S ribosomal protein L9-like,pseudo,-,-,-,-,20210420,-
130825,121157800,LOC121157800,-,-,-,Un,-,glyceraldehyde-3-phosphate dehydrogenase-like,pseudo,-,-,-,-,20210420,-
130825,121157801,LOC121157801,-,-,-,Un,-,60S ribosomal protein L13a-like,pseudo,-,-,-,-,20210420,-
130825,121157802,CNGB1,-,-,-,Un,-,cyclic nucleotide gated channel subunit beta 1,protein-coding,-,-,-,cyclic nucleotide-gated cation channel beta-1,20210420,-
130825,121157803,CCL17,-,-,-,Un,-,C-C motif chemokine ligand 17,protein-coding,-,-,-,C-C motif chemokine 17,20210420,-
130825,121157804,CX3CL1,-,-,-,Un,-,C-X3-C motif chemokine ligand 1,protein-coding,-,-,-,fractalkine,20210420,-
130825,121157805,LOC121157805,-,-,-,Un,-,chromatin target of PRMT1 protein-like,pseudo,-,-,-,-,20210420,-
130825,121157806,CES5A,-,-,-,Un,-,carboxylesterase 5A,protein-coding,-,-,-,carboxylesterase 5A,20210420,-
130825,121157807,LOC121157807,-,-,-,Un,-,liver carboxylesterase 1-like,protein-coding,-,-,-,liver carboxylesterase 1-like,20210420,-
130825,121157808,IRX6,-,-,-,Un,-,iroquois homeobox 6,protein-coding,-,-,-,iroquois-class homeodomain protein IRX-6,20210420,-
130825,121157809,LOC121157809,-,-,-,Un,-,RCC1 domain-containing protein 1-like,pseudo,-,-,-,-,20210420,-
130825,121157810,LOC121157810,-,-,-,Un,-,actin-85C-like,pseudo,-,-,-,-,20210420,-
130825,121157811,LOC121157811,-,-,-,Un,-,40S ribosomal protein S17-like,pseudo,-,-,-,-,20210420,-
130825,121157812,ABCC11,-,-,-,Un,-,ATP binding cassette subfamily C member 11,protein-coding,-,-,-,ATP-binding cassette sub-family C member 11,20210420,-
130825,121157813,NETO2,-,-,-,Un,-,neuropilin and tolloid like 2,protein-coding,-,-,-,neuropilin and tolloid-like protein 2,20210420,-
130825,121157814,LOC121157814,-,-,-,Un,-,selenoprotein F-like,pseudo,-,-,-,-,20210420,-
130825,121157815,LOC121157815,-,-,-,Un,-,histamine H3 receptor-like,protein-coding,-,-,-,histamine H3 receptor-like,20210420,-
130825,121157816,LOC121157816,-,-,-,Un,-,CCR4-NOT transcription complex subunit 3-like,pseudo,-,-,-,-,20210420,-
130825,121157817,DEF8,-,-,-,Un,-,differentially expressed in FDCP 8 homolog,protein-coding,-,-,-,differentially expressed in FDCP 8 homolog,20210420,-
130825,121157818,TCF25,-,-,-,Un,-,transcription factor 25,protein-coding,-,-,-,transcription factor 25,20210420,-
130825,121157819,SPIRE2,-,-,-,Un,-,spire type actin nucleation factor 2,protein-coding,-,-,-,protein spire homolog 2,20210420,-
130825,121157820,ZNF276,-,-,-,Un,-,zinc finger protein 276,protein-coding,-,-,-,zinc finger protein 276,20210420,-
130825,121157821,LOC121157821,-,-,-,Un,-,60S ribosomal protein L31-like,pseudo,-,-,-,-,20210420,-
130825,121157822,VPS9D1,-,-,-,Un,-,VPS9 domain containing 1,protein-coding,-,-,-,VPS9 domain-containing protein 1,20210420,-
130825,121157823,SPATA2L,-,-,-,Un,-,spermatogenesis associated 2 like,protein-coding,-,-,-,spermatogenesis-associated protein 2-like protein,20210420,-
130825,121157824,HELB,-,-,-,Un,-,DNA helicase B,protein-coding,-,-,-,DNA helicase B,20210420,-
130825,121157825,DPEP1,-,-,-,Un,-,dipeptidase 1,protein-coding,-,-,-,dipeptidase 1,20210420,-
130825,121157826,CDK10,-,-,-,Un,-,cyclin dependent kinase 10,protein-coding,-,-,-,cyclin-dependent kinase 10,20210420,-
130825,121157827,CHMP1A,-,-,-,Un,-,charged multivesicular body protein 1A,protein-coding,-,-,-,charged multivesicular body protein 1a,20210420,-
130825,121157828,RPL13,-,-,-,Un,-,ribosomal protein L13,protein-coding,-,-,-,60S ribosomal protein L13,20210420,-
130825,121157829,SPG7,-,-,-,Un,-,"SPG7 matrix AAA peptidase subunit, paraplegin",protein-coding,-,-,-,paraplegin,20210420,-
130825,121157830,ANKRD11,-,-,-,Un,-,ankyrin repeat domain 11,protein-coding,-,-,-,ankyrin repeat domain-containing protein 11,20210420,-
130825,121157831,CDH15,-,-,-,Un,-,cadherin 15,protein-coding,-,-,-,cadherin-15,20210420,-
130825,121157832,ACSF3,-,-,-,Un,-,acyl-CoA synthetase family member 3,protein-coding,-,-,-,"malonate--CoA ligase ACSF3, mitochondrial",20210420,-
130825,121157833,CBFA2T3,-,-,-,Un,-,CBFA2/RUNX1 partner transcriptional co-repressor 3,protein-coding,-,-,-,protein CBFA2T3,20210420,-
130825,121157834,PABPN1L,-,-,-,Un,-,"PABPN1 like, cytoplasmic",protein-coding,-,-,-,embryonic polyadenylate-binding protein 2,20210420,-
130825,121157835,TRAPPC2L,-,-,-,Un,-,trafficking protein particle complex subunit 2L,protein-coding,-,-,-,trafficking protein particle complex subunit 2-like protein,20210420,-
130825,121157836,IRAK3,-,-,-,Un,-,interleukin 1 receptor associated kinase 3,protein-coding,-,-,-,interleukin-1 receptor-associated kinase 3,20210420,-
130825,121157837,GALNS,-,-,-,Un,-,galactosamine (N-acetyl)-6-sulfatase,protein-coding,-,-,-,N-acetylgalactosamine-6-sulfatase,20210420,-
130825,121157838,APRT,-,-,-,Un,-,adenine phosphoribosyltransferase,protein-coding,-,-,-,adenine phosphoribosyltransferase,20210420,-
130825,121157839,PIEZO1,-,-,-,Un,-,piezo type mechanosensitive ion channel component 1,protein-coding,-,-,-,piezo-type mechanosensitive ion channel component 1,20210420,-
130825,121157840,CTU2,-,-,-,Un,-,cytosolic thiouridylase subunit 2,protein-coding,-,-,-,cytoplasmic tRNA 2-thiolation protein 2,20210420,-
130825,121157841,SNAI3,-,-,-,Un,-,snail family transcriptional repressor 3,protein-coding,-,-,-,zinc finger protein SNAI3,20210420,-
130825,121157842,RNF166,-,-,-,Un,-,ring finger protein 166,protein-coding,-,-,-,E3 ubiquitin-protein ligase RNF166,20210420,-
130825,121157843,MVD,-,-,-,Un,-,mevalonate diphosphate decarboxylase,protein-coding,-,-,-,diphosphomevalonate decarboxylase,20210420,-
130825,121157844,TMBIM4,-,-,-,Un,-,transmembrane BAX inhibitor motif containing 4,protein-coding,-,-,-,protein lifeguard 4,20210420,-
130825,121157845,LOC121157845,-,-,-,Un,-,cytochrome b-245 light chain,protein-coding,-,-,-,cytochrome b-245 light chain,20210420,-
130825,121157846,ZC3H18,-,-,-,Un,-,zinc finger CCCH-type containing 18,protein-coding,-,-,-,zinc finger CCCH domain-containing protein 18,20210420,-
130825,121157847,ZFPM1,-,-,-,Un,-,"zinc finger protein, FOG family member 1",protein-coding,-,-,-,zinc finger protein ZFPM1,20210420,-
130825,121157848,LOC121157848,-,-,-,Un,-,BTG3 associated nuclear protein,protein-coding,-,-,-,protein BANP,20210420,-
130825,121157849,TGFBI,-,-,-,Un,-,transforming growth factor beta induced,protein-coding,-,-,-,transforming growth factor-beta-induced protein ig-h3,20210420,-
130825,121157850,LLPH,-,-,-,Un,-,"LLP homolog, long-term synaptic facilitation factor",protein-coding,-,-,-,protein LLP homolog,20210420,-
130825,121157851,SLC7A5,-,-,-,Un,-,solute carrier family 7 member 5,protein-coding,-,-,-,large neutral amino acids transporter small subunit 1,20210420,-
130825,121157852,KLHDC4,-,-,-,Un,-,kelch domain containing 4,protein-coding,-,-,-,kelch domain-containing protein 4,20210420,-
130825,121157853,LOC121157853,-,-,-,Un,-,uncharacterized LOC121157853,ncRNA,-,-,-,-,20210420,-
130825,121157854,ZCCHC14,-,-,-,Un,-,zinc finger CCHC-type containing 14,protein-coding,-,-,-,zinc finger CCHC domain-containing protein 14,20210420,-
130825,121157855,MAP1LC3B,-,-,-,Un,-,microtubule associated protein 1 light chain 3 beta,protein-coding,-,-,-,microtubule-associated proteins 1A/1B light chain 3B,20210420,-
130825,121157856,FBXO31,-,-,-,Un,-,F-box protein 31,protein-coding,-,-,-,F-box only protein 31,20210420,-
130825,121157857,IRF8,-,-,-,Un,-,interferon regulatory factor 8,protein-coding,-,-,-,interferon regulatory factor 8,20210420,-
130825,121157858,LOC121157858,-,-,-,Un,-,"cytochrome c oxidase subunit 4 isoform 1, mitochondrial",protein-coding,-,-,-,"cytochrome c oxidase subunit 4 isoform 1, mitochondrial",20210420,-
130825,121157859,GSE1,-,-,-,Un,-,Gse1 coiled-coil protein,protein-coding,-,-,-,genetic suppressor element 1,20210420,-
130825,121157860,EMC8,-,-,-,Un,-,ER membrane protein complex subunit 8,protein-coding,-,-,-,ER membrane protein complex subunit 8,20210420,-
130825,121157861,LOC121157861,-,-,-,Un,-,uncharacterized LOC121157861,ncRNA,-,-,-,-,20210420,-
130825,121157862,GINS2,-,-,-,Un,-,GINS complex subunit 2,protein-coding,-,-,-,DNA replication complex GINS protein PSF2,20210420,-
130825,121157863,KIAA0513,-,-,-,Un,-,KIAA0513 ortholog,protein-coding,-,-,-,uncharacterized protein KIAA0513 homolog,20210420,-
130825,121157864,ZDHHC7,-,-,-,Un,-,zinc finger DHHC-type palmitoyltransferase 7,protein-coding,-,-,-,palmitoyltransferase ZDHHC7,20210420,-
130825,121157865,CRISPLD2,-,-,-,Un,-,cysteine rich secretory protein LCCL domain containing 2,protein-coding,-,-,-,cysteine-rich secretory protein LCCL domain-containing 2,20210420,-
130825,121157866,HMGA2,-,-,-,Un,-,high mobility group AT-hook 2,protein-coding,-,-,-,high mobility group protein HMGI-C,20210420,-
130825,121157867,USP10,-,-,-,Un,-,ubiquitin specific peptidase 10,protein-coding,-,-,-,ubiquitin carboxyl-terminal hydrolase 10,20210420,-
130825,121157868,KLHL36,-,-,-,Un,-,kelch like family member 36,protein-coding,-,-,-,kelch-like protein 36,20210420,-
130825,121157869,COTL1,-,-,-,Un,-,coactosin like F-actin binding protein 1,protein-coding,-,-,-,coactosin-like protein,20210420,-
130825,121157870,MEAK7,-,-,-,Un,-,"MTOR associated protein, eak-7 homolog",protein-coding,-,-,-,MTOR-associated protein MEAK7,20210420,-
130825,121157871,TAF1C,-,-,-,Un,-,"TATA-box binding protein associated factor, RNA polymerase I subunit C",protein-coding,-,-,-,TATA box-binding protein-associated factor RNA polymerase I subunit C,20210420,-
130825,121157872,MSRB3,-,-,-,Un,-,methionine sulfoxide reductase B3,protein-coding,-,-,-,methionine-R-sulfoxide reductase B3,20210420,-
130825,121157873,HSDL1,-,-,-,Un,-,hydroxysteroid dehydrogenase like 1,protein-coding,-,-,-,inactive hydroxysteroid dehydrogenase-like protein 1,20210420,-
130825,121157874,MBTPS1,-,-,-,Un,-,"membrane bound transcription factor peptidase, site 1",protein-coding,-,-,-,membrane-bound transcription factor site-1 protease,20210420,-
130825,121157875,MLYCD,-,-,-,Un,-,malonyl-CoA decarboxylase,protein-coding,-,-,-,"malonyl-CoA decarboxylase, mitochondrial",20210420,-
130825,121157876,HSBP1,-,-,-,Un,-,heat shock factor binding protein 1,protein-coding,-,-,-,heat shock factor-binding protein 1,20210420,-
130825,121157877,CDH13,-,-,-,Un,-,cadherin 13,protein-coding,-,-,-,cadherin-13,20210420,-
130825,121157878,LOC121157878,-,-,-,Un,-,uncharacterized LOC121157878,ncRNA,-,-,-,-,20210420,-
130825,121157879,MPHOSPH6,-,-,-,Un,-,M-phase phosphoprotein 6,protein-coding,-,-,-,M-phase phosphoprotein 6,20210420,-
130825,121157880,LOC121157880,-,-,-,Un,-,uncharacterized LOC121157880,ncRNA,-,-,-,-,20210420,-
130825,121157881,HSD17B2,-,-,-,Un,-,hydroxysteroid 17-beta dehydrogenase 2,protein-coding,-,-,-,17-beta-hydroxysteroid dehydrogenase type 2,20210420,-
130825,121157882,PLCG2,-,-,-,Un,-,phospholipase C gamma 2,protein-coding,-,-,-,"1-phosphatidylinositol 4,5-bisphosphate phosphodiesterase gamma-2",20210420,-
130825,121157883,LOC121157883,-,-,-,Un,-,c-Maf inducing protein,protein-coding,-,-,-,C-Maf-inducing protein,20210420,-
130825,121157884,GAN,-,-,-,Un,-,gigaxonin,protein-coding,-,-,-,gigaxonin,20210420,-
130825,121157885,PKD1L2,-,-,-,Un,-,polycystin 1 like 2,protein-coding,-,-,-,polycystic kidney disease protein 1-like 2,20210420,-
130825,121157886,ATMIN,-,-,-,Un,-,ATM interactor,protein-coding,-,-,-,ATM interactor,20210420,-
130825,121157887,CUNH16orf46,-,-,-,Un,-,chromosome unknown C16orf46 homolog,protein-coding,-,-,-,LOW QUALITY PROTEIN: uncharacterized protein C16orf46 homolog,20210420,-
130825,121157888,GCSH,-,-,-,Un,-,glycine cleavage system protein H,protein-coding,-,-,-,"glycine cleavage system H protein, mitochondrial",20210420,-
130825,121157889,CMC2,-,-,-,Un,-,C-X9-C motif containing 2,protein-coding,-,-,-,COX assembly mitochondrial protein 2 homolog,20210420,-
130825,121157890,CDYL2,-,-,-,Un,-,chromodomain Y like 2,protein-coding,-,-,-,chromodomain Y-like protein 2,20210420,-
130825,121157891,MAF,-,-,-,Un,-,MAF bZIP transcription factor,protein-coding,-,-,-,LOW QUALITY PROTEIN: transcription factor Maf,20210420,-
130825,121157892,WWOX,-,-,-,Un,-,WW domain containing oxidoreductase,protein-coding,-,-,-,WW domain-containing oxidoreductase,20210420,-
130825,121157893,NUDT7,-,-,-,Un,-,nudix hydrolase 7,protein-coding,-,-,-,peroxisomal coenzyme A diphosphatase NUDT7,20210420,-
130825,121157894,ADAMTS18,-,-,-,Un,-,ADAM metallopeptidase with thrombospondin type 1 motif 18,protein-coding,-,-,-,A disintegrin and metalloproteinase with thrombospondin motifs 18,20210420,-
130825,121157895,LOC121157895,-,-,-,Un,-,uncharacterized LOC121157895,ncRNA,-,-,-,-,20210420,-
130825,121157896,MON1B,-,-,-,Un,-,"MON1 homolog B, secretory trafficking associated",protein-coding,-,-,-,vacuolar fusion protein MON1 homolog B,20210420,-
130825,121157897,SYCE1L,-,-,-,Un,-,synaptonemal complex central element protein 1 like,protein-coding,-,-,-,synaptonemal complex central element protein 1-like,20210420,-
130825,121157898,CNTNAP4,-,-,-,Un,-,contactin associated protein family member 4,protein-coding,-,-,-,contactin-associated protein-like 4,20210420,-
130825,121157899,LOC121157899,-,-,-,Un,-,40S ribosomal protein S10-like,protein-coding,-,-,-,40S ribosomal protein S10-like,20210420,-
130825,121157900,KARS1,-,-,-,Un,-,lysyl-tRNA synthetase 1,protein-coding,-,-,-,lysine--tRNA ligase,20210420,-
130825,121157901,LOC121157901,-,-,-,Un,-,TERF2 interacting protein,protein-coding,-,-,-,telomeric repeat-binding factor 2-interacting protein 1,20210420,-
130825,121157902,ADAT1,-,-,-,Un,-,adenosine deaminase tRNA specific 1,protein-coding,-,-,-,tRNA-specific adenosine deaminase 1,20210420,-
130825,121157903,LOC121157903,-,-,-,Un,-,uncharacterized LOC121157903,ncRNA,-,-,-,-,20210420,-
130825,121157904,GABARAPL2,-,-,-,Un,-,GABA type A receptor associated protein like 2,protein-coding,-,-,-,gamma-aminobutyric acid receptor-associated protein-like 2,20210522,-
130825,121157905,TMEM231,-,-,-,Un,-,transmembrane protein 231,protein-coding,-,-,-,transmembrane protein 231,20210420,-
130825,121157906,TMEM170A,-,-,-,Un,-,transmembrane protein 170A,protein-coding,-,-,-,transmembrane protein 170A,20210420,-
130825,121157907,CFDP1,-,-,-,Un,-,craniofacial development protein 1,protein-coding,-,-,-,craniofacial development protein 1,20210420,-
130825,121157908,BCAR1,-,-,-,Un,-,"BCAR1 scaffold protein, Cas family member",protein-coding,-,-,-,breast cancer anti-estrogen resistance protein 1,20210420,-
130825,121157909,ZFP1,-,-,-,Un,-,ZFP1 zinc finger protein,protein-coding,-,-,-,zinc finger protein 1 homolog,20210420,-
130825,121157910,LDHD,-,-,-,Un,-,lactate dehydrogenase D,protein-coding,-,-,-,"probable D-lactate dehydrogenase, mitochondrial",20210420,-
130825,121157911,ZNRF1,-,-,-,Un,-,zinc and ring finger 1,protein-coding,-,-,-,E3 ubiquitin-protein ligase ZNRF1,20210420,-
130825,121157912,WDR59,-,-,-,Un,-,WD repeat domain 59,protein-coding,-,-,-,GATOR complex protein WDR59,20210420,-
130825,121157913,FA2H,-,-,-,Un,-,fatty acid 2-hydroxylase,protein-coding,-,-,-,fatty acid 2-hydroxylase,20210420,-
130825,121157914,LOC121157914,-,-,-,Un,-,uncharacterized LOC121157914,ncRNA,-,-,-,-,20210420,-
130825,121157915,LOC121157915,-,-,-,Un,-,40S ribosomal protein S6-like,pseudo,-,-,-,-,20210420,-
130825,121157916,MLKL,-,-,-,Un,-,mixed lineage kinase domain like pseudokinase,protein-coding,-,-,-,mixed lineage kinase domain-like protein,20210420,-
130825,121157917,RFWD3,-,-,-,Un,-,ring finger and WD repeat domain 3,protein-coding,-,-,-,E3 ubiquitin-protein ligase RFWD3,20210420,-
130825,121157918,GLG1,-,-,-,Un,-,golgi glycoprotein 1,protein-coding,-,-,-,Golgi apparatus protein 1,20210420,-
130825,121157919,PDPR,-,-,-,Un,-,pyruvate dehydrogenase phosphatase regulatory subunit,protein-coding,-,-,-,"pyruvate dehydrogenase phosphatase regulatory subunit, mitochondrial",20210420,-
130825,121157920,LECT2,-,-,-,Un,-,leukocyte cell derived chemotaxin 2,protein-coding,-,-,-,leukocyte cell-derived chemotaxin-2,20210420,-
130825,121157921,LEMD3,-,-,-,Un,-,LEM domain containing 3,protein-coding,-,-,-,inner nuclear membrane protein Man1,20210420,-
130825,121157922,LOC121157922,-,-,-,Un,-,uncharacterized LOC121157922,ncRNA,-,-,-,-,20210420,-
130825,121157923,AARS1,-,-,-,Un,-,alanyl-tRNA synthetase 1,protein-coding,-,-,-,"alanine--tRNA ligase, cytoplasmic",20210420,-
130825,121157924,LOC121157924,-,-,-,Un,-,ATP-dependent RNA helicase DDX19B,protein-coding,-,-,-,ATP-dependent RNA helicase DDX19B,20210420,-
130825,121157925,LOC121157925,-,-,-,Un,-,ATP-dependent RNA helicase DDX19A,protein-coding,-,-,-,ATP-dependent RNA helicase DDX19A,20210420,-
130825,121157926,ST3GAL2,-,-,-,Un,-,"ST3 beta-galactoside alpha-2,3-sialyltransferase 2",protein-coding,-,-,-,"CMP-N-acetylneuraminate-beta-galactosamide-alpha-2,3-sialyltransferase 2",20210420,-
130825,121157927,FCSK,-,-,-,Un,-,fucose kinase,protein-coding,-,-,-,L-fucose kinase,20210420,-
130825,121157928,COG4,-,-,-,Un,-,component of oligomeric golgi complex 4,protein-coding,-,-,-,conserved oligomeric Golgi complex subunit 4,20210420,-
130825,121157929,SF3B3,-,-,-,Un,-,splicing factor 3b subunit 3,protein-coding,-,-,-,splicing factor 3B subunit 3,20210420,-
130825,121157930,MTSS2,-,-,-,Un,-,MTSS I-BAR domain containing 2,protein-coding,-,-,-,protein MTSS 2,20210420,-
130825,121157931,TBC1D30,-,-,-,Un,-,TBC1 domain family member 30,protein-coding,-,-,-,TBC1 domain family member 30,20210420,-
130825,121157932,LOC121157932,-,-,-,Un,-,uncharacterized LOC121157932,ncRNA,-,-,-,-,20210420,-
130825,121157933,VAC14,-,-,-,Un,-,VAC14 component of PIKFYVE complex,protein-coding,-,-,-,protein VAC14 homolog,20210420,-
130825,121157934,HYDIN,-,-,-,Un,-,HYDIN axonemal central pair apparatus protein,protein-coding,-,-,-,hydrocephalus-inducing protein homolog,20210420,-
130825,121157935,CMTR2,-,-,-,Un,-,cap methyltransferase 2,protein-coding,-,-,-,cap-specific mRNA (nucleoside-2'-O-)-methyltransferase 2,20210420,-
130825,121157936,ZNF23,-,-,-,Un,-,zinc finger protein 23,protein-coding,-,-,-,zinc finger protein 23,20210420,-
130825,121157937,PHLPP2,-,-,-,Un,-,PH domain and leucine rich repeat protein phosphatase 2,protein-coding,-,-,-,PH domain leucine-rich repeat-containing protein phosphatase 2,20210420,-
130825,121157938,AP1G1,-,-,-,Un,-,adaptor related protein complex 1 subunit gamma 1,protein-coding,-,-,-,AP-1 complex subunit gamma-1,20210420,-
130825,121157939,LOC121157939,-,-,-,Un,-,60S ribosomal protein L38-like,protein-coding,-,-,-,60S ribosomal protein L38-like,20210420,-
130825,121157940,ATXN1L,-,-,-,Un,-,ataxin 1 like,protein-coding,-,-,-,ataxin-1-like,20210420,-
130825,121157941,ZNF821,-,-,-,Un,-,zinc finger protein 821,protein-coding,-,-,-,zinc finger protein 821,20210420,-
130825,121157942,DHODH,-,-,-,Un,-,dihydroorotate dehydrogenase (quinone),protein-coding,-,-,-,"dihydroorotate dehydrogenase (quinone), mitochondrial",20210420,-
130825,121157943,IST1,-,-,-,Un,-,IST1 factor associated with ESCRT-III,protein-coding,-,-,-,IST1 homolog,20210420,-
130825,121157944,GNS,-,-,-,Un,-,glucosamine (N-acetyl)-6-sulfatase,protein-coding,-,-,-,N-acetylglucosamine-6-sulfatase,20210420,-
130825,121157945,LOC121157945,-,-,-,Un,-,haptoglobin,protein-coding,-,-,-,haptoglobin,20210420,-
130825,121157946,TXNL4B,-,-,-,Un,-,thioredoxin like 4B,protein-coding,-,-,-,thioredoxin-like protein 4B,20210420,-
130825,121157947,LOC121157947,-,-,-,Un,-,uncharacterized LOC121157947,ncRNA,-,-,-,-,20210420,-
130825,121157948,DHX38,-,-,-,Un,-,DEAH-box helicase 38,protein-coding,-,-,-,pre-mRNA-splicing factor ATP-dependent RNA helicase PRP16,20210420,-
130825,121157949,ZFHX3,-,-,-,Un,-,zinc finger homeobox 3,protein-coding,-,-,-,zinc finger homeobox protein 3,20210420,-
130825,121157950,PSMD7,-,-,-,Un,-,"proteasome 26S subunit, non-ATPase 7",protein-coding,-,-,-,26S proteasome non-ATPase regulatory subunit 7,20210529,-
130825,121157951,WWP2,-,-,-,Un,-,WW domain containing E3 ubiquitin protein ligase 2,protein-coding,-,-,-,NEDD4-like E3 ubiquitin-protein ligase WWP2,20210420,-
130825,121157952,NOB1,-,-,-,Un,-,NIN1 (RPN12) binding protein 1 homolog,protein-coding,-,-,-,RNA-binding protein NOB1,20210420,-
130825,121157953,RASSF3,-,-,-,Un,-,Ras association domain family member 3,protein-coding,-,-,-,ras association domain-containing protein 3,20210420,-
130825,121157954,NQO1,-,-,-,Un,-,NAD(P)H quinone dehydrogenase 1,protein-coding,-,-,-,NAD(P)H dehydrogenase [quinone] 1,20210420,-
130825,121157955,NFAT5,-,-,-,Un,-,nuclear factor of activated T cells 5,protein-coding,-,-,-,nuclear factor of activated T-cells 5,20210420,-
130825,121157956,LOC121157956,-,-,-,Un,-,cytochrome b5 type B,protein-coding,-,-,-,cytochrome b5 type B,20210420,-
130825,121157957,LOC121157957,-,-,-,Un,-,"cytochrome c oxidase subunit 7C, mitochondrial-like",protein-coding,-,-,-,"cytochrome c oxidase subunit 7C, mitochondrial-like",20210420,-
130825,121157958,LOC121157958,-,-,-,Un,-,uncharacterized LOC121157958,ncRNA,-,-,-,-,20210420,-
130825,121157959,TBK1,-,-,-,Un,-,TANK binding kinase 1,protein-coding,-,-,-,serine/threonine-protein kinase TBK1,20210420,-
130825,121157960,COG8,-,-,-,Un,-,component of oligomeric golgi complex 8,protein-coding,-,-,-,conserved oligomeric Golgi complex subunit 8,20210420,-
130825,121157961,TMED6,-,-,-,Un,-,transmembrane p24 trafficking protein 6,protein-coding,-,-,-,transmembrane emp24 domain-containing protein 6,20210420,-
130825,121157962,NIP7,-,-,-,Un,-,nucleolar pre-rRNA processing protein NIP7,protein-coding,-,-,-,60S ribosome subunit biogenesis protein NIP7 homolog,20210420,-
130825,121157963,VPS4A,-,-,-,Un,-,vacuolar protein sorting 4 homolog A,protein-coding,-,-,-,vacuolar protein sorting-associated protein 4A,20210420,-
130825,121157964,SNTB2,-,-,-,Un,-,syntrophin beta 2,protein-coding,-,-,-,beta-2-syntrophin,20210420,-
130825,121157965,UTP4,-,-,-,Un,-,UTP4 small subunit processome component,protein-coding,-,-,-,U3 small nucleolar RNA-associated protein 4 homolog,20210420,-
130825,121157966,TANGO6,-,-,-,Un,-,transport and golgi organization 6 homolog,protein-coding,-,-,-,transport and Golgi organization protein 6 homolog,20210420,-
130825,121157967,HAS3,-,-,-,Un,-,hyaluronan synthase 3,protein-coding,-,-,-,hyaluronan synthase 3,20210420,-
130825,121157968,DERPC,-,-,-,Un,-,DERPC proline and glycine rich nuclear protein,protein-coding,-,-,-,decreased expression in renal and prostate cancer protein,20210420,-
130825,121157969,XPOT,-,-,-,Un,-,exportin for tRNA,protein-coding,-,-,-,exportin-T,20210420,-
130825,121157970,CHTF8,-,-,-,Un,-,chromosome transmission fidelity factor 8,protein-coding,-,-,-,chromosome transmission fidelity protein 8 homolog,20210420,-
130825,121157971,ZFP90,-,-,-,Un,-,ZFP90 zinc finger protein,protein-coding,-,-,-,zinc finger protein 90 homolog,20210420,-
130825,121157972,PRMT7,-,-,-,Un,-,protein arginine methyltransferase 7,protein-coding,-,-,-,protein arginine N-methyltransferase 7,20210420,-
130825,121157973,SLC7A6OS,-,-,-,Un,-,solute carrier family 7 member 6 opposite strand,protein-coding,-,-,-,probable RNA polymerase II nuclear localization protein SLC7A6OS,20210420,-
130825,121157974,SLC7A6,-,-,-,Un,-,solute carrier family 7 member 6,protein-coding,-,-,-,Y+L amino acid transporter 2,20210420,-
130825,121157975,PLA2G15,-,-,-,Un,-,phospholipase A2 group XV,protein-coding,-,-,-,phospholipase A2 group XV,20210420,-
130825,121157976,CUNH12orf56,-,-,-,Un,-,chromosome unknown C12orf56 homolog,protein-coding,-,-,-,uncharacterized protein C12orf56 homolog,20210420,-
130825,121157977,NFATC3,-,-,-,Un,-,nuclear factor of activated T cells 3,protein-coding,-,-,-,"nuclear factor of activated T-cells, cytoplasmic 3",20210420,-
130825,121157978,ESRP2,-,-,-,Un,-,epithelial splicing regulatory protein 2,protein-coding,-,-,-,epithelial splicing regulatory protein 2,20210420,-
130825,121157979,DDX28,-,-,-,Un,-,DEAD-box helicase 28,protein-coding,-,-,-,probable ATP-dependent RNA helicase DDX28,20210420,-
130825,121157980,DUS2,-,-,-,Un,-,dihydrouridine synthase 2,protein-coding,-,-,-,tRNA-dihydrouridine(20) synthase [NAD(P)+]-like,20210420,-
130825,121157981,LOC121157981,-,-,-,Un,-,dipeptidase 2-like,protein-coding,-,-,-,dipeptidase 2-like,20210420,-
130825,121157982,KICS2,-,-,-,Un,-,KICSTOR subunit 2,protein-coding,-,-,-,KICSTOR complex protein C12orf66 homolog,20210420,-
130825,121157983,SLC12A4,-,-,-,Un,-,solute carrier family 12 member 4,protein-coding,-,-,-,solute carrier family 12 member 4,20210420,-
130825,121157984,DELE1,-,-,-,Un,-,DAP3 binding cell death enhancer 1,protein-coding,-,-,-,death ligand signal enhancer,20210420,-
130825,121157985,LOC121157985,-,-,-,Un,-,uncharacterized LOC121157985,ncRNA,-,-,-,-,20210420,-
130825,121157986,LCAT,-,-,-,Un,-,lecithin-cholesterol acyltransferase,protein-coding,-,-,-,phosphatidylcholine-sterol acyltransferase,20210420,-
130825,121157987,PSMB10,-,-,-,Un,-,proteasome 20S subunit beta 10,protein-coding,-,-,-,proteasome subunit beta type-10,20210420,-
130825,121157988,PSKH1,-,-,-,Un,-,protein serine kinase H1,protein-coding,-,-,-,serine/threonine-protein kinase H1,20210420,-
130825,121157989,EDC4,-,-,-,Un,-,enhancer of mRNA decapping 4,protein-coding,-,-,-,enhancer of mRNA-decapping protein 4,20210420,-
130825,121157990,NUTF2,-,-,-,Un,-,nuclear transport factor 2,protein-coding,-,-,-,nuclear transport factor 2,20210501,-
130825,121157991,THAP11,-,-,-,Un,-,THAP domain containing 11,protein-coding,-,-,-,THAP domain-containing protein 11,20210420,-
130825,121157992,TSNAXIP1,-,-,-,Un,-,translin associated factor X interacting protein 1,protein-coding,-,-,-,translin-associated factor X-interacting protein 1,20210420,-
130825,121157993,RANBP10,-,-,-,Un,-,RAN binding protein 10,protein-coding,-,-,-,ran-binding protein 10,20210420,-
130825,121157994,LOC121157994,-,-,-,Un,-,renin receptor-like,protein-coding,-,-,-,renin receptor-like,20210420,-
130825,121157995,GFOD2,-,-,-,Un,-,glucose-fructose oxidoreductase domain containing 2,protein-coding,-,-,-,glucose-fructose oxidoreductase domain-containing protein 2,20210420,-
130825,121157996,SRGAP1,-,-,-,Un,-,SLIT-ROBO Rho GTPase activating protein 1,protein-coding,-,-,-,SLIT-ROBO Rho GTPase-activating protein 1,20210420,-
130825,121157997,LOC121157997,-,-,-,Un,-,"capping protein, Arp2/3 and myosin-I linker protein 2",protein-coding,-,-,-,"capping protein, Arp2/3 and myosin-I linker protein 2",20210420,-
130825,121157998,LOC121157998,-,-,-,Un,-,adrenocortical dysplasia protein homolog,protein-coding,-,-,-,adrenocortical dysplasia protein homolog,20210420,-
130825,121157999,LOC121157999,-,-,-,Un,-,transcriptional repressor CTCF,protein-coding,-,-,-,transcriptional repressor CTCF,20210420,-
130825,121158000,LOC121158000,-,-,-,Un,-,rho family-interacting cell polarization regulator 1-like,protein-coding,-,-,-,rho family-interacting cell polarization regulator 1-like,20210420,-
130825,121158001,LOC121158001,-,-,-,Un,-,V-type proton ATPase subunit d 1,protein-coding,-,-,-,V-type proton ATPase subunit d 1,20210420,-
130825,121158002,LOC121158002,-,-,-,Un,-,corticosteroid 11-beta-dehydrogenase isozyme 2,protein-coding,-,-,-,corticosteroid 11-beta-dehydrogenase isozyme 2,20210420,-
130825,121158003,LOC121158003,-,-,-,Un,-,FH1/FH2 domain-containing protein 1,protein-coding,-,-,-,FH1/FH2 domain-containing protein 1,20210420,-
130825,121158004,LOC121158004,-,-,-,Un,-,transmembrane protein 208,protein-coding,-,-,-,transmembrane protein 208,20210420,-
130825,121158005,LOC121158005,-,-,-,Un,-,engulfment and cell motility protein 3-like,protein-coding,-,-,-,engulfment and cell motility protein 3-like,20210420,-
130825,121158006,PPM1H,-,-,-,Un,-,"protein phosphatase, Mg2+/Mn2+ dependent 1H",protein-coding,-,-,-,protein phosphatase 1H,20210420,-
130825,121158007,LOC121158007,-,-,-,Un,-,F-box/LRR-repeat protein 20-like,protein-coding,-,-,-,F-box/LRR-repeat protein 20-like|F-box/LRR-repeat protein 7-like,20210420,-
130825,121158008,LOC121158008,-,-,-,Un,-,transcription factor E2F4,protein-coding,-,-,-,transcription factor E2F4,20210420,-
130825,121158009,LOC121158009,-,-,-,Un,-,heat shock factor protein 4,protein-coding,-,-,-,heat shock factor protein 4,20210420,-
130825,121158010,LOC121158010,-,-,-,Un,-,F-box/LRR-repeat protein 8-like,protein-coding,-,-,-,F-box/LRR-repeat protein 8-like,20210420,-
130825,121158011,LOC121158011,-,-,-,Un,-,UPF0183 protein C16orf70,protein-coding,-,-,-,UPF0183 protein C16orf70,20210529,-
130825,121158012,LOC121158012,-,-,-,Un,-,"UDP-GlcNAc:betaGal beta-1,3-N-acetylglucosaminyltransferase 9-like",protein-coding,-,-,-,"UDP-GlcNAc:betaGal beta-1,3-N-acetylglucosaminyltransferase 9-like",20210420,-
130825,121158013,LOC121158013,-,-,-,Un,-,uncharacterized LOC121158013,ncRNA,-,-,-,-,20210420,-
130825,121158014,LOC121158014,-,-,-,Un,-,tumor necrosis factor receptor type 1-associated DEATH domain protein-like,protein-coding,-,-,-,tumor necrosis factor receptor type 1-associated DEATH domain protein-like,20210420,-
130825,121158015,LOC121158015,-,-,-,Un,-,uncharacterized LOC121158015,ncRNA,-,-,-,-,20210420,-
130825,121158016,LOC121158016,-,-,-,Un,-,core-binding factor subunit beta,protein-coding,-,-,-,core-binding factor subunit beta,20210529,-
130825,121158017,MON2,-,-,-,Un,-,"MON2 homolog, regulator of endosome-to-Golgi trafficking",protein-coding,-,-,-,protein MON2 homolog,20210420,-
130825,121158018,LOC121158018,-,-,-,Un,-,cocaine esterase-like,protein-coding,-,-,-,cocaine esterase-like,20210420,-
130825,121158019,LOC121158019,-,-,-,Un,-,cocaine esterase-like,protein-coding,-,-,-,cocaine esterase-like,20210420,-
130825,121158020,LOC121158020,-,-,-,Un,-,cocaine esterase-like,protein-coding,-,-,-,cocaine esterase-like,20210420,-
130825,121158021,LOC121158021,-,-,-,Un,-,cocaine esterase-like,protein-coding,-,-,-,cocaine esterase-like,20210420,-
130825,121158022,LOC121158022,-,-,-,Un,-,cocaine esterase-like,pseudo,-,-,-,-,20210420,-
130825,121158023,LOC121158023,-,-,-,Un,-,cocaine esterase-like,protein-coding,-,-,-,cocaine esterase-like,20210420,-
130825,121158024,LOC121158024,-,-,-,Un,-,cocaine esterase-like,protein-coding,-,-,-,cocaine esterase-like,20210420,-
130825,121158025,PDP2,-,-,-,Un,-,pyruvate dehyrogenase phosphatase catalytic subunit 2,protein-coding,-,-,-,"pyruvate dehydrogenase [acetyl-transferring]-phosphatase 2, mitochondrial",20210420,-
130825,121158026,TERB1,-,-,-,Un,-,telomere repeat binding bouquet formation protein 1,protein-coding,-,-,-,telomere repeats-binding bouquet formation protein 1,20210420,-
130825,121158027,NAE1,-,-,-,Un,-,NEDD8 activating enzyme E1 subunit 1,protein-coding,-,-,-,NEDD8-activating enzyme E1 regulatory subunit,20210420,-
130825,121158028,DYNC1LI2,-,-,-,Un,-,dynein cytoplasmic 1 light intermediate chain 2,protein-coding,-,-,-,cytoplasmic dynein 1 light intermediate chain 2,20210420,-
130825,121158029,CMTM3,-,-,-,Un,-,CKLF like MARVEL transmembrane domain containing 3,protein-coding,-,-,-,CKLF-like MARVEL transmembrane domain-containing protein 3,20210420,-
130825,121158030,CMTM1,-,-,-,Un,-,CKLF like MARVEL transmembrane domain containing 1,protein-coding,-,-,-,CKLF-like MARVEL transmembrane domain-containing protein 1,20210420,-
130825,121158031,CMTM2,-,-,-,Un,-,CKLF like MARVEL transmembrane domain containing 2,protein-coding,-,-,-,CKLF-like MARVEL transmembrane domain-containing protein 2,20210420,-
130825,121158032,CKLF,-,-,-,Un,-,chemokine like factor,protein-coding,-,-,-,chemokine-like factor,20210420,-
130825,121158033,DOCK2,-,-,-,Un,-,dedicator of cytokinesis 2,protein-coding,-,-,-,dedicator of cytokinesis protein 2,20210420,-
130825,121158034,TK2,-,-,-,Un,-,thymidine kinase 2,protein-coding,-,-,-,"thymidine kinase 2, mitochondrial",20210420,-
130825,121158035,BEAN1,-,-,-,Un,-,brain expressed associated with NEDD4 1,protein-coding,-,-,-,protein BEAN1,20210420,-
130825,121158036,CDH5,-,-,-,Un,-,cadherin 5,protein-coding,-,-,-,cadherin-5,20210420,-
130825,121158037,LOC121158037,-,-,-,Un,-,histone H3.3A,protein-coding,-,-,-,histone H3.3A,20210424,-
130825,121158038,GOT2,-,-,-,Un,-,glutamic-oxaloacetic transaminase 2,protein-coding,-,-,-,"aspartate aminotransferase, mitochondrial",20210420,-
130825,121158039,USP15,-,-,-,Un,-,ubiquitin specific peptidase 15,protein-coding,-,-,-,ubiquitin carboxyl-terminal hydrolase 15,20210420,-
130825,121158040,SLC38A7,-,-,-,Un,-,solute carrier family 38 member 7,protein-coding,-,-,-,putative sodium-coupled neutral amino acid transporter 7,20210420,-
130825,121158041,CNOT1,-,-,-,Un,-,CCR4-NOT transcription complex subunit 1,protein-coding,-,-,-,CCR4-NOT transcription complex subunit 1,20210420,-
130825,121158042,SETD6,-,-,-,Un,-,"SET domain containing 6, protein lysine methyltransferase",protein-coding,-,-,-,N-lysine methyltransferase SETD6,20210420,-
130825,121158043,LOC121158043,-,-,-,Un,-,uncharacterized LOC121158043,ncRNA,-,-,-,-,20210420,-
130825,121158044,CSNK2A2,-,-,-,Un,-,casein kinase 2 alpha 2,protein-coding,-,-,-,casein kinase II subunit alpha',20210420,-
130825,121158045,LOC121158045,-,-,-,Un,-,uncharacterized LOC121158045,ncRNA,-,-,-,-,20210420,-
130825,121158046,CFAP20,-,-,-,Un,-,cilia and flagella associated protein 20,protein-coding,-,-,-,cilia- and flagella-associated protein 20,20210501,-
130825,121158047,ZNF319,-,-,-,Un,-,zinc finger protein 319,protein-coding,-,-,-,zinc finger protein 319,20210420,-
130825,121158048,USB1,-,-,-,Un,-,U6 snRNA biogenesis phosphodiesterase 1,protein-coding,-,-,-,U6 snRNA phosphodiesterase,20210420,-
130825,121158049,LOC121158049,-,-,-,Un,-,"testis, prostate and placenta expressed",protein-coding,-,-,-,"testis, prostate and placenta-expressed protein",20210420,-
130825,121158050,KIFC3,-,-,-,Un,-,kinesin family member C3,protein-coding,-,-,-,kinesin-like protein KIFC3,20210420,-
130825,121158051,KATNB1,-,-,-,Un,-,katanin regulatory subunit B1,protein-coding,-,-,-,katanin p80 WD40 repeat-containing subunit B1,20210420,-
130825,121158052,DRC7,-,-,-,Un,-,dynein regulatory complex subunit 7,protein-coding,-,-,-,dynein regulatory complex subunit 7,20210420,-
130825,121158053,ADGRG3,-,-,-,Un,-,adhesion G protein-coupled receptor G3,protein-coding,-,-,-,adhesion G protein-coupled receptor G3,20210420,-
130825,121158054,ADGRG1,-,-,-,Un,-,adhesion G protein-coupled receptor G1,protein-coding,-,-,-,adhesion G-protein coupled receptor G1,20210420,-
130825,121158055,CCDC102A,-,-,-,Un,-,coiled-coil domain containing 102A,protein-coding,-,-,-,coiled-coil domain-containing protein 102A,20210420,-
130825,121158056,DOK4,-,-,-,Un,-,docking protein 4,protein-coding,-,-,-,docking protein 4,20210420,-
130825,121158057,POLR2C,-,-,-,Un,-,RNA polymerase II subunit C,protein-coding,-,-,-,DNA-directed RNA polymerase II subunit RPB3,20210420,-
130825,121158058,COQ9,-,-,-,Un,-,coenzyme Q9,protein-coding,-,-,-,"ubiquinone biosynthesis protein COQ9, mitochondrial",20210420,-
130825,121158059,CIAPIN1,-,-,-,Un,-,cytokine induced apoptosis inhibitor 1,protein-coding,-,-,-,anamorsin,20210420,-
130825,121158060,LOC121158060,-,-,-,Un,-,ADP ribosylation factor like GTPase 2 binding protein,protein-coding,-,-,-,ADP-ribosylation factor-like protein 2-binding protein,20210420,-
130825,121158061,RSPRY1,-,-,-,Un,-,ring finger and SPRY domain containing 1,protein-coding,-,-,-,RING finger and SPRY domain-containing protein 1,20210420,-
130825,121158062,NLRC5,-,-,-,Un,-,NLR family CARD domain containing 5,protein-coding,-,-,-,protein NLRC5,20210420,-
130825,121158063,CPNE2,-,-,-,Un,-,copine 2,protein-coding,-,-,-,copine-2,20210420,-
130825,121158064,PSME3IP1,-,-,-,Un,-,proteasome activator subunit 3 interacting protein 1,protein-coding,-,-,-,PSME3-interacting protein,20210420,-
130825,121158065,LOC121158065,-,-,-,Un,-,cholesteryl ester transfer protein,protein-coding,-,-,-,cholesteryl ester transfer protein,20210420,-
130825,121158066,HERPUD1,-,-,-,Un,-,homocysteine inducible ER protein with ubiquitin like domain 1,protein-coding,-,-,-,homocysteine-responsive endoplasmic reticulum-resident ubiquitin-like domain member 1 protein,20210420,-
130825,121158067,NUP93,-,-,-,Un,-,nucleoporin 93,protein-coding,-,-,-,nuclear pore complex protein Nup93,20210420,-
130825,121158068,LOC121158068,-,-,-,Un,-,40S ribosomal protein S29-like,pseudo,-,-,-,-,20210420,-
130825,121158069,LOC121158069,-,-,-,Un,-,metallothionein-2-like,protein-coding,-,-,-,metallothionein-2-like,20210420,-
130825,121158070,LOC121158070,-,-,-,Un,-,metallothionein-2,protein-coding,-,-,-,metallothionein-2,20210420,-
130825,121158071,BBS2,-,-,-,Un,-,Bardet-Biedl syndrome 2,protein-coding,-,-,-,Bardet-Biedl syndrome 2 protein,20210420,-
130825,121158072,OGFOD1,-,-,-,Un,-,2-oxoglutarate and iron dependent oxygenase domain containing 1,protein-coding,-,-,-,prolyl 3-hydroxylase OGFOD1,20210420,-
130825,121158073,NUDT21,-,-,-,Un,-,nudix hydrolase 21,protein-coding,-,-,-,cleavage and polyadenylation specificity factor subunit 5,20210501,-
130825,121158074,AMFR,-,-,-,Un,-,autocrine motility factor receptor,protein-coding,-,-,-,E3 ubiquitin-protein ligase AMFR,20210420,-
130825,121158075,GNAO1,-,-,-,Un,-,G protein subunit alpha o1,protein-coding,-,-,-,guanine nucleotide-binding protein G(o) subunit alpha,20210522,-
130825,121158076,SLC6A2,-,-,-,Un,-,solute carrier family 6 member 2,protein-coding,-,-,-,sodium-dependent noradrenaline transporter,20210420,-
130825,121158077,LOC121158077,-,-,-,Un,-,60S ribosomal protein L36-like,pseudo,-,-,-,-,20210420,-
130825,121158078,MMP2,-,-,-,Un,-,matrix metallopeptidase 2,protein-coding,-,-,-,72 kDa type IV collagenase,20210420,-
130825,121158079,LPCAT2,-,-,-,Un,-,lysophosphatidylcholine acyltransferase 2,protein-coding,-,-,-,lysophosphatidylcholine acyltransferase 2,20210420,-
130825,121158080,CAPNS2,-,-,-,Un,-,calpain small subunit 2,protein-coding,-,-,-,calpain small subunit 2,20210420,-
130825,121158081,LOC121158081,-,-,-,Un,-,uncharacterized LOC121158081,ncRNA,-,-,-,-,20210420,-
130825,121158082,FTO,-,-,-,Un,-,FTO alpha-ketoglutarate dependent dioxygenase,protein-coding,-,-,-,alpha-ketoglutarate-dependent dioxygenase FTO,20210420,-
130825,121158083,RPGRIP1L,-,-,-,Un,-,RPGRIP1 like,protein-coding,-,-,-,protein fantom,20210420,-
130825,121158084,RBL2,-,-,-,Un,-,RB transcriptional corepressor like 2,protein-coding,-,-,-,retinoblastoma-like protein 2,20210420,-
130825,121158085,TAFA2,-,-,-,Un,-,TAFA chemokine like family member 2,protein-coding,-,-,-,chemokine-like protein TAFA-2,20210501,-
130825,121158086,LOC121158086,-,-,-,Un,-,AKT interacting protein,protein-coding,-,-,-,AKT-interacting protein,20210420,-
130825,121158087,LOC121158087,-,-,-,Un,-,uncharacterized LOC121158087,ncRNA,-,-,-,-,20210420,-
130825,121158088,CHD9,-,-,-,Un,-,chromodomain helicase DNA binding protein 9,protein-coding,-,-,-,chromodomain-helicase-DNA-binding protein 9,20210420,-
130825,121158089,LOC121158089,-,-,-,Un,-,transcription factor BTF3-like,pseudo,-,-,-,-,20210420,-
130825,121158090,LOC121158090,-,-,-,Un,-,60S ribosomal protein L17-like,pseudo,-,-,-,-,20210420,-
130825,121158091,CYLD,-,-,-,Un,-,CYLD lysine 63 deubiquitinase,protein-coding,-,-,-,ubiquitin carboxyl-terminal hydrolase CYLD,20210420,-
130825,121158092,SPDL1,-,-,-,Un,-,spindle apparatus coiled-coil protein 1,protein-coding,-,-,-,protein Spindly,20210420,-
130825,121158093,LOC121158093,-,-,-,Un,-,uncharacterized LOC121158093,ncRNA,-,-,-,-,20210420,-
130825,121158094,NOD2,-,-,-,Un,-,nucleotide binding oligomerization domain containing 2,protein-coding,-,-,-,nucleotide-binding oligomerization domain-containing protein 2,20210420,-
130825,121158095,SNX20,-,-,-,Un,-,sorting nexin 20,protein-coding,-,-,-,sorting nexin-20,20210420,-
130825,121158096,NKD1,-,-,-,Un,-,NKD inhibitor of WNT signaling pathway 1,protein-coding,-,-,-,protein naked cuticle homolog 1,20210420,-
130825,121158097,SLC16A7,-,-,-,Un,-,solute carrier family 16 member 7,protein-coding,-,-,-,monocarboxylate transporter 2,20210420,-
130825,121158098,BRD7,-,-,-,Un,-,bromodomain containing 7,protein-coding,-,-,-,bromodomain-containing protein 7,20210420,-
130825,121158099,ADCY7,-,-,-,Un,-,adenylate cyclase 7,protein-coding,-,-,-,adenylate cyclase type 7,20210420,-
130825,121158100,TENT4B,-,-,-,Un,-,terminal nucleotidyltransferase 4B,protein-coding,-,-,-,terminal nucleotidyltransferase 4B,20210420,-
130825,121158101,HEATR3,-,-,-,Un,-,HEAT repeat containing 3,protein-coding,-,-,-,HEAT repeat-containing protein 3,20210420,-
130825,121158102,CNEP1R1,-,-,-,Un,-,CTD nuclear envelope phosphatase 1 regulatory subunit 1,protein-coding,-,-,-,nuclear envelope phosphatase-regulatory subunit 1,20210522,-
130825,121158103,N4BP1,-,-,-,Un,-,NEDD4 binding protein 1,protein-coding,-,-,-,NEDD4-binding protein 1,20210420,-
130825,121158104,LONP2,-,-,-,Un,-,"lon peptidase 2, peroxisomal",protein-coding,-,-,-,"lon protease homolog 2, peroxisomal",20210420,-
130825,121158105,SIAH1,-,-,-,Un,-,siah E3 ubiquitin protein ligase 1,protein-coding,-,-,-,E3 ubiquitin-protein ligase SIAH1,20210501,-
130825,121158106,LOC121158106,-,-,-,Un,-,60S ribosomal protein L27a-like,protein-coding,-,-,-,60S ribosomal protein L27a-like,20210420,-
130825,121158107,PHKB,-,-,-,Un,-,phosphorylase kinase regulatory subunit beta,protein-coding,-,-,-,phosphorylase b kinase regulatory subunit beta,20210420,-
130825,121158108,ITFG1,-,-,-,Un,-,integrin alpha FG-GAP repeat containing 1,protein-coding,-,-,-,T-cell immunomodulatory protein,20210420,-
130825,121158109,DNAJA2,-,-,-,Un,-,DnaJ heat shock protein family (Hsp40) member A2,protein-coding,-,-,-,dnaJ homolog subfamily A member 2,20210420,-
130825,121158110,GPT2,-,-,-,Un,-,glutamic--pyruvic transaminase 2,protein-coding,-,-,-,alanine aminotransferase 2,20210420,-
130825,121158111,CUNH16orf87,-,-,-,Un,-,chromosome unknown C16orf87 homolog,protein-coding,-,-,-,UPF0547 protein C16orf87 homolog,20210420,-
130825,121158112,ATP23,-,-,-,Un,-,ATP23 metallopeptidase and ATP synthase assembly factor homolog,protein-coding,-,-,-,mitochondrial inner membrane protease ATP23 homolog,20210420,-
130825,121158113,MYLK3,-,-,-,Un,-,myosin light chain kinase 3,protein-coding,-,-,-,myosin light chain kinase 3,20210420,-
130825,121158114,VPS35,-,-,-,Un,-,VPS35 retromer complex component,protein-coding,-,-,-,vacuolar protein sorting-associated protein 35,20210420,-
130825,121158115,SHCBP1,-,-,-,Un,-,SHC binding and spindle associated 1,protein-coding,-,-,-,SHC SH2 domain-binding protein 1,20210420,-
130825,121158116,LOC121158116,-,-,-,Un,-,U1 spliceosomal RNA,snRNA,-,-,-,-,20210420,-
130825,121158117,LOC121158117,-,-,-,Un,-,U2 spliceosomal RNA,pseudo,-,-,-,-,20210420,-
130825,121158118,LOC121158118,-,-,-,Un,-,U2 spliceosomal RNA,pseudo,-,-,-,-,20210420,-
130825,121158119,LOC121158119,-,-,-,Un,-,small nucleolar RNA U3,snoRNA,-,-,-,-,20210420,-
130825,121158120,LOC121158120,-,-,-,Un,-,small nucleolar RNA U3,pseudo,-,-,-,-,20210420,-
130825,121158121,LOC121158121,-,-,-,Un,-,U4 spliceosomal RNA,pseudo,-,-,-,-,20210420,-
130825,121158122,LOC121158122,-,-,-,Un,-,U6 spliceosomal RNA,snRNA,-,-,-,-,20210420,-
130825,121158123,LOC121158123,-,-,-,Un,-,U6 spliceosomal RNA,snRNA,-,-,-,-,20210420,-
130825,121158124,LOC121158124,-,-,-,Un,-,U6 spliceosomal RNA,pseudo,-,-,-,-,20210420,-
130825,121158125,LOC121158125,-,-,-,Un,-,U6 spliceosomal RNA,snRNA,-,-,-,-,20210420,-
130825,121158126,CTDSP2,-,-,-,Un,-,CTD small phosphatase 2,protein-coding,-,-,-,carboxy-terminal domain RNA polymerase II polypeptide A small phosphatase 2,20210420,-
130825,121158127,LOC121158127,-,-,-,Un,-,U6 spliceosomal RNA,snRNA,-,-,-,-,20210420,-
130825,121158128,LOC121158128,-,-,-,Un,-,U6 spliceosomal RNA,snRNA,-,-,-,-,20210420,-
130825,121158129,LOC121158129,-,-,-,Un,-,U6 spliceosomal RNA,snRNA,-,-,-,-,20210420,-
130825,121158130,LOC121158130,-,-,-,Un,-,U6 spliceosomal RNA,snRNA,-,-,-,-,20210420,-
130825,121158131,LOC121158131,-,-,-,Un,-,U6 spliceosomal RNA,snRNA,-,-,-,-,20210420,-
130825,121158132,LOC121158132,-,-,-,Un,-,U6 spliceosomal RNA,pseudo,-,-,-,-,20210420,-
130825,121158133,LOC121158133,-,-,-,Un,-,U6 spliceosomal RNA,snRNA,-,-,-,-,20210420,-
130825,121158134,LOC121158134,-,-,-,Un,-,U6 spliceosomal RNA,pseudo,-,-,-,-,20210420,-
130825,121158135,LOC121158135,-,-,-,Un,-,U6 spliceosomal RNA,snRNA,-,-,-,-,20210420,-
130825,121158136,LOC121158136,-,-,-,Un,-,U6 spliceosomal RNA,pseudo,-,-,-,-,20210420,-
130825,121158137,LOC121158137,-,-,-,Un,-,U6 spliceosomal RNA,pseudo,-,-,-,-,20210420,-
130825,121158138,LOC121158138,-,-,-,Un,-,small nucleolar RNA SNORA16B/SNORA16A family,snoRNA,-,-,-,-,20210420,-
130825,121158139,LOC121158139,-,-,-,Un,-,small nucleolar RNA MBII-202,snoRNA,-,-,-,-,20210420,-
130825,121158140,LOC121158140,-,-,-,Un,-,small nucleolar RNA SNORA13,snoRNA,-,-,-,-,20210420,-
130825,121158141,LOC121158141,-,-,-,Un,-,small nucleolar RNA SNORA46,snoRNA,-,-,-,-,20210420,-
130825,121158142,LOC121158142,-,-,-,Un,-,small nucleolar RNA SNORA50,snoRNA,-,-,-,-,20210420,-
130825,121158143,LOC121158143,-,-,-,Un,-,small nucleolar RNA SNORA1,snoRNA,-,-,-,-,20210420,-
130825,121158144,LOC121158144,-,-,-,Un,-,small nucleolar RNA SNORD71,snoRNA,-,-,-,-,20210420,-
130825,121158145,LOC121158145,-,-,-,Un,-,small nucleolar RNA SNORD111,snoRNA,-,-,-,-,20210420,-
130825,121158146,LOC121158146,-,-,-,Un,-,small nucleolar RNA SNORD111,snoRNA,-,-,-,-,20210420,-
130825,121158147,TRNAM-CAU,-,-,-,Un,-,transfer RNA methionine (anticodon CAU),tRNA,-,-,-,-,20210420,-
130825,121158148,TRNAL-CAG,-,-,-,Un,-,transfer RNA leucine (anticodon CAG),tRNA,-,-,-,-,20210420,-
130825,121158149,TRNAG-GCC,-,-,-,Un,-,transfer RNA glycine (anticodon GCC),tRNA,-,-,-,-,20210420,-
130825,121158150,TRNAL-CAG,-,-,-,Un,-,transfer RNA leucine (anticodon CAG),tRNA,-,-,-,-,20210420,-
130825,121158151,TRNAG-GCC,-,-,-,Un,-,transfer RNA glycine (anticodon GCC),tRNA,-,-,-,-,20210420,-
130825,121158152,AVIL,-,-,-,Un,-,advillin,protein-coding,-,-,-,advillin,20210420,-
130825,121158153,TRNAG-GCC,-,-,-,Un,-,transfer RNA glycine (anticodon GCC),tRNA,-,-,-,-,20210420,-
130825,121158154,DPRX,-,-,-,Un,-,divergent-paired related homeobox,protein-coding,-,-,-,LOW QUALITY PROTEIN: divergent paired-related homeobox,20210420,-
130825,121158155,LOC121158155,-,-,-,Un,-,putative coiled-coil domain-containing protein 195,protein-coding,-,-,-,putative coiled-coil domain-containing protein 195,20210420,-
130825,121158156,LOC121158156,-,-,-,Un,-,tubulin alpha-1B chain-like,pseudo,-,-,-,-,20210420,-
130825,121158157,COL4A4,-,-,-,Un,-,collagen type IV alpha 4 chain,protein-coding,-,-,-,collagen alpha-4(IV) chain,20210420,-
130825,121158158,COL4A3,-,-,-,Un,-,collagen type IV alpha 3 chain,protein-coding,-,-,-,collagen alpha-3(IV) chain,20210420,-
130825,121158159,LOC121158159,-,-,-,Un,-,"SPHK1 interactor, AKAP domain containing",protein-coding,-,-,-,A-kinase anchor protein SPHKAP,20210420,-
130825,121158160,FBXO36,-,-,-,Un,-,F-box protein 36,protein-coding,-,-,-,F-box only protein 36,20210420,-
130825,121158161,PAX3,-,-,-,Un,-,paired box 3,protein-coding,-,-,-,paired box protein Pax-3,20210420,-
130825,121158162,TSFM,-,-,-,Un,-,"Ts translation elongation factor, mitochondrial",protein-coding,-,-,-,"elongation factor Ts, mitochondrial",20210420,-
130825,121158163,SGPP2,-,-,-,Un,-,sphingosine-1-phosphate phosphatase 2,protein-coding,-,-,-,sphingosine-1-phosphate phosphatase 2,20210420,-
130825,121158164,KCNE4,-,-,-,Un,-,potassium voltage-gated channel subfamily E regulatory subunit 4,protein-coding,-,-,-,potassium voltage-gated channel subfamily E member 4,20210420,-
130825,121158165,SCG2,-,-,-,Un,-,secretogranin II,protein-coding,-,-,-,secretogranin-2,20210420,-
130825,121158166,FAM124B,-,-,-,Un,-,family with sequence similarity 124 member B,protein-coding,-,-,-,protein FAM124B,20210420,-
130825,121158167,NYAP2,-,-,-,Un,-,neuronal tyrosine-phosphorylated phosphoinositide-3-kinase adaptor 2,protein-coding,-,-,-,neuronal tyrosine-phosphorylated phosphoinositide-3-kinase adapter 2,20210420,-
130825,121158168,LOC121158168,-,-,-,Un,-,uncharacterized LOC121158168,ncRNA,-,-,-,-,20210420,-
130825,121158169,SLC19A3,-,-,-,Un,-,solute carrier family 19 member 3,protein-coding,-,-,-,thiamine transporter 2,20210420,-
130825,121158170,DAW1,-,-,-,Un,-,dynein assembly factor with WD repeats 1,protein-coding,-,-,-,dynein assembly factor with WDR repeat domains 1,20210420,-
130825,121158171,METTL1,-,-,-,Un,-,"methyltransferase 1, tRNA methylguanosine",protein-coding,-,-,-,tRNA (guanine-N(7)-)-methyltransferase|methyltransferase like 1,20210519,-
130825,121158172,LOC121158172,-,-,-,Un,-,nucleoside diphosphate kinase B-like,pseudo,-,-,-,-,20210420,-
130825,121158173,DNER,-,-,-,Un,-,delta/notch like EGF repeat containing,protein-coding,-,-,-,delta and Notch-like epidermal growth factor-related receptor,20210420,-
130825,121158174,SLC16A14,-,-,-,Un,-,solute carrier family 16 member 14,protein-coding,-,-,-,monocarboxylate transporter 14,20210420,-
130825,121158175,LOC121158175,-,-,-,Un,-,uncharacterized LOC121158175,protein-coding,-,-,-,uncharacterized protein LOC121158175,20210420,-
130825,121158176,LOC121158176,-,-,-,Un,-,RING finger protein 225-like,protein-coding,-,-,-,RING finger protein 225-like,20210420,-
130825,121158177,FARSB,-,-,-,Un,-,phenylalanyl-tRNA synthetase subunit beta,protein-coding,-,-,-,phenylalanine--tRNA ligase beta subunit,20210420,-
130825,121158178,MOGAT1,-,-,-,Un,-,monoacylglycerol O-acyltransferase 1,protein-coding,-,-,-,2-acylglycerol O-acyltransferase 1,20210420,-
130825,121158179,ACSL3,-,-,-,Un,-,acyl-CoA synthetase long chain family member 3,protein-coding,-,-,-,long-chain-fatty-acid--CoA ligase 3,20210420,-
130825,121158180,EEF1AKMT3,-,-,-,Un,-,EEF1A lysine methyltransferase 3,protein-coding,-,-,-,EEF1A lysine methyltransferase 3,20210420,-
130825,121158181,AP1S3,-,-,-,Un,-,adaptor related protein complex 1 subunit sigma 3,protein-coding,-,-,-,AP-1 complex subunit sigma-3,20210420,-
130825,121158182,WDFY1,-,-,-,Un,-,WD repeat and FYVE domain containing 1,protein-coding,-,-,-,WD repeat and FYVE domain-containing protein 1,20210420,-
130825,121158183,MRPL44,-,-,-,Un,-,mitochondrial ribosomal protein L44,protein-coding,-,-,-,"39S ribosomal protein L44, mitochondrial",20210420,-
130825,121158184,SERPINE2,-,-,-,Un,-,serpin family E member 2,protein-coding,-,-,-,glia-derived nexin,20210420,-
130825,121158185,CUL3,-,-,-,Un,-,cullin 3,protein-coding,-,-,-,cullin-3,20210605,-
130825,121158186,DOCK10,-,-,-,Un,-,dedicator of cytokinesis 10,protein-coding,-,-,-,dedicator of cytokinesis protein 10,20210420,-
130825,121158187,INSYN2B,-,-,-,Un,-,inhibitory synaptic factor family member 2B,protein-coding,-,-,-,protein INSYN2B,20210420,-
130825,121158188,IRS1,-,-,-,Un,-,insulin receptor substrate 1,protein-coding,-,-,-,insulin receptor substrate 1,20210420,-
130825,121158189,RHBDD1,-,-,-,Un,-,rhomboid domain containing 1,protein-coding,-,-,-,rhomboid-related protein 4,20210420,-
130825,121158190,MFF,-,-,-,Un,-,mitochondrial fission factor,protein-coding,-,-,-,mitochondrial fission factor,20210420,-
130825,121158191,MARCHF9,-,-,-,Un,-,membrane associated ring-CH-type finger 9,protein-coding,-,-,-,E3 ubiquitin-protein ligase MARCHF9,20210420,-
130825,121158192,TM4SF20,-,-,-,Un,-,transmembrane 4 L six family member 20,protein-coding,-,-,-,transmembrane 4 L6 family member 20,20210420,-
130825,121158193,AGFG1,-,-,-,Un,-,ArfGAP with FG repeats 1,protein-coding,-,-,-,arf-GAP domain and FG repeat-containing protein 1,20210420,-
130825,121158194,CDK4,-,-,-,Un,-,cyclin dependent kinase 4,protein-coding,-,-,-,cyclin-dependent kinase 4,20210420,-
130825,121158195,PID1,-,-,-,Un,-,phosphotyrosine interaction domain containing 1,protein-coding,-,-,-,"PTB-containing, cubilin and LRP1-interacting protein",20210529,-
130825,121158196,TRIP12,-,-,-,Un,-,thyroid hormone receptor interactor 12,protein-coding,-,-,-,E3 ubiquitin-protein ligase TRIP12,20210420,-
130825,121158197,LOC121158197,-,-,-,Un,-,pyruvate kinase PKM-like,pseudo,-,-,-,-,20210420,-
130825,121158198,LOC121158198,-,-,-,Un,-,uncharacterized LOC121158198,ncRNA,-,-,-,-,20210420,-
130825,121158199,LOC121158199,-,-,-,Un,-,sp110 nuclear body protein-like,protein-coding,-,-,-,sp110 nuclear body protein-like,20210420,-
130825,121158200,LOC121158200,-,-,-,Un,-,nuclear body protein SP140-like protein,protein-coding,-,-,-,nuclear body protein SP140-like protein,20210420,-
130825,121158201,LOC121158201,-,-,-,Un,-,sp110 nuclear body protein-like,protein-coding,-,-,-,sp110 nuclear body protein-like,20210420,-
130825,121158202,TSPAN31,-,-,-,Un,-,tetraspanin 31,protein-coding,-,-,-,tetraspanin-31,20210420,-
130825,121158203,LOC121158203,-,-,-,Un,-,U1 spliceosomal RNA,snRNA,-,-,-,-,20210420,-
130825,121158204,LOC121158204,-,-,-,Un,-,U6 spliceosomal RNA,snRNA,-,-,-,-,20210420,-
130825,121158205,LOC121158205,-,-,-,Un,-,U2 spliceosomal RNA,pseudo,-,-,-,-,20210420,-
130825,121158206,LOC121158206,-,-,-,Un,-,U4 spliceosomal RNA,pseudo,-,-,-,-,20210420,-
130825,121158207,LOC121158207,-,-,-,Un,-,U6 spliceosomal RNA,pseudo,-,-,-,-,20210420,-
130825,121158208,LOC121158208,-,-,-,Un,-,U6 spliceosomal RNA,snRNA,-,-,-,-,20210420,-
130825,121158209,LOC121158209,-,-,-,Un,-,nuclear body protein SP140-like protein,protein-coding,-,-,-,nuclear body protein SP140-like protein,20210420,-
130825,121158210,LOC121158210,-,-,-,Un,-,component of Sp100-rs-like,protein-coding,-,-,-,component of Sp100-rs-like,20210420,-
130825,121158211,LOC121158211,-,-,-,Un,-,sp110 nuclear body protein-like,protein-coding,-,-,-,sp110 nuclear body protein-like,20210420,-
130825,121158212,LOC121158212,-,-,-,Un,-,uncharacterized LOC121158212,ncRNA,-,-,-,-,20210420,-
130825,121158213,LOC121158213,-,-,-,Un,-,sp110 nuclear body protein-like,protein-coding,-,-,-,sp110 nuclear body protein-like,20210420,-
130825,121158214,LOC121158214,-,-,-,Un,-,geranylgeranyl transferase type-2 subunit beta-like,pseudo,-,-,-,-,20210420,-
130825,121158215,LOC121158215,-,-,-,Un,-,nuclear body protein SP140-like protein,protein-coding,-,-,-,nuclear body protein SP140-like protein,20210420,-
130825,121158216,LOC121158216,-,-,-,Un,-,sp110 nuclear body protein-like,pseudo,-,-,-,-,20210420,-
130825,121158217,LOC121158217,-,-,-,Un,-,guanine nucleotide exchange factor subunit RIC1-like,protein-coding,-,-,-,LOW QUALITY PROTEIN: guanine nucleotide exchange factor subunit RIC1-like,20210420,-
130825,121158218,LOC121158218,-,-,-,Un,-,kinesin-like protein KIF20B,protein-coding,-,-,-,kinesin-like protein KIF20B,20210420,-
130825,121158219,LOC121158219,-,-,-,Un,-,endoplasmic reticulum metallopeptidase 1-like,protein-coding,-,-,-,endoplasmic reticulum metallopeptidase 1-like,20210420,-
130825,121158220,LOC121158220,-,-,-,Un,-,kinesin-like protein KIF20B,protein-coding,-,-,-,kinesin-like protein KIF20B,20210420,-
130825,121158221,AGAP2,-,-,-,Un,-,"ArfGAP with GTPase domain, ankyrin repeat and PH domain 2",protein-coding,-,-,-,"arf-GAP with GTPase, ANK repeat and PH domain-containing protein 2",20210420,-
130825,121158222,LOC121158222,-,-,-,Un,-,kinesin-like protein KIF20B,protein-coding,-,-,-,kinesin-like protein KIF20B,20210420,-
130825,121158223,LOC121158223,-,-,-,Un,-,uncharacterized LOC121158223,protein-coding,-,-,-,LOW QUALITY PROTEIN: uncharacterized protein LOC121158223,20210420,-
130825,121158224,LOC121158224,-,-,-,Un,-,kinesin-like protein KIF20B,protein-coding,-,-,-,LOW QUALITY PROTEIN: kinesin-like protein KIF20B,20210420,-
130825,121158225,LOC121158225,-,-,-,Un,-,uncharacterized LOC121158225,ncRNA,-,-,-,-,20210420,-
130825,121158226,LOC121158226,-,-,-,Un,-,uncharacterized LOC121158226,ncRNA,-,-,-,-,20210420,-
130825,121158227,LOC121158227,-,-,-,Un,-,"ferrochelatase, mitochondrial-like",pseudo,-,-,-,-,20210420,-
130825,121158228,LOC121158228,-,-,-,Un,-,uncharacterized LOC121158228,ncRNA,-,-,-,-,20210420,-
130825,121158229,BTNL2,-,-,-,Un,-,butyrophilin like 2,protein-coding,-,-,-,butyrophilin-like protein 2,20210420,-
130825,121158230,LOC121158230,-,-,-,Un,-,butyrophilin-like protein 2,protein-coding,-,-,-,butyrophilin-like protein 2,20210420,-
130825,121158231,LOC121158231,-,-,-,Un,-,ER lumen protein-retaining receptor 2-like,pseudo,-,-,-,-,20210420,-
130825,121158232,LOC121158232,-,-,-,Un,-,"HLA class II histocompatibility antigen, DR beta 3 chain-like",protein-coding,-,-,-,"HLA class II histocompatibility antigen, DR beta 3 chain-like",20210420,-
130825,121158233,LOC121158233,-,-,-,Un,-,butyrophilin-like protein 1,protein-coding,-,-,-,LOW QUALITY PROTEIN: butyrophilin-like protein 1,20210420,-
130825,121158234,LOC121158234,-,-,-,Un,-,butyrophilin-like protein 2,protein-coding,-,-,-,butyrophilin-like protein 2,20210420,-
130825,121158235,LOC121158235,-,-,-,Un,-,butyrophilin subfamily 1 member A1-like,protein-coding,-,-,-,butyrophilin subfamily 1 member A1-like,20210420,-
130825,121158236,LOC121158236,-,-,-,Un,-,butyrophilin-like protein 1,protein-coding,-,-,-,butyrophilin-like protein 1,20210420,-
130825,121158237,LOC121158237,-,-,-,Un,-,butyrophilin subfamily 1 member A1-like,protein-coding,-,-,-,butyrophilin subfamily 1 member A1-like,20210420,-
130825,121158238,LOC121158238,-,-,-,Un,-,"H-2 class II histocompatibility antigen, E-S beta chain-like",protein-coding,-,-,-,"H-2 class II histocompatibility antigen, E-S beta chain-like|HLA class II histocompatibility antigen, DR beta 3 chain-like",20210420,-
130825,121158239,LOC121158239,-,-,-,Un,-,"HLA class II histocompatibility antigen, DRB1 beta chain-like",protein-coding,-,-,-,"HLA class II histocompatibility antigen, DRB1 beta chain-like",20210420,-
130825,121158240,LOC121158240,-,-,-,Un,-,"HLA class II histocompatibility antigen, DRB1 beta chain-like",protein-coding,-,-,-,"HLA class II histocompatibility antigen, DRB1 beta chain-like",20210420,-
130825,121158241,LOC121158241,-,-,-,Un,-,"mamu class II histocompatibility antigen, DR alpha chain",protein-coding,-,-,-,"mamu class II histocompatibility antigen, DR alpha chain",20210420,-
130825,121158242,LOC121158242,-,-,-,Un,-,cocaine esterase-like,protein-coding,-,-,-,cocaine esterase-like,20210420,-
130825,121158243,LOC121158243,-,-,-,Un,-,rho GTPase-activating protein 20-like,protein-coding,-,-,-,rho GTPase-activating protein 20-like,20210420,-
130825,121158244,LOC121158244,-,-,-,Un,-,ras-associating and dilute domain-containing protein-like,protein-coding,-,-,-,ras-associating and dilute domain-containing protein-like,20210420,-
130825,121158245,OS9,-,-,-,Un,-,OS9 endoplasmic reticulum lectin,protein-coding,-,-,-,protein OS-9,20210420,-
130825,121158246,LOC121158246,-,-,-,Un,-,ras-associating and dilute domain-containing protein-like,protein-coding,-,-,-,ras-associating and dilute domain-containing protein-like,20210420,-
130825,121158247,LOC121158247,-,-,-,Un,-,zinc finger protein OZF-like,protein-coding,-,-,-,zinc finger protein OZF-like,20210420,-
130825,121158248,LOC121158248,-,-,-,Un,-,intelectin-1a-like,protein-coding,-,-,-,intelectin-1a-like,20210420,-
130825,121158249,LOC121158249,-,-,-,Un,-,uncharacterized LOC121158249,ncRNA,-,-,-,-,20210420,-
130825,121158250,LOC121158250,-,-,-,Un,-,F-box/WD repeat-containing protein 12-like,protein-coding,-,-,-,F-box/WD repeat-containing protein 12-like,20210420,-
130825,121158251,LOC121158251,-,-,-,Un,-,F-box/WD repeat-containing protein 12-like,protein-coding,-,-,-,F-box/WD repeat-containing protein 12-like,20210420,-
130825,121158252,LOC121158252,-,-,-,Un,-,uncharacterized LOC121158252,ncRNA,-,-,-,-,20210420,-
130825,121158253,LOC121158253,-,-,-,Un,-,putative olfactory receptor 52P1,protein-coding,-,-,-,putative olfactory receptor 52P1,20210420,-
130825,121158254,LOC121158254,-,-,-,Un,-,putative olfactory receptor 52P1,protein-coding,-,-,-,putative olfactory receptor 52P1,20210420,-
130825,121158255,LOC121158255,-,-,-,Un,-,non-histone chromosomal protein HMG-14-like,pseudo,-,-,-,-,20210420,-
130825,121158256,COL11A2,-,-,-,Un,-,collagen type XI alpha 2 chain,protein-coding,-,-,-,collagen alpha-2(XI) chain,20210420,-
130825,121158257,HSD17B8,-,-,-,Un,-,hydroxysteroid 17-beta dehydrogenase 8,protein-coding,-,-,-,estradiol 17-beta-dehydrogenase 8,20210420,-
130825,121158258,LOC121158258,-,-,-,Un,-,uncharacterized LOC121158258,ncRNA,-,-,-,-,20210420,-
130825,121158259,SMIM40,-,-,-,Un,-,small integral membrane protein 40,protein-coding,-,-,-,small integral membrane protein 40,20210420,-
130825,121158260,SYNGAP1,-,-,-,Un,-,synaptic Ras GTPase activating protein 1,protein-coding,-,-,-,ras/Rap GTPase-activating protein SynGAP,20210420,-
130825,121158261,GRM4,-,-,-,Un,-,glutamate metabotropic receptor 4,protein-coding,-,-,-,metabotropic glutamate receptor 4,20210529,-
130825,121158262,PACSIN1,-,-,-,Un,-,protein kinase C and casein kinase substrate in neurons 1,protein-coding,-,-,-,protein kinase C and casein kinase substrate in neurons protein 1,20210420,-
130825,121158263,SPDEF,-,-,-,Un,-,SAM pointed domain containing ETS transcription factor,protein-coding,-,-,-,SAM pointed domain-containing Ets transcription factor,20210420,-
130825,121158264,TCP11,-,-,-,Un,-,t-complex 11,protein-coding,-,-,-,T-complex protein 11 homolog,20210420,-
130825,121158265,SCUBE3,-,-,-,Un,-,"signal peptide, CUB domain and EGF like domain containing 3",protein-coding,-,-,-,"signal peptide, CUB and EGF-like domain-containing protein 3",20210420,-
130825,121158266,ARMC12,-,-,-,Un,-,armadillo repeat containing 12,protein-coding,-,-,-,armadillo repeat-containing protein 12,20210420,-
130825,121158267,CLPS,-,-,-,Un,-,colipase,protein-coding,-,-,-,colipase,20210420,-
130825,121158268,LHFPL5,-,-,-,Un,-,LHFPL tetraspan subfamily member 5,protein-coding,-,-,-,LHFPL tetraspan subfamily member 5 protein,20210420,-
130825,121158269,LOC121158269,-,-,-,Un,-,small integral membrane protein 11A-like,protein-coding,-,-,-,small integral membrane protein 11A-like,20210420,-
130825,121158270,LOC121158270,-,-,-,Un,-,uncharacterized LOC121158270,ncRNA,-,-,-,-,20210420,-
130825,121158271,MDGA1,-,-,-,Un,-,MAM domain containing glycosylphosphatidylinositol anchor 1,protein-coding,-,-,-,MAM domain-containing glycosylphosphatidylinositol anchor protein 1,20210420,-
130825,121158272,DNAH8,-,-,-,Un,-,dynein axonemal heavy chain 8,protein-coding,-,-,-,"dynein heavy chain 8, axonemal",20210420,-
130825,121158273,SAYSD1,-,-,-,Un,-,SAYSVFN motif domain containing 1,protein-coding,-,-,-,SAYSvFN domain-containing protein 1,20210420,-
130825,121158274,LOC121158274,-,-,-,Un,-,uncharacterized LOC121158274,ncRNA,-,-,-,-,20210420,-
130825,121158275,KCNK16,-,-,-,Un,-,potassium two pore domain channel subfamily K member 16,protein-coding,-,-,-,potassium channel subfamily K member 16,20210420,-
130825,121158276,LRFN2,-,-,-,Un,-,leucine rich repeat and fibronectin type III domain containing 2,protein-coding,-,-,-,leucine-rich repeat and fibronectin type-III domain-containing protein 2,20210420,-
130825,121158277,MDFI,-,-,-,Un,-,MyoD family inhibitor,protein-coding,-,-,-,myoD family inhibitor,20210420,-
130825,121158278,PGC,-,-,-,Un,-,progastricsin,protein-coding,-,-,-,gastricsin,20210420,-
130825,121158279,FRS3,-,-,-,Un,-,fibroblast growth factor receptor substrate 3,protein-coding,-,-,-,fibroblast growth factor receptor substrate 3,20210420,-
130825,121158280,LOC121158280,-,-,-,Un,-,guanylyl cyclase-activating protein 1,protein-coding,-,-,-,guanylyl cyclase-activating protein 1,20210420,-
130825,121158281,GUCA1B,-,-,-,Un,-,guanylate cyclase activator 1B,protein-coding,-,-,-,guanylyl cyclase-activating protein 2,20210420,-
130825,121158282,PRPH2,-,-,-,Un,-,peripherin 2,protein-coding,-,-,-,peripherin-2,20210420,-
130825,121158283,TBCC,-,-,-,Un,-,tubulin folding cofactor C,protein-coding,-,-,-,tubulin-specific chaperone C,20210420,-
130825,121158284,MRPL2,-,-,-,Un,-,mitochondrial ribosomal protein L2,protein-coding,-,-,-,"39S ribosomal protein L2, mitochondrial",20210420,-
130825,121158285,TTBK1,-,-,-,Un,-,tau tubulin kinase 1,protein-coding,-,-,-,tau-tubulin kinase 1,20210420,-
130825,121158286,SLC22A7,-,-,-,Un,-,solute carrier family 22 member 7,protein-coding,-,-,-,solute carrier family 22 member 7,20210420,-
130825,121158287,LRRC73,-,-,-,Un,-,leucine rich repeat containing 73,protein-coding,-,-,-,leucine-rich repeat-containing protein 73,20210420,-
130825,121158288,CAPN11,-,-,-,Un,-,calpain 11,protein-coding,-,-,-,calpain-11,20210420,-
130825,121158289,MYMX,-,-,-,Un,-,"myomixer, myoblast fusion factor",protein-coding,-,-,-,protein myomixer,20210420,-
130825,121158290,DTX3,-,-,-,Un,-,deltex E3 ubiquitin ligase 3,protein-coding,-,-,-,probable E3 ubiquitin-protein ligase DTX3,20210420,-
130825,121158291,TMEM151B,-,-,-,Un,-,transmembrane protein 151B,protein-coding,-,-,-,transmembrane protein 151B,20210420,-
130825,121158292,LOC121158292,-,-,-,Un,-,nuclear migration protein nudC-like,pseudo,-,-,-,-,20210420,-
130825,121158293,TDRD6,-,-,-,Un,-,tudor domain containing 6,protein-coding,-,-,-,tudor domain-containing protein 6,20210420,-
130825,121158294,ADGRF1,-,-,-,Un,-,adhesion G protein-coupled receptor F1,protein-coding,-,-,-,adhesion G-protein coupled receptor F1,20210420,-
130825,121158295,ADGRF4,-,-,-,Un,-,adhesion G protein-coupled receptor F4,protein-coding,-,-,-,adhesion G protein-coupled receptor F4,20210420,-
130825,121158296,OPN5,-,-,-,Un,-,opsin 5,protein-coding,-,-,-,opsin-5,20210420,-
130825,121158297,PTCHD4,-,-,-,Un,-,patched domain containing 4,protein-coding,-,-,-,patched domain-containing protein 4,20210420,-
130825,121158298,CENPQ,-,-,-,Un,-,centromere protein Q,protein-coding,-,-,-,centromere protein Q,20210420,-
130825,121158299,GLYATL3,-,-,-,Un,-,glycine-N-acyltransferase like 3,protein-coding,-,-,-,glycine N-acyltransferase-like protein 3,20210420,-
130825,121158300,CUNH6orf141,-,-,-,Un,-,chromosome unknown C6orf141 homolog,protein-coding,-,-,-,uncharacterized protein C6orf141 homolog,20210420,-
130825,121158301,LOC121158301,-,-,-,Un,-,cytochrome P450 2K6-like,protein-coding,-,-,-,cytochrome P450 2K6-like,20210420,-
130825,121158302,LOC121158302,-,-,-,Un,-,beta-defensin 110-like,protein-coding,-,-,-,beta-defensin 110-like,20210420,-
130825,121158303,LOC121158303,-,-,-,Un,-,cellular nucleic acid-binding protein-like,pseudo,-,-,-,-,20210420,-
130825,121158304,TFAP2D,-,-,-,Un,-,transcription factor AP-2 delta,protein-coding,-,-,-,transcription factor AP-2-delta,20210529,-
130825,121158305,TFAP2B,-,-,-,Un,-,transcription factor AP-2 beta,protein-coding,-,-,-,transcription factor AP-2-beta,20210420,-
130825,121158306,LOC121158306,-,-,-,Un,-,60S ribosomal protein L30-like,pseudo,-,-,-,-,20210420,-
130825,121158307,LOC121158307,-,-,-,Un,-,FAST kinase domain-containing protein 4-like,pseudo,-,-,-,-,20210420,-
130825,121158308,PKHD1,-,-,-,Un,-,PKHD1 ciliary IPT domain containing fibrocystin/polyductin,protein-coding,-,-,-,fibrocystin,20210420,-
130825,121158309,IL17A,-,-,-,Un,-,interleukin 17A,protein-coding,-,-,-,LOW QUALITY PROTEIN: interleukin-17A,20210420,-
130825,121158310,LOC121158310,-,-,-,Un,-,heterogeneous nuclear ribonucleoprotein A3-like,pseudo,-,-,-,-,20210420,-
130825,121158311,LOC121158311,-,-,-,Un,-,uncharacterized LOC121158311,ncRNA,-,-,-,-,20210420,-
130825,121158312,LOC121158312,-,-,-,Un,-,cAMP-regulated phosphoprotein 19-like,pseudo,-,-,-,-,20210420,-
130825,121158313,LOC121158313,-,-,-,Un,-,protein FAM32A-like,pseudo,-,-,-,-,20210420,-
130825,121158314,TMEM14A,-,-,-,Un,-,transmembrane protein 14A,protein-coding,-,-,-,transmembrane protein 14A,20210420,-
130825,121158315,LOC121158315,-,-,-,Un,-,glutathione S-transferase Yc-like,protein-coding,-,-,-,glutathione S-transferase Yc-like,20210420,-
130825,121158316,LOC121158316,-,-,-,Un,-,activated RNA polymerase II transcriptional coactivator p15-like,pseudo,-,-,-,-,20210420,-
130825,121158317,LOC121158317,-,-,-,Un,-,glutathione S-transferase A4-like,protein-coding,-,-,-,glutathione S-transferase A4-like,20210420,-
130825,121158318,PIP4K2C,-,-,-,Un,-,phosphatidylinositol-5-phosphate 4-kinase type 2 gamma,protein-coding,-,-,-,phosphatidylinositol 5-phosphate 4-kinase type-2 gamma,20210420,-
130825,121158319,LOC121158319,-,-,-,Un,-,glutathione S-transferase A4,protein-coding,-,-,-,glutathione S-transferase A4,20210420,-
130825,121158320,LOC121158320,-,-,-,Un,-,60S ribosomal protein L6-like,pseudo,-,-,-,-,20210420,-
130825,121158321,LOC121158321,-,-,-,Un,-,NADH dehydrogenase [ubiquinone] 1 beta subcomplex subunit 4-like,pseudo,-,-,-,-,20210420,-
130825,121158322,LOC121158322,-,-,-,Un,-,40S ribosomal protein S11,protein-coding,-,-,-,40S ribosomal protein S11,20210501,-
130825,121158323,KLHL31,-,-,-,Un,-,kelch like family member 31,protein-coding,-,-,-,kelch-like protein 31,20210420,-
130825,121158324,LOC121158324,-,-,-,Un,-,"HLA class II histocompatibility antigen, DP beta 1 chain-like",protein-coding,-,-,-,"HLA class II histocompatibility antigen, DP beta 1 chain-like",20210420,-
130825,121158325,LOC121158325,-,-,-,Un,-,"HLA class II histocompatibility antigen, DP alpha 1 chain",protein-coding,-,-,-,"HLA class II histocompatibility antigen, DP alpha 1 chain",20210420,-
130825,121158326,LOC121158326,-,-,-,Un,-,casein kinase I-like,protein-coding,-,-,-,casein kinase I-like,20210420,-
130825,121158327,IP6K3,-,-,-,Un,-,inositol hexakisphosphate kinase 3,protein-coding,-,-,-,inositol hexakisphosphate kinase 3,20210420,-
130825,121158328,MLN,-,-,-,Un,-,motilin,protein-coding,-,-,-,promotilin,20210420,-
130825,121158329,LOC121158329,-,-,-,Un,-,thymosin beta-4,protein-coding,-,-,-,thymosin beta-4,20210420,-
130825,121158330,HCRTR2,-,-,-,Un,-,hypocretin receptor 2,protein-coding,-,-,-,orexin receptor type 2,20210420,-
130825,121158331,LOC121158331,-,-,-,Un,-,"cytochrome c oxidase subunit 7C, mitochondrial-like",protein-coding,-,-,-,"cytochrome c oxidase subunit 7C, mitochondrial-like",20210420,-
130825,121158332,BMP5,-,-,-,Un,-,bone morphogenetic protein 5,protein-coding,-,-,-,bone morphogenetic protein 5,20210420,-
130825,121158333,COL21A1,-,-,-,Un,-,collagen type XXI alpha 1 chain,protein-coding,-,-,-,collagen alpha-1(XXI) chain,20210420,-
130825,121158334,BEND6,-,-,-,Un,-,BEN domain containing 6,protein-coding,-,-,-,BEN domain-containing protein 6,20210420,-
130825,121158335,BAG2,-,-,-,Un,-,BAG cochaperone 2,protein-coding,-,-,-,BAG family molecular chaperone regulator 2,20210420,-
130825,121158336,RAB23,-,-,-,Un,-,"RAB23, member RAS oncogene family",protein-coding,-,-,-,ras-related protein Rab-23,20210420,-
130825,121158337,KHDRBS2,-,-,-,Un,-,"KH RNA binding domain containing, signal transduction associated 2",protein-coding,-,-,-,"KH domain-containing, RNA-binding, signal transduction-associated protein 2",20210420,-
130825,121158338,LGSN,-,-,-,Un,-,"lengsin, lens protein with glutamine synthetase domain",protein-coding,-,-,-,lengsin,20210420,-
130825,121158339,LOC121158339,-,-,-,Un,-,mitochondrial import receptor subunit TOM40 homolog,pseudo,-,-,-,-,20210420,-
130825,121158340,TEAD3,-,-,-,Un,-,TEA domain transcription factor 3,protein-coding,-,-,-,transcriptional enhancer factor TEF-5,20210420,-
130825,121158341,TULP1,-,-,-,Un,-,TUB like protein 1,protein-coding,-,-,-,tubby-related protein 1,20210420,-
130825,121158342,CLPSL2,-,-,-,Un,-,colipase like 2,protein-coding,-,-,-,colipase-like protein 2,20210420,-
130825,121158343,COL9A1,-,-,-,Un,-,collagen type IX alpha 1 chain,protein-coding,-,-,-,collagen alpha-1(IX) chain,20210420,-
130825,121158344,PNPLA1,-,-,-,Un,-,patatin like phospholipase domain containing 1,protein-coding,-,-,-,omega-hydroxyceramide transacylase,20210420,-
130825,121158345,BNIP5,-,-,-,Un,-,BCL2 interacting protein 5,protein-coding,-,-,-,protein BNIP5,20210420,-
130825,121158346,PXT1,-,-,-,Un,-,peroxisomal testis enriched protein 1,protein-coding,-,-,-,peroxisomal testis-specific protein 1,20210420,-
130825,121158347,LOC121158347,-,-,-,Un,-,COP9 signalosome complex subunit 8-like,pseudo,-,-,-,-,20210420,-
130825,121158348,TMEM217,-,-,-,Un,-,transmembrane protein 217,protein-coding,-,-,-,transmembrane protein 217,20210420,-
130825,121158349,LOC121158349,-,-,-,Un,-,mitochondrial inner membrane protease subunit 2-like,protein-coding,-,-,-,mitochondrial inner membrane protease subunit 2-like,20210420,-
130825,121158350,LOC121158350,-,-,-,Un,-,gamma-aminobutyric acid receptor-associated protein-like 2,pseudo,-,-,-,-,20210420,-
130825,121158351,COL12A1,-,-,-,Un,-,collagen type XII alpha 1 chain,protein-coding,-,-,-,collagen alpha-1(XII) chain,20210420,-
130825,121158352,LOC121158352,-,-,-,Un,-,polyubiquitin,protein-coding,-,-,-,polyubiquitin,20210420,-
130825,121158353,HTR1B,-,-,-,Un,-,5-hydroxytryptamine receptor 1B,protein-coding,-,-,-,5-hydroxytryptamine receptor 1B,20210420,-
130825,121158354,LOC121158354,-,-,-,Un,-,small nuclear ribonucleoprotein G-like,pseudo,-,-,-,-,20210420,-
130825,121158355,LOC121158355,-,-,-,Un,-,uncharacterized LOC121158355,pseudo,-,-,-,-,20210420,-
130825,121158356,ELOVL4,-,-,-,Un,-,ELOVL fatty acid elongase 4,protein-coding,-,-,-,elongation of very long chain fatty acids protein 4,20210420,-
130825,121158357,LOC121158357,-,-,-,Un,-,uncharacterized LOC121158357,ncRNA,-,-,-,-,20210420,-
130825,121158358,GLP1R,-,-,-,Un,-,glucagon like peptide 1 receptor,protein-coding,-,-,-,glucagon-like peptide 1 receptor,20210420,-
130825,121158359,KIF6,-,-,-,Un,-,kinesin family member 6,protein-coding,-,-,-,kinesin-like protein KIF6,20210420,-
130825,121158360,MBD6,-,-,-,Un,-,methyl-CpG binding domain protein 6,protein-coding,-,-,-,methyl-CpG-binding domain protein 6,20210420,-
130825,121158361,TPBG,-,-,-,Un,-,trophoblast glycoprotein,protein-coding,-,-,-,trophoblast glycoprotein,20210420,-
130825,121158362,PRSS35,-,-,-,Un,-,serine protease 35,protein-coding,-,-,-,inactive serine protease 35,20210420,-
130825,121158363,LOC121158363,-,-,-,Un,-,60S ribosomal protein L23a-like,pseudo,-,-,-,-,20210420,-
130825,121158364,LOC121158364,-,-,-,Un,-,adenylate cyclase type 10-like,protein-coding,-,-,-,adenylate cyclase type 10-like,20210420,-
130825,121158365,MRAP2,-,-,-,Un,-,melanocortin 2 receptor accessory protein 2,protein-coding,-,-,-,melanocortin-2 receptor accessory protein 2,20210420,-
130825,121158366,TBX18,-,-,-,Un,-,T-box transcription factor 18,protein-coding,-,-,-,T-box transcription factor TBX18,20210420,-
130825,121158367,LOC121158367,-,-,-,Un,-,uncharacterized LOC121158367,ncRNA,-,-,-,-,20210420,-
130825,121158368,HTR1E,-,-,-,Un,-,5-hydroxytryptamine receptor 1E,protein-coding,-,-,-,5-hydroxytryptamine receptor 1E,20210420,-
130825,121158369,CGA,-,-,-,Un,-,"glycoprotein hormones, alpha polypeptide",protein-coding,-,-,-,glycoprotein hormones alpha chain,20210420,-
130825,121158370,CUNH6orf132,-,-,-,Un,-,chromosome unknown C6orf132 homolog,protein-coding,-,-,-,uncharacterized protein C6orf132 homolog,20210420,-
130825,121158371,CFAP206,-,-,-,Un,-,cilia and flagella associated protein 206,protein-coding,-,-,-,cilia- and flagella-associated protein 206,20210420,-
130825,121158372,LOC121158372,-,-,-,Un,-,nuclear transcription factor Y subunit beta-like,pseudo,-,-,-,-,20210420,-
130825,121158373,GUCA1ANB,-,-,-,Un,-,GUCA1A neighbor,protein-coding,-,-,-,putative uncharacterized protein GUCA1ANB,20210420,-
130825,121158374,SPACA1,-,-,-,Un,-,sperm acrosome associated 1,protein-coding,-,-,-,sperm acrosome membrane-associated protein 1,20210420,-
130825,121158375,CNR1,-,-,-,Un,-,cannabinoid receptor 1,protein-coding,-,-,-,cannabinoid receptor 1,20210420,-
130825,121158376,LOC121158376,-,-,-,Un,-,uncharacterized LOC121158376,ncRNA,-,-,-,-,20210420,-
130825,121158377,PTCRA,-,-,-,Un,-,pre T cell antigen receptor alpha,protein-coding,-,-,-,pre T-cell antigen receptor alpha,20210420,-
130825,121158378,DNPH1,-,-,-,Un,-,2'-deoxynucleoside 5'-phosphate N-hydrolase 1,protein-coding,-,-,-,2'-deoxynucleoside 5'-phosphate N-hydrolase 1,20210420,-
130825,121158379,PM20D2,-,-,-,Un,-,peptidase M20 domain containing 2,protein-coding,-,-,-,peptidase M20 domain-containing protein 2,20210420,-
130825,121158380,GABRR1,-,-,-,Un,-,gamma-aminobutyric acid type A receptor subunit rho1,protein-coding,-,-,-,gamma-aminobutyric acid receptor subunit rho-1,20210420,-
130825,121158381,GABRR2,-,-,-,Un,-,gamma-aminobutyric acid type A receptor subunit rho2,protein-coding,-,-,-,gamma-aminobutyric acid receptor subunit rho-2,20210420,-
130825,121158382,LOC121158382,-,-,-,Un,-,phosducin-like protein 3,pseudo,-,-,-,-,20210420,-
130825,121158383,VEGFA,-,-,-,Un,-,vascular endothelial growth factor A,protein-coding,-,-,-,vascular endothelial growth factor A,20210420,-
130825,121158384,GJA10,-,-,-,Un,-,gap junction protein alpha 10,protein-coding,-,-,-,LOW QUALITY PROTEIN: gap junction alpha-10 protein,20210420,-
130825,121158385,LOC121158385,-,-,-,Un,-,"39S ribosomal protein L42, mitochondrial-like",pseudo,-,-,-,-,20210420,-
130825,121158386,TCTE1,-,-,-,Un,-,t-complex-associated-testis-expressed 1,protein-coding,-,-,-,dynein regulatory complex subunit 5,20210420,-
130825,121158387,EPHA7,-,-,-,Un,-,EPH receptor A7,protein-coding,-,-,-,ephrin type-A receptor 7,20210420,-
130825,121158388,SPATS1,-,-,-,Un,-,spermatogenesis associated serine rich 1,protein-coding,-,-,-,spermatogenesis-associated serine-rich protein 1,20210420,-
130825,121158389,FUT9,-,-,-,Un,-,fucosyltransferase 9,protein-coding,-,-,-,4-galactosyl-N-acetylglucosaminide 3-alpha-L-fucosyltransferase 9,20210420,-
130825,121158390,FHL5,-,-,-,Un,-,four and a half LIM domains 5,protein-coding,-,-,-,four and a half LIM domains protein 5,20210420,-
130825,121158391,GPR63,-,-,-,Un,-,G protein-coupled receptor 63,protein-coding,-,-,-,probable G-protein coupled receptor 63,20210420,-
130825,121158392,LOC121158392,-,-,-,Un,-,FUN14 domain-containing protein 1-like,protein-coding,-,-,-,FUN14 domain-containing protein 1-like,20210420,-
130825,121158393,LOC121158393,-,-,-,Un,-,uncharacterized LOC121158393,ncRNA,-,-,-,-,20210420,-
130825,121158394,ANKRD66,-,-,-,Un,-,ankyrin repeat domain 66,protein-coding,-,-,-,ankyrin repeat domain-containing protein 66,20210420,-
130825,121158395,POU3F2,-,-,-,Un,-,POU class 3 homeobox 2,protein-coding,-,-,-,"POU domain, class 3, transcription factor 2",20210420,-
130825,121158396,MEP1A,-,-,-,Un,-,meprin A subunit alpha,protein-coding,-,-,-,meprin A subunit alpha,20210420,-
130825,121158397,FAXC,-,-,-,Un,-,"failed axon connections homolog, metaxin like GST domain containing",protein-coding,-,-,-,failed axon connections homolog,20210420,-
130825,121158398,LOC121158398,-,-,-,Un,-,zinc finger and BTB domain-containing protein 2-like,pseudo,-,-,-,-,20210420,-
130825,121158399,TSTD3,-,-,-,Un,-,thiosulfate sulfurtransferase like domain containing 3,protein-coding,-,-,-,thiosulfate sulfurtransferase/rhodanese-like domain-containing protein 3,20210420,-
130825,121158400,PRDM13,-,-,-,Un,-,PR/SET domain 13,protein-coding,-,-,-,PR domain zinc finger protein 13,20210420,-
130825,121158401,MCHR2,-,-,-,Un,-,melanin concentrating hormone receptor 2,protein-coding,-,-,-,melanin-concentrating hormone receptor 2,20210420,-
130825,121158402,SIM1,-,-,-,Un,-,SIM bHLH transcription factor 1,protein-coding,-,-,-,single-minded homolog 1,20210420,-
130825,121158403,DCTN2,-,-,-,Un,-,dynactin subunit 2,protein-coding,-,-,-,dynactin subunit 2,20210420,-
130825,121158404,LOC121158404,-,-,-,Un,-,40S ribosomal protein S27-like,protein-coding,-,-,-,40S ribosomal protein S27-like,20210420,-
130825,121158405,LOC121158405,-,-,-,Un,-,26S proteasome complex subunit SEM1-like,pseudo,-,-,-,-,20210420,-
130825,121158406,ADGRF2,-,-,-,Un,-,adhesion G protein-coupled receptor F2,protein-coding,-,-,-,adhesion G-protein coupled receptor F2,20210420,-
130825,121158407,LOC121158407,-,-,-,Un,-,pre-mRNA-splicing factor SLU7-like,pseudo,-,-,-,-,20210420,-
130825,121158408,LOC121158408,-,-,-,Un,-,uncharacterized LOC121158408,ncRNA,-,-,-,-,20210420,-
130825,121158409,LIN28B,-,-,-,Un,-,lin-28 homolog B,protein-coding,-,-,-,protein lin-28 homolog B,20210420,-
130825,121158410,LOC121158410,-,-,-,Un,-,60S ribosomal protein L30-like,pseudo,-,-,-,-,20210420,-
130825,121158411,BVES,-,-,-,Un,-,blood vessel epicardial substance,protein-coding,-,-,-,blood vessel epicardial substance,20210420,-
130825,121158412,POPDC3,-,-,-,Un,-,popeye domain containing 3,protein-coding,-,-,-,popeye domain-containing protein 3,20210420,-
130825,121158413,LOC121158413,-,-,-,Un,-,"cytochrome c oxidase subunit 7B, mitochondrial-like",pseudo,-,-,-,-,20210420,-
130825,121158414,LOC121158414,-,-,-,Un,-,cysteine-rich secretory protein 3-like,protein-coding,-,-,-,cysteine-rich secretory protein 3-like,20210420,-
130825,121158415,LOC121158415,-,-,-,Un,-,tudor and KH domain-containing protein-like,pseudo,-,-,-,-,20210420,-
130825,121158416,CRISP1,-,-,-,Un,-,cysteine rich secretory protein 1,protein-coding,-,-,-,cysteine-rich secretory protein 1,20210420,-
130825,121158417,DEFB114,-,-,-,Un,-,defensin beta 114,protein-coding,-,-,-,beta-defensin 114,20210420,-
130825,121158418,DEFB113,-,-,-,Un,-,defensin beta 113,protein-coding,-,-,-,beta-defensin 113,20210420,-
130825,121158419,LOC121158419,-,-,-,Un,-,beta-defensin 110-like,protein-coding,-,-,-,beta-defensin 110-like,20210420,-
130825,121158420,IL17F,-,-,-,Un,-,interleukin 17F,protein-coding,-,-,-,interleukin-17F,20210420,-
130825,121158421,NR2E1,-,-,-,Un,-,nuclear receptor subfamily 2 group E member 1,protein-coding,-,-,-,nuclear receptor subfamily 2 group E member 1,20210420,-
130825,121158422,ARMC2,-,-,-,Un,-,armadillo repeat containing 2,protein-coding,-,-,-,armadillo repeat-containing protein 2,20210420,-
130825,121158423,LOC121158423,-,-,-,Un,-,glutathione S-transferase Yc-like,protein-coding,-,-,-,glutathione S-transferase Yc-like,20210420,-
130825,121158424,LOC121158424,-,-,-,Un,-,glutathione S-transferase Yc-like,protein-coding,-,-,-,glutathione S-transferase Yc-like,20210420,-
130825,121158425,GPR6,-,-,-,Un,-,G protein-coupled receptor 6,protein-coding,-,-,-,G-protein coupled receptor 6,20210420,-
130825,121158426,MARS1,-,-,-,Un,-,methionyl-tRNA synthetase 1,protein-coding,-,-,-,"methionine--tRNA ligase, cytoplasmic",20210420,-
130825,121158427,WASF1,-,-,-,Un,-,WASP family member 1,protein-coding,-,-,-,wiskott-Aldrich syndrome protein family member 1,20210420,-
130825,121158428,LOC121158428,-,-,-,Un,-,glutathione S-transferase alpha-3-like,pseudo,-,-,-,-,20210420,-
130825,121158429,LOC121158429,-,-,-,Un,-,DNA topoisomerase 1-like,pseudo,-,-,-,-,20210420,-
130825,121158430,METTL24,-,-,-,Un,-,methyltransferase like 24,protein-coding,-,-,-,methyltransferase-like protein 24,20210420,-
130825,121158431,DDO,-,-,-,Un,-,D-aspartate oxidase,protein-coding,-,-,-,D-aspartate oxidase,20210420,-
130825,121158432,LOC121158432,-,-,-,Un,-,homeobox expressed in ES cells 1-like,pseudo,-,-,-,-,20210420,-
130825,121158433,ASMT,-,-,-,Un,-,acetylserotonin O-methyltransferase,protein-coding,-,-,-,acetylserotonin O-methyltransferase,20210420,-
130825,121158434,GCM1,-,-,-,Un,-,glial cells missing transcription factor 1,protein-coding,-,-,-,chorion-specific transcription factor GCMa,20210420,-
130825,121158435,CCN6,-,-,-,Un,-,cellular communication network factor 6,protein-coding,-,-,-,cellular communication network factor 6,20210420,-
130825,121158436,LOC121158436,-,-,-,Un,-,uncharacterized LOC121158436,ncRNA,-,-,-,-,20210420,-
130825,121158437,FAM229B,-,-,-,Un,-,family with sequence similarity 229 member B,protein-coding,-,-,-,protein FAM229B,20210529,-
130825,121158438,LAMA4,-,-,-,Un,-,laminin subunit alpha 4,protein-coding,-,-,-,laminin subunit alpha-4,20210420,-
130825,121158439,TINAG,-,-,-,Un,-,tubulointerstitial nephritis antigen,protein-coding,-,-,-,LOW QUALITY PROTEIN: tubulointerstitial nephritis antigen,20210420,-
130825,121158440,DDIT3,-,-,-,Un,-,DNA damage inducible transcript 3,protein-coding,-,-,-,DNA damage-inducible transcript 3 protein,20210420,-
130825,121158441,LOC121158441,-,-,-,Un,-,ubiquitin-conjugating enzyme E2 N-like,pseudo,-,-,-,-,20210420,-
130825,121158442,GFRAL,-,-,-,Un,-,GDNF family receptor alpha like,protein-coding,-,-,-,GDNF family receptor alpha-like,20210420,-
130825,121158443,LOC121158443,-,-,-,Un,-,ribosomal biogenesis factor-like,pseudo,-,-,-,-,20210420,-
130825,121158444,LOC121158444,-,-,-,Un,-,DNA replication complex GINS protein PSF2-like,pseudo,-,-,-,-,20210420,-
130825,121158445,LOC121158445,-,-,-,Un,-,casein kinase I-like,pseudo,-,-,-,-,20210420,-
130825,121158446,EYS,-,-,-,Un,-,eyes shut homolog,protein-coding,-,-,-,LOW QUALITY PROTEIN: protein eyes shut homolog,20210420,-
130825,121158447,LOC121158447,-,-,-,Un,-,E3 ubiquitin-protein ligase RING2-like,pseudo,-,-,-,-,20210420,-
130825,121158448,LOC121158448,-,-,-,Un,-,DNA polymerase epsilon subunit 2-like,pseudo,-,-,-,-,20210420,-
130825,121158449,COL19A1,-,-,-,Un,-,collagen type XIX alpha 1 chain,protein-coding,-,-,-,collagen alpha-1(XIX) chain,20210420,-
130825,121158450,LOC121158450,-,-,-,Un,-,60S acidic ribosomal protein P0-like,pseudo,-,-,-,-,20210420,-
130825,121158451,LOC121158451,-,-,-,Un,-,spindle and kinetochore-associated protein 2-like,pseudo,-,-,-,-,20210420,-
130825,121158452,LOC121158452,-,-,-,Un,-,KH homology domain-containing protein 1-like,pseudo,-,-,-,-,20210420,-
130825,121158453,LOC121158453,-,-,-,Un,-,KH homology domain-containing protein 1-like,protein-coding,-,-,-,KH homology domain-containing protein 1-like,20210420,-
130825,121158454,DPPA5,-,-,-,Un,-,developmental pluripotency associated 5,protein-coding,-,-,-,developmental pluripotency-associated 5 protein,20210420,-
130825,121158455,KHDC3L,-,-,-,Un,-,"KH domain containing 3 like, subcortical maternal complex member",protein-coding,-,-,-,KH domain-containing protein 3,20210420,-
130825,121158456,LOC121158456,-,-,-,Un,-,oocyte expressed protein,protein-coding,-,-,-,oocyte-expressed protein homolog,20210420,-
130825,121158457,DDX43,-,-,-,Un,-,DEAD-box helicase 43,protein-coding,-,-,-,probable ATP-dependent RNA helicase DDX43,20210420,-
130825,121158458,GLI1,-,-,-,Un,-,GLI family zinc finger 1,protein-coding,-,-,-,zinc finger protein GLI1,20210420,-
130825,121158459,LOC121158459,-,-,-,Un,-,60S ribosomal protein L17-like,pseudo,-,-,-,-,20210420,-
130825,121158460,LOC121158460,-,-,-,Un,-,small nuclear ribonucleoprotein G-like,pseudo,-,-,-,-,20210420,-
130825,121158461,LOC121158461,-,-,-,Un,-,KAT8 regulatory NSL complex subunit 2-like,pseudo,-,-,-,-,20210420,-
130825,121158462,LOC121158462,-,-,-,Un,-,60S ribosomal protein L24-like,pseudo,-,-,-,-,20210420,-
130825,121158463,IMPG1,-,-,-,Un,-,interphotoreceptor matrix proteoglycan 1,protein-coding,-,-,-,interphotoreceptor matrix proteoglycan 1,20210420,-
130825,121158464,LOC121158464,-,-,-,Un,-,ER membrane protein complex subunit 2-like,pseudo,-,-,-,-,20210420,-
130825,121158465,MEI4,-,-,-,Un,-,meiotic double-stranded break formation protein 4,protein-coding,-,-,-,meiosis-specific protein MEI4,20210420,-
130825,121158466,LOC121158466,-,-,-,Un,-,nucleoplasmin-3-like,pseudo,-,-,-,-,20210420,-
130825,121158467,LOC121158467,-,-,-,Un,-,T-complex protein 1 subunit eta-like,pseudo,-,-,-,-,20210420,-
130825,121158468,LOC121158468,-,-,-,Un,-,"coenzyme Q-binding protein COQ10 homolog B, mitochondrial-like",pseudo,-,-,-,-,20210420,-
130825,121158469,LOC121158469,-,-,-,Un,-,zinc finger CCHC-type and RNA-binding motif-containing protein 1-like,pseudo,-,-,-,-,20210420,-
130825,121158470,LOC121158470,-,-,-,Un,-,DNA (cytosine-5)-methyltransferase 1-like,pseudo,-,-,-,-,20210420,-
130825,121158471,LOC121158471,-,-,-,Un,-,uncharacterized LOC121158471,ncRNA,-,-,-,-,20210420,-
130825,121158472,LOC121158472,-,-,-,Un,-,uncharacterized LOC121158472,ncRNA,-,-,-,-,20210420,-
130825,121158473,LOC121158473,-,-,-,Un,-,"HLA class II histocompatibility antigen, DP beta 1 chain-like",protein-coding,-,-,-,"HLA class II histocompatibility antigen, DP beta 1 chain-like",20210420,-
130825,121158474,RXRB,-,-,-,Un,-,retinoid X receptor beta,protein-coding,-,-,-,retinoic acid receptor RXR-beta,20210420,-
130825,121158475,SLC39A7,-,-,-,Un,-,solute carrier family 39 member 7,protein-coding,-,-,-,zinc transporter SLC39A7,20210420,-
130825,121158476,RING1,-,-,-,Un,-,ring finger protein 1,protein-coding,-,-,-,E3 ubiquitin-protein ligase RING1,20210420,-
130825,121158477,VPS52,-,-,-,Un,-,VPS52 subunit of GARP complex,protein-coding,-,-,-,vacuolar protein sorting-associated protein 52 homolog,20210420,-
130825,121158478,RPS18,-,-,-,Un,-,ribosomal protein S18,protein-coding,-,-,-,40S ribosomal protein S18,20210522,-
130825,121158479,ARHGAP9,-,-,-,Un,-,Rho GTPase activating protein 9,protein-coding,-,-,-,rho GTPase-activating protein 9,20210420,-
130825,121158480,WDR46,-,-,-,Un,-,WD repeat domain 46,protein-coding,-,-,-,WD repeat-containing protein 46,20210420,-
130825,121158481,B3GALT4,-,-,-,Un,-,"beta-1,3-galactosyltransferase 4",protein-coding,-,-,-,"beta-1,3-galactosyltransferase 4",20210420,-
130825,121158482,RGL2,-,-,-,Un,-,ral guanine nucleotide dissociation stimulator like 2,protein-coding,-,-,-,ral guanine nucleotide dissociation stimulator-like 2,20210420,-
130825,121158483,ZBTB22,-,-,-,Un,-,zinc finger and BTB domain containing 22,protein-coding,-,-,-,zinc finger and BTB domain-containing protein 22,20210420,-
130825,121158484,LOC121158484,-,-,-,Un,-,TAP binding protein,protein-coding,-,-,-,tapasin,20210420,-
130825,121158485,PFDN6,-,-,-,Un,-,prefoldin subunit 6,protein-coding,-,-,-,prefoldin subunit 6,20210522,-
130825,121158486,DAXX,-,-,-,Un,-,death domain associated protein,protein-coding,-,-,-,death domain-associated protein 6,20210420,-
130825,121158487,KIFC1,-,-,-,Un,-,kinesin family member C1,protein-coding,-,-,-,kinesin-like protein KIFC1,20210420,-
130825,121158488,PHF1,-,-,-,Un,-,PHD finger protein 1,protein-coding,-,-,-,PHD finger protein 1,20210420,-
130825,121158489,CUTA,-,-,-,Un,-,cutA divalent cation tolerance homolog,protein-coding,-,-,-,protein CutA,20210420,-
130825,121158490,R3HDM2,-,-,-,Un,-,R3H domain containing 2,protein-coding,-,-,-,R3H domain-containing protein 2,20210420,-
130825,121158491,ZBTB9,-,-,-,Un,-,zinc finger and BTB domain containing 9,protein-coding,-,-,-,zinc finger and BTB domain-containing protein 9,20210420,-
130825,121158492,BAK1,-,-,-,Un,-,BCL2 antagonist/killer 1,protein-coding,-,-,-,bcl-2 homologous antagonist/killer,20210420,-
130825,121158493,SLIT3,-,-,-,Un,-,slit guidance ligand 3,protein-coding,-,-,-,slit homolog 3 protein,20210420,-
130825,121158494,ITPR3,-,-,-,Un,-,"inositol 1,4,5-trisphosphate receptor type 3",protein-coding,-,-,-,"inositol 1,4,5-trisphosphate receptor type 3",20210420,-
130825,121158495,LOC121158495,-,-,-,Un,-,ubiquinol-cytochrome-c reductase complex assembly factor 2,protein-coding,-,-,-,ubiquinol-cytochrome-c reductase complex assembly factor 2,20210420,-
130825,121158496,LEMD2,-,-,-,Un,-,LEM domain nuclear envelope protein 2,protein-coding,-,-,-,LEM domain-containing protein 2,20210420,-
130825,121158497,SHMT2,-,-,-,Un,-,serine hydroxymethyltransferase 2,protein-coding,-,-,-,"serine hydroxymethyltransferase, mitochondrial",20210420,-
130825,121158498,HMGA1,-,-,-,Un,-,high mobility group AT-hook 1,protein-coding,-,-,-,high mobility group protein HMG-I/HMG-Y,20210420,-
130825,121158499,SMIM29,-,-,-,Un,-,small integral membrane protein 29,protein-coding,-,-,-,small integral membrane protein 29,20210420,-
130825,121158500,LOC121158500,-,-,-,Un,-,diphosphoinositol polyphosphate phosphohydrolase 1,protein-coding,-,-,-,diphosphoinositol polyphosphate phosphohydrolase 1,20210420,-
130825,121158501,LOC121158501,-,-,-,Un,-,60S ribosomal protein L17-like,pseudo,-,-,-,-,20210420,-
130825,121158502,RPS10,-,-,-,Un,-,ribosomal protein S10,protein-coding,-,-,-,40S ribosomal protein S10,20210522,-
130825,121158503,ILRUN,-,-,-,Un,-,inflammation and lipid regulator with UBA-like and NBR1-like domains,protein-coding,-,-,-,protein ILRUN,20210420,-
130825,121158504,SNRPC,-,-,-,Un,-,small nuclear ribonucleoprotein polypeptide C,protein-coding,-,-,-,U1 small nuclear ribonucleoprotein C,20210522,-
130825,121158505,UHRF1BP1,-,-,-,Un,-,UHRF1 binding protein 1,protein-coding,-,-,-,UHRF1-binding protein 1,20210420,-
130825,121158506,TAF11,-,-,-,Un,-,TATA-box binding protein associated factor 11,protein-coding,-,-,-,transcription initiation factor TFIID subunit 11,20210420,-
130825,121158507,ANKS1A,-,-,-,Un,-,ankyrin repeat and sterile alpha motif domain containing 1A,protein-coding,-,-,-,ankyrin repeat and SAM domain-containing protein 1A,20210420,-
130825,121158508,LRP1,-,-,-,Un,-,LDL receptor related protein 1,protein-coding,-,-,-,prolow-density lipoprotein receptor-related protein 1,20210420,-
130825,121158509,DEF6,-,-,-,Un,-,DEF6 guanine nucleotide exchange factor,protein-coding,-,-,-,differentially expressed in FDCP 6 homolog,20210420,-
130825,121158510,ZNF76,-,-,-,Un,-,zinc finger protein 76,protein-coding,-,-,-,zinc finger protein 76,20210420,-
130825,121158511,LOC121158511,-,-,-,Un,-,uncharacterized LOC121158511,ncRNA,-,-,-,-,20210420,-
130825,121158512,FANCE,-,-,-,Un,-,FA complementation group E,protein-coding,-,-,-,Fanconi anemia group E protein,20210420,-
130825,121158513,PPARD,-,-,-,Un,-,peroxisome proliferator activated receptor delta,protein-coding,-,-,-,peroxisome proliferator-activated receptor delta,20210420,-
130825,121158514,RPL10A,-,-,-,Un,-,ribosomal protein L10a,protein-coding,-,-,-,60S ribosomal protein L10a,20210501,-
130825,121158515,FKBP5,-,-,-,Un,-,FKBP prolyl isomerase 5,protein-coding,-,-,-,peptidyl-prolyl cis-trans isomerase FKBP5,20210420,-
130825,121158516,MYO1A,-,-,-,Un,-,myosin IA,protein-coding,-,-,-,unconventional myosin-Ia,20210420,-
130825,121158517,SRPK1,-,-,-,Un,-,SRSF protein kinase 1,protein-coding,-,-,-,LOW QUALITY PROTEIN: SRSF protein kinase 1,20210420,-
130825,121158518,LOC121158518,-,-,-,Un,-,small nuclear ribonucleoprotein Sm D3-like,pseudo,-,-,-,-,20210420,-
130825,121158519,SLC26A8,-,-,-,Un,-,solute carrier family 26 member 8,protein-coding,-,-,-,testis anion transporter 1,20210420,-
130825,121158520,MAPK14,-,-,-,Un,-,mitogen-activated protein kinase 14,protein-coding,-,-,-,mitogen-activated protein kinase 14,20210420,-
130825,121158521,MAPK13,-,-,-,Un,-,mitogen-activated protein kinase 13,protein-coding,-,-,-,mitogen-activated protein kinase 13,20210420,-
130825,121158522,BRPF3,-,-,-,Un,-,bromodomain and PHD finger containing 3,protein-coding,-,-,-,bromodomain and PHD finger-containing protein 3,20210420,-
130825,121158523,STAT6,-,-,-,Un,-,signal transducer and activator of transcription 6,protein-coding,-,-,-,signal transducer and activator of transcription 6,20210420,-
130825,121158524,KCTD20,-,-,-,Un,-,potassium channel tetramerization domain containing 20,protein-coding,-,-,-,BTB/POZ domain-containing protein KCTD20,20210420,-
130825,121158525,STK38,-,-,-,Un,-,serine/threonine kinase 38,protein-coding,-,-,-,serine/threonine-protein kinase 38,20210420,-
130825,121158526,SRSF3,-,-,-,Un,-,serine and arginine rich splicing factor 3,protein-coding,-,-,-,serine/arginine-rich splicing factor 3,20210424,-
130825,121158527,CDKN1A,-,-,-,Un,-,cyclin dependent kinase inhibitor 1A,protein-coding,-,-,-,cyclin-dependent kinase inhibitor 1,20210420,-
130825,121158528,ZBTB39,-,-,-,Un,-,zinc finger and BTB domain containing 39,protein-coding,-,-,-,zinc finger and BTB domain-containing protein 39,20210420,-
130825,121158529,RAB44,-,-,-,Un,-,"RAB44, member RAS oncogene family",protein-coding,-,-,-,ras-related protein Rab-44,20210420,-
130825,121158530,CPNE5,-,-,-,Un,-,copine 5,protein-coding,-,-,-,copine-5,20210420,-
130825,121158531,PPIL1,-,-,-,Un,-,peptidylprolyl isomerase like 1,protein-coding,-,-,-,peptidyl-prolyl cis-trans isomerase-like 1,20210501,-
130825,121158532,CUNH6orf89,-,-,-,Un,-,chromosome unknown C6orf89 homolog,protein-coding,-,-,-,bombesin receptor-activated protein C6orf89 homolog,20210420,-
130825,121158533,NAB2,-,-,-,Un,-,NGFI-A binding protein 2,protein-coding,-,-,-,NGFI-A-binding protein 2,20210420,-
130825,121158534,PI16,-,-,-,Un,-,peptidase inhibitor 16,protein-coding,-,-,-,peptidase inhibitor 16,20210420,-
130825,121158535,MTCH1,-,-,-,Un,-,mitochondrial carrier 1,protein-coding,-,-,-,mitochondrial carrier homolog 1,20210420,-
130825,121158536,FGD2,-,-,-,Un,-,"FYVE, RhoGEF and PH domain containing 2",protein-coding,-,-,-,"FYVE, RhoGEF and PH domain-containing protein 2",20210420,-
130825,121158537,PIM1,-,-,-,Un,-,"Pim-1 proto-oncogene, serine/threonine kinase",protein-coding,-,-,-,serine/threonine-protein kinase pim-1,20210420,-
130825,121158538,TBC1D22B,-,-,-,Un,-,TBC1 domain family member 22B,protein-coding,-,-,-,TBC1 domain family member 22B,20210420,-
130825,121158539,RNF8,-,-,-,Un,-,ring finger protein 8,protein-coding,-,-,-,E3 ubiquitin-protein ligase RNF8,20210420,-
130825,121158540,CMTR1,-,-,-,Un,-,cap methyltransferase 1,protein-coding,-,-,-,cap-specific mRNA (nucleoside-2'-O-)-methyltransferase 1,20210420,-
130825,121158541,CCDC167,-,-,-,Un,-,coiled-coil domain containing 167,protein-coding,-,-,-,coiled-coil domain-containing protein 167,20210420,-
130825,121158542,LOC121158542,-,-,-,Un,-,retinol dehydrogenase 16-like,protein-coding,-,-,-,retinol dehydrogenase 16-like,20210420,-
130825,121158543,ZFAND3,-,-,-,Un,-,zinc finger AN1-type containing 3,protein-coding,-,-,-,AN1-type zinc finger protein 3,20210420,-
130825,121158544,LOC121158544,-,-,-,Un,-,serine/threonine-protein phosphatase 2A 55 kDa regulatory subunit B alpha isoform-like,pseudo,-,-,-,-,20210420,-
130825,121158545,LOC121158545,-,-,-,Un,-,uncharacterized LOC121158545,ncRNA,-,-,-,-,20210420,-
130825,121158546,BTBD9,-,-,-,Un,-,BTB domain containing 9,protein-coding,-,-,-,BTB/POZ domain-containing protein 9,20210420,-
130825,121158547,GLO1,-,-,-,Un,-,glyoxalase I,protein-coding,-,-,-,lactoylglutathione lyase,20210420,-
130825,121158548,KCNK5,-,-,-,Un,-,potassium two pore domain channel subfamily K member 5,protein-coding,-,-,-,potassium channel subfamily K member 5,20210420,-
130825,121158549,KCNK17,-,-,-,Un,-,potassium two pore domain channel subfamily K member 17,protein-coding,-,-,-,potassium channel subfamily K member 17,20210420,-
130825,121158550,DAAM2,-,-,-,Un,-,dishevelled associated activator of morphogenesis 2,protein-coding,-,-,-,disheveled-associated activator of morphogenesis 2,20210420,-
130825,121158551,LOC121158551,-,-,-,Un,-,retinol dehydrogenase 16-like,protein-coding,-,-,-,retinol dehydrogenase 16-like,20210420,-
130825,121158552,MOCS1,-,-,-,Un,-,molybdenum cofactor synthesis 1,protein-coding,-,-,-,molybdenum cofactor biosynthesis protein 1,20210420,-
130825,121158553,UNC5CL,-,-,-,Un,-,unc-5 family C-terminal like,protein-coding,-,-,-,UNC5C-like protein,20210420,-
130825,121158554,TSPO2,-,-,-,Un,-,translocator protein 2,protein-coding,-,-,-,translocator protein 2,20210420,-
130825,121158555,APOBEC2,-,-,-,Un,-,apolipoprotein B mRNA editing enzyme catalytic subunit 2,protein-coding,-,-,-,C->U-editing enzyme APOBEC-2,20210420,-
130825,121158556,LOC121158556,-,-,-,Un,-,retinol dehydrogenase 16-like,protein-coding,-,-,-,retinol dehydrogenase 16-like,20210420,-
130825,121158557,OARD1,-,-,-,Un,-,O-acyl-ADP-ribose deacylase 1,protein-coding,-,-,-,ADP-ribose glycohydrolase OARD1,20210420,-
130825,121158558,NFYA,-,-,-,Un,-,nuclear transcription factor Y subunit alpha,protein-coding,-,-,-,nuclear transcription factor Y subunit alpha,20210522,-
130825,121158559,TREML1,-,-,-,Un,-,triggering receptor expressed on myeloid cells like 1,protein-coding,-,-,-,trem-like transcript 1 protein,20210420,-
130825,121158560,LOC121158560,-,-,-,Un,-,uncharacterized LOC121158560,ncRNA,-,-,-,-,20210420,-
130825,121158561,LOC121158561,-,-,-,Un,-,retinol dehydrogenase 16-like,protein-coding,-,-,-,retinol dehydrogenase 16-like,20210420,-
130825,121158562,TREML2,-,-,-,Un,-,triggering receptor expressed on myeloid cells like 2,protein-coding,-,-,-,trem-like transcript 2 protein,20210420,-
130825,121158563,TREML4,-,-,-,Un,-,triggering receptor expressed on myeloid cells like 4,protein-coding,-,-,-,trem-like transcript 4 protein,20210420,-
130825,121158564,TREM2,-,-,-,Un,-,triggering receptor expressed on myeloid cells 2,protein-coding,-,-,-,triggering receptor expressed on myeloid cells 2,20210420,-
130825,121158565,LOC121158565,-,-,-,Un,-,triggering receptor expressed on myeloid cells 1-like,protein-coding,-,-,-,triggering receptor expressed on myeloid cells 1-like,20210420,-
130825,121158566,FOXP4,-,-,-,Un,-,forkhead box P4,protein-coding,-,-,-,forkhead box protein P4,20210420,-
130825,121158567,TFEB,-,-,-,Un,-,transcription factor EB,protein-coding,-,-,-,transcription factor EB,20210420,-
130825,121158568,PRICKLE4,-,-,-,Un,-,prickle planar cell polarity protein 4,protein-coding,-,-,-,prickle-like protein 4,20210420,-
130825,121158569,TOMM6,-,-,-,Un,-,translocase of outer mitochondrial membrane 6,protein-coding,-,-,-,mitochondrial import receptor subunit TOM6 homolog,20210420,-
130825,121158570,USP49,-,-,-,Un,-,ubiquitin specific peptidase 49,protein-coding,-,-,-,ubiquitin carboxyl-terminal hydrolase 49,20210420,-
130825,121158571,BYSL,-,-,-,Un,-,bystin like,protein-coding,-,-,-,bystin,20210420,-
130825,121158572,CCND3,-,-,-,Un,-,cyclin D3,protein-coding,-,-,-,G1/S-specific cyclin-D3,20210420,-
130825,121158573,PRIM1,-,-,-,Un,-,DNA primase subunit 1,protein-coding,-,-,-,DNA primase small subunit,20210420,-
130825,121158574,MED20,-,-,-,Un,-,mediator complex subunit 20,protein-coding,-,-,-,mediator of RNA polymerase II transcription subunit 20,20210420,-
130825,121158575,TAF8,-,-,-,Un,-,TATA-box binding protein associated factor 8,protein-coding,-,-,-,transcription initiation factor TFIID subunit 8,20210420,-
130825,121158576,MRPS10,-,-,-,Un,-,mitochondrial ribosomal protein S10,protein-coding,-,-,-,"28S ribosomal protein S10, mitochondrial",20210420,-
130825,121158577,TRERF1,-,-,-,Un,-,transcriptional regulating factor 1,protein-coding,-,-,-,transcriptional-regulating factor 1,20210420,-
130825,121158578,UBR2,-,-,-,Un,-,ubiquitin protein ligase E3 component n-recognin 2,protein-coding,-,-,-,E3 ubiquitin-protein ligase UBR2,20210420,-
130825,121158579,BICRAL,-,-,-,Un,-,BRD4 interacting chromatin remodeling complex associated protein like,protein-coding,-,-,-,BRD4-interacting chromatin-remodeling complex-associated protein-like,20210420,-
130825,121158580,RPL7L1,-,-,-,Un,-,ribosomal protein L7 like 1,protein-coding,-,-,-,60S ribosomal protein L7-like 1,20210420,-
130825,121158581,CUNH6orf226,-,-,-,Un,-,chromosome unknown C6orf226 homolog,protein-coding,-,-,-,uncharacterized protein C6orf226 homolog,20210420,-
130825,121158582,NACA,-,-,-,Un,-,nascent polypeptide associated complex subunit alpha,protein-coding,-,-,-,nascent polypeptide-associated complex subunit alpha,20210424,-
130825,121158583,PEX6,-,-,-,Un,-,peroxisomal biogenesis factor 6,protein-coding,-,-,-,peroxisome biogenesis factor 6,20210420,-
130825,121158584,CNPY3,-,-,-,Un,-,canopy FGF signaling regulator 3,protein-coding,-,-,-,protein canopy homolog 3,20210420,-
130825,121158585,GNMT,-,-,-,Un,-,glycine N-methyltransferase,protein-coding,-,-,-,glycine N-methyltransferase,20210420,-
130825,121158586,PPP2R5D,-,-,-,Un,-,protein phosphatase 2 regulatory subunit B'delta,protein-coding,-,-,-,serine/threonine-protein phosphatase 2A 56 kDa regulatory subunit delta isoform,20210420,-
130825,121158587,KLHDC3,-,-,-,Un,-,kelch domain containing 3,protein-coding,-,-,-,kelch domain-containing protein 3,20210420,-
130825,121158588,RRP36,-,-,-,Un,-,ribosomal RNA processing 36,protein-coding,-,-,-,ribosomal RNA processing protein 36 homolog,20210420,-
130825,121158589,MEA1,-,-,-,Un,-,male-enhanced antigen 1,protein-coding,-,-,-,male-enhanced antigen 1,20210420,-
130825,121158590,CUL7,-,-,-,Un,-,cullin 7,protein-coding,-,-,-,cullin-7,20210420,-
130825,121158591,PTGES3,-,-,-,Un,-,prostaglandin E synthase 3,protein-coding,-,-,-,prostaglandin E synthase 3,20210515,-
130825,121158592,PTK7,-,-,-,Un,-,protein tyrosine kinase 7 (inactive),protein-coding,-,-,-,inactive tyrosine-protein kinase 7,20210420,-
130825,121158593,KLC4,-,-,-,Un,-,kinesin light chain 4,protein-coding,-,-,-,kinesin light chain 4,20210420,-
130825,121158594,LOC121158594,-,-,-,Un,-,AP-3 complex subunit sigma-1-like,protein-coding,-,-,-,AP-3 complex subunit sigma-1-like,20210420,-
130825,121158595,SRF,-,-,-,Un,-,serum response factor,protein-coding,-,-,-,serum response factor,20210420,-
130825,121158596,CUL9,-,-,-,Un,-,cullin 9,protein-coding,-,-,-,cullin-9,20210420,-
130825,121158597,ZNF318,-,-,-,Un,-,zinc finger protein 318,protein-coding,-,-,-,zinc finger protein 318,20210420,-
130825,121158598,CRIP3,-,-,-,Un,-,cysteine rich protein 3,protein-coding,-,-,-,cysteine-rich protein 3,20210420,-
130825,121158599,LOC121158599,-,-,-,Un,-,60S ribosomal protein L36a-like,pseudo,-,-,-,-,20210420,-
130825,121158600,ABCC10,-,-,-,Un,-,ATP binding cassette subfamily C member 10,protein-coding,-,-,-,ATP-binding cassette sub-family C member 10,20210420,-
130825,121158601,DLK2,-,-,-,Un,-,delta like non-canonical Notch ligand 2,protein-coding,-,-,-,protein delta homolog 2,20210420,-
130825,121158602,TJAP1,-,-,-,Un,-,tight junction associated protein 1,protein-coding,-,-,-,tight junction-associated protein 1,20210420,-
130825,121158603,YIPF3,-,-,-,Un,-,Yip1 domain family member 3,protein-coding,-,-,-,protein YIPF3,20210420,-
130825,121158604,XPO5,-,-,-,Un,-,exportin 5,protein-coding,-,-,-,exportin-5,20210420,-
130825,121158605,POLR1C,-,-,-,Un,-,RNA polymerase I and III subunit C,protein-coding,-,-,-,DNA-directed RNA polymerases I and III subunit RPAC1,20210420,-
130825,121158606,POLH,-,-,-,Un,-,DNA polymerase eta,protein-coding,-,-,-,DNA polymerase eta,20210420,-
130825,121158607,GTPBP2,-,-,-,Un,-,GTP binding protein 2,protein-coding,-,-,-,GTP-binding protein 2,20210420,-
130825,121158608,LOC121158608,-,-,-,Un,-,MAD2L1 binding protein,protein-coding,-,-,-,MAD2L1-binding protein,20210420,-
130825,121158609,RSPH9,-,-,-,Un,-,radial spoke head component 9,protein-coding,-,-,-,radial spoke head protein 9 homolog,20210420,-
130825,121158610,MRPS18A,-,-,-,Un,-,mitochondrial ribosomal protein S18A,protein-coding,-,-,-,"39S ribosomal protein S18a, mitochondrial",20210420,-
130825,121158611,LOC121158611,-,-,-,Un,-,vascular endothelial growth factor A-like,protein-coding,-,-,-,uncharacterized protein LOC121158611|vascular endothelial growth factor A-like,20210420,-
130825,121158612,MRPL14,-,-,-,Un,-,mitochondrial ribosomal protein L14,protein-coding,-,-,-,"39S ribosomal protein L14, mitochondrial",20210420,-
130825,121158613,TMEM63B,-,-,-,Un,-,transmembrane protein 63B,protein-coding,-,-,-,CSC1-like protein 2,20210420,-
130825,121158614,SLC29A1,-,-,-,Un,-,solute carrier family 29 member 1 (Augustine blood group),protein-coding,-,-,-,equilibrative nucleoside transporter 1,20210420,-
130825,121158615,HSP90AB1,-,-,-,Un,-,heat shock protein 90 alpha family class B member 1,protein-coding,-,-,-,heat shock protein HSP 90-beta,20210420,-
130825,121158616,ATP5F1B,-,-,-,Un,-,ATP synthase F1 subunit beta,protein-coding,-,-,-,"ATP synthase subunit beta, mitochondrial",20210420,-
130825,121158617,SLC35B2,-,-,-,Un,-,solute carrier family 35 member B2,protein-coding,-,-,-,adenosine 3'-phospho 5'-phosphosulfate transporter 1,20210420,-
130825,121158618,NFKBIE,-,-,-,Un,-,NFKB inhibitor epsilon,protein-coding,-,-,-,NF-kappa-B inhibitor epsilon,20210420,-
130825,121158619,AARS2,-,-,-,Un,-,"alanyl-tRNA synthetase 2, mitochondrial",protein-coding,-,-,-,"alanine--tRNA ligase, mitochondrial",20210420,-
130825,121158620,CDC5L,-,-,-,Un,-,cell division cycle 5 like,protein-coding,-,-,-,cell division cycle 5-like protein,20210420,-
130825,121158621,RUNX2,-,-,-,Un,-,RUNX family transcription factor 2,protein-coding,-,-,-,runt-related transcription factor 2,20210420,-
130825,121158622,BAZ2A,-,-,-,Un,-,bromodomain adjacent to zinc finger domain 2A,protein-coding,-,-,-,bromodomain adjacent to zinc finger domain protein 2A,20210420,-
130825,121158623,SUPT3H,-,-,-,Un,-,"SPT3 homolog, SAGA and STAGA complex component",protein-coding,-,-,-,transcription initiation protein SPT3 homolog,20210420,-
130825,121158624,LOC121158624,-,-,-,Un,-,60S acidic ribosomal protein P2-like,pseudo,-,-,-,-,20210420,-
130825,121158625,LOC121158625,-,-,-,Un,-,uncharacterized LOC121158625,ncRNA,-,-,-,-,20210420,-
130825,121158626,CLIC5,-,-,-,Un,-,chloride intracellular channel 5,protein-coding,-,-,-,chloride intracellular channel protein 5,20210420,-
130825,121158627,LOC121158627,-,-,-,Un,-,uncharacterized LOC121158627,ncRNA,-,-,-,-,20210420,-
130825,121158628,LOC121158628,-,-,-,Un,-,uncharacterized LOC121158628,ncRNA,-,-,-,-,20210420,-
130825,121158629,ENPP5,-,-,-,Un,-,ectonucleotide pyrophosphatase/phosphodiesterase family member 5,protein-coding,-,-,-,ectonucleotide pyrophosphatase/phosphodiesterase family member 5,20210420,-
130825,121158630,ENPP4,-,-,-,Un,-,ectonucleotide pyrophosphatase/phosphodiesterase 4,protein-coding,-,-,-,bis(5'-adenosyl)-triphosphatase ENPP4,20210420,-
130825,121158631,LOC121158631,-,-,-,Un,-,EEF1A lysine methyltransferase 2-like,pseudo,-,-,-,-,20210420,-
130825,121158632,LOC121158632,-,-,-,Un,-,uncharacterized LOC121158632,ncRNA,-,-,-,-,20210420,-
130825,121158633,LOC121158633,-,-,-,Un,-,uncharacterized LOC121158633,ncRNA,-,-,-,-,20210420,-
130825,121158634,RCAN2,-,-,-,Un,-,regulator of calcineurin 2,protein-coding,-,-,-,calcipressin-2,20210420,-
130825,121158635,LOC121158635,-,-,-,Un,-,24-hydroxycholesterol 7-alpha-hydroxylase,protein-coding,-,-,-,24-hydroxycholesterol 7-alpha-hydroxylase,20210420,-
130825,121158636,LOC121158636,-,-,-,Un,-,14-3-3 protein beta/alpha,protein-coding,-,-,-,14-3-3 protein beta/alpha,20210420,-
130825,121158637,SLC25A27,-,-,-,Un,-,solute carrier family 25 member 27,protein-coding,-,-,-,mitochondrial uncoupling protein 4,20210420,-
130825,121158638,PLA2G7,-,-,-,Un,-,phospholipase A2 group VII,protein-coding,-,-,-,platelet-activating factor acetylhydrolase,20210420,-
130825,121158639,ADGRF5,-,-,-,Un,-,adhesion G protein-coupled receptor F5,protein-coding,-,-,-,adhesion G protein-coupled receptor F5,20210420,-
130825,121158640,TNFRSF21,-,-,-,Un,-,TNF receptor superfamily member 21,protein-coding,-,-,-,tumor necrosis factor receptor superfamily member 21,20210420,-
130825,121158641,LOC121158641,-,-,-,Un,-,CD2 associated protein,protein-coding,-,-,-,CD2-associated protein,20210420,-
130825,121158642,MMUT,-,-,-,Un,-,methylmalonyl-CoA mutase,protein-coding,-,-,-,"methylmalonyl-CoA mutase, mitochondrial",20210420,-
130825,121158643,RHAG,-,-,-,Un,-,Rh associated glycoprotein,protein-coding,-,-,-,ammonium transporter Rh type A,20210420,-
130825,121158644,PGK2,-,-,-,Un,-,phosphoglycerate kinase 2,protein-coding,-,-,-,phosphoglycerate kinase 2,20210420,-
130825,121158645,CRISP2,-,-,-,Un,-,cysteine rich secretory protein 2,protein-coding,-,-,-,cysteine-rich secretory protein 2,20210420,-
130825,121158646,RBMS2,-,-,-,Un,-,RNA binding motif single stranded interacting protein 2,protein-coding,-,-,-,"RNA-binding motif, single-stranded-interacting protein 2",20210420,-
130825,121158647,GJB7,-,-,-,Un,-,gap junction protein beta 7,protein-coding,-,-,-,gap junction beta-7 protein,20210420,-
130825,121158648,LOC121158648,-,-,-,Un,-,nascent polypeptide-associated complex subunit alpha-like,pseudo,-,-,-,-,20210420,-
130825,121158649,LOC121158649,-,-,-,Un,-,PRELI domain-containing protein 2-like,pseudo,-,-,-,-,20210420,-
130825,121158650,LOC121158650,-,-,-,Un,-,poly(rC)-binding protein 2-like,pseudo,-,-,-,-,20210420,-
130825,121158651,LOC121158651,-,-,-,Un,-,60S ribosomal protein L34-like,pseudo,-,-,-,-,20210420,-
130825,121158652,LOC121158652,-,-,-,Un,-,G-rich sequence factor 1-like,pseudo,-,-,-,-,20210420,-
130825,121158653,LOC121158653,-,-,-,Un,-,40S ribosomal protein SA-like,pseudo,-,-,-,-,20210420,-
130825,121158654,LOC121158654,-,-,-,Un,-,60S ribosomal protein L31-like,protein-coding,-,-,-,60S ribosomal protein L31-like,20210420,-
130825,121158655,LOC121158655,-,-,-,Un,-,uncharacterized LOC121158655,protein-coding,-,-,-,LOW QUALITY PROTEIN: uncharacterized protein LOC121158655,20210420,-
130825,121158656,AK9,-,-,-,Un,-,adenylate kinase 9,protein-coding,-,-,-,adenylate kinase 9,20210420,-
130825,121158657,LOC121158657,-,-,-,Un,-,40S ribosomal protein S3a-like,pseudo,-,-,-,-,20210420,-
130825,121158658,LOC121158658,-,-,-,Un,-,40S ribosomal protein S27-like,pseudo,-,-,-,-,20210420,-
130825,121158659,LOC121158659,-,-,-,Un,-,dnaJ homolog subfamily C member 17-like,pseudo,-,-,-,-,20210420,-
130825,121158660,LOC121158660,-,-,-,Un,-,monocarboxylate transporter 1-like,pseudo,-,-,-,-,20210420,-
130825,121158661,SLC22A16,-,-,-,Un,-,solute carrier family 22 member 16,protein-coding,-,-,-,solute carrier family 22 member 16,20210420,-
130825,121158662,MCM3,-,-,-,Un,-,minichromosome maintenance complex component 3,protein-coding,-,-,-,DNA replication licensing factor MCM3,20210420,-
130825,121158663,GLS2,-,-,-,Un,-,glutaminase 2,protein-coding,-,-,-,"glutaminase liver isoform, mitochondrial",20210420,-
130825,121158664,PAQR8,-,-,-,Un,-,progestin and adipoQ receptor family member 8,protein-coding,-,-,-,membrane progestin receptor beta,20210420,-
130825,121158665,EFHC1,-,-,-,Un,-,EF-hand domain containing 1,protein-coding,-,-,-,EF-hand domain-containing protein 1,20210420,-
130825,121158666,TRAM2,-,-,-,Un,-,translocation associated membrane protein 2,protein-coding,-,-,-,translocating chain-associated membrane protein 2,20210420,-
130825,121158667,LOC121158667,-,-,-,Un,-,glutathione S-transferase Yc-like,protein-coding,-,-,-,glutathione S-transferase Yc-like,20210420,-
130825,121158668,LOC121158668,-,-,-,Un,-,glutathione S-transferase Yc-like,protein-coding,-,-,-,glutathione S-transferase Yc-like,20210420,-
130825,121158669,LOC121158669,-,-,-,Un,-,glutathione S-transferase Yc-like,protein-coding,-,-,-,glutathione S-transferase Yc-like,20210420,-
130825,121158670,AKAP17A,-,-,-,Un,-,A-kinase anchoring protein 17A,protein-coding,-,-,-,A-kinase anchor protein 17A,20210420,-
130825,121158671,LOC121158671,-,-,-,Un,-,glutathione S-transferase alpha I,protein-coding,-,-,-,glutathione S-transferase alpha I,20210420,-
130825,121158672,LOC121158672,-,-,-,Un,-,glutathione S-transferase alpha I-like,protein-coding,-,-,-,glutathione S-transferase alpha I-like,20210420,-
130825,121158673,LOC121158673,-,-,-,Un,-,glutathione S-transferase alpha-3-like,protein-coding,-,-,-,glutathione S-transferase alpha-3-like,20210420,-
130825,121158674,LOC121158674,-,-,-,Un,-,glutathione S-transferase A6-like,protein-coding,-,-,-,glutathione S-transferase A6-like,20210420,-
130825,121158675,CILK1,-,-,-,Un,-,ciliogenesis associated kinase 1,protein-coding,-,-,-,serine/threonine-protein kinase ICK,20210420,-
130825,121158676,FBXO9,-,-,-,Un,-,F-box protein 9,protein-coding,-,-,-,F-box only protein 9,20210420,-
130825,121158677,LOC121158677,-,-,-,Un,-,uncharacterized LOC121158677,ncRNA,-,-,-,-,20210420,-
130825,121158678,ELOVL5,-,-,-,Un,-,ELOVL fatty acid elongase 5,protein-coding,-,-,-,elongation of very long chain fatty acids protein 5,20210420,-
130825,121158679,GCLC,-,-,-,Un,-,glutamate-cysteine ligase catalytic subunit,protein-coding,-,-,-,glutamate--cysteine ligase catalytic subunit,20210420,-
130825,121158680,LRRC1,-,-,-,Un,-,leucine rich repeat containing 1,protein-coding,-,-,-,leucine-rich repeat-containing protein 1,20210420,-
130825,121158681,LOC121158681,-,-,-,Un,-,major intrinsic protein of lens fiber,protein-coding,-,-,-,lens fiber major intrinsic protein,20210420,-
130825,121158682,LOC121158682,-,-,-,Un,-,muscular LMNA interacting protein,protein-coding,-,-,-,LOW QUALITY PROTEIN: muscular LMNA-interacting protein,20210420,-
130825,121158683,LOC121158683,-,-,-,Un,-,uncharacterized LOC121158683,ncRNA,-,-,-,-,20210420,-
130825,121158684,FAM83B,-,-,-,Un,-,family with sequence similarity 83 member B,protein-coding,-,-,-,protein FAM83B,20210420,-
130825,121158685,LOC121158685,-,-,-,Un,-,uncharacterized LOC121158685,ncRNA,-,-,-,-,20210420,-
130825,121158686,HMGCLL1,-,-,-,Un,-,3-hydroxymethyl-3-methylglutaryl-CoA lyase like 1,protein-coding,-,-,-,"3-hydroxymethyl-3-methylglutaryl-CoA lyase, cytoplasmic",20210420,-
130825,121158687,DST,-,-,-,Un,-,dystonin,protein-coding,-,-,-,dystonin,20210420,-
130825,121158688,SPRYD4,-,-,-,Un,-,SPRY domain containing 4,protein-coding,-,-,-,SPRY domain-containing protein 4,20210420,-
130825,121158689,ZNF451,-,-,-,Un,-,zinc finger protein 451,protein-coding,-,-,-,E3 SUMO-protein ligase ZNF451,20210420,-
130825,121158690,PRIM2,-,-,-,Un,-,DNA primase subunit 2,protein-coding,-,-,-,DNA primase large subunit,20210420,-
130825,121158691,LOC121158691,-,-,-,Un,-,C-terminal-binding protein 2-like,pseudo,-,-,-,-,20210420,-
130825,121158692,LOC121158692,-,-,-,Un,-,polyadenylate-binding protein 1-like,pseudo,-,-,-,-,20210420,-
130825,121158693,PTP4A1,-,-,-,Un,-,protein tyrosine phosphatase 4A1,protein-coding,-,-,-,protein tyrosine phosphatase type IVA 1,20210501,-
130825,121158694,TIMELESS,-,-,-,Un,-,timeless circadian regulator,protein-coding,-,-,-,protein timeless homolog,20210420,-
130825,121158695,PHF3,-,-,-,Un,-,PHD finger protein 3,protein-coding,-,-,-,PHD finger protein 3,20210420,-
130825,121158696,ADGRB3,-,-,-,Un,-,adhesion G protein-coupled receptor B3,protein-coding,-,-,-,adhesion G protein-coupled receptor B3,20210420,-
130825,121158697,STAT2,-,-,-,Un,-,signal transducer and activator of transcription 2,protein-coding,-,-,-,signal transducer and activator of transcription 2,20210420,-
130825,121158698,LMBRD1,-,-,-,Un,-,LMBR1 domain containing 1,protein-coding,-,-,-,lysosomal cobalamin transport escort protein LMBD1,20210420,-
130825,121158699,LOC121158699,-,-,-,Un,-,uncharacterized LOC121158699,ncRNA,-,-,-,-,20210420,-
130825,121158700,FAM135A,-,-,-,Un,-,family with sequence similarity 135 member A,protein-coding,-,-,-,protein FAM135A,20210420,-
130825,121158701,SDHAF4,-,-,-,Un,-,succinate dehydrogenase complex assembly factor 4,protein-coding,-,-,-,"succinate dehydrogenase assembly factor 4, mitochondrial",20210420,-
130825,121158702,SMAP1,-,-,-,Un,-,small ArfGAP 1,protein-coding,-,-,-,stromal membrane-associated protein 1,20210420,-
130825,121158703,B3GAT2,-,-,-,Un,-,"beta-1,3-glucuronyltransferase 2",protein-coding,-,-,-,galactosylgalactosylxylosylprotein 3-beta-glucuronosyltransferase 2,20210420,-
130825,121158704,OGFRL1,-,-,-,Un,-,opioid growth factor receptor like 1,protein-coding,-,-,-,opioid growth factor receptor-like protein 1,20210420,-
130825,121158705,RIMS1,-,-,-,Un,-,regulating synaptic membrane exocytosis 1,protein-coding,-,-,-,LOW QUALITY PROTEIN: regulating synaptic membrane exocytosis protein 1,20210420,-
130825,121158706,KCNQ5,-,-,-,Un,-,potassium voltage-gated channel subfamily Q member 5,protein-coding,-,-,-,potassium voltage-gated channel subfamily KQT member 5,20210420,-
130825,121158707,CGAS,-,-,-,Un,-,cyclic GMP-AMP synthase,protein-coding,-,-,-,cyclic GMP-AMP synthase,20210420,-
130825,121158708,MTO1,-,-,-,Un,-,mitochondrial tRNA translation optimization 1,protein-coding,-,-,-,"protein MTO1 homolog, mitochondrial",20210420,-
130825,121158709,EEF1A1,-,-,-,Un,-,eukaryotic translation elongation factor 1 alpha 1,protein-coding,-,-,-,elongation factor 1-alpha 1,20210420,-
130825,121158710,SLC17A5,-,-,-,Un,-,solute carrier family 17 member 5,protein-coding,-,-,-,sialin,20210420,-
130825,121158711,CD109,-,-,-,Un,-,CD109 molecule,protein-coding,-,-,-,CD109 antigen,20210420,-
130825,121158712,PAN2,-,-,-,Un,-,poly(A) specific ribonuclease subunit PAN2,protein-coding,-,-,-,PAN2-PAN3 deadenylation complex catalytic subunit PAN2,20210420,-
130825,121158713,LOC121158713,-,-,-,Un,-,histone H3.3A-like,protein-coding,-,-,-,histone H3.3A-like,20210420,-
130825,121158714,LOC121158714,-,-,-,Un,-,"cytochrome c oxidase subunit 7A2, mitochondrial",protein-coding,-,-,-,"cytochrome c oxidase subunit 7A2, mitochondrial",20210420,-
130825,121158715,TMEM30A,-,-,-,Un,-,transmembrane protein 30A,protein-coding,-,-,-,LOW QUALITY PROTEIN: cell cycle control protein 50A,20210420,-
130825,121158716,FILIP1,-,-,-,Un,-,filamin A interacting protein 1,protein-coding,-,-,-,filamin-A-interacting protein 1,20210420,-
130825,121158717,SENP6,-,-,-,Un,-,SUMO specific peptidase 6,protein-coding,-,-,-,sentrin-specific protease 6,20210420,-
130825,121158718,MYO6,-,-,-,Un,-,myosin VI,protein-coding,-,-,-,unconventional myosin-VI,20210420,-
130825,121158719,LOC121158719,-,-,-,Un,-,pleckstrin homology domain interacting protein,protein-coding,-,-,-,PH-interacting protein,20210420,-
130825,121158720,IRAK1BP1,-,-,-,Un,-,interleukin 1 receptor associated kinase 1 binding protein 1,protein-coding,-,-,-,interleukin-1 receptor-associated kinase 1-binding protein 1,20210420,-
130825,121158721,LOC121158721,-,-,-,Un,-,uncharacterized LOC121158721,ncRNA,-,-,-,-,20210420,-
130825,121158722,HMGN3,-,-,-,Un,-,high mobility group nucleosomal binding domain 3,protein-coding,-,-,-,high mobility group nucleosome-binding domain-containing protein 3,20210420,-
130825,121158723,ARAP3,-,-,-,Un,-,"ArfGAP with RhoGAP domain, ankyrin repeat and PH domain 3",protein-coding,-,-,-,"arf-GAP with Rho-GAP domain, ANK repeat and PH domain-containing protein 3",20210420,-
130825,121158724,LCA5,-,-,-,Un,-,lebercilin LCA5,protein-coding,-,-,-,lebercilin,20210420,-
130825,121158725,SH3BGRL2,-,-,-,Un,-,SH3 domain binding glutamate rich protein like 2,protein-coding,-,-,-,SH3 domain-binding glutamic acid-rich-like protein 2,20210420,-
130825,121158726,TTK,-,-,-,Un,-,TTK protein kinase,protein-coding,-,-,-,dual specificity protein kinase TTK,20210420,-
130825,121158727,BCKDHB,-,-,-,Un,-,branched chain keto acid dehydrogenase E1 subunit beta,protein-coding,-,-,-,"2-oxoisovalerate dehydrogenase subunit beta, mitochondrial",20210420,-
130825,121158728,LOC121158728,-,-,-,Un,-,60S ribosomal protein L7-like,protein-coding,-,-,-,60S ribosomal protein L7-like,20210420,-
130825,121158729,TENT5A,-,-,-,Un,-,terminal nucleotidyltransferase 5A,protein-coding,-,-,-,terminal nucleotidyltransferase 5A,20210420,-
130825,121158730,IBTK,-,-,-,Un,-,inhibitor of Bruton tyrosine kinase,protein-coding,-,-,-,inhibitor of Bruton tyrosine kinase,20210420,-
130825,121158731,UBE3D,-,-,-,Un,-,ubiquitin protein ligase E3D,protein-coding,-,-,-,E3 ubiquitin-protein ligase E3D,20210420,-
130825,121158732,DOP1A,-,-,-,Un,-,DOP1 leucine zipper like protein A,protein-coding,-,-,-,protein dopey-1,20210420,-
130825,121158733,PGM3,-,-,-,Un,-,phosphoglucomutase 3,protein-coding,-,-,-,phosphoacetylglucosamine mutase,20210420,-
130825,121158734,CS,-,-,-,Un,-,citrate synthase,protein-coding,-,-,-,"citrate synthase, mitochondrial",20210420,-
130825,121158735,RWDD2A,-,-,-,Un,-,RWD domain containing 2A,protein-coding,-,-,-,RWD domain-containing protein 2A,20210420,-
130825,121158736,ME1,-,-,-,Un,-,malic enzyme 1,protein-coding,-,-,-,NADP-dependent malic enzyme,20210420,-
130825,121158737,SNAP91,-,-,-,Un,-,synaptosome associated protein 91,protein-coding,-,-,-,clathrin coat assembly protein AP180,20210420,-
130825,121158738,COQ10A,-,-,-,Un,-,coenzyme Q10A,protein-coding,-,-,-,"coenzyme Q-binding protein COQ10 homolog A, mitochondrial",20210420,-
130825,121158739,LOC121158739,-,-,-,Un,-,cytochrome b5 reductase 4,protein-coding,-,-,-,cytochrome b5 reductase 4,20210420,-
130825,121158740,CEP162,-,-,-,Un,-,centrosomal protein 162,protein-coding,-,-,-,centrosomal protein of 162 kDa,20210420,-
130825,121158741,NT5E,-,-,-,Un,-,5'-nucleotidase ecto,protein-coding,-,-,-,5'-nucleotidase,20210420,-
130825,121158742,SNX14,-,-,-,Un,-,sorting nexin 14,protein-coding,-,-,-,sorting nexin-14,20210420,-
130825,121158743,LOC121158743,-,-,-,Un,-,synaptotagmin binding cytoplasmic RNA interacting protein,protein-coding,-,-,-,heterogeneous nuclear ribonucleoprotein Q,20210420,-
130825,121158744,ANKRD52,-,-,-,Un,-,ankyrin repeat domain 52,protein-coding,-,-,-,serine/threonine-protein phosphatase 6 regulatory ankyrin repeat subunit C,20210420,-
130825,121158745,LOC121158745,-,-,-,Un,-,elongation factor 1-alpha 1-like,protein-coding,-,-,-,LOW QUALITY PROTEIN: elongation factor 1-alpha 1-like,20210420,-
130825,121158746,ZNF292,-,-,-,Un,-,zinc finger protein 292,protein-coding,-,-,-,zinc finger protein 292,20210420,-
130825,121158747,SMIM8,-,-,-,Un,-,small integral membrane protein 8,protein-coding,-,-,-,small integral membrane protein 8,20210420,-
130825,121158748,SLC39A5,-,-,-,Un,-,solute carrier family 39 member 5,protein-coding,-,-,-,zinc transporter ZIP5,20210420,-
130825,121158749,CUNH6orf163,-,-,-,Un,-,chromosome unknown C6orf163 homolog,protein-coding,-,-,-,uncharacterized protein C6orf163 homolog,20210420,-
130825,121158750,ORC3,-,-,-,Un,-,origin recognition complex subunit 3,protein-coding,-,-,-,origin recognition complex subunit 3,20210420,-
130825,121158751,RARS2,-,-,-,Un,-,"arginyl-tRNA synthetase 2, mitochondrial",protein-coding,-,-,-,"probable arginine--tRNA ligase, mitochondrial",20210420,-
130825,121158752,SLC35A1,-,-,-,Un,-,solute carrier family 35 member A1,protein-coding,-,-,-,CMP-sialic acid transporter,20210420,-
130825,121158753,AKIRIN2,-,-,-,Un,-,akirin 2,protein-coding,-,-,-,akirin-2,20210420,-
130825,121158754,RNF41,-,-,-,Un,-,ring finger protein 41,protein-coding,-,-,-,E3 ubiquitin-protein ligase NRDP1,20210420,-
130825,121158755,RNGTT,-,-,-,Un,-,RNA guanylyltransferase and 5'-phosphatase,protein-coding,-,-,-,mRNA-capping enzyme,20210420,-
130825,121158756,PNRC1,-,-,-,Un,-,proline rich nuclear receptor coactivator 1,protein-coding,-,-,-,proline-rich nuclear receptor coactivator 1,20210420,-
130825,121158757,SRSF12,-,-,-,Un,-,serine and arginine rich splicing factor 12,protein-coding,-,-,-,serine/arginine-rich splicing factor 12,20210420,-
130825,121158758,UBE2J1,-,-,-,Un,-,ubiquitin conjugating enzyme E2 J1,protein-coding,-,-,-,ubiquitin-conjugating enzyme E2 J1,20210420,-
130825,121158759,RRAGD,-,-,-,Un,-,Ras related GTP binding D,protein-coding,-,-,-,ras-related GTP-binding protein D,20210420,-
130825,121158760,ANKRD6,-,-,-,Un,-,ankyrin repeat domain 6,protein-coding,-,-,-,ankyrin repeat domain-containing protein 6,20210420,-
130825,121158761,LYRM2,-,-,-,Un,-,LYR motif containing 2,protein-coding,-,-,-,LYR motif-containing protein 2,20210420,-
130825,121158762,MDN1,-,-,-,Un,-,midasin AAA ATPase 1,protein-coding,-,-,-,midasin,20210420,-
130825,121158763,LOC121158763,-,-,-,Un,-,uncharacterized LOC121158763,ncRNA,-,-,-,-,20210420,-
130825,121158764,CASP8AP2,-,-,-,Un,-,caspase 8 associated protein 2,protein-coding,-,-,-,CASP8-associated protein 2,20210420,-
130825,121158765,SMARCC2,-,-,-,Un,-,"SWI/SNF related, matrix associated, actin dependent regulator of chromatin subfamily c member 2",protein-coding,-,-,-,SWI/SNF complex subunit SMARCC2,20210420,-
130825,121158766,BACH2,-,-,-,Un,-,BTB domain and CNC homolog 2,protein-coding,-,-,-,transcription regulator protein BACH2,20210420,-
130825,121158767,MAP3K7,-,-,-,Un,-,mitogen-activated protein kinase kinase kinase 7,protein-coding,-,-,-,mitogen-activated protein kinase kinase kinase 7,20210420,-
130825,121158768,MANEA,-,-,-,Un,-,mannosidase endo-alpha,protein-coding,-,-,-,"glycoprotein endo-alpha-1,2-mannosidase",20210420,-
130825,121158769,UFL1,-,-,-,Un,-,UFM1 specific ligase 1,protein-coding,-,-,-,E3 UFM1-protein ligase 1,20210420,-
130825,121158770,NDUFAF4,-,-,-,Un,-,NADH:ubiquinone oxidoreductase complex assembly factor 4,protein-coding,-,-,-,NADH dehydrogenase [ubiquinone] 1 alpha subcomplex assembly factor 4,20210420,-
130825,121158771,KLHL32,-,-,-,Un,-,kelch like family member 32,protein-coding,-,-,-,kelch-like protein 32,20210420,-
130825,121158772,MMS22L,-,-,-,Un,-,"MMS22 like, DNA repair protein",protein-coding,-,-,-,protein MMS22-like,20210420,-
130825,121158773,FBXL4,-,-,-,Un,-,F-box and leucine rich repeat protein 4,protein-coding,-,-,-,F-box/LRR-repeat protein 4,20210420,-
130825,121158774,LOC121158774,-,-,-,Un,-,immunoglobulin-binding protein 1-like,protein-coding,-,-,-,immunoglobulin-binding protein 1-like,20210420,-
130825,121158775,LOC121158775,-,-,-,Un,-,uncharacterized LOC121158775,ncRNA,-,-,-,-,20210420,-
130825,121158776,COQ3,-,-,-,Un,-,"coenzyme Q3, methyltransferase",protein-coding,-,-,-,"ubiquinone biosynthesis O-methyltransferase, mitochondrial",20210420,-
130825,121158777,USP45,-,-,-,Un,-,ubiquitin specific peptidase 45,protein-coding,-,-,-,ubiquitin carboxyl-terminal hydrolase 45,20210420,-
130825,121158778,PNISR,-,-,-,Un,-,PNN interacting serine and arginine rich protein,protein-coding,-,-,-,arginine/serine-rich protein PNISR,20210420,-
130825,121158779,CCNC,-,-,-,Un,-,cyclin C,protein-coding,-,-,-,cyclin-C,20210501,-
130825,121158780,ASCC3,-,-,-,Un,-,activating signal cointegrator 1 complex subunit 3,protein-coding,-,-,-,activating signal cointegrator 1 complex subunit 3,20210420,-
130825,121158781,LOC121158781,-,-,-,Un,-,40S ribosomal protein S12-like,pseudo,-,-,-,-,20210420,-
130825,121158782,GRIK2,-,-,-,Un,-,glutamate ionotropic receptor kainate type subunit 2,protein-coding,-,-,-,"glutamate receptor ionotropic, kainate 2",20210420,-
130825,121158783,HACE1,-,-,-,Un,-,HECT domain and ankyrin repeat containing E3 ubiquitin protein ligase 1,protein-coding,-,-,-,E3 ubiquitin-protein ligase HACE1,20210420,-
130825,121158784,LOC121158784,-,-,-,Un,-,small nuclear ribonucleoprotein G-like,pseudo,-,-,-,-,20210420,-
130825,121158785,LOC121158785,-,-,-,Un,-,prolyl endopeptidase,protein-coding,-,-,-,prolyl endopeptidase,20210420,-
130825,121158786,PRDM1,-,-,-,Un,-,PR/SET domain 1,protein-coding,-,-,-,PR domain zinc finger protein 1,20210420,-
130825,121158787,ATG5,-,-,-,Un,-,autophagy related 5,protein-coding,-,-,-,autophagy protein 5,20210420,-
130825,121158788,CRYBG1,-,-,-,Un,-,crystallin beta-gamma domain containing 1,protein-coding,-,-,-,beta/gamma crystallin domain-containing protein 1,20210420,-
130825,121158789,RTN4IP1,-,-,-,Un,-,reticulon 4 interacting protein 1,protein-coding,-,-,-,"reticulon-4-interacting protein 1, mitochondrial",20210420,-
130825,121158790,QRSL1,-,-,-,Un,-,glutaminyl-tRNA amidotransferase subunit QRSL1,protein-coding,-,-,-,"glutamyl-tRNA(Gln) amidotransferase subunit A, mitochondrial",20210420,-
130825,121158791,LOC121158791,-,-,-,Un,-,uncharacterized LOC121158791,ncRNA,-,-,-,-,20210420,-
130825,121158792,MYL6B,-,-,-,Un,-,myosin light chain 6B,protein-coding,-,-,-,myosin light chain 6B,20210420,-
130825,121158793,MTRES1,-,-,-,Un,-,mitochondrial transcription rescue factor 1,protein-coding,-,-,-,mitochondrial transcription rescue factor 1,20210420,-
130825,121158794,BEND3,-,-,-,Un,-,BEN domain containing 3,protein-coding,-,-,-,BEN domain-containing protein 3,20210420,-
130825,121158795,PDSS2,-,-,-,Un,-,decaprenyl diphosphate synthase subunit 2,protein-coding,-,-,-,all trans-polyprenyl-diphosphate synthase PDSS2,20210420,-
130825,121158796,LOC121158796,-,-,-,Un,-,TM2 domain-containing protein 1-like,pseudo,-,-,-,-,20210420,-
130825,121158797,LOC121158797,-,-,-,Un,-,sine oculis binding protein homolog,protein-coding,-,-,-,sine oculis-binding protein homolog,20210420,-
130825,121158798,SCML4,-,-,-,Un,-,Scm polycomb group protein like 4,protein-coding,-,-,-,sex comb on midleg-like protein 4,20210420,-
130825,121158799,SEC63,-,-,-,Un,-,"SEC63 homolog, protein translocation regulator",protein-coding,-,-,-,translocation protein SEC63 homolog,20210420,-
130825,121158800,OSTM1,-,-,-,Un,-,osteoclastogenesis associated transmembrane protein 1,protein-coding,-,-,-,osteopetrosis-associated transmembrane protein 1,20210420,-
130825,121158801,SNX3,-,-,-,Un,-,sorting nexin 3,protein-coding,-,-,-,sorting nexin-3,20210529,-
130825,121158802,AFG1L,-,-,-,Un,-,AFG1 like ATPase,protein-coding,-,-,-,AFG1-like ATPase,20210420,-
130825,121158803,FOXO3,-,-,-,Un,-,forkhead box O3,protein-coding,-,-,-,forkhead box protein O3,20210420,-
130825,121158804,SESN1,-,-,-,Un,-,sestrin 1,protein-coding,-,-,-,sestrin-1,20210420,-
130825,121158805,CEP57L1,-,-,-,Un,-,centrosomal protein 57 like 1,protein-coding,-,-,-,centrosomal protein CEP57L1,20210420,-
130825,121158806,CD164,-,-,-,Un,-,CD164 molecule,protein-coding,-,-,-,sialomucin core protein 24,20210420,-
130825,121158807,MICAL1,-,-,-,Un,-,"microtubule associated monooxygenase, calponin and LIM domain containing 1",protein-coding,-,-,-,F-actin-monooxygenase MICAL1,20210420,-
130825,121158808,SMPD2,-,-,-,Un,-,sphingomyelin phosphodiesterase 2,protein-coding,-,-,-,sphingomyelin phosphodiesterase 2,20210420,-
130825,121158809,ZBTB24,-,-,-,Un,-,zinc finger and BTB domain containing 24,protein-coding,-,-,-,zinc finger and BTB domain-containing protein 24,20210420,-
130825,121158810,FIG4,-,-,-,Un,-,FIG4 phosphoinositide 5-phosphatase,protein-coding,-,-,-,polyphosphoinositide phosphatase,20210420,-
130825,121158811,CDC40,-,-,-,Un,-,cell division cycle 40,protein-coding,-,-,-,pre-mRNA-processing factor 17,20210420,-
130825,121158812,MYL6,-,-,-,Un,-,myosin light chain 6,protein-coding,-,-,-,myosin light polypeptide 6,20210501,-
130825,121158813,CDK19,-,-,-,Un,-,cyclin dependent kinase 19,protein-coding,-,-,-,cyclin-dependent kinase 19,20210420,-
130825,121158814,AMD1,-,-,-,Un,-,adenosylmethionine decarboxylase 1,protein-coding,-,-,-,S-adenosylmethionine decarboxylase proenzyme,20210522,-
130825,121158815,PANK3,-,-,-,Un,-,pantothenate kinase 3,protein-coding,-,-,-,pantothenate kinase 3,20210420,-
130825,121158816,GTF3C6,-,-,-,Un,-,general transcription factor IIIC subunit 6,protein-coding,-,-,-,general transcription factor 3C polypeptide 6,20210420,-
130825,121158817,RPF2,-,-,-,Un,-,ribosome production factor 2 homolog,protein-coding,-,-,-,ribosome production factor 2 homolog,20210420,-
130825,121158818,SLC16A10,-,-,-,Un,-,solute carrier family 16 member 10,protein-coding,-,-,-,monocarboxylate transporter 10,20210420,-
130825,121158819,LOC121158819,-,-,-,Un,-,uncharacterized LOC121158819,ncRNA,-,-,-,-,20210420,-
130825,121158820,REV3L,-,-,-,Un,-,"REV3 like, DNA directed polymerase zeta catalytic subunit",protein-coding,-,-,-,DNA polymerase zeta catalytic subunit,20210420,-
130825,121158821,LOC121158821,-,-,-,Un,-,sodium-dependent glucose transporter 1B-like,protein-coding,-,-,-,LOW QUALITY PROTEIN: sodium-dependent glucose transporter 1B-like,20210420,-
130825,121158822,LOC121158822,-,-,-,Un,-,sodium-dependent glucose transporter 1B-like,protein-coding,-,-,-,sodium-dependent glucose transporter 1B-like,20210420,-
130825,121158823,LOC121158823,-,-,-,Un,-,nucleophosmin-like,pseudo,-,-,-,-,20210420,-
130825,121158824,LOC121158824,-,-,-,Un,-,uncharacterized LOC121158824,ncRNA,-,-,-,-,20210420,-
130825,121158825,TRAF3IP2,-,-,-,Un,-,TRAF3 interacting protein 2,protein-coding,-,-,-,E3 ubiquitin ligase TRAF3IP2,20210420,-
130825,121158826,FYN,-,-,-,Un,-,"FYN proto-oncogene, Src family tyrosine kinase",protein-coding,-,-,-,tyrosine-protein kinase Fyn,20210501,-
130825,121158827,LOC121158827,-,-,-,Un,-,uncharacterized LOC121158827,ncRNA,-,-,-,-,20210420,-
130825,121158828,TUBE1,-,-,-,Un,-,tubulin epsilon 1,protein-coding,-,-,-,tubulin epsilon chain,20210420,-
130825,121158829,ESYT1,-,-,-,Un,-,extended synaptotagmin 1,protein-coding,-,-,-,extended synaptotagmin-1,20210420,-
130825,121158830,LOC121158830,-,-,-,Un,-,U6 spliceosomal RNA,snRNA,-,-,-,-,20210420,-
130825,121158831,LOC121158831,-,-,-,Un,-,U6 spliceosomal RNA,snRNA,-,-,-,-,20210420,-
130825,121158832,LOC121158832,-,-,-,Un,-,U6 spliceosomal RNA,snRNA,-,-,-,-,20210420,-
130825,121158833,LOC121158833,-,-,-,Un,-,U6 spliceosomal RNA,snRNA,-,-,-,-,20210420,-
130825,121158834,LOC121158834,-,-,-,Un,-,U6 spliceosomal RNA,snRNA,-,-,-,-,20210420,-
130825,121158835,LOC121158835,-,-,-,Un,-,U6 spliceosomal RNA,pseudo,-,-,-,-,20210420,-
130825,121158836,LOC121158836,-,-,-,Un,-,U6 spliceosomal RNA,snRNA,-,-,-,-,20210420,-
130825,121158837,LOC121158837,-,-,-,Un,-,U6 spliceosomal RNA,snRNA,-,-,-,-,20210420,-
130825,121158838,LOC121158838,-,-,-,Un,-,U6 spliceosomal RNA,pseudo,-,-,-,-,20210420,-
130825,121158839,LOC121158839,-,-,-,Un,-,U6 spliceosomal RNA,snRNA,-,-,-,-,20210420,-
130825,121158840,LOC121158840,-,-,-,Un,-,U6 spliceosomal RNA,snRNA,-,-,-,-,20210420,-
130825,121158841,LOC121158841,-,-,-,Un,-,U6 spliceosomal RNA,snRNA,-,-,-,-,20210420,-
130825,121158842,LOC121158842,-,-,-,Un,-,U6 spliceosomal RNA,snRNA,-,-,-,-,20210420,-
130825,121158843,ZC3H10,-,-,-,Un,-,zinc finger CCCH-type containing 10,protein-coding,-,-,-,zinc finger CCCH domain-containing protein 10,20210420,-
130825,121158844,LOC121158844,-,-,-,Un,-,U6 spliceosomal RNA,snRNA,-,-,-,-,20210420,-
130825,121158845,LOC121158845,-,-,-,Un,-,U6 spliceosomal RNA,snRNA,-,-,-,-,20210420,-
130825,121158846,LOC121158846,-,-,-,Un,-,U6 spliceosomal RNA,pseudo,-,-,-,-,20210420,-
130825,121158847,LOC121158847,-,-,-,Un,-,small nucleolar RNA SNORA73 family,snoRNA,-,-,-,-,20210420,-
130825,121158848,LOC121158848,-,-,-,Un,-,U7 small nuclear RNA,snRNA,-,-,-,-,20210420,-
130825,121158849,LOC121158849,-,-,-,Un,-,small nucleolar RNA SNORD50,snoRNA,-,-,-,-,20210420,-
130825,121158850,LOC121158850,-,-,-,Un,-,small nucleolar RNA SNORD50,snoRNA,-,-,-,-,20210420,-
130825,121158851,LOC121158851,-,-,-,Un,-,small nucleolar RNA SNORA28,snoRNA,-,-,-,-,20210420,-
130825,121158852,LOC121158852,-,-,-,Un,-,small nucleolar RNA SNORA28,snoRNA,-,-,-,-,20210420,-
130825,121158853,LOC121158853,-,-,-,Un,-,small nucleolar RNA SNORA38,snoRNA,-,-,-,-,20210420,-
130825,121158854,LOC121158854,-,-,-,Un,-,small Cajal body-specific RNA 14,ncRNA,-,-,-,-,20210420,-
130825,121158855,LOC121158855,-,-,-,Un,-,U6atac minor spliceosomal RNA,snRNA,-,-,-,-,20210420,-
130825,121158856,LOC121158856,-,-,-,Un,-,small nucleolar RNA U13,snoRNA,-,-,-,-,20210420,-
130825,121158857,LOC121158857,-,-,-,Un,-,small nucleolar RNA ACA64,snoRNA,-,-,-,-,20210420,-
130825,121158858,LOC121158858,-,-,-,Un,-,small nucleolar RNA ACA64,snoRNA,-,-,-,-,20210420,-
130825,121158859,PA2G4,-,-,-,Un,-,proliferation-associated 2G4,protein-coding,-,-,-,proliferation-associated protein 2G4,20210420,-
130825,121158860,LOC121158860,-,-,-,Un,-,small nucleolar RNA ACA64,pseudo,-,-,-,-,20210420,-
130825,121158861,LOC121158861,-,-,-,Un,-,U1 spliceosomal RNA,snRNA,-,-,-,-,20210420,-
130825,121158862,LOC121158862,-,-,-,Un,-,U1 spliceosomal RNA,snRNA,-,-,-,-,20210420,-
130825,121158863,LOC121158863,-,-,-,Un,-,U1 spliceosomal RNA,snRNA,-,-,-,-,20210420,-
130825,121158864,LOC121158864,-,-,-,Un,-,U1 spliceosomal RNA,pseudo,-,-,-,-,20210420,-
130825,121158865,LOC121158865,-,-,-,Un,-,U1 spliceosomal RNA,snRNA,-,-,-,-,20210420,-
130825,121158866,LOC121158866,-,-,-,Un,-,U2 spliceosomal RNA,snRNA,-,-,-,-,20210420,-
130825,121158867,LOC121158867,-,-,-,Un,-,U2 spliceosomal RNA,pseudo,-,-,-,-,20210420,-
130825,121158868,LOC121158868,-,-,-,Un,-,U2 spliceosomal RNA,pseudo,-,-,-,-,20210420,-
130825,121158869,LOC121158869,-,-,-,Un,-,U2 spliceosomal RNA,pseudo,-,-,-,-,20210420,-
130825,121158870,LOC121158870,-,-,-,Un,-,U2 spliceosomal RNA,pseudo,-,-,-,-,20210420,-
130825,121158871,LOC121158871,-,-,-,Un,-,U2 spliceosomal RNA,pseudo,-,-,-,-,20210420,-
130825,121158872,LOC121158872,-,-,-,Un,-,U2 spliceosomal RNA,pseudo,-,-,-,-,20210420,-
130825,121158873,LOC121158873,-,-,-,Un,-,U2 spliceosomal RNA,pseudo,-,-,-,-,20210420,-
130825,121158874,LOC121158874,-,-,-,Un,-,U2 spliceosomal RNA,pseudo,-,-,-,-,20210420,-
130825,121158875,ERBB3,-,-,-,Un,-,erb-b2 receptor tyrosine kinase 3,protein-coding,-,-,-,receptor tyrosine-protein kinase erbB-3,20210420,-
130825,121158876,LOC121158876,-,-,-,Un,-,U2 spliceosomal RNA,pseudo,-,-,-,-,20210420,-
130825,121158877,LOC121158877,-,-,-,Un,-,U2 spliceosomal RNA,pseudo,-,-,-,-,20210420,-
130825,121158878,LOC121158878,-,-,-,Un,-,U4 spliceosomal RNA,pseudo,-,-,-,-,20210420,-
130825,121158879,LOC121158879,-,-,-,Un,-,U5 spliceosomal RNA,snRNA,-,-,-,-,20210420,-
130825,121158880,LOC121158880,-,-,-,Un,-,U5 spliceosomal RNA,snRNA,-,-,-,-,20210420,-
130825,121158881,LOC121158881,-,-,-,Un,-,U6 spliceosomal RNA,snRNA,-,-,-,-,20210420,-
130825,121158882,LOC121158882,-,-,-,Un,-,U6 spliceosomal RNA,snRNA,-,-,-,-,20210420,-
130825,121158883,LOC121158883,-,-,-,Un,-,U6 spliceosomal RNA,snRNA,-,-,-,-,20210420,-
130825,121158884,LOC121158884,-,-,-,Un,-,U6 spliceosomal RNA,snRNA,-,-,-,-,20210420,-
130825,121158885,LOC121158885,-,-,-,Un,-,U6 spliceosomal RNA,snRNA,-,-,-,-,20210420,-
130825,121158886,LOC121158886,-,-,-,Un,-,U6 spliceosomal RNA,snRNA,-,-,-,-,20210420,-
130825,121158887,LOC121158887,-,-,-,Un,-,U6 spliceosomal RNA,snRNA,-,-,-,-,20210420,-
130825,121158888,LOC121158888,-,-,-,Un,-,U6 spliceosomal RNA,snRNA,-,-,-,-,20210420,-
130825,121158889,LOC121158889,-,-,-,Un,-,U6 spliceosomal RNA,snRNA,-,-,-,-,20210420,-
130825,121158890,LOC121158890,-,-,-,Un,-,U6 spliceosomal RNA,snRNA,-,-,-,-,20210420,-
130825,121158891,RPS26,-,-,-,Un,-,ribosomal protein S26,protein-coding,-,-,-,40S ribosomal protein S26,20210424,-
130825,121158892,LOC121158892,-,-,-,Un,-,U6 spliceosomal RNA,snRNA,-,-,-,-,20210420,-
130825,121158893,LOC121158893,-,-,-,Un,-,U6 spliceosomal RNA,snRNA,-,-,-,-,20210420,-
130825,121158894,LOC121158894,-,-,-,Un,-,U6 spliceosomal RNA,snRNA,-,-,-,-,20210420,-
130825,121158895,LOC121158895,-,-,-,Un,-,U6 spliceosomal RNA,snRNA,-,-,-,-,20210420,-
130825,121158896,LOC121158896,-,-,-,Un,-,U6 spliceosomal RNA,snRNA,-,-,-,-,20210420,-
130825,121158897,LOC121158897,-,-,-,Un,-,U6 spliceosomal RNA,snRNA,-,-,-,-,20210420,-
130825,121158898,LOC121158898,-,-,-,Un,-,U6 spliceosomal RNA,snRNA,-,-,-,-,20210420,-
130825,121158899,LOC121158899,-,-,-,Un,-,ubiquitin carboxyl-terminal hydrolase 17-like protein 6,pseudo,-,-,-,-,20210420,-
130825,121158900,LOC121158900,-,-,-,Un,-,zinc finger protein 260-like,protein-coding,-,-,-,zinc finger protein 260-like,20210420,-
130825,121158901,LOC121158901,-,-,-,Un,-,glycosylphosphatidylinositol-anchored high density lipoprotein-binding protein 1-like,protein-coding,-,-,-,glycosylphosphatidylinositol-anchored high density lipoprotein-binding protein 1-like,20210420,-
130825,121158902,LOC121158902,-,-,-,Un,-,guanine nucleotide exchange factor subunit RIC1-like,protein-coding,-,-,-,LOW QUALITY PROTEIN: guanine nucleotide exchange factor subunit RIC1-like,20210420,-
130825,121158903,LOC121158903,-,-,-,Un,-,endoplasmic reticulum metallopeptidase 1-like,pseudo,-,-,-,-,20210420,-
130825,121158904,LOC121158904,-,-,-,Un,-,uncharacterized LOC121158904,ncRNA,-,-,-,-,20210420,-
130825,121158905,IKZF4,-,-,-,Un,-,IKAROS family zinc finger 4,protein-coding,-,-,-,zinc finger protein Eos,20210420,-
130825,121158906,LOC121158906,-,-,-,Un,-,"dynein heavy chain 14, axonemal-like",protein-coding,-,-,-,"dynein heavy chain 14, axonemal-like",20210420,-
130825,121158907,LOC121158907,-,-,-,Un,-,"dynein heavy chain 14, axonemal-like",protein-coding,-,-,-,"dynein heavy chain 14, axonemal-like|dynein heavy chain 2, axonemal-like|dynein heavy chain 6, axonemal-like",20210420,-
130825,121158908,LOC121158908,-,-,-,Un,-,"dynein heavy chain 14, axonemal-like",protein-coding,-,-,-,"dynein heavy chain 14, axonemal-like",20210420,-
130825,121158909,LOC121158909,-,-,-,Un,-,A disintegrin and metalloproteinase with thrombospondin motifs 14-like,pseudo,-,-,-,-,20210420,-
130825,121158910,LOC121158910,-,-,-,Un,-,"dynein heavy chain 6, axonemal-like",protein-coding,-,-,-,"dynein heavy chain 6, axonemal-like",20210420,-
130825,121158911,LOC121158911,-,-,-,Un,-,uncharacterized LOC121158911,ncRNA,-,-,-,-,20210420,-
130825,121158912,LOC121158912,-,-,-,Un,-,uncharacterized LOC121158912,ncRNA,-,-,-,-,20210420,-
130825,121158913,LOC121158913,-,-,-,Un,-,uncharacterized LOC121158913,ncRNA,-,-,-,-,20210420,-
130825,121158914,LOC121158914,-,-,-,Un,-,uncharacterized LOC121158914,ncRNA,-,-,-,-,20210420,-
130825,121158915,LOC121158915,-,-,-,Un,-,uncharacterized LOC121158915,ncRNA,-,-,-,-,20210420,-
130825,121158916,LOC121158916,-,-,-,Un,-,uncharacterized LOC121158916,ncRNA,-,-,-,-,20210420,-
130825,121158917,LOC121158917,-,-,-,Un,-,beta-galactosidase-1-like protein 3,protein-coding,-,-,-,beta-galactosidase-1-like protein 3,20210420,-
130825,121158918,LOC121158918,-,-,-,Un,-,M-phase phosphoprotein 6-like,pseudo,-,-,-,-,20210420,-
130825,121158919,LOC121158919,-,-,-,Un,-,uncharacterized LOC121158919,protein-coding,-,-,-,uncharacterized protein LOC121158919,20210420,-
130825,121158920,LOC121158920,-,-,-,Un,-,uncharacterized LOC121158920,ncRNA,-,-,-,-,20210420,-
130825,121158921,LOC121158921,-,-,-,Un,-,olfactory receptor 4A15-like,protein-coding,-,-,-,olfactory receptor 4A15-like,20210420,-
130825,121158922,LOC121158922,-,-,-,Un,-,cleavage and polyadenylation specificity factor subunit 5-like,pseudo,-,-,-,-,20210420,-
130825,121158923,LOC121158923,-,-,-,Un,-,olfactory receptor 7A10-like,pseudo,-,-,-,-,20210420,-
130825,121158924,LOC121158924,-,-,-,Un,-,histone H3.3-like,protein-coding,-,-,-,histone H3.3-like,20210420,-
130825,121158925,LOC121158925,-,-,-,Un,-,beta-arrestin-1-like,pseudo,-,-,-,-,20210420,-
130825,121158926,LOC121158926,-,-,-,Un,-,putative olfactory receptor 7A2,pseudo,-,-,-,-,20210420,-
130825,121158927,LOC121158927,-,-,-,Un,-,olfactory receptor 1078-like,pseudo,-,-,-,-,20210420,-
130825,121158928,LOC121158928,-,-,-,Un,-,olfactory receptor 7A10-like,pseudo,-,-,-,-,20210420,-
130825,121158929,LOC121158929,-,-,-,Un,-,olfactory receptor 7A17-like,pseudo,-,-,-,-,20210420,-
130825,121158930,LOC121158930,-,-,-,Un,-,adenylyltransferase and sulfurtransferase MOCS3-like,pseudo,-,-,-,-,20210420,-
130825,121158931,SUOX,-,-,-,Un,-,sulfite oxidase,protein-coding,-,-,-,"sulfite oxidase, mitochondrial",20210420,-
130825,121158932,LOC121158932,-,-,-,Un,-,protein max-like,pseudo,-,-,-,-,20210420,-
130825,121158933,LOC121158933,-,-,-,Un,-,MTOR-associated protein MEAK7-like,pseudo,-,-,-,-,20210420,-
130825,121158934,LOC121158934,-,-,-,Un,-,hypoxia up-regulated protein 1-like,pseudo,-,-,-,-,20210420,-
130825,121158935,RARS1,-,-,-,Un,-,arginyl-tRNA synthetase 1,protein-coding,-,-,-,"arginine--tRNA ligase, cytoplasmic",20210420,-
130825,121158936,LOC121158936,-,-,-,Un,-,signal-induced proliferation-associated 1-like protein 3,pseudo,-,-,-,-,20210420,-
130825,121158937,LOC121158937,-,-,-,Un,-,high mobility group protein HMG-I/HMG-Y-like,pseudo,-,-,-,-,20210420,-
130825,121158938,LOC121158938,-,-,-,Un,-,olfactory receptor 7A10-like,pseudo,-,-,-,-,20210420,-
130825,121158939,LOC121158939,-,-,-,Un,-,olfactory receptor 7A10-like,pseudo,-,-,-,-,20210420,-
130825,121158940,LOC121158940,-,-,-,Un,-,uncharacterized LOC121158940,ncRNA,-,-,-,-,20210420,-
130825,121158941,LOC121158941,-,-,-,Un,-,olfactory receptor 5B17-like,protein-coding,-,-,-,olfactory receptor 5B17-like,20210420,-
130825,121158942,LOC121158942,-,-,-,Un,-,olfactory receptor 5B17-like,protein-coding,-,-,-,olfactory receptor 5B17-like,20210420,-
130825,121158943,RAB5B,-,-,-,Un,-,"RAB5B, member RAS oncogene family",protein-coding,-,-,-,ras-related protein Rab-5B,20210605,-
130825,121158944,LOC121158944,-,-,-,Un,-,olfactory receptor 5B17-like,protein-coding,-,-,-,olfactory receptor 5B17-like,20210420,-
130825,121158945,LOC121158945,-,-,-,Un,-,interferon-induced very large GTPase 1-like,pseudo,-,-,-,-,20210420,-
130825,121158946,LOC121158946,-,-,-,Un,-,ubiquitin-conjugating enzyme E2 S-like,pseudo,-,-,-,-,20210420,-
130825,121158947,LOC121158947,-,-,-,Un,-,interferon-induced very large GTPase 1-like,protein-coding,-,-,-,interferon-induced very large GTPase 1-like,20210420,-
130825,121158948,LOC121158948,-,-,-,Un,-,uncharacterized LOC121158948,ncRNA,-,-,-,-,20210420,-
130825,121158949,LOC121158949,-,-,-,Un,-,interferon-induced very large GTPase 1-like,protein-coding,-,-,-,interferon-induced very large GTPase 1-like,20210420,-
130825,121158950,LOC121158950,-,-,-,Un,-,60S ribosomal protein L35a-like,protein-coding,-,-,-,LOW QUALITY PROTEIN: 60S ribosomal protein L35a-like,20210420,-
130825,121158951,LOC121158951,-,-,-,Un,-,protein lin-7 homolog C-like,pseudo,-,-,-,-,20210420,-
130825,121158952,LOC121158952,-,-,-,Un,-,heterogeneous nuclear ribonucleoprotein D-like,pseudo,-,-,-,-,20210420,-
130825,121158953,LOC121158953,-,-,-,Un,-,interferon-induced very large GTPase 1-like,protein-coding,-,-,-,interferon-induced very large GTPase 1-like,20210420,-
130825,121158954,LOC121158954,-,-,-,Un,-,interferon-induced very large GTPase 1-like,pseudo,-,-,-,-,20210420,-
130825,121158955,LOC121158955,-,-,-,Un,-,interferon-induced very large GTPase 1-like,pseudo,-,-,-,-,20210420,-
130825,121158956,LOC121158956,-,-,-,Un,-,interferon-induced very large GTPase 1-like,pseudo,-,-,-,-,20210420,-
130825,121158957,LOC121158957,-,-,-,Un,-,interferon-induced very large GTPase 1-like,protein-coding,-,-,-,interferon-induced very large GTPase 1-like,20210420,-
130825,121158958,LOC121158958,-,-,-,Un,-,zinc finger protein OZF-like,pseudo,-,-,-,-,20210420,-
130825,121158959,LOC121158959,-,-,-,Un,-,uncharacterized LOC121158959,ncRNA,-,-,-,-,20210420,-
130825,121158960,LOC121158960,-,-,-,Un,-,zinc finger protein 260-like,protein-coding,-,-,-,zinc finger protein 260-like,20210420,-
130825,121158961,TRNAC-GCA,-,-,-,Un,-,transfer RNA cysteine (anticodon GCA),tRNA,-,-,-,-,20210420,-
130825,121158962,TRNAC-GCA,-,-,-,Un,-,transfer RNA cysteine (anticodon GCA),tRNA,-,-,-,-,20210420,-
130825,121158963,LOC121158963,-,-,-,Un,-,protein N-terminal asparagine amidohydrolase-like,pseudo,-,-,-,-,20210420,-
130825,121158964,LOC121158964,-,-,-,Un,-,structural maintenance of chromosomes protein 5-like,protein-coding,-,-,-,LOW QUALITY PROTEIN: structural maintenance of chromosomes protein 5-like,20210420,-
130825,121158965,LOC121158965,-,-,-,Un,-,transport and Golgi organization protein 1 homolog,protein-coding,-,-,-,transport and Golgi organization protein 1 homolog,20210420,-
130825,121158966,LOC121158966,-,-,-,Un,-,60S ribosomal protein L18-like,pseudo,-,-,-,-,20210420,-
130825,121158967,PPP1R3G,-,-,-,Un,-,protein phosphatase 1 regulatory subunit 3G,protein-coding,-,-,-,protein phosphatase 1 regulatory subunit 3G,20210420,-
130825,121158968,CDK2,-,-,-,Un,-,cyclin dependent kinase 2,protein-coding,-,-,-,cyclin-dependent kinase 2,20210420,-
130825,121158969,LOC121158969,-,-,-,Un,-,activated RNA polymerase II transcriptional coactivator p15-like,pseudo,-,-,-,-,20210420,-
130825,121158970,LOC121158970,-,-,-,Un,-,probable small intestine urate exporter,protein-coding,-,-,-,probable small intestine urate exporter,20210420,-
130825,121158971,LOC121158971,-,-,-,Un,-,tubulin beta-4B chain-like,protein-coding,-,-,-,tubulin beta-4B chain-like,20210420,-
130825,121158972,LOC121158972,-,-,-,Un,-,leukocyte elastase inhibitor-like,protein-coding,-,-,-,leukocyte elastase inhibitor-like,20210420,-
130825,121158973,MYLK4,-,-,-,Un,-,myosin light chain kinase family member 4,protein-coding,-,-,-,myosin light chain kinase family member 4,20210420,-
130825,121158974,LOC121158974,-,-,-,Un,-,dnaJ homolog subfamily C member 2-like,pseudo,-,-,-,-,20210420,-
130825,121158975,LOC121158975,-,-,-,Un,-,olfactory receptor 1F12,protein-coding,-,-,-,olfactory receptor 1F12,20210420,-
130825,121158976,LOC121158976,-,-,-,Un,-,putative olfactory receptor 2B8,protein-coding,-,-,-,putative olfactory receptor 2B8,20210420,-
130825,121158977,LOC121158977,-,-,-,Un,-,putative olfactory receptor 2W6,protein-coding,-,-,-,putative olfactory receptor 2W6,20210420,-
130825,121158978,LOC121158978,-,-,-,Un,-,uncharacterized LOC121158978,protein-coding,-,-,-,uncharacterized protein LOC121158978,20210420,-
130825,121158979,PRSS16,-,-,-,Un,-,serine protease 16,protein-coding,-,-,-,thymus-specific serine protease,20210420,-
130825,121158980,LOC121158980,-,-,-,Un,-,polyserase-2-like,protein-coding,-,-,-,polyserase-2-like,20210420,-
130825,121158981,LOC121158981,-,-,-,Un,-,uncharacterized LOC121158981,protein-coding,-,-,-,uncharacterized protein LOC121158981,20210420,-
130825,121158982,LOC121158982,-,-,-,Un,-,"N-acetyllactosaminide beta-1,6-N-acetylglucosaminyl-transferase-like",pseudo,-,-,-,-,20210420,-
130825,121158983,LOC121158983,-,-,-,Un,-,"N-acetyllactosaminide beta-1,6-N-acetylglucosaminyl-transferase-like",protein-coding,-,-,-,"N-acetyllactosaminide beta-1,6-N-acetylglucosaminyl-transferase-like",20210420,-
130825,121158984,SYCP2L,-,-,-,Un,-,synaptonemal complex protein 2 like,protein-coding,-,-,-,synaptonemal complex protein 2-like,20210420,-
130825,121158985,LOC121158985,-,-,-,Un,-,40S ribosomal protein SA-like,pseudo,-,-,-,-,20210420,-
130825,121158986,LOC121158986,-,-,-,Un,-,elongation factor 1-alpha 1-like,pseudo,-,-,-,-,20210420,-
130825,121158987,LOC121158987,-,-,-,Un,-,basic proline-rich protein-like,protein-coding,-,-,-,basic proline-rich protein-like,20210420,-
130825,121158988,NRN1,-,-,-,Un,-,neuritin 1,protein-coding,-,-,-,neuritin,20210420,-
130825,121158989,LOC121158989,-,-,-,Un,-,uncharacterized LOC121158989,ncRNA,-,-,-,-,20210420,-
130825,121158990,LOC121158990,-,-,-,Un,-,uncharacterized LOC121158990,ncRNA,-,-,-,-,20210420,-
130825,121158991,LOC121158991,-,-,-,Un,-,uncharacterized LOC121158991,ncRNA,-,-,-,-,20210420,-
130825,121158992,LOC121158992,-,-,-,Un,-,uncharacterized LOC121158992,ncRNA,-,-,-,-,20210420,-
130825,121158993,FAM217A,-,-,-,Un,-,family with sequence similarity 217 member A,protein-coding,-,-,-,protein FAM217A,20210420,-
130825,121158994,FAM50B,-,-,-,Un,-,family with sequence similarity 50 member B,protein-coding,-,-,-,protein FAM50B,20210420,-
130825,121158995,PSMG4,-,-,-,Un,-,proteasome assembly chaperone 4,protein-coding,-,-,-,proteasome assembly chaperone 4,20210420,-
130825,121158996,FOXC1,-,-,-,Un,-,forkhead box C1,protein-coding,-,-,-,forkhead box protein C1,20210420,-
130825,121158997,FOXF2,-,-,-,Un,-,forkhead box F2,protein-coding,-,-,-,forkhead box protein F2,20210420,-
130825,121158998,FOXQ1,-,-,-,Un,-,forkhead box Q1,protein-coding,-,-,-,forkhead box protein Q1,20210420,-
130825,121158999,LOC121158999,-,-,-,Un,-,uncharacterized LOC121158999,ncRNA,-,-,-,-,20210420,-
130825,121159000,LOC121159000,-,-,-,Un,-,uncharacterized LOC121159000,ncRNA,-,-,-,-,20210420,-
130825,121159001,LOC121159001,-,-,-,Un,-,putative olfactory receptor 2W6,protein-coding,-,-,-,putative olfactory receptor 2W6,20210420,-
130825,121159002,LOC121159002,-,-,-,Un,-,olfactory receptor 2B2,protein-coding,-,-,-,olfactory receptor 2B2,20210420,-
130825,121159003,LOC121159003,-,-,-,Un,-,histone H2B type 1-C/E/F/G/I,protein-coding,-,-,-,histone H2B type 1-C/E/F/G/I,20210424,-
130825,121159004,LOC121159004,-,-,-,Un,-,histone H2A type 1-H-like,protein-coding,-,-,-,histone H2A type 1-H-like,20210420,-
130825,121159005,LOC121159005,-,-,-,Un,-,histone H2A type 1-H-like,protein-coding,-,-,-,histone H2A type 1-H-like|histone H2A type 1-like,20210420,-
130825,121159006,LOC121159006,-,-,-,Un,-,histone H2A type 1-H,protein-coding,-,-,-,histone H2A type 1-H,20210424,-
130825,121159007,DGKA,-,-,-,Un,-,diacylglycerol kinase alpha,protein-coding,-,-,-,diacylglycerol kinase alpha,20210420,-
130825,121159008,TFAP2A,-,-,-,Un,-,transcription factor AP-2 alpha,protein-coding,-,-,-,transcription factor AP-2-alpha,20210420,-
130825,121159009,CUNH6orf52,-,-,-,Un,-,chromosome unknown C6orf52 homolog,protein-coding,-,-,-,putative uncharacterized protein C6orf52 homolog,20210420,-
130825,121159010,MAK,-,-,-,Un,-,male germ cell associated kinase,protein-coding,-,-,-,serine/threonine-protein kinase MAK,20210420,-
130825,121159011,GCM2,-,-,-,Un,-,glial cells missing transcription factor 2,protein-coding,-,-,-,chorion-specific transcription factor GCMb,20210420,-
130825,121159012,ELOVL2,-,-,-,Un,-,ELOVL fatty acid elongase 2,protein-coding,-,-,-,elongation of very long chain fatty acids protein 2,20210420,-
130825,121159013,LOC121159013,-,-,-,Un,-,uncharacterized LOC121159013,ncRNA,-,-,-,-,20210420,-
130825,121159014,LOC121159014,-,-,-,Un,-,androgen dependent TFPI regulating protein,protein-coding,-,-,-,androgen-dependent TFPI-regulating protein,20210420,-
130825,121159015,EDN1,-,-,-,Un,-,endothelin 1,protein-coding,-,-,-,endothelin-1,20210420,-
130825,121159016,LOC121159016,-,-,-,Un,-,putative vomeronasal receptor-like protein 4,pseudo,-,-,-,-,20210420,-
130825,121159017,LOC121159017,-,-,-,Un,-,zinc finger protein 883-like,pseudo,-,-,-,-,20210420,-
130825,121159018,LOC121159018,-,-,-,Un,-,zinc finger protein OZF-like,protein-coding,-,-,-,zinc finger protein OZF-like,20210420,-
130825,121159019,LOC121159019,-,-,-,Un,-,60S ribosomal protein L27a-like,pseudo,-,-,-,-,20210420,-
130825,121159020,LOC121159020,-,-,-,Un,-,holocytochrome c-type synthase-like,protein-coding,-,-,-,holocytochrome c-type synthase-like,20210420,-
130825,121159021,BLOC1S5,-,-,-,Un,-,biogenesis of lysosomal organelles complex 1 subunit 5,protein-coding,-,-,-,biogenesis of lysosome-related organelles complex 1 subunit 5,20210420,-
130825,121159022,BMP6,-,-,-,Un,-,bone morphogenetic protein 6,protein-coding,-,-,-,bone morphogenetic protein 6,20210420,-
130825,121159023,TXNDC5,-,-,-,Un,-,thioredoxin domain containing 5,protein-coding,-,-,-,thioredoxin domain-containing protein 5,20210420,-
130825,121159024,LOC121159024,-,-,-,Un,-,desmoplakin,protein-coding,-,-,-,desmoplakin,20210420,-
130825,121159025,PYM1,-,-,-,Un,-,"PYM homolog 1, exon junction complex associated factor",protein-coding,-,-,-,partner of Y14 and mago,20210420,-
130825,121159026,SNRNP48,-,-,-,Un,-,small nuclear ribonucleoprotein U11/U12 subunit 48,protein-coding,-,-,-,U11/U12 small nuclear ribonucleoprotein 48 kDa protein,20210420,-
130825,121159027,RIOK1,-,-,-,Un,-,RIO kinase 1,protein-coding,-,-,-,serine/threonine-protein kinase RIO1,20210420,-
130825,121159028,CAGE1,-,-,-,Un,-,cancer antigen 1,protein-coding,-,-,-,cancer-associated gene 1 protein,20210420,-
130825,121159029,SSR1,-,-,-,Un,-,signal sequence receptor subunit 1,protein-coding,-,-,-,translocon-associated protein subunit alpha,20210420,-
130825,121159030,LOC121159030,-,-,-,Un,-,uncharacterized LOC121159030,ncRNA,-,-,-,-,20210420,-
130825,121159031,RREB1,-,-,-,Un,-,ras responsive element binding protein 1,protein-coding,-,-,-,ras-responsive element-binding protein 1,20210420,-
130825,121159032,LY86,-,-,-,Un,-,lymphocyte antigen 86,protein-coding,-,-,-,lymphocyte antigen 86,20210420,-
130825,121159033,TENM2,-,-,-,Un,-,teneurin transmembrane protein 2,protein-coding,-,-,-,teneurin-2,20210420,-
130825,121159034,LOC121159034,-,-,-,Un,-,uncharacterized LOC121159034,ncRNA,-,-,-,-,20210420,-
130825,121159035,F13A1,-,-,-,Un,-,coagulation factor XIII A chain,protein-coding,-,-,-,coagulation factor XIII A chain,20210420,-
130825,121159036,LOC121159036,-,-,-,Un,-,uncharacterized LOC121159036,ncRNA,-,-,-,-,20210420,-
130825,121159037,FARS2,-,-,-,Un,-,"phenylalanyl-tRNA synthetase 2, mitochondrial",protein-coding,-,-,-,"phenylalanine--tRNA ligase, mitochondrial",20210420,-
130825,121159038,LYRM4,-,-,-,Un,-,LYR motif containing 4,protein-coding,-,-,-,LYR motif-containing protein 4,20210420,-
130825,121159039,MMP19,-,-,-,Un,-,matrix metallopeptidase 19,protein-coding,-,-,-,matrix metalloproteinase-19,20210420,-
130825,121159040,LOC121159040,-,-,-,Un,-,uncharacterized LOC121159040,ncRNA,-,-,-,-,20210420,-
130825,121159041,RPP40,-,-,-,Un,-,ribonuclease P/MRP subunit p40,protein-coding,-,-,-,ribonuclease P protein subunit p40,20210420,-
130825,121159042,CDYL,-,-,-,Un,-,chromodomain Y like,protein-coding,-,-,-,chromodomain Y-like protein,20210420,-
130825,121159043,ECI2,-,-,-,Un,-,enoyl-CoA delta isomerase 2,protein-coding,-,-,-,enoyl-CoA delta isomerase 2,20210420,-
130825,121159044,CUNH6orf201,-,-,-,Un,-,chromosome unknown C6orf201 homolog,protein-coding,-,-,-,uncharacterized protein C6orf201 homolog,20210420,-
130825,121159045,PRPF4B,-,-,-,Un,-,pre-mRNA processing factor 4B,protein-coding,-,-,-,serine/threonine-protein kinase PRP4 homolog,20210420,-
130825,121159046,LOC121159046,-,-,-,Un,-,transmembrane protein 198-like,protein-coding,-,-,-,transmembrane protein 198-like,20210420,-
130825,121159047,PXDC1,-,-,-,Un,-,PX domain containing 1,protein-coding,-,-,-,PX domain-containing protein 1,20210420,-
130825,121159048,SLC22A23,-,-,-,Un,-,solute carrier family 22 member 23,protein-coding,-,-,-,solute carrier family 22 member 23,20210420,-
130825,121159049,LOC121159049,-,-,-,Un,-,tubulin beta-2A chain,protein-coding,-,-,-,tubulin beta chain|tubulin beta-2A chain,20210515,-
130825,121159050,LOC121159050,-,-,-,Un,-,tubulin beta-2B chain,protein-coding,-,-,-,tubulin beta chain|tubulin beta-2 chain|tubulin beta-2B chain,20210522,-
130825,121159051,DNAJC14,-,-,-,Un,-,DnaJ heat shock protein family (Hsp40) member C14,protein-coding,-,-,-,dnaJ homolog subfamily C member 14,20210420,-
130825,121159052,LOC121159052,-,-,-,Un,-,valacyclovir hydrolase-like,protein-coding,-,-,-,valacyclovir hydrolase-like,20210420,-
130825,121159053,LOC121159053,-,-,-,Un,-,receptor-interacting serine/threonine-protein kinase 1-like,protein-coding,-,-,-,receptor-interacting serine/threonine-protein kinase 1-like,20210420,-
130825,121159054,NQO2,-,-,-,Un,-,N-ribosyldihydronicotinamide:quinone reductase 2,protein-coding,-,-,-,ribosyldihydronicotinamide dehydrogenase [quinone],20210420,-
130825,121159055,ORMDL2,-,-,-,Un,-,ORMDL sphingolipid biosynthesis regulator 2,protein-coding,-,-,-,ORM1-like protein 2,20210420,-
130825,121159056,SERPINB6,-,-,-,Un,-,serpin family B member 6,protein-coding,-,-,-,serpin B6,20210420,-
130825,121159057,SERPINB9,-,-,-,Un,-,serpin family B member 9,protein-coding,-,-,-,serpin B9,20210420,-
130825,121159058,LOC121159058,-,-,-,Un,-,leukocyte elastase inhibitor-like,protein-coding,-,-,-,leukocyte elastase inhibitor-like,20210420,-
130825,121159059,LOC121159059,-,-,-,Un,-,leukocyte elastase inhibitor-like,protein-coding,-,-,-,leukocyte elastase inhibitor-like,20210420,-
130825,121159060,LOC121159060,-,-,-,Un,-,leukocyte elastase inhibitor-like,protein-coding,-,-,-,leukocyte elastase inhibitor-like,20210420,-
130825,121159061,LOC121159061,-,-,-,Un,-,leukocyte elastase inhibitor A-like,protein-coding,-,-,-,leukocyte elastase inhibitor A-like,20210420,-
130825,121159062,LOC121159062,-,-,-,Un,-,leukocyte elastase inhibitor-like,protein-coding,-,-,-,leukocyte elastase inhibitor-like,20210420,-
130825,121159063,WRNIP1,-,-,-,Un,-,WRN helicase interacting protein 1,protein-coding,-,-,-,ATPase WRNIP1,20210420,-
130825,121159064,LOC121159064,-,-,-,Un,-,SAP domain containing ribonucleoprotein,protein-coding,-,-,-,SAP domain-containing ribonucleoprotein,20210420,-
130825,121159065,GMDS,-,-,-,Un,-,"GDP-mannose 4,6-dehydratase",protein-coding,-,-,-,"GDP-mannose 4,6 dehydratase",20210420,-
130825,121159066,EXOC2,-,-,-,Un,-,exocyst complex component 2,protein-coding,-,-,-,exocyst complex component 2,20210420,-
130825,121159067,HUS1B,-,-,-,Un,-,HUS1 checkpoint clamp component B,protein-coding,-,-,-,checkpoint protein HUS1B,20210420,-
130825,121159068,IRF4,-,-,-,Un,-,interferon regulatory factor 4,protein-coding,-,-,-,interferon regulatory factor 4,20210420,-
130825,121159069,DUSP22,-,-,-,Un,-,dual specificity phosphatase 22,protein-coding,-,-,-,dual specificity protein phosphatase 22,20210420,-
130825,121159070,LOC121159070,-,-,-,Un,-,histone H3.1-like,protein-coding,-,-,-,histone H3.1-like,20210420,-
130825,121159071,H1-5,-,-,-,Un,-,"H1.5 linker histone, cluster member",protein-coding,-,-,-,histone H1.5,20210420,-
130825,121159072,LOC121159072,-,-,-,Un,-,histone H3.1,protein-coding,-,-,-,histone H3.1,20210424,-
130825,121159073,LOC121159073,-,-,-,Un,-,histone H2A type 1-H-like,protein-coding,-,-,-,histone H2A type 1-H-like,20210420,-
130825,121159074,LOC121159074,-,-,-,Un,-,histone H2A type 1-H,protein-coding,-,-,-,histone H2A type 1-H,20210424,-
130825,121159075,LOC121159075,-,-,-,Un,-,histone H2B type 1-H-like,protein-coding,-,-,-,histone H2B type 1-H-like,20210420,-
130825,121159076,LOC121159076,-,-,-,Un,-,histone H2B type 1-C/E/F/G/I,protein-coding,-,-,-,histone H2B type 1-C/E/F/G/I,20210425,-
130825,121159077,LOC121159077,-,-,-,Un,-,histone H2B type 1-C/E/F/G/I,protein-coding,-,-,-,histone H2B type 1-C/E/F/G/I,20210424,-
130825,121159078,LOC121159078,-,-,-,Un,-,zinc finger protein 184-like,protein-coding,-,-,-,zinc finger protein 184-like,20210420,-
130825,121159079,LOC121159079,-,-,-,Un,-,histone H2A type 1-H-like,protein-coding,-,-,-,histone H2A type 1-H-like,20210420,-
130825,121159080,LOC121159080,-,-,-,Un,-,histone H2B type 1-H,protein-coding,-,-,-,histone H2B type 1-H,20210428,-
130825,121159081,LOC121159081,-,-,-,Un,-,histone H2B type 1-H,protein-coding,-,-,-,histone H2B type 1-H,20210424,-
130825,121159082,LOC121159082,-,-,-,Un,-,histone H4,protein-coding,-,-,-,histone H4,20210425,-
130825,121159083,EEF1E1,-,-,-,Un,-,eukaryotic translation elongation factor 1 epsilon 1,protein-coding,-,-,-,eukaryotic translation elongation factor 1 epsilon-1,20210420,-
130825,121159084,SLC35B3,-,-,-,Un,-,solute carrier family 35 member B3,protein-coding,-,-,-,adenosine 3'-phospho 5'-phosphosulfate transporter 2,20210420,-
130825,121159085,LOC121159085,-,-,-,Un,-,"N-acetyllactosaminide beta-1,6-N-acetylglucosaminyl-transferase-like",protein-coding,-,-,-,"N-acetyllactosaminide beta-1,6-N-acetylglucosaminyl-transferase-like",20210420,-
130825,121159086,LOC121159086,-,-,-,Un,-,"N-acetyllactosaminide beta-1,6-N-acetylglucosaminyl-transferase-like",protein-coding,-,-,-,"N-acetyllactosaminide beta-1,6-N-acetylglucosaminyl-transferase-like",20210420,-
130825,121159087,LOC121159087,-,-,-,Un,-,"N-acetyllactosaminide beta-1,6-N-acetylglucosaminyl-transferase-like",protein-coding,-,-,-,"N-acetyllactosaminide beta-1,6-N-acetylglucosaminyl-transferase-like",20210420,-
130825,121159088,LOC121159088,-,-,-,Un,-,uncharacterized LOC121159088,ncRNA,-,-,-,-,20210420,-
130825,121159089,PAK1IP1,-,-,-,Un,-,PAK1 interacting protein 1,protein-coding,-,-,-,p21-activated protein kinase-interacting protein 1,20210420,-
130825,121159090,TMEM14C,-,-,-,Un,-,transmembrane protein 14C,protein-coding,-,-,-,transmembrane protein 14C,20210420,-
130825,121159091,SMIM13,-,-,-,Un,-,small integral membrane protein 13,protein-coding,-,-,-,small integral membrane protein 13,20210420,-
130825,121159092,NEDD9,-,-,-,Un,-,"neural precursor cell expressed, developmentally down-regulated 9",protein-coding,-,-,-,enhancer of filamentation 1,20210420,-
130825,121159093,LOC121159093,-,-,-,Un,-,uncharacterized LOC121159093,ncRNA,-,-,-,-,20210420,-
130825,121159094,TMEM170B,-,-,-,Un,-,transmembrane protein 170B,protein-coding,-,-,-,transmembrane protein 170B,20210529,-
130825,121159095,HIVEP1,-,-,-,Un,-,HIVEP zinc finger 1,protein-coding,-,-,-,zinc finger protein 40,20210420,-
130825,121159096,GDF11,-,-,-,Un,-,growth differentiation factor 11,protein-coding,-,-,-,growth/differentiation factor 11,20210420,-
130825,121159097,PHACTR1,-,-,-,Un,-,phosphatase and actin regulator 1,protein-coding,-,-,-,phosphatase and actin regulator 1,20210420,-
130825,121159098,LOC121159098,-,-,-,Un,-,SWI/SNF-related matrix-associated actin-dependent regulator of chromatin subfamily E member 1-like,protein-coding,-,-,-,LOW QUALITY PROTEIN: SWI/SNF-related matrix-associated actin-dependent regulator of chromatin subfamily E member 1-like,20210420,-
130825,121159099,ZNF322,-,-,-,Un,-,zinc finger protein 322,protein-coding,-,-,-,zinc finger protein 322,20210420,-
130825,121159100,TBC1D7,-,-,-,Un,-,TBC1 domain family member 7,protein-coding,-,-,-,TBC1 domain family member 7,20210420,-
130825,121159101,LOC121159101,-,-,-,Un,-,U2 spliceosomal RNA,pseudo,-,-,-,-,20210420,-
130825,121159102,RDH5,-,-,-,Un,-,retinol dehydrogenase 5,protein-coding,-,-,-,retinol dehydrogenase 5,20210420,-
130825,121159103,LOC121159103,-,-,-,Un,-,U2 spliceosomal RNA,pseudo,-,-,-,-,20210420,-
130825,121159104,LOC121159104,-,-,-,Un,-,U6 spliceosomal RNA,snRNA,-,-,-,-,20210420,-
130825,121159105,LOC121159105,-,-,-,Un,-,U6 spliceosomal RNA,snRNA,-,-,-,-,20210420,-
130825,121159106,LOC121159106,-,-,-,Un,-,U6 spliceosomal RNA,snRNA,-,-,-,-,20210420,-
130825,121159107,LOC121159107,-,-,-,Un,-,U6 spliceosomal RNA,snRNA,-,-,-,-,20210420,-
130825,121159108,LOC121159108,-,-,-,Un,-,U6 spliceosomal RNA,snRNA,-,-,-,-,20210420,-
130825,121159109,LOC121159109,-,-,-,Un,-,U6 spliceosomal RNA,snRNA,-,-,-,-,20210420,-
130825,121159110,LOC121159110,-,-,-,Un,-,U6 spliceosomal RNA,snRNA,-,-,-,-,20210420,-
130825,121159111,LOC121159111,-,-,-,Un,-,U11 spliceosomal RNA,snRNA,-,-,-,-,20210420,-
130825,121159112,LOC121159112,-,-,-,Un,-,U1 spliceosomal RNA,pseudo,-,-,-,-,20210420,-
130825,121159113,LOC121159113,-,-,-,Un,-,U1 spliceosomal RNA,snRNA,-,-,-,-,20210420,-
130825,121159114,TRNAK-CUU,-,-,-,Un,-,transfer RNA lysine (anticodon CUU),tRNA,-,-,-,-,20210420,-
130825,121159115,TRNAV-AAC,-,-,-,Un,-,transfer RNA valine (anticodon AAC),tRNA,-,-,-,-,20210420,-
130825,121159116,TRNAA-AGC,-,-,-,Un,-,transfer RNA alanine (anticodon AGC),tRNA,-,-,-,-,20210420,-
130825,121159117,TRNAV-AAC,-,-,-,Un,-,transfer RNA valine (anticodon AAC),tRNA,-,-,-,-,20210420,-
130825,121159118,TRNAA-AGC,-,-,-,Un,-,transfer RNA alanine (anticodon AGC),tRNA,-,-,-,-,20210420,-
130825,121159119,TRNAV-AAC,-,-,-,Un,-,transfer RNA valine (anticodon AAC),tRNA,-,-,-,-,20210420,-
130825,121159120,TRNAV-AAC,-,-,-,Un,-,transfer RNA valine (anticodon AAC),tRNA,-,-,-,-,20210420,-
130825,121159121,TRNAA-AGC,-,-,-,Un,-,transfer RNA alanine (anticodon AGC),tRNA,-,-,-,-,20210420,-
130825,121159122,TRNAV-AAC,-,-,-,Un,-,transfer RNA valine (anticodon AAC),tRNA,-,-,-,-,20210420,-
130825,121159123,TRNAA-AGC,-,-,-,Un,-,transfer RNA alanine (anticodon AGC),tRNA,-,-,-,-,20210420,-
130825,121159124,TRNAV-AAC,-,-,-,Un,-,transfer RNA valine (anticodon AAC),tRNA,-,-,-,-,20210420,-
130825,121159125,TRNAA-AGC,-,-,-,Un,-,transfer RNA alanine (anticodon AGC),tRNA,-,-,-,-,20210420,-
130825,121159126,TRNAV-AAC,-,-,-,Un,-,transfer RNA valine (anticodon AAC),tRNA,-,-,-,-,20210420,-
130825,121159127,TRNAA-AGC,-,-,-,Un,-,transfer RNA alanine (anticodon AGC),tRNA,-,-,-,-,20210420,-
130825,121159128,BLOC1S1,-,-,-,Un,-,biogenesis of lysosomal organelles complex 1 subunit 1,protein-coding,-,-,-,biogenesis of lysosome-related organelles complex 1 subunit 1,20210420,-
130825,121159129,TRNAV-AAC,-,-,-,Un,-,transfer RNA valine (anticodon AAC),tRNA,-,-,-,-,20210420,-
130825,121159130,TRNAA-AGC,-,-,-,Un,-,transfer RNA alanine (anticodon AGC),tRNA,-,-,-,-,20210420,-
130825,121159131,TRNAV-AAC,-,-,-,Un,-,transfer RNA valine (anticodon AAC),tRNA,-,-,-,-,20210420,-
130825,121159132,TRNAT-AGU,-,-,-,Un,-,transfer RNA threonine (anticodon AGU),tRNA,-,-,-,-,20210420,-
130825,121159133,TRNAA-AGC,-,-,-,Un,-,transfer RNA alanine (anticodon AGC),tRNA,-,-,-,-,20210420,-
130825,121159134,TRNAV-AAC,-,-,-,Un,-,transfer RNA valine (anticodon AAC),tRNA,-,-,-,-,20210420,-
130825,121159135,TRNAS-CGA,-,-,-,Un,-,transfer RNA serine (anticodon CGA),tRNA,-,-,-,-,20210420,-
130825,121159136,TRNAR-ACG,-,-,-,Un,-,transfer RNA arginine (anticodon ACG),tRNA,-,-,-,-,20210420,-
130825,121159137,TRNAQ-CUG,-,-,-,Un,-,transfer RNA glutamine (anticodon CUG),tRNA,-,-,-,-,20210420,-
130825,121159138,TRNAK-UUU,-,-,-,Un,-,transfer RNA lysine (anticodon UUU),tRNA,-,-,-,-,20210420,-
130825,121159139,TRNAT-CGU,-,-,-,Un,-,transfer RNA threonine (anticodon CGU),tRNA,-,-,-,-,20210420,-
130825,121159140,TRNAI-UAU,-,-,-,Un,-,transfer RNA isoleucine (anticodon UAU),tRNA,-,-,-,-,20210420,-
130825,121159141,TRNAS-UGA,-,-,-,Un,-,transfer RNA serine (anticodon UGA),tRNA,-,-,-,-,20210420,-
130825,121159142,TRNAK-UUU,-,-,-,Un,-,transfer RNA lysine (anticodon UUU),tRNA,-,-,-,-,20210420,-
130825,121159143,TRNAG-GCC,-,-,-,Un,-,transfer RNA glycine (anticodon GCC),tRNA,-,-,-,-,20210420,-
130825,121159144,LOC121159144,-,-,-,Un,-,olfactory receptor 6C74,protein-coding,-,-,-,olfactory receptor 6C74,20210420,-
130825,121159145,TRNAM-CAU,-,-,-,Un,-,transfer RNA methionine (anticodon CAU),tRNA,-,-,-,-,20210420,-
130825,121159146,TRNAI-AAU,-,-,-,Un,-,transfer RNA isoleucine (anticodon AAU),tRNA,-,-,-,-,20210420,-
130825,121159147,TRNAL-UAA,-,-,-,Un,-,transfer RNA leucine (anticodon UAA),tRNA,-,-,-,-,20210420,-
130825,121159148,TRNAV-AAC,-,-,-,Un,-,transfer RNA valine (anticodon AAC),tRNA,-,-,-,-,20210420,-
130825,121159149,TRNAA-AGC,-,-,-,Un,-,transfer RNA alanine (anticodon AGC),tRNA,-,-,-,-,20210420,-
130825,121159150,TRNAV-AAC,-,-,-,Un,-,transfer RNA valine (anticodon AAC),tRNA,-,-,-,-,20210420,-
130825,121159151,TRNAA-AGC,-,-,-,Un,-,transfer RNA alanine (anticodon AGC),tRNA,-,-,-,-,20210420,-
130825,121159152,TRNAV-AAC,-,-,-,Un,-,transfer RNA valine (anticodon AAC),tRNA,-,-,-,-,20210420,-
130825,121159153,TRNAA-AGC,-,-,-,Un,-,transfer RNA alanine (anticodon AGC),tRNA,-,-,-,-,20210420,-
130825,121159154,TRNAS-GCU,-,-,-,Un,-,transfer RNA serine (anticodon GCU),tRNA,-,-,-,-,20210420,-
130825,121159155,TRNAM-CAU,-,-,-,Un,-,transfer RNA methionine (anticodon CAU),tRNA,-,-,-,-,20210420,-
130825,121159156,TRNAM-CAU,-,-,-,Un,-,transfer RNA methionine (anticodon CAU),tRNA,-,-,-,-,20210420,-
130825,121159157,TRNAT-AGU,-,-,-,Un,-,transfer RNA threonine (anticodon AGU),tRNA,-,-,-,-,20210420,-
130825,121159158,TRNAI-AAU,-,-,-,Un,-,transfer RNA isoleucine (anticodon AAU),tRNA,-,-,-,-,20210420,-
130825,121159159,TRNAI-AAU,-,-,-,Un,-,transfer RNA isoleucine (anticodon AAU),tRNA,-,-,-,-,20210420,-
130825,121159160,LOC121159160,-,-,-,Un,-,olfactory receptor 6C74-like,protein-coding,-,-,-,olfactory receptor 6C74-like,20210420,-
130825,121159161,TRNAI-AAU,-,-,-,Un,-,transfer RNA isoleucine (anticodon AAU),tRNA,-,-,-,-,20210420,-
130825,121159162,TRNAF-GAA,-,-,-,Un,-,transfer RNA phenylalanine (anticodon GAA),tRNA,-,-,-,-,20210420,-
130825,121159163,TRNAS-AGA,-,-,-,Un,-,transfer RNA serine (anticodon AGA),tRNA,-,-,-,-,20210420,-
130825,121159164,TRNAS-AGA,-,-,-,Un,-,transfer RNA serine (anticodon AGA),tRNA,-,-,-,-,20210420,-
130825,121159165,TRNAQ-CUG,-,-,-,Un,-,transfer RNA glutamine (anticodon CUG),tRNA,-,-,-,-,20210420,-
130825,121159166,TRNAS-AGA,-,-,-,Un,-,transfer RNA serine (anticodon AGA),tRNA,-,-,-,-,20210420,-
130825,121159167,TRNAQ-UUG,-,-,-,Un,-,transfer RNA glutamine (anticodon UUG),tRNA,-,-,-,-,20210420,-
130825,121159168,TRNAK-UUU,-,-,-,Un,-,transfer RNA lysine (anticodon UUU),tRNA,-,-,-,-,20210420,-
130825,121159169,TRNAL-CAA,-,-,-,Un,-,transfer RNA leucine (anticodon CAA),tRNA,-,-,-,-,20210420,-
130825,121159170,TRNAD-GUC,-,-,-,Un,-,transfer RNA aspartic acid (anticodon GUC),tRNA,-,-,-,-,20210420,-
130825,121159171,TRNAS-AGA,-,-,-,Un,-,transfer RNA serine (anticodon AGA),tRNA,-,-,-,-,20210420,-
130825,121159172,TRNAS-GCU,-,-,-,Un,-,transfer RNA serine (anticodon GCU),tRNA,-,-,-,-,20210420,-
130825,121159173,TRNAI-AAU,-,-,-,Un,-,transfer RNA isoleucine (anticodon AAU),tRNA,-,-,-,-,20210420,-
130825,121159174,TRNAI-AAU,-,-,-,Un,-,transfer RNA isoleucine (anticodon AAU),tRNA,-,-,-,-,20210420,-
130825,121159175,TRNAV-AAC,-,-,-,Un,-,transfer RNA valine (anticodon AAC),tRNA,-,-,-,-,20210420,-
130825,121159176,ACTR6,-,-,-,Un,-,actin related protein 6,protein-coding,-,-,-,actin-related protein 6,20210529,-
130825,121159177,TRNAR-ACG,-,-,-,Un,-,transfer RNA arginine (anticodon ACG),tRNA,-,-,-,-,20210420,-
130825,121159178,TRNAS-CGA,-,-,-,Un,-,transfer RNA serine (anticodon CGA),tRNA,-,-,-,-,20210420,-
130825,121159179,TRNAQ-CUG,-,-,-,Un,-,transfer RNA glutamine (anticodon CUG),tRNA,-,-,-,-,20210420,-
130825,121159180,TRNAT-AGU,-,-,-,Un,-,transfer RNA threonine (anticodon AGU),tRNA,-,-,-,-,20210420,-
130825,121159181,TRNAP-CGG,-,-,-,Un,-,transfer RNA proline (anticodon CGG),tRNA,-,-,-,-,20210420,-
130825,121159182,TRNAM-CAU,-,-,-,Un,-,transfer RNA methionine (anticodon CAU),tRNA,-,-,-,-,20210420,-
130825,121159183,TRNAS-GCU,-,-,-,Un,-,transfer RNA serine (anticodon GCU),tRNA,-,-,-,-,20210420,-
130825,121159184,TRNAA-AGC,-,-,-,Un,-,transfer RNA alanine (anticodon AGC),tRNA,-,-,-,-,20210420,-
130825,121159185,LOC121159185,-,-,-,Un,-,uncharacterized LOC121159185,ncRNA,-,-,-,-,20210420,-
130825,121159186,LOC121159186,-,-,-,Un,-,uncharacterized LOC121159186,protein-coding,-,-,-,uncharacterized protein LOC121159186,20210420,-
130825,121159187,LOC121159187,-,-,-,Un,-,SLAM family member 9-like,protein-coding,-,-,-,SLAM family member 9-like,20210420,-
130825,121159188,LOC121159188,-,-,-,Un,-,U6 spliceosomal RNA,snRNA,-,-,-,-,20210420,-
130825,121159189,LOC121159189,-,-,-,Un,-,SLAM family member 8-like,protein-coding,-,-,-,SLAM family member 5-like|SLAM family member 8-like,20210420,-
130825,121159190,LOC121159190,-,-,-,Un,-,SLAM family member 9-like,protein-coding,-,-,-,SLAM family member 9-like,20210420,-
130825,121159191,LOC121159191,-,-,-,Un,-,"HLA class I histocompatibility antigen, B alpha chain-like",protein-coding,-,-,-,"HLA class I histocompatibility antigen, B alpha chain-like",20210420,-
130825,121159192,LOC121159192,-,-,-,Un,-,"ATP synthase subunit f, mitochondrial-like",pseudo,-,-,-,-,20210420,-
130825,121159193,LOC121159193,-,-,-,Un,-,zinc finger protein 260-like,protein-coding,-,-,-,zinc finger protein 260-like,20210420,-
130825,121159194,LOC121159194,-,-,-,Un,-,zinc finger protein 84-like,protein-coding,-,-,-,zinc finger protein 84-like,20210420,-
130825,121159195,LOC121159195,-,-,-,Un,-,E3 ubiquitin-protein ligase PPP1R11-like,pseudo,-,-,-,-,20210420,-
130825,121159196,LOC121159196,-,-,-,Un,-,uncharacterized LOC121159196,ncRNA,-,-,-,-,20210420,-
130825,121159197,LOC121159197,-,-,-,Un,-,E3 ubiquitin-protein ligase PPP1R11-like,protein-coding,-,-,-,E3 ubiquitin-protein ligase PPP1R11-like,20210420,-
130825,121159198,LOC121159198,-,-,-,Un,-,uncharacterized LOC121159198,ncRNA,-,-,-,-,20210420,-
130825,121159199,LOC121159199,-,-,-,Un,-,keratin-associated protein 9-2-like,protein-coding,-,-,-,keratin-associated protein 9-2-like,20210420,-
130825,121159200,LOC121159200,-,-,-,Un,-,keratin-associated protein 9-2-like,protein-coding,-,-,-,keratin-associated protein 9-2-like,20210420,-
130825,121159201,LOC121159201,-,-,-,Un,-,keratin-associated protein 9-2-like,protein-coding,-,-,-,keratin-associated protein 9-2-like,20210420,-
130825,121159202,UPK1B,-,-,-,Un,-,uroplakin 1B,protein-coding,-,-,-,uroplakin-1b,20210420,-
130825,121159203,IGSF11,-,-,-,Un,-,immunoglobulin superfamily member 11,protein-coding,-,-,-,immunoglobulin superfamily member 11,20210420,-
130825,121159204,LOC121159204,-,-,-,Un,-,PRELI domain containing protein 3B-like,pseudo,-,-,-,-,20210420,-
130825,121159205,LOC121159205,-,-,-,Un,-,60S ribosomal protein L5-like,pseudo,-,-,-,-,20210420,-
130825,121159206,SCYL2,-,-,-,Un,-,SCY1 like pseudokinase 2,protein-coding,-,-,-,SCY1-like protein 2,20210420,-
130825,121159207,LOC121159207,-,-,-,Un,-,60S ribosomal protein L37a-like,pseudo,-,-,-,-,20210420,-
130825,121159208,LOC121159208,-,-,-,Un,-,uncharacterized LOC121159208,ncRNA,-,-,-,-,20210420,-
130825,121159209,TEX55,-,-,-,Un,-,testis expressed 55,protein-coding,-,-,-,testis-specific expressed protein 55,20210420,-
130825,121159210,LOC121159210,-,-,-,Un,-,40S ribosomal protein SA-like,pseudo,-,-,-,-,20210420,-
130825,121159211,LOC121159211,-,-,-,Un,-,limbic system-associated membrane protein-like,protein-coding,-,-,-,limbic system-associated membrane protein-like,20210420,-
130825,121159212,LOC121159212,-,-,-,Un,-,T-lymphocyte activation antigen CD80-like,protein-coding,-,-,-,T-lymphocyte activation antigen CD80-like,20210420,-
130825,121159213,TIMMDC1,-,-,-,Un,-,translocase of inner mitochondrial membrane domain containing 1,protein-coding,-,-,-,"complex I assembly factor TIMMDC1, mitochondrial",20210420,-
130825,121159214,POGLUT1,-,-,-,Un,-,protein O-glucosyltransferase 1,protein-coding,-,-,-,protein O-glucosyltransferase 1,20210420,-
130825,121159215,TMEM39A,-,-,-,Un,-,transmembrane protein 39A,protein-coding,-,-,-,transmembrane protein 39A,20210420,-
130825,121159216,ARHGAP31,-,-,-,Un,-,Rho GTPase activating protein 31,protein-coding,-,-,-,rho GTPase-activating protein 31,20210420,-
130825,121159217,B4GALT4,-,-,-,Un,-,"beta-1,4-galactosyltransferase 4",protein-coding,-,-,-,"beta-1,4-galactosyltransferase 4",20210420,-
130825,121159218,LOC121159218,-,-,-,Un,-,U6 spliceosomal RNA,pseudo,-,-,-,-,20210420,-
130825,121159219,LOC121159219,-,-,-,Un,-,U6 spliceosomal RNA,snRNA,-,-,-,-,20210420,-
130825,121159220,LOC121159220,-,-,-,Un,-,U6 spliceosomal RNA,snRNA,-,-,-,-,20210420,-
130825,121159221,LOC121159221,-,-,-,Un,-,U6 spliceosomal RNA,pseudo,-,-,-,-,20210420,-
130825,121159222,LOC121159222,-,-,-,Un,-,E3 ubiquitin-protein ligase TRAIP-like,pseudo,-,-,-,-,20210420,-
130825,121159223,LOC121159223,-,-,-,Un,-,E2F-associated phosphoprotein-like,pseudo,-,-,-,-,20210420,-
130825,121159224,LOC121159224,-,-,-,Un,-,structural maintenance of chromosomes protein 5-like,protein-coding,-,-,-,LOW QUALITY PROTEIN: structural maintenance of chromosomes protein 5-like,20210420,-
130825,121159225,CUNH1orf105,-,-,-,Un,-,chromosome unknown C1orf105 homolog,protein-coding,-,-,-,uncharacterized protein C1orf105 homolog,20210420,-
130825,121159226,LOC121159226,-,-,-,Un,-,RNA-binding protein 39-like,pseudo,-,-,-,-,20210420,-
130825,121159227,TNN,-,-,-,Un,-,tenascin N,protein-coding,-,-,-,tenascin-N,20210420,-
130825,121159228,LOC121159228,-,-,-,Un,-,5-hydroxytryptamine receptor 4-like,pseudo,-,-,-,-,20210420,-
130825,121159229,LOC121159229,-,-,-,Un,-,E3 ubiquitin-protein ligase RNF167-like,pseudo,-,-,-,-,20210420,-
130825,121159230,LOC121159230,-,-,-,Un,-,quinone oxidoreductase-like protein 2,protein-coding,-,-,-,quinone oxidoreductase-like protein 2,20210420,-
130825,121159231,TEX35,-,-,-,Un,-,testis expressed 35,protein-coding,-,-,-,testis-expressed protein 35,20210420,-
130825,121159232,GAS2L3,-,-,-,Un,-,growth arrest specific 2 like 3,protein-coding,-,-,-,GAS2-like protein 3,20210420,-
130825,121159233,LOC121159233,-,-,-,Un,-,early nodulin-20-like,protein-coding,-,-,-,early nodulin-20-like,20210420,-
130825,121159234,LOC121159234,-,-,-,Un,-,rho GTPase-activating protein 20-like,protein-coding,-,-,-,rho GTPase-activating protein 20-like,20210420,-
130825,121159235,LOC121159235,-,-,-,Un,-,26S proteasome regulatory subunit 7-like,pseudo,-,-,-,-,20210420,-
130825,121159236,AXDND1,-,-,-,Un,-,axonemal dynein light chain domain containing 1,protein-coding,-,-,-,axonemal dynein light chain domain-containing protein 1,20210420,-
130825,121159237,LOC121159237,-,-,-,Un,-,40S ribosomal protein S17-like,pseudo,-,-,-,-,20210420,-
130825,121159238,LOC121159238,-,-,-,Un,-,60S ribosomal protein L9-like,protein-coding,-,-,-,LOW QUALITY PROTEIN: 60S ribosomal protein L9-like,20210420,-
130825,121159239,PTPRN2,-,-,-,Un,-,protein tyrosine phosphatase receptor type N2,protein-coding,-,-,-,receptor-type tyrosine-protein phosphatase N2,20210420,-
130825,121159240,LOC121159240,-,-,-,Un,-,NADH dehydrogenase [ubiquinone] 1 alpha subcomplex subunit 12-like,pseudo,-,-,-,-,20210420,-
130825,121159241,LOC121159241,-,-,-,Un,-,40S ribosomal protein S6-like,pseudo,-,-,-,-,20210420,-
130825,121159242,LOC121159242,-,-,-,Un,-,DNA (cytosine-5)-methyltransferase 1-like,pseudo,-,-,-,-,20210420,-
130825,121159243,UTP20,-,-,-,Un,-,UTP20 small subunit processome component,protein-coding,-,-,-,small subunit processome component 20 homolog,20210420,-
130825,121159244,LOC121159244,-,-,-,Un,-,X-ray repair cross-complementing protein 6-like,pseudo,-,-,-,-,20210420,-
130825,121159245,LOC121159245,-,-,-,Un,-,"39S ribosomal protein L20, mitochondrial-like",pseudo,-,-,-,-,20210420,-
130825,121159246,LOC121159246,-,-,-,Un,-,tubulin alpha chain-like,pseudo,-,-,-,-,20210420,-
130825,121159247,MYOC,-,-,-,Un,-,myocilin,protein-coding,-,-,-,myocilin,20210420,-
130825,121159248,TNFSF18,-,-,-,Un,-,TNF superfamily member 18,protein-coding,-,-,-,tumor necrosis factor ligand superfamily member 18,20210420,-
130825,121159249,SLC9C2,-,-,-,Un,-,solute carrier family 9 member C2 (putative),protein-coding,-,-,-,sodium/hydrogen exchanger 11,20210420,-
130825,121159250,ANKRD45,-,-,-,Un,-,ankyrin repeat domain 45,protein-coding,-,-,-,ankyrin repeat domain-containing protein 45,20210420,-
130825,121159251,TEX50,-,-,-,Un,-,testis expressed 50,protein-coding,-,-,-,testis-expressed protein 50,20210420,-
130825,121159252,LOC121159252,-,-,-,Un,-,"10 kDa heat shock protein, mitochondrial-like",pseudo,-,-,-,-,20210420,-
130825,121159253,LOC121159253,-,-,-,Un,-,vascular endothelial growth factor B-like,protein-coding,-,-,-,vascular endothelial growth factor B-like,20210420,-
130825,121159254,LOC121159254,-,-,-,Un,-,uncharacterized LOC121159254,ncRNA,-,-,-,-,20210420,-
130825,121159255,MRPS14,-,-,-,Un,-,mitochondrial ribosomal protein S14,protein-coding,-,-,-,"28S ribosomal protein S14, mitochondrial",20210420,-
130825,121159256,TNR,-,-,-,Un,-,tenascin R,protein-coding,-,-,-,tenascin-R,20210420,-
130825,121159257,ASTN1,-,-,-,Un,-,astrotactin 1,protein-coding,-,-,-,astrotactin-1,20210420,-
130825,121159258,BRINP2,-,-,-,Un,-,BMP/retinoic acid inducible neural specific 2,protein-coding,-,-,-,BMP/retinoic acid-inducible neural-specific protein 2,20210420,-
130825,121159259,ARL1,-,-,-,Un,-,ADP ribosylation factor like GTPase 1,protein-coding,-,-,-,ADP-ribosylation factor-like protein 1,20210424,-
130825,121159260,LOC121159260,-,-,-,Un,-,small integral membrane protein 29-like,protein-coding,-,-,-,small integral membrane protein 29-like,20210420,-
130825,121159261,SEC16B,-,-,-,Un,-,"SEC16 homolog B, endoplasmic reticulum export factor",protein-coding,-,-,-,protein transport protein Sec16B,20210420,-
130825,121159262,LOC121159262,-,-,-,Un,-,uncharacterized LOC121159262,ncRNA,-,-,-,-,20210420,-
130825,121159263,LOC121159263,-,-,-,Un,-,uncharacterized LOC121159263,ncRNA,-,-,-,-,20210420,-
130825,121159264,NPHS2,-,-,-,Un,-,"NPHS2 stomatin family member, podocin",protein-coding,-,-,-,podocin,20210420,-
130825,121159265,TDRD5,-,-,-,Un,-,tudor domain containing 5,protein-coding,-,-,-,LOW QUALITY PROTEIN: tudor domain-containing protein 5,20210420,-
130825,121159266,FAM163A,-,-,-,Un,-,family with sequence similarity 163 member A,protein-coding,-,-,-,protein FAM163A,20210420,-
130825,121159267,LHX4,-,-,-,Un,-,LIM homeobox 4,protein-coding,-,-,-,LIM/homeobox protein Lhx4,20210420,-
130825,121159268,MNX1,-,-,-,Un,-,motor neuron and pancreas homeobox 1,protein-coding,-,-,-,motor neuron and pancreas homeobox protein 1,20210420,-
130825,121159269,RNF32,-,-,-,Un,-,ring finger protein 32,protein-coding,-,-,-,RING finger protein 32,20210420,-
130825,121159270,MYBPC1,-,-,-,Un,-,myosin binding protein C1,protein-coding,-,-,-,"myosin-binding protein C, slow-type",20210420,-
130825,121159271,SHH,-,-,-,Un,-,sonic hedgehog signaling molecule,protein-coding,-,-,-,sonic hedgehog protein,20210420,-
130825,121159272,CNPY1,-,-,-,Un,-,canopy FGF signaling regulator 1,protein-coding,-,-,-,protein canopy homolog 1,20210420,-
130825,121159273,EN2,-,-,-,Un,-,engrailed homeobox 2,protein-coding,-,-,-,homeobox protein engrailed-2,20210420,-
130825,121159274,LOC121159274,-,-,-,Un,-,uncharacterized LOC121159274,ncRNA,-,-,-,-,20210420,-
130825,121159275,LOC121159275,-,-,-,Un,-,uncharacterized LOC121159275,ncRNA,-,-,-,-,20210420,-
130825,121159276,HTR5A,-,-,-,Un,-,5-hydroxytryptamine receptor 5A,protein-coding,-,-,-,5-hydroxytryptamine receptor 5A,20210420,-
130825,121159277,PRRC2C,-,-,-,Un,-,proline rich coiled-coil 2C,protein-coding,-,-,-,protein PRRC2C,20210420,-
130825,121159278,VAMP4,-,-,-,Un,-,vesicle associated membrane protein 4,protein-coding,-,-,-,vesicle-associated membrane protein 4,20210420,-
130825,121159279,METTL13,-,EEF1AKNMT,-,Un,-,"methyltransferase 13, eEF1A lysine and N-terminal methyltransferase",protein-coding,-,-,-,eEF1A lysine and N-terminal methyltransferase,20210519,-
130825,121159280,LOC121159280,-,-,-,Un,-,uncharacterized LOC121159280,ncRNA,-,-,-,-,20210420,-
130825,121159281,DNM3,-,-,-,Un,-,dynamin 3,protein-coding,-,-,-,dynamin-3,20210420,-
130825,121159282,PIGC,-,-,-,Un,-,phosphatidylinositol glycan anchor biosynthesis class C,protein-coding,-,-,-,phosphatidylinositol N-acetylglucosaminyltransferase subunit C,20210420,-
130825,121159283,SUCO,-,-,-,Un,-,SUN domain containing ossification factor,protein-coding,-,-,-,SUN domain-containing ossification factor,20210420,-
130825,121159284,LOC121159284,-,-,-,Un,-,uncharacterized LOC121159284,ncRNA,-,-,-,-,20210420,-
130825,121159285,FASLG,-,-,-,Un,-,Fas ligand,protein-coding,-,-,-,tumor necrosis factor ligand superfamily member 6,20210420,-
130825,121159286,TNFSF4,-,-,-,Un,-,TNF superfamily member 4,protein-coding,-,-,-,tumor necrosis factor ligand superfamily member 4,20210420,-
130825,121159287,LOC121159287,-,-,-,Un,-,uncharacterized LOC121159287,ncRNA,-,-,-,-,20210420,-
130825,121159288,LOC121159288,-,-,-,Un,-,uncharacterized LOC121159288,ncRNA,-,-,-,-,20210420,-
130825,121159289,PRDX6,-,-,-,Un,-,peroxiredoxin 6,protein-coding,-,-,-,peroxiredoxin-6,20210420,-
130825,121159290,KLHL20,-,-,-,Un,-,kelch like family member 20,protein-coding,-,-,-,kelch-like protein 20,20210420,-
130825,121159291,CHPT1,-,-,-,Un,-,choline phosphotransferase 1,protein-coding,-,-,-,cholinephosphotransferase 1,20210420,-
130825,121159292,LOC121159292,-,-,-,Un,-,signal peptidase complex subunit 2-like,pseudo,-,-,-,-,20210420,-
130825,121159293,CENPL,-,-,-,Un,-,centromere protein L,protein-coding,-,-,-,centromere protein L,20210420,-
130825,121159294,DARS2,-,-,-,Un,-,"aspartyl-tRNA synthetase 2, mitochondrial",protein-coding,-,-,-,"aspartate--tRNA ligase, mitochondrial",20210420,-
130825,121159295,LOC121159295,-,-,-,Un,-,uncharacterized LOC121159295,ncRNA,-,-,-,-,20210420,-
130825,121159296,ZBTB37,-,-,-,Un,-,zinc finger and BTB domain containing 37,protein-coding,-,-,-,zinc finger and BTB domain-containing protein 37,20210420,-
130825,121159297,SERPINC1,-,-,-,Un,-,serpin family C member 1,protein-coding,-,-,-,antithrombin-III,20210420,-
130825,121159298,RC3H1,-,-,-,Un,-,ring finger and CCCH-type domains 1,protein-coding,-,-,-,roquin-1,20210420,-
130825,121159299,RABGAP1L,-,-,-,Un,-,RAB GTPase activating protein 1 like,protein-coding,-,-,-,rab GTPase-activating protein 1-like,20210420,-
130825,121159300,SYCP3,-,-,-,Un,-,synaptonemal complex protein 3,protein-coding,-,-,-,synaptonemal complex protein 3,20210420,-
130825,121159301,GPR52,-,-,-,Un,-,G protein-coupled receptor 52,protein-coding,-,-,-,G-protein coupled receptor 52,20210420,-
130825,121159302,LOC121159302,-,-,-,Un,-,U6 snRNA-associated Sm-like protein LSm7,pseudo,-,-,-,-,20210420,-
130825,121159303,LOC121159303,-,-,-,Un,-,calcyclin binding protein,protein-coding,-,-,-,calcyclin-binding protein,20210420,-
130825,121159304,KIAA0040,-,-,-,Un,-,KIAA0040 ortholog,protein-coding,-,-,-,uncharacterized protein KIAA0040 homolog,20210420,-
130825,121159305,COP1,-,-,-,Un,-,COP1 E3 ubiquitin ligase,protein-coding,-,-,-,E3 ubiquitin-protein ligase COP1,20210420,-
130825,121159306,LOC121159306,-,-,-,Un,-,uncharacterized LOC121159306,ncRNA,-,-,-,-,20210420,-
130825,121159307,PAPPA2,-,-,-,Un,-,pappalysin 2,protein-coding,-,-,-,pappalysin-2,20210420,-
130825,121159308,GNPTAB,-,-,-,Un,-,N-acetylglucosamine-1-phosphate transferase subunits alpha and beta,protein-coding,-,-,-,N-acetylglucosamine-1-phosphotransferase subunits alpha/beta,20210420,-
130825,121159309,RASAL2,-,-,-,Un,-,RAS protein activator like 2,protein-coding,-,-,-,ras GTPase-activating protein nGAP,20210420,-
130825,121159310,RALGPS2,-,-,-,Un,-,Ral GEF with PH domain and SH3 binding motif 2,protein-coding,-,-,-,ras-specific guanine nucleotide-releasing factor RalGPS2,20210420,-
130825,121159311,ANGPTL1,-,-,-,Un,-,angiopoietin like 1,protein-coding,-,-,-,angiopoietin-related protein 1,20210420,-
130825,121159312,FAM20B,-,-,-,Un,-,FAM20B glycosaminoglycan xylosylkinase,protein-coding,-,-,-,glycosaminoglycan xylosylkinase,20210420,-
130825,121159313,TOR3A,-,-,-,Un,-,torsin family 3 member A,protein-coding,-,-,-,torsin-3A,20210420,-
130825,121159314,LOC121159314,-,-,-,Un,-,uncharacterized LOC121159314,ncRNA,-,-,-,-,20210420,-
130825,121159315,ABL2,-,-,-,Un,-,"ABL proto-oncogene 2, non-receptor tyrosine kinase",protein-coding,-,-,-,tyrosine-protein kinase ABL2,20210420,-
130825,121159316,DRAM1,-,-,-,Un,-,DNA damage regulated autophagy modulator 1,protein-coding,-,-,-,DNA damage-regulated autophagy modulator protein 1,20210420,-
130825,121159317,SOAT1,-,-,-,Un,-,sterol O-acyltransferase 1,protein-coding,-,-,-,sterol O-acyltransferase 1,20210420,-
130825,121159318,LOC121159318,-,-,-,Un,-,torsin-1A-interacting protein 2-like,protein-coding,-,-,-,torsin-1A-interacting protein 2-like,20210420,-
130825,121159319,LOC121159319,-,-,-,Un,-,torsin-1A-interacting protein 2,protein-coding,-,-,-,torsin-1A-interacting protein 2,20210420,-
130825,121159320,TOR1AIP1,-,-,-,Un,-,torsin 1A interacting protein 1,protein-coding,-,-,-,torsin-1A-interacting protein 1,20210420,-
130825,121159321,CEP350,-,-,-,Un,-,centrosomal protein 350,protein-coding,-,-,-,centrosome-associated protein 350,20210420,-
130825,121159322,QSOX1,-,-,-,Un,-,quiescin sulfhydryl oxidase 1,protein-coding,-,-,-,sulfhydryl oxidase 1,20210420,-
130825,121159323,ACBD6,-,-,-,Un,-,acyl-CoA binding domain containing 6,protein-coding,-,-,-,acyl-CoA-binding domain-containing protein 6,20210420,-
130825,121159324,XPR1,-,-,-,Un,-,xenotropic and polytropic retrovirus receptor 1,protein-coding,-,-,-,xenotropic and polytropic retrovirus receptor 1,20210420,-
130825,121159325,LOC121159325,-,-,-,Un,-,uncharacterized LOC121159325,ncRNA,-,-,-,-,20210420,-
130825,121159326,VIPR2,-,-,-,Un,-,vasoactive intestinal peptide receptor 2,protein-coding,-,-,-,vasoactive intestinal polypeptide receptor 2,20210420,-
130825,121159327,DYNC2I1,-,-,-,Un,-,dynein 2 intermediate chain 1,protein-coding,-,-,-,cytoplasmic dynein 2 intermediate chain 1,20210420,-
130825,121159328,WASHC3,-,-,-,Un,-,WASH complex subunit 3,protein-coding,-,-,-,WASH complex subunit 3,20210420,-
130825,121159329,ESYT2,-,-,-,Un,-,extended synaptotagmin 2,protein-coding,-,-,-,extended synaptotagmin-2,20210420,-
130825,121159330,NCAPG2,-,-,-,Un,-,non-SMC condensin II complex subunit G2,protein-coding,-,-,-,condensin-2 complex subunit G2,20210420,-
130825,121159331,DNAJB6,-,-,-,Un,-,DnaJ heat shock protein family (Hsp40) member B6,protein-coding,-,-,-,dnaJ homolog subfamily B member 6,20210420,-
130825,121159332,UBE3C,-,-,-,Un,-,ubiquitin protein ligase E3C,protein-coding,-,-,-,ubiquitin-protein ligase E3C,20210420,-
130825,121159333,NOM1,-,-,-,Un,-,nucleolar protein with MIF4G domain 1,protein-coding,-,-,-,nucleolar MIF4G domain-containing protein 1,20210420,-
130825,121159334,LMBR1,-,-,-,Un,-,limb development membrane protein 1,protein-coding,-,-,-,limb region 1 protein homolog,20210420,-
130825,121159335,RBM33,-,-,-,Un,-,RNA binding motif protein 33,protein-coding,-,-,-,RNA-binding protein 33,20210420,-
130825,121159336,INSIG1,-,-,-,Un,-,insulin induced gene 1,protein-coding,-,-,-,insulin-induced gene 1 protein,20210420,-
130825,121159337,PAXIP1,-,-,-,Un,-,PAX interacting protein 1,protein-coding,-,-,-,PAX-interacting protein 1,20210420,-
130825,121159338,DPP6,-,-,-,Un,-,dipeptidyl peptidase like 6,protein-coding,-,-,-,dipeptidyl aminopeptidase-like protein 6,20210420,-
130825,121159339,LOC121159339,-,-,-,Un,-,eukaryotic translation initiation factor 3 subunit C-like,pseudo,-,-,-,-,20210420,-
130825,121159340,LOC121159340,-,-,-,Un,-,5S ribosomal RNA,pseudo,-,-,-,-,20210420,-
130825,121159341,LOC121159341,-,-,-,Un,-,U1 spliceosomal RNA,pseudo,-,-,-,-,20210420,-
130825,121159342,LOC121159342,-,-,-,Un,-,U2 spliceosomal RNA,snRNA,-,-,-,-,20210420,-
130825,121159343,LOC121159343,-,-,-,Un,-,U2 spliceosomal RNA,pseudo,-,-,-,-,20210420,-
130825,121159344,LOC121159344,-,-,-,Un,-,U6 spliceosomal RNA,pseudo,-,-,-,-,20210420,-
130825,121159345,LOC121159345,-,-,-,Un,-,U6 spliceosomal RNA,snRNA,-,-,-,-,20210420,-
130825,121159346,LOC121159346,-,-,-,Un,-,U6 spliceosomal RNA,snRNA,-,-,-,-,20210420,-
130825,121159347,LOC121159347,-,-,-,Un,-,U6 spliceosomal RNA,pseudo,-,-,-,-,20210420,-
130825,121159348,LOC121159348,-,-,-,Un,-,U6 spliceosomal RNA,pseudo,-,-,-,-,20210420,-
130825,121159349,LOC121159349,-,-,-,Un,-,small nucleolar RNA SNORD24,snoRNA,-,-,-,-,20210420,-
130825,121159350,LOC121159350,-,-,-,Un,-,small nucleolar RNA SNORD22,snoRNA,-,-,-,-,20210420,-
130825,121159351,LOC121159351,-,-,-,Un,-,small nucleolar RNA SNORD81,snoRNA,-,-,-,-,20210420,-
130825,121159352,LOC121159352,-,-,-,Un,-,small nucleolar RNA SNORD79,snoRNA,-,-,-,-,20210420,-
130825,121159353,MAT2B,-,-,-,Un,-,methionine adenosyltransferase 2B,protein-coding,-,-,-,methionine adenosyltransferase 2 subunit beta,20210420,-
130825,121159354,LOC121159354,-,-,-,Un,-,serine/arginine-rich splicing factor 1-like,protein-coding,-,-,-,serine/arginine-rich splicing factor 1-like,20210529,-
130825,121159355,LOC121159355,-,-,-,Un,-,small nucleolar RNA SNORD47,snoRNA,-,-,-,-,20210420,-
130825,121159356,LOC121159356,-,-,-,Un,-,small nucleolar RNA SNORD74,snoRNA,-,-,-,-,20210420,-
130825,121159357,LOC121159357,-,-,-,Un,-,small nucleolar RNA SNORD44,snoRNA,-,-,-,-,20210420,-
130825,121159358,LOC121159358,-,-,-,Un,-,small nucleolar RNA snR60/Z15/Z230/Z193/J17,snoRNA,-,-,-,-,20210420,-
130825,121159359,LOC121159359,-,-,-,Un,-,small Cajal body-specific RNA 3,ncRNA,-,-,-,-,20210420,-
130825,121159360,LOC121159360,-,-,-,Un,-,small nucleolar RNA SNORD77,snoRNA,-,-,-,-,20210420,-
130825,121159361,LOC121159361,-,-,-,Un,-,small nucleolar RNA SNORD78,snoRNA,-,-,-,-,20210420,-
130825,121159362,LOC121159362,-,-,-,Un,-,small nucleolar RNA SNORD75,snoRNA,-,-,-,-,20210420,-
130825,121159363,LOC121159363,-,-,-,Un,-,piggyBac transposable element-derived protein 1-like,protein-coding,-,-,-,piggyBac transposable element-derived protein 1-like,20210420,-
130825,121159364,LOC121159364,-,-,-,Un,-,"NAD kinase 2, mitochondrial-like",pseudo,-,-,-,-,20210420,-
130825,121159365,LOC121159365,-,-,-,Un,-,caspase-10-like,protein-coding,-,-,-,caspase-10-like,20210420,-
130825,121159366,LOC121159366,-,-,-,Un,-,low molecular weight phosphotyrosine protein phosphatase-like,pseudo,-,-,-,-,20210420,-
130825,121159367,LOC121159367,-,-,-,Un,-,uncharacterized LOC121159367,protein-coding,-,-,-,uncharacterized protein LOC121159367,20210420,-
130825,121159368,KIAA2012,-,-,-,Un,-,KIAA2012 ortholog,protein-coding,-,-,-,uncharacterized protein KIAA2012 homolog,20210420,-
130825,121159369,ZDBF2,-,-,-,Un,-,zinc finger DBF-type containing 2,protein-coding,-,-,-,DBF4-type zinc finger-containing protein 2,20210420,-
130825,121159370,DYTN,-,-,-,Un,-,dystrotelin,protein-coding,-,-,-,dystrotelin,20210420,-
130825,121159371,MDH1B,-,-,-,Un,-,malate dehydrogenase 1B,protein-coding,-,-,-,putative malate dehydrogenase 1B,20210420,-
130825,121159372,CPO,-,-,-,Un,-,carboxypeptidase O,protein-coding,-,-,-,carboxypeptidase O,20210420,-
130825,121159373,LOC121159373,-,-,-,Un,-,60S ribosomal protein L21-like,pseudo,-,-,-,-,20210420,-
130825,121159374,CRYGB,-,-,-,Un,-,crystallin gamma B,protein-coding,-,-,-,gamma-crystallin B,20210420,-
130825,121159375,PTH2R,-,-,-,Un,-,parathyroid hormone 2 receptor,protein-coding,-,-,-,parathyroid hormone 2 receptor,20210420,-
130825,121159376,LOC121159376,-,-,-,Un,-,40S ribosomal protein S27-like,pseudo,-,-,-,-,20210420,-
130825,121159377,LOC121159377,-,-,-,Un,-,S-formylglutathione hydrolase-like,pseudo,-,-,-,-,20210420,-
130825,121159378,NUP37,-,-,-,Un,-,nucleoporin 37,protein-coding,-,-,-,nucleoporin Nup37,20210420,-
130825,121159379,ERBB4,-,-,-,Un,-,erb-b2 receptor tyrosine kinase 4,protein-coding,-,-,-,receptor tyrosine-protein kinase erbB-4,20210420,-
130825,121159380,LOC121159380,-,-,-,Un,-,transmembrane protein 237-like,protein-coding,-,-,-,transmembrane protein 237-like,20210420,-
130825,121159381,LOC121159381,-,-,-,Un,-,MAGUK p55 subfamily member 4,protein-coding,-,-,-,MAGUK p55 subfamily member 4,20210420,-
130825,121159382,CDK15,-,-,-,Un,-,cyclin dependent kinase 15,protein-coding,-,-,-,cyclin-dependent kinase 15,20210420,-
130825,121159383,FZD7,-,-,-,Un,-,frizzled class receptor 7,protein-coding,-,-,-,frizzled-7,20210420,-
130825,121159384,LOC121159384,-,-,-,Un,-,uncharacterized LOC121159384,ncRNA,-,-,-,-,20210420,-
130825,121159385,CMKLR2,-,GPR1,-,Un,-,chemerin chemokine-like receptor 2,protein-coding,-,-,-,G-protein coupled receptor 1|G protein-coupled receptor 1,20210426,-
130825,121159386,ADAM23,-,-,-,Un,-,ADAM metallopeptidase domain 23,protein-coding,-,-,-,disintegrin and metalloproteinase domain-containing protein 23,20210420,-
130825,121159387,LOC121159387,-,-,-,Un,-,PARP1 binding protein,protein-coding,-,-,-,PCNA-interacting partner,20210420,-
130825,121159388,FAM237A,-,-,-,Un,-,family with sequence similarity 237 member A,protein-coding,-,-,-,protein FAM237A,20210420,-
130825,121159389,METTL21A,-,-,-,Un,-,methyltransferase like 21A,protein-coding,-,-,-,protein N-lysine methyltransferase METTL21A,20210420,-
130825,121159390,FZD5,-,-,-,Un,-,frizzled class receptor 5,protein-coding,-,-,-,frizzled-5,20210420,-
130825,121159391,LOC121159391,-,-,-,Un,-,gamma-crystallin D-like,protein-coding,-,-,-,gamma-crystallin D-like,20210420,-
130825,121159392,LOC121159392,-,-,-,Un,-,gamma-crystallin D,protein-coding,-,-,-,gamma-crystallin D,20210420,-
130825,121159393,LOC121159393,-,-,-,Un,-,gamma-crystallin C,protein-coding,-,-,-,gamma-crystallin C,20210420,-
130825,121159394,LOC121159394,-,-,-,Un,-,gamma-crystallin A,protein-coding,-,-,-,gamma-crystallin A,20210420,-
130825,121159395,CUNH2orf80,-,-,-,Un,-,chromosome unknown C2orf80 homolog,protein-coding,-,-,-,uncharacterized protein C2orf80 homolog,20210420,-
130825,121159396,LOC121159396,-,-,-,Un,-,gamma-crystallin F,protein-coding,-,-,-,gamma-crystallin F,20210420,-
130825,121159397,UNC80,-,-,-,Un,-,"unc-80 homolog, NALCN channel complex subunit",protein-coding,-,-,-,protein unc-80 homolog,20210420,-
130825,121159398,LOC121159398,-,-,-,Un,-,NHP2-like protein 1,protein-coding,-,-,-,NHP2-like protein 1,20210420,-
130825,121159399,MYL1,-,-,-,Un,-,myosin light chain 1,protein-coding,-,-,-,"myosin light chain 1/3, skeletal muscle isoform",20210420,-
130825,121159400,LOC121159400,-,-,-,Un,-,60S ribosomal protein L36a-like,pseudo,-,-,-,-,20210420,-
130825,121159401,LOC121159401,-,-,-,Un,-,trafficking kinesin-binding protein 2,protein-coding,-,-,-,trafficking kinesin-binding protein 2,20210420,-
130825,121159402,LOC121159402,-,-,-,Un,-,caspase-8-like,protein-coding,-,-,-,caspase-8-like,20210420,-
130825,121159403,LOC121159403,-,-,-,Un,-,flagellum-associated coiled-coil domain-containing protein 1-like,protein-coding,-,-,-,flagellum-associated coiled-coil domain-containing protein 1-like,20210420,-
130825,121159404,LOC121159404,-,-,-,Un,-,uncharacterized LOC121159404,ncRNA,-,-,-,-,20210420,-
130825,121159405,LOC121159405,-,-,-,Un,-,STE20-related kinase adapter protein beta,protein-coding,-,-,-,STE20-related kinase adapter protein beta,20210420,-
130825,121159406,LOC121159406,-,-,-,Un,-,alsin,protein-coding,-,-,-,alsin,20210420,-
130825,121159407,SUMO1,-,-,-,Un,-,small ubiquitin like modifier 1,protein-coding,-,-,-,small ubiquitin-related modifier 1,20210424,-
130825,121159408,NOP58,-,-,-,Un,-,NOP58 ribonucleoprotein,protein-coding,-,-,-,nucleolar protein 58,20210420,-
130825,121159409,BMPR2,-,-,-,Un,-,bone morphogenetic protein receptor type 2,protein-coding,-,-,-,bone morphogenetic protein receptor type-2,20210420,-
130825,121159410,FAM117B,-,-,-,Un,-,family with sequence similarity 117 member B,protein-coding,-,-,-,protein FAM117B,20210420,-
130825,121159411,LOC121159411,-,-,-,Un,-,"dynein light chain 1, cytoplasmic-like",protein-coding,-,-,-,"LOW QUALITY PROTEIN: dynein light chain 1, cytoplasmic-like",20210420,-
130825,121159412,ICA1L,-,-,-,Un,-,islet cell autoantigen 1 like,protein-coding,-,-,-,islet cell autoantigen 1-like protein,20210420,-
130825,121159413,WDR12,-,-,-,Un,-,WD repeat domain 12,protein-coding,-,-,-,ribosome biogenesis protein WDR12,20210420,-
130825,121159414,CARF,-,-,-,Un,-,calcium responsive transcription factor,protein-coding,-,-,-,calcium-responsive transcription factor,20210420,-
130825,121159415,NBEAL1,-,-,-,Un,-,neurobeachin like 1,protein-coding,-,-,-,neurobeachin-like protein 1,20210420,-
130825,121159416,LOC121159416,-,-,-,Un,-,cytochrome P450 20A1,protein-coding,-,-,-,cytochrome P450 20A1,20210420,-
130825,121159417,ABI2,-,-,-,Un,-,abl interactor 2,protein-coding,-,-,-,abl interactor 2,20210420,-
130825,121159418,IGF1,-,-,-,Un,-,insulin like growth factor 1,protein-coding,-,-,-,insulin-like growth factor I,20210420,-
130825,121159419,RAPH1,-,-,-,Un,-,Ras association (RalGDS/AF-6) and pleckstrin homology domains 1,protein-coding,-,-,-,ras-associated and pleckstrin homology domains-containing protein 1,20210420,-
130825,121159420,CD28,-,-,-,Un,-,CD28 molecule,protein-coding,-,-,-,T-cell-specific surface glycoprotein CD28,20210420,-
130825,121159421,CTLA4,-,-,-,Un,-,cytotoxic T-lymphocyte associated protein 4,protein-coding,-,-,-,cytotoxic T-lymphocyte protein 4,20210420,-
130825,121159422,ICOS,-,-,-,Un,-,inducible T cell costimulator,protein-coding,-,-,-,inducible T-cell costimulator,20210420,-
130825,121159423,PARD3B,-,-,-,Un,-,par-3 family cell polarity regulator beta,protein-coding,-,-,-,partitioning defective 3 homolog B,20210420,-
130825,121159424,NRP2,-,-,-,Un,-,neuropilin 2,protein-coding,-,-,-,neuropilin-2,20210420,-
130825,121159425,INO80D,-,-,-,Un,-,INO80 complex subunit D,protein-coding,-,-,-,INO80 complex subunit D,20210420,-
130825,121159426,LOC121159426,-,-,-,Un,-,uncharacterized LOC121159426,ncRNA,-,-,-,-,20210420,-
130825,121159427,NDUFS1,-,-,-,Un,-,NADH:ubiquinone oxidoreductase core subunit S1,protein-coding,-,-,-,"NADH-ubiquinone oxidoreductase 75 kDa subunit, mitochondrial",20210420,-
130825,121159428,EEF1B2,-,-,-,Un,-,eukaryotic translation elongation factor 1 beta 2,protein-coding,-,-,-,elongation factor 1-beta,20210420,-
130825,121159429,FASTKD2,-,-,-,Un,-,FAST kinase domains 2,protein-coding,-,-,-,"FAST kinase domain-containing protein 2, mitochondrial",20210420,-
130825,121159430,KLF7,-,-,-,Un,-,Kruppel like factor 7,protein-coding,-,-,-,Krueppel-like factor 7,20210420,-
130825,121159431,CREB1,-,-,-,Un,-,cAMP responsive element binding protein 1,protein-coding,-,-,-,cyclic AMP-responsive element-binding protein 1,20210529,-
130825,121159432,LOC121159432,-,-,-,Un,-,uncharacterized LOC121159432,ncRNA,-,-,-,-,20210420,-
130825,121159433,CCNYL1,-,-,-,Un,-,cyclin Y like 1,protein-coding,-,-,-,cyclin-Y-like protein 1,20210420,-
130825,121159434,LOC121159434,-,-,-,Un,-,uncharacterized LOC121159434,ncRNA,-,-,-,-,20210420,-
130825,121159435,PLEKHM3,-,-,-,Un,-,pleckstrin homology domain containing M3,protein-coding,-,-,-,pleckstrin homology domain-containing family M member 3,20210420,-
130825,121159436,IDH1,-,-,-,Un,-,isocitrate dehydrogenase (NADP(+)) 1,protein-coding,-,-,-,isocitrate dehydrogenase [NADP] cytoplasmic,20210420,-
130825,121159437,PIKFYVE,-,-,-,Un,-,"phosphoinositide kinase, FYVE-type zinc finger containing",protein-coding,-,-,-,1-phosphatidylinositol 3-phosphate 5-kinase,20210420,-
130825,121159438,LOC121159438,-,-,-,Un,-,uncharacterized LOC121159438,ncRNA,-,-,-,-,20210420,-
130825,121159439,MAP2,-,-,-,Un,-,microtubule associated protein 2,protein-coding,-,-,-,microtubule-associated protein 2,20210420,-
130825,121159440,LOC121159440,-,-,-,Un,-,uncharacterized LOC121159440,ncRNA,-,-,-,-,20210420,-
130825,121159441,HMMR,-,-,-,Un,-,hyaluronan mediated motility receptor,protein-coding,-,-,-,hyaluronan mediated motility receptor,20210420,-
130825,121159442,PAH,-,-,-,Un,-,phenylalanine hydroxylase,protein-coding,-,-,-,phenylalanine-4-hydroxylase,20210420,-
130825,121159443,HSP90B1,-,-,-,Un,-,heat shock protein 90 beta family member 1,protein-coding,-,-,-,endoplasmin,20210420,-
130825,121159444,KANSL1L,-,-,-,Un,-,KAT8 regulatory NSL complex subunit 1 like,protein-coding,-,-,-,KAT8 regulatory NSL complex subunit 1-like protein,20210420,-
130825,121159445,RPE,-,-,-,Un,-,ribulose-5-phosphate-3-epimerase,protein-coding,-,-,-,ribulose-phosphate 3-epimerase,20210529,-
130825,121159446,ACADL,-,-,-,Un,-,acyl-CoA dehydrogenase long chain,protein-coding,-,-,-,"long-chain specific acyl-CoA dehydrogenase, mitochondrial",20210420,-
130825,121159447,LANCL1,-,-,-,Un,-,LanC like 1,protein-coding,-,-,-,glutathione S-transferase LANCL1,20210420,-
130825,121159448,CPS1,-,-,-,Un,-,carbamoyl-phosphate synthase 1,protein-coding,-,-,-,"carbamoyl-phosphate synthase [ammonia], mitochondrial",20210420,-
130825,121159449,TDG,-,-,-,Un,-,thymine DNA glycosylase,protein-coding,-,-,-,G/T mismatch-specific thymine DNA glycosylase,20210420,-
130825,121159450,LOC121159450,-,-,-,Un,-,40S ribosomal protein S6-like,pseudo,-,-,-,-,20210420,-
130825,121159451,LOC121159451,-,-,-,Un,-,U2 spliceosomal RNA,pseudo,-,-,-,-,20210420,-
130825,121159452,LOC121159452,-,-,-,Un,-,U6 spliceosomal RNA,snRNA,-,-,-,-,20210420,-
130825,121159453,LOC121159453,-,-,-,Un,-,U6 spliceosomal RNA,snRNA,-,-,-,-,20210420,-
130825,121159454,LOC121159454,-,-,-,Un,-,U6 spliceosomal RNA,snRNA,-,-,-,-,20210420,-
130825,121159455,LOC121159455,-,-,-,Un,-,U6 spliceosomal RNA,snRNA,-,-,-,-,20210420,-
130825,121159456,LOC121159456,-,-,-,Un,-,U6 spliceosomal RNA,snRNA,-,-,-,-,20210420,-
130825,121159457,LOC121159457,-,-,-,Un,-,small nucleolar RNA SNORD51,snoRNA,-,-,-,-,20210420,-
130825,121159458,LOC121159458,-,-,-,Un,-,small nucleolar RNA SNORA41,snoRNA,-,-,-,-,20210420,-
130825,121159459,LOC121159459,-,-,-,Un,-,small nucleolar RNA SNORD70,snoRNA,-,-,-,-,20210420,-
130825,121159460,LOC121159460,-,-,-,Un,-,small nucleolar RNA SNORD70,snoRNA,-,-,-,-,20210420,-
130825,121159461,LOC121159461,-,-,-,Un,-,small nucleolar RNA SNORD11,snoRNA,-,-,-,-,20210420,-
130825,121159462,LOC121159462,-,-,-,Un,-,small nucleolar RNA SNORD11B,snoRNA,-,-,-,-,20210420,-
130825,121159463,LOC121159463,-,-,-,Un,-,uncharacterized LOC121159463,ncRNA,-,-,-,-,20210420,-
130825,121159464,LOC121159464,-,-,-,Un,-,uncharacterized LOC121159464,ncRNA,-,-,-,-,20210420,-
130825,121159465,LOC121159465,-,-,-,Un,-,zinc finger protein OZF-like,protein-coding,-,-,-,zinc finger protein OZF-like,20210420,-
130825,121159466,GEMIN8,-,-,-,Un,-,gem nuclear organelle associated protein 8,protein-coding,-,-,-,gem-associated protein 8,20210420,-
130825,121159467,LOC121159467,-,-,-,Un,-,gem-associated protein 8-like,protein-coding,-,-,-,gem-associated protein 8-like,20210420,-
130825,121159468,OFD1,-,-,-,Un,-,OFD1 centriole and centriolar satellite protein,protein-coding,-,-,-,oral-facial-digital syndrome 1 protein,20210420,-
130825,121159469,LOC121159469,-,-,-,Un,-,FERM and PDZ domain-containing protein 4-like,protein-coding,-,-,-,FERM and PDZ domain-containing protein 4-like,20210420,-
130825,121159470,LOC121159470,-,-,-,Un,-,uncharacterized LOC121159470,ncRNA,-,-,-,-,20210420,-
130825,121159471,GLT8D2,-,-,-,Un,-,glycosyltransferase 8 domain containing 2,protein-coding,-,-,-,glycosyltransferase 8 domain-containing protein 2,20210420,-
130825,121159472,LOC121159472,-,-,-,Un,-,cAMP-regulated phosphoprotein 19-like,pseudo,-,-,-,-,20210420,-
130825,121159473,LOC121159473,-,-,-,Un,-,interferon-induced protein with tetratricopeptide repeats 1B-like,protein-coding,-,-,-,interferon-induced protein with tetratricopeptide repeats 1B-like,20210420,-
130825,121159474,LOC121159474,-,-,-,Un,-,interferon-induced protein with tetratricopeptide repeats 1B-like,protein-coding,-,-,-,interferon-induced protein with tetratricopeptide repeats 1B-like,20210420,-
130825,121159475,LOC121159475,-,-,-,Un,-,uncharacterized LOC121159475,protein-coding,-,-,-,uncharacterized protein LOC121159475,20210420,-
130825,121159476,LOC121159476,-,-,-,Un,-,U5 spliceosomal RNA,snRNA,-,-,-,-,20210420,-
130825,121159477,LOC121159477,-,-,-,Un,-,small nucleolar RNA ACA64,snoRNA,-,-,-,-,20210420,-
130825,121159478,LOC121159478,-,-,-,Un,-,mas-related G-protein coupled receptor member X1-like,protein-coding,-,-,-,mas-related G-protein coupled receptor member X1-like,20210420,-
130825,121159479,LOC121159479,-,-,-,Un,-,mas-related G-protein coupled receptor member X1-like,protein-coding,-,-,-,mas-related G-protein coupled receptor member X1-like,20210420,-
130825,121159480,LOC121159480,-,-,-,Un,-,mas-related G-protein coupled receptor member X1-like,pseudo,-,-,-,-,20210420,-
130825,121159481,LOC121159481,-,-,-,Un,-,mas-related G-protein coupled receptor member X1-like,protein-coding,-,-,-,mas-related G-protein coupled receptor member X1-like,20210420,-
130825,121159482,LOC121159482,-,-,-,Un,-,mas-related G-protein coupled receptor member X2-like,protein-coding,-,-,-,mas-related G-protein coupled receptor member X2-like,20210420,-
130825,121159483,LOC121159483,-,-,-,Un,-,"RLA class II histocompatibility antigen, DP alpha-1 chain-like",protein-coding,-,-,-,"RLA class II histocompatibility antigen, DP alpha-1 chain-like",20210420,-
130825,121159484,LOC121159484,-,-,-,Un,-,"RLA class II histocompatibility antigen, DP alpha-1 chain-like",protein-coding,-,-,-,"RLA class II histocompatibility antigen, DP alpha-1 chain-like",20210420,-
130825,121159485,LOC121159485,-,-,-,Un,-,"HLA class II histocompatibility antigen, DQ beta 1 chain-like",protein-coding,-,-,-,"HLA class II histocompatibility antigen, DQ beta 1 chain-like",20210420,-
130825,121159486,LOC121159486,-,-,-,Un,-,"SLA class II histocompatibility antigen, DQ haplotype D alpha chain-like",protein-coding,-,-,-,"SLA class II histocompatibility antigen, DQ haplotype D alpha chain-like",20210420,-
130825,121159487,LOC121159487,-,-,-,Un,-,U6 spliceosomal RNA,snRNA,-,-,-,-,20210420,-
130825,121159488,LOC121159488,-,-,-,Un,-,"HLA class II histocompatibility antigen, DQ beta 2 chain-like",protein-coding,-,-,-,"HLA class II histocompatibility antigen, DQ beta 2 chain-like",20210420,-
130825,121159489,CUNH12orf73,-,-,-,Un,-,chromosome unknown C12orf73 homolog,protein-coding,-,-,-,protein BRAWNIN,20210420,-
130825,121159490,LOC121159490,-,-,-,Un,-,"SLA class II histocompatibility antigen, DQ haplotype D alpha chain-like",protein-coding,-,-,-,"SLA class II histocompatibility antigen, DQ haplotype D alpha chain-like",20210420,-
130825,121159491,LOC121159491,-,-,-,Un,-,60S ribosomal protein L36a-like,protein-coding,-,-,-,LOW QUALITY PROTEIN: 60S ribosomal protein L36a-like,20210420,-
130825,121159492,ABHD3,-,-,-,Un,-,"abhydrolase domain containing 3, phospholipase",protein-coding,-,-,-,phospholipase ABHD3,20210420,-
130825,121159493,LOC121159493,-,-,-,Un,-,Y-box-binding protein 2-like,protein-coding,-,-,-,Y-box-binding protein 2-like,20210420,-
130825,121159494,DSG2,-,-,-,Un,-,desmoglein 2,protein-coding,-,-,-,desmoglein-2,20210420,-
130825,121159495,DSG4,-,-,-,Un,-,desmoglein 4,protein-coding,-,-,-,desmoglein-4,20210420,-
130825,121159496,LOC121159496,-,-,-,Un,-,"RNA transcription, translation and transport factor protein-like",pseudo,-,-,-,-,20210420,-
130825,121159497,LOC121159497,-,-,-,Un,-,uncharacterized LOC121159497,protein-coding,-,-,-,LOW QUALITY PROTEIN: uncharacterized protein LOC121159497,20210420,-
130825,121159498,LOC121159498,-,-,-,Un,-,Y-box-binding protein 1-like,protein-coding,-,-,-,Y-box-binding protein 1-like,20210420,-
130825,121159499,HCFC2,-,-,-,Un,-,host cell factor C2,protein-coding,-,-,-,host cell factor 2,20210420,-
130825,121159500,MEP1B,-,-,-,Un,-,meprin A subunit beta,protein-coding,-,-,-,meprin A subunit beta,20210420,-
130825,121159501,CCDC178,-,-,-,Un,-,coiled-coil domain containing 178,protein-coding,-,-,-,coiled-coil domain-containing protein 178,20210420,-
130825,121159502,LOC121159502,-,-,-,Un,-,60S ribosomal protein L30-like,pseudo,-,-,-,-,20210420,-
130825,121159503,LOC121159503,-,-,-,Un,-,"DNA-directed RNA polymerases I, II, and III subunit RPABC4-like",protein-coding,-,-,-,"DNA-directed RNA polymerases I, II, and III subunit RPABC4-like",20210420,-
130825,121159504,MOCOS,-,-,-,Un,-,molybdenum cofactor sulfurase,protein-coding,-,-,-,molybdenum cofactor sulfurase,20210420,-
130825,121159505,LOC121159505,-,-,-,Un,-,multivesicular body subunit 12A-like,pseudo,-,-,-,-,20210420,-
130825,121159506,SIGLEC15,-,-,-,Un,-,sialic acid binding Ig like lectin 15,protein-coding,-,-,-,sialic acid-binding Ig-like lectin 15,20210420,-
130825,121159507,LOC121159507,-,-,-,Un,-,elongin-A-like,protein-coding,-,-,-,elongin-A-like,20210420,-
130825,121159508,LOC121159508,-,-,-,Un,-,elongin-A-like,protein-coding,-,-,-,elongin-A-like,20210420,-
130825,121159509,LOC121159509,-,-,-,Un,-,elongin-A-like,protein-coding,-,-,-,elongin-A-like,20210420,-
130825,121159510,LOC121159510,-,-,-,Un,-,elongin-A-like,protein-coding,-,-,-,elongin-A-like,20210420,-
130825,121159511,LOC121159511,-,-,-,Un,-,40S ribosomal protein S2-like,pseudo,-,-,-,-,20210420,-
130825,121159512,MYO5B,-,-,-,Un,-,myosin VB,protein-coding,-,-,-,unconventional myosin-Vb,20210420,-
130825,121159513,MRO,-,-,-,Un,-,maestro,protein-coding,-,-,-,protein maestro,20210420,-
130825,121159514,LOC121159514,-,-,-,Un,-,dynactin associated protein,protein-coding,-,-,-,dynactin-associated protein,20210420,-
130825,121159515,ALPK2,-,-,-,Un,-,alpha kinase 2,protein-coding,-,-,-,alpha-protein kinase 2,20210420,-
130825,121159516,LOC121159516,-,-,-,Un,-,O-acyltransferase like protein-like,protein-coding,-,-,-,O-acyltransferase like protein-like,20210420,-
130825,121159517,NFYB,-,-,-,Un,-,nuclear transcription factor Y subunit beta,protein-coding,-,-,-,nuclear transcription factor Y subunit beta,20210420,-
130825,121159518,LOC121159518,-,-,-,Un,-,gastrin releasing peptide,protein-coding,-,-,-,gastrin-releasing peptide,20210420,-
130825,121159519,LOC121159519,-,-,-,Un,-,peroxiredoxin-1-like,pseudo,-,-,-,-,20210420,-
130825,121159520,LOC121159520,-,-,-,Un,-,E3 ubiquitin-protein ligase RNF216-like,protein-coding,-,-,-,E3 ubiquitin-protein ligase RNF216-like,20210420,-
130825,121159521,TNFRSF11A,-,-,-,Un,-,TNF receptor superfamily member 11a,protein-coding,-,-,-,tumor necrosis factor receptor superfamily member 11A,20210420,-
130825,121159522,LOC121159522,-,-,-,Un,-,mitochondrial intermembrane space import and assembly protein 40-like,protein-coding,-,-,-,mitochondrial intermembrane space import and assembly protein 40-like,20210420,-
130825,121159523,LOC121159523,-,-,-,Un,-,Parkinson disease protein 7 homolog,pseudo,-,-,-,-,20210420,-
130825,121159524,LOC121159524,-,-,-,Un,-,uncharacterized LOC121159524,ncRNA,-,-,-,-,20210420,-
130825,121159525,LOC121159525,-,-,-,Un,-,60S ribosomal protein L35-like,pseudo,-,-,-,-,20210420,-
130825,121159526,ANKRD29,-,-,-,Un,-,ankyrin repeat domain 29,protein-coding,-,-,-,ankyrin repeat domain-containing protein 29,20210420,-
130825,121159527,LOC121159527,-,-,-,Un,-,40S ribosomal protein S23-like,pseudo,-,-,-,-,20210420,-
130825,121159528,LAMA3,-,-,-,Un,-,laminin subunit alpha 3,protein-coding,-,-,-,laminin subunit alpha-3,20210420,-
130825,121159529,TTR,-,-,-,Un,-,transthyretin,protein-coding,-,-,-,transthyretin,20210420,-
130825,121159530,DSG3,-,-,-,Un,-,desmoglein 3,protein-coding,-,-,-,desmoglein-3,20210420,-
130825,121159531,DSG1,-,-,-,Un,-,desmoglein 1,protein-coding,-,-,-,desmoglein-1,20210420,-
130825,121159532,LOC121159532,-,-,-,Un,-,glycylpeptide N-tetradecanoyltransferase 1-like,pseudo,-,-,-,-,20210420,-
130825,121159533,DSC1,-,-,-,Un,-,desmocollin 1,protein-coding,-,-,-,desmocollin-1,20210420,-
130825,121159534,TXNRD1,-,-,-,Un,-,thioredoxin reductase 1,protein-coding,-,-,-,"thioredoxin reductase 1, cytoplasmic",20210420,-
130825,121159535,DSC2,-,-,-,Un,-,desmocollin 2,protein-coding,-,-,-,desmocollin-2,20210420,-
130825,121159536,LOC121159536,-,-,-,Un,-,desmocollin-3-like,protein-coding,-,-,-,desmocollin-3-like,20210420,-
130825,121159537,CCNG1,-,-,-,Un,-,cyclin G1,protein-coding,-,-,-,cyclin-G1,20210420,-
130825,121159538,CHST9,-,-,-,Un,-,carbohydrate sulfotransferase 9,protein-coding,-,-,-,carbohydrate sulfotransferase 9,20210420,-
130825,121159539,PSMA8,-,-,-,Un,-,proteasome 20S subunit alpha 8,protein-coding,-,-,-,proteasome subunit alpha-type 8,20210420,-
130825,121159540,LOC121159540,-,-,-,Un,-,uncharacterized LOC121159540,ncRNA,-,-,-,-,20210420,-
130825,121159541,ZNF521,-,-,-,Un,-,zinc finger protein 521,protein-coding,-,-,-,zinc finger protein 521,20210420,-
130825,121159542,LOC121159542,-,-,-,Un,-,uncharacterized LOC121159542,ncRNA,-,-,-,-,20210420,-
130825,121159543,GAREM1,-,-,-,Un,-,GRB2 associated regulator of MAPK1 subtype 1,protein-coding,-,-,-,GRB2-associated and regulator of MAPK protein 1,20210420,-
130825,121159544,LOC121159544,-,-,-,Un,-,uncharacterized LOC121159544,ncRNA,-,-,-,-,20210420,-
130825,121159545,ASXL3,-,-,-,Un,-,ASXL transcriptional regulator 3,protein-coding,-,-,-,putative Polycomb group protein ASXL3,20210420,-
130825,121159546,NOL4,-,-,-,Un,-,nucleolar protein 4,protein-coding,-,-,-,nucleolar protein 4,20210420,-
130825,121159547,RIT2,-,-,-,Un,-,Ras like without CAAX 2,protein-coding,-,-,-,GTP-binding protein Rit2,20210420,-
130825,121159548,SYT4,-,-,-,Un,-,synaptotagmin 4,protein-coding,-,-,-,synaptotagmin-4,20210420,-
130825,121159549,EID3,-,-,-,Un,-,EP300 interacting inhibitor of differentiation 3,protein-coding,-,-,-,EP300-interacting inhibitor of differentiation 3,20210420,-
130825,121159550,RNF165,-,-,-,Un,-,ring finger protein 165,protein-coding,-,-,-,E3 ubiquitin-protein ligase RNF165,20210420,-
130825,121159551,LOXHD1,-,-,-,Un,-,lipoxygenase homology PLAT domains 1,protein-coding,-,-,-,lipoxygenase homology domain-containing protein 1,20210420,-
130825,121159552,ST8SIA5,-,-,-,Un,-,"ST8 alpha-N-acetyl-neuraminide alpha-2,8-sialyltransferase 5",protein-coding,-,-,-,"alpha-2,8-sialyltransferase 8E",20210420,-
130825,121159553,KATNAL2,-,-,-,Un,-,katanin catalytic subunit A1 like 2,protein-coding,-,-,-,katanin p60 ATPase-containing subunit A-like 2,20210420,-
130825,121159554,SKOR2,-,-,-,Un,-,SKI family transcriptional corepressor 2,protein-coding,-,-,-,SKI family transcriptional corepressor 2,20210420,-
130825,121159555,LOC121159555,-,-,-,Un,-,uncharacterized LOC121159555,ncRNA,-,-,-,-,20210420,-
130825,121159556,ZBTB7C,-,-,-,Un,-,zinc finger and BTB domain containing 7C,protein-coding,-,-,-,zinc finger and BTB domain-containing protein 7C,20210420,-
130825,121159557,CHST11,-,-,-,Un,-,carbohydrate sulfotransferase 11,protein-coding,-,-,-,carbohydrate sulfotransferase 11,20210420,-
130825,121159558,SKA1,-,-,-,Un,-,spindle and kinetochore associated complex subunit 1,protein-coding,-,-,-,spindle and kinetochore-associated protein 1,20210420,-
130825,121159559,MAPK4,-,-,-,Un,-,mitogen-activated protein kinase 4,protein-coding,-,-,-,mitogen-activated protein kinase 4,20210420,-
130825,121159560,LOC121159560,-,-,-,Un,-,ferritin heavy chain-like,pseudo,-,-,-,-,20210420,-
130825,121159561,DCC,-,-,-,Un,-,DCC netrin 1 receptor,protein-coding,-,-,-,netrin receptor DCC,20210420,-
130825,121159562,LOC121159562,-,-,-,Un,-,uncharacterized LOC121159562,ncRNA,-,-,-,-,20210420,-
130825,121159563,STARD6,-,-,-,Un,-,StAR related lipid transfer domain containing 6,protein-coding,-,-,-,stAR-related lipid transfer protein 6,20210420,-
130825,121159564,RAB27B,-,-,-,Un,-,"RAB27B, member RAS oncogene family",protein-coding,-,-,-,ras-related protein Rab-27B,20210420,-
130825,121159565,CCDC68,-,-,-,Un,-,coiled-coil domain containing 68,protein-coding,-,-,-,coiled-coil domain-containing protein 68,20210420,-
130825,121159566,LOC121159566,-,-,-,Un,-,60S ribosomal protein L36a-like,pseudo,-,-,-,-,20210420,-
130825,121159567,ST8SIA3,-,-,-,Un,-,"ST8 alpha-N-acetyl-neuraminide alpha-2,8-sialyltransferase 3",protein-coding,-,-,-,"sia-alpha-2,3-Gal-beta-1,4-GlcNAc-R:alpha 2,8-sialyltransferase",20210420,-
130825,121159568,ONECUT2,-,-,-,Un,-,one cut homeobox 2,protein-coding,-,-,-,one cut domain family member 2,20210420,-
130825,121159569,LOC121159569,-,-,-,Un,-,M-phase phosphoprotein 6-like,pseudo,-,-,-,-,20210420,-
130825,121159570,RAX,-,-,-,Un,-,retina and anterior neural fold homeobox,protein-coding,-,-,-,retinal homeobox protein Rx,20210420,-
130825,121159571,CPLX4,-,-,-,Un,-,complexin 4,protein-coding,-,-,-,complexin-4,20210420,-
130825,121159572,MC4R,-,-,-,Un,-,melanocortin 4 receptor,protein-coding,-,-,-,melanocortin receptor 4,20210420,-
130825,121159573,CDH20,-,-,-,Un,-,cadherin 20,protein-coding,-,-,-,cadherin-20,20210420,-
130825,121159574,SLC41A2,-,-,-,Un,-,solute carrier family 41 member 2,protein-coding,-,-,-,solute carrier family 41 member 2,20210420,-
130825,121159575,LOC121159575,-,-,-,Un,-,uncharacterized LOC121159575,ncRNA,-,-,-,-,20210420,-
130825,121159576,LOC121159576,-,-,-,Un,-,uncharacterized LOC121159576,ncRNA,-,-,-,-,20210420,-
130825,121159577,RNF152,-,-,-,Un,-,ring finger protein 152,protein-coding,-,-,-,E3 ubiquitin-protein ligase RNF152,20210420,-
130825,121159578,SERPINB5,-,-,-,Un,-,serpin family B member 5,protein-coding,-,-,-,serpin B5,20210420,-
130825,121159579,SERPINB12,-,-,-,Un,-,serpin family B member 12,protein-coding,-,-,-,serpin B12,20210420,-
130825,121159580,LOC121159580,-,-,-,Un,-,serpin B13-like,protein-coding,-,-,-,serpin B13-like,20210420,-
130825,121159581,LOC121159581,-,-,-,Un,-,serpin B4-like,protein-coding,-,-,-,serpin B3-like|serpin B4-like,20210420,-
130825,121159582,NOPCHAP1,-,-,-,Un,-,NOP protein chaperone 1,protein-coding,-,-,-,uncharacterized protein C12orf45 homolog,20210420,-
130825,121159583,SERPINB11,-,-,-,Un,-,serpin family B member 11,protein-coding,-,-,-,serpin B11,20210420,-
130825,121159584,SERPINB7,-,-,-,Un,-,serpin family B member 7,protein-coding,-,-,-,serpin B7,20210420,-
130825,121159585,CDH7,-,-,-,Un,-,cadherin 7,protein-coding,-,-,-,cadherin-7,20210420,-
130825,121159586,CDH19,-,-,-,Un,-,cadherin 19,protein-coding,-,-,-,cadherin-19,20210420,-
130825,121159587,DSEL,-,-,-,Un,-,dermatan sulfate epimerase like,protein-coding,-,-,-,dermatan-sulfate epimerase-like protein,20210420,-
130825,121159588,CCDC102B,-,-,-,Un,-,coiled-coil domain containing 102B,protein-coding,-,-,-,coiled-coil domain-containing protein 102B,20210420,-
130825,121159589,LOC121159589,-,-,-,Un,-,ferritin light chain-like,pseudo,-,-,-,-,20210420,-
130825,121159590,CBLN2,-,-,-,Un,-,cerebellin 2 precursor,protein-coding,-,-,-,cerebellin-2,20210420,-
130825,121159591,ALDH1L2,-,-,-,Un,-,aldehyde dehydrogenase 1 family member L2,protein-coding,-,-,-,mitochondrial 10-formyltetrahydrofolate dehydrogenase,20210420,-
130825,121159592,LOC121159592,-,-,-,Un,-,uncharacterized LOC121159592,ncRNA,-,-,-,-,20210420,-
130825,121159593,TIMM21,-,-,-,Un,-,translocase of inner mitochondrial membrane 21,protein-coding,-,-,-,mitochondrial import inner membrane translocase subunit Tim21,20210420,-
130825,121159594,GALR1,-,-,-,Un,-,galanin receptor 1,protein-coding,-,-,-,galanin receptor type 1,20210420,-
130825,121159595,SALL3,-,-,-,Un,-,spalt like transcription factor 3,protein-coding,-,-,-,sal-like protein 3,20210420,-
130825,121159596,HSBP1L1,-,-,-,Un,-,heat shock factor binding protein 1 like 1,protein-coding,-,-,-,heat shock factor-binding protein 1-like protein 1,20210420,-
130825,121159597,LOC121159597,-,-,-,Un,-,uncharacterized LOC121159597,ncRNA,-,-,-,-,20210420,-
130825,121159598,FBXO15,-,-,-,Un,-,F-box protein 15,protein-coding,-,-,-,F-box only protein 15,20210420,-
130825,121159599,CUNH18orf63,-,-,-,Un,-,chromosome unknown C18orf63 homolog,protein-coding,-,-,-,uncharacterized protein C18orf63 homolog,20210420,-
130825,121159600,WASHC4,-,-,-,Un,-,WASH complex subunit 4,protein-coding,-,-,-,WASH complex subunit 4,20210420,-
130825,121159601,DIPK1C,-,-,-,Un,-,divergent protein kinase domain 1C,protein-coding,-,-,-,divergent protein kinase domain 1C,20210420,-
130825,121159602,CNDP1,-,-,-,Un,-,carnosine dipeptidase 1,protein-coding,-,-,-,LOW QUALITY PROTEIN: beta-Ala-His dipeptidase,20210420,-
130825,121159603,KCNG2,-,-,-,Un,-,potassium voltage-gated channel modifier subfamily G member 2,protein-coding,-,-,-,LOW QUALITY PROTEIN: potassium voltage-gated channel subfamily G member 2,20210420,-
130825,121159604,LOC121159604,-,-,-,Un,-,anomalous homeobox protein-like,protein-coding,-,-,-,anomalous homeobox protein-like,20210420,-
130825,121159605,LOC121159605,-,-,-,Un,-,NADH dehydrogenase [ubiquinone] 1 alpha subcomplex subunit 5-like,pseudo,-,-,-,-,20210420,-
130825,121159606,GREB1L,-,-,-,Un,-,GREB1 like retinoic acid receptor coactivator,protein-coding,-,-,-,GREB1-like protein,20210420,-
130825,121159607,ESCO1,-,-,-,Un,-,establishment of sister chromatid cohesion N-acetyltransferase 1,protein-coding,-,-,-,N-acetyltransferase ESCO1,20210420,-
130825,121159608,SNRPD1,-,-,-,Un,-,small nuclear ribonucleoprotein D1 polypeptide,protein-coding,-,-,-,small nuclear ribonucleoprotein Sm D1,20210529,-
130825,121159609,MIB1,-,-,-,Un,-,MIB E3 ubiquitin protein ligase 1,protein-coding,-,-,-,E3 ubiquitin-protein ligase MIB1,20210420,-
130825,121159610,LOC121159610,-,-,-,Un,-,uncharacterized LOC121159610,ncRNA,-,-,-,-,20210420,-
130825,121159611,GATA6,-,-,-,Un,-,GATA binding protein 6,protein-coding,-,-,-,transcription factor GATA-6,20210420,-
130825,121159612,RBBP8,-,-,-,Un,-,"RB binding protein 8, endonuclease",protein-coding,-,-,-,DNA endonuclease RBBP8,20210420,-
130825,121159613,CABLES1,-,-,-,Un,-,Cdk5 and Abl enzyme substrate 1,protein-coding,-,-,-,CDK5 and ABL1 enzyme substrate 1,20210420,-
130825,121159614,TMEM241,-,-,-,Un,-,transmembrane protein 241,protein-coding,-,-,-,transmembrane protein 241,20210420,-
130825,121159615,RIOK3,-,-,-,Un,-,RIO kinase 3,protein-coding,-,-,-,serine/threonine-protein kinase RIO3,20210420,-
130825,121159616,NPC1,-,-,-,Un,-,NPC intracellular cholesterol transporter 1,protein-coding,-,-,-,NPC intracellular cholesterol transporter 1,20210420,-
130825,121159617,RMC1,-,-,-,Un,-,regulator of MON1-CCZ1,protein-coding,-,-,-,regulator of MON1-CCZ1 complex,20210420,-
130825,121159618,LOC121159618,-,-,-,Un,-,uncharacterized LOC121159618,ncRNA,-,-,-,-,20210420,-
130825,121159619,TTC39C,-,-,-,Un,-,tetratricopeptide repeat domain 39C,protein-coding,-,-,-,tetratricopeptide repeat protein 39C,20210420,-
130825,121159620,OSBPL1A,-,-,-,Un,-,oxysterol binding protein like 1A,protein-coding,-,-,-,oxysterol-binding protein-related protein 1,20210420,-
130825,121159621,APPL2,-,-,-,Un,-,"adaptor protein, phosphotyrosine interacting with PH domain and leucine zipper 2",protein-coding,-,-,-,DCC-interacting protein 13-beta,20210420,-
130825,121159622,CABYR,-,-,-,Un,-,calcium binding tyrosine phosphorylation regulated,protein-coding,-,-,-,calcium-binding tyrosine phosphorylation-regulated protein,20210420,-
130825,121159623,HRH4,-,-,-,Un,-,histamine receptor H4,protein-coding,-,-,-,histamine H4 receptor,20210420,-
130825,121159624,IMPACT,-,-,-,Un,-,impact RWD domain protein,protein-coding,-,-,-,protein IMPACT,20210420,-
130825,121159625,B4GALT6,-,-,-,Un,-,"beta-1,4-galactosyltransferase 6",protein-coding,-,-,-,"beta-1,4-galactosyltransferase 6",20210420,-
130825,121159626,CDH2,-,-,-,Un,-,cadherin 2,protein-coding,-,-,-,cadherin-2,20210420,-
130825,121159627,AQP4,-,-,-,Un,-,aquaporin 4,protein-coding,-,-,-,aquaporin-4,20210420,-
130825,121159628,KCTD1,-,-,-,Un,-,potassium channel tetramerization domain containing 1,protein-coding,-,-,-,BTB/POZ domain-containing protein KCTD1,20210420,-
130825,121159629,TAF4B,-,-,-,Un,-,TATA-box binding protein associated factor 4b,protein-coding,-,-,-,transcription initiation factor TFIID subunit 4B,20210420,-
130825,121159630,CUNH12orf75,-,-,-,Un,-,chromosome unknown C12orf75 homolog,protein-coding,-,-,-,overexpressed in colon carcinoma 1 protein,20210420,-
130825,121159631,SS18,-,-,-,Un,-,SS18 subunit of BAF chromatin remodeling complex,protein-coding,-,-,-,protein SSXT,20210420,-
130825,121159632,TRAPPC8,-,-,-,Un,-,trafficking protein particle complex subunit 8,protein-coding,-,-,-,trafficking protein particle complex subunit 8,20210420,-
130825,121159633,RNF125,-,-,-,Un,-,ring finger protein 125,protein-coding,-,-,-,E3 ubiquitin-protein ligase RNF125,20210420,-
130825,121159634,RNF138,-,-,-,Un,-,ring finger protein 138,protein-coding,-,-,-,E3 ubiquitin-protein ligase RNF138,20210420,-
130825,121159635,KLHL14,-,-,-,Un,-,kelch like family member 14,protein-coding,-,-,-,kelch-like protein 14,20210420,-
130825,121159636,DTNA,-,-,-,Un,-,dystrobrevin alpha,protein-coding,-,-,-,dystrobrevin alpha,20210420,-
130825,121159637,CKAP4,-,-,-,Un,-,cytoskeleton associated protein 4,protein-coding,-,-,-,cytoskeleton-associated protein 4,20210420,-
130825,121159638,MAPRE2,-,-,-,Un,-,microtubule associated protein RP/EB family member 2,protein-coding,-,-,-,microtubule-associated protein RP/EB family member 2,20210420,-
130825,121159639,ZSCAN30,-,-,-,Un,-,zinc finger and SCAN domain containing 30,protein-coding,-,-,-,zinc finger and SCAN domain-containing protein 30,20210420,-
130825,121159640,LOC121159640,-,-,-,Un,-,zinc finger protein 271-like,protein-coding,-,-,-,LOW QUALITY PROTEIN: zinc finger protein 271-like,20210420,-
130825,121159641,ZNF397,-,-,-,Un,-,zinc finger protein 397,protein-coding,-,-,-,zinc finger protein 397,20210420,-
130825,121159642,TCP11L2,-,-,-,Un,-,t-complex 11 like 2,protein-coding,-,-,-,T-complex protein 11-like protein 2,20210420,-
130825,121159643,INO80C,-,-,-,Un,-,INO80 complex subunit C,protein-coding,-,-,-,INO80 complex subunit C,20210420,-
130825,121159644,GALNT1,-,-,-,Un,-,polypeptide N-acetylgalactosaminyltransferase 1,protein-coding,-,-,-,polypeptide N-acetylgalactosaminyltransferase 1,20210420,-
130825,121159645,CUNH18orf21,-,-,-,Un,-,chromosome unknown C18orf21 homolog,protein-coding,-,-,-,UPF0711 protein C18orf21 homolog,20210420,-
130825,121159646,RPRD1A,-,-,-,Un,-,regulation of nuclear pre-mRNA domain containing 1A,protein-coding,-,-,-,regulation of nuclear pre-mRNA domain-containing protein 1A,20210420,-
130825,121159647,SLC39A6,-,-,-,Un,-,solute carrier family 39 member 6,protein-coding,-,-,-,zinc transporter ZIP6,20210420,-
130825,121159648,POLR3B,-,-,-,Un,-,RNA polymerase III subunit B,protein-coding,-,-,-,DNA-directed RNA polymerase III subunit RPC2,20210420,-
130825,121159649,ELP2,-,-,-,Un,-,elongator acetyltransferase complex subunit 2,protein-coding,-,-,-,elongator complex protein 2,20210420,-
130825,121159650,FHOD3,-,-,-,Un,-,formin homology 2 domain containing 3,protein-coding,-,-,-,FH1/FH2 domain-containing protein 3,20210420,-
130825,121159651,RIC8B,-,-,-,Un,-,RIC8 guanine nucleotide exchange factor B,protein-coding,-,-,-,synembryn-B,20210420,-
130825,121159652,TPGS2,-,-,-,Un,-,tubulin polyglutamylase complex subunit 2,protein-coding,-,-,-,tubulin polyglutamylase complex subunit 2,20210420,-
130825,121159653,KIAA1328,-,-,-,Un,-,KIAA1328 ortholog,protein-coding,-,-,-,protein hinderin,20210420,-
130825,121159654,CELF4,-,-,-,Un,-,CUGBP Elav-like family member 4,protein-coding,-,-,-,CUGBP Elav-like family member 4,20210529,-
130825,121159655,PIK3C3,-,-,-,Un,-,phosphatidylinositol 3-kinase catalytic subunit type 3,protein-coding,-,-,-,phosphatidylinositol 3-kinase catalytic subunit type 3,20210420,-
130825,121159656,SETBP1,-,-,-,Un,-,SET binding protein 1,protein-coding,-,-,-,SET-binding protein,20210420,-
130825,121159657,LOC121159657,-,-,-,Un,-,uncharacterized LOC121159657,ncRNA,-,-,-,-,20210420,-
130825,121159658,SLC14A2,-,-,-,Un,-,solute carrier family 14 member 2,protein-coding,-,-,-,urea transporter 2,20210420,-
130825,121159659,SLC14A1,-,-,-,Un,-,solute carrier family 14 member 1 (Kidd blood group),protein-coding,-,-,-,urea transporter 1,20210420,-
130825,121159660,EPG5,-,-,-,Un,-,ectopic P-granules autophagy protein 5 homolog,protein-coding,-,-,-,ectopic P granules protein 5 homolog,20210420,-
130825,121159661,PSTPIP2,-,-,-,Un,-,proline-serine-threonine phosphatase interacting protein 2,protein-coding,-,-,-,proline-serine-threonine phosphatase-interacting protein 2,20210420,-
130825,121159662,ATP5F1A,-,-,-,Un,-,ATP synthase F1 subunit alpha,protein-coding,-,-,-,"ATP synthase subunit alpha, mitochondrial",20210420,-
130825,121159663,HAUS1,-,-,-,Un,-,HAUS augmin like complex subunit 1,protein-coding,-,-,-,HAUS augmin-like complex subunit 1,20210420,-
130825,121159664,LOC121159664,-,-,-,Un,-,40S ribosomal protein S6-like,pseudo,-,-,-,-,20210420,-
130825,121159665,CUNH18orf25,-,-,-,Un,-,chromosome unknown C18orf25 homolog,protein-coding,-,-,-,uncharacterized protein C18orf25 homolog,20210420,-
130825,121159666,PIAS2,-,-,-,Un,-,protein inhibitor of activated STAT 2,protein-coding,-,-,-,E3 SUMO-protein ligase PIAS2,20210420,-
130825,121159667,HDHD2,-,-,-,Un,-,haloacid dehalogenase like hydrolase domain containing 2,protein-coding,-,-,-,haloacid dehalogenase-like hydrolase domain-containing protein 2,20210420,-
130825,121159668,IER3IP1,-,-,-,Un,-,immediate early response 3 interacting protein 1,protein-coding,-,-,-,immediate early response 3-interacting protein 1,20210420,-
130825,121159669,SMAD2,-,-,-,Un,-,SMAD family member 2,protein-coding,-,-,-,mothers against decapentaplegic homolog 2,20210522,-
130825,121159670,CTIF,-,-,-,Un,-,cap binding complex dependent translation initiation factor,protein-coding,-,-,-,CBP80/20-dependent translation initiation factor,20210420,-
130825,121159671,TMEM263,-,-,-,Un,-,transmembrane protein 263,protein-coding,-,-,-,transmembrane protein 263,20210420,-
130825,121159672,SMAD7,-,-,-,Un,-,SMAD family member 7,protein-coding,-,-,-,mothers against decapentaplegic homolog 7,20210420,-
130825,121159673,DYM,-,-,-,Un,-,dymeclin,protein-coding,-,-,-,dymeclin,20210420,-
130825,121159674,RPL17,-,-,-,Un,-,ribosomal protein L17,protein-coding,-,-,-,60S ribosomal protein L17,20210529,-
130825,121159675,CUNH18orf32,-,-,-,Un,-,chromosome unknown C18orf32 homolog,protein-coding,-,-,-,UPF0729 protein C18orf32 homolog,20210420,-
130825,121159676,MTERF2,-,-,-,Un,-,mitochondrial transcription termination factor 2,protein-coding,-,-,-,"transcription termination factor 2, mitochondrial",20210420,-
130825,121159677,LIPG,-,-,-,Un,-,"lipase G, endothelial type",protein-coding,-,-,-,endothelial lipase,20210420,-
130825,121159678,ACAA2,-,-,-,Un,-,acetyl-CoA acyltransferase 2,protein-coding,-,-,-,"3-ketoacyl-CoA thiolase, mitochondrial",20210420,-
130825,121159679,MBD1,-,-,-,Un,-,methyl-CpG binding domain protein 1,protein-coding,-,-,-,LOW QUALITY PROTEIN: methyl-CpG-binding domain protein 1,20210420,-
130825,121159680,CFAP53,-,-,-,Un,-,cilia and flagella associated protein 53,protein-coding,-,-,-,cilia- and flagella-associated protein 53,20210420,-
130825,121159681,CXXC1,-,-,-,Un,-,CXXC finger protein 1,protein-coding,-,-,-,CXXC-type zinc finger protein 1,20210420,-
130825,121159682,ME2,-,-,-,Un,-,malic enzyme 2,protein-coding,-,-,-,"NAD-dependent malic enzyme, mitochondrial",20210420,-
130825,121159683,SMAD4,-,-,-,Un,-,SMAD family member 4,protein-coding,-,-,-,mothers against decapentaplegic homolog 4,20210420,-
130825,121159684,CRY1,-,-,-,Un,-,cryptochrome circadian regulator 1,protein-coding,-,-,-,cryptochrome-1,20210420,-
130825,121159685,ELAC1,-,-,-,Un,-,elaC ribonuclease Z 1,protein-coding,-,-,-,zinc phosphodiesterase ELAC protein 1,20210420,-
130825,121159686,LOC121159686,-,-,-,Un,-,uncharacterized LOC121159686,ncRNA,-,-,-,-,20210420,-
130825,121159687,MEX3C,-,-,-,Un,-,mex-3 RNA binding family member C,protein-coding,-,-,-,RNA-binding E3 ubiquitin-protein ligase MEX3C,20210420,-
130825,121159688,MBD2,-,-,-,Un,-,methyl-CpG binding domain protein 2,protein-coding,-,-,-,methyl-CpG-binding domain protein 2,20210420,-
130825,121159689,POLI,-,-,-,Un,-,DNA polymerase iota,protein-coding,-,-,-,DNA polymerase iota,20210420,-
130825,121159690,CUNH18orf54,-,-,-,Un,-,chromosome unknown C18orf54 homolog,protein-coding,-,-,-,lung adenoma susceptibility protein 2,20210420,-
130825,121159691,TCF4,-,-,-,Un,-,transcription factor 4,protein-coding,-,-,-,transcription factor 4,20210420,-
130825,121159692,BTBD11,-,-,-,Un,-,BTB domain containing 11,protein-coding,-,-,-,ankyrin repeat and BTB/POZ domain-containing protein BTBD11,20210420,-
130825,121159693,TXNL1,-,-,-,Un,-,thioredoxin like 1,protein-coding,-,-,-,thioredoxin-like protein 1,20210420,-
130825,121159694,WDR7,-,-,-,Un,-,WD repeat domain 7,protein-coding,-,-,-,WD repeat-containing protein 7,20210420,-
130825,121159695,LOC121159695,-,-,-,Un,-,60S ribosomal protein L35a-like,pseudo,-,-,-,-,20210420,-
130825,121159696,FECH,-,-,-,Un,-,ferrochelatase,protein-coding,-,-,-,"ferrochelatase, mitochondrial",20210529,-
130825,121159697,NARS1,-,-,-,Un,-,asparaginyl-tRNA synthetase 1,protein-coding,-,-,-,"asparagine--tRNA ligase, cytoplasmic",20210420,-
130825,121159698,ATP8B1,-,-,-,Un,-,ATPase phospholipid transporting 8B1,protein-coding,-,-,-,phospholipid-transporting ATPase IC,20210420,-
130825,121159699,NEDD4L,-,-,-,Un,-,NEDD4 like E3 ubiquitin protein ligase,protein-coding,-,-,-,E3 ubiquitin-protein ligase NEDD4-like,20210420,-
130825,121159700,MALT1,-,-,-,Un,-,MALT1 paracaspase,protein-coding,-,-,-,mucosa-associated lymphoid tissue lymphoma translocation protein 1,20210420,-
130825,121159701,ZNF532,-,-,-,Un,-,zinc finger protein 532,protein-coding,-,-,-,zinc finger protein 532,20210420,-
130825,121159702,PWP1,-,-,-,Un,-,"PWP1 homolog, endonuclein",protein-coding,-,-,-,periodic tryptophan protein 1 homolog,20210420,-
130825,121159703,SEC11C,-,-,-,Un,-,"SEC11 homolog C, signal peptidase complex subunit",protein-coding,-,-,-,signal peptidase complex catalytic subunit SEC11C,20210420,-
130825,121159704,LMAN1,-,-,-,Un,-,"lectin, mannose binding 1",protein-coding,-,-,-,protein ERGIC-53,20210420,-
130825,121159705,CCBE1,-,-,-,Un,-,collagen and calcium binding EGF domains 1,protein-coding,-,-,-,collagen and calcium-binding EGF domain-containing protein 1,20210420,-
130825,121159706,PMAIP1,-,-,-,Un,-,phorbol-12-myristate-13-acetate-induced protein 1,protein-coding,-,-,-,phorbol-12-myristate-13-acetate-induced protein 1,20210420,-
130825,121159707,LOC121159707,-,-,-,Un,-,uncharacterized LOC121159707,ncRNA,-,-,-,-,20210420,-
130825,121159708,PIGN,-,-,-,Un,-,phosphatidylinositol glycan anchor biosynthesis class N,protein-coding,-,-,-,GPI ethanolamine phosphate transferase 1,20210420,-
130825,121159709,PRDM4,-,-,-,Un,-,PR/SET domain 4,protein-coding,-,-,-,PR domain zinc finger protein 4,20210420,-
130825,121159710,RELCH,-,-,-,Un,-,"RAB11 binding and LisH domain, coiled-coil and HEAT repeat containing",protein-coding,-,-,-,RAB11-binding protein RELCH,20210420,-
130825,121159711,NUDCD2,-,-,-,Un,-,NudC domain containing 2,protein-coding,-,-,-,nudC domain-containing protein 2,20210420,-
130825,121159712,ZCCHC2,-,-,-,Un,-,zinc finger CCHC-type containing 2,protein-coding,-,-,-,zinc finger CCHC domain-containing protein 2,20210420,-
130825,121159713,PHLPP1,-,-,-,Un,-,PH domain and leucine rich repeat protein phosphatase 1,protein-coding,-,-,-,PH domain leucine-rich repeat-containing protein phosphatase 1,20210420,-
130825,121159714,BCL2,-,-,-,Un,-,BCL2 apoptosis regulator,protein-coding,-,-,-,apoptosis regulator Bcl-2,20210420,-
130825,121159715,LOC121159715,-,-,-,Un,-,uncharacterized LOC121159715,ncRNA,-,-,-,-,20210420,-
130825,121159716,KDSR,-,-,-,Un,-,3-ketodihydrosphingosine reductase,protein-coding,-,-,-,3-ketodihydrosphingosine reductase,20210420,-
130825,121159717,VPS4B,-,-,-,Un,-,vacuolar protein sorting 4 homolog B,protein-coding,-,-,-,vacuolar protein sorting-associated protein 4B,20210420,-
130825,121159718,SERPINB2,-,-,-,Un,-,serpin family B member 2,protein-coding,-,-,-,plasminogen activator inhibitor 2,20210420,-
130825,121159719,RTCB,-,-,-,Un,-,"RNA 2',3'-cyclic phosphate and 5'-OH ligase",protein-coding,-,-,-,RNA-splicing ligase RtcB homolog,20210420,-
130825,121159720,LOC121159720,-,-,-,Un,-,uncharacterized LOC121159720,ncRNA,-,-,-,-,20210420,-
130825,121159721,SERPINB10,-,-,-,Un,-,serpin family B member 10,protein-coding,-,-,-,serpin B10,20210420,-
130825,121159722,SERPINB8,-,-,-,Un,-,serpin family B member 8,protein-coding,-,-,-,serpin B8,20210420,-
130825,121159723,LOC121159723,-,-,-,Un,-,uncharacterized LOC121159723,ncRNA,-,-,-,-,20210420,-
130825,121159724,TMX3,-,-,-,Un,-,thioredoxin related transmembrane protein 3,protein-coding,-,-,-,protein disulfide-isomerase TMX3,20210420,-
130825,121159725,DOK6,-,-,-,Un,-,docking protein 6,protein-coding,-,-,-,docking protein 6,20210420,-
130825,121159726,FBXO7,-,-,-,Un,-,F-box protein 7,protein-coding,-,-,-,F-box only protein 7,20210420,-
130825,121159727,CD226,-,-,-,Un,-,CD226 molecule,protein-coding,-,-,-,CD226 antigen,20210420,-
130825,121159728,RTTN,-,-,-,Un,-,rotatin,protein-coding,-,-,-,rotatin,20210420,-
130825,121159729,SOCS6,-,-,-,Un,-,suppressor of cytokine signaling 6,protein-coding,-,-,-,suppressor of cytokine signaling 6,20210420,-
130825,121159730,NETO1,-,-,-,Un,-,neuropilin and tolloid like 1,protein-coding,-,-,-,neuropilin and tolloid-like protein 1,20210420,-
130825,121159731,LOC121159731,-,-,-,Un,-,cytochrome b5,protein-coding,-,-,-,cytochrome b5,20210420,-
130825,121159732,CNDP2,-,-,-,Un,-,carnosine dipeptidase 2,protein-coding,-,-,-,cytosolic non-specific dipeptidase,20210420,-
130825,121159733,ZNF407,-,-,-,Un,-,zinc finger protein 407,protein-coding,-,-,-,zinc finger protein 407,20210420,-
130825,121159734,ZADH2,-,-,-,Un,-,zinc binding alcohol dehydrogenase domain containing 2,protein-coding,-,-,-,prostaglandin reductase 3,20210420,-
130825,121159735,TSHZ1,-,-,-,Un,-,teashirt zinc finger homeobox 1,protein-coding,-,-,-,teashirt homolog 1,20210420,-
130825,121159736,ZNF516,-,-,-,Un,-,zinc finger protein 516,protein-coding,-,-,-,zinc finger protein 516,20210420,-
130825,121159737,ZNF236,-,-,-,Un,-,zinc finger protein 236,protein-coding,-,-,-,zinc finger protein 236,20210420,-
130825,121159738,SYN3,-,-,-,Un,-,synapsin III,protein-coding,-,-,-,synapsin-3,20210420,-
130825,121159739,LOC121159739,-,-,-,Un,-,myelin basic protein,protein-coding,-,-,-,myelin basic protein,20210420,-
130825,121159740,ATP9B,-,-,-,Un,-,ATPase phospholipid transporting 9B (putative),protein-coding,-,-,-,probable phospholipid-transporting ATPase IIB,20210420,-
130825,121159741,NFATC1,-,-,-,Un,-,nuclear factor of activated T cells 1,protein-coding,-,-,-,"nuclear factor of activated T-cells, cytoplasmic 1",20210420,-
130825,121159742,CTDP1,-,-,-,Un,-,CTD phosphatase subunit 1,protein-coding,-,-,-,RNA polymerase II subunit A C-terminal domain phosphatase,20210420,-
130825,121159743,SLC66A2,-,-,-,Un,-,solute carrier family 66 member 2,protein-coding,-,-,-,solute carrier family 66 member 2,20210420,-
130825,121159744,TXNL4A,-,-,-,Un,-,thioredoxin like 4A,protein-coding,-,-,-,thioredoxin-like protein 4A,20210522,-
130825,121159745,TIMP3,-,-,-,Un,-,TIMP metallopeptidase inhibitor 3,protein-coding,-,-,-,metalloproteinase inhibitor 3,20210420,-
130825,121159746,LOC121159746,-,-,-,Un,-,glyoxylate/hydroxypyruvate reductase B-like,protein-coding,-,-,-,glyoxylate/hydroxypyruvate reductase B-like,20210420,-
130825,121159747,RBFA,-,-,-,Un,-,ribosome binding factor A,protein-coding,-,-,-,"putative ribosome-binding factor A, mitochondrial",20210420,-
130825,121159748,ADNP2,-,-,-,Un,-,ADNP homeobox 2,protein-coding,-,-,-,activity-dependent neuroprotector homeobox protein 2,20210420,-
130825,121159749,PARD6G,-,-,-,Un,-,par-6 family cell polarity regulator gamma,protein-coding,-,-,-,partitioning defective 6 homolog gamma,20210420,-
130825,121159750,LOC121159750,-,-,-,Un,-,zinc finger protein 717-like,protein-coding,-,-,-,zinc finger protein 39-like|zinc finger protein 717-like,20210420,-
130825,121159751,LOC121159751,-,-,-,Un,-,small nucleolar RNA SNORD58,snoRNA,-,-,-,-,20210420,-
130825,121159752,LARGE1,-,-,-,Un,-,LARGE xylosyl- and glucuronyltransferase 1,protein-coding,-,-,-,LARGE xylosyl- and glucuronyltransferase 1,20210420,-
130825,121159753,LOC121159753,-,-,-,Un,-,small nucleolar RNA SNORD58,snoRNA,-,-,-,-,20210420,-
130825,121159754,LOC121159754,-,-,-,Un,-,small nucleolar RNA SNORD58,snoRNA,-,-,-,-,20210420,-
130825,121159755,LOC121159755,-,-,-,Un,-,small nucleolar RNA SNORD58,snoRNA,-,-,-,-,20210420,-
130825,121159756,LOC121159756,-,-,-,Un,-,small nucleolar RNA SNORA70,pseudo,-,-,-,-,20210420,-
130825,121159757,LOC121159757,-,-,-,Un,-,small nucleolar RNA SNORD49,snoRNA,-,-,-,-,20210420,-
130825,121159758,LOC121159758,-,-,-,Un,-,small Cajal body-specific RNA 18,ncRNA,-,-,-,-,20210420,-
130825,121159759,LOC121159759,-,-,-,Un,-,small Cajal body-specific RNA 17,ncRNA,-,-,-,-,20210420,-
130825,121159760,LOC121159760,-,-,-,Un,-,U1 spliceosomal RNA,snRNA,-,-,-,-,20210420,-
130825,121159761,LOC121159761,-,-,-,Un,-,U1 spliceosomal RNA,snRNA,-,-,-,-,20210420,-
130825,121159762,LOC121159762,-,-,-,Un,-,U1 spliceosomal RNA,snRNA,-,-,-,-,20210420,-
130825,121159763,LOC121159763,-,-,-,Un,-,U1 spliceosomal RNA,pseudo,-,-,-,-,20210420,-
130825,121159764,LOC121159764,-,-,-,Un,-,U2 spliceosomal RNA,snRNA,-,-,-,-,20210420,-
130825,121159765,LOC121159765,-,-,-,Un,-,U2 spliceosomal RNA,pseudo,-,-,-,-,20210420,-
130825,121159766,LOC121159766,-,-,-,Un,-,U2 spliceosomal RNA,pseudo,-,-,-,-,20210420,-
130825,121159767,LOC121159767,-,-,-,Un,-,U2 spliceosomal RNA,pseudo,-,-,-,-,20210420,-
130825,121159768,LOC121159768,-,-,-,Un,-,U2 spliceosomal RNA,pseudo,-,-,-,-,20210420,-
130825,121159769,LOC121159769,-,-,-,Un,-,U2 spliceosomal RNA,pseudo,-,-,-,-,20210420,-
130825,121159770,LOC121159770,-,-,-,Un,-,U2 spliceosomal RNA,snRNA,-,-,-,-,20210420,-
130825,121159771,LOC121159771,-,-,-,Un,-,U4 spliceosomal RNA,pseudo,-,-,-,-,20210420,-
130825,121159772,LOC121159772,-,-,-,Un,-,U4 spliceosomal RNA,pseudo,-,-,-,-,20210420,-
130825,121159773,LOC121159773,-,-,-,Un,-,U4 spliceosomal RNA,pseudo,-,-,-,-,20210420,-
130825,121159774,LOC121159774,-,-,-,Un,-,U6 spliceosomal RNA,snRNA,-,-,-,-,20210420,-
130825,121159775,LOC121159775,-,-,-,Un,-,U6 spliceosomal RNA,snRNA,-,-,-,-,20210420,-
130825,121159776,LOC121159776,-,-,-,Un,-,U6 spliceosomal RNA,snRNA,-,-,-,-,20210420,-
130825,121159777,LOC121159777,-,-,-,Un,-,U6 spliceosomal RNA,snRNA,-,-,-,-,20210420,-
130825,121159778,LOC121159778,-,-,-,Un,-,U6 spliceosomal RNA,snRNA,-,-,-,-,20210420,-
130825,121159779,LOC121159779,-,-,-,Un,-,U6 spliceosomal RNA,snRNA,-,-,-,-,20210420,-
130825,121159780,LOC121159780,-,-,-,Un,-,U6 spliceosomal RNA,snRNA,-,-,-,-,20210420,-
130825,121159781,LOC121159781,-,-,-,Un,-,U6 spliceosomal RNA,snRNA,-,-,-,-,20210420,-
130825,121159782,LOC121159782,-,-,-,Un,-,U6 spliceosomal RNA,snRNA,-,-,-,-,20210420,-
130825,121159783,LOC121159783,-,-,-,Un,-,U6 spliceosomal RNA,snRNA,-,-,-,-,20210420,-
130825,121159784,LOC121159784,-,-,-,Un,-,U6 spliceosomal RNA,snRNA,-,-,-,-,20210420,-
130825,121159785,LOC121159785,-,-,-,Un,-,U6 spliceosomal RNA,snRNA,-,-,-,-,20210420,-
130825,121159786,LOC121159786,-,-,-,Un,-,U6 spliceosomal RNA,snRNA,-,-,-,-,20210420,-
130825,121159787,LOC121159787,-,-,-,Un,-,U6 spliceosomal RNA,pseudo,-,-,-,-,20210420,-
130825,121159788,HMGXB4,-,-,-,Un,-,HMG-box containing 4,protein-coding,-,-,-,HMG domain-containing protein 4,20210420,-
130825,121159789,LOC121159789,-,-,-,Un,-,U6 spliceosomal RNA,snRNA,-,-,-,-,20210420,-
130825,121159790,LOC121159790,-,-,-,Un,-,U6 spliceosomal RNA,snRNA,-,-,-,-,20210420,-
130825,121159791,LOC121159791,-,-,-,Un,-,U6 spliceosomal RNA,pseudo,-,-,-,-,20210420,-
130825,121159792,LOC121159792,-,-,-,Un,-,U6 spliceosomal RNA,snRNA,-,-,-,-,20210420,-
130825,121159793,LOC121159793,-,-,-,Un,-,U6 spliceosomal RNA,pseudo,-,-,-,-,20210420,-
130825,121159794,LOC121159794,-,-,-,Un,-,uncharacterized LOC121159794,ncRNA,-,-,-,-,20210420,-
130825,121159795,LOC121159795,-,-,-,Un,-,regulator of G-protein signaling 8,protein-coding,-,-,-,regulator of G-protein signaling 8,20210420,-
130825,121159796,SHCBP1L,-,-,-,Un,-,SHC binding and spindle associated 1 like,protein-coding,-,-,-,testicular spindle-associated protein SHCBP1L,20210420,-
130825,121159797,NMNAT2,-,-,-,Un,-,nicotinamide nucleotide adenylyltransferase 2,protein-coding,-,-,-,nicotinamide/nicotinic acid mononucleotide adenylyltransferase 2,20210420,-
130825,121159798,COLGALT2,-,-,-,Un,-,collagen beta(1-O)galactosyltransferase 2,protein-coding,-,-,-,procollagen galactosyltransferase 2,20210420,-
130825,121159799,LOC121159799,-,-,-,Un,-,uncharacterized LOC121159799,ncRNA,-,-,-,-,20210420,-
130825,121159800,PDC,-,-,-,Un,-,phosducin,protein-coding,-,-,-,phosducin,20210420,-
130825,121159801,BRINP3,-,-,-,Un,-,BMP/retinoic acid inducible neural specific 3,protein-coding,-,-,-,BMP/retinoic acid-inducible neural-specific protein 3,20210420,-
130825,121159802,LOC121159802,-,-,-,Un,-,uncharacterized LOC121159802,ncRNA,-,-,-,-,20210420,-
130825,121159803,RGS21,-,-,-,Un,-,regulator of G protein signaling 21,protein-coding,-,-,-,regulator of G-protein signaling 21,20210420,-
130825,121159804,RGS13,-,-,-,Un,-,regulator of G protein signaling 13,protein-coding,-,-,-,regulator of G-protein signaling 13,20210420,-
130825,121159805,LOC121159805,-,-,-,Un,-,uncharacterized LOC121159805,ncRNA,-,-,-,-,20210420,-
130825,121159806,KCNT2,-,-,-,Un,-,potassium sodium-activated channel subfamily T member 2,protein-coding,-,-,-,potassium channel subfamily T member 2,20210420,-
130825,121159807,TOM1,-,-,-,Un,-,target of myb1 membrane trafficking protein,protein-coding,-,-,-,target of Myb protein 1,20210420,-
130825,121159808,CRB1,-,-,-,Un,-,crumbs cell polarity complex component 1,protein-coding,-,-,-,protein crumbs homolog 1,20210420,-
130825,121159809,LHX9,-,-,-,Un,-,LIM homeobox 9,protein-coding,-,-,-,LIM/homeobox protein Lhx9,20210420,-
130825,121159810,ATP6V1G3,-,-,-,Un,-,ATPase H+ transporting V1 subunit G3,protein-coding,-,-,-,V-type proton ATPase subunit G 3,20210420,-
130825,121159811,LOC121159811,-,-,-,Un,-,uncharacterized LOC121159811,ncRNA,-,-,-,-,20210420,-
130825,121159812,LOC121159812,-,-,-,Un,-,uncharacterized LOC121159812,ncRNA,-,-,-,-,20210420,-
130825,121159813,LOC121159813,-,-,-,Un,-,"deoxyuridine 5'-triphosphate nucleotidohydrolase, mitochondrial",protein-coding,-,-,-,"deoxyuridine 5'-triphosphate nucleotidohydrolase, mitochondrial",20210420,-
130825,121159814,LOC121159814,-,-,-,Un,-,uncharacterized LOC121159814,ncRNA,-,-,-,-,20210420,-
130825,121159815,GPR25,-,-,-,Un,-,G protein-coupled receptor 25,protein-coding,-,-,-,probable G-protein coupled receptor 25,20210420,-
130825,121159816,LOC121159816,-,-,-,Un,-,40S ribosomal protein S13-like,pseudo,-,-,-,-,20210420,-
130825,121159817,INAVA,-,-,-,Un,-,innate immunity activator,protein-coding,-,-,-,innate immunity activator protein,20210420,-
130825,121159818,CACNA1S,-,-,-,Un,-,calcium voltage-gated channel subunit alpha1 S,protein-coding,-,-,-,voltage-dependent L-type calcium channel subunit alpha-1S,20210420,-
130825,121159819,ASCL5,-,-,-,Un,-,achaete-scute family bHLH transcription factor 5,protein-coding,-,-,-,achaete-scute homolog 5,20210420,-
130825,121159820,PKP1,-,-,-,Un,-,plakophilin 1,protein-coding,-,-,-,plakophilin-1,20210420,-
130825,121159821,TNNT2,-,-,-,Un,-,"troponin T2, cardiac type",protein-coding,-,-,-,"troponin T, cardiac muscle",20210420,-
130825,121159822,LAD1,-,-,-,Un,-,ladinin 1,protein-coding,-,-,-,ladinin-1,20210420,-
130825,121159823,TNNI1,-,-,-,Un,-,"troponin I1, slow skeletal type",protein-coding,-,-,-,"troponin I, slow skeletal muscle",20210420,-
130825,121159824,PHLDA3,-,-,-,Un,-,pleckstrin homology like domain family A member 3,protein-coding,-,-,-,pleckstrin homology-like domain family A member 3,20210420,-
130825,121159825,SHISA4,-,-,-,Un,-,shisa family member 4,protein-coding,-,-,-,protein shisa-4,20210420,-
130825,121159826,LMOD1,-,-,-,Un,-,leiomodin 1,protein-coding,-,-,-,leiomodin-1,20210420,-
130825,121159827,GPR37L1,-,-,-,Un,-,G protein-coupled receptor 37 like 1,protein-coding,-,-,-,G-protein coupled receptor 37-like 1,20210420,-
130825,121159828,UBE2T,-,-,-,Un,-,ubiquitin conjugating enzyme E2 T,protein-coding,-,-,-,ubiquitin-conjugating enzyme E2 T,20210420,-
130825,121159829,SYT2,-,-,-,Un,-,synaptotagmin 2,protein-coding,-,-,-,synaptotagmin-2,20210420,-
130825,121159830,PPFIA4,-,-,-,Un,-,PTPRF interacting protein alpha 4,protein-coding,-,-,-,liprin-alpha-4,20210420,-
130825,121159831,HMOX1,-,-,-,Un,-,heme oxygenase 1,protein-coding,-,-,-,heme oxygenase 1,20210420,-
130825,121159832,MYOG,-,-,-,Un,-,myogenin,protein-coding,-,-,-,myogenin,20210420,-
130825,121159833,LOC121159833,-,-,-,Un,-,60S ribosomal protein L36-like,pseudo,-,-,-,-,20210420,-
130825,121159834,FMOD,-,-,-,Un,-,fibromodulin,protein-coding,-,-,-,fibromodulin,20210420,-
130825,121159835,LOC121159835,-,-,-,Un,-,proline and arginine rich end leucine rich repeat protein,protein-coding,-,-,-,prolargin,20210420,-
130825,121159836,MCM5,-,-,-,Un,-,minichromosome maintenance complex component 5,protein-coding,-,-,-,DNA replication licensing factor MCM5,20210420,-
130825,121159837,OPTC,-,-,-,Un,-,opticin,protein-coding,-,-,-,opticin,20210420,-
130825,121159838,LOC121159838,-,-,-,Un,-,ubiquitin-conjugating enzyme E2 N-like,pseudo,-,-,-,-,20210420,-
130825,121159839,ETNK2,-,-,-,Un,-,ethanolamine kinase 2,protein-coding,-,-,-,ethanolamine kinase 2,20210420,-
130825,121159840,REN,-,-,-,Un,-,renin,protein-coding,-,-,-,renin,20210420,-
130825,121159841,GOLT1A,-,-,-,Un,-,golgi transport 1A,protein-coding,-,-,-,vesicle transport protein GOT1A,20210420,-
130825,121159842,LRRN2,-,-,-,Un,-,leucine rich repeat neuronal 2,protein-coding,-,-,-,leucine-rich repeat neuronal protein 2,20210420,-
130825,121159843,NFASC,-,-,-,Un,-,neurofascin,protein-coding,-,-,-,neurofascin,20210420,-
130825,121159844,ATP10B,-,-,-,Un,-,ATPase phospholipid transporting 10B (putative),protein-coding,-,-,-,phospholipid-transporting ATPase VB,20210420,-
130825,121159845,RBFOX2,-,-,-,Un,-,RNA binding fox-1 homolog 2,protein-coding,-,-,-,RNA binding protein fox-1 homolog 2,20210420,-
130825,121159846,CNTN2,-,-,-,Un,-,contactin 2,protein-coding,-,-,-,contactin-2,20210420,-
130825,121159847,KLHDC8A,-,-,-,Un,-,kelch domain containing 8A,protein-coding,-,-,-,kelch domain-containing protein 8A,20210420,-
130825,121159848,LEMD1,-,-,-,Un,-,LEM domain containing 1,protein-coding,-,-,-,LEM domain-containing protein 1,20210420,-
130825,121159849,CDK18,-,-,-,Un,-,cyclin dependent kinase 18,protein-coding,-,-,-,cyclin-dependent kinase 18,20210420,-
130825,121159850,SLC26A9,-,-,-,Un,-,solute carrier family 26 member 9,protein-coding,-,-,-,solute carrier family 26 member 9,20210420,-
130825,121159851,CTSE,-,-,-,Un,-,cathepsin E,protein-coding,-,-,-,cathepsin E,20210420,-
130825,121159852,AVPR1B,-,-,-,Un,-,arginine vasopressin receptor 1B,protein-coding,-,-,-,vasopressin V1b receptor,20210420,-
130825,121159853,FAM72A,-,-,-,Un,-,family with sequence similarity 72 member A,protein-coding,-,-,-,protein FAM72A,20210420,-
130825,121159854,IL10,-,-,-,Un,-,interleukin 10,protein-coding,-,-,-,interleukin-10,20210420,-
130825,121159855,IL19,-,-,-,Un,-,interleukin 19,protein-coding,-,-,-,interleukin-19,20210420,-
130825,121159856,LOC121159856,-,-,-,Un,-,uncharacterized LOC121159856,ncRNA,-,-,-,-,20210420,-
130825,121159857,CD34,-,-,-,Un,-,CD34 molecule,protein-coding,-,-,-,hematopoietic progenitor cell antigen CD34,20210420,-
130825,121159858,LOC121159858,-,-,-,Un,-,uncharacterized LOC121159858,ncRNA,-,-,-,-,20210420,-
130825,121159859,LOC121159859,-,-,-,Un,-,uncharacterized LOC121159859,ncRNA,-,-,-,-,20210420,-
130825,121159860,LAMB3,-,-,-,Un,-,laminin subunit beta 3,protein-coding,-,-,-,laminin subunit beta-3,20210420,-
130825,121159861,G0S2,-,-,-,Un,-,G0/G1 switch 2,protein-coding,-,-,-,G0/G1 switch protein 2,20210420,-
130825,121159862,HSD11B1,-,-,-,Un,-,hydroxysteroid 11-beta dehydrogenase 1,protein-coding,-,-,-,corticosteroid 11-beta-dehydrogenase isozyme 1,20210420,-
130825,121159863,IRF6,-,-,-,Un,-,interferon regulatory factor 6,protein-coding,-,-,-,interferon regulatory factor 6,20210420,-
130825,121159864,SYT14,-,-,-,Un,-,synaptotagmin 14,protein-coding,-,-,-,synaptotagmin-14,20210420,-
130825,121159865,SERTAD4,-,-,-,Un,-,SERTA domain containing 4,protein-coding,-,-,-,SERTA domain-containing protein 4,20210420,-
130825,121159866,LOC121159866,-,-,-,Un,-,uncharacterized LOC121159866,ncRNA,-,-,-,-,20210420,-
130825,121159867,RD3,-,-,-,Un,-,RD3 regulator of GUCY2D,protein-coding,-,-,-,protein RD3,20210420,-
130825,121159868,LOC121159868,-,-,-,Un,-,40S ribosomal protein S12-like,pseudo,-,-,-,-,20210420,-
130825,121159869,NENF,-,-,-,Un,-,neudesin neurotrophic factor,protein-coding,-,-,-,neudesin,20210420,-
130825,121159870,BATF3,-,-,-,Un,-,basic leucine zipper ATF-like transcription factor 3,protein-coding,-,-,-,basic leucine zipper transcriptional factor ATF-like 3,20210420,-
130825,121159871,SPATA45,-,-,-,Un,-,spermatogenesis associated 45,protein-coding,-,-,-,spermatogenesis-associated protein 45,20210420,-
130825,121159872,VASH2,-,-,-,Un,-,vasohibin 2,protein-coding,-,-,-,tubulinyl-Tyr carboxypeptidase 2,20210420,-
130825,121159873,PROX1,-,-,-,Un,-,prospero homeobox 1,protein-coding,-,-,-,prospero homeobox protein 1,20210420,-
130825,121159874,PTPN14,-,-,-,Un,-,protein tyrosine phosphatase non-receptor type 14,protein-coding,-,-,-,tyrosine-protein phosphatase non-receptor type 14,20210420,-
130825,121159875,KCNK2,-,-,-,Un,-,potassium two pore domain channel subfamily K member 2,protein-coding,-,-,-,potassium channel subfamily K member 2,20210420,-
130825,121159876,USH2A,-,-,-,Un,-,usherin,protein-coding,-,-,-,usherin,20210420,-
130825,121159877,ESRRG,-,-,-,Un,-,estrogen related receptor gamma,protein-coding,-,-,-,estrogen-related receptor gamma,20210424,-
130825,121159878,SPATA17,-,-,-,Un,-,spermatogenesis associated 17,protein-coding,-,-,-,spermatogenesis-associated protein 17,20210420,-
130825,121159879,TGFB2,-,-,-,Un,-,transforming growth factor beta 2,protein-coding,-,-,-,transforming growth factor beta-2 proprotein,20210420,-
130825,121159880,SLC30A10,-,-,-,Un,-,solute carrier family 30 member 10,protein-coding,-,-,-,zinc transporter 10,20210420,-
130825,121159881,MARK1,-,-,-,Un,-,microtubule affinity regulating kinase 1,protein-coding,-,-,-,serine/threonine-protein kinase MARK1,20210420,-
130825,121159882,CUNH1orf115,-,-,-,Un,-,chromosome unknown C1orf115 homolog,protein-coding,-,-,-,uncharacterized protein C1orf115 homolog,20210420,-
130825,121159883,LOC121159883,-,-,-,Un,-,uncharacterized LOC121159883,ncRNA,-,-,-,-,20210420,-
130825,121159884,LOC121159884,-,-,-,Un,-,uncharacterized LOC121159884,ncRNA,-,-,-,-,20210420,-
130825,121159885,LOC121159885,-,-,-,Un,-,40S ribosomal protein SA-like,pseudo,-,-,-,-,20210420,-
130825,121159886,LOC121159886,-,-,-,Un,-,heterogeneous nuclear ribonucleoprotein A3-like,pseudo,-,-,-,-,20210420,-
130825,121159887,SUSD4,-,-,-,Un,-,sushi domain containing 4,protein-coding,-,-,-,sushi domain-containing protein 4,20210420,-
130825,121159888,CAPN8,-,-,-,Un,-,calpain 8,protein-coding,-,-,-,calpain-8,20210420,-
130825,121159889,LOC121159889,-,-,-,Un,-,replication protein A 14 kDa subunit-like,pseudo,-,-,-,-,20210420,-
130825,121159890,B3GALT2,-,-,-,Un,-,"beta-1,3-galactosyltransferase 2",protein-coding,-,-,-,"beta-1,3-galactosyltransferase 2",20210420,-
130825,121159891,STX6,-,-,-,Un,-,syntaxin 6,protein-coding,-,-,-,syntaxin-6,20210420,-
130825,121159892,CACNA1E,-,-,-,Un,-,calcium voltage-gated channel subunit alpha1 E,protein-coding,-,-,-,voltage-dependent R-type calcium channel subunit alpha-1E,20210420,-
130825,121159893,GLUL,-,-,-,Un,-,glutamate-ammonia ligase,protein-coding,-,-,-,glutamine synthetase,20210420,-
130825,121159894,RNASEL,-,-,-,Un,-,ribonuclease L,protein-coding,-,-,-,2-5A-dependent ribonuclease,20210420,-
130825,121159895,NPL,-,-,-,Un,-,N-acetylneuraminate pyruvate lyase,protein-coding,-,-,-,N-acetylneuraminate lyase,20210420,-
130825,121159896,DHX9,-,-,-,Un,-,DExH-box helicase 9,protein-coding,-,-,-,ATP-dependent RNA helicase A,20210420,-
130825,121159897,LOC121159897,-,-,-,Un,-,apolipoprotein L3-like,protein-coding,-,-,-,apolipoprotein L3-like,20210420,-
130825,121159898,SMG7,-,-,-,Un,-,SMG7 nonsense mediated mRNA decay factor,protein-coding,-,-,-,protein SMG7,20210420,-
130825,121159899,NCF2,-,-,-,Un,-,neutrophil cytosolic factor 2,protein-coding,-,-,-,neutrophil cytosol factor 2,20210420,-
130825,121159900,ARPC5,-,-,-,Un,-,actin related protein 2/3 complex subunit 5,protein-coding,-,-,-,actin-related protein 2/3 complex subunit 5,20210420,-
130825,121159901,RGL1,-,-,-,Un,-,ral guanine nucleotide dissociation stimulator like 1,protein-coding,-,-,-,ral guanine nucleotide dissociation stimulator-like 1,20210420,-
130825,121159902,LOC121159902,-,-,-,Un,-,apolipoprotein L3-like,protein-coding,-,-,-,apolipoprotein L3-like,20210420,-
130825,121159903,CUNH1orf21,-,-,-,Un,-,chromosome unknown C1orf21 homolog,protein-coding,-,-,-,uncharacterized protein C1orf21 homolog,20210420,-
130825,121159904,EDEM3,-,-,-,Un,-,ER degradation enhancing alpha-mannosidase like protein 3,protein-coding,-,-,-,ER degradation-enhancing alpha-mannosidase-like protein 3,20210420,-
130825,121159905,NIBAN1,-,-,-,Un,-,niban apoptosis regulator 1,protein-coding,-,-,-,protein Niban 1,20210420,-
130825,121159906,TRMT1L,-,-,-,Un,-,tRNA methyltransferase 1 like,protein-coding,-,-,-,TRMT1-like protein,20210420,-
130825,121159907,RNF2,-,-,-,Un,-,ring finger protein 2,protein-coding,-,-,-,E3 ubiquitin-protein ligase RING2,20210420,-
130825,121159908,SWT1,-,-,-,Un,-,SWT1 RNA endoribonuclease homolog,protein-coding,-,-,-,transcriptional protein SWT1,20210420,-
130825,121159909,LOC121159909,-,-,-,Un,-,influenza virus NS1A binding protein,protein-coding,-,-,-,influenza virus NS1A-binding protein,20210420,-
130825,121159910,LOC121159910,-,-,-,Un,-,apolipoprotein L3-like,protein-coding,-,-,-,apolipoprotein L3-like,20210420,-
130825,121159911,TPR,-,-,-,Un,-,"translocated promoter region, nuclear basket protein",protein-coding,-,-,-,nucleoprotein TPR,20210420,-
130825,121159912,PRG4,-,-,-,Un,-,proteoglycan 4,protein-coding,-,-,-,proteoglycan 4,20210420,-
130825,121159913,ODR4,-,-,-,Un,-,odr-4 GPCR localization factor homolog,protein-coding,-,-,-,protein odr-4 homolog,20210420,-
130825,121159914,PTGS2,-,-,-,Un,-,prostaglandin-endoperoxide synthase 2,protein-coding,-,-,-,prostaglandin G/H synthase 2,20210420,-
130825,121159915,PLA2G4A,-,-,-,Un,-,phospholipase A2 group IVA,protein-coding,-,-,-,cytosolic phospholipase A2,20210420,-
130825,121159916,LOC121159916,-,-,-,Un,-,uncharacterized LOC121159916,ncRNA,-,-,-,-,20210420,-
130825,121159917,LOC121159917,-,-,-,Un,-,uncharacterized LOC121159917,ncRNA,-,-,-,-,20210420,-
130825,121159918,RGS1,-,-,-,Un,-,regulator of G protein signaling 1,protein-coding,-,-,-,regulator of G-protein signaling 1,20210420,-
130825,121159919,RGS2,-,-,-,Un,-,regulator of G protein signaling 2,protein-coding,-,-,-,regulator of G-protein signaling 2,20210420,-
130825,121159920,UCHL5,-,-,-,Un,-,ubiquitin C-terminal hydrolase L5,protein-coding,-,-,-,ubiquitin carboxyl-terminal hydrolase isozyme L5,20210420,-
130825,121159921,MYH9,-,-,-,Un,-,myosin heavy chain 9,protein-coding,-,-,-,myosin-9,20210420,-
130825,121159922,RO60,-,-,-,Un,-,"Ro60, Y RNA binding protein",protein-coding,-,-,-,60 kDa SS-A/Ro ribonucleoprotein,20210420,-
130825,121159923,GLRX2,-,-,-,Un,-,glutaredoxin 2,protein-coding,-,-,-,glutaredoxin 2,20210420,-
130825,121159924,CDC73,-,-,-,Un,-,cell division cycle 73,protein-coding,-,-,-,parafibromin,20210420,-
130825,121159925,CFH,-,-,-,Un,-,complement factor H,protein-coding,-,-,-,complement factor H,20210420,-
130825,121159926,CFHR5,-,-,-,Un,-,complement factor H related 5,protein-coding,-,-,-,complement factor H-related protein 5,20210420,-
130825,121159927,ZBTB41,-,-,-,Un,-,zinc finger and BTB domain containing 41,protein-coding,-,-,-,zinc finger and BTB domain-containing protein 41,20210420,-
130825,121159928,LOC121159928,-,-,-,Un,-,uncharacterized LOC121159928,ncRNA,-,-,-,-,20210420,-
130825,121159929,DENND1B,-,-,-,Un,-,DENN domain containing 1B,protein-coding,-,-,-,DENN domain-containing protein 1B,20210420,-
130825,121159930,NEK7,-,-,-,Un,-,NIMA related kinase 7,protein-coding,-,-,-,serine/threonine-protein kinase Nek7,20210420,-
130825,121159931,LOC121159931,-,-,-,Un,-,uncharacterized LOC121159931,ncRNA,-,-,-,-,20210420,-
130825,121159932,NR5A2,-,-,-,Un,-,nuclear receptor subfamily 5 group A member 2,protein-coding,-,-,-,nuclear receptor subfamily 5 group A member 2,20210420,-
130825,121159933,ZNF281,-,-,-,Un,-,zinc finger protein 281,protein-coding,-,-,-,zinc finger protein 281,20210420,-
130825,121159934,TXN2,-,-,-,Un,-,thioredoxin 2,protein-coding,-,-,-,"thioredoxin, mitochondrial",20210420,-
130825,121159935,DDX59,-,-,-,Un,-,DEAD-box helicase 59,protein-coding,-,-,-,probable ATP-dependent RNA helicase DDX59,20210420,-
130825,121159936,LOC121159936,-,-,-,Un,-,uncharacterized LOC121159936,ncRNA,-,-,-,-,20210420,-
130825,121159937,CAMSAP2,-,-,-,Un,-,calmodulin regulated spectrin associated protein family member 2,protein-coding,-,-,-,calmodulin-regulated spectrin-associated protein 2,20210420,-
130825,121159938,KIF21B,-,-,-,Un,-,kinesin family member 21B,protein-coding,-,-,-,kinesin-like protein KIF21B,20210420,-
130825,121159939,TMEM9,-,-,-,Un,-,transmembrane protein 9,protein-coding,-,-,-,proton-transporting V-type ATPase complex assembly regulator TMEM9,20210420,-
130825,121159940,CSRP1,-,-,-,Un,-,cysteine and glycine rich protein 1,protein-coding,-,-,-,cysteine and glycine-rich protein 1,20210420,-
130825,121159941,NAV1,-,-,-,Un,-,neuron navigator 1,protein-coding,-,-,-,neuron navigator 1,20210420,-
130825,121159942,IPO9,-,-,-,Un,-,importin 9,protein-coding,-,-,-,importin-9,20210420,-
130825,121159943,EIF3D,-,-,-,Un,-,eukaryotic translation initiation factor 3 subunit D,protein-coding,-,-,-,eukaryotic translation initiation factor 3 subunit D,20210420,-
130825,121159944,TIMM17A,-,-,-,Un,-,translocase of inner mitochondrial membrane 17A,protein-coding,-,-,-,mitochondrial import inner membrane translocase subunit Tim17-A,20210420,-
130825,121159945,LOC121159945,-,-,-,Un,-,arginyl aminopeptidase,protein-coding,-,-,-,aminopeptidase B,20210420,-
130825,121159946,ELF3,-,-,-,Un,-,E74 like ETS transcription factor 3,protein-coding,-,-,-,ETS-related transcription factor Elf-3,20210420,-
130825,121159947,ARL8A,-,-,-,Un,-,ADP ribosylation factor like GTPase 8A,protein-coding,-,-,-,ADP-ribosylation factor-like protein 8A,20210522,-
130825,121159948,PTPN7,-,-,-,Un,-,protein tyrosine phosphatase non-receptor type 7,protein-coding,-,-,-,LOW QUALITY PROTEIN: tyrosine-protein phosphatase non-receptor type 7,20210420,-
130825,121159949,PPP1R12B,-,-,-,Un,-,protein phosphatase 1 regulatory subunit 12B,protein-coding,-,-,-,protein phosphatase 1 regulatory subunit 12B,20210420,-
130825,121159950,KDM5B,-,-,-,Un,-,lysine demethylase 5B,protein-coding,-,-,-,lysine-specific demethylase 5B,20210420,-
130825,121159951,RABIF,-,-,-,Un,-,RAB interacting factor,protein-coding,-,-,-,guanine nucleotide exchange factor MSS4,20210420,-
130825,121159952,KLHL12,-,-,-,Un,-,kelch like family member 12,protein-coding,-,-,-,kelch-like protein 12,20210420,-
130825,121159953,ADIPOR1,-,-,-,Un,-,adiponectin receptor 1,protein-coding,-,-,-,adiponectin receptor protein 1,20210420,-
130825,121159954,LOC121159954,-,-,-,Un,-,uncharacterized LOC121159954,ncRNA,-,-,-,-,20210420,-
130825,121159955,LOC121159955,-,-,-,Un,-,NADH-cytochrome b5 reductase 1,protein-coding,-,-,-,NADH-cytochrome b5 reductase 1,20210420,-
130825,121159956,IFT27,-,-,-,Un,-,intraflagellar transport 27,protein-coding,-,-,-,intraflagellar transport protein 27 homolog,20210420,-
130825,121159957,TMEM183A,-,-,-,Un,-,transmembrane protein 183A,protein-coding,-,-,-,transmembrane protein 183A,20210420,-
130825,121159958,SLU7,-,-,-,Un,-,"SLU7 homolog, splicing factor",protein-coding,-,-,-,pre-mRNA-splicing factor SLU7,20210420,-
130825,121159959,MYBPH,-,-,-,Un,-,myosin binding protein H,protein-coding,-,-,-,myosin-binding protein H,20210420,-
130825,121159960,CHI3L1,-,-,-,Un,-,chitinase 3 like 1,protein-coding,-,-,-,chitinase-3-like protein 1,20210420,-
130825,121159961,CHIT1,-,-,-,Un,-,chitinase 1,protein-coding,-,-,-,chitotriosidase-1,20210420,-
130825,121159962,BTG2,-,-,-,Un,-,BTG anti-proliferation factor 2,protein-coding,-,-,-,protein BTG2,20210420,-
130825,121159963,ATP2B4,-,-,-,Un,-,ATPase plasma membrane Ca2+ transporting 4,protein-coding,-,-,-,plasma membrane calcium-transporting ATPase 4,20210420,-
130825,121159964,LAX1,-,-,-,Un,-,lymphocyte transmembrane adaptor 1,protein-coding,-,-,-,lymphocyte transmembrane adapter 1,20210420,-
130825,121159965,ZC3H11A,-,-,-,Un,-,zinc finger CCCH-type containing 11A,protein-coding,-,-,-,zinc finger CCCH domain-containing protein 11A,20210420,-
130825,121159966,ZBED6,-,-,-,Un,-,zinc finger BED-type containing 6,protein-coding,-,-,-,zinc finger BED domain-containing protein 6,20210420,-
130825,121159967,SNRPE,-,-,-,Un,-,small nuclear ribonucleoprotein polypeptide E,protein-coding,-,-,-,small nuclear ribonucleoprotein E,20210501,-
130825,121159968,NCF4,-,-,-,Un,-,neutrophil cytosolic factor 4,protein-coding,-,-,-,neutrophil cytosol factor 4,20210420,-
130825,121159969,SOX13,-,-,-,Un,-,SRY-box transcription factor 13,protein-coding,-,-,-,transcription factor SOX-13,20210420,-
130825,121159970,PLEKHA6,-,-,-,Un,-,pleckstrin homology domain containing A6,protein-coding,-,-,-,pleckstrin homology domain-containing family A member 6,20210420,-
130825,121159971,PPP1R15B,-,-,-,Un,-,protein phosphatase 1 regulatory subunit 15B,protein-coding,-,-,-,protein phosphatase 1 regulatory subunit 15B,20210420,-
130825,121159972,PIK3C2B,-,-,-,Un,-,phosphatidylinositol-4-phosphate 3-kinase catalytic subunit type 2 beta,protein-coding,-,-,-,phosphatidylinositol 4-phosphate 3-kinase C2 domain-containing subunit beta,20210420,-
130825,121159973,MDM4,-,-,-,Un,-,MDM4 regulator of p53,protein-coding,-,-,-,protein Mdm4,20210420,-
130825,121159974,RBBP5,-,-,-,Un,-,"RB binding protein 5, histone lysine methyltransferase complex subunit",protein-coding,-,-,-,retinoblastoma-binding protein 5,20210420,-
130825,121159975,TMEM81,-,-,-,Un,-,transmembrane protein 81,protein-coding,-,-,-,transmembrane protein 81,20210420,-
130825,121159976,DSTYK,-,-,-,Un,-,dual serine/threonine and tyrosine protein kinase,protein-coding,-,-,-,dual serine/threonine and tyrosine protein kinase,20210420,-
130825,121159977,TMCC2,-,-,-,Un,-,transmembrane and coiled-coil domain family 2,protein-coding,-,-,-,transmembrane and coiled-coil domains protein 2,20210420,-
130825,121159978,NUAK2,-,-,-,Un,-,NUAK family kinase 2,protein-coding,-,-,-,NUAK family SNF1-like kinase 2,20210420,-
130825,121159979,MFSD4A,-,-,-,Un,-,major facilitator superfamily domain containing 4A,protein-coding,-,-,-,major facilitator superfamily domain-containing protein 4A,20210420,-
130825,121159980,ELK4,-,-,-,Un,-,ETS transcription factor ELK4,protein-coding,-,-,-,ETS domain-containing protein Elk-4,20210420,-
130825,121159981,SLC45A3,-,-,-,Un,-,solute carrier family 45 member 3,protein-coding,-,-,-,solute carrier family 45 member 3,20210420,-
130825,121159982,NUCKS1,-,-,-,Un,-,nuclear casein kinase and cyclin dependent kinase substrate 1,protein-coding,-,-,-,nuclear ubiquitous casein and cyclin-dependent kinase substrate 1,20210420,-
130825,121159983,RAB29,-,-,-,Un,-,"RAB29, member RAS oncogene family",protein-coding,-,-,-,ras-related protein Rab-7L1,20210420,-
130825,121159984,SLC41A1,-,-,-,Un,-,solute carrier family 41 member 1,protein-coding,-,-,-,solute carrier family 41 member 1,20210420,-
130825,121159985,PM20D1,-,-,-,Un,-,peptidase M20 domain containing 1,protein-coding,-,-,-,N-fatty-acyl-amino acid synthase/hydrolase PM20D1,20210420,-
130825,121159986,RAB7B,-,-,-,Un,-,"RAB7B, member RAS oncogene family",protein-coding,-,-,-,ras-related protein Rab-7b,20210420,-
130825,121159987,SRGAP2,-,-,-,Un,-,SLIT-ROBO Rho GTPase activating protein 2,protein-coding,-,-,-,SLIT-ROBO Rho GTPase-activating protein 2,20210420,-
130825,121159988,IKBKE,-,-,-,Un,-,inhibitor of nuclear factor kappa B kinase subunit epsilon,protein-coding,-,-,-,inhibitor of nuclear factor kappa-B kinase subunit epsilon,20210420,-
130825,121159989,CSF2RB,-,-,-,Un,-,colony stimulating factor 2 receptor subunit beta,protein-coding,-,-,-,cytokine receptor common subunit beta,20210420,-
130825,121159990,RASSF5,-,-,-,Un,-,Ras association domain family member 5,protein-coding,-,-,-,ras association domain-containing protein 5,20210420,-
130825,121159991,EIF2D,-,-,-,Un,-,eukaryotic translation initiation factor 2D,protein-coding,-,-,-,eukaryotic translation initiation factor 2D,20210420,-
130825,121159992,DYRK3,-,-,-,Un,-,dual specificity tyrosine phosphorylation regulated kinase 3,protein-coding,-,-,-,dual specificity tyrosine-phosphorylation-regulated kinase 3,20210420,-
130825,121159993,MAPKAPK2,-,-,-,Un,-,MAPK activated protein kinase 2,protein-coding,-,-,-,MAP kinase-activated protein kinase 2,20210420,-
130825,121159994,LOC121159994,-,-,-,Un,-,uncharacterized LOC121159994,ncRNA,-,-,-,-,20210420,-
130825,121159995,PIGR,-,-,-,Un,-,polymeric immunoglobulin receptor,protein-coding,-,-,-,polymeric immunoglobulin receptor,20210420,-
130825,121159996,FCMR,-,-,-,Un,-,Fc fragment of IgM receptor,protein-coding,-,-,-,fas apoptotic inhibitory molecule 3,20210420,-
130825,121159997,CUNH1orf116,-,-,-,Un,-,chromosome unknown C1orf116 homolog,protein-coding,-,-,-,specifically androgen-regulated gene protein,20210420,-
130825,121159998,YOD1,-,-,-,Un,-,YOD1 deubiquitinase,protein-coding,-,-,-,ubiquitin thioesterase OTU1,20210420,-
130825,121159999,LOC121159999,-,-,-,Un,-,uncharacterized LOC121159999,ncRNA,-,-,-,-,20210420,-
130825,121160000,PFKFB2,-,-,-,Un,-,"6-phosphofructo-2-kinase/fructose-2,6-biphosphatase 2",protein-coding,-,-,-,"6-phosphofructo-2-kinase/fructose-2,6-bisphosphatase 2",20210420,-
130825,121160001,C4BPA,-,-,-,Un,-,complement component 4 binding protein alpha,protein-coding,-,-,-,C4b-binding protein alpha chain,20210420,-
130825,121160002,LOC121160002,-,-,-,Un,-,zona pellucida sperm-binding protein 3 receptor-like,protein-coding,-,-,-,zona pellucida sperm-binding protein 3 receptor-like,20210420,-
130825,121160003,CD55,-,-,-,Un,-,CD55 molecule (Cromer blood group),protein-coding,-,-,-,complement decay-accelerating factor,20210420,-
130825,121160004,LOC121160004,-,-,-,Un,-,apolipoprotein R-like,protein-coding,-,-,-,apolipoprotein R-like,20210420,-
130825,121160005,LOC121160005,-,-,-,Un,-,uncharacterized LOC121160005,ncRNA,-,-,-,-,20210420,-
130825,121160006,LOC121160006,-,-,-,Un,-,uncharacterized LOC121160006,ncRNA,-,-,-,-,20210420,-
130825,121160007,CD46,-,-,-,Un,-,CD46 molecule,protein-coding,-,-,-,membrane cofactor protein,20210420,-
130825,121160008,LOC121160008,-,-,-,Un,-,uncharacterized LOC121160008,ncRNA,-,-,-,-,20210420,-
130825,121160009,LOC121160009,-,-,-,Un,-,uncharacterized LOC121160009,ncRNA,-,-,-,-,20210420,-
130825,121160010,LOC121160010,-,-,-,Un,-,uncharacterized LOC121160010,ncRNA,-,-,-,-,20210420,-
130825,121160011,PLXNA2,-,-,-,Un,-,plexin A2,protein-coding,-,-,-,plexin-A2,20210420,-
130825,121160012,CAMK1G,-,-,-,Un,-,calcium/calmodulin dependent protein kinase IG,protein-coding,-,-,-,calcium/calmodulin-dependent protein kinase type 1G,20210420,-
130825,121160013,LOC121160013,-,-,-,Un,-,uncharacterized LOC121160013,ncRNA,-,-,-,-,20210420,-
130825,121160014,TRAF3IP3,-,-,-,Un,-,TRAF3 interacting protein 3,protein-coding,-,-,-,TRAF3-interacting JNK-activating modulator,20210420,-
130825,121160015,CUNH1orf74,-,-,-,Un,-,chromosome unknown C1orf74 homolog,protein-coding,-,-,-,UPF0739 protein C1orf74 homolog,20210420,-
130825,121160016,UTP25,-,-,-,Un,-,UTP25 small subunit processor component,protein-coding,-,-,-,digestive organ expansion factor homolog,20210420,-
130825,121160017,TST,-,-,-,Un,-,thiosulfate sulfurtransferase,protein-coding,-,-,-,thiosulfate sulfurtransferase,20210420,-
130825,121160018,HHAT,-,-,-,Un,-,hedgehog acyltransferase,protein-coding,-,-,-,protein-cysteine N-palmitoyltransferase HHAT,20210420,-
130825,121160019,LOC121160019,-,-,-,Un,-,stannin-like,pseudo,-,-,-,-,20210420,-
130825,121160020,KCNH1,-,-,-,Un,-,potassium voltage-gated channel subfamily H member 1,protein-coding,-,-,-,potassium voltage-gated channel subfamily H member 1,20210420,-
130825,121160021,RCOR3,-,-,-,Un,-,REST corepressor 3,protein-coding,-,-,-,REST corepressor 3,20210420,-
130825,121160022,TRAF5,-,-,-,Un,-,TNF receptor associated factor 5,protein-coding,-,-,-,TNF receptor-associated factor 5,20210420,-
130825,121160023,SLC30A1,-,-,-,Un,-,solute carrier family 30 member 1,protein-coding,-,-,-,zinc transporter 1,20210420,-
130825,121160024,NEK2,-,-,-,Un,-,NIMA related kinase 2,protein-coding,-,-,-,serine/threonine-protein kinase Nek2,20210420,-
130825,121160025,LPGAT1,-,-,-,Un,-,lysophosphatidylglycerol acyltransferase 1,protein-coding,-,-,-,acyl-CoA:lysophosphatidylglycerol acyltransferase 1,20210420,-
130825,121160026,INTS7,-,-,-,Un,-,integrator complex subunit 7,protein-coding,-,-,-,integrator complex subunit 7,20210420,-
130825,121160027,MPST,-,-,-,Un,-,mercaptopyruvate sulfurtransferase,protein-coding,-,-,-,3-mercaptopyruvate sulfurtransferase,20210420,-
130825,121160028,DTL,-,-,-,Un,-,denticleless E3 ubiquitin protein ligase homolog,protein-coding,-,-,-,denticleless protein homolog,20210420,-
130825,121160029,PPP2R5A,-,-,-,Un,-,protein phosphatase 2 regulatory subunit B'alpha,protein-coding,-,-,-,serine/threonine-protein phosphatase 2A 56 kDa regulatory subunit alpha isoform,20210420,-
130825,121160030,PACC1,-,-,-,Un,-,proton activated chloride channel 1,protein-coding,-,-,-,proton-activated chloride channel,20210420,-
130825,121160031,ATF3,-,-,-,Un,-,activating transcription factor 3,protein-coding,-,-,-,cyclic AMP-dependent transcription factor ATF-3,20210420,-
130825,121160032,TATDN3,-,-,-,Un,-,TatD DNase domain containing 3,protein-coding,-,-,-,putative deoxyribonuclease TATDN3,20210420,-
130825,121160033,KCTD17,-,-,-,Un,-,potassium channel tetramerization domain containing 17,protein-coding,-,-,-,BTB/POZ domain-containing protein KCTD17,20210420,-
130825,121160034,FLVCR1,-,-,-,Un,-,FLVCR heme transporter 1,protein-coding,-,-,-,feline leukemia virus subgroup C receptor-related protein 1,20210420,-
130825,121160035,RPS6KC1,-,-,-,Un,-,ribosomal protein S6 kinase C1,protein-coding,-,-,-,ribosomal protein S6 kinase delta-1,20210420,-
130825,121160036,ANGEL2,-,-,-,Un,-,angel homolog 2,protein-coding,-,-,-,protein angel homolog 2,20210420,-
130825,121160037,SMYD2,-,-,-,Un,-,SET and MYND domain containing 2,protein-coding,-,-,-,N-lysine methyltransferase SMYD2,20210420,-
130825,121160038,CENPF,-,-,-,Un,-,centromere protein F,protein-coding,-,-,-,centromere protein F,20210420,-
130825,121160039,KCTD3,-,-,-,Un,-,potassium channel tetramerization domain containing 3,protein-coding,-,-,-,BTB/POZ domain-containing protein KCTD3,20210420,-
130825,121160040,GPATCH2,-,-,-,Un,-,G-patch domain containing 2,protein-coding,-,-,-,G patch domain-containing protein 2,20210420,-
130825,121160041,RRP15,-,-,-,Un,-,ribosomal RNA processing 15 homolog,protein-coding,-,-,-,RRP15-like protein,20210420,-
130825,121160042,LYPLAL1,-,-,-,Un,-,lysophospholipase like 1,protein-coding,-,-,-,lysophospholipase-like protein 1,20210420,-
130825,121160043,EPRS1,-,-,-,Un,-,glutamyl-prolyl-tRNA synthetase 1,protein-coding,-,-,-,bifunctional glutamate/proline--tRNA ligase,20210420,-
130825,121160044,BPNT1,-,-,-,Un,-,"3'(2'), 5'-bisphosphate nucleotidase 1",protein-coding,-,-,-,"3'(2'),5'-bisphosphate nucleotidase 1",20210420,-
130825,121160045,PTTG1,-,-,-,Un,-,"PTTG1 regulator of sister chromatid separation, securin",protein-coding,-,-,-,securin,20210420,-
130825,121160046,RAB3GAP2,-,-,-,Un,-,RAB3 GTPase activating non-catalytic protein subunit 2,protein-coding,-,-,-,rab3 GTPase-activating protein non-catalytic subunit,20210420,-
130825,121160047,IARS2,-,-,-,Un,-,"isoleucyl-tRNA synthetase 2, mitochondrial",protein-coding,-,-,-,"isoleucine--tRNA ligase, mitochondrial",20210420,-
130825,121160048,MTARC2,-,-,-,Un,-,mitochondrial amidoxime reducing component 2,protein-coding,-,-,-,mitochondrial amidoxime reducing component 2,20210420,-
130825,121160049,HLX,-,-,-,Un,-,H2.0 like homeobox,protein-coding,-,-,-,H2.0-like homeobox protein,20210420,-
130825,121160050,LOC121160050,-,-,-,Un,-,uncharacterized LOC121160050,ncRNA,-,-,-,-,20210420,-
130825,121160051,DUSP10,-,-,-,Un,-,dual specificity phosphatase 10,protein-coding,-,-,-,dual specificity protein phosphatase 10,20210420,-
130825,121160052,HHIPL2,-,-,-,Un,-,HHIP like 2,protein-coding,-,-,-,HHIP-like protein 2,20210420,-
130825,121160053,TAF1A,-,-,-,Un,-,"TATA-box binding protein associated factor, RNA polymerase I subunit A",protein-coding,-,-,-,TATA box-binding protein-associated factor RNA polymerase I subunit A,20210420,-
130825,121160054,MIA3,-,-,-,Un,-,MIA SH3 domain ER export factor 3,protein-coding,-,-,-,transport and Golgi organization protein 1 homolog,20210420,-
130825,121160055,BROX,-,-,-,Un,-,BRO1 domain and CAAX motif containing,protein-coding,-,-,-,BRO1 domain-containing protein BROX,20210420,-
130825,121160056,AIDA,-,-,-,Un,-,"axin interactor, dorsalization associated",protein-coding,-,-,-,"axin interactor, dorsalization-associated protein",20210420,-
130825,121160057,DISP1,-,-,-,Un,-,dispatched RND transporter family member 1,protein-coding,-,-,-,protein dispatched homolog 1,20210420,-
130825,121160058,TLR5,-,-,-,Un,-,toll like receptor 5,protein-coding,-,-,-,toll-like receptor 5,20210420,-
130825,121160059,IL2RB,-,-,-,Un,-,interleukin 2 receptor subunit beta,protein-coding,-,-,-,interleukin-2 receptor subunit beta,20210420,-
130825,121160060,CAPN2,-,-,-,Un,-,calpain 2,protein-coding,-,-,-,calpain-2 catalytic subunit,20210420,-
130825,121160061,TP53BP2,-,-,-,Un,-,tumor protein p53 binding protein 2,protein-coding,-,-,-,apoptosis-stimulating of p53 protein 2,20210420,-
130825,121160062,FBXO28,-,-,-,Un,-,F-box protein 28,protein-coding,-,-,-,F-box only protein 28,20210420,-
130825,121160063,DEGS1,-,-,-,Un,-,"delta 4-desaturase, sphingolipid 1",protein-coding,-,-,-,sphingolipid delta(4)-desaturase DES1,20210420,-
130825,121160064,NVL,-,-,-,Un,-,nuclear VCP like,protein-coding,-,-,-,nuclear valosin-containing protein-like,20210420,-
130825,121160065,CNIH4,-,-,-,Un,-,cornichon family AMPA receptor auxiliary protein 4,protein-coding,-,-,-,protein cornichon homolog 4,20210420,-
130825,121160066,WDR26,-,-,-,Un,-,WD repeat domain 26,protein-coding,-,-,-,WD repeat-containing protein 26,20210420,-
130825,121160067,LOC121160067,-,-,-,Un,-,uncharacterized LOC121160067,ncRNA,-,-,-,-,20210420,-
130825,121160068,CNIH3,-,-,-,Un,-,cornichon family AMPA receptor auxiliary protein 3,protein-coding,-,-,-,protein cornichon homolog 3,20210605,-
130825,121160069,LOC121160069,-,-,-,Un,-,junctional adhesion molecule A-like,pseudo,-,-,-,-,20210420,-
130825,121160070,RAC2,-,-,-,Un,-,Rac family small GTPase 2,protein-coding,-,-,-,ras-related C3 botulinum toxin substrate 2,20210522,-
130825,121160071,LOC121160071,-,-,-,Un,-,mortality factor 4-like protein 1,pseudo,-,-,-,-,20210420,-
130825,121160072,LOC121160072,-,-,-,Un,-,"39S ribosomal protein L42, mitochondrial-like",pseudo,-,-,-,-,20210420,-
130825,121160073,LOC121160073,-,-,-,Un,-,transmembrane epididymal protein 1A-like,protein-coding,-,-,-,transmembrane epididymal protein 1A-like,20210420,-
130825,121160074,LOC121160074,-,-,-,Un,-,transmembrane epididymal protein 1-like,protein-coding,-,-,-,transmembrane epididymal protein 1-like,20210420,-
130825,121160075,LOC121160075,-,-,-,Un,-,transmembrane epididymal protein 1-like,protein-coding,-,-,-,transmembrane epididymal protein 1-like,20210420,-
130825,121160076,RGSL1,-,-,-,Un,-,regulator of G protein signaling like 1,protein-coding,-,-,-,regulator of G-protein signaling protein-like,20210420,-
130825,121160077,RGS16,-,-,-,Un,-,regulator of G protein signaling 16,protein-coding,-,-,-,regulator of G-protein signaling 16,20210420,-
130825,121160078,LAMC1,-,-,-,Un,-,laminin subunit gamma 1,protein-coding,-,-,-,laminin subunit gamma-1,20210420,-
130825,121160079,LAMC2,-,-,-,Un,-,laminin subunit gamma 2,protein-coding,-,-,-,laminin subunit gamma-2,20210420,-
130825,121160080,TSEN15,-,-,-,Un,-,tRNA splicing endonuclease subunit 15,protein-coding,-,-,-,tRNA-splicing endonuclease subunit Sen15,20210420,-
130825,121160081,HMCN1,-,-,-,Un,-,hemicentin 1,protein-coding,-,-,-,hemicentin-1,20210420,-
130825,121160082,LOC121160082,-,-,-,Un,-,small nuclear ribonucleoprotein G-like,pseudo,-,-,-,-,20210420,-
130825,121160083,LOC121160083,-,-,-,Un,-,nucleophosmin-like,pseudo,-,-,-,-,20210420,-
130825,121160084,RGS18,-,-,-,Un,-,regulator of G protein signaling 18,protein-coding,-,-,-,regulator of G-protein signaling 18,20210420,-
130825,121160085,LOC121160085,-,-,-,Un,-,microtubule-associated protein RP/EB family member 1-like,pseudo,-,-,-,-,20210420,-
130825,121160086,LOC121160086,-,-,-,Un,-,E3 ubiquitin-protein ligase Hakai-like,pseudo,-,-,-,-,20210420,-
130825,121160087,LOC121160087,-,-,-,Un,-,complement factor H-like,protein-coding,-,-,-,complement factor H-like,20210420,-
130825,121160088,CYTH4,-,-,-,Un,-,cytohesin 4,protein-coding,-,-,-,cytohesin-4,20210420,-
130825,121160089,LOC121160089,-,-,-,Un,-,complement factor H-related protein 1-like,protein-coding,-,-,-,complement factor H-related protein 1-like,20210420,-
130825,121160090,F13B,-,-,-,Un,-,coagulation factor XIII B chain,protein-coding,-,-,-,coagulation factor XIII B chain,20210420,-
130825,121160091,ASPM,-,-,-,Un,-,assembly factor for spindle microtubules,protein-coding,-,-,-,abnormal spindle-like microcephaly-associated protein,20210420,-
130825,121160092,CUNH1orf53,-,-,-,Un,-,chromosome unknown C1orf53 homolog,protein-coding,-,-,-,uncharacterized protein C1orf53 homolog,20210420,-
130825,121160093,PTPRC,-,-,-,Un,-,protein tyrosine phosphatase receptor type C,protein-coding,-,-,-,receptor-type tyrosine-protein phosphatase C,20210420,-
130825,121160094,KIF14,-,-,-,Un,-,kinesin family member 14,protein-coding,-,-,-,kinesin-like protein KIF14,20210420,-
130825,121160095,LOC121160095,-,-,-,Un,-,maestro heat-like repeat-containing protein family member 7,protein-coding,-,-,-,maestro heat-like repeat-containing protein family member 7,20210420,-
130825,121160096,IGFN1,-,-,-,Un,-,immunoglobulin like and fibronectin type III domain containing 1,protein-coding,-,-,-,immunoglobulin-like and fibronectin type III domain-containing protein 1,20210420,-
130825,121160097,LOC121160097,-,-,-,Un,-,probable ATP-dependent RNA helicase DDX47,pseudo,-,-,-,-,20210420,-
130825,121160098,LOC121160098,-,-,-,Un,-,receptor-type tyrosine-protein phosphatase V-like,protein-coding,-,-,-,receptor-type tyrosine-protein phosphatase V-like,20210420,-
130825,121160099,MFNG,-,-,-,Un,-,MFNG O-fucosylpeptide 3-beta-N-acetylglucosaminyltransferase,protein-coding,-,-,-,"beta-1,3-N-acetylglucosaminyltransferase manic fringe",20210420,-
130825,121160100,LGR6,-,-,-,Un,-,leucine rich repeat containing G protein-coupled receptor 6,protein-coding,-,-,-,leucine-rich repeat-containing G-protein coupled receptor 6,20210420,-
130825,121160101,LOC121160101,-,-,-,Un,-,"alpha-1,3-mannosyl-glycoprotein 4-beta-N-acetylglucosaminyltransferase-like protein MGAT4E",protein-coding,-,-,-,"alpha-1,3-mannosyl-glycoprotein 4-beta-N-acetylglucosaminyltransferase-like protein MGAT4E",20210420,-
130825,121160102,LOC121160102,-,-,-,Un,-,"alpha-1,6-mannosyl-glycoprotein 4-beta-N-acetylglucosaminyltransferase-like",protein-coding,-,-,-,"alpha-1,6-mannosyl-glycoprotein 4-beta-N-acetylglucosaminyltransferase-like",20210420,-
130825,121160103,ADORA1,-,-,-,Un,-,adenosine A1 receptor,protein-coding,-,-,-,adenosine receptor A1,20210420,-
130825,121160104,KISS1,-,-,-,Un,-,KiSS-1 metastasis suppressor,protein-coding,-,-,-,metastasis-suppressor KiSS-1,20210420,-
130825,121160105,LOC121160105,-,-,-,Un,-,ubiquitin carboxyl-terminal hydrolase 40-like,pseudo,-,-,-,-,20210420,-
130825,121160106,LOC121160106,-,-,-,Un,-,interleukin-20-like,protein-coding,-,-,-,interleukin-20-like,20210420,-
130825,121160107,FCAMR,-,-,-,Un,-,Fc fragment of IgA and IgM receptor,protein-coding,-,-,-,high affinity immunoglobulin alpha and immunoglobulin mu Fc receptor,20210420,-
130825,121160108,CR1,-,-,-,Un,-,complement C3b/C4b receptor 1 (Knops blood group),protein-coding,-,-,-,LOW QUALITY PROTEIN: complement receptor type 1,20210420,-
130825,121160109,LOC121160109,-,-,-,Un,-,regucalcin-like,pseudo,-,-,-,-,20210420,-
130825,121160110,FAM71A,-,-,-,Un,-,family with sequence similarity 71 member A,protein-coding,-,-,-,protein FAM71A,20210420,-
130825,121160111,NSL1,-,-,-,Un,-,NSL1 component of MIS12 kinetochore complex,protein-coding,-,-,-,kinetochore-associated protein NSL1 homolog,20210420,-
130825,121160112,LOC121160112,-,-,-,Un,-,mitochondrial amidoxime-reducing component 1-like,pseudo,-,-,-,-,20210420,-
130825,121160113,LOC121160113,-,-,-,Un,-,60S ribosomal protein L30-like,pseudo,-,-,-,-,20210420,-
130825,121160114,LOC121160114,-,-,-,Un,-,transcription factor BTF3 homolog 4-like,pseudo,-,-,-,-,20210420,-
130825,121160115,CCDC185,-,-,-,Un,-,coiled-coil domain containing 185,protein-coding,-,-,-,coiled-coil domain-containing protein 185,20210420,-
130825,121160116,GGA1,-,-,-,Un,-,"golgi associated, gamma adaptin ear containing, ARF binding protein 1",protein-coding,-,-,-,ADP-ribosylation factor-binding protein GGA1,20210420,-
130825,121160117,LOC121160117,-,-,-,Un,-,U1 spliceosomal RNA,pseudo,-,-,-,-,20210420,-
130825,121160118,LOC121160118,-,-,-,Un,-,U1 spliceosomal RNA,pseudo,-,-,-,-,20210420,-
130825,121160119,LOC121160119,-,-,-,Un,-,U2 spliceosomal RNA,pseudo,-,-,-,-,20210420,-
130825,121160120,LOC121160120,-,-,-,Un,-,U2 spliceosomal RNA,pseudo,-,-,-,-,20210420,-
130825,121160121,LOC121160121,-,-,-,Un,-,U2 spliceosomal RNA,pseudo,-,-,-,-,20210420,-
130825,121160122,LOC121160122,-,-,-,Un,-,U2 spliceosomal RNA,pseudo,-,-,-,-,20210420,-
130825,121160123,LOC121160123,-,-,-,Un,-,U2 spliceosomal RNA,pseudo,-,-,-,-,20210420,-
130825,121160124,LOC121160124,-,-,-,Un,-,U2 spliceosomal RNA,pseudo,-,-,-,-,20210420,-
130825,121160125,LOC121160125,-,-,-,Un,-,U2 spliceosomal RNA,pseudo,-,-,-,-,20210420,-
130825,121160126,LOC121160126,-,-,-,Un,-,small nucleolar RNA U3,pseudo,-,-,-,-,20210420,-
130825,121160127,LOC121160127,-,-,-,Un,-,U5 spliceosomal RNA,snRNA,-,-,-,-,20210420,-
130825,121160128,LOC121160128,-,-,-,Un,-,U6 spliceosomal RNA,snRNA,-,-,-,-,20210420,-
130825,121160129,LOC121160129,-,-,-,Un,-,U6 spliceosomal RNA,snRNA,-,-,-,-,20210420,-
130825,121160130,LOC121160130,-,-,-,Un,-,U6 spliceosomal RNA,snRNA,-,-,-,-,20210420,-
130825,121160131,LOC121160131,-,-,-,Un,-,U6 spliceosomal RNA,snRNA,-,-,-,-,20210420,-
130825,121160132,LOC121160132,-,-,-,Un,-,U6 spliceosomal RNA,snRNA,-,-,-,-,20210420,-
130825,121160133,LOC121160133,-,-,-,Un,-,U6 spliceosomal RNA,snRNA,-,-,-,-,20210420,-
130825,121160134,LOC121160134,-,-,-,Un,-,U6 spliceosomal RNA,snRNA,-,-,-,-,20210420,-
130825,121160135,LOC121160135,-,-,-,Un,-,U6 spliceosomal RNA,snRNA,-,-,-,-,20210420,-
130825,121160136,LOC121160136,-,-,-,Un,-,U6 spliceosomal RNA,snRNA,-,-,-,-,20210420,-
130825,121160137,LOC121160137,-,-,-,Un,-,U6 spliceosomal RNA,snRNA,-,-,-,-,20210420,-
130825,121160138,LOC121160138,-,-,-,Un,-,U6 spliceosomal RNA,snRNA,-,-,-,-,20210420,-
130825,121160139,LOC121160139,-,-,-,Un,-,U6 spliceosomal RNA,snRNA,-,-,-,-,20210420,-
130825,121160140,LOC121160140,-,-,-,Un,-,small nucleolar RNA SNORA70,pseudo,-,-,-,-,20210420,-
130825,121160141,LOC121160141,-,-,-,Un,-,small nucleolar RNA SNORA36 family,snoRNA,-,-,-,-,20210420,-
130825,121160142,LOC121160142,-,-,-,Un,-,small nucleolar RNA U13,snoRNA,-,-,-,-,20210420,-
130825,121160143,LOC121160143,-,-,-,Un,-,small nucleolar RNA U13,snoRNA,-,-,-,-,20210420,-
130825,121160144,LOC121160144,-,-,-,Un,-,small nucleolar RNA U109,snoRNA,-,-,-,-,20210420,-
130825,121160145,TRNAK-UUU,-,-,-,Un,-,transfer RNA lysine (anticodon UUU),tRNA,-,-,-,-,20210420,-
130825,121160146,TRNAT-UGU,-,-,-,Un,-,transfer RNA threonine (anticodon UGU),tRNA,-,-,-,-,20210420,-
130825,121160147,TRNAK-UUU,-,-,-,Un,-,transfer RNA lysine (anticodon UUU),tRNA,-,-,-,-,20210420,-
130825,121160148,LOC121160148,-,-,-,Un,-,vomeronasal type-1 receptor 2-like,protein-coding,-,-,-,vomeronasal type-1 receptor 2-like,20210420,-
130825,121160149,LOC121160149,-,-,-,Un,-,smad nuclear interacting protein 1-like,protein-coding,-,-,-,smad nuclear interacting protein 1-like,20210420,-
130825,121160150,LOC121160150,-,-,-,Un,-,N-formyl peptide receptor 2-like,pseudo,-,-,-,-,20210420,-
130825,121160151,SH3BP1,-,-,-,Un,-,SH3 domain binding protein 1,protein-coding,-,-,-,SH3 domain-binding protein 1,20210420,-
130825,121160152,LOC121160152,-,-,-,Un,-,CASP8 and FADD-like apoptosis regulator,protein-coding,-,-,-,CASP8 and FADD-like apoptosis regulator,20210420,-
130825,121160153,LOC121160153,-,-,-,Un,-,proline-rich receptor-like protein kinase PERK2,protein-coding,-,-,-,proline-rich receptor-like protein kinase PERK2,20210420,-
130825,121160154,LOC121160154,-,-,-,Un,-,probable cytosolic iron-sulfur protein assembly protein CIAO1,pseudo,-,-,-,-,20210420,-
130825,121160155,LOC121160155,-,-,-,Un,-,cyclin-dependent kinase 1-like,pseudo,-,-,-,-,20210420,-
130825,121160156,LOC121160156,-,-,-,Un,-,"patr class I histocompatibility antigen, B-2 alpha chain-like",protein-coding,-,-,-,"patr class I histocompatibility antigen, B-2 alpha chain-like",20210420,-
130825,121160157,LOC121160157,-,-,-,Un,-,"patr class I histocompatibility antigen, B-2 alpha chain-like",protein-coding,-,-,-,"patr class I histocompatibility antigen, B-2 alpha chain-like",20210420,-
130825,121160158,LOC121160158,-,-,-,Un,-,"patr class I histocompatibility antigen, B-2 alpha chain-like",pseudo,-,-,-,-,20210420,-
130825,121160159,LOC121160159,-,-,-,Un,-,exocyst complex component 5-like,protein-coding,-,-,-,LOW QUALITY PROTEIN: exocyst complex component 5-like,20210420,-
130825,121160160,LOC121160160,-,-,-,Un,-,"patr class I histocompatibility antigen, B-2 alpha chain-like",protein-coding,-,-,-,"RLA class I histocompatibility antigen, alpha chain 11/11-like|patr class I histocompatibility antigen, B-2 alpha chain-like",20210420,-
130825,121160161,LOC121160161,-,-,-,Un,-,"patr class I histocompatibility antigen, B-2 alpha chain-like",protein-coding,-,-,-,"HLA class I histocompatibility antigen, A alpha chain-like|HLA class I histocompatibility antigen, alpha chain G-like|patr class I histocompatibility antigen, B-2 alpha chain-like",20210420,-
130825,121160162,LOC121160162,-,-,-,Un,-,"HLA class I histocompatibility antigen, B alpha chain-like",pseudo,-,-,-,-,20210420,-
130825,121160163,LOC121160163,-,-,-,Un,-,"H-2 class I histocompatibility antigen, Q9 alpha chain-like",protein-coding,-,-,-,"H-2 class I histocompatibility antigen, Q9 alpha chain-like",20210420,-
130825,121160164,LOC121160164,-,-,-,Un,-,ubl carboxyl-terminal hydrolase 18-like,protein-coding,-,-,-,LOW QUALITY PROTEIN: ubl carboxyl-terminal hydrolase 18-like,20210420,-
130825,121160165,LOC121160165,-,-,-,Un,-,pyridoxal phosphatase,protein-coding,-,-,-,pyridoxal phosphate phosphatase,20210420,-
130825,121160166,LOC121160166,-,-,-,Un,-,uncharacterized LOC121160166,ncRNA,-,-,-,-,20210420,-
130825,121160167,LOC121160167,-,-,-,Un,-,uncharacterized LOC121160167,ncRNA,-,-,-,-,20210420,-
130825,121160168,LOC121160168,-,-,-,Un,-,uncharacterized LOC121160168,ncRNA,-,-,-,-,20210420,-
130825,121160169,LOC121160169,-,-,-,Un,-,heterogeneous nuclear ribonucleoprotein A1-like,pseudo,-,-,-,-,20210420,-
130825,121160170,LOC121160170,-,-,-,Un,-,"class I histocompatibility antigen, Gogo-C*0203 alpha chain-like",protein-coding,-,-,-,"class I histocompatibility antigen, Gogo-C*0203 alpha chain-like",20210420,-
130825,121160171,LOC121160171,-,-,-,Un,-,"patr class I histocompatibility antigen, A-2 alpha chain-like",protein-coding,-,-,-,"HLA class I histocompatibility antigen, A alpha chain-like|HLA class I histocompatibility antigen, alpha chain G-like|RLA class I histocompatibility antigen, alpha chain 11/11-like|class I histocompatibility antigen, Gogo-B*0103 alpha chain-like|patr class I histocompatibility antigen, A-2 alpha chain-like",20210420,-
130825,121160172,NOL12,-,-,-,Un,-,nucleolar protein 12,protein-coding,-,-,-,nucleolar protein 12,20210420,-
130825,121160173,LOC121160173,-,-,-,Un,-,"HLA class I histocompatibility antigen, A alpha chain-like",pseudo,-,-,-,-,20210420,-
130825,121160174,LOC121160174,-,-,-,Un,-,"class I histocompatibility antigen, Gogo-B*0103 alpha chain-like",pseudo,-,-,-,-,20210420,-
130825,121160175,LOC121160175,-,-,-,Un,-,uncharacterized LOC121160175,ncRNA,-,-,-,-,20210420,-
130825,121160176,LOC121160176,-,-,-,Un,-,"HLA class I histocompatibility antigen, alpha chain G-like",protein-coding,-,-,-,"HLA class I histocompatibility antigen, alpha chain G-like",20210420,-
130825,121160177,LOC121160177,-,-,-,Un,-,"28S ribosomal protein S33, mitochondrial-like",pseudo,-,-,-,-,20210420,-
130825,121160178,LOC121160178,-,-,-,Un,-,probable histone-lysine N-methyltransferase PRDM7,pseudo,-,-,-,-,20210420,-
130825,121160179,LOC121160179,-,-,-,Un,-,ras-related protein Rab-22A-like,pseudo,-,-,-,-,20210420,-
130825,121160180,LOC121160180,-,-,-,Un,-,uncharacterized LOC121160180,ncRNA,-,-,-,-,20210420,-
130825,121160181,LOC121160181,-,-,-,Un,-,uncharacterized LOC121160181,ncRNA,-,-,-,-,20210420,-
130825,121160182,LOC121160182,-,-,-,Un,-,uncharacterized LOC121160182,ncRNA,-,-,-,-,20210420,-
130825,121160183,LOC121160183,-,-,-,Un,-,M-phase phosphoprotein 6-like,pseudo,-,-,-,-,20210420,-
130825,121160184,LOC121160184,-,-,-,Un,-,vascular endothelial zinc finger 1-like,pseudo,-,-,-,-,20210420,-
130825,121160185,LOC121160185,-,-,-,Un,-,uncharacterized LOC121160185,ncRNA,-,-,-,-,20210420,-
130825,121160186,LOC121160186,-,-,-,Un,-,uncharacterized LOC121160186,ncRNA,-,-,-,-,20210420,-
130825,121160187,LOC121160187,-,-,-,Un,-,beta-galactosidase-1-like protein 3,protein-coding,-,-,-,beta-galactosidase-1-like protein 3,20210420,-
130825,121160188,LOC121160188,-,-,-,Un,-,uncharacterized LOC121160188,ncRNA,-,-,-,-,20210420,-
130825,121160189,LOC121160189,-,-,-,Un,-,insulin growth factor-like family member 3,protein-coding,-,-,-,insulin growth factor-like family member 3,20210420,-
130825,121160190,GCAT,-,-,-,Un,-,glycine C-acetyltransferase,protein-coding,-,-,-,"2-amino-3-ketobutyrate coenzyme A ligase, mitochondrial",20210420,-
130825,121160191,LOC121160191,-,-,-,Un,-,heat shock 70 kDa protein 1-like,protein-coding,-,-,-,heat shock 70 kDa protein 1-like|heat shock 70 kDa protein 1A-like,20210420,-
130825,121160192,LOC121160192,-,-,-,Un,-,heat shock 70 kDa protein 1-like,protein-coding,-,-,-,heat shock 70 kDa protein 1-like|heat shock 70 kDa protein 1A-like|heat shock 70 kDa protein 1B-like,20210420,-
130825,121160193,LOC121160193,-,-,-,Un,-,proproteinase E-like,protein-coding,-,-,-,proproteinase E-like,20210420,-
130825,121160194,LOC121160194,-,-,-,Un,-,uncharacterized LOC121160194,ncRNA,-,-,-,-,20210420,-
130825,121160195,LOC121160195,-,-,-,Un,-,uncharacterized LOC121160195,ncRNA,-,-,-,-,20210420,-
130825,121160196,LOC121160196,-,-,-,Un,-,nmrA-like family domain-containing protein 1,protein-coding,-,-,-,nmrA-like family domain-containing protein 1,20210420,-
130825,121160197,LOC121160197,-,-,-,Un,-,"keratin, type II cytoskeletal 6A-like",protein-coding,-,-,-,"keratin, type II cytoskeletal 6A-like",20210420,-
130825,121160198,LOC121160198,-,-,-,Un,-,uncharacterized LOC121160198,ncRNA,-,-,-,-,20210420,-
130825,121160199,CCNJL,-,-,-,Un,-,cyclin J like,protein-coding,-,-,-,cyclin-J-like protein,20210420,-
130825,121160200,LOC121160200,-,-,-,Un,-,anomalous homeobox protein-like,protein-coding,-,-,-,anomalous homeobox protein-like,20210420,-
130825,121160201,ANKRD31,-,-,-,Un,-,ankyrin repeat domain 31,protein-coding,-,-,-,LOW QUALITY PROTEIN: ankyrin repeat domain-containing protein 31,20210420,-
130825,121160202,F2RL1,-,-,-,Un,-,F2R like trypsin receptor 1,protein-coding,-,-,-,proteinase-activated receptor 2,20210420,-
130825,121160203,LOC121160203,-,-,-,Un,-,corticotropin releasing hormone binding protein,protein-coding,-,-,-,corticotropin-releasing factor-binding protein,20210420,-
130825,121160204,DMGDH,-,-,-,Un,-,dimethylglycine dehydrogenase,protein-coding,-,-,-,"dimethylglycine dehydrogenase, mitochondrial",20210420,-
130825,121160205,BHMT2,-,-,-,Un,-,betaine--homocysteine S-methyltransferase 2,protein-coding,-,-,-,S-methylmethionine--homocysteine S-methyltransferase BHMT2,20210420,-
130825,121160206,JMY,-,-,-,Un,-,"junction mediating and regulatory protein, p53 cofactor",protein-coding,-,-,-,junction-mediating and -regulatory protein,20210420,-
130825,121160207,LOC121160207,-,-,-,Un,-,histone H1.0,protein-coding,-,-,-,histone H1.0,20210420,-
130825,121160208,CMYA5,-,-,-,Un,-,cardiomyopathy associated 5,protein-coding,-,-,-,cardiomyopathy-associated protein 5,20210420,-
130825,121160209,SERINC5,-,-,-,Un,-,serine incorporator 5,protein-coding,-,-,-,serine incorporator 5,20210420,-
130825,121160210,SPZ1,-,-,-,Un,-,spermatogenic leucine zipper 1,protein-coding,-,-,-,spermatogenic leucine zipper protein 1,20210420,-
130825,121160211,MSH3,-,-,-,Un,-,mutS homolog 3,protein-coding,-,-,-,DNA mismatch repair protein Msh3,20210420,-
130825,121160212,LOC121160212,-,-,-,Un,-,high mobility group protein B1-like,pseudo,-,-,-,-,20210420,-
130825,121160213,ADGRV1,-,-,-,Un,-,adhesion G protein-coupled receptor V1,protein-coding,-,-,-,adhesion G-protein coupled receptor V1,20210420,-
130825,121160214,RHOBTB3,-,-,-,Un,-,Rho related BTB domain containing 3,protein-coding,-,-,-,rho-related BTB domain-containing protein 3,20210420,-
130825,121160215,LOC121160215,-,-,-,Un,-,protein MAK16 homolog,pseudo,-,-,-,-,20210420,-
130825,121160216,SLCO6A1,-,-,-,Un,-,solute carrier organic anion transporter family member 6A1,protein-coding,-,-,-,solute carrier organic anion transporter family member 6A1,20210420,-
130825,121160217,LOC121160217,-,-,-,Un,-,uncharacterized LOC121160217,protein-coding,-,-,-,uncharacterized protein LOC121160217,20210420,-
130825,121160218,ANKRD54,-,-,-,Un,-,ankyrin repeat domain 54,protein-coding,-,-,-,ankyrin repeat domain-containing protein 54,20210420,-
130825,121160219,LOC121160219,-,-,-,Un,-,voltage-dependent anion-selective channel protein 1-like,pseudo,-,-,-,-,20210420,-
130825,121160220,LOC121160220,-,-,-,Un,-,60S ribosomal protein L23a-like,pseudo,-,-,-,-,20210420,-
130825,121160221,TMEM232,-,-,-,Un,-,transmembrane protein 232,protein-coding,-,-,-,transmembrane protein 232,20210420,-
130825,121160222,LOC121160222,-,-,-,Un,-,olfactory receptor 10-like,protein-coding,-,-,-,LOW QUALITY PROTEIN: olfactory receptor 10-like,20210420,-
130825,121160223,LOC121160223,-,-,-,Un,-,thymic stromal lymphopoietin,protein-coding,-,-,-,thymic stromal lymphopoietin,20210420,-
130825,121160224,LOC121160224,-,-,-,Un,-,putative olfactory receptor 2W6,protein-coding,-,-,-,putative olfactory receptor 2W6,20210420,-
130825,121160225,LOC121160225,-,-,-,Un,-,olfactory receptor 10-like,protein-coding,-,-,-,olfactory receptor 10-like,20210420,-
130825,121160226,BTNL9,-,-,-,Un,-,butyrophilin like 9,protein-coding,-,-,-,butyrophilin-like protein 9,20210420,-
130825,121160227,LOC121160227,-,-,-,Un,-,inorganic pyrophosphatase-like,pseudo,-,-,-,-,20210420,-
130825,121160228,LOC121160228,-,-,-,Un,-,rho guanine nucleotide exchange factor 28-like,protein-coding,-,-,-,rho guanine nucleotide exchange factor 28-like,20210420,-
130825,121160229,LOC121160229,-,-,-,Un,-,60S ribosomal protein L23a-like,pseudo,-,-,-,-,20210420,-
130825,121160230,TMEM174,-,-,-,Un,-,transmembrane protein 174,protein-coding,-,-,-,transmembrane protein 174,20210420,-
130825,121160231,TMEM171,-,-,-,Un,-,transmembrane protein 171,protein-coding,-,-,-,transmembrane protein 171,20210420,-
130825,121160232,S100Z,-,-,-,Un,-,S100 calcium binding protein Z,protein-coding,-,-,-,protein S100-Z,20210420,-
130825,121160233,LOC121160233,-,-,-,Un,-,orthopedia homeobox,protein-coding,-,-,-,homeobox protein orthopedia,20210420,-
130825,121160234,LOC121160234,-,-,-,Un,-,macrophage migration inhibitory factor-like,pseudo,-,-,-,-,20210420,-
130825,121160235,LOC121160235,-,-,-,Un,-,betaine--homocysteine S-methyltransferase 1,protein-coding,-,-,-,betaine--homocysteine S-methyltransferase 1,20210420,-
130825,121160236,LOC121160236,-,-,-,Un,-,uncharacterized LOC121160236,ncRNA,-,-,-,-,20210420,-
130825,121160237,THBS4,-,-,-,Un,-,thrombospondin 4,protein-coding,-,-,-,thrombospondin-4,20210420,-
130825,121160238,ANKRD34B,-,-,-,Un,-,ankyrin repeat domain 34B,protein-coding,-,-,-,ankyrin repeat domain-containing protein 34B,20210420,-
130825,121160239,ACOT12,-,-,-,Un,-,acyl-CoA thioesterase 12,protein-coding,-,-,-,LOW QUALITY PROTEIN: acetyl-coenzyme A thioesterase,20210420,-
130825,121160240,RPS23,-,-,-,Un,-,ribosomal protein S23,protein-coding,-,-,-,40S ribosomal protein S23,20210425,-
130825,121160241,ATP6AP1L,-,-,-,Un,-,ATPase H+ transporting accessory protein 1 like,protein-coding,-,-,-,V-type proton ATPase subunit S1-like protein,20210420,-
130825,121160242,HAPLN1,-,-,-,Un,-,hyaluronan and proteoglycan link protein 1,protein-coding,-,-,-,hyaluronan and proteoglycan link protein 1,20210420,-
130825,121160243,LOC121160243,-,-,-,Un,-,uncharacterized LOC121160243,ncRNA,-,-,-,-,20210420,-
130825,121160244,LOC121160244,-,-,-,Un,-,uncharacterized LOC121160244,ncRNA,-,-,-,-,20210420,-
130825,121160245,NR2F1,-,-,-,Un,-,nuclear receptor subfamily 2 group F member 1,protein-coding,-,-,-,COUP transcription factor 1,20210522,-
130825,121160246,EIF3L,-,-,-,Un,-,eukaryotic translation initiation factor 3 subunit L,protein-coding,-,-,-,eukaryotic translation initiation factor 3 subunit L,20210420,-
130825,121160247,KIAA0825,-,-,-,Un,-,KIAA0825 ortholog,protein-coding,-,-,-,uncharacterized protein KIAA0825 homolog,20210420,-
130825,121160248,GPR150,-,-,-,Un,-,G protein-coupled receptor 150,protein-coding,-,-,-,probable G-protein coupled receptor 150,20210420,-
130825,121160249,LOC121160249,-,-,-,Un,-,spindle and kinetochore-associated protein 2-like,pseudo,-,-,-,-,20210420,-
130825,121160250,PCSK1,-,-,-,Un,-,proprotein convertase subtilisin/kexin type 1,protein-coding,-,-,-,neuroendocrine convertase 1,20210420,-
130825,121160251,LOC121160251,-,-,-,Un,-,uncharacterized LOC121160251,ncRNA,-,-,-,-,20210420,-
130825,121160252,LOC121160252,-,-,-,Un,-,olfactory receptor 2Y1-like,protein-coding,-,-,-,olfactory receptor 2Y1-like,20210420,-
130825,121160253,LOC121160253,-,-,-,Un,-,olfactory receptor 2Y1-like,protein-coding,-,-,-,olfactory receptor 2Y1-like,20210420,-
130825,121160254,LOC121160254,-,-,-,Un,-,olfactory receptor 2Y1-like,protein-coding,-,-,-,olfactory receptor 2Y1-like,20210420,-
130825,121160255,LOC121160255,-,-,-,Un,-,olfactory receptor 2Y1-like,protein-coding,-,-,-,olfactory receptor 2Y1-like,20210420,-
130825,121160256,LOC121160256,-,-,-,Un,-,olfactory receptor 2Y1-like,protein-coding,-,-,-,olfactory receptor 2Y1-like,20210420,-
130825,121160257,LOC121160257,-,-,-,Un,-,olfactory receptor 10-like,protein-coding,-,-,-,olfactory receptor 10-like,20210420,-
130825,121160258,LOC121160258,-,-,-,Un,-,olfactory receptor 56-like,protein-coding,-,-,-,olfactory receptor 56-like,20210420,-
130825,121160259,LOC121160259,-,-,-,Un,-,olfactory receptor 56,protein-coding,-,-,-,olfactory receptor 56,20210420,-
130825,121160260,ENC1,-,-,-,Un,-,ectodermal-neural cortex 1,protein-coding,-,-,-,ectoderm-neural cortex protein 1,20210420,-
130825,121160261,ARHGEF28,-,-,-,Un,-,Rho guanine nucleotide exchange factor 28,protein-coding,-,-,-,LOW QUALITY PROTEIN: rho guanine nucleotide exchange factor 28,20210420,-
130825,121160262,FOXD1,-,-,-,Un,-,forkhead box D1,protein-coding,-,-,-,forkhead box protein D1,20210420,-
130825,121160263,MICALL1,-,-,-,Un,-,MICAL like 1,protein-coding,-,-,-,MICAL-like protein 1,20210420,-
130825,121160264,LOC121160264,-,-,-,Un,-,histone H2B subacrosomal variant-like,protein-coding,-,-,-,histone H2B subacrosomal variant-like,20210420,-
130825,121160265,LOC121160265,-,-,-,Un,-,olfactory receptor 2M3-like,protein-coding,-,-,-,olfactory receptor 2M3-like,20210420,-
130825,121160266,LOC121160266,-,-,-,Un,-,zinc finger protein 260-like,protein-coding,-,-,-,LOW QUALITY PROTEIN: zinc finger protein 260-like,20210420,-
130825,121160267,LOC121160267,-,-,-,Un,-,zinc finger protein 883-like,protein-coding,-,-,-,zinc finger protein 717-like|zinc finger protein 883-like,20210420,-
130825,121160268,GCNT4,-,-,-,Un,-,glucosaminyl (N-acetyl) transferase 4,protein-coding,-,-,-,"beta-1,3-galactosyl-O-glycosyl-glycoprotein beta-1,6-N-acetylglucosaminyltransferase 4",20210420,-
130825,121160269,HMGCR,-,-,-,Un,-,3-hydroxy-3-methylglutaryl-CoA reductase,protein-coding,-,-,-,3-hydroxy-3-methylglutaryl-Coenzyme A reductase|HMG-CoA reductase,20210420,-
130825,121160270,CERT1,-,-,-,Un,-,ceramide transporter 1,protein-coding,-,-,-,ceramide transfer protein,20210420,-
130825,121160271,LOC121160271,-,-,-,Un,-,uncharacterized LOC121160271,ncRNA,-,-,-,-,20210420,-
130825,121160272,POLK,-,-,-,Un,-,DNA polymerase kappa,protein-coding,-,-,-,DNA polymerase kappa,20210420,-
130825,121160273,POC5,-,-,-,Un,-,POC5 centriolar protein,protein-coding,-,-,-,centrosomal protein POC5,20210420,-
130825,121160274,SOX10,-,-,-,Un,-,SRY-box transcription factor 10,protein-coding,-,-,-,transcription factor SOX-10,20210420,-
130825,121160275,ANKDD1B,-,-,-,Un,-,ankyrin repeat and death domain containing 1B,protein-coding,-,-,-,ankyrin repeat and death domain-containing protein 1B,20210420,-
130825,121160276,SV2C,-,-,-,Un,-,synaptic vesicle glycoprotein 2C,protein-coding,-,-,-,synaptic vesicle glycoprotein 2C,20210420,-
130825,121160277,IQGAP2,-,-,-,Un,-,IQ motif containing GTPase activating protein 2,protein-coding,-,-,-,ras GTPase-activating-like protein IQGAP2,20210420,-
130825,121160278,F2R,-,-,-,Un,-,coagulation factor II thrombin receptor,protein-coding,-,-,-,proteinase-activated receptor 1,20210420,-
130825,121160279,AGGF1,-,-,-,Un,-,angiogenic factor with G-patch and FHA domains 1,protein-coding,-,-,-,angiogenic factor with G patch and FHA domains 1,20210420,-
130825,121160280,PDE8B,-,-,-,Un,-,phosphodiesterase 8B,protein-coding,-,-,-,"high affinity cAMP-specific and IBMX-insensitive 3',5'-cyclic phosphodiesterase 8B",20210420,-
130825,121160281,POLR2F,-,-,-,Un,-,"RNA polymerase II, I and III subunit F",protein-coding,-,-,-,"DNA-directed RNA polymerases I, II, and III subunit RPABC2",20210501,-
130825,121160282,WDR41,-,-,-,Un,-,WD repeat domain 41,protein-coding,-,-,-,WD repeat-containing protein 41,20210420,-
130825,121160283,TBCA,-,-,-,Un,-,tubulin folding cofactor A,protein-coding,-,-,-,tubulin-specific chaperone A,20210420,-
130825,121160284,LOC121160284,-,-,-,Un,-,uncharacterized LOC121160284,ncRNA,-,-,-,-,20210420,-
130825,121160285,AP3B1,-,-,-,Un,-,adaptor related protein complex 3 subunit beta 1,protein-coding,-,-,-,AP-3 complex subunit beta-1,20210420,-
130825,121160286,SCAMP1,-,-,-,Un,-,secretory carrier membrane protein 1,protein-coding,-,-,-,secretory carrier-associated membrane protein 1,20210420,-
130825,121160287,LHFPL2,-,-,-,Un,-,LHFPL tetraspan subfamily member 2,protein-coding,-,-,-,LHFPL tetraspan subfamily member 2 protein,20210420,-
130825,121160288,FABP6,-,-,-,Un,-,fatty acid binding protein 6,protein-coding,-,-,-,gastrotropin,20210420,-
130825,121160289,ARSB,-,-,-,Un,-,arylsulfatase B,protein-coding,-,-,-,arylsulfatase B,20210420,-
130825,121160290,HOMER1,-,-,-,Un,-,homer scaffold protein 1,protein-coding,-,-,-,homer protein homolog 1,20210420,-
130825,121160291,TENT2,-,-,-,Un,-,terminal nucleotidyltransferase 2,protein-coding,-,-,-,poly(A) RNA polymerase GLD2,20210420,-
130825,121160292,PICK1,-,-,-,Un,-,protein interacting with PRKCA 1,protein-coding,-,-,-,PRKCA-binding protein,20210420,-
130825,121160293,MTX3,-,-,-,Un,-,metaxin 3,protein-coding,-,-,-,metaxin-3,20210420,-
130825,121160294,LOC121160294,-,-,-,Un,-,putative tRNA (cytidine(32)/guanosine(34)-2'-O)-methyltransferase,protein-coding,-,-,-,LOW QUALITY PROTEIN: putative tRNA (cytidine(32)/guanosine(34)-2'-O)-methyltransferase,20210420,-
130825,121160295,ZFYVE16,-,-,-,Un,-,zinc finger FYVE-type containing 16,protein-coding,-,-,-,zinc finger FYVE domain-containing protein 16,20210420,-
130825,121160296,FAM151B,-,-,-,Un,-,family with sequence similarity 151 member B,protein-coding,-,-,-,protein FAM151B,20210420,-
130825,121160297,DHFR,-,-,-,Un,-,dihydrofolate reductase,protein-coding,-,-,-,dihydrofolate reductase,20210420,-
130825,121160298,RASGRF2,-,-,-,Un,-,Ras protein specific guanine nucleotide releasing factor 2,protein-coding,-,-,-,ras-specific guanine nucleotide-releasing factor 2,20210420,-
130825,121160299,CKMT2,-,-,-,Un,-,"creatine kinase, mitochondrial 2",protein-coding,-,-,-,"creatine kinase S-type, mitochondrial",20210420,-
130825,121160300,ZCCHC9,-,-,-,Un,-,zinc finger CCHC-type containing 9,protein-coding,-,-,-,zinc finger CCHC domain-containing protein 9,20210420,-
130825,121160301,SSBP2,-,-,-,Un,-,single stranded DNA binding protein 2,protein-coding,-,-,-,single-stranded DNA-binding protein 2,20210420,-
130825,121160302,ATG10,-,-,-,Un,-,autophagy related 10,protein-coding,-,-,-,ubiquitin-like-conjugating enzyme ATG10,20210420,-
130825,121160303,LOC121160303,-,-,-,Un,-,60S ribosomal protein L37a-like,pseudo,-,-,-,-,20210420,-
130825,121160304,LOC121160304,-,-,-,Un,-,uncharacterized LOC121160304,ncRNA,-,-,-,-,20210420,-
130825,121160305,LOC121160305,-,-,-,Un,-,fukutin-like,pseudo,-,-,-,-,20210420,-
130825,121160306,XRCC4,-,-,-,Un,-,X-ray repair cross complementing 4,protein-coding,-,-,-,DNA repair protein XRCC4,20210420,-
130825,121160307,PLA2G6,-,-,-,Un,-,phospholipase A2 group VI,protein-coding,-,-,-,85/88 kDa calcium-independent phospholipase A2,20210420,-
130825,121160308,TMEM167A,-,-,-,Un,-,transmembrane protein 167A,protein-coding,-,-,-,protein kish-A,20210522,-
130825,121160309,VCAN,-,-,-,Un,-,versican,protein-coding,-,-,-,versican core protein,20210420,-
130825,121160310,EDIL3,-,-,-,Un,-,EGF like repeats and discoidin domains 3,protein-coding,-,-,-,EGF-like repeat and discoidin I-like domain-containing protein 3,20210420,-
130825,121160311,LOC121160311,-,-,-,Un,-,"cytochrome c oxidase subunit 7C, mitochondrial",protein-coding,-,-,-,"cytochrome c oxidase subunit 7C, mitochondrial",20210420,-
130825,121160312,LOC121160312,-,-,-,Un,-,uncharacterized LOC121160312,ncRNA,-,-,-,-,20210420,-
130825,121160313,RASA1,-,-,-,Un,-,RAS p21 protein activator 1,protein-coding,-,-,-,ras GTPase-activating protein 1,20210420,-
130825,121160314,CCNH,-,-,-,Un,-,cyclin H,protein-coding,-,-,-,cyclin-H,20210420,-
130825,121160315,LOC121160315,-,-,-,Un,-,uncharacterized LOC121160315,ncRNA,-,-,-,-,20210420,-
130825,121160316,TMEM161B,-,-,-,Un,-,transmembrane protein 161B,protein-coding,-,-,-,transmembrane protein 161B,20210420,-
130825,121160317,TMEM184B,-,-,-,Un,-,transmembrane protein 184B,protein-coding,-,-,-,transmembrane protein 184B,20210420,-
130825,121160318,MEF2C,-,-,-,Un,-,myocyte enhancer factor 2C,protein-coding,-,-,-,myocyte-specific enhancer factor 2C,20210420,-
130825,121160319,CETN3,-,-,-,Un,-,centrin 3,protein-coding,-,-,-,centrin-3,20210420,-
130825,121160320,MBLAC2,-,-,-,Un,-,metallo-beta-lactamase domain containing 2,protein-coding,-,-,-,metallo-beta-lactamase domain-containing protein 2,20210420,-
130825,121160321,POLR3G,-,-,-,Un,-,RNA polymerase III subunit G,protein-coding,-,-,-,DNA-directed RNA polymerase III subunit RPC7,20210420,-
130825,121160322,LYSMD3,-,-,-,Un,-,LysM domain containing 3,protein-coding,-,-,-,lysM and putative peptidoglycan-binding domain-containing protein 3,20210420,-
130825,121160323,ARRDC3,-,-,-,Un,-,arrestin domain containing 3,protein-coding,-,-,-,arrestin domain-containing protein 3,20210529,-
130825,121160324,POU5F2,-,-,-,Un,-,"POU domain class 5, transcription factor 2",protein-coding,-,-,-,"POU domain, class 5, transcription factor 2",20210420,-
130825,121160325,FAM172A,-,-,-,Un,-,family with sequence similarity 172 member A,protein-coding,-,-,-,cotranscriptional regulator FAM172A,20210420,-
130825,121160326,CSNK1E,-,-,-,Un,-,casein kinase 1 epsilon,protein-coding,-,-,-,casein kinase I,20210420,-
130825,121160327,LOC121160327,-,-,-,Un,-,uncharacterized LOC121160327,ncRNA,-,-,-,-,20210420,-
130825,121160328,SLF1,-,-,-,Un,-,SMC5-SMC6 complex localization factor 1,protein-coding,-,-,-,SMC5-SMC6 complex localization factor protein 1,20210420,-
130825,121160329,MCTP1,-,-,-,Un,-,multiple C2 and transmembrane domain containing 1,protein-coding,-,-,-,multiple C2 and transmembrane domain-containing protein 1,20210420,-
130825,121160330,LOC121160330,-,-,-,Un,-,uncharacterized LOC121160330,ncRNA,-,-,-,-,20210420,-
130825,121160331,FAM81B,-,-,-,Un,-,family with sequence similarity 81 member B,protein-coding,-,-,-,protein FAM81B,20210420,-
130825,121160332,TTC37,-,-,-,Un,-,tetratricopeptide repeat domain 37,protein-coding,-,-,-,tetratricopeptide repeat protein 37,20210420,-
130825,121160333,ARSK,-,-,-,Un,-,arylsulfatase family member K,protein-coding,-,-,-,arylsulfatase K,20210420,-
130825,121160334,RFESD,-,-,-,Un,-,Rieske Fe-S domain containing,protein-coding,-,-,-,Rieske domain-containing protein,20210420,-
130825,121160335,SPATA9,-,-,-,Un,-,spermatogenesis associated 9,protein-coding,-,-,-,spermatogenesis-associated protein 9,20210420,-
130825,121160336,GLRX,-,-,-,Un,-,glutaredoxin,protein-coding,-,-,-,glutaredoxin-1,20210420,-
130825,121160337,ELL2,-,-,-,Un,-,elongation factor for RNA polymerase II 2,protein-coding,-,-,-,RNA polymerase II elongation factor ELL2,20210420,-
130825,121160338,LOC121160338,-,-,-,Un,-,endoplasmic reticulum aminopeptidase 1,protein-coding,-,-,-,endoplasmic reticulum aminopeptidase 1,20210420,-
130825,121160339,CAST,-,-,-,Un,-,calpastatin,protein-coding,-,-,-,calpastatin,20210420,-
130825,121160340,LOC121160340,-,-,-,Un,-,leucyl and cystinyl aminopeptidase,protein-coding,-,-,-,leucyl-cystinyl aminopeptidase,20210420,-
130825,121160341,DDX17,-,-,-,Un,-,DEAD-box helicase 17,protein-coding,-,-,-,probable ATP-dependent RNA helicase DDX17,20210420,-
130825,121160342,LIX1,-,-,-,Un,-,limb and CNS expressed 1,protein-coding,-,-,-,protein limb expression 1 homolog,20210420,-
130825,121160343,RIOK2,-,-,-,Un,-,RIO kinase 2,protein-coding,-,-,-,serine/threonine-protein kinase RIO2,20210420,-
130825,121160344,RGMB,-,-,-,Un,-,repulsive guidance molecule BMP co-receptor b,protein-coding,-,-,-,RGM domain family member B,20210420,-
130825,121160345,CHD1,-,-,-,Un,-,chromodomain helicase DNA binding protein 1,protein-coding,-,-,-,chromodomain-helicase-DNA-binding protein 1,20210420,-
130825,121160346,FAM174A,-,-,-,Un,-,family with sequence similarity 174 member A,protein-coding,-,-,-,membrane protein FAM174A,20210420,-
130825,121160347,LOC121160347,-,-,-,Un,-,uncharacterized LOC121160347,ncRNA,-,-,-,-,20210420,-
130825,121160348,ST8SIA4,-,-,-,Un,-,"ST8 alpha-N-acetyl-neuraminide alpha-2,8-sialyltransferase 4",protein-coding,-,-,-,"CMP-N-acetylneuraminate-poly-alpha-2,8-sialyltransferase",20210420,-
130825,121160349,SLCO4C1,-,-,-,Un,-,solute carrier organic anion transporter family member 4C1,protein-coding,-,-,-,solute carrier organic anion transporter family member 4C1,20210420,-
130825,121160350,PAM,-,-,-,Un,-,peptidylglycine alpha-amidating monooxygenase,protein-coding,-,-,-,peptidyl-glycine alpha-amidating monooxygenase,20210420,-
130825,121160351,KDELR3,-,-,-,Un,-,KDEL endoplasmic reticulum protein retention receptor 3,protein-coding,-,-,-,ER lumen protein-retaining receptor 3,20210420,-
130825,121160352,GIN1,-,-,-,Un,-,gypsy retrotransposon integrase 1,protein-coding,-,-,-,gypsy retrotransposon integrase-like protein 1,20210420,-
130825,121160353,PPIP5K2,-,-,-,Un,-,diphosphoinositol pentakisphosphate kinase 2,protein-coding,-,-,-,inositol hexakisphosphate and diphosphoinositol-pentakisphosphate kinase 2,20210420,-
130825,121160354,JOSD1,-,-,-,Un,-,Josephin domain containing 1,protein-coding,-,-,-,josephin-1,20210420,-
130825,121160355,MACIR,-,-,-,Un,-,macrophage immunometabolism regulator,protein-coding,-,-,-,macrophage immunometabolism regulator,20210420,-
130825,121160356,NUDT12,-,-,-,Un,-,nudix hydrolase 12,protein-coding,-,-,-,NAD-capped RNA hydrolase NUDT12,20210420,-
130825,121160357,EFNA5,-,-,-,Un,-,ephrin A5,protein-coding,-,-,-,ephrin-A5,20210420,-
130825,121160358,FBXL17,-,-,-,Un,-,F-box and leucine rich repeat protein 17,protein-coding,-,-,-,F-box/LRR-repeat protein 17,20210420,-
130825,121160359,LOC121160359,-,-,-,Un,-,uncharacterized LOC121160359,ncRNA,-,-,-,-,20210420,-
130825,121160360,LOC121160360,-,-,-,Un,-,uncharacterized LOC121160360,ncRNA,-,-,-,-,20210420,-
130825,121160361,CACNA1I,-,-,-,Un,-,calcium voltage-gated channel subunit alpha1 I,protein-coding,-,-,-,voltage-dependent T-type calcium channel subunit alpha-1I,20210420,-
130825,121160362,FER,-,-,-,Un,-,FER tyrosine kinase,protein-coding,-,-,-,tyrosine-protein kinase Fer,20210420,-
130825,121160363,PJA2,-,-,-,Un,-,praja ring finger ubiquitin ligase 2,protein-coding,-,-,-,E3 ubiquitin-protein ligase Praja-2,20210420,-
130825,121160364,MAN2A1,-,-,-,Un,-,mannosidase alpha class 2A member 1,protein-coding,-,-,-,alpha-mannosidase 2,20210420,-
130825,121160365,SLC25A46,-,-,-,Un,-,solute carrier family 25 member 46,protein-coding,-,-,-,solute carrier family 25 member 46,20210420,-
130825,121160366,WDR36,-,-,-,Un,-,WD repeat domain 36,protein-coding,-,-,-,WD repeat-containing protein 36,20210420,-
130825,121160367,MGAT1,-,-,-,Un,-,"alpha-1,3-mannosyl-glycoprotein 2-beta-N-acetylglucosaminyltransferase",protein-coding,-,-,-,"alpha-1,3-mannosyl-glycoprotein 2-beta-N-acetylglucosaminyltransferase",20210420,-
130825,121160368,SUN2,-,-,-,Un,-,Sad1 and UNC84 domain containing 2,protein-coding,-,-,-,SUN domain-containing protein 2,20210420,-
130825,121160369,ZFP62,-,-,-,Un,-,ZFP62 zinc finger protein,protein-coding,-,-,-,zinc finger protein 62 homolog,20210420,-
130825,121160370,TRIM7,-,-,-,Un,-,tripartite motif containing 7,protein-coding,-,-,-,E3 ubiquitin-protein ligase TRIM7,20210420,-
130825,121160371,TRIM41,-,-,-,Un,-,tripartite motif containing 41,protein-coding,-,-,-,E3 ubiquitin-protein ligase TRIM41,20210420,-
130825,121160372,LOC121160372,-,-,-,Un,-,"H-2 class I histocompatibility antigen, K-K alpha chain-like",protein-coding,-,-,-,"H-2 class I histocompatibility antigen, K-K alpha chain-like|H-2 class I histocompatibility antigen, Q10 alpha chain-like",20210420,-
130825,121160373,RACK1,-,-,-,Un,-,receptor for activated C kinase 1,protein-coding,-,-,-,receptor of activated protein C kinase 1,20210522,-
130825,121160374,FAM169A,-,-,-,Un,-,family with sequence similarity 169 member A,protein-coding,-,-,-,soluble lamin-associated protein of 75 kDa,20210420,-
130825,121160375,NSA2,-,-,-,Un,-,NSA2 ribosome biogenesis factor,protein-coding,-,-,-,ribosome biogenesis protein NSA2 homolog,20210420,-
130825,121160376,GFM2,-,-,-,Un,-,GTP dependent ribosome recycling factor mitochondrial 2,protein-coding,-,-,-,"ribosome-releasing factor 2, mitochondrial",20210420,-
130825,121160377,HEXB,-,-,-,Un,-,hexosaminidase subunit beta,protein-coding,-,-,-,beta-hexosaminidase subunit beta,20210420,-
130825,121160378,UTP15,-,-,-,Un,-,UTP15 small subunit processome component,protein-coding,-,-,-,U3 small nucleolar RNA-associated protein 15 homolog,20210420,-
130825,121160379,ANKRA2,-,-,-,Un,-,ankyrin repeat family A member 2,protein-coding,-,-,-,ankyrin repeat family A protein 2,20210420,-
130825,121160380,BTF3,-,-,-,Un,-,basic transcription factor 3,protein-coding,-,-,-,transcription factor BTF3,20210424,-
130825,121160381,GTPBP1,-,-,-,Un,-,GTP binding protein 1,protein-coding,-,-,-,GTP-binding protein 1,20210420,-
130825,121160382,FCHO2,-,-,-,Un,-,FCH and mu domain containing endocytic adaptor 2,protein-coding,-,-,-,F-BAR domain only protein 2,20210420,-
130825,121160383,PWWP2A,-,-,-,Un,-,PWWP domain containing 2A,protein-coding,-,-,-,PWWP domain-containing protein 2A,20210420,-
130825,121160384,TNPO1,-,-,-,Un,-,transportin 1,protein-coding,-,-,-,transportin-1,20210420,-
130825,121160385,LOC121160385,-,-,-,Un,-,U6 spliceosomal RNA,snRNA,-,-,-,-,20210420,-
130825,121160386,LOC121160386,-,-,-,Un,-,U6 spliceosomal RNA,snRNA,-,-,-,-,20210420,-
130825,121160387,LOC121160387,-,-,-,Un,-,U6 spliceosomal RNA,snRNA,-,-,-,-,20210420,-
130825,121160388,LOC121160388,-,-,-,Un,-,U6 spliceosomal RNA,snRNA,-,-,-,-,20210420,-
130825,121160389,LOC121160389,-,-,-,Un,-,U6 spliceosomal RNA,snRNA,-,-,-,-,20210420,-
130825,121160390,LOC121160390,-,-,-,Un,-,U6 spliceosomal RNA,snRNA,-,-,-,-,20210420,-
130825,121160391,LOC121160391,-,-,-,Un,-,U6 spliceosomal RNA,pseudo,-,-,-,-,20210420,-
130825,121160392,LOC121160392,-,-,-,Un,-,U6 spliceosomal RNA,pseudo,-,-,-,-,20210420,-
130825,121160393,LOC121160393,-,-,-,Un,-,small nucleolar RNA SNORD96 family,snoRNA,-,-,-,-,20210420,-
130825,121160394,LOC121160394,-,-,-,Un,-,small nucleolar RNA SNORD95,snoRNA,-,-,-,-,20210420,-
130825,121160395,LOC121160395,-,-,-,Un,-,small nucleolar RNA SNORD60,snoRNA,-,-,-,-,20210420,-
130825,121160396,LOC121160396,-,-,-,Un,-,small nucleolar RNA Z39,snoRNA,-,-,-,-,20210420,-
130825,121160397,LOC121160397,-,-,-,Un,-,small nucleolar RNA SNORA2/SNORA34 family,snoRNA,-,-,-,-,20210420,-
130825,121160398,TRNAA-UGC,-,-,-,Un,-,transfer RNA alanine (anticodon UGC),tRNA,-,-,-,-,20210420,-
130825,121160399,TRNAV-CAC,-,-,-,Un,-,transfer RNA valine (anticodon CAC),tRNA,-,-,-,-,20210420,-
130825,121160400,TRNAK-CUU,-,-,-,Un,-,transfer RNA lysine (anticodon CUU),tRNA,-,-,-,-,20210420,-
130825,121160401,TAB1,-,-,-,Un,-,TGF-beta activated kinase 1 (MAP3K7) binding protein 1,protein-coding,-,-,-,TGF-beta-activated kinase 1 and MAP3K7-binding protein 1,20210420,-
130825,121160402,TRNAV-AAC,-,-,-,Un,-,transfer RNA valine (anticodon AAC),tRNA,-,-,-,-,20210420,-
130825,121160403,TRNAP-UGG,-,-,-,Un,-,transfer RNA proline (anticodon UGG),tRNA,-,-,-,-,20210420,-
130825,121160404,TRNAT-UGU,-,-,-,Un,-,transfer RNA threonine (anticodon UGU),tRNA,-,-,-,-,20210420,-
130825,121160405,LOC121160405,-,-,-,Un,-,anomalous homeobox protein-like,protein-coding,-,-,-,anomalous homeobox protein-like,20210420,-
130825,121160406,LOC121160406,-,-,-,Un,-,uncharacterized LOC121160406,ncRNA,-,-,-,-,20210420,-
130825,121160407,UBL5,-,-,-,Un,-,ubiquitin like 5,protein-coding,-,-,-,ubiquitin-like protein 5,20210501,-
130825,121160408,RDH8,-,-,-,Un,-,retinol dehydrogenase 8,protein-coding,-,-,-,retinol dehydrogenase 8,20210420,-
130825,121160409,S1PR2,-,-,-,Un,-,sphingosine-1-phosphate receptor 2,protein-coding,-,-,-,sphingosine 1-phosphate receptor 2,20210420,-
130825,121160410,ZGLP1,-,-,-,Un,-,zinc finger GATA like protein 1,protein-coding,-,-,-,GATA-type zinc finger protein 1,20210420,-
130825,121160411,S1PR5,-,-,-,Un,-,sphingosine-1-phosphate receptor 5,protein-coding,-,-,-,sphingosine 1-phosphate receptor 5,20210420,-
130825,121160412,CDKN2D,-,-,-,Un,-,cyclin dependent kinase inhibitor 2D,protein-coding,-,-,-,cyclin-dependent kinase 4 inhibitor D,20210420,-
130825,121160413,AP1M2,-,-,-,Un,-,adaptor related protein complex 1 subunit mu 2,protein-coding,-,-,-,AP-1 complex subunit mu-2,20210420,-
130825,121160414,TIMM29,-,-,-,Un,-,translocase of inner mitochondrial membrane 29,protein-coding,-,-,-,mitochondrial import inner membrane translocase subunit Tim29,20210420,-
130825,121160415,SPC24,-,-,-,Un,-,SPC24 component of NDC80 kinetochore complex,protein-coding,-,-,-,kinetochore protein Spc24,20210420,-
130825,121160416,KANK2,-,-,-,Un,-,KN motif and ankyrin repeat domains 2,protein-coding,-,-,-,KN motif and ankyrin repeat domain-containing protein 2,20210420,-
130825,121160417,RGL3,-,-,-,Un,-,ral guanine nucleotide dissociation stimulator like 3,protein-coding,-,-,-,ral guanine nucleotide dissociation stimulator-like 3,20210420,-
130825,121160418,MIEF1,-,-,-,Un,-,mitochondrial elongation factor 1,protein-coding,-,-,-,mitochondrial dynamics protein MID51,20210420,-
130825,121160419,CNN1,-,-,-,Un,-,calponin 1,protein-coding,-,-,-,calponin-1,20210420,-
130825,121160420,ELOF1,-,-,-,Un,-,elongation factor 1 homolog,protein-coding,-,-,-,transcription elongation factor 1 homolog,20210522,-
130825,121160421,TSSK6,-,-,-,Un,-,testis specific serine kinase 6,protein-coding,-,-,-,testis-specific serine/threonine-protein kinase 6,20210420,-
130825,121160422,NDUFA13,-,-,-,Un,-,NADH:ubiquinone oxidoreductase subunit A13,protein-coding,-,-,-,NADH dehydrogenase [ubiquinone] 1 alpha subcomplex subunit 13,20210420,-
130825,121160423,BORCS8,-,-,-,Un,-,BLOC-1 related complex subunit 8,protein-coding,-,-,-,BLOC-1-related complex subunit 8,20210420,-
130825,121160424,LOC121160424,-,-,-,Un,-,myocyte-specific enhancer factor 2B-like,protein-coding,-,-,-,myocyte-specific enhancer factor 2B-like,20210420,-
130825,121160425,TMEM161A,-,-,-,Un,-,transmembrane protein 161A,protein-coding,-,-,-,transmembrane protein 161A,20210420,-
130825,121160426,SLC25A42,-,-,-,Un,-,solute carrier family 25 member 42,protein-coding,-,-,-,mitochondrial coenzyme A transporter SLC25A42,20210420,-
130825,121160427,ARMC6,-,-,-,Un,-,armadillo repeat containing 6,protein-coding,-,-,-,armadillo repeat-containing protein 6,20210420,-
130825,121160428,SUGP2,-,-,-,Un,-,SURP and G-patch domain containing 2,protein-coding,-,-,-,SURP and G-patch domain-containing protein 2,20210420,-
130825,121160429,HOMER3,-,-,-,Un,-,homer scaffold protein 3,protein-coding,-,-,-,homer protein homolog 3,20210420,-
130825,121160430,CERS1,-,-,-,Un,-,ceramide synthase 1,protein-coding,-,-,-,ceramide synthase 1,20210420,-
130825,121160431,LOC121160431,-,-,-,Un,-,anomalous homeobox protein-like,pseudo,-,-,-,-,20210420,-
130825,121160432,RPL3,-,-,-,Un,-,ribosomal protein L3,protein-coding,-,-,-,60S ribosomal protein L3,20210420,-
130825,121160433,LOC121160433,-,-,-,Un,-,anomalous homeobox protein-like,protein-coding,-,-,-,anomalous homeobox protein-like,20210420,-
130825,121160434,LOC121160434,-,-,-,Un,-,lysosomal alpha-mannosidase-like,protein-coding,-,-,-,lysosomal alpha-mannosidase-like,20210420,-
130825,121160435,COL5A3,-,-,-,Un,-,collagen type V alpha 3 chain,protein-coding,-,-,-,collagen alpha-3(V) chain,20210420,-
130825,121160436,TMED1,-,-,-,Un,-,transmembrane p24 trafficking protein 1,protein-coding,-,-,-,transmembrane emp24 domain-containing protein 1,20210420,-
130825,121160437,TSPAN16,-,-,-,Un,-,tetraspanin 16,protein-coding,-,-,-,tetraspanin-16,20210420,-
130825,121160438,YJEFN3,-,-,-,Un,-,YjeF N-terminal domain containing 3,protein-coding,-,-,-,yjeF N-terminal domain-containing protein 3,20210420,-
130825,121160439,TM6SF2,-,-,-,Un,-,transmembrane 6 superfamily member 2,protein-coding,-,-,-,transmembrane 6 superfamily member 2,20210420,-
130825,121160440,HAPLN4,-,-,-,Un,-,hyaluronan and proteoglycan link protein 4,protein-coding,-,-,-,hyaluronan and proteoglycan link protein 4,20210420,-
130825,121160441,NCAN,-,-,-,Un,-,neurocan,protein-coding,-,-,-,neurocan core protein,20210420,-
130825,121160442,GDF1,-,-,-,Un,-,growth differentiation factor 1,protein-coding,-,-,-,embryonic growth/differentiation factor 1,20210420,-
130825,121160443,LOC121160443,-,-,-,Un,-,DNA dC->dU-editing enzyme APOBEC-3-like,protein-coding,-,-,-,DNA dC->dU-editing enzyme APOBEC-3-like,20210420,-
130825,121160444,LOC121160444,-,-,-,Un,-,zinc finger protein 791-like,protein-coding,-,-,-,zinc finger protein 26-like|zinc finger protein 345-like|zinc finger protein 791-like,20210420,-
130825,121160445,LOC121160445,-,-,-,Un,-,zinc finger protein 883-like,protein-coding,-,-,-,zinc finger protein 883-like|zinc finger protein 91-like,20210420,-
130825,121160446,LOC121160446,-,-,-,Un,-,zinc finger protein 709,protein-coding,-,-,-,zinc finger protein 709,20210420,-
130825,121160447,LOC121160447,-,-,-,Un,-,zinc finger protein 182-like,protein-coding,-,-,-,zinc finger protein 182-like,20210420,-
130825,121160448,FBXL12,-,-,-,Un,-,F-box and leucine rich repeat protein 12,protein-coding,-,-,-,F-box/LRR-repeat protein 12,20210420,-
130825,121160449,CBX6,-,-,-,Un,-,chromobox 6,protein-coding,-,-,-,chromobox protein homolog 6,20210420,-
130825,121160450,LOC121160450,-,-,-,Un,-,putative zinc finger protein 487,protein-coding,-,-,-,putative zinc finger protein 487,20210420,-
130825,121160451,PIN1,-,-,-,Un,-,"peptidylprolyl cis/trans isomerase, NIMA-interacting 1",protein-coding,-,-,-,peptidyl-prolyl cis-trans isomerase NIMA-interacting 1,20210420,-
130825,121160452,OLFM2,-,-,-,Un,-,olfactomedin 2,protein-coding,-,-,-,noelin-2,20210420,-
130825,121160453,ANGPTL6,-,-,-,Un,-,angiopoietin like 6,protein-coding,-,-,-,angiopoietin-related protein 6,20210420,-
130825,121160454,SHFL,-,-,-,Un,-,shiftless antiviral inhibitor of ribosomal frameshifting,protein-coding,-,-,-,shiftless antiviral inhibitor of ribosomal frameshifting protein,20210420,-
130825,121160455,LOC121160455,-,-,-,Un,-,suppressor of SWI4 1 homolog,protein-coding,-,-,-,suppressor of SWI4 1 homolog,20210420,-
130825,121160456,EIF3G,-,-,-,Un,-,eukaryotic translation initiation factor 3 subunit G,protein-coding,-,-,-,eukaryotic translation initiation factor 3 subunit G,20210420,-
130825,121160457,DNMT1,-,-,-,Un,-,DNA methyltransferase 1,protein-coding,-,-,-,DNA (cytosine-5)-methyltransferase 1,20210420,-
130825,121160458,ICAM5,-,-,-,Un,-,intercellular adhesion molecule 5,protein-coding,-,-,-,intercellular adhesion molecule 5,20210420,-
130825,121160459,ICAM1,-,-,-,Un,-,intercellular adhesion molecule 1,protein-coding,-,-,-,intercellular adhesion molecule 1,20210420,-
130825,121160460,ATF4,-,-,-,Un,-,activating transcription factor 4,protein-coding,-,-,-,cyclic AMP-dependent transcription factor ATF-4,20210420,-
130825,121160461,MRPL4,-,-,-,Un,-,mitochondrial ribosomal protein L4,protein-coding,-,-,-,"39S ribosomal protein L4, mitochondrial",20210420,-
130825,121160462,ICAM4,-,-,-,Un,-,intercellular adhesion molecule 4 (Landsteiner-Wiener blood group),protein-coding,-,-,-,intercellular adhesion molecule 4,20210420,-
130825,121160463,RAVER1,-,-,-,Un,-,"ribonucleoprotein, PTB binding 1",protein-coding,-,-,-,ribonucleoprotein PTB-binding 1,20210420,-
130825,121160464,ICAM3,-,-,-,Un,-,intercellular adhesion molecule 3,protein-coding,-,-,-,intercellular adhesion molecule 3,20210420,-
130825,121160465,TYK2,-,-,-,Un,-,tyrosine kinase 2,protein-coding,-,-,-,non-receptor tyrosine-protein kinase TYK2,20210420,-
130825,121160466,CDC37,-,-,-,Un,-,"cell division cycle 37, HSP90 cochaperone",protein-coding,-,-,-,hsp90 co-chaperone Cdc37,20210420,-
130825,121160467,CBX7,-,-,-,Un,-,chromobox 7,protein-coding,-,-,-,chromobox protein homolog 7,20210420,-
130825,121160468,PDE4A,-,-,-,Un,-,phosphodiesterase 4A,protein-coding,-,-,-,"cAMP-specific 3',5'-cyclic phosphodiesterase 4A",20210420,-
130825,121160469,KEAP1,-,-,-,Un,-,kelch like ECH associated protein 1,protein-coding,-,-,-,kelch-like ECH-associated protein 1,20210420,-
130825,121160470,KRI1,-,-,-,Un,-,KRI1 homolog,protein-coding,-,-,-,protein KRI1 homolog,20210420,-
130825,121160471,ATG4D,-,-,-,Un,-,autophagy related 4D cysteine peptidase,protein-coding,-,-,-,cysteine protease ATG4D,20210420,-
130825,121160472,ILF3,-,-,-,Un,-,interleukin enhancer binding factor 3,protein-coding,-,-,-,interleukin enhancer-binding factor 3,20210420,-
130825,121160473,SLC44A2,-,-,-,Un,-,solute carrier family 44 member 2,protein-coding,-,-,-,choline transporter-like protein 2,20210420,-
130825,121160474,QTRT1,-,-,-,Un,-,queuine tRNA-ribosyltransferase catalytic subunit 1,protein-coding,-,-,-,queuine tRNA-ribosyltransferase catalytic subunit 1,20210420,-
130825,121160475,DNM2,-,-,-,Un,-,dynamin 2,protein-coding,-,-,-,dynamin-2,20210420,-
130825,121160476,CUNH19orf38,-,-,-,Un,-,chromosome unknown C19orf38 homolog,protein-coding,-,-,-,protein HIDE1,20210420,-
130825,121160477,PDGFB,-,-,-,Un,-,platelet derived growth factor subunit B,protein-coding,-,-,-,platelet-derived growth factor subunit B,20210420,-
130825,121160478,CARM1,-,-,-,Un,-,coactivator associated arginine methyltransferase 1,protein-coding,-,-,-,histone-arginine methyltransferase CARM1,20210420,-
130825,121160479,YIPF2,-,-,-,Un,-,Yip1 domain family member 2,protein-coding,-,-,-,protein YIPF2,20210420,-
130825,121160480,SMARCA4,-,-,-,Un,-,"SWI/SNF related, matrix associated, actin dependent regulator of chromatin, subfamily a, member 4",protein-coding,-,-,-,transcription activator BRG1,20210420,-
130825,121160481,LDLR,-,-,-,Un,-,low density lipoprotein receptor,protein-coding,-,-,-,low-density lipoprotein receptor,20210420,-
130825,121160482,DOCK6,-,-,-,Un,-,dedicator of cytokinesis 6,protein-coding,-,-,-,dedicator of cytokinesis protein 6,20210420,-
130825,121160483,SYNGR1,-,-,-,Un,-,synaptogyrin 1,protein-coding,-,-,-,synaptogyrin-1,20210420,-
130825,121160484,ANGPTL8,-,-,-,Un,-,angiopoietin like 8,protein-coding,-,-,-,angiopoietin-like protein 8,20210420,-
130825,121160485,EPOR,-,-,-,Un,-,erythropoietin receptor,protein-coding,-,-,-,erythropoietin receptor,20210420,-
130825,121160486,PLPPR2,-,-,-,Un,-,phospholipid phosphatase related 2,protein-coding,-,-,-,phospholipid phosphatase-related protein type 2,20210420,-
130825,121160487,CCDC159,-,-,-,Un,-,coiled-coil domain containing 159,protein-coding,-,-,-,coiled-coil domain-containing protein 159,20210420,-
130825,121160488,SWSAP1,-,-,-,Un,-,SWIM-type zinc finger 7 associated protein 1,protein-coding,-,-,-,ATPase SWSAP1,20210420,-
130825,121160489,RAB3D,-,-,-,Un,-,"RAB3D, member RAS oncogene family",protein-coding,-,-,-,ras-related protein Rab-3D,20210420,-
130825,121160490,TMEM205,-,-,-,Un,-,transmembrane protein 205,protein-coding,-,-,-,transmembrane protein 205,20210420,-
130825,121160491,ZNF653,-,-,-,Un,-,zinc finger protein 653,protein-coding,-,-,-,zinc finger protein 653,20210420,-
130825,121160492,ODAD3,-,-,-,Un,-,outer dynein arm docking complex subunit 3,protein-coding,-,-,-,outer dynein arm-docking complex subunit 3,20210420,-
130825,121160493,PRKCSH,-,-,-,Un,-,protein kinase C substrate 80K-H,protein-coding,-,-,-,glucosidase 2 subunit beta,20210420,-
130825,121160494,RPS19BP1,-,-,-,Un,-,ribosomal protein S19 binding protein 1,protein-coding,-,-,-,active regulator of SIRT1,20210420,-
130825,121160495,ECSIT,-,-,-,Un,-,ECSIT signaling integrator,protein-coding,-,-,-,"evolutionarily conserved signaling intermediate in Toll pathway, mitochondrial",20210420,-
130825,121160496,ELAVL3,-,-,-,Un,-,ELAV like RNA binding protein 3,protein-coding,-,-,-,ELAV-like protein 3,20210420,-
130825,121160497,ACP5,-,-,-,Un,-,"acid phosphatase 5, tartrate resistant",protein-coding,-,-,-,tartrate-resistant acid phosphatase type 5,20210420,-
130825,121160498,ATP13A1,-,-,-,Un,-,ATPase 13A1,protein-coding,-,-,-,endoplasmic reticulum transmembrane helix translocase,20210420,-
130825,121160499,CILP2,-,-,-,Un,-,cartilage intermediate layer protein 2,protein-coding,-,-,-,cartilage intermediate layer protein 2,20210420,-
130825,121160500,LOC121160500,-,-,-,Un,-,GEM interacting protein,protein-coding,-,-,-,GEM-interacting protein,20210420,-
130825,121160501,LPAR2,-,-,-,Un,-,lysophosphatidic acid receptor 2,protein-coding,-,-,-,lysophosphatidic acid receptor 2,20210420,-
130825,121160502,GATAD2A,-,-,-,Un,-,GATA zinc finger domain containing 2A,protein-coding,-,-,-,transcriptional repressor p66-alpha,20210420,-
130825,121160503,DNAL4,-,-,-,Un,-,dynein axonemal light chain 4,protein-coding,-,-,-,"dynein light chain 4, axonemal",20210420,-
130825,121160504,MAU2,-,-,-,Un,-,MAU2 sister chromatid cohesion factor,protein-coding,-,-,-,MAU2 chromatid cohesion factor homolog,20210420,-
130825,121160505,SUGP1,-,-,-,Un,-,SURP and G-patch domain containing 1,protein-coding,-,-,-,SURP and G-patch domain-containing protein 1,20210420,-
130825,121160506,RFXANK,-,-,-,Un,-,regulatory factor X associated ankyrin containing protein,protein-coding,-,-,-,DNA-binding protein RFXANK,20210420,-
130825,121160507,LOC121160507,-,-,-,Un,-,nuclear receptor 2C2 associated protein,protein-coding,-,-,-,nuclear receptor 2C2-associated protein,20210420,-
130825,121160508,DDX49,-,-,-,Un,-,DEAD-box helicase 49,protein-coding,-,-,-,probable ATP-dependent RNA helicase DDX49,20210420,-
130825,121160509,COPE,-,-,-,Un,-,COPI coat complex subunit epsilon,protein-coding,-,-,-,coatomer subunit epsilon,20210420,-
130825,121160510,UPF1,-,-,-,Un,-,UPF1 RNA helicase and ATPase,protein-coding,-,-,-,regulator of nonsense transcripts 1,20210420,-
130825,121160511,LOC121160511,-,-,-,Un,-,MIEF1 upstream open reading frame protein,protein-coding,-,-,-,MIEF1 upstream open reading frame protein,20210420,-
130825,121160512,LOC121160512,-,-,-,Un,-,small nucleolar RNA SNORD105,snoRNA,-,-,-,-,20210420,-
130825,121160513,LOC121160513,-,-,-,Un,-,small nucleolar RNA U13,pseudo,-,-,-,-,20210420,-
130825,121160514,SERPINI1,-,-,-,Un,-,serpin family I member 1,protein-coding,-,-,-,neuroserpin,20210420,-
130825,121160515,LOC121160515,-,-,-,Un,-,uncharacterized LOC121160515,ncRNA,-,-,-,-,20210420,-
130825,121160516,SERPINI2,-,-,-,Un,-,serpin family I member 2,protein-coding,-,-,-,serpin I2,20210420,-
130825,121160517,LOC121160517,-,-,-,Un,-,mitotic spindle assembly checkpoint protein MAD2A-like,pseudo,-,-,-,-,20210420,-
130825,121160518,LOC121160518,-,-,-,Un,-,40S ribosomal protein SA-like,pseudo,-,-,-,-,20210420,-
130825,121160519,LOC121160519,-,-,-,Un,-,high mobility group protein B1-like,pseudo,-,-,-,-,20210420,-
130825,121160520,WDR49,-,-,-,Un,-,WD repeat domain 49,protein-coding,-,-,-,WD repeat-containing protein 49,20210420,-
130825,121160521,MECOM,-,-,-,Un,-,MDS1 and EVI1 complex locus,protein-coding,-,-,-,histone-lysine N-methyltransferase MECOM,20210420,-
130825,121160522,GRAP2,-,-,-,Un,-,GRB2 related adaptor protein 2,protein-coding,-,-,-,GRB2-related adapter protein 2,20210420,-
130825,121160523,LOC121160523,-,-,-,Un,-,uncharacterized LOC121160523,ncRNA,-,-,-,-,20210420,-
130825,121160524,GOLIM4,-,-,-,Un,-,golgi integral membrane protein 4,protein-coding,-,-,-,Golgi integral membrane protein 4,20210420,-
130825,121160525,PDCD10,-,-,-,Un,-,programmed cell death 10,protein-coding,-,-,-,programmed cell death protein 10,20210420,-
130825,121160526,LOC121160526,-,-,-,Un,-,U2 spliceosomal RNA,pseudo,-,-,-,-,20210420,-
130825,121160527,VWC2L,-,-,-,Un,-,von Willebrand factor C domain containing 2 like,protein-coding,-,-,-,von Willebrand factor C domain-containing protein 2-like,20210420,-
130825,121160528,ABCA12,-,-,-,Un,-,ATP binding cassette subfamily A member 12,protein-coding,-,-,-,ATP-binding cassette sub-family A member 12,20210420,-
130825,121160529,MREG,-,-,-,Un,-,melanoregulin,protein-coding,-,-,-,melanoregulin,20210420,-
130825,121160530,TMEM169,-,-,-,Un,-,transmembrane protein 169,protein-coding,-,-,-,transmembrane protein 169,20210420,-
130825,121160531,RPL37A,-,-,-,Un,-,ribosomal protein L37a,protein-coding,-,-,-,60S ribosomal protein L37a,20210522,-
130825,121160532,IGFBP2,-,-,-,Un,-,insulin like growth factor binding protein 2,protein-coding,-,-,-,insulin-like growth factor-binding protein 2,20210420,-
130825,121160533,TNP1,-,-,-,Un,-,transition protein 1,protein-coding,-,-,-,spermatid nuclear transition protein 1,20210420,-
130825,121160534,VIL1,-,-,-,Un,-,villin 1,protein-coding,-,-,-,villin-1,20210420,-
130825,121160535,PLCD4,-,-,-,Un,-,phospholipase C delta 4,protein-coding,-,-,-,"1-phosphatidylinositol 4,5-bisphosphate phosphodiesterase delta-4",20210420,-
130825,121160536,TNRC6B,-,-,-,Un,-,trinucleotide repeat containing adaptor 6B,protein-coding,-,-,-,trinucleotide repeat-containing gene 6B protein,20210420,-
130825,121160537,LOC121160537,-,-,-,Un,-,"sterol 26-hydroxylase, mitochondrial",protein-coding,-,-,-,"sterol 26-hydroxylase, mitochondrial",20210420,-
130825,121160538,WNT6,-,-,-,Un,-,Wnt family member 6,protein-coding,-,-,-,protein Wnt-6,20210420,-
130825,121160539,WNT10A,-,-,-,Un,-,Wnt family member 10A,protein-coding,-,-,-,protein Wnt-10a,20210420,-
130825,121160540,CDK5R2,-,-,-,Un,-,cyclin dependent kinase 5 regulatory subunit 2,protein-coding,-,-,-,cyclin-dependent kinase 5 activator 2,20210420,-
130825,121160541,FEV,-,-,-,Un,-,"FEV transcription factor, ETS family member",protein-coding,-,-,-,protein FEV,20210420,-
130825,121160542,CRYBA2,-,-,-,Un,-,crystallin beta A2,protein-coding,-,-,-,beta-crystallin A2,20210420,-
130825,121160543,IHH,-,-,-,Un,-,Indian hedgehog signaling molecule,protein-coding,-,-,-,indian hedgehog protein,20210420,-
130825,121160544,DES,-,-,-,Un,-,desmin,protein-coding,-,-,-,desmin,20210420,-
130825,121160545,SPEG,-,-,-,Un,-,striated muscle enriched protein kinase,protein-coding,-,-,-,striated muscle preferentially expressed protein kinase,20210420,-
130825,121160546,ASIC4,-,-,-,Un,-,acid sensing ion channel subunit family member 4,protein-coding,-,-,-,acid-sensing ion channel 4,20210420,-
130825,121160547,TMEM198,-,-,-,Un,-,transmembrane protein 198,protein-coding,-,-,-,transmembrane protein 198,20210420,-
130825,121160548,OBSL1,-,-,-,Un,-,obscurin like cytoskeletal adaptor 1,protein-coding,-,-,-,obscurin-like protein 1,20210420,-
130825,121160549,INHA,-,-,-,Un,-,inhibin subunit alpha,protein-coding,-,-,-,inhibin alpha chain,20210420,-
130825,121160550,LOC121160550,-,-,-,Un,-,PC-esterase domain-containing protein 1A-like,protein-coding,-,-,-,PC-esterase domain-containing protein 1A-like,20210420,-
130825,121160551,SPAG16,-,-,-,Un,-,sperm associated antigen 16,protein-coding,-,-,-,sperm-associated antigen 16 protein,20210420,-
130825,121160552,BARD1,-,-,-,Un,-,BRCA1 associated RING domain 1,protein-coding,-,-,-,BRCA1-associated RING domain protein 1,20210420,-
130825,121160553,LOC121160553,-,-,-,Un,-,ciliogenesis associated TTC17 interacting protein,protein-coding,-,-,-,ciliogenesis-associated TTC17-interacting protein,20210420,-
130825,121160554,LOC121160554,-,-,-,Un,-,60S acidic ribosomal protein P2-like,protein-coding,-,-,-,60S acidic ribosomal protein P2-like,20210420,-
130825,121160555,PRKAG3,-,-,-,Un,-,protein kinase AMP-activated non-catalytic subunit gamma 3,protein-coding,-,-,-,5'-AMP-activated protein kinase subunit gamma-3,20210420,-
130825,121160556,LOC121160556,-,-,-,Un,-,H/ACA ribonucleoprotein complex subunit 2-like,pseudo,-,-,-,-,20210420,-
130825,121160557,CFAP65,-,-,-,Un,-,cilia and flagella associated protein 65,protein-coding,-,-,-,cilia- and flagella-associated protein 65,20210420,-
130825,121160558,RESP18,-,-,-,Un,-,regulated endocrine specific protein 18,protein-coding,-,-,-,regulated endocrine-specific protein 18,20210420,-
130825,121160559,LOC121160559,-,-,-,Un,-,transmembrane protein 163-like,pseudo,-,-,-,-,20210420,-
130825,121160560,ADSL,-,-,-,Un,-,adenylosuccinate lyase,protein-coding,-,-,-,adenylosuccinate lyase,20210420,-
130825,121160561,LOC121160561,-,-,-,Un,-,uncharacterized LOC121160561,pseudo,-,-,-,-,20210420,-
130825,121160562,LOC121160562,-,-,-,Un,-,tubulin alpha-1C chain-like,pseudo,-,-,-,-,20210420,-
130825,121160563,IKZF2,-,-,-,Un,-,IKAROS family zinc finger 2,protein-coding,-,-,-,zinc finger protein Helios,20210420,-
130825,121160564,LOC121160564,-,-,-,Un,-,uncharacterized LOC121160564,ncRNA,-,-,-,-,20210420,-
130825,121160565,LOC121160565,-,-,-,Un,-,phosphoglycerate mutase 1-like,pseudo,-,-,-,-,20210420,-
130825,121160566,ATIC,-,-,-,Un,-,5-aminoimidazole-4-carboxamide ribonucleotide formyltransferase/IMP cyclohydrolase,protein-coding,-,-,-,bifunctional purine biosynthesis protein ATIC,20210420,-
130825,121160567,FN1,-,-,-,Un,-,fibronectin 1,protein-coding,-,-,-,fibronectin,20210420,-
130825,121160568,MRTFA,-,-,-,Un,-,myocardin related transcription factor A,protein-coding,-,-,-,myocardin-related transcription factor A,20210420,-
130825,121160569,PECR,-,-,-,Un,-,peroxisomal trans-2-enoyl-CoA reductase,protein-coding,-,-,-,peroxisomal trans-2-enoyl-CoA reductase,20210420,-
130825,121160570,SGSM3,-,-,-,Un,-,small G protein signaling modulator 3,protein-coding,-,-,-,small G protein signaling modulator 3,20210420,-
130825,121160571,XRCC5,-,-,-,Un,-,X-ray repair cross complementing 5,protein-coding,-,-,-,X-ray repair cross-complementing protein 5,20210420,-
130825,121160572,MARCHF4,-,-,-,Un,-,membrane associated ring-CH-type finger 4,protein-coding,-,-,-,E3 ubiquitin-protein ligase MARCHF4,20210420,-
130825,121160573,SMARCAL1,-,-,-,Un,-,"SWI/SNF related, matrix associated, actin dependent regulator of chromatin, subfamily a like 1",protein-coding,-,-,-,SWI/SNF-related matrix-associated actin-dependent regulator of chromatin subfamily A-like protein 1,20210420,-
130825,121160574,IGFBP5,-,-,-,Un,-,insulin like growth factor binding protein 5,protein-coding,-,-,-,insulin-like growth factor-binding protein 5,20210420,-
130825,121160575,TNS1,-,-,-,Un,-,tensin 1,protein-coding,-,-,-,tensin-1,20210420,-
130825,121160576,RUFY4,-,-,-,Un,-,RUN and FYVE domain containing 4,protein-coding,-,-,-,RUN and FYVE domain-containing protein 4,20210420,-
130825,121160577,CXCR2,-,-,-,Un,-,C-X-C motif chemokine receptor 2,protein-coding,-,-,-,C-X-C chemokine receptor type 2,20210420,-
130825,121160578,LOC121160578,-,-,-,Un,-,C-X-C chemokine receptor type 1-like,protein-coding,-,-,-,C-X-C chemokine receptor type 1-like,20210420,-
130825,121160579,ARPC2,-,-,-,Un,-,actin related protein 2/3 complex subunit 2,protein-coding,-,-,-,actin-related protein 2/3 complex subunit 2,20210501,-
130825,121160580,LOC121160580,-,-,-,Un,-,angio associated migratory cell protein,protein-coding,-,-,-,angio-associated migratory cell protein,20210420,-
130825,121160581,GPBAR1,-,-,-,Un,-,G protein-coupled bile acid receptor 1,protein-coding,-,-,-,G-protein coupled bile acid receptor 1,20210420,-
130825,121160582,PNKD,-,-,-,Un,-,PNKD metallo-beta-lactamase domain containing,protein-coding,-,-,-,probable hydrolase PNKD,20210420,-
130825,121160583,TMBIM1,-,-,-,Un,-,transmembrane BAX inhibitor motif containing 1,protein-coding,-,-,-,protein lifeguard 3,20210420,-
130825,121160584,SLC11A1,-,-,-,Un,-,solute carrier family 11 member 1,protein-coding,-,-,-,natural resistance-associated macrophage protein 1,20210420,-
130825,121160585,CTDSP1,-,-,-,Un,-,CTD small phosphatase 1,protein-coding,-,-,-,carboxy-terminal domain RNA polymerase II polypeptide A small phosphatase 1,20210420,-
130825,121160586,USP37,-,-,-,Un,-,ubiquitin specific peptidase 37,protein-coding,-,-,-,ubiquitin carboxyl-terminal hydrolase 37,20210420,-
130825,121160587,CNOT9,-,-,-,Un,-,CCR4-NOT transcription complex subunit 9,protein-coding,-,-,-,CCR4-NOT transcription complex subunit 9,20210529,-
130825,121160588,ZNF142,-,-,-,Un,-,zinc finger protein 142,protein-coding,-,-,-,zinc finger protein 142,20210420,-
130825,121160589,LOC121160589,-,-,-,Un,-,mitochondrial chaperone BCS1,protein-coding,-,-,-,mitochondrial chaperone BCS1,20210420,-
130825,121160590,LOC121160590,-,-,-,Un,-,uncharacterized LOC121160590,ncRNA,-,-,-,-,20210420,-
130825,121160591,RNF25,-,-,-,Un,-,ring finger protein 25,protein-coding,-,-,-,E3 ubiquitin-protein ligase RNF25,20210420,-
130825,121160592,STK36,-,-,-,Un,-,serine/threonine kinase 36,protein-coding,-,-,-,serine/threonine-protein kinase 36,20210420,-
130825,121160593,TTLL4,-,-,-,Un,-,tubulin tyrosine ligase like 4,protein-coding,-,-,-,tubulin polyglutamylase TTLL4,20210420,-
130825,121160594,NHEJ1,-,-,-,Un,-,non-homologous end joining factor 1,protein-coding,-,-,-,non-homologous end-joining factor 1,20210420,-
130825,121160595,LOC121160595,-,-,-,Un,-,uncharacterized LOC121160595,ncRNA,-,-,-,-,20210420,-
130825,121160596,RETREG2,-,-,-,Un,-,reticulophagy regulator family member 2,protein-coding,-,-,-,reticulophagy regulator 2,20210420,-
130825,121160597,CNPPD1,-,-,-,Un,-,cyclin Pas1/PHO80 domain containing 1,protein-coding,-,-,-,protein CNPPD1,20210420,-
130825,121160598,ABCB6,-,-,-,Un,-,ATP binding cassette subfamily B member 6 (Langereis blood group),protein-coding,-,-,-,"ATP-binding cassette sub-family B member 6, mitochondrial",20210420,-
130825,121160599,XPNPEP3,-,-,-,Un,-,X-prolyl aminopeptidase 3,protein-coding,-,-,-,xaa-Pro aminopeptidase 3,20210420,-
130825,121160600,ATG9A,-,-,-,Un,-,autophagy related 9A,protein-coding,-,-,-,autophagy-related protein 9A,20210420,-
130825,121160601,ZFAND2B,-,-,-,Un,-,zinc finger AN1-type containing 2B,protein-coding,-,-,-,AN1-type zinc finger protein 2B,20210420,-
130825,121160602,ANKZF1,-,-,-,Un,-,ankyrin repeat and zinc finger peptidyl tRNA hydrolase 1,protein-coding,-,-,-,ankyrin repeat and zinc finger domain-containing protein 1,20210420,-
130825,121160603,GLB1L,-,-,-,Un,-,galactosidase beta 1 like,protein-coding,-,-,-,beta-galactosidase-1-like protein,20210420,-
130825,121160604,ST13,-,-,-,Un,-,ST13 Hsp70 interacting protein,protein-coding,-,-,-,hsc70-interacting protein,20210420,-
130825,121160605,TUBA4A,-,-,-,Un,-,tubulin alpha 4a,protein-coding,-,-,-,tubulin alpha-4A chain,20210424,-
130825,121160606,STK16,-,-,-,Un,-,serine/threonine kinase 16,protein-coding,-,-,-,serine/threonine-protein kinase 16,20210420,-
130825,121160607,PTPRN,-,-,-,Un,-,protein tyrosine phosphatase receptor type N,protein-coding,-,-,-,receptor-type tyrosine-protein phosphatase-like N,20210420,-
130825,121160608,DNAJB2,-,-,-,Un,-,DnaJ heat shock protein family (Hsp40) member B2,protein-coding,-,-,-,dnaJ homolog subfamily B member 2,20210420,-
130825,121160609,LOC121160609,-,-,-,Un,-,aspartyl aminopeptidase,protein-coding,-,-,-,aspartyl aminopeptidase,20210529,-
130825,121160610,GMPPA,-,-,-,Un,-,GDP-mannose pyrophosphorylase A,protein-coding,-,-,-,mannose-1-phosphate guanyltransferase alpha,20210420,-
130825,121160611,CHPF,-,-,-,Un,-,chondroitin polymerizing factor,protein-coding,-,-,-,chondroitin sulfate synthase 2,20210420,-
130825,121160612,DNAJB7,-,-,-,Un,-,DnaJ heat shock protein family (Hsp40) member B7,protein-coding,-,-,-,dnaJ homolog subfamily B member 7,20210420,-
130825,121160613,LOC121160613,-,-,-,Un,-,serine/threonine kinase 11 interacting protein,protein-coding,-,-,-,serine/threonine-protein kinase 11-interacting protein,20210420,-
130825,121160614,SLC4A3,-,-,-,Un,-,solute carrier family 4 member 3,protein-coding,-,-,-,anion exchange protein 3,20210420,-
130825,121160615,EPHA4,-,-,-,Un,-,EPH receptor A4,protein-coding,-,-,-,ephrin type-A receptor 4,20210420,-
130825,121160616,LOC121160616,-,-,-,Un,-,uncharacterized LOC121160616,ncRNA,-,-,-,-,20210420,-
130825,121160617,LOC121160617,-,-,-,Un,-,U6 spliceosomal RNA,pseudo,-,-,-,-,20210420,-
130825,121160618,LOC121160618,-,-,-,Un,-,small nucleolar RNA SNORA36 family,snoRNA,-,-,-,-,20210420,-
130825,121160619,LOC121160619,-,-,-,Un,-,U4 spliceosomal RNA,pseudo,-,-,-,-,20210420,-
130825,121160620,LOC121160620,-,-,-,Un,-,U4 spliceosomal RNA,snRNA,-,-,-,-,20210420,-
130825,121160621,LOC121160621,-,-,-,Un,-,U6 spliceosomal RNA,snRNA,-,-,-,-,20210420,-
130825,121160622,LOC121160622,-,-,-,Un,-,ubiquitin-conjugating enzyme E2 L3-like,pseudo,-,-,-,-,20210420,-
130825,121160623,IGSF5,-,-,-,Un,-,immunoglobulin superfamily member 5,protein-coding,-,-,-,immunoglobulin superfamily member 5,20210420,-
130825,121160624,SLC25A17,-,-,-,Un,-,solute carrier family 25 member 17,protein-coding,-,-,-,peroxisomal membrane protein PMP34,20210420,-
130825,121160625,PCP4,-,-,-,Un,-,Purkinje cell protein 4,protein-coding,-,-,-,calmodulin regulator protein PCP4,20210420,-
130825,121160626,LOC121160626,-,-,-,Un,-,uncharacterized LOC121160626,ncRNA,-,-,-,-,20210420,-
130825,121160627,TFF1,-,-,-,Un,-,trefoil factor 1,protein-coding,-,-,-,trefoil factor 1,20210420,-
130825,121160628,TMPRSS3,-,-,-,Un,-,transmembrane serine protease 3,protein-coding,-,-,-,transmembrane protease serine 3,20210420,-
130825,121160629,RSPH1,-,-,-,Un,-,radial spoke head component 1,protein-coding,-,-,-,radial spoke head 1 homolog,20210420,-
130825,121160630,CRYAA,-,-,-,Un,-,crystallin alpha A,protein-coding,-,-,-,alpha-crystallin A chain,20210420,-
130825,121160631,RBX1,-,-,-,Un,-,ring-box 1,protein-coding,-,-,-,E3 ubiquitin-protein ligase RBX1,20210522,-
130825,121160632,LOC121160632,-,-,-,Un,-,uncharacterized LOC121160632,ncRNA,-,-,-,-,20210420,-
130825,121160633,ADARB1,-,-,-,Un,-,adenosine deaminase RNA specific B1,protein-coding,-,-,-,double-stranded RNA-specific editase 1,20210420,-
130825,121160634,COL6A2,-,-,-,Un,-,collagen type VI alpha 2 chain,protein-coding,-,-,-,collagen alpha-2(VI) chain,20210420,-
130825,121160635,FTCD,-,-,-,Un,-,formimidoyltransferase cyclodeaminase,protein-coding,-,-,-,formimidoyltransferase-cyclodeaminase,20210420,-
130825,121160636,S100B,-,-,-,Un,-,S100 calcium binding protein B,protein-coding,-,-,-,protein S100-B,20210420,-
130825,121160637,B3GALT5,-,-,-,Un,-,"beta-1,3-galactosyltransferase 5",protein-coding,-,-,-,"beta-1,3-galactosyltransferase 5",20210420,-
130825,121160638,TMPRSS2,-,-,-,Un,-,transmembrane serine protease 2,protein-coding,-,-,-,transmembrane protease serine 2,20210420,-
130825,121160639,C2CD2,-,-,-,Un,-,C2 calcium dependent domain containing 2,protein-coding,-,-,-,C2 domain-containing protein 2,20210420,-
130825,121160640,UMODL1,-,-,-,Un,-,uromodulin like 1,protein-coding,-,-,-,uromodulin-like 1,20210420,-
130825,121160641,TFF3,-,-,-,Un,-,trefoil factor 3,protein-coding,-,-,-,trefoil factor 3,20210420,-
130825,121160642,EP300,-,-,-,Un,-,E1A binding protein p300,protein-coding,-,-,-,histone acetyltransferase p300,20210420,-
130825,121160643,TFF2,-,-,-,Un,-,trefoil factor 2,protein-coding,-,-,-,trefoil factor 2,20210420,-
130825,121160644,LOC121160644,-,-,-,Un,-,heat shock transcription factor 2 binding protein,protein-coding,-,-,-,heat shock factor 2-binding protein,20210420,-
130825,121160645,RRP1B,-,-,-,Un,-,ribosomal RNA processing 1B,protein-coding,-,-,-,ribosomal RNA processing protein 1 homolog B,20210420,-
130825,121160646,DNMT3L,-,-,-,Un,-,DNA methyltransferase 3 like,protein-coding,-,-,-,DNA (cytosine-5)-methyltransferase 3-like,20210420,-
130825,121160647,AIRE,-,-,-,Un,-,autoimmune regulator,protein-coding,-,-,-,autoimmune regulator,20210420,-
130825,121160648,COL18A1,-,-,-,Un,-,collagen type XVIII alpha 1 chain,protein-coding,-,-,-,LOW QUALITY PROTEIN: collagen alpha-1(XVIII) chain,20210420,-
130825,121160649,LOC121160649,-,-,-,Un,-,lathosterol oxidase-like,pseudo,-,-,-,-,20210420,-
130825,121160650,CUNH21orf58,-,-,-,Un,-,chromosome unknown C21orf58 homolog,protein-coding,-,-,-,uncharacterized protein C21orf58 homolog,20210420,-
130825,121160651,LOC121160651,-,-,-,Un,-,disintegrin and metalloproteinase domain-containing protein 29-like,protein-coding,-,-,-,LOW QUALITY PROTEIN: disintegrin and metalloproteinase domain-containing protein 29-like,20210420,-
130825,121160652,KCNJ15,-,-,-,Un,-,potassium inwardly rectifying channel subfamily J member 15,protein-coding,-,-,-,ATP-sensitive inward rectifier potassium channel 15,20210420,-
130825,121160653,ERG,-,-,-,Un,-,ETS transcription factor ERG,protein-coding,-,-,-,transcriptional regulator ERG,20210420,-
130825,121160654,ETS2,-,-,-,Un,-,"ETS proto-oncogene 2, transcription factor",protein-coding,-,-,-,protein C-ets-2,20210420,-
130825,121160655,PSMG1,-,-,-,Un,-,proteasome assembly chaperone 1,protein-coding,-,-,-,proteasome assembly chaperone 1,20210420,-
130825,121160656,BRWD1,-,-,-,Un,-,bromodomain and WD repeat domain containing 1,protein-coding,-,-,-,bromodomain and WD repeat-containing protein 1,20210420,-
130825,121160657,HMGN1,-,-,-,Un,-,high mobility group nucleosome binding domain 1,protein-coding,-,-,-,non-histone chromosomal protein HMG-14,20210420,-
130825,121160658,LCA5L,-,-,-,Un,-,lebercilin LCA5 like,protein-coding,-,-,-,lebercilin-like protein,20210420,-
130825,121160659,LOC121160659,-,-,-,Un,-,SH3 domain-binding glutamic acid-rich protein-like,protein-coding,-,-,-,SH3 domain-binding glutamic acid-rich protein-like,20210420,-
130825,121160660,GET1,-,-,-,Un,-,guided entry of tail-anchored proteins factor 1,protein-coding,-,-,-,guided entry of tail-anchored proteins factor 1,20210420,-
130825,121160661,DSCAM,-,-,-,Un,-,DS cell adhesion molecule,protein-coding,-,-,-,Down syndrome cell adhesion molecule,20210420,-
130825,121160662,RIPK4,-,-,-,Un,-,receptor interacting serine/threonine kinase 4,protein-coding,-,-,-,receptor-interacting serine/threonine-protein kinase 4,20210420,-
130825,121160663,LOC121160663,-,-,-,Un,-,interferon-induced GTP-binding protein Mx2-like,protein-coding,-,-,-,interferon-induced GTP-binding protein Mx2-like,20210420,-
130825,121160664,L3MBTL2,-,-,-,Un,-,L3MBTL histone methyl-lysine binding protein 2,protein-coding,-,-,-,lethal(3)malignant brain tumor-like protein 2,20210420,-
130825,121160665,LOC121160665,-,-,-,Un,-,interferon-induced GTP-binding protein Mx1-like,protein-coding,-,-,-,interferon-induced GTP-binding protein Mx1-like,20210420,-
130825,121160666,LOC121160666,-,-,-,Un,-,interferon-induced GTP-binding protein Mx1-like,protein-coding,-,-,-,interferon-induced GTP-binding protein Mx1-like,20210420,-
130825,121160667,BACE2,-,-,-,Un,-,beta-secretase 2,protein-coding,-,-,-,beta-secretase 2,20210420,-
130825,121160668,FAM3B,-,-,-,Un,-,FAM3 metabolism regulating signaling molecule B,protein-coding,-,-,-,protein FAM3B,20210420,-
130825,121160669,PRDM15,-,-,-,Un,-,PR/SET domain 15,protein-coding,-,-,-,PR domain zinc finger protein 15,20210420,-
130825,121160670,ZBTB21,-,-,-,Un,-,zinc finger and BTB domain containing 21,protein-coding,-,-,-,zinc finger and BTB domain-containing protein 21,20210420,-
130825,121160671,ABCG1,-,-,-,Un,-,ATP binding cassette subfamily G member 1,protein-coding,-,-,-,ATP-binding cassette sub-family G member 1,20210420,-
130825,121160672,RANGAP1,-,-,-,Un,-,Ran GTPase activating protein 1,protein-coding,-,-,-,ran GTPase-activating protein 1,20210420,-
130825,121160673,UBASH3A,-,-,-,Un,-,ubiquitin associated and SH3 domain containing A,protein-coding,-,-,-,ubiquitin-associated and SH3 domain-containing protein A,20210420,-
130825,121160674,SLC37A1,-,-,-,Un,-,solute carrier family 37 member 1,protein-coding,-,-,-,glucose-6-phosphate exchanger SLC37A1,20210420,-
130825,121160675,PDE9A,-,-,-,Un,-,phosphodiesterase 9A,protein-coding,-,-,-,"high affinity cGMP-specific 3',5'-cyclic phosphodiesterase 9A",20210420,-
130825,121160676,WDR4,-,-,-,Un,-,WD repeat domain 4,protein-coding,-,-,-,tRNA (guanine-N(7)-)-methyltransferase non-catalytic subunit WDR4,20210420,-
130825,121160677,NDUFV3,-,-,-,Un,-,NADH:ubiquinone oxidoreductase subunit V3,protein-coding,-,-,-,"NADH dehydrogenase [ubiquinone] flavoprotein 3, mitochondrial",20210420,-
130825,121160678,PKNOX1,-,-,-,Un,-,PBX/knotted 1 homeobox 1,protein-coding,-,-,-,homeobox protein PKNOX1,20210420,-
130825,121160679,TTC1,-,-,-,Un,-,tetratricopeptide repeat domain 1,protein-coding,-,-,-,tetratricopeptide repeat protein 1,20210420,-
130825,121160680,ZC3H7B,-,-,-,Un,-,zinc finger CCCH-type containing 7B,protein-coding,-,-,-,zinc finger CCCH domain-containing protein 7B,20210420,-
130825,121160681,CBS,-,-,-,Un,-,cystathionine beta-synthase,protein-coding,-,-,-,cystathionine beta-synthase,20210420,-
130825,121160682,U2AF1,-,-,-,Un,-,U2 small nuclear RNA auxiliary factor 1,protein-coding,-,-,-,splicing factor U2AF 35 kDa subunit,20210605,-
130825,121160683,SIK1,-,-,-,Un,-,salt inducible kinase 1,protein-coding,-,-,-,serine/threonine-protein kinase SIK1,20210420,-
130825,121160684,PDXK,-,-,-,Un,-,pyridoxal kinase,protein-coding,-,-,-,pyridoxal kinase,20210420,-
130825,121160685,CSTB,-,-,-,Un,-,cystatin B,protein-coding,-,-,-,cystatin-B,20210420,-
130825,121160686,RRP1,-,-,-,Un,-,ribosomal RNA processing 1,protein-coding,-,-,-,ribosomal RNA processing protein 1 homolog A,20210420,-
130825,121160687,TEF,-,-,-,Un,-,"TEF transcription factor, PAR bZIP family member",protein-coding,-,-,-,thyrotroph embryonic factor,20210420,-
130825,121160688,AGPAT3,-,-,-,Un,-,1-acylglycerol-3-phosphate O-acyltransferase 3,protein-coding,-,-,-,1-acyl-sn-glycerol-3-phosphate acyltransferase gamma,20210420,-
130825,121160689,LOC121160689,-,-,-,Un,-,cell growth-regulating nucleolar protein-like,pseudo,-,-,-,-,20210420,-
130825,121160690,TRAPPC10,-,-,-,Un,-,trafficking protein particle complex subunit 10,protein-coding,-,-,-,trafficking protein particle complex subunit 10,20210420,-
130825,121160691,PWP2,-,-,-,Un,-,PWP2 small subunit processome component,protein-coding,-,-,-,periodic tryptophan protein 2 homolog,20210420,-
130825,121160692,GATD3A,-,-,-,Un,-,glutamine amidotransferase class 1 domain containing 3A,protein-coding,-,-,-,"glutamine amidotransferase-like class 1 domain-containing protein 3A, mitochondrial",20210420,-
130825,121160693,ICOSLG,-,-,-,Un,-,inducible T cell costimulator ligand,protein-coding,-,-,-,ICOS ligand,20210420,-
130825,121160694,PFKL,-,-,-,Un,-,"phosphofructokinase, liver type",protein-coding,-,-,-,"ATP-dependent 6-phosphofructokinase, liver type",20210420,-
130825,121160695,CFAP410,-,-,-,Un,-,cilia and flagella associated protein 410,protein-coding,-,-,-,cilia- and flagella-associated protein 410,20210420,-
130825,121160696,TRPM2,-,-,-,Un,-,transient receptor potential cation channel subfamily M member 2,protein-coding,-,-,-,transient receptor potential cation channel subfamily M member 2,20210420,-
130825,121160697,TSPEAR,-,-,-,Un,-,thrombospondin type laminin G domain and EAR repeats,protein-coding,-,-,-,thrombospondin-type laminin G domain and EAR repeat-containing protein,20210420,-
130825,121160698,LOC121160698,-,-,-,Un,-,keratin-associated protein 10-3-like,protein-coding,-,-,-,keratin-associated protein 10-1-like|keratin-associated protein 10-12-like|keratin-associated protein 10-3-like|keratin-associated protein 10-7-like,20210420,-
130825,121160699,LOC121160699,-,-,-,Un,-,keratin-associated protein 10-2-like,protein-coding,-,-,-,keratin-associated protein 10-1-like|keratin-associated protein 10-12-like|keratin-associated protein 10-2-like|keratin-associated protein 10-3-like,20210420,-
130825,121160700,LOC121160700,-,-,-,Un,-,keratin-associated protein 10-12-like,protein-coding,-,-,-,keratin-associated protein 10-12-like|keratin-associated protein 10-7-like,20210420,-
130825,121160701,LRRC3,-,-,-,Un,-,leucine rich repeat containing 3,protein-coding,-,-,-,leucine-rich repeat-containing protein 3,20210420,-
130825,121160702,LOC121160702,-,-,-,Un,-,keratin-associated protein 10-12-like,protein-coding,-,-,-,keratin-associated protein 10-1-like|keratin-associated protein 10-12-like,20210420,-
130825,121160703,LOC121160703,-,-,-,Un,-,keratin-associated protein 10-8-like,protein-coding,-,-,-,keratin-associated protein 10-8-like,20210420,-
130825,121160704,LOC121160704,-,-,-,Un,-,keratin-associated protein 10-12-like,protein-coding,-,-,-,keratin-associated protein 10-12-like,20210420,-
130825,121160705,LOC121160705,-,-,-,Un,-,keratin-associated protein 10-9-like,protein-coding,-,-,-,keratin-associated protein 10-9-like,20210420,-
130825,121160706,TOB2,-,-,-,Un,-,"transducer of ERBB2, 2",protein-coding,-,-,-,protein Tob2,20210420,-
130825,121160707,LOC121160707,-,-,-,Un,-,keratin-associated protein 10-9-like,protein-coding,-,-,-,keratin-associated protein 10-9-like,20210420,-
130825,121160708,LOC121160708,-,-,-,Un,-,keratin-associated protein 10-12-like,protein-coding,-,-,-,keratin-associated protein 10-12-like,20210420,-
130825,121160709,LOC121160709,-,-,-,Un,-,keratin-associated protein 10-12-like,protein-coding,-,-,-,keratin-associated protein 10-12-like,20210420,-
130825,121160710,LOC121160710,-,-,-,Un,-,keratin-associated protein 10-2-like,protein-coding,-,-,-,keratin-associated protein 10-12-like|keratin-associated protein 10-2-like|keratin-associated protein 10-7-like,20210420,-
130825,121160711,UBE2G2,-,-,-,Un,-,ubiquitin conjugating enzyme E2 G2,protein-coding,-,-,-,ubiquitin-conjugating enzyme E2 G2,20210420,-
130825,121160712,SUMO3,-,-,-,Un,-,small ubiquitin like modifier 3,protein-coding,-,-,-,small ubiquitin-related modifier 3,20210420,-
130825,121160713,LOC121160713,-,-,-,Un,-,keratin-associated protein 12-1-like,protein-coding,-,-,-,keratin-associated protein 12-1-like,20210420,-
130825,121160714,ITGB2,-,-,-,Un,-,integrin subunit beta 2,protein-coding,-,-,-,integrin beta-2,20210420,-
130825,121160715,PHF5A,-,-,-,Un,-,PHD finger protein 5A,protein-coding,-,-,-,PHD finger-like domain-containing protein 5A,20210501,-
130825,121160716,LOC121160716,-,-,-,Un,-,PTTG1 interacting protein,protein-coding,-,-,-,pituitary tumor-transforming gene 1 protein-interacting protein,20210420,-
130825,121160717,LOC121160717,-,-,-,Un,-,uncharacterized LOC121160717,ncRNA,-,-,-,-,20210420,-
130825,121160718,FAM207A,-,-,-,Un,-,family with sequence similarity 207 member A,protein-coding,-,-,-,protein FAM207A,20210420,-
130825,121160719,POFUT2,-,-,-,Un,-,protein O-fucosyltransferase 2,protein-coding,-,-,-,GDP-fucose protein O-fucosyltransferase 2,20210420,-
130825,121160720,COL6A1,-,-,-,Un,-,collagen type VI alpha 1 chain,protein-coding,-,-,-,collagen alpha-1(VI) chain,20210420,-
130825,121160721,SLC19A1,-,-,-,Un,-,solute carrier family 19 member 1,protein-coding,-,-,-,reduced folate transporter,20210420,-
130825,121160722,ACO2,-,-,-,Un,-,aconitase 2,protein-coding,-,-,-,"aconitate hydratase, mitochondrial",20210420,-
130825,121160723,PCBP3,-,-,-,Un,-,poly(rC) binding protein 3,protein-coding,-,-,-,poly(rC)-binding protein 3,20210420,-
130825,121160724,LOC121160724,-,-,-,Un,-,uncharacterized LOC121160724,ncRNA,-,-,-,-,20210420,-
130825,121160725,LSS,-,-,-,Un,-,lanosterol synthase,protein-coding,-,-,-,lanosterol synthase,20210420,-
130825,121160726,SPATC1L,-,-,-,Un,-,spermatogenesis and centriole associated 1 like,protein-coding,-,-,-,speriolin-like protein,20210420,-
130825,121160727,LOC121160727,-,-,-,Un,-,uncharacterized LOC121160727,ncRNA,-,-,-,-,20210420,-
130825,121160728,POLR3H,-,-,-,Un,-,RNA polymerase III subunit H,protein-coding,-,-,-,DNA-directed RNA polymerase III subunit RPC8,20210420,-
130825,121160729,LOC121160729,-,-,-,Un,-,minichromosome maintenance complex component 3 associated protein,protein-coding,-,-,-,germinal-center associated nuclear protein,20210420,-
130825,121160730,YBEY,-,-,-,Un,-,ybeY metalloendoribonuclease,protein-coding,-,-,-,endoribonuclease YbeY,20210420,-
130825,121160731,PCNT,-,-,-,Un,-,pericentrin,protein-coding,-,-,-,pericentrin,20210420,-
130825,121160732,DIP2A,-,-,-,Un,-,disco interacting protein 2 homolog A,protein-coding,-,-,-,disco-interacting protein 2 homolog A,20210420,-
130825,121160733,LOC121160733,-,-,-,Un,-,uncharacterized LOC121160733,ncRNA,-,-,-,-,20210420,-
130825,121160734,PRMT2,-,-,-,Un,-,protein arginine methyltransferase 2,protein-coding,-,-,-,protein arginine N-methyltransferase 2,20210420,-
130825,121160735,LOC121160735,-,-,-,Un,-,U2 spliceosomal RNA,pseudo,-,-,-,-,20210420,-
130825,121160736,LOC121160736,-,-,-,Un,-,U6 spliceosomal RNA,snRNA,-,-,-,-,20210420,-
130825,121160737,LOC121160737,-,-,-,Un,-,Z6 small nucleolar RNA,snoRNA,-,-,-,-,20210420,-
130825,121160738,LOC121160738,-,-,-,Un,-,disintegrin and metalloproteinase domain-containing protein 25-like,protein-coding,-,-,-,disintegrin and metalloproteinase domain-containing protein 25-like,20210420,-
130825,121160739,LOC121160739,-,-,-,Un,-,"ATP synthase membrane subunit K, mitochondrial-like",pseudo,-,-,-,-,20210420,-
130825,121160740,LOC121160740,-,-,-,Un,-,protein-associating with the carboxyl-terminal domain of ezrin-like,pseudo,-,-,-,-,20210420,-
130825,121160741,METTL18,-,-,-,Un,-,methyltransferase like 18,protein-coding,-,-,-,histidine protein methyltransferase 1 homolog,20210420,-
130825,121160742,DESI1,-,-,-,Un,-,desumoylating isopeptidase 1,protein-coding,-,-,-,desumoylating isopeptidase 1,20210420,-
130825,121160743,NTMT2,-,METTL11B,-,Un,-,N-terminal Xaa-Pro-Lys N-methyltransferase 2,protein-coding,-,-,-,alpha N-terminal protein methyltransferase 1B|methyltransferase like 11B,20210519,-
130825,121160744,PRRX1,-,-,-,Un,-,paired related homeobox 1,protein-coding,-,-,-,paired mesoderm homeobox protein 1,20210420,-
130825,121160745,LOC121160745,-,-,-,Un,-,dimethylaniline monooxygenase [N-oxide-forming] 3,protein-coding,-,-,-,dimethylaniline monooxygenase [N-oxide-forming] 3,20210420,-
130825,121160746,LOC121160746,-,-,-,Un,-,uncharacterized LOC121160746,ncRNA,-,-,-,-,20210420,-
130825,121160747,LOC121160747,-,-,-,Un,-,uncharacterized LOC121160747,protein-coding,-,-,-,uncharacterized protein LOC121160747,20210420,-
130825,121160748,UBLCP1,-,-,-,Un,-,ubiquitin like domain containing CTD phosphatase 1,protein-coding,-,-,-,ubiquitin-like domain-containing CTD phosphatase 1,20210420,-
130825,121160749,SELE,-,-,-,Un,-,selectin E,protein-coding,-,-,-,LOW QUALITY PROTEIN: E-selectin,20210420,-
130825,121160750,LOC121160750,-,-,-,Un,-,60S acidic ribosomal protein P0-like,pseudo,-,-,-,-,20210420,-
130825,121160751,MROH9,-,-,-,Un,-,maestro heat like repeat family member 9,protein-coding,-,-,-,maestro heat-like repeat-containing protein family member 9,20210420,-
130825,121160752,LOC121160752,-,-,-,Un,-,putative dimethylaniline monooxygenase [N-oxide-forming] 6,pseudo,-,-,-,-,20210420,-
130825,121160753,CCDC181,-,-,-,Un,-,coiled-coil domain containing 181,protein-coding,-,-,-,coiled-coil domain-containing protein 181,20210420,-
130825,121160754,SLC19A2,-,-,-,Un,-,solute carrier family 19 member 2,protein-coding,-,-,-,thiamine transporter 1,20210420,-
130825,121160755,F5,-,-,-,Un,-,coagulation factor V,protein-coding,-,-,-,coagulation factor V,20210420,-
130825,121160756,XRCC6,-,-,-,Un,-,X-ray repair cross complementing 6,protein-coding,-,-,-,X-ray repair cross-complementing protein 6,20210420,-
130825,121160757,LOC121160757,-,-,-,Un,-,selectin P,protein-coding,-,-,-,P-selectin,20210420,-
130825,121160758,SELL,-,-,-,Un,-,selectin L,protein-coding,-,-,-,L-selectin,20210420,-
130825,121160759,CUNH1orf112,-,-,-,Un,-,chromosome unknown C1orf112 homolog,protein-coding,-,-,-,uncharacterized protein C1orf112 homolog,20210420,-
130825,121160760,SCYL3,-,-,-,Un,-,SCY1 like pseudokinase 3,protein-coding,-,-,-,protein-associating with the carboxyl-terminal domain of ezrin,20210420,-
130825,121160761,KIFAP3,-,-,-,Un,-,kinesin associated protein 3,protein-coding,-,-,-,kinesin-associated protein 3,20210420,-
130825,121160762,GORAB,-,-,-,Un,-,"golgin, RAB6 interacting",protein-coding,-,-,-,RAB6-interacting golgin,20210420,-
130825,121160763,FMO2,-,-,-,Un,-,flavin containing dimethylaniline monoxygenase 2,protein-coding,-,-,-,dimethylaniline monooxygenase [N-oxide-forming] 2,20210420,-
130825,121160764,SNU13,-,-,-,Un,-,small nuclear ribonucleoprotein 13,protein-coding,-,-,-,NHP2-like protein 1,20210425,-
130825,121160765,LOC121160765,-,-,-,Un,-,U2 spliceosomal RNA,pseudo,-,-,-,-,20210420,-
130825,121160766,LOC121160766,-,-,-,Un,-,U6 spliceosomal RNA,pseudo,-,-,-,-,20210420,-
130825,121160767,LOC121160767,-,-,-,Un,-,uncharacterized LOC121160767,ncRNA,-,-,-,-,20210420,-
130825,121160768,LOC121160768,-,-,-,Un,-,microtubule-associated protein RP/EB family member 1-like,pseudo,-,-,-,-,20210420,-
130825,121160769,LOC121160769,-,-,-,Un,-,ankyrin repeat domain-containing protein 26-like,protein-coding,-,-,-,ankyrin repeat domain-containing protein 26-like,20210420,-
130825,121160770,LOC121160770,-,-,-,Un,-,U6 spliceosomal RNA,pseudo,-,-,-,-,20210420,-
130825,121160771,CDC27,-,-,-,Un,-,cell division cycle 27,protein-coding,-,-,-,cell division cycle protein 27 homolog,20210420,-
130825,121160772,MEI1,-,-,-,Un,-,meiotic double-stranded break formation protein 1,protein-coding,-,-,-,meiosis inhibitor protein 1,20210420,-
130825,121160773,LOC121160773,-,-,-,Un,-,cAMP-regulated phosphoprotein 19-like,protein-coding,-,-,-,cAMP-regulated phosphoprotein 19-like,20210420,-
130825,121160774,LOC121160774,-,-,-,Un,-,uncharacterized LOC121160774,ncRNA,-,-,-,-,20210420,-
130825,121160775,LOC121160775,-,-,-,Un,-,putative vomeronasal receptor-like protein 4,protein-coding,-,-,-,putative vomeronasal receptor-like protein 4,20210420,-
130825,121160776,LOC121160776,-,-,-,Un,-,anamorsin-like,pseudo,-,-,-,-,20210420,-
130825,121160777,SDSL,-,-,-,Un,-,serine dehydratase like,protein-coding,-,-,-,serine dehydratase-like,20210420,-
130825,121160778,SDS,-,-,-,Un,-,serine dehydratase,protein-coding,-,-,-,L-serine dehydratase/L-threonine deaminase,20210420,-
130825,121160779,RITA1,-,-,-,Un,-,RBPJ interacting and tubulin associated 1,protein-coding,-,-,-,RBPJ-interacting and tubulin-associated protein 1,20210420,-
130825,121160780,CFAP73,-,-,-,Un,-,cilia and flagella associated protein 73,protein-coding,-,-,-,cilia- and flagella-associated protein 73,20210420,-
130825,121160781,CCDC134,-,-,-,Un,-,coiled-coil domain containing 134,protein-coding,-,-,-,coiled-coil domain-containing protein 134,20210420,-
130825,121160782,RPH3A,-,-,-,Un,-,rabphilin 3A,protein-coding,-,-,-,rabphilin-3A,20210420,-
130825,121160783,LOC121160783,-,-,-,Un,-,disintegrin and metalloproteinase domain-containing protein 1a-like,protein-coding,-,-,-,disintegrin and metalloproteinase domain-containing protein 1a-like,20210420,-
130825,121160784,LOC121160784,-,-,-,Un,-,disintegrin and metalloproteinase domain-containing protein 1a-like,protein-coding,-,-,-,disintegrin and metalloproteinase domain-containing protein 1a-like,20210420,-
130825,121160785,CCDC63,-,-,-,Un,-,coiled-coil domain containing 63,protein-coding,-,-,-,coiled-coil domain-containing protein 63,20210420,-
130825,121160786,RAD9B,-,-,-,Un,-,RAD9 checkpoint clamp component B,protein-coding,-,-,-,cell cycle checkpoint control protein RAD9B,20210420,-
130825,121160787,FAM216A,-,-,-,Un,-,family with sequence similarity 216 member A,protein-coding,-,-,-,LOW QUALITY PROTEIN: protein FAM216A,20210420,-
130825,121160788,CFAP251,-,-,-,Un,-,cilia and flagella associated protein 251,protein-coding,-,-,-,cilia- and flagella-associated protein 251,20210420,-
130825,121160789,LRRC43,-,-,-,Un,-,leucine rich repeat containing 43,protein-coding,-,-,-,leucine-rich repeat-containing protein 43,20210420,-
130825,121160790,B3GNT4,-,-,-,Un,-,"UDP-GlcNAc:betaGal beta-1,3-N-acetylglucosaminyltransferase 4",protein-coding,-,-,-,"N-acetyllactosaminide beta-1,3-N-acetylglucosaminyltransferase 4",20210420,-
130825,121160791,HCAR1,-,-,-,Un,-,hydroxycarboxylic acid receptor 1,protein-coding,-,-,-,hydroxycarboxylic acid receptor 1,20210420,-
130825,121160792,CCDC62,-,-,-,Un,-,coiled-coil domain containing 62,protein-coding,-,-,-,coiled-coil domain-containing protein 62,20210420,-
130825,121160793,RFLNA,-,-,-,Un,-,refilin A,protein-coding,-,-,-,refilin-A,20210420,-
130825,121160794,TMEM132B,-,-,-,Un,-,transmembrane protein 132B,protein-coding,-,-,-,transmembrane protein 132B,20210420,-
130825,121160795,TMEM132C,-,-,-,Un,-,transmembrane protein 132C,protein-coding,-,-,-,transmembrane protein 132C,20210420,-
130825,121160796,SLC15A4,-,-,-,Un,-,solute carrier family 15 member 4,protein-coding,-,-,-,solute carrier family 15 member 4,20210420,-
130825,121160797,TMEM132D,-,-,-,Un,-,transmembrane protein 132D,protein-coding,-,-,-,transmembrane protein 132D,20210420,-
130825,121160798,SREBF2,-,-,-,Un,-,sterol regulatory element binding transcription factor 2,protein-coding,-,-,-,sterol regulatory element-binding protein 2,20210420,-
130825,121160799,RIMBP2,-,-,-,Un,-,RIMS binding protein 2,protein-coding,-,-,-,RIMS-binding protein 2,20210420,-
130825,121160800,ADGRD1,-,-,-,Un,-,adhesion G protein-coupled receptor D1,protein-coding,-,-,-,adhesion G-protein coupled receptor D1,20210420,-
130825,121160801,MMP17,-,-,-,Un,-,matrix metallopeptidase 17,protein-coding,-,-,-,matrix metalloproteinase-17,20210420,-
130825,121160802,LRCOL1,-,-,-,Un,-,leucine rich colipase like 1,protein-coding,-,-,-,leucine-rich colipase-like protein 1,20210420,-
130825,121160803,HSPB8,-,-,-,Un,-,heat shock protein family B (small) member 8,protein-coding,-,-,-,heat shock protein beta-8|heat shock 22kDa protein 8,20210420,-
130825,121160804,SRRM4,-,-,-,Un,-,serine/arginine repetitive matrix 4,protein-coding,-,-,-,serine/arginine repetitive matrix protein 4,20210420,-
130825,121160805,KSR2,-,-,-,Un,-,kinase suppressor of ras 2,protein-coding,-,-,-,kinase suppressor of Ras 2,20210420,-
130825,121160806,NOS1,-,-,-,Un,-,nitric oxide synthase 1,protein-coding,-,-,-,"nitric oxide synthase, brain",20210420,-
130825,121160807,LOC121160807,-,-,-,Un,-,uncharacterized LOC121160807,ncRNA,-,-,-,-,20210420,-
130825,121160808,HRK,-,-,-,Un,-,"harakiri, BCL2 interacting protein",protein-coding,-,-,-,activator of apoptosis harakiri,20210420,-
130825,121160809,TNFRSF13C,-,-,-,Un,-,TNF receptor superfamily member 13C,protein-coding,-,-,-,tumor necrosis factor receptor superfamily member 13C,20210420,-
130825,121160810,TBX3,-,-,-,Un,-,T-box transcription factor 3,protein-coding,-,-,-,T-box transcription factor TBX3,20210420,-
130825,121160811,TBX5,-,-,-,Un,-,T-box transcription factor 5,protein-coding,-,-,-,T-box transcription factor TBX5,20210420,-
130825,121160812,LHX5,-,-,-,Un,-,LIM homeobox 5,protein-coding,-,-,-,LIM/homeobox protein Lhx5,20210420,-
130825,121160813,IQCD,-,-,-,Un,-,IQ motif containing D,protein-coding,-,-,-,dynein regulatory complex protein 10,20210420,-
130825,121160814,TMEM116,-,-,-,Un,-,transmembrane protein 116,protein-coding,-,-,-,transmembrane protein 116,20210420,-
130825,121160815,MYL2,-,-,-,Un,-,myosin light chain 2,protein-coding,-,-,-,"myosin regulatory light chain 2, ventricular/cardiac muscle isoform",20210420,-
130825,121160816,MORN3,-,-,-,Un,-,MORN repeat containing 3,protein-coding,-,-,-,MORN repeat-containing protein 3,20210420,-
130825,121160817,LOC121160817,-,-,-,Un,-,uncharacterized LOC121160817,ncRNA,-,-,-,-,20210420,-
130825,121160818,LOC121160818,-,-,-,Un,-,uncharacterized LOC121160818,ncRNA,-,-,-,-,20210420,-
130825,121160819,BCL7A,-,-,-,Un,-,BAF chromatin remodeling complex subunit BCL7A,protein-coding,-,-,-,B-cell CLL/lymphoma 7 protein family member A,20210420,-
130825,121160820,MTRFR,-,-,-,Un,-,mitochondrial translation release factor in rescue,protein-coding,-,-,-,"probable peptide chain release factor C12orf65 homolog, mitochondrial",20210420,-
130825,121160821,CDK2AP1,-,-,-,Un,-,cyclin dependent kinase 2 associated protein 1,protein-coding,-,-,-,cyclin-dependent kinase 2-associated protein 1,20210522,-
130825,121160822,RILPL1,-,-,-,Un,-,Rab interacting lysosomal protein like 1,protein-coding,-,-,-,RILP-like protein 1,20210420,-
130825,121160823,CENPM,-,-,-,Un,-,centromere protein M,protein-coding,-,-,-,centromere protein M,20210420,-
130825,121160824,LOC121160824,-,-,-,Un,-,40S ribosomal protein S23-like,pseudo,-,-,-,-,20210420,-
130825,121160825,LOC121160825,-,-,-,Un,-,uncharacterized LOC121160825,ncRNA,-,-,-,-,20210420,-
130825,121160826,GLT1D1,-,-,-,Un,-,glycosyltransferase 1 domain containing 1,protein-coding,-,-,-,glycosyltransferase 1 domain-containing protein 1,20210420,-
130825,121160827,STX2,-,-,-,Un,-,syntaxin 2,protein-coding,-,-,-,syntaxin-2,20210420,-
130825,121160828,RAN,-,-,-,Un,-,"RAN, member RAS oncogene family",protein-coding,-,-,-,GTP-binding nuclear protein Ran,20210522,-
130825,121160829,P2RX2,-,-,-,Un,-,purinergic receptor P2X 2,protein-coding,-,-,-,P2X purinoceptor 2,20210420,-
130825,121160830,ANHX,-,-,-,Un,-,anomalous homeobox,protein-coding,-,-,-,anomalous homeobox protein,20210420,-
130825,121160831,SUDS3,-,-,-,Un,-,"SDS3 homolog, SIN3A corepressor complex component",protein-coding,-,-,-,sin3 histone deacetylase corepressor complex component SDS3,20210420,-
130825,121160832,TAOK3,-,-,-,Un,-,TAO kinase 3,protein-coding,-,-,-,serine/threonine-protein kinase TAO3,20210420,-
130825,121160833,PEBP1,-,-,-,Un,-,phosphatidylethanolamine binding protein 1,protein-coding,-,-,-,phosphatidylethanolamine-binding protein 1,20210420,-
130825,121160834,NAGA,-,-,-,Un,-,alpha-N-acetylgalactosaminidase,protein-coding,-,-,-,alpha-N-acetylgalactosaminidase,20210420,-
130825,121160835,VSIG10,-,-,-,Un,-,V-set and immunoglobulin domain containing 10,protein-coding,-,-,-,V-set and immunoglobulin domain-containing protein 10,20210420,-
130825,121160836,WSB2,-,-,-,Un,-,WD repeat and SOCS box containing 2,protein-coding,-,-,-,WD repeat and SOCS box-containing protein 2,20210420,-
130825,121160837,RFC5,-,-,-,Un,-,replication factor C subunit 5,protein-coding,-,-,-,replication factor C subunit 5,20210420,-
130825,121160838,FBXO21,-,-,-,Un,-,F-box protein 21,protein-coding,-,-,-,F-box only protein 21,20210420,-
130825,121160839,FBXW8,-,-,-,Un,-,F-box and WD repeat domain containing 8,protein-coding,-,-,-,F-box/WD repeat-containing protein 8,20210420,-
130825,121160840,TESC,-,-,-,Un,-,tescalcin,protein-coding,-,-,-,calcineurin B homologous protein 3,20210420,-
130825,121160841,RNFT2,-,-,-,Un,-,"ring finger protein, transmembrane 2",protein-coding,-,-,-,RING finger and transmembrane domain-containing protein 2,20210420,-
130825,121160842,SPRING1,-,-,-,Un,-,SREBF pathway regulator in golgi 1,protein-coding,-,-,-,SREBP regulating gene protein,20210420,-
130825,121160843,LOC121160843,-,-,-,Un,-,uncharacterized LOC121160843,ncRNA,-,-,-,-,20210420,-
130825,121160844,LOC121160844,-,-,-,Un,-,uncharacterized LOC121160844,ncRNA,-,-,-,-,20210420,-
130825,121160845,MED13L,-,-,-,Un,-,mediator complex subunit 13L,protein-coding,-,-,-,mediator of RNA polymerase II transcription subunit 13-like,20210420,-
130825,121160846,PHETA2,-,-,-,Un,-,PH domain containing endocytic trafficking adaptor 2,protein-coding,-,-,-,sesquipedalian-2,20210420,-
130825,121160847,RBM19,-,-,-,Un,-,RNA binding motif protein 19,protein-coding,-,-,-,probable RNA-binding protein 19,20210420,-
130825,121160848,PLBD2,-,-,-,Un,-,phospholipase B domain containing 2,protein-coding,-,-,-,putative phospholipase B-like 2,20210420,-
130825,121160849,TPCN1,-,-,-,Un,-,two pore segment channel 1,protein-coding,-,-,-,two pore calcium channel protein 1,20210420,-
130825,121160850,SLC8B1,-,-,-,Un,-,solute carrier family 8 member B1,protein-coding,-,-,-,mitochondrial sodium/calcium exchanger protein,20210420,-
130825,121160851,DDX54,-,-,-,Un,-,DEAD-box helicase 54,protein-coding,-,-,-,ATP-dependent RNA helicase DDX54,20210420,-
130825,121160852,RASAL1,-,-,-,Un,-,RAS protein activator like 1,protein-coding,-,-,-,rasGAP-activating-like protein 1,20210420,-
130825,121160853,SMDT1,-,-,-,Un,-,single-pass membrane protein with aspartate rich tail 1,protein-coding,-,-,-,"essential MCU regulator, mitochondrial",20210420,-
130825,121160854,DTX1,-,-,-,Un,-,deltex E3 ubiquitin ligase 1,protein-coding,-,-,-,E3 ubiquitin-protein ligase DTX1,20210420,-
130825,121160855,OAS3,-,-,-,Un,-,2'-5'-oligoadenylate synthetase 3,protein-coding,-,-,-,2'-5'-oligoadenylate synthase 3,20210420,-
130825,121160856,OAS2,-,-,-,Un,-,2'-5'-oligoadenylate synthetase 2,protein-coding,-,-,-,2'-5'-oligoadenylate synthase 2,20210420,-
130825,121160857,OAS1,-,-,-,Un,-,2'-5'-oligoadenylate synthetase 1,protein-coding,-,-,-,2'-5'-oligoadenylate synthase 1,20210420,-
130825,121160858,PTPN11,-,-,-,Un,-,protein tyrosine phosphatase non-receptor type 11,protein-coding,-,-,-,tyrosine-protein phosphatase non-receptor type 11,20210420,-
130825,121160859,NDUFA6,-,-,-,Un,-,NADH:ubiquinone oxidoreductase subunit A6,protein-coding,-,-,-,NADH dehydrogenase [ubiquinone] 1 alpha subcomplex subunit 6,20210420,-
130825,121160860,RPL6,-,-,-,Un,-,ribosomal protein L6,protein-coding,-,-,-,60S ribosomal protein L6,20210420,-
130825,121160861,HECTD4,-,-,-,Un,-,HECT domain E3 ubiquitin protein ligase 4,protein-coding,-,-,-,probable E3 ubiquitin-protein ligase HECTD4,20210420,-
130825,121160862,TRAFD1,-,-,-,Un,-,TRAF-type zinc finger domain containing 1,protein-coding,-,-,-,TRAF-type zinc finger domain-containing protein 1,20210420,-
130825,121160863,NAA25,-,-,-,Un,-,"N-alpha-acetyltransferase 25, NatB auxiliary subunit",protein-coding,-,-,-,"N-alpha-acetyltransferase 25, NatB auxiliary subunit",20210420,-
130825,121160864,ERP29,-,-,-,Un,-,endoplasmic reticulum protein 29,protein-coding,-,-,-,endoplasmic reticulum resident protein 29,20210420,-
130825,121160865,LOC121160865,-,-,-,Un,-,uncharacterized LOC121160865,ncRNA,-,-,-,-,20210420,-
130825,121160866,MAPKAPK5,-,-,-,Un,-,MAPK activated protein kinase 5,protein-coding,-,-,-,MAP kinase-activated protein kinase 5,20210420,-
130825,121160867,LOC121160867,-,-,-,Un,-,cytochrome P450 2D17-like,protein-coding,-,-,-,cytochrome P450 2D17-like,20210420,-
130825,121160868,ACAD10,-,-,-,Un,-,acyl-CoA dehydrogenase family member 10,protein-coding,-,-,-,acyl-CoA dehydrogenase family member 10,20210420,-
130825,121160869,ALDH2,-,-,-,Un,-,aldehyde dehydrogenase 2 family member,protein-coding,-,-,-,"aldehyde dehydrogenase, mitochondrial",20210420,-
130825,121160870,LOC121160870,-,-,-,Un,-,BRCA1 associated protein,protein-coding,-,-,-,BRCA1-associated protein,20210420,-
130825,121160871,ATXN2,-,-,-,Un,-,ataxin 2,protein-coding,-,-,-,ataxin-2,20210420,-
130825,121160872,RNF145,-,-,-,Un,-,ring finger protein 145,protein-coding,-,-,-,RING finger protein 145,20210420,-
130825,121160873,SH2B3,-,-,-,Un,-,SH2B adaptor protein 3,protein-coding,-,-,-,SH2B adapter protein 3,20210420,-
130825,121160874,PHETA1,-,-,-,Un,-,PH domain containing endocytic trafficking adaptor 1,protein-coding,-,-,-,sesquipedalian-1,20210420,-
130825,121160875,CUX2,-,-,-,Un,-,cut like homeobox 2,protein-coding,-,-,-,homeobox protein cut-like 2,20210420,-
130825,121160876,PPP1CC,-,-,-,Un,-,protein phosphatase 1 catalytic subunit gamma,protein-coding,-,-,-,serine/threonine-protein phosphatase PP1-gamma catalytic subunit,20210529,-
130825,121160877,TCTN1,-,-,-,Un,-,tectonic family member 1,protein-coding,-,-,-,tectonic-1,20210420,-
130825,121160878,HVCN1,-,-,-,Un,-,hydrogen voltage gated channel 1,protein-coding,-,-,-,voltage-gated hydrogen channel 1,20210420,-
130825,121160879,LOC121160879,-,-,-,Un,-,cytochrome P450 2D17-like,protein-coding,-,-,-,cytochrome P450 2D17-like,20210420,-
130825,121160880,PPTC7,-,-,-,Un,-,protein phosphatase targeting COQ7,protein-coding,-,-,-,protein phosphatase PTC7 homolog,20210420,-
130825,121160881,VPS29,-,-,-,Un,-,VPS29 retromer complex component,protein-coding,-,-,-,vacuolar protein sorting-associated protein 29,20210420,-
130825,121160882,ANAPC7,-,-,-,Un,-,anaphase promoting complex subunit 7,protein-coding,-,-,-,anaphase-promoting complex subunit 7,20210529,-
130825,121160883,GPN3,-,-,-,Un,-,GPN-loop GTPase 3,protein-coding,-,-,-,GPN-loop GTPase 3,20210420,-
130825,121160884,ARPC3,-,-,-,Un,-,actin related protein 2/3 complex subunit 3,protein-coding,-,-,-,actin-related protein 2/3 complex subunit 3,20210522,-
130825,121160885,ATP2A2,-,-,-,Un,-,ATPase sarcoplasmic/endoplasmic reticulum Ca2+ transporting 2,protein-coding,-,-,-,sarcoplasmic/endoplasmic reticulum calcium ATPase 2,20210420,-
130825,121160886,IFT81,-,-,-,Un,-,intraflagellar transport 81,protein-coding,-,-,-,intraflagellar transport protein 81 homolog,20210420,-
130825,121160887,P2RX7,-,-,-,Un,-,purinergic receptor P2X 7,protein-coding,-,-,-,P2X purinoceptor 7,20210420,-
130825,121160888,P2RX4,-,-,-,Un,-,purinergic receptor P2X 4,protein-coding,-,-,-,P2X purinoceptor 4,20210420,-
130825,121160889,CAMKK2,-,-,-,Un,-,calcium/calmodulin dependent protein kinase kinase 2,protein-coding,-,-,-,calcium/calmodulin-dependent protein kinase kinase 2,20210420,-
130825,121160890,LOC121160890,-,-,-,Un,-,cytochrome P450 2D17-like,protein-coding,-,-,-,cytochrome P450 2D17-like,20210420,-
130825,121160891,ANAPC5,-,-,-,Un,-,anaphase promoting complex subunit 5,protein-coding,-,-,-,anaphase-promoting complex subunit 5,20210420,-
130825,121160892,KDM2B,-,-,-,Un,-,lysine demethylase 2B,protein-coding,-,-,-,lysine-specific demethylase 2B,20210420,-
130825,121160893,RNF34,-,-,-,Un,-,ring finger protein 34,protein-coding,-,-,-,E3 ubiquitin-protein ligase RNF34,20210420,-
130825,121160894,ORAI1,-,-,-,Un,-,ORAI calcium release-activated calcium modulator 1,protein-coding,-,-,-,calcium release-activated calcium channel protein 1,20210420,-
130825,121160895,TMEM120B,-,-,-,Un,-,transmembrane protein 120B,protein-coding,-,-,-,transmembrane protein 120B,20210420,-
130825,121160896,RHOF,-,-,-,Un,-,"ras homolog family member F, filopodia associated",protein-coding,-,-,-,rho-related GTP-binding protein RhoF,20210420,-
130825,121160897,SETD1B,-,-,-,Un,-,"SET domain containing 1B, histone lysine methyltransferase",protein-coding,-,-,-,histone-lysine N-methyltransferase SETD1B,20210420,-
130825,121160898,LOC121160898,-,-,-,Un,-,uncharacterized LOC121160898,ncRNA,-,-,-,-,20210420,-
130825,121160899,TCF20,-,-,-,Un,-,transcription factor 20,protein-coding,-,-,-,transcription factor 20,20210420,-
130825,121160900,HPD,-,-,-,Un,-,4-hydroxyphenylpyruvate dioxygenase,protein-coding,-,-,-,4-hydroxyphenylpyruvate dioxygenase,20210420,-
130825,121160901,LOC121160901,-,-,-,Un,-,uncharacterized LOC121160901,ncRNA,-,-,-,-,20210420,-
130825,121160902,PSMD9,-,-,-,Un,-,"proteasome 26S subunit, non-ATPase 9",protein-coding,-,-,-,26S proteasome non-ATPase regulatory subunit 9,20210420,-
130825,121160903,LOC121160903,-,-,-,Un,-,MLX interacting protein,protein-coding,-,-,-,MLX-interacting protein,20210420,-
130825,121160904,DIABLO,-,-,-,Un,-,diablo IAP-binding mitochondrial protein,protein-coding,-,-,-,"diablo homolog, mitochondrial",20210420,-
130825,121160905,VPS33A,-,-,-,Un,-,VPS33A core subunit of CORVET and HOPS complexes,protein-coding,-,-,-,vacuolar protein sorting-associated protein 33A,20210420,-
130825,121160906,CLIP1,-,-,-,Un,-,CAP-Gly domain containing linker protein 1,protein-coding,-,-,-,CAP-Gly domain-containing linker protein 1,20210420,-
130825,121160907,ZCCHC8,-,-,-,Un,-,zinc finger CCHC-type containing 8,protein-coding,-,-,-,zinc finger CCHC domain-containing protein 8,20210420,-
130825,121160908,RSRC2,-,-,-,Un,-,arginine and serine rich coiled-coil 2,protein-coding,-,-,-,arginine/serine-rich coiled-coil protein 2,20210420,-
130825,121160909,KNTC1,-,-,-,Un,-,kinetochore associated 1,protein-coding,-,-,-,kinetochore-associated protein 1,20210420,-
130825,121160910,HCAR2,-,-,-,Un,-,hydroxycarboxylic acid receptor 2,protein-coding,-,-,-,hydroxycarboxylic acid receptor 2,20210420,-
130825,121160911,DENR,-,-,-,Un,-,density regulated re-initiation and release factor,protein-coding,-,-,-,density-regulated protein,20210420,-
130825,121160912,HIP1R,-,-,-,Un,-,huntingtin interacting protein 1 related,protein-coding,-,-,-,huntingtin-interacting protein 1-related protein,20210420,-
130825,121160913,NFAM1,-,-,-,Un,-,NFAT activating protein with ITAM motif 1,protein-coding,-,-,-,NFAT activation molecule 1,20210420,-
130825,121160914,VPS37B,-,-,-,Un,-,VPS37B subunit of ESCRT-I,protein-coding,-,-,-,vacuolar protein sorting-associated protein 37B,20210420,-
130825,121160915,ABCB9,-,-,-,Un,-,ATP binding cassette subfamily B member 9,protein-coding,-,-,-,ATP-binding cassette sub-family B member 9,20210420,-
130825,121160916,OGFOD2,-,-,-,Un,-,2-oxoglutarate and iron dependent oxygenase domain containing 2,protein-coding,-,-,-,2-oxoglutarate and iron-dependent oxygenase domain-containing protein 2,20210420,-
130825,121160917,PITPNM2,-,-,-,Un,-,phosphatidylinositol transfer protein membrane associated 2,protein-coding,-,-,-,membrane-associated phosphatidylinositol transfer protein 2,20210420,-
130825,121160918,MPHOSPH9,-,-,-,Un,-,M-phase phosphoprotein 9,protein-coding,-,-,-,M-phase phosphoprotein 9,20210420,-
130825,121160919,SBNO1,-,-,-,Un,-,strawberry notch homolog 1,protein-coding,-,-,-,protein strawberry notch homolog 1,20210420,-
130825,121160920,RRP7A,-,-,-,Un,-,ribosomal RNA processing 7 homolog A,protein-coding,-,-,-,ribosomal RNA-processing protein 7 homolog A,20210420,-
130825,121160921,KMT5A,-,-,-,Un,-,lysine methyltransferase 5A,protein-coding,-,-,-,N-lysine methyltransferase KMT5A,20210420,-
130825,121160922,RILPL2,-,-,-,Un,-,Rab interacting lysosomal protein like 2,protein-coding,-,-,-,RILP-like protein 2,20210420,-
130825,121160923,SNRNP35,-,-,-,Un,-,small nuclear ribonucleoprotein U11/U12 subunit 35,protein-coding,-,-,-,U11/U12 small nuclear ribonucleoprotein 35 kDa protein,20210420,-
130825,121160924,POLDIP3,-,-,-,Un,-,DNA polymerase delta interacting protein 3,protein-coding,-,-,-,polymerase delta-interacting protein 3,20210420,-
130825,121160925,TMED2,-,-,-,Un,-,transmembrane p24 trafficking protein 2,protein-coding,-,-,-,transmembrane emp24 domain-containing protein 2,20210529,-
130825,121160926,DDX55,-,-,-,Un,-,DEAD-box helicase 55,protein-coding,-,-,-,ATP-dependent RNA helicase DDX55,20210420,-
130825,121160927,EIF2B1,-,-,-,Un,-,eukaryotic translation initiation factor 2B subunit alpha,protein-coding,-,-,-,translation initiation factor eIF-2B subunit alpha,20210420,-
130825,121160928,ATP6V0A2,-,-,-,Un,-,ATPase H+ transporting V0 subunit a2,protein-coding,-,-,-,V-type proton ATPase 116 kDa subunit a2,20210420,-
130825,121160929,TCTN2,-,-,-,Un,-,tectonic family member 2,protein-coding,-,-,-,tectonic-2,20210420,-
130825,121160930,GTF2H3,-,-,-,Un,-,general transcription factor IIH subunit 3,protein-coding,-,-,-,general transcription factor IIH subunit 3,20210420,-
130825,121160931,DNAH10,-,-,-,Un,-,dynein axonemal heavy chain 10,protein-coding,-,-,-,"dynein heavy chain 10, axonemal",20210420,-
130825,121160932,CCDC92,-,-,-,Un,-,coiled-coil domain containing 92,protein-coding,-,-,-,coiled-coil domain-containing protein 92,20210420,-
130825,121160933,ZNF664,-,-,-,Un,-,zinc finger protein 664,protein-coding,-,-,-,zinc finger protein 664,20210420,-
130825,121160934,NCOR2,-,-,-,Un,-,nuclear receptor corepressor 2,protein-coding,-,-,-,nuclear receptor corepressor 2,20210420,-
130825,121160935,SCARB1,-,-,-,Un,-,scavenger receptor class B member 1,protein-coding,-,-,-,scavenger receptor class B member 1,20210420,-
130825,121160936,LOC121160936,-,-,-,Un,-,NADH-cytochrome b5 reductase 3,protein-coding,-,-,-,NADH-cytochrome b5 reductase 3,20210420,-
130825,121160937,UBC,-,-,-,Un,-,ubiquitin C,protein-coding,-,-,-,polyubiquitin-C,20210424,-
130825,121160938,DHX37,-,-,-,Un,-,DEAH-box helicase 37,protein-coding,-,-,-,probable ATP-dependent RNA helicase DHX37,20210420,-
130825,121160939,LOC121160939,-,-,-,Un,-,BRI3 binding protein,protein-coding,-,-,-,BRI3-binding protein,20210420,-
130825,121160940,AACS,-,-,-,Un,-,acetoacetyl-CoA synthetase,protein-coding,-,-,-,acetoacetyl-CoA synthetase,20210420,-
130825,121160941,PIWIL1,-,-,-,Un,-,piwi like RNA-mediated gene silencing 1,protein-coding,-,-,-,piwi-like protein 1,20210420,-
130825,121160942,FZD10,-,-,-,Un,-,frizzled class receptor 10,protein-coding,-,-,-,frizzled-10,20210420,-
130825,121160943,LOC121160943,-,-,-,Un,-,splicing factor SWAP,protein-coding,-,-,-,"splicing factor, suppressor of white-apricot homolog",20210420,-
130825,121160944,ULK1,-,-,-,Un,-,unc-51 like autophagy activating kinase 1,protein-coding,-,-,-,serine/threonine-protein kinase ULK1,20210420,-
130825,121160945,ARFGAP3,-,-,-,Un,-,ADP ribosylation factor GTPase activating protein 3,protein-coding,-,-,-,ADP-ribosylation factor GTPase-activating protein 3,20210420,-
130825,121160946,PUS1,-,-,-,Un,-,pseudouridine synthase 1,protein-coding,-,-,-,tRNA pseudouridine synthase A,20210420,-
130825,121160947,EP400,-,-,-,Un,-,E1A binding protein p400,protein-coding,-,-,-,E1A-binding protein p400,20210420,-
130825,121160948,DDX51,-,-,-,Un,-,DEAD-box helicase 51,protein-coding,-,-,-,ATP-dependent RNA helicase DDX51,20210420,-
130825,121160949,GALNT9,-,-,-,Un,-,polypeptide N-acetylgalactosaminyltransferase 9,protein-coding,-,-,-,polypeptide N-acetylgalactosaminyltransferase 9,20210420,-
130825,121160950,NOC4L,-,-,-,Un,-,nucleolar complex associated 4 homolog,protein-coding,-,-,-,nucleolar complex protein 4 homolog,20210420,-
130825,121160951,LOC121160951,-,-,-,Un,-,fibrosin-1-like protein,protein-coding,-,-,-,fibrosin-1-like protein,20210420,-
130825,121160952,LOC121160952,-,-,-,Un,-,fibrosin-1-like protein,protein-coding,-,-,-,fibrosin-1-like protein|keratinocyte proline-rich protein-like,20210420,-
130825,121160953,POLE,-,-,-,Un,-,"DNA polymerase epsilon, catalytic subunit",protein-coding,-,-,-,DNA polymerase epsilon catalytic subunit A,20210420,-
130825,121160954,PXMP2,-,-,-,Un,-,peroxisomal membrane protein 2,protein-coding,-,-,-,peroxisomal membrane protein 2,20210420,-
130825,121160955,ANKLE2,-,-,-,Un,-,ankyrin repeat and LEM domain containing 2,protein-coding,-,-,-,ankyrin repeat and LEM domain-containing protein 2,20210420,-
130825,121160956,PGAM5,-,-,-,Un,-,"PGAM family member 5, mitochondrial serine/threonine protein phosphatase",protein-coding,-,-,-,"serine/threonine-protein phosphatase PGAM5, mitochondrial",20210420,-
130825,121160957,GOLGA3,-,-,-,Un,-,golgin A3,protein-coding,-,-,-,golgin subfamily A member 3,20210420,-
130825,121160958,CHFR,-,-,-,Un,-,checkpoint with forkhead and ring finger domains,protein-coding,-,-,-,E3 ubiquitin-protein ligase CHFR,20210420,-
130825,121160959,PACSIN2,-,-,-,Un,-,protein kinase C and casein kinase substrate in neurons 2,protein-coding,-,-,-,protein kinase C and casein kinase substrate in neurons protein 2,20210420,-
130825,121160960,ZNF26,-,-,-,Un,-,zinc finger protein 26,protein-coding,-,-,-,zinc finger protein 26,20210420,-
130825,121160961,ZNF84,-,-,-,Un,-,zinc finger protein 84,protein-coding,-,-,-,zinc finger protein 84,20210420,-
130825,121160962,ZNF10,-,-,-,Un,-,zinc finger protein 10,protein-coding,-,-,-,zinc finger protein 10,20210420,-
130825,121160963,CCDC60,-,-,-,Un,-,coiled-coil domain containing 60,protein-coding,-,-,-,coiled-coil domain-containing protein 60,20210420,-
130825,121160964,LOC121160964,-,-,-,Un,-,U6 spliceosomal RNA,snRNA,-,-,-,-,20210420,-
130825,121160965,LOC121160965,-,-,-,Un,-,small nucleolar RNA SNORA9,snoRNA,-,-,-,-,20210420,-
130825,121160966,LOC121160966,-,-,-,Un,-,small nucleolar RNA SNORA49,snoRNA,-,-,-,-,20210420,-
130825,121160967,LOC121160967,-,-,-,Un,-,U2 spliceosomal RNA,pseudo,-,-,-,-,20210420,-
130825,121160968,LOC121160968,-,-,-,Un,-,U4 spliceosomal RNA,pseudo,-,-,-,-,20210420,-
130825,121160969,LOC121160969,-,-,-,Un,-,U6 spliceosomal RNA,snRNA,-,-,-,-,20210420,-
130825,121160970,TRNAA-UGC,-,-,-,Un,-,transfer RNA alanine (anticodon UGC),tRNA,-,-,-,-,20210420,-
130825,121160971,TRNAA-UGC,-,-,-,Un,-,transfer RNA alanine (anticodon UGC),tRNA,-,-,-,-,20210420,-
130825,121160972,TRNAD-GUC,-,-,-,Un,-,transfer RNA aspartic acid (anticodon GUC),tRNA,-,-,-,-,20210420,-
130825,121160973,TRNAF-GAA,-,-,-,Un,-,transfer RNA phenylalanine (anticodon GAA),tRNA,-,-,-,-,20210420,-
130825,121160974,TRNAD-GUC,-,-,-,Un,-,transfer RNA aspartic acid (anticodon GUC),tRNA,-,-,-,-,20210420,-
130825,121160975,WLS,-,-,-,Un,-,Wnt ligand secretion mediator,protein-coding,-,-,-,protein wntless homolog,20210420,-
130825,121160976,LOC121160976,-,-,-,Un,-,40S ribosomal protein S18-like,protein-coding,-,-,-,40S ribosomal protein S18-like,20210420,-
130825,121160977,RPE65,-,-,-,Un,-,retinoid isomerohydrolase RPE65,protein-coding,-,-,-,retinoid isomerohydrolase,20210420,-
130825,121160978,LOC121160978,-,-,-,Un,-,tubulin alpha chain-like,pseudo,-,-,-,-,20210420,-
130825,121160979,PTGER3,-,-,-,Un,-,prostaglandin E receptor 3,protein-coding,-,-,-,prostaglandin E2 receptor EP3 subtype,20210420,-
130825,121160980,LOC121160980,-,-,-,Un,-,uncharacterized LOC121160980,ncRNA,-,-,-,-,20210420,-
130825,121160981,LOC121160981,-,-,-,Un,-,peroxiredoxin-6-like,protein-coding,-,-,-,peroxiredoxin-6-like,20210420,-
130825,121160982,LOC121160982,-,-,-,Un,-,uncharacterized LOC121160982,ncRNA,-,-,-,-,20210420,-
130825,121160983,LOC121160983,-,-,-,Un,-,uncharacterized LOC121160983,ncRNA,-,-,-,-,20210420,-
130825,121160984,LOC121160984,-,-,-,Un,-,uncharacterized LOC121160984,ncRNA,-,-,-,-,20210420,-
130825,121160985,LOC121160985,-,-,-,Un,-,gamma-secretase subunit PEN-2-like,protein-coding,-,-,-,gamma-secretase subunit PEN-2-like,20210420,-
130825,121160986,LHX8,-,-,-,Un,-,LIM homeobox 8,protein-coding,-,-,-,LIM/homeobox protein Lhx8,20210420,-
130825,121160987,TTLL12,-,-,-,Un,-,tubulin tyrosine ligase like 12,protein-coding,-,-,-,tubulin--tyrosine ligase-like protein 12,20210420,-
130825,121160988,ASB17,-,-,-,Un,-,ankyrin repeat and SOCS box containing 17,protein-coding,-,-,-,ankyrin repeat and SOCS box protein 17,20210420,-
130825,121160989,ST6GALNAC3,-,-,-,Un,-,"ST6 N-acetylgalactosaminide alpha-2,6-sialyltransferase 3",protein-coding,-,-,-,"alpha-N-acetylgalactosaminide alpha-2,6-sialyltransferase 3",20210420,-
130825,121160990,ST6GALNAC5,-,-,-,Un,-,"ST6 N-acetylgalactosaminide alpha-2,6-sialyltransferase 5",protein-coding,-,-,-,"alpha-N-acetylgalactosaminide alpha-2,6-sialyltransferase 5",20210420,-
130825,121160991,GIPC2,-,-,-,Un,-,GIPC PDZ domain containing family member 2,protein-coding,-,-,-,PDZ domain-containing protein GIPC2,20210420,-
130825,121160992,PTGFR,-,-,-,Un,-,prostaglandin F receptor,protein-coding,-,-,-,prostaglandin F2-alpha receptor,20210420,-
130825,121160993,ADGRL4,-,-,-,Un,-,adhesion G protein-coupled receptor L4,protein-coding,-,-,-,adhesion G protein-coupled receptor L4,20210420,-
130825,121160994,LOC121160994,-,-,-,Un,-,uncharacterized LOC121160994,ncRNA,-,-,-,-,20210420,-
130825,121160995,LOC121160995,-,-,-,Un,-,uricase,protein-coding,-,-,-,uricase,20210420,-
130825,121160996,DNASE2B,-,-,-,Un,-,deoxyribonuclease 2 beta,protein-coding,-,-,-,deoxyribonuclease-2-beta,20210420,-
130825,121160997,MCAT,-,-,-,Un,-,malonyl-CoA-acyl carrier protein transacylase,protein-coding,-,-,-,"malonyl-CoA-acyl carrier protein transacylase, mitochondrial",20210420,-
130825,121160998,LOC121160998,-,-,-,Un,-,L-lactate dehydrogenase A chain-like,pseudo,-,-,-,-,20210420,-
130825,121160999,LPAR3,-,-,-,Un,-,lysophosphatidic acid receptor 3,protein-coding,-,-,-,lysophosphatidic acid receptor 3,20210420,-
130825,121161000,MCOLN3,-,-,-,Un,-,mucolipin TRP cation channel 3,protein-coding,-,-,-,mucolipin-3,20210420,-
130825,121161001,TSPO,-,-,-,Un,-,translocator protein,protein-coding,-,-,-,translocator protein,20210420,-
130825,121161002,DNAI3,-,-,-,Un,-,dynein axonemal intermediate chain 3,protein-coding,-,-,-,"dynein intermediate chain 3, axonemal",20210420,-
130825,121161003,SYDE2,-,-,-,Un,-,synapse defective Rho GTPase homolog 2,protein-coding,-,-,-,rho GTPase-activating protein SYDE2,20210420,-
130825,121161004,LOC121161004,-,-,-,Un,-,uncharacterized LOC121161004,ncRNA,-,-,-,-,20210420,-
130825,121161005,CCN1,-,-,-,Un,-,cellular communication network factor 1,protein-coding,-,-,-,CCN family member 1,20210420,-
130825,121161006,LOC121161006,-,-,-,Un,-,uncharacterized LOC121161006,ncRNA,-,-,-,-,20210420,-
130825,121161007,CLCA2,-,-,-,Un,-,chloride channel accessory 2,protein-coding,-,-,-,calcium-activated chloride channel regulator 2,20210420,-
130825,121161008,CLCA1,-,-,-,Un,-,chloride channel accessory 1,protein-coding,-,-,-,calcium-activated chloride channel regulator 1,20210420,-
130825,121161009,LOC121161009,-,-,-,Un,-,microfibrillar-associated protein 3-like,pseudo,-,-,-,-,20210420,-
130825,121161010,LOC121161010,-,-,-,Un,-,L-lactate dehydrogenase A chain-like,pseudo,-,-,-,-,20210420,-
130825,121161011,LRRC53,-,-,-,Un,-,leucine rich repeat containing 53,protein-coding,-,-,-,LOW QUALITY PROTEIN: leucine-rich repeat-containing protein 53,20210420,-
130825,121161012,LOC121161012,-,-,-,Un,-,origin recognition complex subunit 6-like,pseudo,-,-,-,-,20210420,-
130825,121161013,LOC121161013,-,-,-,Un,-,60S ribosomal protein L7-like,pseudo,-,-,-,-,20210420,-
130825,121161014,LOC121161014,-,-,-,Un,-,peroxiredoxin-like 2C,pseudo,-,-,-,-,20210420,-
130825,121161015,LOC121161015,-,-,-,Un,-,ribosome biogenesis protein NSA2 homolog,pseudo,-,-,-,-,20210420,-
130825,121161016,LOC121161016,-,-,-,Un,-,Y-box-binding protein 1-like,pseudo,-,-,-,-,20210420,-
130825,121161017,LOC121161017,-,-,-,Un,-,U6 snRNA-associated Sm-like protein LSm7,pseudo,-,-,-,-,20210420,-
130825,121161018,LRRIQ3,-,-,-,Un,-,leucine rich repeats and IQ motif containing 3,protein-coding,-,-,-,leucine-rich repeat and IQ domain-containing protein 3,20210420,-
130825,121161019,EFCAB6,-,-,-,Un,-,EF-hand calcium binding domain 6,protein-coding,-,-,-,EF-hand calcium-binding domain-containing protein 6,20210420,-
130825,121161020,ERICH3,-,-,-,Un,-,glutamate rich 3,protein-coding,-,-,-,glutamate-rich protein 3,20210420,-
130825,121161021,SLC44A5,-,-,-,Un,-,solute carrier family 44 member 5,protein-coding,-,-,-,choline transporter-like protein 5,20210420,-
130825,121161022,LOC121161022,-,-,-,Un,-,translation initiation factor IF-2-like,protein-coding,-,-,-,translation initiation factor IF-2-like,20210420,-
130825,121161023,LOC121161023,-,-,-,Un,-,zinc finger protein 42 homolog,pseudo,-,-,-,-,20210420,-
130825,121161024,LOC121161024,-,-,-,Un,-,nucleolar protein 56-like,pseudo,-,-,-,-,20210420,-
130825,121161025,LOC121161025,-,-,-,Un,-,probable E3 ubiquitin-protein ligase HERC3,pseudo,-,-,-,-,20210420,-
130825,121161026,LOC121161026,-,-,-,Un,-,RNA-binding protein EWS-like,pseudo,-,-,-,-,20210420,-
130825,121161027,LOC121161027,-,-,-,Un,-,elongation factor 1-alpha 1-like,pseudo,-,-,-,-,20210420,-
130825,121161028,COL24A1,-,-,-,Un,-,collagen type XXIV alpha 1 chain,protein-coding,-,-,-,collagen alpha-1(XXIV) chain,20210420,-
130825,121161029,SAMM50,-,-,-,Un,-,SAMM50 sorting and assembly machinery component,protein-coding,-,-,-,sorting and assembly machinery component 50 homolog,20210420,-
130825,121161030,LOC121161030,-,-,-,Un,-,YTH domain-containing family protein 3-like,pseudo,-,-,-,-,20210420,-
130825,121161031,LOC121161031,-,-,-,Un,-,uncharacterized protein C10orf95-like,protein-coding,-,-,-,uncharacterized protein C10orf95-like,20210420,-
130825,121161032,CLCA4,-,-,-,Un,-,chloride channel accessory 4,protein-coding,-,-,-,calcium-activated chloride channel regulator 4,20210420,-
130825,121161033,LOC121161033,-,-,-,Un,-,calcium-activated chloride channel regulator 1-like,protein-coding,-,-,-,calcium-activated chloride channel regulator 1-like,20210420,-
130825,121161034,DEPDC1,-,-,-,Un,-,DEP domain containing 1,protein-coding,-,-,-,DEP domain-containing protein 1A,20210420,-
130825,121161035,LRRC7,-,-,-,Un,-,leucine rich repeat containing 7,protein-coding,-,-,-,leucine-rich repeat-containing protein 7,20210529,-
130825,121161036,LRRC40,-,-,-,Un,-,leucine rich repeat containing 40,protein-coding,-,-,-,leucine-rich repeat-containing protein 40,20210420,-
130825,121161037,SRSF11,-,-,-,Un,-,serine and arginine rich splicing factor 11,protein-coding,-,-,-,serine/arginine-rich splicing factor 11,20210420,-
130825,121161038,EBF1,-,-,-,Un,-,EBF transcription factor 1,protein-coding,-,-,-,transcription factor COE1,20210420,-
130825,121161039,ANKRD13C,-,-,-,Un,-,ankyrin repeat domain 13C,protein-coding,-,-,-,ankyrin repeat domain-containing protein 13C,20210420,-
130825,121161040,PARVB,-,-,-,Un,-,parvin beta,protein-coding,-,-,-,beta-parvin,20210420,-
130825,121161041,CTH,-,-,-,Un,-,cystathionine gamma-lyase,protein-coding,-,-,-,cystathionine gamma-lyase,20210420,-
130825,121161042,ZRANB2,-,-,-,Un,-,zinc finger RANBP2-type containing 2,protein-coding,-,-,-,zinc finger Ran-binding domain-containing protein 2,20210420,-
130825,121161043,NEGR1,-,-,-,Un,-,neuronal growth regulator 1,protein-coding,-,-,-,neuronal growth regulator 1,20210420,-
130825,121161044,LOC121161044,-,-,-,Un,-,serine/threonine-protein kinase TNNI3K,protein-coding,-,-,-,serine/threonine-protein kinase TNNI3K,20210420,-
130825,121161045,FPGT,-,-,-,Un,-,fucose-1-phosphate guanylyltransferase,protein-coding,-,-,-,fucose-1-phosphate guanylyltransferase,20210420,-
130825,121161046,CRYZ,-,-,-,Un,-,crystallin zeta,protein-coding,-,-,-,quinone oxidoreductase,20210420,-
130825,121161047,TYW3,-,-,-,Un,-,tRNA-yW synthesizing protein 3 homolog,protein-coding,-,-,-,tRNA wybutosine-synthesizing protein 3 homolog,20210420,-
130825,121161048,ACADM,-,-,-,Un,-,acyl-CoA dehydrogenase medium chain,protein-coding,-,-,-,"medium-chain specific acyl-CoA dehydrogenase, mitochondrial",20210420,-
130825,121161049,MSH4,-,-,-,Un,-,mutS homolog 4,protein-coding,-,-,-,mutS protein homolog 4,20210420,-
130825,121161050,RABGGTB,-,-,-,Un,-,Rab geranylgeranyltransferase subunit beta,protein-coding,-,-,-,geranylgeranyl transferase type-2 subunit beta,20210420,-
130825,121161051,PIGK,-,-,-,Un,-,phosphatidylinositol glycan anchor biosynthesis class K,protein-coding,-,-,-,GPI-anchor transamidase,20210420,-
130825,121161052,AK5,-,-,-,Un,-,adenylate kinase 5,protein-coding,-,-,-,adenylate kinase isoenzyme 5,20210420,-
130825,121161053,LOC121161053,-,-,-,Un,-,60S ribosomal protein L7-like,pseudo,-,-,-,-,20210420,-
130825,121161054,ZZZ3,-,-,-,Un,-,zinc finger ZZ-type containing 3,protein-coding,-,-,-,ZZ-type zinc finger-containing protein 3,20210420,-
130825,121161055,USP33,-,-,-,Un,-,ubiquitin specific peptidase 33,protein-coding,-,-,-,ubiquitin carboxyl-terminal hydrolase 33,20210420,-
130825,121161056,MIGA1,-,-,-,Un,-,mitoguardin 1,protein-coding,-,-,-,mitoguardin 1,20210420,-
130825,121161057,NEXN,-,-,-,Un,-,nexilin F-actin binding protein,protein-coding,-,-,-,nexilin,20210420,-
130825,121161058,PARVG,-,-,-,Un,-,parvin gamma,protein-coding,-,-,-,gamma-parvin,20210420,-
130825,121161059,FUBP1,-,-,-,Un,-,far upstream element binding protein 1,protein-coding,-,-,-,far upstream element-binding protein 1,20210529,-
130825,121161060,DNAJB4,-,-,-,Un,-,DnaJ heat shock protein family (Hsp40) member B4,protein-coding,-,-,-,dnaJ homolog subfamily B member 4,20210420,-
130825,121161061,ADGRL2,-,-,-,Un,-,adhesion G protein-coupled receptor L2,protein-coding,-,-,-,adhesion G protein-coupled receptor L2,20210420,-
130825,121161062,PRR5,-,-,-,Un,-,proline rich 5,protein-coding,-,-,-,proline-rich protein 5,20210420,-
130825,121161063,LOC121161063,-,-,-,Un,-,normal mucosa of esophagus-specific gene 1 protein-like,protein-coding,-,-,-,normal mucosa of esophagus-specific gene 1 protein-like,20210420,-
130825,121161064,LOC121161064,-,-,-,Un,-,uncharacterized LOC121161064,ncRNA,-,-,-,-,20210420,-
130825,121161065,TTLL7,-,-,-,Un,-,tubulin tyrosine ligase like 7,protein-coding,-,-,-,tubulin polyglutamylase TTLL7,20210420,-
130825,121161066,NUP50,-,-,-,Un,-,nucleoporin 50,protein-coding,-,-,-,nuclear pore complex protein Nup50,20210420,-
130825,121161067,PRKACB,-,-,-,Un,-,protein kinase cAMP-activated catalytic subunit beta,protein-coding,-,-,-,cAMP-dependent protein kinase catalytic subunit beta,20210420,-
130825,121161068,SAMD13,-,-,-,Un,-,sterile alpha motif domain containing 13,protein-coding,-,-,-,sterile alpha motif domain-containing protein 13,20210420,-
130825,121161069,SPATA1,-,-,-,Un,-,spermatogenesis associated 1,protein-coding,-,-,-,spermatogenesis-associated protein 1,20210420,-
130825,121161070,CTBS,-,-,-,Un,-,chitobiase,protein-coding,-,-,-,di-N-acetylchitobiase,20210420,-
130825,121161071,KIAA0930,-,-,-,Un,-,KIAA0930 ortholog,protein-coding,-,-,-,uncharacterized protein KIAA0930 homolog,20210420,-
130825,121161072,RPF1,-,-,-,Un,-,ribosome production factor 1 homolog,protein-coding,-,-,-,ribosome production factor 1,20210420,-
130825,121161073,GNG5,-,-,-,Un,-,G protein subunit gamma 5,protein-coding,-,-,-,guanine nucleotide-binding protein G(I)/G(S)/G(O) subunit gamma-5,20210501,-
130825,121161074,LOC121161074,-,-,-,Un,-,SSX family member 2 interacting protein,protein-coding,-,-,-,afadin- and alpha-actinin-binding protein,20210420,-
130825,121161075,MCOLN2,-,-,-,Un,-,mucolipin TRP cation channel 2,protein-coding,-,-,-,mucolipin-2,20210420,-
130825,121161076,CUNH1orf52,-,-,-,Un,-,chromosome unknown C1orf52 homolog,protein-coding,-,-,-,UPF0690 protein C1orf52 homolog,20210420,-
130825,121161077,BCL10,-,-,-,Un,-,BCL10 immune signaling adaptor,protein-coding,-,-,-,B-cell lymphoma/leukemia 10,20210420,-
130825,121161078,DDAH1,-,-,-,Un,-,dimethylarginine dimethylaminohydrolase 1,protein-coding,-,-,-,"N(G),N(G)-dimethylarginine dimethylaminohydrolase 1",20210420,-
130825,121161079,ZNHIT6,-,-,-,Un,-,zinc finger HIT-type containing 6,protein-coding,-,-,-,box C/D snoRNA protein 1,20210420,-
130825,121161080,ODF2L,-,-,-,Un,-,outer dense fiber of sperm tails 2 like,protein-coding,-,-,-,protein BCAP,20210420,-
130825,121161081,LOC121161081,-,-,-,Un,-,"10 kDa heat shock protein, mitochondrial-like",protein-coding,-,-,-,"10 kDa heat shock protein, mitochondrial-like",20210420,-
130825,121161082,FAM118A,-,-,-,Un,-,family with sequence similarity 118 member A,protein-coding,-,-,-,protein FAM118A,20210420,-
130825,121161083,SH3GLB1,-,-,-,Un,-,"SH3 domain containing GRB2 like, endophilin B1",protein-coding,-,-,-,endophilin-B1,20210420,-
130825,121161084,SELENOF,-,-,-,Un,-,selenoprotein F,protein-coding,-,-,-,selenoprotein F,20210420,-
130825,121161085,HS2ST1,-,-,-,Un,-,heparan sulfate 2-O-sulfotransferase 1,protein-coding,-,-,-,heparan sulfate 2-O-sulfotransferase 1,20210529,-
130825,121161086,LOC121161086,-,-,-,Un,-,GTP-binding protein SAR1a-like,pseudo,-,-,-,-,20210420,-
130825,121161087,LOC121161087,-,-,-,Un,-,serine-threonine kinase receptor-associated protein-like,pseudo,-,-,-,-,20210420,-
130825,121161088,LOC121161088,-,-,-,Un,-,U2 spliceosomal RNA,pseudo,-,-,-,-,20210420,-
130825,121161089,LOC121161089,-,-,-,Un,-,U2 spliceosomal RNA,pseudo,-,-,-,-,20210420,-
130825,121161090,LOC121161090,-,-,-,Un,-,U2 spliceosomal RNA,pseudo,-,-,-,-,20210420,-
130825,121161091,LOC121161091,-,-,-,Un,-,U2 spliceosomal RNA,pseudo,-,-,-,-,20210420,-
130825,121161092,LOC121161092,-,-,-,Un,-,U4 spliceosomal RNA,snRNA,-,-,-,-,20210420,-
130825,121161093,LOC121161093,-,-,-,Un,-,U4 spliceosomal RNA,snRNA,-,-,-,-,20210420,-
130825,121161094,LOC121161094,-,-,-,Un,-,U6 spliceosomal RNA,snRNA,-,-,-,-,20210420,-
130825,121161095,LOC121161095,-,-,-,Un,-,U6 spliceosomal RNA,snRNA,-,-,-,-,20210420,-
130825,121161096,LOC121161096,-,-,-,Un,-,U6 spliceosomal RNA,snRNA,-,-,-,-,20210420,-
130825,121161097,LOC121161097,-,-,-,Un,-,U6 spliceosomal RNA,snRNA,-,-,-,-,20210420,-
130825,121161098,LOC121161098,-,-,-,Un,-,U6 spliceosomal RNA,snRNA,-,-,-,-,20210420,-
130825,121161099,LOC121161099,-,-,-,Un,-,U6 spliceosomal RNA,snRNA,-,-,-,-,20210420,-
130825,121161100,LOC121161100,-,-,-,Un,-,U6 spliceosomal RNA,snRNA,-,-,-,-,20210420,-
130825,121161101,LOC121161101,-,-,-,Un,-,U6 spliceosomal RNA,snRNA,-,-,-,-,20210420,-
130825,121161102,LOC121161102,-,-,-,Un,-,U6 spliceosomal RNA,snRNA,-,-,-,-,20210420,-
130825,121161103,LOC121161103,-,-,-,Un,-,U6 spliceosomal RNA,snRNA,-,-,-,-,20210420,-
130825,121161104,LOC121161104,-,-,-,Un,-,U6 spliceosomal RNA,snRNA,-,-,-,-,20210420,-
130825,121161105,LOC121161105,-,-,-,Un,-,U6 spliceosomal RNA,pseudo,-,-,-,-,20210420,-
130825,121161106,LOC121161106,-,-,-,Un,-,small nucleolar RNA SNORA70,snoRNA,-,-,-,-,20210420,-
130825,121161107,LOC121161107,-,-,-,Un,-,small nucleolar RNA SNORD45,snoRNA,-,-,-,-,20210420,-
130825,121161108,LOC121161108,-,-,-,Un,-,small nucleolar RNA SNORD45,snoRNA,-,-,-,-,20210420,-
130825,121161109,LOC121161109,-,-,-,Un,-,small nucleolar RNA SNORD45,snoRNA,-,-,-,-,20210420,-
130825,121161110,LOC121161110,-,-,-,Un,-,small nucleolar RNA SNORA11,snoRNA,-,-,-,-,20210420,-
130825,121161111,LOC121161111,-,-,-,Un,-,small nucleolar RNA U13,snoRNA,-,-,-,-,20210420,-
130825,121161112,LOC121161112,-,-,-,Un,-,small nucleolar RNA ACA64,snoRNA,-,-,-,-,20210420,-
130825,121161113,LOC121161113,-,-,-,Un,-,small nucleolar RNA ACA64,snoRNA,-,-,-,-,20210420,-
130825,121161114,LOC121161114,-,-,-,Un,-,zinc finger protein 41-like,pseudo,-,-,-,-,20210420,-
130825,121161115,LOC121161115,-,-,-,Un,-,uncharacterized LOC121161115,ncRNA,-,-,-,-,20210420,-
130825,121161116,LOC121161116,-,-,-,Un,-,tubulin alpha-1C chain-like,pseudo,-,-,-,-,20210420,-
130825,121161117,LOC121161117,-,-,-,Un,-,tubulin alpha chain-like,pseudo,-,-,-,-,20210420,-
130825,121161118,LOC121161118,-,-,-,Un,-,A disintegrin and metalloproteinase with thrombospondin motifs 2-like,protein-coding,-,-,-,A disintegrin and metalloproteinase with thrombospondin motifs 2-like,20210420,-
130825,121161119,LOC121161119,-,-,-,Un,-,prothymosin alpha-like,pseudo,-,-,-,-,20210420,-
130825,121161120,LOC121161120,-,-,-,Un,-,calbindin,protein-coding,-,-,-,calbindin,20210420,-
130825,121161121,LOC121161121,-,-,-,Un,-,"2,4-dienoyl-CoA reductase [(3E)-enoyl-CoA-producing], mitochondrial",protein-coding,-,-,-,"2,4-dienoyl-CoA reductase [(3E)-enoyl-CoA-producing], mitochondrial",20210420,-
130825,121161122,LOC121161122,-,-,-,Un,-,transmembrane protein 64-like,protein-coding,-,-,-,transmembrane protein 64-like,20210420,-
130825,121161123,LOC121161123,-,-,-,Un,-,oxidative stress-induced growth inhibitor 2-like,pseudo,-,-,-,-,20210420,-
130825,121161124,LOC121161124,-,-,-,Un,-,U6 spliceosomal RNA,pseudo,-,-,-,-,20210420,-
130825,121161125,LOC121161125,-,-,-,Un,-,U6 spliceosomal RNA,pseudo,-,-,-,-,20210420,-
130825,121161126,LOC121161126,-,-,-,Un,-,60S ribosomal protein L3-like,pseudo,-,-,-,-,20210420,-
130825,121161127,BHLHE41,-,-,-,Un,-,basic helix-loop-helix family member e41,protein-coding,-,-,-,class E basic helix-loop-helix protein 41,20210420,-
130825,121161128,PPFIBP1,-,-,-,Un,-,PPFIA binding protein 1,protein-coding,-,-,-,liprin-beta-1,20210420,-
130825,121161129,PTHLH,-,-,-,Un,-,parathyroid hormone like hormone,protein-coding,-,-,-,parathyroid hormone-related protein,20210420,-
130825,121161130,LMNTD1,-,-,-,Un,-,lamin tail domain containing 1,protein-coding,-,-,-,lamin tail domain-containing protein 1,20210420,-
130825,121161131,SMCO2,-,-,-,Un,-,single-pass membrane protein with coiled-coil domains 2,protein-coding,-,-,-,single-pass membrane and coiled-coil domain-containing protein 2,20210420,-
130825,121161132,CUNH12orf71,-,-,-,Un,-,chromosome unknown C12orf71 homolog,protein-coding,-,-,-,uncharacterized protein C12orf71 homolog,20210420,-
130825,121161133,MANSC4,-,-,-,Un,-,MANSC domain containing 4,protein-coding,-,-,-,MANSC domain-containing protein 4,20210420,-
130825,121161134,DNAI7,-,-,-,Un,-,dynein axonemal intermediate chain 7,protein-coding,-,-,-,"dynein intermediate chain CFAP94, axonemal",20210420,-
130825,121161135,IRAG2,-,-,-,Un,-,"inositol 1,4,5-triphosphate receptor associated 2",protein-coding,-,-,-,"inositol 1,4,5-triphosphate receptor associated 2",20210420,-
130825,121161136,KRAS,-,-,-,Un,-,"KRAS proto-oncogene, GTPase",protein-coding,-,-,-,GTPase KRas,20210529,-
130825,121161137,ATXN10,-,-,-,Un,-,ataxin 10,protein-coding,-,-,-,ataxin-10,20210420,-
130825,121161138,ETFRF1,-,-,-,Un,-,electron transfer flavoprotein regulatory factor 1,protein-coding,-,-,-,electron transfer flavoprotein regulatory factor 1,20210420,-
130825,121161139,RASSF8,-,-,-,Un,-,Ras association domain family member 8,protein-coding,-,-,-,ras association domain-containing protein 8,20210420,-
130825,121161140,SSPN,-,-,-,Un,-,sarcospan,protein-coding,-,-,-,sarcospan,20210420,-
130825,121161141,ITPR2,-,-,-,Un,-,"inositol 1,4,5-trisphosphate receptor type 2",protein-coding,-,-,-,"inositol 1,4,5-trisphosphate receptor type 2",20210420,-
130825,121161142,INTS13,-,-,-,Un,-,integrator complex subunit 13,protein-coding,-,-,-,integrator complex subunit 13,20210420,-
130825,121161143,LOC121161143,-,-,-,Un,-,uncharacterized LOC121161143,ncRNA,-,-,-,-,20210420,-
130825,121161144,FGFR1OP2,-,-,-,Un,-,FGFR1 oncogene partner 2,protein-coding,-,-,-,FGFR1 oncogene partner 2,20210420,-
130825,121161145,TM7SF3,-,-,-,Un,-,transmembrane 7 superfamily member 3,protein-coding,-,-,-,transmembrane 7 superfamily member 3,20210420,-
130825,121161146,MED21,-,-,-,Un,-,mediator complex subunit 21,protein-coding,-,-,-,mediator of RNA polymerase II transcription subunit 21,20210420,-
130825,121161147,STK38L,-,-,-,Un,-,serine/threonine kinase 38 like,protein-coding,-,-,-,serine/threonine-protein kinase 38-like,20210420,-
130825,121161148,MRPS35,-,-,-,Un,-,mitochondrial ribosomal protein S35,protein-coding,-,-,-,"28S ribosomal protein S35, mitochondrial",20210420,-
130825,121161149,PPARA,-,-,-,Un,-,peroxisome proliferator activated receptor alpha,protein-coding,-,-,-,peroxisome proliferator-activated receptor alpha,20210420,-
130825,121161150,REP15,-,-,-,Un,-,RAB15 effector protein,protein-coding,-,-,-,rab15 effector protein,20210420,-
130825,121161151,KLHL42,-,-,-,Un,-,kelch like family member 42,protein-coding,-,-,-,kelch-like protein 42,20210420,-
130825,121161152,CCDC91,-,-,-,Un,-,coiled-coil domain containing 91,protein-coding,-,-,-,coiled-coil domain-containing protein 91,20210420,-
130825,121161153,LOC121161153,-,-,-,Un,-,uncharacterized LOC121161153,ncRNA,-,-,-,-,20210420,-
130825,121161154,LOC121161154,-,-,-,Un,-,uncharacterized LOC121161154,ncRNA,-,-,-,-,20210420,-
130825,121161155,LOC121161155,-,-,-,Un,-,uncharacterized LOC121161155,ncRNA,-,-,-,-,20210420,-
130825,121161156,LOC121161156,-,-,-,Un,-,uncharacterized LOC121161156,ncRNA,-,-,-,-,20210420,-
130825,121161157,LOC121161157,-,-,-,Un,-,uncharacterized LOC121161157,ncRNA,-,-,-,-,20210420,-
130825,121161158,LOC121161158,-,-,-,Un,-,uncharacterized LOC121161158,ncRNA,-,-,-,-,20210420,-
130825,121161159,LOC121161159,-,-,-,Un,-,uncharacterized LOC121161159,ncRNA,-,-,-,-,20210420,-
130825,121161160,FAR2,-,-,-,Un,-,fatty acyl-CoA reductase 2,protein-coding,-,-,-,fatty acyl-CoA reductase 2,20210420,-
130825,121161161,CDPF1,-,-,-,Un,-,cysteine rich DPF motif domain containing 1,protein-coding,-,-,-,cysteine-rich DPF motif domain-containing protein 1,20210420,-
130825,121161162,ERGIC2,-,-,-,Un,-,ERGIC and golgi 2,protein-coding,-,-,-,endoplasmic reticulum-Golgi intermediate compartment protein 2,20210420,-
130825,121161163,LOC121161163,-,-,-,Un,-,U6 spliceosomal RNA,snRNA,-,-,-,-,20210420,-
130825,121161164,LOC121161164,-,-,-,Un,-,small nucleolar RNA SNORA2/SNORA34 family,snoRNA,-,-,-,-,20210420,-
130825,121161165,LOC121161165,-,-,-,Un,-,small nucleolar RNA ACA64,snoRNA,-,-,-,-,20210420,-
130825,121161166,LOC121161166,-,-,-,Un,-,U2 spliceosomal RNA,pseudo,-,-,-,-,20210420,-
130825,121161167,LOC121161167,-,-,-,Un,-,U4 spliceosomal RNA,pseudo,-,-,-,-,20210420,-
130825,121161168,LOC121161168,-,-,-,Un,-,U6 spliceosomal RNA,snRNA,-,-,-,-,20210420,-
130825,121161169,LOC121161169,-,-,-,Un,-,U6 spliceosomal RNA,snRNA,-,-,-,-,20210420,-
130825,121161170,LOC121161170,-,-,-,Un,-,mitochondrial import receptor subunit TOM40 homolog,pseudo,-,-,-,-,20210420,-
130825,121161171,CELSR1,-,-,-,Un,-,cadherin EGF LAG seven-pass G-type receptor 1,protein-coding,-,-,-,cadherin EGF LAG seven-pass G-type receptor 1,20210420,-
130825,121161172,LOC121161172,-,-,-,Un,-,"ATP synthase subunit f, mitochondrial-like",pseudo,-,-,-,-,20210420,-
130825,121161173,LOC121161173,-,-,-,Un,-,"HLA class I histocompatibility antigen, A alpha chain-like",pseudo,-,-,-,-,20210420,-
130825,121161174,LOC121161174,-,-,-,Un,-,"patr class I histocompatibility antigen, A-2 alpha chain-like",protein-coding,-,-,-,"patr class I histocompatibility antigen, A-2 alpha chain-like",20210420,-
130825,121161175,LOC121161175,-,-,-,Un,-,"HLA class I histocompatibility antigen, A alpha chain-like",protein-coding,-,-,-,"HLA class I histocompatibility antigen, A alpha chain-like",20210420,-
130825,121161176,LRGUK,-,-,-,Un,-,leucine rich repeats and guanylate kinase domain containing,protein-coding,-,-,-,leucine-rich repeat and guanylate kinase domain-containing protein,20210420,-
130825,121161177,LOC121161177,-,-,-,Un,-,uncharacterized LOC121161177,ncRNA,-,-,-,-,20210420,-
130825,121161178,LOC121161178,-,-,-,Un,-,uncharacterized LOC121161178,ncRNA,-,-,-,-,20210420,-
130825,121161179,LOC121161179,-,-,-,Un,-,uncharacterized LOC121161179,ncRNA,-,-,-,-,20210420,-
130825,121161180,LOC121161180,-,-,-,Un,-,uncharacterized LOC121161180,ncRNA,-,-,-,-,20210420,-
130825,121161181,LOC121161181,-,-,-,Un,-,uncharacterized LOC121161181,ncRNA,-,-,-,-,20210420,-
130825,121161182,LOC121161182,-,-,-,Un,-,uncharacterized LOC121161182,ncRNA,-,-,-,-,20210420,-
130825,121161183,LOC121161183,-,-,-,Un,-,uncharacterized LOC121161183,ncRNA,-,-,-,-,20210420,-
130825,121161184,MKLN1,-,-,-,Un,-,muskelin 1,protein-coding,-,-,-,muskelin,20210420,-
130825,121161185,GRAMD4,-,-,-,Un,-,GRAM domain containing 4,protein-coding,-,-,-,GRAM domain-containing protein 4,20210420,-
130825,121161186,PODXL,-,-,-,Un,-,podocalyxin like,protein-coding,-,-,-,podocalyxin,20210420,-
130825,121161187,PLXNA4,-,-,-,Un,-,plexin A4,protein-coding,-,-,-,plexin-A4,20210420,-
130825,121161188,CHCHD3,-,-,-,Un,-,coiled-coil-helix-coiled-coil-helix domain containing 3,protein-coding,-,-,-,MICOS complex subunit MIC19,20210420,-
130825,121161189,EXOC4,-,-,-,Un,-,exocyst complex component 4,protein-coding,-,-,-,exocyst complex component 4,20210420,-
130825,121161190,CERK,-,-,-,Un,-,ceramide kinase,protein-coding,-,-,-,ceramide kinase,20210420,-
130825,121161191,SLC35B4,-,-,-,Un,-,solute carrier family 35 member B4,protein-coding,-,-,-,UDP-xylose and UDP-N-acetylglucosamine transporter,20210420,-
130825,121161192,LOC121161192,-,-,-,Un,-,aldose reductase-related protein 2-like,protein-coding,-,-,-,aldose reductase-related protein 2-like,20210420,-
130825,121161193,AKR1B1,-,-,-,Un,-,aldo-keto reductase family 1 member B,protein-coding,-,-,-,aldo-keto reductase family 1 member B1,20210420,-
130825,121161194,LOC121161194,-,-,-,Un,-,macrophage migration inhibitory factor-like,pseudo,-,-,-,-,20210420,-
130825,121161195,LOC121161195,-,-,-,Un,-,uncharacterized LOC121161195,ncRNA,-,-,-,-,20210420,-
130825,121161196,LOC121161196,-,-,-,Un,-,aldose reductase-related protein 2,protein-coding,-,-,-,aldo-keto reductase family 1 member B10|aldose reductase-related protein 2,20210420,-
130825,121161197,BPGM,-,-,-,Un,-,bisphosphoglycerate mutase,protein-coding,-,-,-,bisphosphoglycerate mutase,20210420,-
130825,121161198,LOC121161198,-,-,-,Un,-,U6 spliceosomal RNA,snRNA,-,-,-,-,20210420,-
130825,121161199,LOC121161199,-,-,-,Un,-,U6 spliceosomal RNA,pseudo,-,-,-,-,20210420,-
130825,121161200,CUNH12orf54,-,-,-,Un,-,chromosome unknown C12orf54 homolog,protein-coding,-,-,-,uncharacterized protein C12orf54 homolog,20210420,-
130825,121161201,LOC121161201,-,-,-,Un,-,Y-box-binding protein 1-like,pseudo,-,-,-,-,20210420,-
130825,121161202,B3GAT1,-,-,-,Un,-,"beta-1,3-glucuronyltransferase 1",protein-coding,-,-,-,galactosylgalactosylxylosylprotein 3-beta-glucuronosyltransferase 1,20210420,-
130825,121161203,LOC121161203,-,-,-,Un,-,beta-galactosidase-1-like protein 3,protein-coding,-,-,-,beta-galactosidase-1-like protein 3,20210420,-
130825,121161204,LOC121161204,-,-,-,Un,-,translocating chain-associated membrane protein 2-like,protein-coding,-,-,-,translocating chain-associated membrane protein 2-like,20210420,-
130825,121161205,LOC121161205,-,-,-,Un,-,beta-galactosidase-1-like protein 2,protein-coding,-,-,-,beta-galactosidase-1-like protein 2,20210420,-
130825,121161206,LOC121161206,-,-,-,Un,-,protein kinase C iota type-like,pseudo,-,-,-,-,20210420,-
130825,121161207,LOC121161207,-,-,-,Un,-,U6 spliceosomal RNA,snRNA,-,-,-,-,20210420,-
130825,121161208,LOC121161208,-,-,-,Un,-,tetratricopeptide repeat protein 38-like,protein-coding,-,-,-,tetratricopeptide repeat protein 38-like,20210420,-
130825,121161209,LOC121161209,-,-,-,Un,-,putative vomeronasal receptor-like protein 4,pseudo,-,-,-,-,20210420,-
130825,121161210,LOC121161210,-,-,-,Un,-,putative vomeronasal receptor-like protein 4,protein-coding,-,-,-,LOW QUALITY PROTEIN: putative vomeronasal receptor-like protein 4,20210420,-
130825,121161211,LOC121161211,-,-,-,Un,-,elongation of very long chain fatty acids protein 6-like,pseudo,-,-,-,-,20210420,-
130825,121161212,LOC121161212,-,-,-,Un,-,G-protein coupled receptor family C group 5 member C-like,pseudo,-,-,-,-,20210420,-
130825,121161213,LOC121161213,-,-,-,Un,-,U6 spliceosomal RNA,snRNA,-,-,-,-,20210420,-
130825,121161214,LOC121161214,-,-,-,Un,-,probable histone-lysine N-methyltransferase PRDM7,protein-coding,-,-,-,probable histone-lysine N-methyltransferase PRDM7,20210420,-
130825,121161215,LOC121161215,-,-,-,Un,-,tetratricopeptide repeat protein 9C-like,pseudo,-,-,-,-,20210420,-
130825,121161216,LOC121161216,-,-,-,Un,-,phosphatidylinositol transfer protein beta isoform-like,pseudo,-,-,-,-,20210420,-
130825,121161217,LOC121161217,-,-,-,Un,-,elongation of very long chain fatty acids protein 6-like,pseudo,-,-,-,-,20210420,-
130825,121161218,LOC121161218,-,-,-,Un,-,putative vomeronasal receptor-like protein 4,protein-coding,-,-,-,putative vomeronasal receptor-like protein 4,20210420,-
130825,121161219,TTC38,-,-,-,Un,-,tetratricopeptide repeat domain 38,protein-coding,-,-,-,tetratricopeptide repeat protein 38,20210420,-
130825,121161220,LOC121161220,-,-,-,Un,-,putative vomeronasal receptor-like protein 4,protein-coding,-,-,-,putative vomeronasal receptor-like protein 4,20210420,-
130825,121161221,LOC121161221,-,-,-,Un,-,ankyrin repeat domain-containing protein 26-like,protein-coding,-,-,-,ankyrin repeat domain-containing protein 26-like,20210420,-
130825,121161222,LOC121161222,-,-,-,Un,-,U6 spliceosomal RNA,pseudo,-,-,-,-,20210420,-
130825,121161223,LOC121161223,-,-,-,Un,-,E3 ubiquitin-protein ligase TRIM31-like,protein-coding,-,-,-,E3 ubiquitin-protein ligase TRIM31-like,20210420,-
130825,121161224,LOC121161224,-,-,-,Un,-,tripartite motif-containing protein 10,protein-coding,-,-,-,tripartite motif-containing protein 10,20210420,-
130825,121161225,LOC121161225,-,-,-,Un,-,tripartite motif-containing protein 26,protein-coding,-,-,-,tripartite motif-containing protein 26,20210420,-
130825,121161226,LOC121161226,-,-,-,Un,-,tripartite motif-containing protein 26-like,protein-coding,-,-,-,tripartite motif-containing protein 26-like,20210420,-
130825,121161227,LOC121161227,-,-,-,Un,-,"patr class I histocompatibility antigen, A-2 alpha chain-like",protein-coding,-,-,-,"patr class I histocompatibility antigen, A-2 alpha chain-like",20210420,-
130825,121161228,LOC121161228,-,-,-,Un,-,E3 ubiquitin ligase TRIM40-like,protein-coding,-,-,-,E3 ubiquitin ligase TRIM40-like,20210420,-
130825,121161229,TRMU,-,-,-,Un,-,tRNA mitochondrial 2-thiouridylase,protein-coding,-,-,-,mitochondrial tRNA-specific 2-thiouridylase 1,20210420,-
130825,121161230,LOC121161230,-,-,-,Un,-,tripartite motif-containing protein 15-like,protein-coding,-,-,-,tripartite motif-containing protein 15-like,20210420,-
130825,121161231,LOC121161231,-,-,-,Un,-,hsp90 co-chaperone Cdc37-like 1,pseudo,-,-,-,-,20210420,-
130825,121161232,DPT,-,-,-,Un,-,dermatopontin,protein-coding,-,-,-,dermatopontin,20210420,-
130825,121161233,LOC121161233,-,-,-,Un,-,uncharacterized LOC121161233,ncRNA,-,-,-,-,20210420,-
130825,121161234,LOC121161234,-,-,-,Un,-,lymphotactin-like,protein-coding,-,-,-,lymphotactin-like,20210420,-
130825,121161235,TBX19,-,-,-,Un,-,T-box transcription factor 19,protein-coding,-,-,-,T-box transcription factor TBX19,20210420,-
130825,121161236,GPR161,-,-,-,Un,-,G protein-coupled receptor 161,protein-coding,-,-,-,G-protein coupled receptor 161,20210420,-
130825,121161237,LOC121161237,-,-,-,Un,-,uncharacterized LOC121161237,ncRNA,-,-,-,-,20210420,-
130825,121161238,LOC121161238,-,-,-,Un,-,uncharacterized LOC121161238,ncRNA,-,-,-,-,20210420,-
130825,121161239,LOC121161239,-,-,-,Un,-,adenylyl cyclase-associated protein 1-like,pseudo,-,-,-,-,20210420,-
130825,121161240,LOC121161240,-,-,-,Un,-,luc7-like protein 3,pseudo,-,-,-,-,20210420,-
130825,121161241,LOC121161241,-,-,-,Un,-,tubulin beta chain-like,pseudo,-,-,-,-,20210420,-
130825,121161242,BLZF1,-,-,-,Un,-,basic leucine zipper nuclear factor 1,protein-coding,-,-,-,golgin-45,20210420,-
130825,121161243,NME7,-,-,-,Un,-,NME/NM23 family member 7,protein-coding,-,-,-,nucleoside diphosphate kinase 7,20210420,-
130825,121161244,ATP1B1,-,-,-,Un,-,ATPase Na+/K+ transporting subunit beta 1,protein-coding,-,-,-,sodium/potassium-transporting ATPase subunit beta-1,20210420,-
130825,121161245,SFT2D2,-,-,-,Un,-,SFT2 domain containing 2,protein-coding,-,-,-,vesicle transport protein SFT2B,20210420,-
130825,121161246,TBC1D22A,-,-,-,Un,-,TBC1 domain family member 22A,protein-coding,-,-,-,TBC1 domain family member 22A,20210420,-
130825,121161247,TIPRL,-,-,-,Un,-,TOR signaling pathway regulator,protein-coding,-,-,-,TIP41-like protein,20210420,-
130825,121161248,DCAF6,-,-,-,Un,-,DDB1 and CUL4 associated factor 6,protein-coding,-,-,-,DDB1- and CUL4-associated factor 6,20210420,-
130825,121161249,MPZL1,-,-,-,Un,-,myelin protein zero like 1,protein-coding,-,-,-,myelin protein zero-like protein 1,20210420,-
130825,121161250,RCSD1,-,-,-,Un,-,RCSD domain containing 1,protein-coding,-,-,-,capZ-interacting protein,20210420,-
130825,121161251,LOC121161251,-,-,-,Un,-,5S ribosomal RNA,pseudo,-,-,-,-,20210420,-
130825,121161252,LOC121161252,-,-,-,Un,-,5S ribosomal RNA,pseudo,-,-,-,-,20210420,-
130825,121161253,LOC121161253,-,-,-,Un,-,U6 spliceosomal RNA,pseudo,-,-,-,-,20210420,-
130825,121161254,TRNAP-AGG,-,-,-,Un,-,transfer RNA proline (anticodon AGG),tRNA,-,-,-,-,20210420,-
130825,121161255,TRNAP-CGG,-,-,-,Un,-,transfer RNA proline (anticodon CGG),tRNA,-,-,-,-,20210420,-
130825,121161256,LOC121161256,-,-,-,Un,-,A disintegrin and metallopeptidase domain 3-like,protein-coding,-,-,-,LOW QUALITY PROTEIN: A disintegrin and metallopeptidase domain 3-like,20210420,-
130825,121161257,LOC121161257,-,-,-,Un,-,A disintegrin and metallopeptidase domain 3-like,protein-coding,-,-,-,A disintegrin and metallopeptidase domain 3-like,20210420,-
130825,121161258,LOC121161258,-,-,-,Un,-,A disintegrin and metallopeptidase domain 3-like,protein-coding,-,-,-,A disintegrin and metallopeptidase domain 3-like,20210420,-
130825,121161259,TSBP1,-,-,-,Un,-,testis expressed basic protein 1,protein-coding,-,-,-,testis-expressed basic protein 1,20210420,-
130825,121161260,LOC121161260,-,-,-,Un,-,uncharacterized LOC121161260,ncRNA,-,-,-,-,20210420,-
130825,121161261,LOC121161261,-,-,-,Un,-,butyrophilin subfamily 3 member A2-like,protein-coding,-,-,-,butyrophilin subfamily 3 member A2-like,20210420,-
130825,121161262,LOC121161262,-,-,-,Un,-,butyrophilin-like protein 1,protein-coding,-,-,-,butyrophilin-like protein 1,20210420,-
130825,121161263,LOC121161263,-,-,-,Un,-,butyrophilin-like protein 1,protein-coding,-,-,-,butyrophilin-like protein 1,20210420,-
130825,121161264,LOC121161264,-,-,-,Un,-,butyrophilin-like protein 1,protein-coding,-,-,-,butyrophilin-like protein 1,20210420,-
130825,121161265,BRD1,-,-,-,Un,-,bromodomain containing 1,protein-coding,-,-,-,bromodomain-containing protein 1,20210420,-
130825,121161266,LOC121161266,-,-,-,Un,-,butyrophilin-like protein 1,protein-coding,-,-,-,butyrophilin-like protein 1,20210420,-
130825,121161267,LOC121161267,-,-,-,Un,-,uncharacterized LOC121161267,ncRNA,-,-,-,-,20210420,-
130825,121161268,LOC121161268,-,-,-,Un,-,zinc finger protein 2 homolog,protein-coding,-,-,-,zinc finger protein 2 homolog,20210420,-
130825,121161269,PLEKHN1,-,-,-,Un,-,pleckstrin homology domain containing N1,protein-coding,-,-,-,pleckstrin homology domain-containing family N member 1,20210420,-
130825,121161270,PERM1,-,-,-,Un,-,"PPARGC1 and ESRR induced regulator, muscle 1",protein-coding,-,-,-,PGC-1 and ERR-induced regulator in muscle protein 1,20210420,-
130825,121161271,TTLL10,-,-,-,Un,-,tubulin tyrosine ligase like 10,protein-coding,-,-,-,inactive polyglycylase TTLL10,20210420,-
130825,121161272,TAS1R3,-,-,-,Un,-,taste 1 receptor member 3,protein-coding,-,-,-,taste receptor type 1 member 3,20210420,-
130825,121161273,DVL1,-,-,-,Un,-,dishevelled segment polarity protein 1,protein-coding,-,-,-,segment polarity protein dishevelled homolog DVL-1,20210420,-
130825,121161274,ANKRD65,-,-,-,Un,-,ankyrin repeat domain 65,protein-coding,-,-,-,ankyrin repeat domain-containing protein 65,20210420,-
130825,121161275,ZBED4,-,-,-,Un,-,zinc finger BED-type containing 4,protein-coding,-,-,-,zinc finger BED domain-containing protein 4,20210420,-
130825,121161276,CFAP74,-,-,-,Un,-,cilia and flagella associated protein 74,protein-coding,-,-,-,cilia- and flagella-associated protein 74,20210420,-
130825,121161277,FAAP20,-,-,-,Un,-,FA core complex associated protein 20,protein-coding,-,-,-,Fanconi anemia core complex-associated protein 20,20210420,-
130825,121161278,MORN1,-,-,-,Un,-,MORN repeat containing 1,protein-coding,-,-,-,MORN repeat-containing protein 1,20210420,-
130825,121161279,MMEL1,-,-,-,Un,-,membrane metalloendopeptidase like 1,protein-coding,-,-,-,membrane metallo-endopeptidase-like 1,20210420,-
130825,121161280,PRDM16,-,-,-,Un,-,PR/SET domain 16,protein-coding,-,-,-,histone-lysine N-methyltransferase PRDM16,20210420,-
130825,121161281,MEGF6,-,-,-,Un,-,multiple EGF like domains 6,protein-coding,-,-,-,multiple epidermal growth factor-like domains protein 6,20210420,-
130825,121161282,CCDC27,-,-,-,Un,-,coiled-coil domain containing 27,protein-coding,-,-,-,coiled-coil domain-containing protein 27,20210420,-
130825,121161283,LRRC47,-,-,-,Un,-,leucine rich repeat containing 47,protein-coding,-,-,-,leucine-rich repeat-containing protein 47,20210420,-
130825,121161284,AJAP1,-,-,-,Un,-,adherens junctions associated protein 1,protein-coding,-,-,-,adherens junction-associated protein 1,20210420,-
130825,121161285,CHD5,-,-,-,Un,-,chromodomain helicase DNA binding protein 5,protein-coding,-,-,-,chromodomain-helicase-DNA-binding protein 5,20210420,-
130825,121161286,SLC45A1,-,-,-,Un,-,solute carrier family 45 member 1,protein-coding,-,-,-,proton-associated sugar transporter A,20210420,-
130825,121161287,LOC121161287,-,-,-,Un,-,PRAME family member 8-like,protein-coding,-,-,-,PRAME family member 8-like,20210420,-
130825,121161288,LOC121161288,-,-,-,Un,-,cortistatin-like,protein-coding,-,-,-,cortistatin-like,20210420,-
130825,121161289,ALG12,-,-,-,Un,-,"ALG12 alpha-1,6-mannosyltransferase",protein-coding,-,-,-,"dol-P-Man:Man(7)GlcNAc(2)-PP-Dol alpha-1,6-mannosyltransferase",20210420,-
130825,121161290,CUNH1orf127,-,-,-,Un,-,chromosome unknown C1orf127 homolog,protein-coding,-,-,-,uncharacterized protein C1orf127 homolog,20210420,-
130825,121161291,MASP2,-,-,-,Un,-,MBL associated serine protease 2,protein-coding,-,-,-,mannan-binding lectin serine protease 2,20210420,-
130825,121161292,DRAXIN,-,-,-,Un,-,dorsal inhibitory axon guidance protein,protein-coding,-,-,-,draxin,20210420,-
130825,121161293,CUNH1orf167,-,-,-,Un,-,chromosome unknown C1orf167 homolog,protein-coding,-,-,-,uncharacterized protein C1orf167 homolog,20210420,-
130825,121161294,LOC121161294,-,-,-,Un,-,40S ribosomal protein S28-like,pseudo,-,-,-,-,20210420,-
130825,121161295,TNFRSF8,-,-,-,Un,-,TNF receptor superfamily member 8,protein-coding,-,-,-,tumor necrosis factor receptor superfamily member 8,20210420,-
130825,121161296,LOC121161296,-,-,-,Un,-,arylacetamide deacetylase-like 4,protein-coding,-,-,-,LOW QUALITY PROTEIN: arylacetamide deacetylase-like 4,20210420,-
130825,121161297,LOC121161297,-,-,-,Un,-,PRAME family member 8-like,protein-coding,-,-,-,PRAME family member 8-like,20210420,-
130825,121161298,LOC121161298,-,-,-,Un,-,PRAME family member 12-like,protein-coding,-,-,-,PRAME family member 12-like,20210420,-
130825,121161299,LOC121161299,-,-,-,Un,-,PRAME family member 12-like,protein-coding,-,-,-,PRAME family member 12-like,20210420,-
130825,121161300,TRABD,-,-,-,Un,-,TraB domain containing,protein-coding,-,-,-,traB domain-containing protein,20210420,-
130825,121161301,LOC121161301,-,-,-,Un,-,PRAME family member 12-like,protein-coding,-,-,-,PRAME family member 12-like,20210420,-
130825,121161302,LOC121161302,-,-,-,Un,-,PRAME family member 12-like,protein-coding,-,-,-,PRAME family member 12-like,20210420,-
130825,121161303,LOC121161303,-,-,-,Un,-,PRAME family member 12-like,protein-coding,-,-,-,PRAME family member 12-like,20210420,-
130825,121161304,LRRC38,-,-,-,Un,-,leucine rich repeat containing 38,protein-coding,-,-,-,leucine-rich repeat-containing protein 38,20210420,-
130825,121161305,LOC121161305,-,-,-,Un,-,proline-rich protein HaeIII subfamily 1-like,protein-coding,-,-,-,proline-rich protein HaeIII subfamily 1-like,20210420,-
130825,121161306,FHAD1,-,-,-,Un,-,forkhead associated phosphopeptide binding domain 1,protein-coding,-,-,-,forkhead-associated domain-containing protein 1,20210420,-
130825,121161307,CTRC,-,-,-,Un,-,chymotrypsin C,protein-coding,-,-,-,chymotrypsin-C,20210420,-
130825,121161308,TMEM82,-,-,-,Un,-,transmembrane protein 82,protein-coding,-,-,-,transmembrane protein 82,20210420,-
130825,121161309,LOC121161309,-,-,-,Un,-,H/ACA ribonucleoprotein complex subunit 2-like,pseudo,-,-,-,-,20210420,-
130825,121161310,LOC121161310,-,-,-,Un,-,rab11 family-interacting protein 1-like,pseudo,-,-,-,-,20210420,-
130825,121161311,LOC121161311,-,-,-,Un,-,steroid receptor associated and regulated protein,protein-coding,-,-,-,steroid receptor-associated and regulated protein,20210420,-
130825,121161312,FAM131C,-,-,-,Un,-,family with sequence similarity 131 member C,protein-coding,-,-,-,protein FAM131C,20210420,-
130825,121161313,ARHGEF19,-,-,-,Un,-,Rho guanine nucleotide exchange factor 19,protein-coding,-,-,-,rho guanine nucleotide exchange factor 19,20210420,-
130825,121161314,SPATA21,-,-,-,Un,-,spermatogenesis associated 21,protein-coding,-,-,-,spermatogenesis-associated protein 21,20210420,-
130825,121161315,ACTL8,-,-,-,Un,-,actin like 8,protein-coding,-,-,-,actin-like protein 8,20210420,-
130825,121161316,LOC121161316,-,-,-,Un,-,60S ribosomal protein L22-like 1,pseudo,-,-,-,-,20210420,-
130825,121161317,LOC121161317,-,-,-,Un,-,60S ribosomal protein L22-like 1,pseudo,-,-,-,-,20210420,-
130825,121161318,TUBGCP6,-,-,-,Un,-,tubulin gamma complex associated protein 6,protein-coding,-,-,-,gamma-tubulin complex component 6,20210420,-
130825,121161319,LOC121161319,-,-,-,Un,-,aflatoxin B1 aldehyde reductase member 4-like,pseudo,-,-,-,-,20210420,-
130825,121161320,LOC121161320,-,-,-,Un,-,aflatoxin B1 aldehyde reductase member 3-like,protein-coding,-,-,-,aflatoxin B1 aldehyde reductase member 3-like,20210420,-
130825,121161321,RNF186,-,-,-,Un,-,ring finger protein 186,protein-coding,-,-,-,E3 ubiquitin-protein ligase RNF186,20210420,-
130825,121161322,LOC121161322,-,-,-,Un,-,serine/arginine-rich splicing factor 11-like,pseudo,-,-,-,-,20210420,-
130825,121161323,LOC121161323,-,-,-,Un,-,"phospholipase A2, membrane associated-like",protein-coding,-,-,-,"phospholipase A2, membrane associated-like",20210420,-
130825,121161324,LOC121161324,-,-,-,Un,-,"phospholipase A2, membrane associated-like",protein-coding,-,-,-,"phospholipase A2, membrane associated-like",20210420,-
130825,121161325,UBXN10,-,-,-,Un,-,UBX domain protein 10,protein-coding,-,-,-,UBX domain-containing protein 10,20210420,-
130825,121161326,VWA5B1,-,-,-,Un,-,von Willebrand factor A domain containing 5B1,protein-coding,-,-,-,von Willebrand factor A domain-containing protein 5B1,20210420,-
130825,121161327,DDOST,-,-,-,Un,-,dolichyl-diphosphooligosaccharide--protein glycosyltransferase non-catalytic subunit,protein-coding,-,-,-,dolichyl-diphosphooligosaccharide--protein glycosyltransferase 48 kDa subunit,20210420,-
130825,121161328,LOC121161328,-,-,-,Un,-,26S proteasome non-ATPase regulatory subunit 9-like,pseudo,-,-,-,-,20210420,-
130825,121161329,HDAC10,-,-,-,Un,-,histone deacetylase 10,protein-coding,-,-,-,polyamine deacetylase HDAC10,20210420,-
130825,121161330,LDLRAD2,-,-,-,Un,-,low density lipoprotein receptor class A domain containing 2,protein-coding,-,-,-,low-density lipoprotein receptor class A domain-containing protein 2,20210420,-
130825,121161331,HSPG2,-,-,-,Un,-,heparan sulfate proteoglycan 2,protein-coding,-,-,-,basement membrane-specific heparan sulfate proteoglycan core protein,20210420,-
130825,121161332,CELA3B,-,-,-,Un,-,chymotrypsin like elastase 3B,protein-coding,-,-,-,chymotrypsin-like elastase family member 3B,20210420,-
130825,121161333,LOC121161333,-,-,-,Un,-,V-type proton ATPase subunit D-like,pseudo,-,-,-,-,20210420,-
130825,121161334,LOC121161334,-,-,-,Un,-,uncharacterized LOC121161334,ncRNA,-,-,-,-,20210420,-
130825,121161335,ISG15,-,-,-,Un,-,ISG15 ubiquitin like modifier,protein-coding,-,-,-,ubiquitin-like protein ISG15,20210420,-
130825,121161336,RNF223,-,-,-,Un,-,ring finger protein 223,protein-coding,-,-,-,RING finger protein 223,20210420,-
130825,121161337,CUNH1orf159,-,-,-,Un,-,chromosome unknown C1orf159 homolog,protein-coding,-,-,-,uncharacterized protein C1orf159 homolog,20210420,-
130825,121161338,TNFRSF4,-,-,-,Un,-,TNF receptor superfamily member 4,protein-coding,-,-,-,tumor necrosis factor receptor superfamily member 4,20210420,-
130825,121161339,TMEM88B,-,-,-,Un,-,transmembrane protein 88B,protein-coding,-,-,-,transmembrane protein 88B,20210420,-
130825,121161340,VWA1,-,-,-,Un,-,von Willebrand factor A domain containing 1,protein-coding,-,-,-,von Willebrand factor A domain-containing protein 1,20210420,-
130825,121161341,TMEM240,-,-,-,Un,-,transmembrane protein 240,protein-coding,-,-,-,transmembrane protein 240,20210420,-
130825,121161342,FNDC10,-,-,-,Un,-,fibronectin type III domain containing 10,protein-coding,-,-,-,fibronectin type III domain-containing protein 10,20210420,-
130825,121161343,PRXL2B,-,-,-,Un,-,peroxiredoxin like 2B,protein-coding,-,-,-,prostamide/prostaglandin F synthase,20210420,-
130825,121161344,TTC34,-,-,-,Un,-,tetratricopeptide repeat domain 34,protein-coding,-,-,-,tetratricopeptide repeat protein 34,20210420,-
130825,121161345,NPHP4,-,-,-,Un,-,nephrocystin 4,protein-coding,-,-,-,nephrocystin-4,20210420,-
130825,121161346,RNF207,-,-,-,Un,-,ring finger protein 207,protein-coding,-,-,-,RING finger protein 207,20210420,-
130825,121161347,HES3,-,-,-,Un,-,hes family bHLH transcription factor 3,protein-coding,-,-,-,transcription factor HES-3,20210420,-
130825,121161348,GPR153,-,-,-,Un,-,G protein-coupled receptor 153,protein-coding,-,-,-,probable G-protein coupled receptor 153,20210420,-
130825,121161349,HES2,-,-,-,Un,-,hes family bHLH transcription factor 2,protein-coding,-,-,-,transcription factor HES-2,20210420,-
130825,121161350,TAS1R1,-,-,-,Un,-,taste 1 receptor member 1,protein-coding,-,-,-,taste receptor type 1 member 1,20210420,-
130825,121161351,TNFRSF9,-,-,-,Un,-,TNF receptor superfamily member 9,protein-coding,-,-,-,tumor necrosis factor receptor superfamily member 9,20210420,-
130825,121161352,CA6,-,-,-,Un,-,carbonic anhydrase 6,protein-coding,-,-,-,carbonic anhydrase 6,20210420,-
130825,121161353,SLC2A7,-,-,-,Un,-,solute carrier family 2 member 7,protein-coding,-,-,-,"solute carrier family 2, facilitated glucose transporter member 7",20210420,-
130825,121161354,SLC2A5,-,-,-,Un,-,solute carrier family 2 member 5,protein-coding,-,-,-,"solute carrier family 2, facilitated glucose transporter member 5",20210420,-
130825,121161355,GPR157,-,-,-,Un,-,G protein-coupled receptor 157,protein-coding,-,-,-,G-protein coupled receptor 157,20210420,-
130825,121161356,SRM,-,-,-,Un,-,spermidine synthase,protein-coding,-,-,-,spermidine synthase,20210420,-
130825,121161357,DISP3,-,-,-,Un,-,dispatched RND transporter family member 3,protein-coding,-,-,-,protein dispatched homolog 3,20210420,-
130825,121161358,NPPB,-,-,-,Un,-,natriuretic peptide B,protein-coding,-,-,-,natriuretic peptides B,20210420,-
130825,121161359,LOC121161359,-,-,-,Un,-,uncharacterized LOC121161359,ncRNA,-,-,-,-,20210420,-
130825,121161360,AADACL4,-,-,-,Un,-,arylacetamide deacetylase like 4,protein-coding,-,-,-,arylacetamide deacetylase-like 4,20210420,-
130825,121161361,AADACL3,-,-,-,Un,-,arylacetamide deacetylase like 3,protein-coding,-,-,-,arylacetamide deacetylase-like 3,20210420,-
130825,121161362,CUNH1orf158,-,-,-,Un,-,chromosome unknown C1orf158 homolog,protein-coding,-,-,-,uncharacterized protein C1orf158 homolog,20210420,-
130825,121161363,LOC121161363,-,-,-,Un,-,AP-3 complex subunit sigma-1-like,pseudo,-,-,-,-,20210420,-
130825,121161364,TMEM51,-,-,-,Un,-,transmembrane protein 51,protein-coding,-,-,-,transmembrane protein 51,20210420,-
130825,121161365,AGMAT,-,-,-,Un,-,agmatinase,protein-coding,-,-,-,"agmatinase, mitochondrial",20210420,-
130825,121161366,LOC121161366,-,-,-,Un,-,60S ribosomal protein L37a-like,protein-coding,-,-,-,60S ribosomal protein L37a-like,20210420,-
130825,121161367,SLC25A34,-,-,-,Un,-,solute carrier family 25 member 34,protein-coding,-,-,-,solute carrier family 25 member 34,20210420,-
130825,121161368,FBLIM1,-,-,-,Un,-,filamin binding LIM protein 1,protein-coding,-,-,-,filamin-binding LIM protein 1,20210420,-
130825,121161369,HSPB7,-,-,-,Un,-,heat shock protein family B (small) member 7,protein-coding,-,-,-,heat shock protein beta-7,20210529,-
130825,121161370,LOC121161370,-,-,-,Un,-,chloride channel protein ClC-Ka-like,protein-coding,-,-,-,chloride channel protein ClC-Ka-like,20210420,-
130825,121161371,PLXNB2,-,-,-,Un,-,plexin B2,protein-coding,-,-,-,plexin-B2,20210420,-
130825,121161372,LOC121161372,-,-,-,Un,-,chloride channel protein ClC-Ka,protein-coding,-,-,-,chloride channel protein ClC-Ka,20210420,-
130825,121161373,EPHA2,-,-,-,Un,-,EPH receptor A2,protein-coding,-,-,-,ephrin type-A receptor 2,20210420,-
130825,121161374,CROCC,-,-,-,Un,-,"ciliary rootlet coiled-coil, rootletin",protein-coding,-,-,-,rootletin,20210420,-
130825,121161375,MFAP2,-,-,-,Un,-,microfibril associated protein 2,protein-coding,-,-,-,microfibrillar-associated protein 2,20210420,-
130825,121161376,IGSF21,-,-,-,Un,-,immunoglobin superfamily member 21,protein-coding,-,-,-,immunoglobulin superfamily member 21,20210420,-
130825,121161377,KLHDC7A,-,-,-,Un,-,kelch domain containing 7A,protein-coding,-,-,-,kelch domain-containing protein 7A,20210420,-
130825,121161378,PAX7,-,-,-,Un,-,paired box 7,protein-coding,-,-,-,paired box protein Pax-7,20210420,-
130825,121161379,TAS1R2,-,-,-,Un,-,taste 1 receptor member 2,protein-coding,-,-,-,taste receptor type 1 member 2,20210420,-
130825,121161380,MRTO4,-,-,-,Un,-,"MRT4 homolog, ribosome maturation factor",protein-coding,-,-,-,mRNA turnover protein 4 homolog,20210420,-
130825,121161381,NBL1,-,-,-,Un,-,"NBL1, DAN family BMP antagonist",protein-coding,-,-,-,neuroblastoma suppressor of tumorigenicity 1,20210420,-
130825,121161382,HTR6,-,-,-,Un,-,5-hydroxytryptamine receptor 6,protein-coding,-,-,-,5-hydroxytryptamine receptor 6,20210420,-
130825,121161383,LOC121161383,-,-,-,Un,-,uncharacterized LOC121161383,ncRNA,-,-,-,-,20210420,-
130825,121161384,LOC121161384,-,-,-,Un,-,ribosome biogenesis protein NSA2 homolog,pseudo,-,-,-,-,20210420,-
130825,121161385,PLA2G2E,-,-,-,Un,-,phospholipase A2 group IIE,protein-coding,-,-,-,group IIE secretory phospholipase A2,20210420,-
130825,121161386,LOC121161386,-,-,-,Un,-,"phospholipase A2, membrane associated-like",protein-coding,-,-,-,"phospholipase A2, membrane associated-like",20210420,-
130825,121161387,PLA2G5,-,-,-,Un,-,phospholipase A2 group V,protein-coding,-,-,-,phospholipase A2 group V,20210420,-
130825,121161388,PLA2G2F,-,-,-,Un,-,phospholipase A2 group IIF,protein-coding,-,-,-,group IIF secretory phospholipase A2,20210420,-
130825,121161389,PLA2G2C,-,-,-,Un,-,phospholipase A2 group IIC,protein-coding,-,-,-,putative inactive group IIC secretory phospholipase A2,20210420,-
130825,121161390,PLA2G2D,-,-,-,Un,-,phospholipase A2 group IID,protein-coding,-,-,-,group IID secretory phospholipase A2,20210420,-
130825,121161391,DENND6B,-,-,-,Un,-,DENN domain containing 6B,protein-coding,-,-,-,protein DENND6B,20210420,-
130825,121161392,FAM43B,-,-,-,Un,-,family with sequence similarity 43 member B,protein-coding,-,-,-,protein FAM43B,20210420,-
130825,121161393,CDA,-,-,-,Un,-,cytidine deaminase,protein-coding,-,-,-,cytidine deaminase,20210420,-
130825,121161394,KIF17,-,-,-,Un,-,kinesin family member 17,protein-coding,-,-,-,kinesin-like protein KIF17,20210420,-
130825,121161395,SH2D5,-,-,-,Un,-,SH2 domain containing 5,protein-coding,-,-,-,SH2 domain-containing protein 5,20210420,-
130825,121161396,LOC121161396,-,-,-,Un,-,RAP1 GTPase activating protein,protein-coding,-,-,-,rap1 GTPase-activating protein 1,20210420,-
130825,121161397,LOC121161397,-,-,-,Un,-,uncharacterized LOC121161397,protein-coding,-,-,-,uncharacterized protein LOC121161397,20210420,-
130825,121161398,LOC121161398,-,-,-,Un,-,chymotrypsin-like elastase family member 3B,protein-coding,-,-,-,chymotrypsin-like elastase family member 3B,20210420,-
130825,121161399,SBF1,-,-,-,Un,-,SET binding factor 1,protein-coding,-,-,-,myotubularin-related protein 5,20210420,-
130825,121161400,LOC121161400,-,-,-,Un,-,chymotrypsin-like elastase family member 3B,protein-coding,-,-,-,chymotrypsin-like elastase family member 3B,20210420,-
130825,121161401,LOC121161401,-,-,-,Un,-,uncharacterized LOC121161401,protein-coding,-,-,-,uncharacterized protein LOC121161401,20210420,-
130825,121161402,SAMD11,-,-,-,Un,-,sterile alpha motif domain containing 11,protein-coding,-,-,-,sterile alpha motif domain-containing protein 11,20210420,-
130825,121161403,NOC2L,-,-,-,Un,-,NOC2 like nucleolar associated transcriptional repressor,protein-coding,-,-,-,nucleolar complex protein 2 homolog,20210420,-
130825,121161404,KLHL17,-,-,-,Un,-,kelch like family member 17,protein-coding,-,-,-,kelch-like protein 17,20210420,-
130825,121161405,AGRN,-,-,-,Un,-,agrin,protein-coding,-,-,-,agrin,20210420,-
130825,121161406,TNFRSF18,-,-,-,Un,-,TNF receptor superfamily member 18,protein-coding,-,-,-,tumor necrosis factor receptor superfamily member 18,20210420,-
130825,121161407,SDF4,-,-,-,Un,-,stromal cell derived factor 4,protein-coding,-,-,-,45 kDa calcium-binding protein,20210420,-
130825,121161408,B3GALT6,-,-,-,Un,-,"beta-1,3-galactosyltransferase 6",protein-coding,-,-,-,"beta-1,3-galactosyltransferase 6",20210420,-
130825,121161409,UBE2J2,-,-,-,Un,-,ubiquitin conjugating enzyme E2 J2,protein-coding,-,-,-,ubiquitin-conjugating enzyme E2 J2,20210420,-
130825,121161410,ACAP3,-,-,-,Un,-,"ArfGAP with coiled-coil, ankyrin repeat and PH domains 3",protein-coding,-,-,-,"arf-GAP with coiled-coil, ANK repeat and PH domain-containing protein 3",20210420,-
130825,121161411,INTS11,-,-,-,Un,-,integrator complex subunit 11,protein-coding,-,-,-,integrator complex subunit 11,20210420,-
130825,121161412,PUSL1,-,-,-,Un,-,pseudouridine synthase like 1,protein-coding,-,-,-,tRNA pseudouridine synthase-like 1,20210420,-
130825,121161413,LOC121161413,-,-,-,Un,-,ceramide-1-phosphate transfer protein,protein-coding,-,-,-,ceramide-1-phosphate transfer protein,20210420,-
130825,121161414,CCNL2,-,-,-,Un,-,cyclin L2,protein-coding,-,-,-,cyclin-L2,20210420,-
130825,121161415,MXRA8,-,-,-,Un,-,matrix remodeling associated 8,protein-coding,-,-,-,matrix remodeling-associated protein 8,20210420,-
130825,121161416,AURKAIP1,-,-,-,Un,-,aurora kinase A interacting protein 1,protein-coding,-,-,-,aurora kinase A-interacting protein,20210420,-
130825,121161417,MRPL20,-,-,-,Un,-,mitochondrial ribosomal protein L20,protein-coding,-,-,-,"39S ribosomal protein L20, mitochondrial",20210420,-
130825,121161418,ATAD3A,-,-,-,Un,-,ATPase family AAA domain containing 3A,protein-coding,-,-,-,ATPase family AAA domain-containing protein 3A,20210420,-
130825,121161419,SSU72,-,-,-,Un,-,"SSU72 homolog, RNA polymerase II CTD phosphatase",protein-coding,-,-,-,RNA polymerase II subunit A C-terminal domain phosphatase SSU72,20210420,-
130825,121161420,PLCH2,-,-,-,Un,-,phospholipase C eta 2,protein-coding,-,-,-,"1-phosphatidylinositol 4,5-bisphosphate phosphodiesterase eta-2",20210420,-
130825,121161421,PPP6R2,-,-,-,Un,-,protein phosphatase 6 regulatory subunit 2,protein-coding,-,-,-,serine/threonine-protein phosphatase 6 regulatory subunit 2,20210420,-
130825,121161422,MIB2,-,-,-,Un,-,MIB E3 ubiquitin protein ligase 2,protein-coding,-,-,-,E3 ubiquitin-protein ligase MIB2,20210420,-
130825,121161423,LOC121161423,-,-,-,Un,-,cyclin-dependent kinase 11B,protein-coding,-,-,-,cyclin-dependent kinase 11B,20210420,-
130825,121161424,SKI,-,-,-,Un,-,SKI proto-oncogene,protein-coding,-,-,-,ski oncogene,20210420,-
130825,121161425,PRKCZ,-,-,-,Un,-,protein kinase C zeta,protein-coding,-,-,-,protein kinase C zeta type,20210420,-
130825,121161426,GABRD,-,-,-,Un,-,gamma-aminobutyric acid type A receptor subunit delta,protein-coding,-,-,-,gamma-aminobutyric acid receptor subunit delta,20210420,-
130825,121161427,NADK,-,-,-,Un,-,NAD kinase,protein-coding,-,-,-,NAD kinase,20210420,-
130825,121161428,LOC121161428,-,-,-,Un,-,solute carrier family 35 member E2A-like,protein-coding,-,-,-,solute carrier family 35 member E2A-like,20210420,-
130825,121161429,MMP23B,-,-,-,Un,-,matrix metallopeptidase 23B,protein-coding,-,-,-,matrix metalloproteinase-23,20210420,-
130825,121161430,GNB1,-,-,-,Un,-,G protein subunit beta 1,protein-coding,-,-,-,guanine nucleotide-binding protein G(I)/G(S)/G(T) subunit beta-1,20210522,-
130825,121161431,PEX10,-,-,-,Un,-,peroxisomal biogenesis factor 10,protein-coding,-,-,-,peroxisome biogenesis factor 10,20210420,-
130825,121161432,RER1,-,-,-,Un,-,retention in endoplasmic reticulum sorting receptor 1,protein-coding,-,-,-,protein RER1,20210420,-
130825,121161433,LOC121161433,-,-,-,Un,-,uncharacterized LOC121161433,ncRNA,-,-,-,-,20210420,-
130825,121161434,PANK4,-,-,-,Un,-,pantothenate kinase 4 (inactive),protein-coding,-,-,-,4'-phosphopantetheine phosphatase,20210420,-
130825,121161435,LMF2,-,-,-,Un,-,lipase maturation factor 2,protein-coding,-,-,-,lipase maturation factor 2,20210420,-
130825,121161436,HES5,-,-,-,Un,-,hes family bHLH transcription factor 5,protein-coding,-,-,-,transcription factor HES-5,20210420,-
130825,121161437,LOC121161437,-,-,-,Un,-,uncharacterized LOC121161437,ncRNA,-,-,-,-,20210420,-
130825,121161438,TNFRSF14,-,-,-,Un,-,TNF receptor superfamily member 14,protein-coding,-,-,-,tumor necrosis factor receptor superfamily member 14,20210420,-
130825,121161439,CEP104,-,-,-,Un,-,centrosomal protein 104,protein-coding,-,-,-,centrosomal protein of 104 kDa,20210420,-
130825,121161440,ARHGEF16,-,-,-,Un,-,Rho guanine nucleotide exchange factor 16,protein-coding,-,-,-,rho guanine nucleotide exchange factor 16,20210420,-
130825,121161441,TP73,-,-,-,Un,-,tumor protein p73,protein-coding,-,-,-,tumor protein p73,20210420,-
130825,121161442,WRAP73,-,-,-,Un,-,"WD repeat containing, antisense to TP73",protein-coding,-,-,-,WD repeat-containing protein WRAP73,20210420,-
130825,121161443,ACTRT2,-,-,-,Un,-,actin related protein T2,protein-coding,-,-,-,actin-related protein T2,20210420,-
130825,121161444,DFFB,-,-,-,Un,-,DNA fragmentation factor subunit beta,protein-coding,-,-,-,DNA fragmentation factor subunit beta,20210420,-
130825,121161445,TPRG1L,-,-,-,Un,-,tumor protein p63 regulated 1 like,protein-coding,-,-,-,tumor protein p63-regulated gene 1-like protein,20210420,-
130825,121161446,CUNH1orf174,-,-,-,Un,-,chromosome unknown C1orf174 homolog,protein-coding,-,-,-,UPF0688 protein C1orf174 homolog,20210420,-
130825,121161447,SMIM1,-,-,-,Un,-,small integral membrane protein 1 (Vel blood group),protein-coding,-,-,-,small integral membrane protein 1,20210420,-
130825,121161448,KCNAB2,-,-,-,Un,-,potassium voltage-gated channel subfamily A regulatory beta subunit 2,protein-coding,-,-,-,voltage-gated potassium channel subunit beta-2,20210420,-
130825,121161449,NCAPH2,-,-,-,Un,-,non-SMC condensin II complex subunit H2,protein-coding,-,-,-,condensin-2 complex subunit H2,20210420,-
130825,121161450,RPL22,-,-,-,Un,-,ribosomal protein L22,protein-coding,-,-,-,60S ribosomal protein L22,20210420,-
130825,121161451,ICMT,-,-,-,Un,-,isoprenylcysteine carboxyl methyltransferase,protein-coding,-,-,-,protein-S-isoprenylcysteine O-methyltransferase,20210420,-
130825,121161452,ACOT7,-,-,-,Un,-,acyl-CoA thioesterase 7,protein-coding,-,-,-,cytosolic acyl coenzyme A thioester hydrolase,20210420,-
130825,121161453,ESPN,-,-,-,Un,-,espin,protein-coding,-,-,-,espin,20210420,-
130825,121161454,TNFRSF25,-,-,-,Un,-,TNF receptor superfamily member 25,protein-coding,-,-,-,tumor necrosis factor receptor superfamily member 25,20210420,-
130825,121161455,PLEKHG5,-,-,-,Un,-,pleckstrin homology and RhoGEF domain containing G5,protein-coding,-,-,-,pleckstrin homology domain-containing family G member 5,20210420,-
130825,121161456,NOL9,-,-,-,Un,-,nucleolar protein 9,protein-coding,-,-,-,polynucleotide 5'-hydroxyl-kinase NOL9,20210420,-
130825,121161457,ZBTB48,-,-,-,Un,-,zinc finger and BTB domain containing 48,protein-coding,-,-,-,telomere zinc finger-associated protein,20210420,-
130825,121161458,KLHL21,-,-,-,Un,-,kelch like family member 21,protein-coding,-,-,-,kelch-like protein 21,20210420,-
130825,121161459,PHF13,-,-,-,Un,-,PHD finger protein 13,protein-coding,-,-,-,PHD finger protein 13,20210420,-
130825,121161460,DNAJC11,-,-,-,Un,-,DnaJ heat shock protein family (Hsp40) member C11,protein-coding,-,-,-,dnaJ homolog subfamily C member 11,20210420,-
130825,121161461,THAP3,-,-,-,Un,-,THAP domain containing 3,protein-coding,-,-,-,THAP domain-containing protein 3,20210420,-
130825,121161462,CAMTA1,-,-,-,Un,-,calmodulin binding transcription activator 1,protein-coding,-,-,-,calmodulin-binding transcription activator 1,20210420,-
130825,121161463,LOC121161463,-,-,-,Un,-,"protein SCO2 homolog, mitochondrial",protein-coding,-,-,-,"protein SCO2 homolog, mitochondrial",20210420,-
130825,121161464,VAMP3,-,-,-,Un,-,vesicle associated membrane protein 3,protein-coding,-,-,-,vesicle-associated membrane protein 3,20210420,-
130825,121161465,PARK7,-,-,-,Un,-,Parkinsonism associated deglycase,protein-coding,-,-,-,Parkinson disease protein 7,20210420,-
130825,121161466,ERRFI1,-,-,-,Un,-,ERBB receptor feedback inhibitor 1,protein-coding,-,-,-,ERBB receptor feedback inhibitor 1,20210420,-
130825,121161467,RERE,-,-,-,Un,-,arginine-glutamic acid dipeptide repeats,protein-coding,-,-,-,arginine-glutamic acid dipeptide repeats protein,20210420,-
130825,121161468,ENO1,-,-,-,Un,-,enolase 1,protein-coding,-,-,-,alpha-enolase,20210420,-
130825,121161469,H6PD,-,-,-,Un,-,hexose-6-phosphate dehydrogenase/glucose 1-dehydrogenase,protein-coding,-,-,-,GDH/6PGL endoplasmic bifunctional protein,20210420,-
130825,121161470,ODF3B,-,-,-,Un,-,outer dense fiber of sperm tails 3B,protein-coding,-,-,-,outer dense fiber protein 3B,20210420,-
130825,121161471,SPSB1,-,-,-,Un,-,splA/ryanodine receptor domain and SOCS box containing 1,protein-coding,-,-,-,SPRY domain-containing SOCS box protein 1,20210420,-
130825,121161472,LOC121161472,-,-,-,Un,-,uncharacterized LOC121161472,ncRNA,-,-,-,-,20210420,-
130825,121161473,SLC25A33,-,-,-,Un,-,solute carrier family 25 member 33,protein-coding,-,-,-,solute carrier family 25 member 33,20210420,-
130825,121161474,TMEM201,-,-,-,Un,-,transmembrane protein 201,protein-coding,-,-,-,transmembrane protein 201,20210420,-
130825,121161475,PIK3CD,-,-,-,Un,-,"phosphatidylinositol-4,5-bisphosphate 3-kinase catalytic subunit delta",protein-coding,-,-,-,"phosphatidylinositol 4,5-bisphosphate 3-kinase catalytic subunit delta isoform",20210420,-
130825,121161476,CLSTN1,-,-,-,Un,-,calsyntenin 1,protein-coding,-,-,-,calsyntenin-1,20210420,-
130825,121161477,CTNNBIP1,-,-,-,Un,-,catenin beta interacting protein 1,protein-coding,-,-,-,beta-catenin-interacting protein 1,20210420,-
130825,121161478,ARSA,-,-,-,Un,-,arylsulfatase A,protein-coding,-,-,-,arylsulfatase A,20210420,-
130825,121161479,LZIC,-,-,-,Un,-,leucine zipper and CTNNBIP1 domain containing,protein-coding,-,-,-,protein LZIC,20210420,-
130825,121161480,NMNAT1,-,-,-,Un,-,nicotinamide nucleotide adenylyltransferase 1,protein-coding,-,-,-,nicotinamide/nicotinic acid mononucleotide adenylyltransferase 1,20210420,-
130825,121161481,UBE4B,-,-,-,Un,-,ubiquitination factor E4B,protein-coding,-,-,-,ubiquitin conjugation factor E4 B,20210420,-
130825,121161482,KIF1B,-,-,-,Un,-,kinesin family member 1B,protein-coding,-,-,-,kinesin-like protein KIF1B,20210420,-
130825,121161483,RABL2B,-,-,-,Un,-,"RAB, member of RAS oncogene family like 2B",protein-coding,-,-,-,rab-like protein 2B,20210420,-
130825,121161484,PGD,-,-,-,Un,-,phosphogluconate dehydrogenase,protein-coding,-,-,-,"6-phosphogluconate dehydrogenase, decarboxylating",20210420,-
130825,121161485,LOC121161485,-,-,-,Un,-,centromere protein S-like,protein-coding,-,-,-,centromere protein S-like,20210420,-
130825,121161486,DFFA,-,-,-,Un,-,DNA fragmentation factor subunit alpha,protein-coding,-,-,-,DNA fragmentation factor subunit alpha,20210420,-
130825,121161487,PEX14,-,-,-,Un,-,peroxisomal biogenesis factor 14,protein-coding,-,-,-,peroxisomal membrane protein PEX14,20210420,-
130825,121161488,CASZ1,-,-,-,Un,-,castor zinc finger 1,protein-coding,-,-,-,zinc finger protein castor homolog 1,20210420,-
130825,121161489,LOC121161489,-,-,-,Un,-,TAR DNA binding protein,protein-coding,-,-,-,TAR DNA-binding protein 43,20210420,-
130825,121161490,LOC121161490,-,-,-,Un,-,olfactory receptor 6C4-like,protein-coding,-,-,-,olfactory receptor 6C4-like,20210420,-
130825,121161491,EXOSC10,-,-,-,Un,-,exosome component 10,protein-coding,-,-,-,exosome component 10,20210420,-
130825,121161492,MTOR,-,-,-,Un,-,mechanistic target of rapamycin kinase,protein-coding,-,-,-,serine/threonine-protein kinase mTOR,20210420,-
130825,121161493,ANGPTL7,-,-,-,Un,-,angiopoietin like 7,protein-coding,-,-,-,angiopoietin-related protein 7,20210420,-
130825,121161494,UBIAD1,-,-,-,Un,-,UbiA prenyltransferase domain containing 1,protein-coding,-,-,-,ubiA prenyltransferase domain-containing protein 1,20210420,-
130825,121161495,FBXO2,-,-,-,Un,-,F-box protein 2,protein-coding,-,-,-,F-box only protein 2,20210420,-
130825,121161496,FBXO44,-,-,-,Un,-,F-box protein 44,protein-coding,-,-,-,F-box only protein 44,20210420,-
130825,121161497,LOC121161497,-,-,-,Un,-,olfactory receptor 2AP1-like,protein-coding,-,-,-,olfactory receptor 2AP1-like,20210420,-
130825,121161498,FBXO6,-,-,-,Un,-,F-box protein 6,protein-coding,-,-,-,F-box only protein 6,20210420,-
130825,121161499,MAD2L2,-,-,-,Un,-,mitotic arrest deficient 2 like 2,protein-coding,-,-,-,mitotic spindle assembly checkpoint protein MAD2B,20210420,-
130825,121161500,LOC121161500,-,-,-,Un,-,angiotensin II receptor associated protein,protein-coding,-,-,-,type-1 angiotensin II receptor-associated protein,20210420,-
130825,121161501,MTHFR,-,-,-,Un,-,methylenetetrahydrofolate reductase,protein-coding,-,-,-,methylenetetrahydrofolate reductase,20210420,-
130825,121161502,CLCN6,-,-,-,Un,-,chloride voltage-gated channel 6,protein-coding,-,-,-,chloride transport protein 6,20210420,-
130825,121161503,NPPA,-,-,-,Un,-,natriuretic peptide A,protein-coding,-,-,-,natriuretic peptides A,20210420,-
130825,121161504,KIAA2013,-,-,-,Un,-,KIAA2013 ortholog,protein-coding,-,-,-,uncharacterized protein KIAA2013 homolog,20210420,-
130825,121161505,LOC121161505,-,-,-,Un,-,olfactory receptor 6C2-like,protein-coding,-,-,-,olfactory receptor 6C2-like,20210420,-
130825,121161506,PLOD1,-,-,-,Un,-,"procollagen-lysine,2-oxoglutarate 5-dioxygenase 1",protein-coding,-,-,-,"procollagen-lysine,2-oxoglutarate 5-dioxygenase 1",20210420,-
130825,121161507,MFN2,-,-,-,Un,-,mitofusin 2,protein-coding,-,-,-,mitofusin-2,20210420,-
130825,121161508,LOC121161508,-,-,-,Un,-,migration and invasion inhibitory protein,protein-coding,-,-,-,migration and invasion-inhibitory protein,20210420,-
130825,121161509,TNFRSF1B,-,-,-,Un,-,TNF receptor superfamily member 1B,protein-coding,-,-,-,tumor necrosis factor receptor superfamily member 1B,20210420,-
130825,121161510,VPS13D,-,-,-,Un,-,vacuolar protein sorting 13 homolog D,protein-coding,-,-,-,vacuolar protein sorting-associated protein 13D,20210420,-
130825,121161511,DHRS3,-,-,-,Un,-,dehydrogenase/reductase 3,protein-coding,-,-,-,short-chain dehydrogenase/reductase 3,20210420,-
130825,121161512,PRDM2,-,-,-,Un,-,PR/SET domain 2,protein-coding,-,-,-,PR domain zinc finger protein 2,20210420,-
130825,121161513,LOC121161513,-,-,-,Un,-,SWI/SNF-related matrix-associated actin-dependent regulator of chromatin subfamily E member 1-like,pseudo,-,-,-,-,20210420,-
130825,121161514,KAZN,-,-,-,Un,-,"kazrin, periplakin interacting protein",protein-coding,-,-,-,kazrin,20210420,-
130825,121161515,EFHD2,-,-,-,Un,-,EF-hand domain family member D2,protein-coding,-,-,-,EF-hand domain-containing protein D2,20210420,-
130825,121161516,CASP9,-,-,-,Un,-,caspase 9,protein-coding,-,-,-,caspase-9,20210420,-
130825,121161517,LOC121161517,-,-,-,Un,-,chymotrypsin-like elastase family member 2A,protein-coding,-,-,-,chymotrypsin-like elastase family member 2A,20210420,-
130825,121161518,DNAJC16,-,-,-,Un,-,DnaJ heat shock protein family (Hsp40) member C16,protein-coding,-,-,-,dnaJ homolog subfamily C member 16,20210420,-
130825,121161519,RSC1A1,-,-,-,Un,-,regulator of solute carriers 1,protein-coding,-,-,-,regulatory solute carrier protein family 1 member 1,20210420,-
130825,121161520,DDI2,-,-,-,Un,-,DNA damage inducible 1 homolog 2,protein-coding,-,-,-,protein DDI1 homolog 2,20210420,-
130825,121161521,LOC121161521,-,-,-,Un,-,olfactory receptor 6C6,protein-coding,-,-,-,olfactory receptor 6C6,20210420,-
130825,121161522,PLEKHM2,-,-,-,Un,-,pleckstrin homology and RUN domain containing M2,protein-coding,-,-,-,pleckstrin homology domain-containing family M member 2,20210420,-
130825,121161523,SPEN,-,-,-,Un,-,spen family transcriptional repressor,protein-coding,-,-,-,msx2-interacting protein,20210420,-
130825,121161524,ZBTB17,-,-,-,Un,-,zinc finger and BTB domain containing 17,protein-coding,-,-,-,zinc finger and BTB domain-containing protein 17,20210420,-
130825,121161525,FBXO42,-,-,-,Un,-,F-box protein 42,protein-coding,-,-,-,F-box only protein 42,20210420,-
130825,121161526,CPLANE2,-,-,-,Un,-,ciliogenesis and planar polarity effector 2,protein-coding,-,-,-,ciliogenesis and planar polarity effector 2,20210420,-
130825,121161527,SZRD1,-,-,-,Un,-,SUZ RNA binding domain containing 1,protein-coding,-,-,-,SUZ domain-containing protein 1,20210420,-
130825,121161528,LOC121161528,-,-,-,Un,-,olfactory receptor 6C6-like,protein-coding,-,-,-,olfactory receptor 6C6-like,20210420,-
130825,121161529,NECAP2,-,-,-,Un,-,NECAP endocytosis associated 2,protein-coding,-,-,-,adaptin ear-binding coat-associated protein 2,20210420,-
130825,121161530,ATP13A2,-,-,-,Un,-,ATPase cation transporting 13A2,protein-coding,-,-,-,polyamine-transporting ATPase 13A2,20210420,-
130825,121161531,SDHB,-,-,-,Un,-,succinate dehydrogenase complex iron sulfur subunit B,protein-coding,-,-,-,"succinate dehydrogenase [ubiquinone] iron-sulfur subunit, mitochondrial",20210420,-
130825,121161532,PADI2,-,-,-,Un,-,peptidyl arginine deiminase 2,protein-coding,-,-,-,protein-arginine deiminase type-2,20210420,-
130825,121161533,PADI4,-,-,-,Un,-,peptidyl arginine deiminase 4,protein-coding,-,-,-,protein-arginine deiminase type-4,20210420,-
130825,121161534,PADI3,-,-,-,Un,-,peptidyl arginine deiminase 3,protein-coding,-,-,-,protein-arginine deiminase type-3,20210420,-
130825,121161535,PADI6,-,-,-,Un,-,peptidyl arginine deiminase 6,protein-coding,-,-,-,protein-arginine deiminase type-6,20210420,-
130825,121161536,LOC121161536,-,-,-,Un,-,E3 ubiquitin-protein ligase RBX1-like,pseudo,-,-,-,-,20210420,-
130825,121161537,PADI1,-,-,-,Un,-,peptidyl arginine deiminase 1,protein-coding,-,-,-,protein-arginine deiminase type-1,20210420,-
130825,121161538,RCC2,-,-,-,Un,-,regulator of chromosome condensation 2,protein-coding,-,-,-,protein RCC2,20210420,-
130825,121161539,ARHGEF10L,-,-,-,Un,-,Rho guanine nucleotide exchange factor 10 like,protein-coding,-,-,-,rho guanine nucleotide exchange factor 10-like protein,20210420,-
130825,121161540,CLINT1,-,-,-,Un,-,clathrin interactor 1,protein-coding,-,-,-,clathrin interactor 1,20210420,-
130825,121161541,ALDH4A1,-,-,-,Un,-,aldehyde dehydrogenase 4 family member A1,protein-coding,-,-,-,"delta-1-pyrroline-5-carboxylate dehydrogenase, mitochondrial",20210420,-
130825,121161542,IFFO2,-,-,-,Un,-,intermediate filament family orphan 2,protein-coding,-,-,-,intermediate filament family orphan 2,20210420,-
130825,121161543,CUNH12orf42,-,-,-,Un,-,chromosome unknown C12orf42 homolog,protein-coding,-,-,-,uncharacterized protein C12orf42 homolog,20210420,-
130825,121161544,UBR4,-,-,-,Un,-,ubiquitin protein ligase E3 component n-recognin 4,protein-coding,-,-,-,E3 ubiquitin-protein ligase UBR4,20210420,-
130825,121161545,EMC1,-,-,-,Un,-,ER membrane protein complex subunit 1,protein-coding,-,-,-,ER membrane protein complex subunit 1,20210420,-
130825,121161546,LOC121161546,-,-,-,Un,-,aflatoxin B1 aldehyde reductase member 2-like,protein-coding,-,-,-,aflatoxin B1 aldehyde reductase member 2-like,20210420,-
130825,121161547,LOC121161547,-,-,-,Un,-,aflatoxin B1 aldehyde reductase member 3-like,protein-coding,-,-,-,aflatoxin B1 aldehyde reductase member 3-like,20210420,-
130825,121161548,LOC121161548,-,-,-,Un,-,aflatoxin B1 aldehyde reductase member 3-like,protein-coding,-,-,-,aflatoxin B1 aldehyde reductase member 3-like,20210420,-
130825,121161549,LOC121161549,-,-,-,Un,-,aflatoxin B1 aldehyde reductase member 2-like,protein-coding,-,-,-,aflatoxin B1 aldehyde reductase member 2-like,20210420,-
130825,121161550,LOC121161550,-,-,-,Un,-,aflatoxin B1 aldehyde reductase member 3-like,protein-coding,-,-,-,aflatoxin B1 aldehyde reductase member 3-like,20210420,-
130825,121161551,LOC121161551,-,-,-,Un,-,aflatoxin B1 aldehyde reductase member 4-like,protein-coding,-,-,-,aflatoxin B1 aldehyde reductase member 4-like,20210420,-
130825,121161552,STAB2,-,-,-,Un,-,stabilin 2,protein-coding,-,-,-,stabilin-2,20210420,-
130825,121161553,LOC121161553,-,-,-,Un,-,aflatoxin B1 aldehyde reductase member 3-like,protein-coding,-,-,-,aflatoxin B1 aldehyde reductase member 3-like,20210420,-
130825,121161554,LOC121161554,-,-,-,Un,-,aflatoxin B1 aldehyde reductase member 3-like,protein-coding,-,-,-,aflatoxin B1 aldehyde reductase member 3-like,20210420,-
130825,121161555,LOC121161555,-,-,-,Un,-,aflatoxin B1 aldehyde reductase member 2-like,protein-coding,-,-,-,aflatoxin B1 aldehyde reductase member 2-like,20210420,-
130825,121161556,LOC121161556,-,-,-,Un,-,aflatoxin B1 aldehyde reductase member 3-like,protein-coding,-,-,-,aflatoxin B1 aldehyde reductase member 3-like,20210420,-
130825,121161557,CAPZB,-,-,-,Un,-,capping actin protein of muscle Z-line subunit beta,protein-coding,-,-,-,F-actin-capping protein subunit beta,20210427,-
130825,121161558,SLC66A1,-,-,-,Un,-,solute carrier family 66 member 1,protein-coding,-,-,-,lysosomal amino acid transporter 1 homolog,20210420,-
130825,121161559,MICOS10,-,-,-,Un,-,mitochondrial contact site and cristae organizing system subunit 10,protein-coding,-,-,-,MICOS complex subunit MIC10,20210420,-
130825,121161560,TMCO4,-,-,-,Un,-,transmembrane and coiled-coil domains 4,protein-coding,-,-,-,transmembrane and coiled-coil domain-containing protein 4,20210420,-
130825,121161561,NT5DC3,-,-,-,Un,-,5'-nucleotidase domain containing 3,protein-coding,-,-,-,5'-nucleotidase domain-containing protein 3,20210420,-
130825,121161562,OTUD3,-,-,-,Un,-,OTU deubiquitinase 3,protein-coding,-,-,-,OTU domain-containing protein 3,20210420,-
130825,121161563,CAMK2N1,-,-,-,Un,-,calcium/calmodulin dependent protein kinase II inhibitor 1,protein-coding,-,-,-,calcium/calmodulin-dependent protein kinase II inhibitor 1,20210420,-
130825,121161564,MUL1,-,-,-,Un,-,mitochondrial E3 ubiquitin protein ligase 1,protein-coding,-,-,-,mitochondrial ubiquitin ligase activator of NFKB 1,20210420,-
130825,121161565,PINK1,-,-,-,Un,-,PTEN induced kinase 1,protein-coding,-,-,-,"serine/threonine-protein kinase PINK1, mitochondrial",20210420,-
130825,121161566,HP1BP3,-,-,-,Un,-,heterochromatin protein 1 binding protein 3,protein-coding,-,-,-,heterochromatin protein 1-binding protein 3,20210420,-
130825,121161567,LOC121161567,-,-,-,Un,-,annexin A2-like,pseudo,-,-,-,-,20210420,-
130825,121161568,EIF4G3,-,-,-,Un,-,eukaryotic translation initiation factor 4 gamma 3,protein-coding,-,-,-,eukaryotic translation initiation factor 4 gamma 3,20210420,-
130825,121161569,ECE1,-,-,-,Un,-,endothelin converting enzyme 1,protein-coding,-,-,-,endothelin-converting enzyme 1,20210420,-
130825,121161570,ALPL,-,-,-,Un,-,"alkaline phosphatase, biomineralization associated",protein-coding,-,-,-,"alkaline phosphatase, tissue-nonspecific isozyme",20210420,-
130825,121161571,ASCL4,-,-,-,Un,-,achaete-scute family bHLH transcription factor 4,protein-coding,-,-,-,achaete-scute homolog 4,20210420,-
130825,121161572,USP48,-,-,-,Un,-,ubiquitin specific peptidase 48,protein-coding,-,-,-,ubiquitin carboxyl-terminal hydrolase 48,20210420,-
130825,121161573,LOC121161573,-,-,-,Un,-,rho GTPase-activating protein 20-like,protein-coding,-,-,-,rho GTPase-activating protein 20-like,20210420,-
130825,121161574,LOC121161574,-,-,-,Un,-,U1 spliceosomal RNA,snRNA,-,-,-,-,20210420,-
130825,121161575,LOC121161575,-,-,-,Un,-,U4 spliceosomal RNA,pseudo,-,-,-,-,20210420,-
130825,121161576,LOC121161576,-,-,-,Un,-,U5 spliceosomal RNA,snRNA,-,-,-,-,20210420,-
130825,121161577,LOC121161577,-,-,-,Un,-,U5 spliceosomal RNA,snRNA,-,-,-,-,20210420,-
130825,121161578,LOC121161578,-,-,-,Un,-,protein HP-25 homolog 2-like,protein-coding,-,-,-,protein HP-25 homolog 2-like,20210420,-
130825,121161579,LOC121161579,-,-,-,Un,-,U6 spliceosomal RNA,snRNA,-,-,-,-,20210420,-
130825,121161580,LOC121161580,-,-,-,Un,-,U6 spliceosomal RNA,snRNA,-,-,-,-,20210420,-
130825,121161581,LOC121161581,-,-,-,Un,-,U6 spliceosomal RNA,snRNA,-,-,-,-,20210420,-
130825,121161582,LOC121161582,-,-,-,Un,-,small nucleolar RNA SNORD116,snoRNA,-,-,-,-,20210420,-
130825,121161583,LOC121161583,-,-,-,Un,-,small nucleolar RNA U13,snoRNA,-,-,-,-,20210420,-
130825,121161584,LOC121161584,-,-,-,Un,-,small nucleolar RNA ACA64,pseudo,-,-,-,-,20210420,-
130825,121161585,LOC121161585,-,-,-,Un,-,60S ribosomal protein L29-like,protein-coding,-,-,-,60S ribosomal protein L29-like,20210420,-
130825,121161586,LOC121161586,-,-,-,Un,-,uncharacterized LOC121161586,ncRNA,-,-,-,-,20210420,-
130825,121161587,LOC121161587,-,-,-,Un,-,uncharacterized LOC121161587,ncRNA,-,-,-,-,20210420,-
130825,121161588,LOC121161588,-,-,-,Un,-,coiled-coil domain-containing protein 7-like,protein-coding,-,-,-,coiled-coil domain-containing protein 7-like,20210420,-
130825,121161589,LOC121161589,-,-,-,Un,-,COP9 signalosome complex subunit 7b-like,pseudo,-,-,-,-,20210420,-
130825,121161590,LOC121161590,-,-,-,Un,-,uncharacterized LOC121161590,protein-coding,-,-,-,uncharacterized protein LOC121161590,20210420,-
130825,121161591,LOC121161591,-,-,-,Un,-,ankyrin repeat domain-containing protein 26-like,protein-coding,-,-,-,ankyrin repeat domain-containing protein 26-like,20210420,-
130825,121161592,LOC121161592,-,-,-,Un,-,apolipoprotein L6-like,protein-coding,-,-,-,apolipoprotein L6-like,20210420,-
130825,121161593,LOC121161593,-,-,-,Un,-,histone deacetylase complex subunit SAP18-like,pseudo,-,-,-,-,20210420,-
130825,121161594,LOC121161594,-,-,-,Un,-,coiled-coil domain-containing protein 7-like,protein-coding,-,-,-,coiled-coil domain-containing protein 7-like,20210420,-
130825,121161595,MYO3A,-,-,-,Un,-,myosin IIIA,protein-coding,-,-,-,myosin-IIIa,20210420,-
130825,121161596,LOC121161596,-,-,-,Un,-,uncharacterized LOC121161596,ncRNA,-,-,-,-,20210420,-
130825,121161597,ACTA1,-,-,-,Un,-,"actin alpha 1, skeletal muscle",protein-coding,-,-,-,"actin, alpha skeletal muscle",20210424,-
130825,121161598,NUP133,-,-,-,Un,-,nucleoporin 133,protein-coding,-,-,-,nuclear pore complex protein Nup133,20210420,-
130825,121161599,ABCB10,-,-,-,Un,-,ATP binding cassette subfamily B member 10,protein-coding,-,-,-,"ATP-binding cassette sub-family B member 10, mitochondrial",20210420,-
130825,121161600,LOC121161600,-,-,-,Un,-,apolipoprotein L2-like,protein-coding,-,-,-,apolipoprotein L2-like,20210420,-
130825,121161601,ZNF438,-,-,-,Un,-,zinc finger protein 438,protein-coding,-,-,-,zinc finger protein 438,20210420,-
130825,121161602,ZEB1,-,-,-,Un,-,zinc finger E-box binding homeobox 1,protein-coding,-,-,-,zinc finger E-box-binding homeobox 1,20210420,-
130825,121161603,LOC121161603,-,-,-,Un,-,uncharacterized LOC121161603,ncRNA,-,-,-,-,20210420,-
130825,121161604,FOXRED2,-,-,-,Un,-,FAD dependent oxidoreductase domain containing 2,protein-coding,-,-,-,FAD-dependent oxidoreductase domain-containing protein 2,20210420,-
130825,121161605,LOC121161605,-,-,-,Un,-,uncharacterized LOC121161605,ncRNA,-,-,-,-,20210420,-
130825,121161606,ARHGAP12,-,-,-,Un,-,Rho GTPase activating protein 12,protein-coding,-,-,-,rho GTPase-activating protein 12,20210420,-
130825,121161607,KIF5B,-,-,-,Un,-,kinesin family member 5B,protein-coding,-,-,-,kinesin-1 heavy chain,20210420,-
130825,121161608,EPC1,-,-,-,Un,-,enhancer of polycomb homolog 1,protein-coding,-,-,-,enhancer of polycomb homolog 1,20210420,-
130825,121161609,LOC121161609,-,-,-,Un,-,ankyrin repeat domain-containing protein 26-like,protein-coding,-,-,-,ankyrin repeat domain-containing protein 26-like,20210420,-
130825,121161610,YME1L1,-,-,-,Un,-,YME1 like 1 ATPase,protein-coding,-,-,-,ATP-dependent zinc metalloprotease YME1L1,20210420,-
130825,121161611,LOC121161611,-,-,-,Un,-,H/ACA ribonucleoprotein complex non-core subunit NAF1-like,pseudo,-,-,-,-,20210420,-
130825,121161612,MASTL,-,-,-,Un,-,microtubule associated serine/threonine kinase like,protein-coding,-,-,-,serine/threonine-protein kinase greatwall,20210420,-
130825,121161613,ACBD5,-,-,-,Un,-,acyl-CoA binding domain containing 5,protein-coding,-,-,-,acyl-CoA-binding domain-containing protein 5,20210420,-
130825,121161614,LOC121161614,-,-,-,Un,-,amyloid beta precursor protein binding family B member 1 interacting protein,protein-coding,-,-,-,amyloid beta A4 precursor protein-binding family B member 1-interacting protein,20210420,-
130825,121161615,ABI1,-,-,-,Un,-,abl interactor 1,protein-coding,-,-,-,abl interactor 1,20210529,-
130825,121161616,TEX33,-,-,-,Un,-,testis expressed 33,protein-coding,-,-,-,testis-expressed protein 33,20210420,-
130825,121161617,LOC121161617,-,-,-,Un,-,TRIO and F-actin binding protein,protein-coding,-,-,-,TRIO and F-actin-binding protein,20210420,-
130825,121161618,PDSS1,-,-,-,Un,-,decaprenyl diphosphate synthase subunit 1,protein-coding,-,-,-,all trans-polyprenyl-diphosphate synthase PDSS1,20210420,-
130825,121161619,GAD2,-,-,-,Un,-,glutamate decarboxylase 2,protein-coding,-,-,-,glutamate decarboxylase 2,20210420,-
130825,121161620,LOC121161620,-,-,-,Un,-,5.8S ribosomal RNA,rRNA,-,-,-,-,20210420,-
130825,121161621,LOC121161621,-,-,-,Un,-,28S ribosomal RNA,pseudo,-,-,-,-,20210420,-
130825,121161622,GALR3,-,-,-,Un,-,galanin receptor 3,protein-coding,-,-,-,galanin receptor type 3,20210420,-
130825,121161623,LOC121161623,-,-,-,Un,-,U1 spliceosomal RNA,pseudo,-,-,-,-,20210420,-
130825,121161624,LOC121161624,-,-,-,Un,-,U2 spliceosomal RNA,pseudo,-,-,-,-,20210420,-
130825,121161625,LOC121161625,-,-,-,Un,-,U6 spliceosomal RNA,snRNA,-,-,-,-,20210420,-
130825,121161626,LOC121161626,-,-,-,Un,-,18S ribosomal RNA,rRNA,-,-,-,-,20210420,-
130825,121161627,LOC121161627,-,-,-,Un,-,bone morphogenetic protein 7-like,protein-coding,-,-,-,bone morphogenetic protein 7-like,20210420,-
130825,121161628,PCK1,-,-,-,Un,-,phosphoenolpyruvate carboxykinase 1,protein-coding,-,-,-,"phosphoenolpyruvate carboxykinase, cytosolic [GTP]",20210420,-
130825,121161629,ANKRD60,-,-,-,Un,-,ankyrin repeat domain 60,protein-coding,-,-,-,ankyrin repeat domain-containing protein 60,20210420,-
130825,121161630,ATP5F1E,-,-,-,Un,-,ATP synthase F1 subunit epsilon,protein-coding,-,-,-,"ATP synthase subunit epsilon, mitochondrial",20210420,-
130825,121161631,LOC121161631,-,-,-,Un,-,uncharacterized LOC121161631,ncRNA,-,-,-,-,20210420,-
130825,121161632,CUNH22orf23,-,-,-,Un,-,chromosome unknown C22orf23 homolog,protein-coding,-,-,-,UPF0193 protein EVG1,20210420,-
130825,121161633,CDH4,-,-,-,Un,-,cadherin 4,protein-coding,-,-,-,cadherin-4,20210420,-
130825,121161634,SS18L1,-,-,-,Un,-,SS18L1 subunit of BAF chromatin remodeling complex,protein-coding,-,-,-,calcium-responsive transactivator,20210420,-
130825,121161635,HRH3,-,-,-,Un,-,histamine receptor H3,protein-coding,-,-,-,histamine H3 receptor,20210420,-
130825,121161636,GATA5,-,-,-,Un,-,GATA binding protein 5,protein-coding,-,-,-,transcription factor GATA-5,20210420,-
130825,121161637,KCNQ2,-,-,-,Un,-,potassium voltage-gated channel subfamily Q member 2,protein-coding,-,-,-,potassium voltage-gated channel subfamily KQT member 2,20210420,-
130825,121161638,SLC16A8,-,-,-,Un,-,solute carrier family 16 member 8,protein-coding,-,-,-,monocarboxylate transporter 3,20210420,-
130825,121161639,EEF1A2,-,-,-,Un,-,eukaryotic translation elongation factor 1 alpha 2,protein-coding,-,-,-,elongation factor 1-alpha 2,20210522,-
130825,121161640,STMN3,-,-,-,Un,-,stathmin 3,protein-coding,-,-,-,stathmin-3,20210420,-
130825,121161641,ARFRP1,-,-,-,Un,-,ADP ribosylation factor related protein 1,protein-coding,-,-,-,ADP-ribosylation factor-related protein 1,20210420,-
130825,121161642,ABHD16B,-,-,-,Un,-,abhydrolase domain containing 16B,protein-coding,-,-,-,protein ABHD16B,20210420,-
130825,121161643,SAMD10,-,-,-,Un,-,sterile alpha motif domain containing 10,protein-coding,-,-,-,sterile alpha motif domain-containing protein 10,20210420,-
130825,121161644,SOX18,-,-,-,Un,-,SRY-box transcription factor 18,protein-coding,-,-,-,transcription factor SOX-18,20210420,-
130825,121161645,MYT1,-,-,-,Un,-,myelin transcription factor 1,protein-coding,-,-,-,myelin transcription factor 1,20210420,-
130825,121161646,MAFF,-,-,-,Un,-,MAF bZIP transcription factor F,protein-coding,-,-,-,transcription factor MafF,20210420,-
130825,121161647,LOC121161647,-,-,-,Un,-,DNA-directed RNA polymerase II subunit RPB1-like,protein-coding,-,-,-,DNA-directed RNA polymerase II subunit RPB1-like,20210420,-
130825,121161648,CTCFL,-,-,-,Un,-,CCCTC-binding factor like,protein-coding,-,-,-,transcriptional repressor CTCFL,20210420,-
130825,121161649,EDN3,-,-,-,Un,-,endothelin 3,protein-coding,-,-,-,endothelin-3,20210420,-
130825,121161650,LAMA5,-,-,-,Un,-,laminin subunit alpha 5,protein-coding,-,-,-,laminin subunit alpha-5,20210420,-
130825,121161651,CABLES2,-,-,-,Un,-,Cdk5 and Abl enzyme substrate 2,protein-coding,-,-,-,CDK5 and ABL1 enzyme substrate 2,20210420,-
130825,121161652,RBBP8NL,-,-,-,Un,-,RBBP8 N-terminal like,protein-coding,-,-,-,RBBP8 N-terminal-like protein,20210420,-
130825,121161653,SLCO4A1,-,-,-,Un,-,solute carrier organic anion transporter family member 4A1,protein-coding,-,-,-,solute carrier organic anion transporter family member 4A1,20210420,-
130825,121161654,BIRC7,-,-,-,Un,-,baculoviral IAP repeat containing 7,protein-coding,-,-,-,baculoviral IAP repeat-containing protein 7,20210420,-
130825,121161655,COL20A1,-,-,-,Un,-,collagen type XX alpha 1 chain,protein-coding,-,-,-,LOW QUALITY PROTEIN: collagen alpha-1(XX) chain,20210420,-
130825,121161656,CHRNA4,-,-,-,Un,-,cholinergic receptor nicotinic alpha 4 subunit,protein-coding,-,-,-,neuronal acetylcholine receptor subunit alpha-4,20210420,-
130825,121161657,LOC121161657,-,-,-,Un,-,basic proline-rich protein-like,protein-coding,-,-,-,basic proline-rich protein-like,20210420,-
130825,121161658,FNDC11,-,-,-,Un,-,fibronectin type III domain containing 11,protein-coding,-,-,-,fibronectin type III domain-containing protein 11,20210420,-
130825,121161659,ZBTB46,-,-,-,Un,-,zinc finger and BTB domain containing 46,protein-coding,-,-,-,zinc finger and BTB domain-containing protein 46,20210420,-
130825,121161660,CUNH20orf204,-,-,-,Un,-,chromosome unknown C20orf204 homolog,protein-coding,-,-,-,uncharacterized protein C20orf204 homolog,20210420,-
130825,121161661,NPBWR2,-,-,-,Un,-,neuropeptides B and W receptor 2,protein-coding,-,-,-,LOW QUALITY PROTEIN: neuropeptides B/W receptor type 2,20210420,-
130825,121161662,SPO11,-,-,-,Un,-,SPO11 initiator of meiotic double stranded breaks,protein-coding,-,-,-,meiotic recombination protein SPO11,20210420,-
130825,121161663,RAE1,-,-,-,Un,-,ribonucleic acid export 1,protein-coding,-,-,-,mRNA export factor,20210420,-
130825,121161664,RBM38,-,-,-,Un,-,RNA binding motif protein 38,protein-coding,-,-,-,RNA-binding protein 38,20210420,-
130825,121161665,PMEPA1,-,-,-,Un,-,"prostate transmembrane protein, androgen induced 1",protein-coding,-,-,-,protein TMEPAI,20210420,-
130825,121161666,CUNH20orf85,-,-,-,Un,-,chromosome unknown C20orf85 homolog,protein-coding,-,-,-,uncharacterized protein C20orf85 homolog,20210420,-
130825,121161667,FAM227A,-,-,-,Un,-,family with sequence similarity 227 member A,protein-coding,-,-,-,protein FAM227A,20210420,-
130825,121161668,LOC121161668,-,-,-,Un,-,uncharacterized LOC121161668,ncRNA,-,-,-,-,20210420,-
130825,121161669,RAB22A,-,-,-,Un,-,"RAB22A, member RAS oncogene family",protein-coding,-,-,-,ras-related protein Rab-22A,20210420,-
130825,121161670,VAPB,-,-,-,Un,-,VAMP associated protein B and C,protein-coding,-,-,-,vesicle-associated membrane protein-associated protein B/C,20210420,-
130825,121161671,LOC121161671,-,-,-,Un,-,uncharacterized LOC121161671,ncRNA,-,-,-,-,20210420,-
130825,121161672,STX16,-,-,-,Un,-,syntaxin 16,protein-coding,-,-,-,syntaxin-16,20210420,-
130825,121161673,NPEPL1,-,-,-,Un,-,aminopeptidase like 1,protein-coding,-,-,-,probable aminopeptidase NPEPL1,20210420,-
130825,121161674,NPTXR,-,-,-,Un,-,neuronal pentraxin receptor,protein-coding,-,-,-,neuronal pentraxin receptor,20210420,-
130825,121161675,GNAS,-,-,-,Un,-,GNAS complex locus,protein-coding,-,-,-,guanine nucleotide-binding protein G(s) subunit alpha|guanine nucleotide-binding protein G(s) subunit alpha isoforms XLas,20210522,-
130825,121161676,LOC121161676,-,-,-,Un,-,neuroendocrine secretory protein 55-like,protein-coding,-,-,-,neuroendocrine secretory protein 55-like,20210420,-
130825,121161677,NELFCD,-,-,-,Un,-,negative elongation factor complex member C/D,protein-coding,-,-,-,negative elongation factor C/D,20210420,-
130825,121161678,LOC121161678,-,-,-,Un,-,DNA dC->dU-editing enzyme APOBEC-3A-like,protein-coding,-,-,-,DNA dC->dU-editing enzyme APOBEC-3A-like,20210420,-
130825,121161679,CTSZ,-,-,-,Un,-,cathepsin Z,protein-coding,-,-,-,cathepsin Z,20210420,-
130825,121161680,TUBB1,-,-,-,Un,-,tubulin beta 1 class VI,protein-coding,-,-,-,tubulin beta-1 chain,20210420,-
130825,121161681,PRELID3B,-,-,-,Un,-,PRELI domain containing 3B,protein-coding,-,-,-,PRELI domain containing protein 3B,20210420,-
130825,121161682,LOC121161682,-,-,-,Un,-,uncharacterized LOC121161682,ncRNA,-,-,-,-,20210420,-
130825,121161683,ZNF831,-,-,-,Un,-,zinc finger protein 831,protein-coding,-,-,-,zinc finger protein 831,20210420,-
130825,121161684,MGAT3,-,-,-,Un,-,"beta-1,4-mannosyl-glycoprotein 4-beta-N-acetylglucosaminyltransferase",protein-coding,-,-,-,"beta-1,4-mannosyl-glycoprotein 4-beta-N-acetylglucosaminyltransferase",20210420,-
130825,121161685,PHACTR3,-,-,-,Un,-,phosphatase and actin regulator 3,protein-coding,-,-,-,phosphatase and actin regulator 3,20210420,-
130825,121161686,SYCP2,-,-,-,Un,-,synaptonemal complex protein 2,protein-coding,-,-,-,synaptonemal complex protein 2,20210420,-
130825,121161687,FAM217B,-,-,-,Un,-,family with sequence similarity 217 member B,protein-coding,-,-,-,protein FAM217B,20210420,-
130825,121161688,PPP1R3D,-,-,-,Un,-,protein phosphatase 1 regulatory subunit 3D,protein-coding,-,-,-,protein phosphatase 1 regulatory subunit 3D,20210420,-
130825,121161689,TAF4,-,-,-,Un,-,TATA-box binding protein associated factor 4,protein-coding,-,-,-,transcription initiation factor TFIID subunit 4,20210420,-
130825,121161690,LSM14B,-,-,-,Un,-,LSM family member 14B,protein-coding,-,-,-,protein LSM14 homolog B,20210420,-
130825,121161691,ENTHD1,-,-,-,Un,-,ENTH domain containing 1,protein-coding,-,-,-,ENTH domain-containing protein 1,20210420,-
130825,121161692,PSMA7,-,-,-,Un,-,proteasome 20S subunit alpha 7,protein-coding,-,-,-,proteasome subunit alpha type-7,20210420,-
130825,121161693,MTG2,-,-,-,Un,-,mitochondrial ribosome associated GTPase 2,protein-coding,-,-,-,mitochondrial ribosome-associated GTPase 2,20210420,-
130825,121161694,ADRM1,-,-,-,Un,-,ADRM1 26S proteasome ubiquitin receptor,protein-coding,-,-,-,proteasomal ubiquitin receptor ADRM1,20210420,-
130825,121161695,RPS21,-,-,-,Un,-,ribosomal protein S21,protein-coding,-,-,-,40S ribosomal protein S21,20210529,-
130825,121161696,DIDO1,-,-,-,Un,-,death inducer-obliterator 1,protein-coding,-,-,-,death-inducer obliterator 1,20210420,-
130825,121161697,CHADL,-,-,-,Un,-,chondroadherin like,protein-coding,-,-,-,chondroadherin-like protein,20210420,-
130825,121161698,COL9A3,-,-,-,Un,-,collagen type IX alpha 3 chain,protein-coding,-,-,-,collagen alpha-3(IX) chain,20210420,-
130825,121161699,YTHDF1,-,-,-,Un,-,YTH N6-methyladenosine RNA binding protein 1,protein-coding,-,-,-,YTH domain-containing family protein 1,20210420,-
130825,121161700,TCFL5,-,-,-,Un,-,transcription factor like 5,protein-coding,-,-,-,transcription factor-like 5 protein,20210420,-
130825,121161701,OGFR,-,-,-,Un,-,opioid growth factor receptor,protein-coding,-,-,-,opioid growth factor receptor,20210420,-
130825,121161702,SLC17A9,-,-,-,Un,-,solute carrier family 17 member 9,protein-coding,-,-,-,solute carrier family 17 member 9,20210420,-
130825,121161703,NTSR1,-,-,-,Un,-,neurotensin receptor 1,protein-coding,-,-,-,neurotensin receptor type 1,20210420,-
130825,121161704,CSDC2,-,-,-,Un,-,cold shock domain containing C2,protein-coding,-,-,-,cold shock domain-containing protein C2,20210420,-
130825,121161705,ARFGAP1,-,-,-,Un,-,ADP ribosylation factor GTPase activating protein 1,protein-coding,-,-,-,ADP-ribosylation factor GTPase-activating protein 1,20210420,-
130825,121161706,GID8,-,-,-,Un,-,GID complex subunit 8 homolog,protein-coding,-,-,-,glucose-induced degradation protein 8 homolog,20210420,-
130825,121161707,BHLHE23,-,-,-,Un,-,basic helix-loop-helix family member e23,protein-coding,-,-,-,class E basic helix-loop-helix protein 23,20210420,-
130825,121161708,LOC121161708,-,-,-,Un,-,MRG domain binding protein,protein-coding,-,-,-,MRG/MORF4L-binding protein,20210420,-
130825,121161709,SHISA8,-,-,-,Un,-,shisa family member 8,protein-coding,-,-,-,protein shisa-8,20210420,-
130825,121161710,IL3RA,-,-,-,Un,-,interleukin 3 receptor subunit alpha,protein-coding,-,-,-,interleukin-3 receptor subunit alpha,20210420,-
130825,121161711,GMEB2,-,-,-,Un,-,glucocorticoid modulatory element binding protein 2,protein-coding,-,-,-,glucocorticoid modulatory element-binding protein 2,20210420,-
130825,121161712,RTEL1,-,-,-,Un,-,regulator of telomere elongation helicase 1,protein-coding,-,-,-,regulator of telomere elongation helicase 1,20210420,-
130825,121161713,ZGPAT,-,-,-,Un,-,zinc finger CCCH-type and G-patch domain containing,protein-coding,-,-,-,zinc finger CCCH-type with G patch domain-containing protein,20210420,-
130825,121161714,TPD52L2,-,-,-,Un,-,TPD52 like 2,protein-coding,-,-,-,tumor protein D54,20210420,-
130825,121161715,WBP2NL,-,-,-,Un,-,WBP2 N-terminal like,protein-coding,-,-,-,postacrosomal sheath WW domain-binding protein,20210420,-
130825,121161716,DNAJC5,-,-,-,Un,-,DnaJ heat shock protein family (Hsp40) member C5,protein-coding,-,-,-,dnaJ homolog subfamily C member 5,20210420,-
130825,121161717,ZNF512B,-,-,-,Un,-,zinc finger protein 512B,protein-coding,-,-,-,zinc finger protein 512B,20210420,-
130825,121161718,LOC121161718,-,-,-,Un,-,60S ribosomal protein L18a-like,pseudo,-,-,-,-,20210420,-
130825,121161719,UCKL1,-,-,-,Un,-,uridine-cytidine kinase 1 like 1,protein-coding,-,-,-,uridine-cytidine kinase-like 1,20210420,-
130825,121161720,PRPF6,-,-,-,Un,-,pre-mRNA processing factor 6,protein-coding,-,-,-,pre-mRNA-processing factor 6,20210420,-
130825,121161721,OPRL1,-,-,-,Un,-,opioid related nociceptin receptor 1,protein-coding,-,-,-,nociceptin receptor,20210420,-
130825,121161722,TCEA2,-,-,-,Un,-,transcription elongation factor A2,protein-coding,-,-,-,transcription elongation factor A protein 2,20210420,-
130825,121161723,LKAAEAR1,-,-,-,Un,-,LKAAEAR motif containing 1,protein-coding,-,-,-,LOW QUALITY PROTEIN: protein LKAAEAR1,20210420,-
130825,121161724,RGS19,-,-,-,Un,-,regulator of G protein signaling 19,protein-coding,-,-,-,regulator of G-protein signaling 19,20210420,-
130825,121161725,BIK,-,-,-,Un,-,BCL2 interacting killer,protein-coding,-,-,-,bcl-2-interacting killer,20210420,-
130825,121161726,LOC121161726,-,-,-,Un,-,5S ribosomal RNA,pseudo,-,-,-,-,20210420,-
130825,121161727,LOC121161727,-,-,-,Un,-,U6 spliceosomal RNA,snRNA,-,-,-,-,20210420,-
130825,121161728,LOC121161728,-,-,-,Un,-,40S ribosomal protein S10-like,pseudo,-,-,-,-,20210420,-
130825,121161729,LOC121161729,-,-,-,Un,-,centromere protein J-like,protein-coding,-,-,-,centromere protein J-like,20210420,-
130825,121161730,LOC121161730,-,-,-,Un,-,uncharacterized LOC121161730,ncRNA,-,-,-,-,20210420,-
130825,121161731,GJB2,-,-,-,Un,-,gap junction protein beta 2,protein-coding,-,-,-,gap junction beta-2 protein,20210420,-
130825,121161732,GJB6,-,-,-,Un,-,gap junction protein beta 6,protein-coding,-,-,-,gap junction beta-6 protein,20210420,-
130825,121161733,LOC121161733,-,-,-,Un,-,basic proline-rich protein-like,protein-coding,-,-,-,basic proline-rich protein-like,20210420,-
130825,121161734,IL17D,-,-,-,Un,-,interleukin 17D,protein-coding,-,-,-,interleukin-17D,20210420,-
130825,121161735,FGF9,-,-,-,Un,-,fibroblast growth factor 9,protein-coding,-,-,-,fibroblast growth factor 9,20210420,-
130825,121161736,LOC121161736,-,-,-,Un,-,potassium-transporting ATPase alpha chain 2-like,protein-coding,-,-,-,LOW QUALITY PROTEIN: potassium-transporting ATPase alpha chain 2-like,20210420,-
130825,121161737,ZMYM5,-,-,-,Un,-,zinc finger MYM-type containing 5,protein-coding,-,-,-,zinc finger MYM-type protein 5,20210420,-
130825,121161738,LOC121161738,-,-,-,Un,-,"grpE protein homolog 2, mitochondrial-like",pseudo,-,-,-,-,20210420,-
130825,121161739,GJA3,-,-,-,Un,-,gap junction protein alpha 3,protein-coding,-,-,-,gap junction alpha-3 protein,20210420,-
130825,121161740,LOC121161740,-,-,-,Un,-,RING finger protein 17-like,protein-coding,-,-,-,RING finger protein 17-like,20210420,-
130825,121161741,LOC121161741,-,-,-,Un,-,cytosolic iron-sulfur assembly component 2A-like,pseudo,-,-,-,-,20210420,-
130825,121161742,LOC121161742,-,-,-,Un,-,protein mono-ADP-ribosyltransferase PARP4-like,protein-coding,-,-,-,protein mono-ADP-ribosyltransferase PARP4-like,20210420,-
130825,121161743,MPHOSPH8,-,-,-,Un,-,M-phase phosphoprotein 8,protein-coding,-,-,-,M-phase phosphoprotein 8,20210420,-
130825,121161744,ARHGAP8,-,-,-,Un,-,Rho GTPase activating protein 8,protein-coding,-,-,-,rho GTPase-activating protein 8,20210420,-
130825,121161745,PSPC1,-,-,-,Un,-,paraspeckle component 1,protein-coding,-,-,-,paraspeckle component 1,20210420,-
130825,121161746,LOC121161746,-,-,-,Un,-,uncharacterized LOC121161746,ncRNA,-,-,-,-,20210420,-
130825,121161747,ZMYM2,-,-,-,Un,-,zinc finger MYM-type containing 2,protein-coding,-,-,-,zinc finger MYM-type protein 2,20210420,-
130825,121161748,CRYL1,-,-,-,Un,-,crystallin lambda 1,protein-coding,-,-,-,lambda-crystallin homolog,20210420,-
130825,121161749,IFT88,-,-,-,Un,-,intraflagellar transport 88,protein-coding,-,-,-,intraflagellar transport protein 88 homolog,20210420,-
130825,121161750,PHF21B,-,-,-,Un,-,PHD finger protein 21B,protein-coding,-,-,-,PHD finger protein 21B,20210420,-
130825,121161751,EEF1AKMT1,-,-,-,Un,-,EEF1A lysine methyltransferase 1,protein-coding,-,-,-,EEF1A lysine methyltransferase 1,20210420,-
130825,121161752,XPO4,-,-,-,Un,-,exportin 4,protein-coding,-,-,-,exportin-4,20210420,-
130825,121161753,LATS2,-,-,-,Un,-,large tumor suppressor kinase 2,protein-coding,-,-,-,serine/threonine-protein kinase LATS2,20210420,-
130825,121161754,SAP18,-,-,-,Un,-,Sin3A associated protein 18,protein-coding,-,-,-,histone deacetylase complex subunit SAP18,20210420,-
130825,121161755,SKA3,-,-,-,Un,-,spindle and kinetochore associated complex subunit 3,protein-coding,-,-,-,spindle and kinetochore-associated protein 3,20210420,-
130825,121161756,MRPL57,-,-,-,Un,-,mitochondrial ribosomal protein L57,protein-coding,-,-,-,"ribosomal protein 63, mitochondrial",20210420,-
130825,121161757,ZDHHC20,-,-,-,Un,-,zinc finger DHHC-type palmitoyltransferase 20,protein-coding,-,-,-,palmitoyltransferase ZDHHC20,20210420,-
130825,121161758,PKDREJ,-,-,-,Un,-,polycystin family receptor for egg jelly,protein-coding,-,-,-,polycystic kidney disease and receptor for egg jelly-related protein,20210420,-
130825,121161759,MICU2,-,-,-,Un,-,mitochondrial calcium uptake 2,protein-coding,-,-,-,"calcium uptake protein 2, mitochondrial",20210420,-
130825,121161760,LOC121161760,-,-,-,Un,-,U6 spliceosomal RNA,snRNA,-,-,-,-,20210420,-
130825,121161761,LOC121161761,-,-,-,Un,-,U6 spliceosomal RNA,snRNA,-,-,-,-,20210420,-
130825,121161762,LOC121161762,-,-,-,Un,-,U6 spliceosomal RNA,pseudo,-,-,-,-,20210420,-
130825,121161763,ZBBX,-,-,-,Un,-,zinc finger B-box domain containing,protein-coding,-,-,-,zinc finger B-box domain-containing protein 1,20210420,-
130825,121161764,LOC121161764,-,-,-,Un,-,KRR1 small subunit processome component homolog,pseudo,-,-,-,-,20210420,-
130825,121161765,LOC121161765,-,-,-,Un,-,phosphatidylinositol transfer protein beta isoform-like,pseudo,-,-,-,-,20210420,-
130825,121161766,LOC121161766,-,-,-,Un,-,putative vomeronasal receptor-like protein 4,protein-coding,-,-,-,putative vomeronasal receptor-like protein 4,20210420,-
130825,121161767,LOC121161767,-,-,-,Un,-,putative vomeronasal receptor-like protein 4,protein-coding,-,-,-,putative vomeronasal receptor-like protein 4,20210420,-
130825,121161768,GTSE1,-,-,-,Un,-,G2 and S-phase expressed 1,protein-coding,-,-,-,G2 and S phase-expressed protein 1,20210420,-
130825,121161769,LOC121161769,-,-,-,Un,-,putative vomeronasal receptor-like protein 4,protein-coding,-,-,-,putative vomeronasal receptor-like protein 4,20210420,-
130825,121161770,LOC121161770,-,-,-,Un,-,U6 spliceosomal RNA,pseudo,-,-,-,-,20210420,-
130825,121161771,LOC121161771,-,-,-,Un,-,uncharacterized LOC121161771,ncRNA,-,-,-,-,20210420,-
130825,121161772,SLC44A4,-,-,-,Un,-,solute carrier family 44 member 4,protein-coding,-,-,-,choline transporter-like protein 4,20210420,-
130825,121161773,LOC121161773,-,-,-,Un,-,complement C4-A-like,protein-coding,-,-,-,complement C4-A-like,20210420,-
130825,121161774,FKBPL,-,-,-,Un,-,FKBP prolyl isomerase like,protein-coding,-,-,-,FK506-binding protein-like,20210420,-
130825,121161775,PRRT1,-,-,-,Un,-,proline rich transmembrane protein 1,protein-coding,-,-,-,proline-rich transmembrane protein 1,20210420,-
130825,121161776,LOC121161776,-,-,-,Un,-,nucleophosmin-like,pseudo,-,-,-,-,20210420,-
130825,121161777,TNXB,-,-,-,Un,-,tenascin XB,protein-coding,-,-,-,tenascin-X,20210420,-
130825,121161778,LOC121161778,-,-,-,Un,-,heat shock 70 kDa protein 1-like,protein-coding,-,-,-,heat shock 70 kDa protein 1-like,20210420,-
130825,121161779,TTLL8,-,-,-,Un,-,tubulin tyrosine ligase like 8,protein-coding,-,-,-,protein monoglycylase TTLL8,20210420,-
130825,121161780,NEU1,-,-,-,Un,-,neuraminidase 1,protein-coding,-,-,-,sialidase-1,20210420,-
130825,121161781,EHMT2,-,-,-,Un,-,euchromatic histone lysine methyltransferase 2,protein-coding,-,-,-,histone-lysine N-methyltransferase EHMT2,20210420,-
130825,121161782,C2,-,-,-,Un,-,complement C2,protein-coding,-,-,-,complement C2,20210420,-
130825,121161783,ZBTB12,-,-,-,Un,-,zinc finger and BTB domain containing 12,protein-coding,-,-,-,zinc finger and BTB domain-containing protein 12,20210420,-
130825,121161784,SKIV2L,-,-,-,Un,-,Ski2 like RNA helicase,protein-coding,-,-,-,helicase SKI2W,20210420,-
130825,121161785,MOV10L1,-,-,-,Un,-,Mov10 like RISC complex RNA helicase 1,protein-coding,-,-,-,RNA helicase Mov10l1,20210420,-
130825,121161786,CFB,-,-,-,Un,-,complement factor B,protein-coding,-,-,-,complement factor B,20210420,-
130825,121161787,DXO,-,-,-,Un,-,decapping exoribonuclease,protein-coding,-,-,-,decapping and exoribonuclease protein,20210420,-
130825,121161788,NELFE,-,-,-,Un,-,negative elongation factor complex member E,protein-coding,-,-,-,negative elongation factor E,20210420,-
130825,121161789,STK19,-,-,-,Un,-,serine/threonine kinase 19,protein-coding,-,-,-,serine/threonine-protein kinase 19,20210420,-
130825,121161790,LOC121161790,-,-,-,Un,-,steroid 21-hydroxylase,protein-coding,-,-,-,steroid 21-hydroxylase,20210420,-
130825,121161791,ATF6B,-,-,-,Un,-,activating transcription factor 6 beta,protein-coding,-,-,-,cyclic AMP-dependent transcription factor ATF-6 beta,20210420,-
130825,121161792,PPT2,-,-,-,Un,-,palmitoyl-protein thioesterase 2,protein-coding,-,-,-,lysosomal thioesterase PPT2,20210420,-
130825,121161793,SELENOO,-,-,-,Un,-,selenoprotein O,protein-coding,-,-,-,"protein adenylyltransferase SelO, mitochondrial",20210420,-
130825,121161794,AGPAT1,-,-,-,Un,-,1-acylglycerol-3-phosphate O-acyltransferase 1,protein-coding,-,-,-,1-acyl-sn-glycerol-3-phosphate acyltransferase alpha,20210420,-
130825,121161795,EGFL8,-,-,-,Un,-,EGF like domain multiple 8,protein-coding,-,-,-,epidermal growth factor-like protein 8,20210420,-
130825,121161796,AGER,-,-,-,Un,-,advanced glycosylation end-product specific receptor,protein-coding,-,-,-,advanced glycosylation end product-specific receptor,20210420,-
130825,121161797,RNF5,-,-,-,Un,-,ring finger protein 5,protein-coding,-,-,-,E3 ubiquitin-protein ligase RNF5,20210420,-
130825,121161798,PBX2,-,-,-,Un,-,PBX homeobox 2,protein-coding,-,-,-,pre-B-cell leukemia transcription factor 2,20210420,-
130825,121161799,LSM11,-,-,-,Un,-,"LSM11, U7 small nuclear RNA associated",protein-coding,-,-,-,U7 snRNA-associated Sm-like protein LSm11,20210420,-
130825,121161800,ADM2,-,-,-,Un,-,adrenomedullin 2,protein-coding,-,-,-,protein ADM2,20210420,-
130825,121161801,NOTCH4,-,-,-,Un,-,notch receptor 4,protein-coding,-,-,-,neurogenic locus notch homolog protein 4,20210420,-
130825,121161802,GPSM3,-,-,-,Un,-,G protein signaling modulator 3,protein-coding,-,-,-,G-protein-signaling modulator 3,20210420,-
130825,121161803,LOC121161803,-,-,-,Un,-,small nucleolar RNA SNORD52,snoRNA,-,-,-,-,20210420,-
130825,121161804,LOC121161804,-,-,-,Un,-,small nucleolar RNA SNORD48,snoRNA,-,-,-,-,20210420,-
130825,121161805,OTOG,-,-,-,Un,-,otogelin,protein-coding,-,-,-,otogelin,20210420,-
130825,121161806,KCNJ11,-,-,-,Un,-,potassium inwardly rectifying channel subfamily J member 11,protein-coding,-,-,-,ATP-sensitive inward rectifier potassium channel 11,20210420,-
130825,121161807,ABCC8,-,-,-,Un,-,ATP binding cassette subfamily C member 8,protein-coding,-,-,-,ATP-binding cassette sub-family C member 8,20210420,-
130825,121161808,USH1C,-,-,-,Un,-,USH1 protein network component harmonin,protein-coding,-,-,-,harmonin,20210420,-
130825,121161809,KLHDC7B,-,-,-,Un,-,kelch domain containing 7B,protein-coding,-,-,-,kelch domain-containing protein 7B,20210420,-
130825,121161810,MYOD1,-,-,-,Un,-,myogenic differentiation 1,protein-coding,-,-,-,myoblast determination protein 1,20210420,-
130825,121161811,TPH1,-,-,-,Un,-,tryptophan hydroxylase 1,protein-coding,-,-,-,tryptophan 5-hydroxylase 1,20210420,-
130825,121161812,LOC121161812,-,-,-,Un,-,serum amyloid A-1 protein-like,protein-coding,-,-,-,serum amyloid A-1 protein-like,20210420,-
130825,121161813,SPTY2D1OS,-,-,-,Un,-,SPTY2D1 opposite strand,protein-coding,-,-,-,putative transmembrane protein SPTY2D1OS,20210420,-
130825,121161814,PTPN5,-,-,-,Un,-,protein tyrosine phosphatase non-receptor type 5,protein-coding,-,-,-,tyrosine-protein phosphatase non-receptor type 5,20210420,-
130825,121161815,LOC121161815,-,-,-,Un,-,mas-related G-protein coupled receptor member X2-like,pseudo,-,-,-,-,20210420,-
130825,121161816,LOC121161816,-,-,-,Un,-,mas-related G-protein coupled receptor member X1-like,protein-coding,-,-,-,mas-related G-protein coupled receptor member X1-like,20210420,-
130825,121161817,LOC121161817,-,-,-,Un,-,mas-related G-protein coupled receptor member X2-like,protein-coding,-,-,-,mas-related G-protein coupled receptor member X2-like,20210420,-
130825,121161818,LOC121161818,-,-,-,Un,-,mas-related G-protein coupled receptor member X2-like,protein-coding,-,-,-,mas-related G-protein coupled receptor member X2-like,20210420,-
130825,121161819,LOC121161819,-,-,-,Un,-,anomalous homeobox protein-like,protein-coding,-,-,-,anomalous homeobox protein-like,20210420,-
130825,121161820,LOC121161820,-,-,-,Un,-,mas-related G-protein coupled receptor member A-like,protein-coding,-,-,-,mas-related G-protein coupled receptor member A-like,20210420,-
130825,121161821,LOC121161821,-,-,-,Un,-,mas-related G-protein coupled receptor member X2-like,protein-coding,-,-,-,mas-related G-protein coupled receptor member X2-like,20210420,-
130825,121161822,LOC121161822,-,-,-,Un,-,mas-related G-protein coupled receptor member X2-like,protein-coding,-,-,-,mas-related G-protein coupled receptor member X2-like,20210420,-
130825,121161823,LOC121161823,-,-,-,Un,-,mas-related G-protein coupled receptor member X2-like,protein-coding,-,-,-,mas-related G-protein coupled receptor member X2-like,20210420,-
130825,121161824,LOC121161824,-,-,-,Un,-,mas-related G-protein coupled receptor member X2-like,protein-coding,-,-,-,mas-related G-protein coupled receptor member X2-like,20210420,-
130825,121161825,LOC121161825,-,-,-,Un,-,mas-related G-protein coupled receptor member X2-like,protein-coding,-,-,-,LOW QUALITY PROTEIN: mas-related G-protein coupled receptor member X2-like,20210420,-
130825,121161826,LOC121161826,-,-,-,Un,-,natural cytotoxicity triggering receptor 3 ligand 1-like,protein-coding,-,-,-,natural cytotoxicity triggering receptor 3 ligand 1-like,20210420,-
130825,121161827,KCNC1,-,-,-,Un,-,potassium voltage-gated channel subfamily C member 1,protein-coding,-,-,-,potassium voltage-gated channel subfamily C member 1,20210501,-
130825,121161828,SERGEF,-,-,-,Un,-,secretion regulating guanine nucleotide exchange factor,protein-coding,-,-,-,secretion-regulating guanine nucleotide exchange factor,20210420,-
130825,121161829,LOC121161829,-,-,-,Un,-,60S ribosomal protein L10-like,pseudo,-,-,-,-,20210420,-
130825,121161830,LOC121161830,-,-,-,Un,-,uncharacterized LOC121161830,ncRNA,-,-,-,-,20210420,-
130825,121161831,SAAL1,-,-,-,Un,-,serum amyloid A like 1,protein-coding,-,-,-,protein SAAL1,20210420,-
130825,121161832,LOC121161832,-,-,-,Un,-,serum amyloid A-3 protein-like,protein-coding,-,-,-,serum amyloid A-3 protein-like,20210420,-
130825,121161833,LOC121161833,-,-,-,Un,-,serum amyloid A-1 protein-like,protein-coding,-,-,-,serum amyloid A-1 protein-like,20210420,-
130825,121161834,HPS5,-,-,-,Un,-,HPS5 biogenesis of lysosomal organelles complex 2 subunit 2,protein-coding,-,-,-,Hermansky-Pudlak syndrome 5 protein,20210420,-
130825,121161835,GTF2H1,-,-,-,Un,-,general transcription factor IIH subunit 1,protein-coding,-,-,-,general transcription factor IIH subunit 1,20210420,-
130825,121161836,LALBA,-,-,-,Un,-,lactalbumin alpha,protein-coding,-,-,-,alpha-lactalbumin,20210420,-
130825,121161837,LDHA,-,-,-,Un,-,lactate dehydrogenase A,protein-coding,-,-,-,L-lactate dehydrogenase A chain,20210420,-
130825,121161838,LOC121161838,-,LDHC,-,Un,-,L-lactate dehydrogenase C chain,protein-coding,-,-,-,L-lactate dehydrogenase C chain|lactate dehydrogenase C,20210420,-
130825,121161839,TSG101,-,-,-,Un,-,tumor susceptibility 101,protein-coding,-,-,-,tumor susceptibility gene 101 protein,20210420,-
130825,121161840,UEVLD,-,-,-,Un,-,UEV and lactate/malate dehyrogenase domains,protein-coding,-,-,-,ubiquitin-conjugating enzyme E2 variant 3,20210420,-
130825,121161841,SPTY2D1,-,-,-,Un,-,SPT2 chromatin protein domain containing 1,protein-coding,-,-,-,protein SPT2 homolog,20210420,-
130825,121161842,TMEM86A,-,-,-,Un,-,transmembrane protein 86A,protein-coding,-,-,-,lysoplasmalogenase-like protein TMEM86A,20210420,-
130825,121161843,LOC121161843,-,-,-,Un,-,mas-related G-protein coupled receptor member X2-like,protein-coding,-,-,-,mas-related G-protein coupled receptor member X2-like|mas-related G-protein coupled receptor member X3-like,20210420,-
130825,121161844,LOC121161844,-,-,-,Un,-,U6 spliceosomal RNA,pseudo,-,-,-,-,20210420,-
130825,121161845,TEX49,-,-,-,Un,-,testis expressed 49,protein-coding,-,-,-,testis-expressed protein 49,20210420,-
130825,121161846,LOC121161846,-,-,-,Un,-,U6 spliceosomal RNA,snRNA,-,-,-,-,20210420,-
130825,121161847,LOC121161847,-,-,-,Un,-,small nucleolar RNA ACA64,snoRNA,-,-,-,-,20210420,-
130825,121161848,LOC121161848,-,-,-,Un,-,gastrula zinc finger protein XlCGF7.1-like,protein-coding,-,-,-,gastrula zinc finger protein XlCGF7.1-like,20210420,-
130825,121161849,LOC121161849,-,-,-,Un,-,putative vomeronasal receptor-like protein 4,protein-coding,-,-,-,putative vomeronasal receptor-like protein 4,20210420,-
130825,121161850,LOC121161850,-,-,-,Un,-,putative vomeronasal receptor-like protein 4,protein-coding,-,-,-,putative vomeronasal receptor-like protein 4,20210420,-
130825,121161851,LOC121161851,-,-,-,Un,-,G-protein coupled receptor family C group 5 member C-like,pseudo,-,-,-,-,20210420,-
130825,121161852,LOC121161852,-,-,-,Un,-,U6 spliceosomal RNA,snRNA,-,-,-,-,20210420,-
130825,121161853,CHRAC1,-,-,-,Un,-,chromatin accessibility complex subunit 1,protein-coding,-,-,-,chromatin accessibility complex protein 1,20210420,-
130825,121161854,KCNK9,-,-,-,Un,-,potassium two pore domain channel subfamily K member 9,protein-coding,-,-,-,potassium channel subfamily K member 9,20210420,-
130825,121161855,LOC121161855,-,-,-,Un,-,uncharacterized LOC121161855,ncRNA,-,-,-,-,20210420,-
130825,121161856,LOC121161856,-,-,-,Un,-,activated RNA polymerase II transcriptional coactivator p15-like,pseudo,-,-,-,-,20210420,-
130825,121161857,FAM135B,-,-,-,Un,-,family with sequence similarity 135 member B,protein-coding,-,-,-,protein FAM135B,20210420,-
130825,121161858,RND1,-,-,-,Un,-,Rho family GTPase 1,protein-coding,-,-,-,rho-related GTP-binding protein Rho6,20210420,-
130825,121161859,LOC121161859,-,-,-,Un,-,focal adhesion kinase 1-like,protein-coding,-,-,-,focal adhesion kinase 1-like,20210420,-
130825,121161860,AGO2,-,-,-,Un,-,argonaute RISC catalytic component 2,protein-coding,-,-,-,protein argonaute-2,20210501,-
130825,121161861,TRAPPC9,-,-,-,Un,-,trafficking protein particle complex subunit 9,protein-coding,-,-,-,trafficking protein particle complex subunit 9,20210420,-
130825,121161862,COL22A1,-,-,-,Un,-,collagen type XXII alpha 1 chain,protein-coding,-,-,-,collagen alpha-1(XXII) chain,20210420,-
130825,121161863,LOC121161863,-,-,-,Un,-,RING-box protein 2-like,pseudo,-,-,-,-,20210420,-
130825,121161864,KHDRBS3,-,-,-,Un,-,"KH RNA binding domain containing, signal transduction associated 3",protein-coding,-,-,-,"KH domain-containing, RNA-binding, signal transduction-associated protein 3",20210420,-
130825,121161865,LOC121161865,-,-,-,Un,-,U6 spliceosomal RNA,snRNA,-,-,-,-,20210420,-
130825,121161866,LOC121161866,-,-,-,Un,-,uncharacterized LOC121161866,ncRNA,-,-,-,-,20210420,-
130825,121161867,WNT10B,-,-,-,Un,-,Wnt family member 10B,protein-coding,-,-,-,protein Wnt-10b,20210420,-
130825,121161868,LOC121161868,-,-,-,Un,-,cellular retinoic acid-binding protein 2,protein-coding,-,-,-,cellular retinoic acid-binding protein 2,20210420,-
130825,121161869,INSRR,-,-,-,Un,-,insulin receptor related receptor,protein-coding,-,-,-,insulin receptor-related protein,20210420,-
130825,121161870,NTRK1,-,-,-,Un,-,neurotrophic receptor tyrosine kinase 1,protein-coding,-,-,-,high affinity nerve growth factor receptor,20210420,-
130825,121161871,LOC121161871,-,-,-,Un,-,"cytochrome c oxidase subunit 7A2, mitochondrial-like",protein-coding,-,-,-,"cytochrome c oxidase subunit 7A2, mitochondrial-like",20210420,-
130825,121161872,ETV3L,-,-,-,Un,-,ETS variant transcription factor 3 like,protein-coding,-,-,-,LOW QUALITY PROTEIN: ETS translocation variant 3-like protein,20210420,-
130825,121161873,METTL25B,-,-,-,Un,-,methyltransferase like 25B,protein-coding,-,-,-,protein RRNAD1,20210420,-
130825,121161874,ISG20L2,-,-,-,Un,-,interferon stimulated exonuclease gene 20 like 2,protein-coding,-,-,-,interferon-stimulated 20 kDa exonuclease-like 2,20210420,-
130825,121161875,MRPL24,-,-,-,Un,-,mitochondrial ribosomal protein L24,protein-coding,-,-,-,"39S ribosomal protein L24, mitochondrial",20210420,-
130825,121161876,WNT1,-,-,-,Un,-,Wnt family member 1,protein-coding,-,-,-,proto-oncogene Wnt-1,20210420,-
130825,121161877,HDGF,-,-,-,Un,-,heparin binding growth factor,protein-coding,-,-,-,hepatoma-derived growth factor,20210420,-
130825,121161878,PRCC,-,-,-,Un,-,proline rich mitotic checkpoint control factor,protein-coding,-,-,-,proline-rich protein PRCC,20210420,-
130825,121161879,SH2D2A,-,-,-,Un,-,SH2 domain containing 2A,protein-coding,-,-,-,SH2 domain-containing protein 2A,20210420,-
130825,121161880,PEAR1,-,-,-,Un,-,platelet endothelial aggregation receptor 1,protein-coding,-,-,-,platelet endothelial aggregation receptor 1,20210420,-
130825,121161881,ARHGEF11,-,-,-,Un,-,Rho guanine nucleotide exchange factor 11,protein-coding,-,-,-,rho guanine nucleotide exchange factor 11,20210420,-
130825,121161882,LOC121161882,-,-,-,Un,-,60S ribosomal protein L23a-like,pseudo,-,-,-,-,20210420,-
130825,121161883,ETV3,-,-,-,Un,-,ETS variant transcription factor 3,protein-coding,-,-,-,ETS translocation variant 3,20210420,-
130825,121161884,RHEBL1,-,-,-,Un,-,RHEB like 1,protein-coding,-,-,-,GTPase RhebL1,20210420,-
130825,121161885,LRRC71,-,-,-,Un,-,leucine rich repeat containing 71,protein-coding,-,-,-,leucine-rich repeat-containing protein 71,20210420,-
130825,121161886,ADGRB1,-,-,-,Un,-,adhesion G protein-coupled receptor B1,protein-coding,-,-,-,adhesion G protein-coupled receptor B1,20210420,-
130825,121161887,THG1L,-,-,-,Un,-,tRNA-histidine guanylyltransferase 1 like,protein-coding,-,-,-,probable tRNA(His) guanylyltransferase,20210420,-
130825,121161888,ARC,-,-,-,Un,-,activity regulated cytoskeleton associated protein,protein-coding,-,-,-,activity-regulated cytoskeleton-associated protein,20210420,-
130825,121161889,PSCA,-,-,-,Un,-,prostate stem cell antigen,protein-coding,-,-,-,prostate stem cell antigen,20210420,-
130825,121161890,THEM6,-,-,-,Un,-,thioesterase superfamily member 6,protein-coding,-,-,-,protein THEM6,20210420,-
130825,121161891,LYPD2,-,-,-,Un,-,LY6/PLAUR domain containing 2,protein-coding,-,-,-,ly6/PLAUR domain-containing protein 2,20210420,-
130825,121161892,LOC121161892,-,-,-,Un,-,secreted Ly-6/uPAR domain-containing protein 2-like,protein-coding,-,-,-,secreted Ly-6/uPAR domain-containing protein 2-like,20210420,-
130825,121161893,PRPH,-,-,-,Un,-,peripherin,protein-coding,-,-,-,peripherin,20210420,-
130825,121161894,LOC121161894,-,-,-,Un,-,uncharacterized LOC121161894,ncRNA,-,-,-,-,20210420,-
130825,121161895,LOC121161895,-,-,-,Un,-,focal adhesion kinase 1-like,protein-coding,-,-,-,focal adhesion kinase 1-like,20210420,-
130825,121161896,C1QL4,-,-,-,Un,-,complement C1q like 4,protein-coding,-,-,-,complement C1q-like protein 4,20210420,-
130825,121161897,DENND3,-,-,-,Un,-,DENN domain containing 3,protein-coding,-,-,-,DENN domain-containing protein 3,20210420,-
130825,121161898,SLC45A4,-,-,-,Un,-,solute carrier family 45 member 4,protein-coding,-,-,-,solute carrier family 45 member 4,20210420,-
130825,121161899,PTP4A3,-,-,-,Un,-,protein tyrosine phosphatase 4A3,protein-coding,-,-,-,protein tyrosine phosphatase type IVA 3,20210420,-
130825,121161900,JRK,-,-,-,Un,-,Jrk helix-turn-helix protein,protein-coding,-,-,-,jerky protein homolog,20210420,-
130825,121161901,GPR20,-,-,-,Un,-,G protein-coupled receptor 20,protein-coding,-,-,-,G-protein coupled receptor 20,20210420,-
130825,121161902,KCNH3,-,-,-,Un,-,potassium voltage-gated channel subfamily H member 3,protein-coding,-,-,-,potassium voltage-gated channel subfamily H member 3,20210420,-
130825,121161903,LOC121161903,-,-,-,Un,-,maestro heat-like repeat family member 5,protein-coding,-,-,-,maestro heat-like repeat family member 5,20210420,-
130825,121161904,LOC121161904,-,-,-,Un,-,maestro heat-like repeat family member 5,protein-coding,-,-,-,maestro heat-like repeat family member 5,20210420,-
130825,121161905,SLURP1,-,-,-,Un,-,secreted LY6/PLAUR domain containing 1,protein-coding,-,-,-,secreted Ly-6/uPAR-related protein 1,20210420,-
130825,121161906,LYNX1,-,-,-,Un,-,Ly6/neurotoxin 1,protein-coding,-,-,-,ly-6/neurotoxin-like protein 1,20210420,-
130825,121161907,LOC121161907,-,-,-,Un,-,lymphocyte antigen 6D-like,protein-coding,-,-,-,lymphocyte antigen 6D-like,20210420,-
130825,121161908,LOC121161908,-,-,-,Un,-,lymphocyte antigen 6D-like,protein-coding,-,-,-,lymphocyte antigen 6D-like,20210420,-
130825,121161909,LOC121161909,-,-,-,Un,-,U2 spliceosomal RNA,pseudo,-,-,-,-,20210420,-
130825,121161910,LOC121161910,-,-,-,Un,-,phosphatidylinositol transfer protein beta isoform-like,protein-coding,-,-,-,phosphatidylinositol transfer protein beta isoform-like,20210420,-
130825,121161911,LOC121161911,-,-,-,Un,-,tRNA-specific adenosine deaminase 2-like,pseudo,-,-,-,-,20210420,-
130825,121161912,LOC121161912,-,-,-,Un,-,T-cell ecto-ADP-ribosyltransferase 1-like,protein-coding,-,-,-,T-cell ecto-ADP-ribosyltransferase 1-like,20210420,-
130825,121161913,NCKAP5L,-,-,-,Un,-,NCK associated protein 5 like,protein-coding,-,-,-,nck-associated protein 5-like,20210420,-
130825,121161914,LOC121161914,-,-,-,Un,-,acyl-coenzyme A amino acid N-acyltransferase 2-like,pseudo,-,-,-,-,20210420,-
130825,121161915,LOC121161915,-,-,-,Un,-,small nuclear ribonucleoprotein Sm D1-like,pseudo,-,-,-,-,20210420,-
130825,121161916,HSPA1L,-,-,-,Un,-,heat shock protein family A (Hsp70) member 1 like,protein-coding,-,-,-,heat shock 70 kDa protein 1-like,20210420,-
130825,121161917,VWA7,-,-,-,Un,-,von Willebrand factor A domain containing 7,protein-coding,-,-,-,von Willebrand factor A domain-containing protein 7,20210420,-
130825,121161918,DDAH2,-,-,-,Un,-,dimethylarginine dimethylaminohydrolase 2,protein-coding,-,-,-,"N(G),N(G)-dimethylarginine dimethylaminohydrolase 2",20210420,-
130825,121161919,LY6G6C,-,-,-,Un,-,lymphocyte antigen 6 family member G6C,protein-coding,-,-,-,lymphocyte antigen 6 complex locus protein G6c,20210420,-
130825,121161920,AIF1,-,-,-,Un,-,allograft inflammatory factor 1,protein-coding,-,-,-,allograft inflammatory factor 1,20210420,-
130825,121161921,LTA,-,-,-,Un,-,lymphotoxin alpha,protein-coding,-,-,-,lymphotoxin-alpha,20210420,-
130825,121161922,FAIM2,-,-,-,Un,-,Fas apoptotic inhibitory molecule 2,protein-coding,-,-,-,protein lifeguard 2,20210420,-
130825,121161923,LY6G5C,-,-,-,Un,-,lymphocyte antigen 6 family member G5C,protein-coding,-,-,-,lymphocyte antigen 6 complex locus protein G5c,20210420,-
130825,121161924,LSM2,-,-,-,Un,-,"LSM2 homolog, U6 small nuclear RNA and mRNA degradation associated",protein-coding,-,-,-,U6 snRNA-associated Sm-like protein LSm2,20210501,-
130825,121161925,VARS1,-,-,-,Un,-,valyl-tRNA synthetase 1,protein-coding,-,-,-,valine--tRNA ligase,20210420,-
130825,121161926,SAPCD1,-,-,-,Un,-,suppressor APC domain containing 1,protein-coding,-,-,-,suppressor APC domain-containing protein 1,20210420,-
130825,121161927,MSH5,-,-,-,Un,-,mutS homolog 5,protein-coding,-,-,-,mutS protein homolog 5,20210420,-
130825,121161928,CLIC1,-,-,-,Un,-,chloride intracellular channel 1,protein-coding,-,-,-,chloride intracellular channel protein 1,20210420,-
130825,121161929,MPIG6B,-,-,-,Un,-,megakaryocyte and platelet inhibitory receptor G6b,protein-coding,-,-,-,megakaryocyte and platelet inhibitory receptor G6b,20210420,-
130825,121161930,LY6G6F,-,-,-,Un,-,lymphocyte antigen 6 family member G6F,protein-coding,-,-,-,lymphocyte antigen 6 complex locus protein G6f,20210420,-
130825,121161931,LY6G6D,-,-,-,Un,-,lymphocyte antigen 6 family member G6D,protein-coding,-,-,-,lymphocyte antigen 6 complex locus protein G6d,20210420,-
130825,121161932,LOC121161932,-,-,-,Un,-,lymphocyte antigen 6G6e-like,protein-coding,-,-,-,lymphocyte antigen 6G6e-like,20210420,-
130825,121161933,ABHD16A,-,-,-,Un,-,"abhydrolase domain containing 16A, phospholipase",protein-coding,-,-,-,phosphatidylserine lipase ABHD16A,20210420,-
130825,121161934,CSNK2B,-,-,-,Un,-,casein kinase 2 beta,protein-coding,-,-,-,casein kinase II subunit beta,20210501,-
130825,121161935,LY6G5B,-,-,-,Un,-,lymphocyte antigen 6 family member G5B,protein-coding,-,-,-,lymphocyte antigen 6 complex locus protein G5b,20210420,-
130825,121161936,AQP2,-,-,-,Un,-,aquaporin 2,protein-coding,-,-,-,aquaporin-2,20210420,-
130825,121161937,GPANK1,-,-,-,Un,-,G-patch domain and ankyrin repeats 1,protein-coding,-,-,-,G patch domain and ankyrin repeat-containing protein 1,20210420,-
130825,121161938,BAG6,-,-,-,Un,-,BAG cochaperone 6,protein-coding,-,-,-,large proline-rich protein BAG6,20210420,-
130825,121161939,AQP5,-,-,-,Un,-,aquaporin 5,protein-coding,-,-,-,aquaporin-5,20210420,-
130825,121161940,ASIC1,-,-,-,Un,-,acid sensing ion channel subunit 1,protein-coding,-,-,-,acid-sensing ion channel 1,20210420,-
130825,121161941,CUNH6orf47,-,-,-,Un,-,chromosome unknown C6orf47 homolog,protein-coding,-,-,-,uncharacterized protein C6orf47 homolog,20210420,-
130825,121161942,APOM,-,-,-,Un,-,apolipoprotein M,protein-coding,-,-,-,apolipoprotein M,20210420,-
130825,121161943,PRRC2A,-,-,-,Un,-,proline rich coiled-coil 2A,protein-coding,-,-,-,protein PRRC2A,20210420,-
130825,121161944,LTB,-,-,-,Un,-,lymphotoxin beta,protein-coding,-,-,-,lymphotoxin-beta,20210420,-
130825,121161945,NCR3,-,-,-,Un,-,natural cytotoxicity triggering receptor 3,protein-coding,-,-,-,natural cytotoxicity triggering receptor 3,20210420,-
130825,121161946,FCHSD1,-,-,-,Un,-,FCH and double SH3 domains 1,protein-coding,-,-,-,F-BAR and double SH3 domains protein 1,20210420,-
130825,121161947,LOC121161947,-,-,-,Un,-,cytochrome c oxidase assembly protein COX14,protein-coding,-,-,-,cytochrome c oxidase assembly protein COX14,20210420,-
130825,121161948,LST1,-,-,-,Un,-,leukocyte specific transcript 1,protein-coding,-,-,-,leukocyte-specific transcript 1 protein,20210420,-
130825,121161949,TNF,-,-,-,Un,-,tumor necrosis factor,protein-coding,-,-,-,tumor necrosis factor,20210420,-
130825,121161950,DDX39B,-,-,-,Un,-,DExD-box helicase 39B,protein-coding,-,-,-,spliceosome RNA helicase DDX39B,20210424,-
130825,121161951,NFKBIL1,-,-,-,Un,-,NFKB inhibitor like 1,protein-coding,-,-,-,NF-kappa-B inhibitor-like protein 1,20210420,-
130825,121161952,ATP6V1G2,-,-,-,Un,-,ATPase H+ transporting V1 subunit G2,protein-coding,-,-,-,V-type proton ATPase subunit G 2,20210424,-
130825,121161953,LOC121161953,-,-,-,Un,-,"class I histocompatibility antigen, Gogo-B*0101 alpha chain-like",protein-coding,-,-,-,"H-2 class I histocompatibility antigen, Q10 alpha chain-like|class I histocompatibility antigen, Gogo-B*0101 alpha chain-like",20210420,-
130825,121161954,LOC121161954,-,-,-,Un,-,uncharacterized LOC121161954,ncRNA,-,-,-,-,20210420,-
130825,121161955,LOC121161955,-,-,-,Un,-,small nucleolar RNA SNORD83,snoRNA,-,-,-,-,20210420,-
130825,121161956,LOC121161956,-,-,-,Un,-,small nucleolar RNA SNORD83,snoRNA,-,-,-,-,20210420,-
130825,121161957,LOC121161957,-,-,-,Un,-,small nucleolar RNA SNORA38,snoRNA,-,-,-,-,20210420,-
130825,121161958,LOC121161958,-,-,-,Un,-,aldo-keto reductase family 1 member C15-like,protein-coding,-,-,-,aldo-keto reductase family 1 member C15-like,20210420,-
130825,121161959,LOC121161959,-,-,-,Un,-,AN1-type zinc finger protein 5-like,pseudo,-,-,-,-,20210420,-
130825,121161960,LOC121161960,-,-,-,Un,-,cytochrome P450 4A7-like,protein-coding,-,-,-,cytochrome P450 4A7-like,20210420,-
130825,121161961,LOC121161961,-,-,-,Un,-,cytochrome P450 4A4-like,protein-coding,-,-,-,LOW QUALITY PROTEIN: cytochrome P450 4A4-like,20210420,-
130825,121161962,LOC121161962,-,-,-,Un,-,cytochrome P450 4A4-like,protein-coding,-,-,-,cytochrome P450 4A4-like,20210420,-
130825,121161963,LOC121161963,-,-,-,Un,-,cytochrome P450 4A7-like,protein-coding,-,-,-,cytochrome P450 4A7-like,20210420,-
130825,121161964,LOC121161964,-,-,-,Un,-,cytochrome P450 4X1-like,protein-coding,-,-,-,cytochrome P450 4X1-like,20210420,-
130825,121161965,LOC121161965,-,-,-,Un,-,interferon-induced protein with tetratricopeptide repeats 1-like,protein-coding,-,-,-,interferon-induced protein with tetratricopeptide repeats 1-like,20210420,-
130825,121161966,LIMA1,-,-,-,Un,-,LIM domain and actin binding 1,protein-coding,-,-,-,LIM domain and actin-binding protein 1,20210420,-
130825,121161967,LOC121161967,-,-,-,Un,-,"HLA class II histocompatibility antigen, DO beta chain",protein-coding,-,-,-,"HLA class II histocompatibility antigen, DO beta chain",20210420,-
130825,121161968,TAP1,-,-,-,Un,-,"transporter 1, ATP binding cassette subfamily B member",protein-coding,-,-,-,antigen peptide transporter 1,20210420,-
130825,121161969,TAP2,-,-,-,Un,-,"transporter 2, ATP binding cassette subfamily B member",protein-coding,-,-,-,antigen peptide transporter 2,20210420,-
130825,121161970,PSMB8,-,-,-,Un,-,proteasome 20S subunit beta 8,protein-coding,-,-,-,proteasome subunit beta type-8,20210420,-
130825,121161971,PSMB9,-,-,-,Un,-,proteasome 20S subunit beta 9,protein-coding,-,-,-,proteasome subunit beta type-9,20210420,-
130825,121161972,LOC121161972,-,-,-,Un,-,"HLA class II histocompatibility antigen, DM beta chain",protein-coding,-,-,-,"HLA class II histocompatibility antigen, DM beta chain",20210420,-
130825,121161973,LOC121161973,-,-,-,Un,-,"HLA class II histocompatibility antigen, DM alpha chain",protein-coding,-,-,-,"HLA class II histocompatibility antigen, DM alpha chain",20210420,-
130825,121161974,BRD2,-,-,-,Un,-,bromodomain containing 2,protein-coding,-,-,-,bromodomain-containing protein 2,20210420,-
130825,121161975,LOC121161975,-,-,-,Un,-,"HLA class II histocompatibility antigen, DO alpha chain",protein-coding,-,-,-,"HLA class II histocompatibility antigen, DO alpha chain",20210420,-
130825,121161976,LOC121161976,-,-,-,Un,-,U4 spliceosomal RNA,pseudo,-,-,-,-,20210420,-
130825,121161977,LOC121161977,-,-,-,Un,-,putative vomeronasal receptor-like protein 4,protein-coding,-,-,-,putative vomeronasal receptor-like protein 4,20210420,-
130825,121161978,LOC121161978,-,-,-,Un,-,putative vomeronasal receptor-like protein 4,protein-coding,-,-,-,putative vomeronasal receptor-like protein 4,20210420,-
130825,121161979,CELA1,-,-,-,Un,-,chymotrypsin like elastase 1,protein-coding,-,-,-,chymotrypsin-like elastase family member 1,20210420,-
130825,121161980,LOC121161980,-,-,-,Un,-,inositol polyphosphate multikinase-like,pseudo,-,-,-,-,20210420,-
130825,121161981,LOC121161981,-,-,-,Un,-,U6 spliceosomal RNA,snRNA,-,-,-,-,20210420,-
130825,121161982,LOC121161982,-,-,-,Un,-,uncharacterized LOC121161982,ncRNA,-,-,-,-,20210420,-
130825,121161983,RORB,-,-,-,Un,-,RAR related orphan receptor B,protein-coding,-,-,-,nuclear receptor ROR-beta,20210420,-
130825,121161984,TRPM6,-,-,-,Un,-,transient receptor potential cation channel subfamily M member 6,protein-coding,-,-,-,LOW QUALITY PROTEIN: transient receptor potential cation channel subfamily M member 6,20210420,-
130825,121161985,LOC121161985,-,-,-,Un,-,breast cancer metastasis-suppressor 1-like protein,pseudo,-,-,-,-,20210420,-
130825,121161986,FOXB2,-,-,-,Un,-,forkhead box B2,protein-coding,-,-,-,forkhead box protein B2,20210420,-
130825,121161987,RASEF,-,-,-,Un,-,RAS and EF-hand domain containing,protein-coding,-,-,-,ras and EF-hand domain-containing protein,20210420,-
130825,121161988,HABP4,-,-,-,Un,-,hyaluronan binding protein 4,protein-coding,-,-,-,intracellular hyaluronan-binding protein 4,20210420,-
130825,121161989,HSD17B3,-,-,-,Un,-,hydroxysteroid 17-beta dehydrogenase 3,protein-coding,-,-,-,testosterone 17-beta-dehydrogenase 3,20210420,-
130825,121161990,SCN8A,-,-,-,Un,-,sodium voltage-gated channel alpha subunit 8,protein-coding,-,-,-,sodium channel protein type 8 subunit alpha,20210420,-
130825,121161991,LOC121161991,-,-,-,Un,-,uncharacterized LOC121161991,ncRNA,-,-,-,-,20210420,-
130825,121161992,LOC121161992,-,-,-,Un,-,uncharacterized LOC121161992,ncRNA,-,-,-,-,20210420,-
130825,121161993,PTCH1,-,-,-,Un,-,patched 1,protein-coding,-,-,-,protein patched homolog 1,20210420,-
130825,121161994,FBP2,-,-,-,Un,-,fructose-bisphosphatase 2,protein-coding,-,-,-,"fructose-1,6-bisphosphatase isozyme 2",20210420,-
130825,121161995,LOC121161995,-,-,-,Un,-,procathepsin L-like,protein-coding,-,-,-,procathepsin L-like,20210420,-
130825,121161996,LOC121161996,-,-,-,Un,-,prorelaxin-like,protein-coding,-,-,-,prorelaxin-like,20210420,-
130825,121161997,LOC121161997,-,-,-,Un,-,uncharacterized LOC121161997,ncRNA,-,-,-,-,20210420,-
130825,121161998,SLC1A1,-,-,-,Un,-,solute carrier family 1 member 1,protein-coding,-,-,-,excitatory amino acid transporter 3,20210420,-
130825,121161999,KCNV2,-,-,-,Un,-,potassium voltage-gated channel modifier subfamily V member 2,protein-coding,-,-,-,potassium voltage-gated channel subfamily V member 2,20210420,-
130825,121162000,LOC121162000,-,-,-,Un,-,uncharacterized LOC121162000,ncRNA,-,-,-,-,20210420,-
130825,121162001,DMRT2,-,-,-,Un,-,doublesex and mab-3 related transcription factor 2,protein-coding,-,-,-,doublesex- and mab-3-related transcription factor 2,20210420,-
130825,121162002,DMRT3,-,-,-,Un,-,doublesex and mab-3 related transcription factor 3,protein-coding,-,-,-,doublesex- and mab-3-related transcription factor 3,20210420,-
130825,121162003,DMRT1,-,-,-,Un,-,doublesex and mab-3 related transcription factor 1,protein-coding,-,-,-,doublesex- and mab-3-related transcription factor 1,20210420,-
130825,121162004,PGM5,-,-,-,Un,-,phosphoglucomutase 5,protein-coding,-,-,-,phosphoglucomutase-like protein 5,20210420,-
130825,121162005,LOC121162005,-,-,-,Un,-,uncharacterized LOC121162005,ncRNA,-,-,-,-,20210420,-
130825,121162006,LOC121162006,-,-,-,Un,-,uncharacterized LOC121162006,ncRNA,-,-,-,-,20210420,-
130825,121162007,LOC121162007,-,-,-,Un,-,uncharacterized LOC121162007,ncRNA,-,-,-,-,20210420,-
130825,121162008,PRUNE2,-,-,-,Un,-,prune homolog 2 with BCH domain,protein-coding,-,-,-,protein prune homolog 2,20210420,-
130825,121162009,LOC121162009,-,-,-,Un,-,spermatogenesis-associated protein 31D4-like,protein-coding,-,-,-,spermatogenesis-associated protein 31D4-like,20210420,-
130825,121162010,LOC121162010,-,-,-,Un,-,nibrin-like,pseudo,-,-,-,-,20210420,-
130825,121162011,SLC35D2,-,-,-,Un,-,solute carrier family 35 member D2,protein-coding,-,-,-,UDP-N-acetylglucosamine/UDP-glucose/GDP-mannose transporter,20210420,-
130825,121162012,LOC121162012,-,-,-,Un,-,importin subunit alpha-4-like,pseudo,-,-,-,-,20210420,-
130825,121162013,TPD52L3,-,-,-,Un,-,TPD52 like 3,protein-coding,-,-,-,tumor protein D55,20210420,-
130825,121162014,LOC121162014,-,-,-,Un,-,40S ribosomal protein S4-like,pseudo,-,-,-,-,20210420,-
130825,121162015,IL33,-,-,-,Un,-,interleukin 33,protein-coding,-,-,-,interleukin-33,20210420,-
130825,121162016,LOC121162016,-,-,-,Un,-,interleukin-33-like,protein-coding,-,-,-,interleukin-33-like,20210420,-
130825,121162017,LOC121162017,-,-,-,Un,-,DNA mismatch repair protein Msh2-like,pseudo,-,-,-,-,20210420,-
130825,121162018,KIAA2026,-,-,-,Un,-,KIAA2026 ortholog,protein-coding,-,-,-,uncharacterized protein KIAA2026 homolog,20210420,-
130825,121162019,LOC121162019,-,-,-,Un,-,histone-arginine methyltransferase CARM1-like,protein-coding,-,-,-,histone-arginine methyltransferase CARM1-like,20210420,-
130825,121162020,LOC121162020,-,-,-,Un,-,forkhead box protein D4-like 1,protein-coding,-,-,-,forkhead box protein D4-like 1,20210420,-
130825,121162021,TMEM252,-,-,-,Un,-,transmembrane protein 252,protein-coding,-,-,-,transmembrane protein 252,20210420,-
130825,121162022,ALDH1A1,-,-,-,Un,-,aldehyde dehydrogenase 1 family member A1,protein-coding,-,-,-,retinal dehydrogenase 1,20210420,-
130825,121162023,ANXA1,-,-,-,Un,-,annexin A1,protein-coding,-,-,-,annexin A1,20210420,-
130825,121162024,LOC121162024,-,-,-,Un,-,14-3-3 protein beta/alpha,protein-coding,-,-,-,14-3-3 protein beta/alpha,20210420,-
130825,121162025,CUNH9orf40,-,-,-,Un,-,chromosome unknown C9orf40 homolog,protein-coding,-,-,-,uncharacterized protein C9orf40 homolog,20210420,-
130825,121162026,CARNMT1,-,-,-,Un,-,carnosine N-methyltransferase 1,protein-coding,-,-,-,carnosine N-methyltransferase,20210420,-
130825,121162027,LOC121162027,-,-,-,Un,-,non-histone chromosomal protein HMG-14-like,pseudo,-,-,-,-,20210420,-
130825,121162028,LOC121162028,-,-,-,Un,-,transformer-2 protein homolog beta-like,protein-coding,-,-,-,transformer-2 protein homolog beta-like,20210420,-
130825,121162029,NMRK1,-,-,-,Un,-,nicotinamide riboside kinase 1,protein-coding,-,-,-,nicotinamide riboside kinase 1,20210420,-
130825,121162030,OSTF1,-,-,-,Un,-,osteoclast stimulating factor 1,protein-coding,-,-,-,osteoclast-stimulating factor 1,20210420,-
130825,121162031,PCSK5,-,-,-,Un,-,proprotein convertase subtilisin/kexin type 5,protein-coding,-,-,-,proprotein convertase subtilisin/kexin type 5,20210420,-
130825,121162032,RFK,-,-,-,Un,-,riboflavin kinase,protein-coding,-,-,-,riboflavin kinase,20210420,-
130825,121162033,GCNT1,-,-,-,Un,-,glucosaminyl (N-acetyl) transferase 1,protein-coding,-,-,-,"beta-1,3-galactosyl-O-glycosyl-glycoprotein beta-1,6-N-acetylglucosaminyltransferase",20210420,-
130825,121162034,VPS13A,-,-,-,Un,-,vacuolar protein sorting 13 homolog A,protein-coding,-,-,-,vacuolar protein sorting-associated protein 13A,20210420,-
130825,121162035,LOC121162035,-,-,-,Un,-,fidgetin-like protein 2,protein-coding,-,-,-,fidgetin-like protein 2,20210420,-
130825,121162036,GNA14,-,-,-,Un,-,G protein subunit alpha 14,protein-coding,-,-,-,guanine nucleotide-binding protein subunit alpha-14,20210420,-
130825,121162037,GNAQ,-,-,-,Un,-,G protein subunit alpha q,protein-coding,-,-,-,guanine nucleotide-binding protein G(q) subunit alpha,20210420,-
130825,121162038,LOC121162038,-,-,-,Un,-,protein TAMALIN,protein-coding,-,-,-,protein TAMALIN,20210420,-
130825,121162039,CEP78,-,-,-,Un,-,centrosomal protein 78,protein-coding,-,-,-,centrosomal protein of 78 kDa,20210420,-
130825,121162040,PSAT1,-,-,-,Un,-,phosphoserine aminotransferase 1,protein-coding,-,-,-,phosphoserine aminotransferase,20210420,-
130825,121162041,TLE4,-,-,-,Un,-,"TLE family member 4, transcriptional corepressor",protein-coding,-,-,-,transducin-like enhancer protein 4,20210420,-
130825,121162042,LOC121162042,-,-,-,Un,-,nuclear receptor subfamily 4 group A member 1,protein-coding,-,-,-,nuclear receptor subfamily 4 group A member 1,20210420,-
130825,121162043,LOC121162043,-,-,-,Un,-,"keratin, type II cytoskeletal 7-like",protein-coding,-,-,-,"keratin, type II cytoskeletal 7-like",20210420,-
130825,121162044,LOC121162044,-,-,-,Un,-,transducin-like enhancer protein 1,protein-coding,-,-,-,transducin-like enhancer protein 1,20210420,-
130825,121162045,KRT80,-,-,-,Un,-,keratin 80,protein-coding,-,-,-,"keratin, type II cytoskeletal 80",20210420,-
130825,121162046,MFSD14B,-,-,-,Un,-,major facilitator superfamily domain containing 14B,protein-coding,-,-,-,hippocampus abundant transcript-like protein 1,20210420,-
130825,121162047,LOC121162047,-,-,-,Un,-,zinc finger protein 510-like,protein-coding,-,-,-,zinc finger protein 260-like|zinc finger protein 510-like,20210420,-
130825,121162048,LOC121162048,-,-,-,Un,-,"keratin, type II cuticular Hb1-like",protein-coding,-,-,-,"keratin, type II cuticular Hb1-like",20210420,-
130825,121162049,LOC121162049,-,-,-,Un,-,procathepsin L-like,protein-coding,-,-,-,procathepsin L-like,20210420,-
130825,121162050,PRXL2C,-,-,-,Un,-,peroxiredoxin like 2C,protein-coding,-,-,-,peroxiredoxin-like 2C,20210420,-
130825,121162051,FAM240B,-,-,-,Un,-,family with sequence similarity 240 member B,protein-coding,-,-,-,protein FAM240B,20210420,-
130825,121162052,CDC14B,-,-,-,Un,-,cell division cycle 14B,protein-coding,-,-,-,dual specificity protein phosphatase CDC14B,20210420,-
130825,121162053,ZNF367,-,-,-,Un,-,zinc finger protein 367,protein-coding,-,-,-,zinc finger protein 367,20210420,-
130825,121162054,ERCC6L2,-,-,-,Un,-,ERCC excision repair 6 like 2,protein-coding,-,-,-,DNA excision repair protein ERCC-6-like 2,20210420,-
130825,121162055,LOC121162055,-,-,-,Un,-,"keratin, type II cuticular Hb6",protein-coding,-,-,-,"keratin, type II cuticular Hb6",20210420,-
130825,121162056,FANCC,-,-,-,Un,-,FA complementation group C,protein-coding,-,-,-,Fanconi anemia group C protein,20210420,-
130825,121162057,LOC121162057,-,-,-,Un,-,aminopeptidase O (putative),protein-coding,-,-,-,aminopeptidase O,20210420,-
130825,121162058,FBP1,-,-,-,Un,-,fructose-bisphosphatase 1,protein-coding,-,-,-,"fructose-1,6-bisphosphatase 1",20210420,-
130825,121162059,GLDC,-,-,-,Un,-,glycine decarboxylase,protein-coding,-,-,-,"glycine dehydrogenase (decarboxylating), mitochondrial",20210420,-
130825,121162060,UHRF2,-,-,-,Un,-,ubiquitin like with PHD and ring finger domains 2,protein-coding,-,-,-,E3 ubiquitin-protein ligase UHRF2,20210420,-
130825,121162061,LOC121162061,-,-,-,Un,-,C2 domain-containing protein 5-like,protein-coding,-,-,-,LOW QUALITY PROTEIN: C2 domain-containing protein 5-like,20210420,-
130825,121162062,RANBP6,-,-,-,Un,-,RAN binding protein 6,protein-coding,-,-,-,ran-binding protein 6,20210420,-
130825,121162063,MLANA,-,-,-,Un,-,melan-A,protein-coding,-,-,-,melanoma antigen recognized by T-cells 1,20210420,-
130825,121162064,ERMP1,-,-,-,Un,-,endoplasmic reticulum metallopeptidase 1,protein-coding,-,-,-,endoplasmic reticulum metallopeptidase 1,20210420,-
130825,121162065,LOC121162065,-,-,-,Un,-,"keratin, type II cuticular Hb1-like",protein-coding,-,-,-,"keratin, type II cuticular Hb1-like",20210420,-
130825,121162066,RIC1,-,-,-,Un,-,"RIC1 homolog, RAB6A GEF complex partner 1",protein-coding,-,-,-,guanine nucleotide exchange factor subunit RIC1,20210420,-
130825,121162067,CD274,-,-,-,Un,-,CD274 molecule,protein-coding,-,-,-,programmed cell death 1 ligand 1,20210420,-
130825,121162068,PLGRKT,-,-,-,Un,-,plasminogen receptor with a C-terminal lysine,protein-coding,-,-,-,plasminogen receptor (KT),20210420,-
130825,121162069,INSL6,-,-,-,Un,-,insulin like 6,protein-coding,-,-,-,insulin-like peptide INSL6,20210420,-
130825,121162070,JAK2,-,-,-,Un,-,Janus kinase 2,protein-coding,-,-,-,tyrosine-protein kinase JAK2,20210420,-
130825,121162071,RCL1,-,-,-,Un,-,RNA terminal phosphate cyclase like 1,protein-coding,-,-,-,RNA 3'-terminal phosphate cyclase-like protein,20210420,-
130825,121162072,LOC121162072,-,-,-,Un,-,"keratin, type II cuticular Hb5",protein-coding,-,-,-,"keratin, type II cuticular Hb5",20210420,-
130825,121162073,AK3,-,-,-,Un,-,adenylate kinase 3,protein-coding,-,-,-,"GTP:AMP phosphotransferase AK3, mitochondrial",20210420,-
130825,121162074,CDC37L1,-,-,-,Un,-,cell division cycle 37 like 1,protein-coding,-,-,-,hsp90 co-chaperone Cdc37-like 1,20210420,-
130825,121162075,SPATA6L,-,-,-,Un,-,spermatogenesis associated 6 like,protein-coding,-,-,-,spermatogenesis associated 6-like protein,20210420,-
130825,121162076,PLPP6,-,-,-,Un,-,phospholipid phosphatase 6,protein-coding,-,-,-,phospholipid phosphatase 6,20210420,-
130825,121162077,GLIS3,-,-,-,Un,-,GLIS family zinc finger 3,protein-coding,-,-,-,zinc finger protein GLIS3,20210420,-
130825,121162078,RFX3,-,-,-,Un,-,regulatory factor X3,protein-coding,-,-,-,transcription factor RFX3,20210420,-
130825,121162079,PUM3,-,-,-,Un,-,pumilio RNA binding family member 3,protein-coding,-,-,-,pumilio homolog 3,20210420,-
130825,121162080,VLDLR,-,-,-,Un,-,very low density lipoprotein receptor,protein-coding,-,-,-,very low-density lipoprotein receptor,20210420,-
130825,121162081,SMARCA2,-,-,-,Un,-,"SWI/SNF related, matrix associated, actin dependent regulator of chromatin, subfamily a, member 2",protein-coding,-,-,-,probable global transcription activator SNF2L2,20210420,-
130825,121162082,KANK1,-,-,-,Un,-,KN motif and ankyrin repeat domains 1,protein-coding,-,-,-,KN motif and ankyrin repeat domain-containing protein 1,20210420,-
130825,121162083,DOCK8,-,-,-,Un,-,dedicator of cytokinesis 8,protein-coding,-,-,-,dedicator of cytokinesis protein 8,20210420,-
130825,121162084,ADAM19,-,-,-,Un,-,ADAM metallopeptidase domain 19,protein-coding,-,-,-,disintegrin and metalloproteinase domain-containing protein 19,20210420,-
130825,121162085,KRT84,-,-,-,Un,-,keratin 84,protein-coding,-,-,-,"keratin, type II cuticular Hb4",20210420,-
130825,121162086,LOC121162086,-,-,-,Un,-,COBW domain-containing protein 3-like,protein-coding,-,-,-,COBW domain-containing protein 2-like|COBW domain-containing protein 3-like|putative COBW domain-containing protein 7,20210420,-
130825,121162087,LOC121162087,-,-,-,Un,-,U6 spliceosomal RNA,snRNA,-,-,-,-,20210420,-
130825,121162088,LOC121162088,-,-,-,Un,-,U6 spliceosomal RNA,pseudo,-,-,-,-,20210420,-
130825,121162089,KRT75,-,-,-,Un,-,keratin 75,protein-coding,-,-,-,"keratin, type II cytoskeletal 75",20210420,-
130825,121162090,LOC121162090,-,-,-,Un,-,U6 spliceosomal RNA,pseudo,-,-,-,-,20210420,-
130825,121162091,LOC121162091,-,-,-,Un,-,U6 spliceosomal RNA,pseudo,-,-,-,-,20210420,-
130825,121162092,LOC121162092,-,-,-,Un,-,small nucleolar RNA ACA64,snoRNA,-,-,-,-,20210420,-
130825,121162093,LOC121162093,-,-,-,Un,-,U2 spliceosomal RNA,pseudo,-,-,-,-,20210420,-
130825,121162094,LOC121162094,-,-,-,Un,-,U6 spliceosomal RNA,snRNA,-,-,-,-,20210420,-
130825,121162095,LOC121162095,-,-,-,Un,-,putative vomeronasal receptor-like protein 4,protein-coding,-,-,-,putative vomeronasal receptor-like protein 4,20210420,-
130825,121162096,LOC121162096,-,-,-,Un,-,phosphatidylinositol transfer protein beta isoform-like,pseudo,-,-,-,-,20210420,-
130825,121162097,LOC121162097,-,-,-,Un,-,elongation of very long chain fatty acids protein 6-like,pseudo,-,-,-,-,20210420,-
130825,121162098,LOC121162098,-,-,-,Un,-,putative vomeronasal receptor-like protein 4,protein-coding,-,-,-,putative vomeronasal receptor-like protein 4,20210420,-
130825,121162099,LOC121162099,-,-,-,Un,-,putative vomeronasal receptor-like protein 4,protein-coding,-,-,-,LOW QUALITY PROTEIN: putative vomeronasal receptor-like protein 4,20210420,-
130825,121162100,LOC121162100,-,-,-,Un,-,microtubule-associated protein RP/EB family member 1-like,pseudo,-,-,-,-,20210420,-
130825,121162101,LOC121162101,-,-,-,Un,-,putative vomeronasal receptor-like protein 4,protein-coding,-,-,-,putative vomeronasal receptor-like protein 4,20210420,-
130825,121162102,LOC121162102,-,-,-,Un,-,putative vomeronasal receptor-like protein 4,protein-coding,-,-,-,putative vomeronasal receptor-like protein 4,20210420,-
130825,121162103,LOC121162103,-,-,-,Un,-,putative vomeronasal receptor-like protein 4,protein-coding,-,-,-,putative vomeronasal receptor-like protein 4,20210420,-
130825,121162104,LOC121162104,-,-,-,Un,-,phosphatidylinositol transfer protein beta isoform-like,pseudo,-,-,-,-,20210420,-
130825,121162105,LOC121162105,-,-,-,Un,-,uncharacterized LOC121162105,ncRNA,-,-,-,-,20210420,-
130825,121162106,LOC121162106,-,-,-,Un,-,40S ribosomal protein S15a-like,pseudo,-,-,-,-,20210420,-
130825,121162107,PLEKHA7,-,-,-,Un,-,pleckstrin homology domain containing A7,protein-coding,-,-,-,pleckstrin homology domain-containing family A member 7,20210420,-
130825,121162108,LOC121162108,-,-,-,Un,-,"keratin, type II cytoskeletal 6A-like",protein-coding,-,-,-,"keratin, type II cytoskeletal 6A-like",20210420,-
130825,121162109,INSC,-,-,-,Un,-,INSC spindle orientation adaptor protein,protein-coding,-,-,-,protein inscuteable homolog,20210420,-
130825,121162110,CALCB,-,-,-,Un,-,calcitonin related polypeptide beta,protein-coding,-,-,-,calcitonin gene-related peptide 2,20210420,-
130825,121162111,CALCA,-,-,-,Un,-,calcitonin related polypeptide alpha,protein-coding,-,-,-,calcitonin,20210420,-
130825,121162112,LOC121162112,-,-,-,Un,-,uncharacterized LOC121162112,ncRNA,-,-,-,-,20210420,-
130825,121162113,PTH,-,-,-,Un,-,parathyroid hormone,protein-coding,-,-,-,parathyroid hormone,20210420,-
130825,121162114,LOC121162114,-,-,-,Un,-,U6 snRNA-associated Sm-like protein LSm3,pseudo,-,-,-,-,20210420,-
130825,121162115,RASSF10,-,-,-,Un,-,Ras association domain family member 10,protein-coding,-,-,-,ras association domain-containing protein 10,20210420,-
130825,121162116,LOC121162116,-,-,-,Un,-,"keratin, type II cytoskeletal 71",protein-coding,-,-,-,"keratin, type II cytoskeletal 71",20210420,-
130825,121162117,TEAD1,-,-,-,Un,-,TEA domain transcription factor 1,protein-coding,-,-,-,transcriptional enhancer factor TEF-1,20210605,-
130825,121162118,PARVA,-,-,-,Un,-,parvin alpha,protein-coding,-,-,-,alpha-parvin,20210529,-
130825,121162119,DKK3,-,-,-,Un,-,dickkopf WNT signaling pathway inhibitor 3,protein-coding,-,-,-,dickkopf-related protein 3,20210420,-
130825,121162120,LOC121162120,-,-,-,Un,-,uncharacterized LOC121162120,ncRNA,-,-,-,-,20210420,-
130825,121162121,LYVE1,-,-,-,Un,-,lymphatic vessel endothelial hyaluronan receptor 1,protein-coding,-,-,-,lymphatic vessel endothelial hyaluronic acid receptor 1,20210420,-
130825,121162122,ADM,-,-,-,Un,-,adrenomedullin,protein-coding,-,-,-,pro-adrenomedullin,20210420,-
130825,121162123,LOC121162123,-,-,-,Un,-,enhancer of rudimentary homolog,pseudo,-,-,-,-,20210420,-
130825,121162124,LOC121162124,-,-,-,Un,-,uncharacterized LOC121162124,ncRNA,-,-,-,-,20210420,-
130825,121162125,KRT74,-,-,-,Un,-,keratin 74,protein-coding,-,-,-,"keratin, type II cytoskeletal 74",20210420,-
130825,121162126,SCUBE2,-,-,-,Un,-,"signal peptide, CUB domain and EGF like domain containing 2",protein-coding,-,-,-,"signal peptide, CUB and EGF-like domain-containing protein 2",20210420,-
130825,121162127,NRIP3,-,-,-,Un,-,nuclear receptor interacting protein 3,protein-coding,-,-,-,nuclear receptor-interacting protein 3,20210420,-
130825,121162128,ASCL3,-,-,-,Un,-,achaete-scute family bHLH transcription factor 3,protein-coding,-,-,-,achaete-scute homolog 3,20210420,-
130825,121162129,DENND2B,-,-,-,Un,-,DENN domain containing 2B,protein-coding,-,-,-,DENN domain-containing protein 2B,20210529,-
130825,121162130,LOC121162130,-,-,-,Un,-,"keratin, type II cytoskeletal 72-like",protein-coding,-,-,-,"keratin, type II cytoskeletal 72-like",20210420,-
130825,121162131,TRIM66,-,-,-,Un,-,tripartite motif containing 66,protein-coding,-,-,-,tripartite motif-containing protein 66,20210420,-
130825,121162132,STK33,-,-,-,Un,-,serine/threonine kinase 33,protein-coding,-,-,-,serine/threonine-protein kinase 33,20210420,-
130825,121162133,LMO1,-,-,-,Un,-,LIM domain only 1,protein-coding,-,-,-,rhombotin-1,20210420,-
130825,121162134,TUB,-,-,-,Un,-,TUB bipartite transcription factor,protein-coding,-,-,-,tubby protein homolog,20210420,-
130825,121162135,LOC121162135,-,-,-,Un,-,olfactory receptor 10A3,protein-coding,-,-,-,olfactory receptor 10A3,20210420,-
130825,121162136,LOC121162136,-,-,-,Un,-,olfactory receptor 1030-like,protein-coding,-,-,-,olfactory receptor 1030-like,20210420,-
130825,121162137,LOC121162137,-,-,-,Un,-,"keratin, type II cytoskeletal 73-like",protein-coding,-,-,-,"keratin, type II cytoskeletal 73-like",20210420,-
130825,121162138,LOC121162138,-,-,-,Un,-,olfactory receptor 502-like,protein-coding,-,-,-,olfactory receptor 502-like,20210420,-
130825,121162139,LOC121162139,-,-,-,Un,-,olfactory receptor 502,protein-coding,-,-,-,olfactory receptor 502,20210420,-
130825,121162140,LOC121162140,-,-,-,Un,-,olfactory receptor 491-like,protein-coding,-,-,-,olfactory receptor 491-like,20210420,-
130825,121162141,LOC121162141,-,-,-,Un,-,olfactory receptor 481-like,protein-coding,-,-,-,olfactory receptor 481-like,20210420,-
130825,121162142,LOC121162142,-,-,-,Un,-,olfactory receptor 508-like,protein-coding,-,-,-,olfactory receptor 508-like,20210420,-
130825,121162143,LOC121162143,-,-,-,Un,-,olfactory receptor 478-like,protein-coding,-,-,-,olfactory receptor 478-like,20210420,-
130825,121162144,LOC121162144,-,-,-,Un,-,olfactory receptor 478,protein-coding,-,-,-,olfactory receptor 478,20210420,-
130825,121162145,LOC121162145,-,-,-,Un,-,olfactory receptor 478-like,protein-coding,-,-,-,olfactory receptor 478-like,20210420,-
130825,121162146,LOC121162146,-,-,-,Un,-,olfactory receptor 491-like,protein-coding,-,-,-,olfactory receptor 491-like,20210420,-
130825,121162147,LOC121162147,-,-,-,Un,-,olfactory receptor 481-like,protein-coding,-,-,-,olfactory receptor 481-like,20210420,-
130825,121162148,LOC121162148,-,-,-,Un,-,NADH-cytochrome b5 reductase 2,protein-coding,-,-,-,NADH-cytochrome b5 reductase 2,20210420,-
130825,121162149,OLFML1,-,-,-,Un,-,olfactomedin like 1,protein-coding,-,-,-,olfactomedin-like protein 1,20210420,-
130825,121162150,SYT9,-,-,-,Un,-,synaptotagmin 9,protein-coding,-,-,-,synaptotagmin-9,20210420,-
130825,121162151,RBMXL2,-,-,-,Un,-,RBMX like 2,protein-coding,-,-,-,"RNA-binding motif protein, X-linked-like-2",20210420,-
130825,121162152,LOC121162152,-,-,-,Un,-,olfactory receptor 2D3,protein-coding,-,-,-,olfactory receptor 2D3,20210420,-
130825,121162153,LOC121162153,-,-,-,Un,-,olfactory receptor 10A4,protein-coding,-,-,-,olfactory receptor 10A4,20210420,-
130825,121162154,LOC121162154,-,-,-,Un,-,olfactory receptor 226,protein-coding,-,-,-,olfactory receptor 226,20210420,-
130825,121162155,LOC121162155,-,-,-,Un,-,olfactory receptor 2D3-like,protein-coding,-,-,-,olfactory receptor 2D3-like,20210420,-
130825,121162156,LOC121162156,-,-,-,Un,-,olfactory receptor 2D3-like,protein-coding,-,-,-,olfactory receptor 2D3-like,20210420,-
130825,121162157,LOC121162157,-,-,-,Un,-,olfactory receptor 2D3-like,protein-coding,-,-,-,olfactory receptor 2D3-like,20210420,-
130825,121162158,LOC121162158,-,-,-,Un,-,olfactory receptor 2AG1-like,protein-coding,-,-,-,olfactory receptor 2AG1-like,20210420,-
130825,121162159,LOC121162159,-,-,-,Un,-,olfactory receptor 2D3-like,protein-coding,-,-,-,olfactory receptor 2D3-like,20210420,-
130825,121162160,LOC121162160,-,-,-,Un,-,U6 snRNA-associated Sm-like protein LSm6,pseudo,-,-,-,-,20210420,-
130825,121162161,KRT2,-,-,-,Un,-,keratin 2,protein-coding,-,-,-,"keratin, type II cytoskeletal 2 epidermal",20210420,-
130825,121162162,LOC121162162,-,-,-,Un,-,protein MIX23-like,pseudo,-,-,-,-,20210420,-
130825,121162163,LOC121162163,-,-,-,Un,-,dual specificity protein phosphatase 14-like,pseudo,-,-,-,-,20210420,-
130825,121162164,LOC121162164,-,-,-,Un,-,translation initiation factor IF-2-like,protein-coding,-,-,-,translation initiation factor IF-2-like,20210420,-
130825,121162165,LOC121162165,-,-,-,Un,-,glucosamine 6-phosphate N-acetyltransferase-like,pseudo,-,-,-,-,20210420,-
130825,121162166,LOC121162166,-,-,-,Un,-,glucosamine 6-phosphate N-acetyltransferase-like,pseudo,-,-,-,-,20210420,-
130825,121162167,LOC121162167,-,-,-,Un,-,glucosamine 6-phosphate N-acetyltransferase-like,pseudo,-,-,-,-,20210420,-
130825,121162168,LOC121162168,-,-,-,Un,-,glucosamine 6-phosphate N-acetyltransferase-like,pseudo,-,-,-,-,20210420,-
130825,121162169,LOC121162169,-,-,-,Un,-,protein SET-like,pseudo,-,-,-,-,20210420,-
130825,121162170,EIF4G2,-,-,-,Un,-,eukaryotic translation initiation factor 4 gamma 2,protein-coding,-,-,-,eukaryotic translation initiation factor 4 gamma 2,20210420,-
130825,121162171,KRT1,-,-,-,Un,-,keratin 1,protein-coding,-,-,-,"keratin, type II cytoskeletal 1",20210420,-
130825,121162172,CUNH11orf16,-,-,-,Un,-,chromosome unknown C11orf16 homolog,protein-coding,-,-,-,uncharacterized protein C11orf16 homolog,20210420,-
130825,121162173,NLRP10,-,-,-,Un,-,NLR family pyrin domain containing 10,protein-coding,-,-,-,"NACHT, LRR and PYD domains-containing protein 10",20210420,-
130825,121162174,LOC121162174,-,-,-,Un,-,olfactory receptor 10K1-like,protein-coding,-,-,-,olfactory receptor 10K1-like,20210420,-
130825,121162175,LOC121162175,-,-,-,Un,-,olfactory receptor 10K1-like,protein-coding,-,-,-,olfactory receptor 10K1-like,20210420,-
130825,121162176,LOC121162176,-,-,-,Un,-,olfactory receptor 10T2-like,pseudo,-,-,-,-,20210420,-
130825,121162177,LOC121162177,-,-,-,Un,-,olfactory receptor 478-like,protein-coding,-,-,-,olfactory receptor 478-like,20210420,-
130825,121162178,LOC121162178,-,-,-,Un,-,olfactory receptor 478-like,protein-coding,-,-,-,olfactory receptor 478-like,20210420,-
130825,121162179,OVCH2,-,-,-,Un,-,ovochymase 2,protein-coding,-,-,-,ovochymase-2,20210420,-
130825,121162180,LOC121162180,-,-,-,Un,-,syntenin-1-like,pseudo,-,-,-,-,20210420,-
130825,121162181,NLRP14,-,-,-,Un,-,NLR family pyrin domain containing 14,protein-coding,-,-,-,"NACHT, LRR and PYD domains-containing protein 14",20210420,-
130825,121162182,LOC121162182,-,-,-,Un,-,"keratin, type II cytoskeletal 3",protein-coding,-,-,-,"keratin, type II cytoskeletal 3",20210420,-
130825,121162183,LOC121162183,-,-,-,Un,-,zinc finger protein 215-like,protein-coding,-,-,-,zinc finger protein 215-like,20210420,-
130825,121162184,ZNF215,-,-,-,Un,-,zinc finger protein 215,protein-coding,-,-,-,zinc finger protein 215,20210420,-
130825,121162185,LOC121162185,-,-,-,Un,-,olfactory receptor 2D2,protein-coding,-,-,-,olfactory receptor 2D2,20210420,-
130825,121162186,LOC121162186,-,-,-,Un,-,olfactory receptor 2D2-like,protein-coding,-,-,-,olfactory receptor 2D2-like,20210420,-
130825,121162187,LOC121162187,-,-,-,Un,-,olfactory receptor 10A5,protein-coding,-,-,-,olfactory receptor 10A5,20210420,-
130825,121162188,LOC121162188,-,-,-,Un,-,olfactory receptor 10A5-like,protein-coding,-,-,-,olfactory receptor 10A5-like,20210420,-
130825,121162189,LOC121162189,-,-,-,Un,-,olfactory receptor 6-like,protein-coding,-,-,-,olfactory receptor 6-like,20210420,-
130825,121162190,LOC121162190,-,-,-,Un,-,olfactory receptor 6-like,protein-coding,-,-,-,olfactory receptor 6-like,20210420,-
130825,121162191,LOC121162191,-,-,-,Un,-,olfactory receptor 6,protein-coding,-,-,-,olfactory receptor 6,20210420,-
130825,121162192,LOC121162192,-,-,-,Un,-,olfactory receptor 2AG2-like,protein-coding,-,-,-,olfactory receptor 2AG2-like,20210420,-
130825,121162193,KRT4,-,-,-,Un,-,keratin 4,protein-coding,-,-,-,"keratin, type II cytoskeletal 4",20210420,-
130825,121162194,LOC121162194,-,-,-,Un,-,uncharacterized LOC121162194,ncRNA,-,-,-,-,20210420,-
130825,121162195,LOC121162195,-,-,-,Un,-,natural cytotoxicity triggering receptor 3 ligand 1-like,protein-coding,-,-,-,natural cytotoxicity triggering receptor 3 ligand 1-like,20210420,-
130825,121162196,LOC121162196,-,-,-,Un,-,natural cytotoxicity triggering receptor 3 ligand 1-like,protein-coding,-,-,-,natural cytotoxicity triggering receptor 3 ligand 1-like,20210420,-
130825,121162197,NUCB2,-,-,-,Un,-,nucleobindin 2,protein-coding,-,-,-,nucleobindin-2,20210420,-
130825,121162198,PIK3C2A,-,-,-,Un,-,phosphatidylinositol-4-phosphate 3-kinase catalytic subunit type 2 alpha,protein-coding,-,-,-,phosphatidylinositol 4-phosphate 3-kinase C2 domain-containing subunit alpha,20210420,-
130825,121162199,RPS13,-,-,-,Un,-,ribosomal protein S13,protein-coding,-,-,-,40S ribosomal protein S13,20210522,-
130825,121162200,CUNH11orf58,-,-,-,Un,-,chromosome unknown C11orf58 homolog,protein-coding,-,-,-,small acidic protein,20210420,-
130825,121162201,SOX6,-,-,-,Un,-,SRY-box transcription factor 6,protein-coding,-,-,-,transcription factor SOX-6,20210420,-
130825,121162202,KRT79,-,-,-,Un,-,keratin 79,protein-coding,-,-,-,"keratin, type II cytoskeletal 79",20210420,-
130825,121162203,KRT78,-,-,-,Un,-,keratin 78,protein-coding,-,-,-,"keratin, type II cytoskeletal 78",20210420,-
130825,121162204,LOC121162204,-,-,-,Un,-,vitamin D 25-hydroxylase,protein-coding,-,-,-,vitamin D 25-hydroxylase,20210420,-
130825,121162205,PDE3B,-,-,-,Un,-,phosphodiesterase 3B,protein-coding,-,-,-,"cGMP-inhibited 3',5'-cyclic phosphodiesterase B",20210420,-
130825,121162206,PSMA1,-,-,-,Un,-,proteasome 20S subunit alpha 1,protein-coding,-,-,-,proteasome subunit alpha type-1,20210522,-
130825,121162207,COPB1,-,-,-,Un,-,COPI coat complex subunit beta 1,protein-coding,-,-,-,coatomer subunit beta,20210420,-
130825,121162208,RRAS2,-,-,-,Un,-,RAS related 2,protein-coding,-,-,-,ras-related protein R-Ras2,20210522,-
130825,121162209,SPON1,-,-,-,Un,-,spondin 1,protein-coding,-,-,-,spondin-1,20210420,-
130825,121162210,FAR1,-,-,-,Un,-,fatty acyl-CoA reductase 1,protein-coding,-,-,-,fatty acyl-CoA reductase 1,20210420,-
130825,121162211,ARNTL,-,-,-,Un,-,aryl hydrocarbon receptor nuclear translocator like,protein-coding,-,-,-,aryl hydrocarbon receptor nuclear translocator-like protein 1,20210420,-
130825,121162212,BTBD10,-,-,-,Un,-,BTB domain containing 10,protein-coding,-,-,-,BTB/POZ domain-containing protein 10,20210420,-
130825,121162213,KRT8,-,-,-,Un,-,keratin 8,protein-coding,-,-,-,"keratin, type II cytoskeletal 8",20210420,-
130825,121162214,MICAL2,-,-,-,Un,-,"microtubule associated monooxygenase, calponin and LIM domain containing 2",protein-coding,-,-,-,F-actin-monooxygenase MICAL2,20210420,-
130825,121162215,NIPAL4,-,-,-,Un,-,NIPA like domain containing 4,protein-coding,-,-,-,magnesium transporter NIPA4,20210420,-
130825,121162216,LOC121162216,-,-,-,Un,-,MICAL C-terminal-like protein,protein-coding,-,-,-,MICAL C-terminal-like protein,20210420,-
130825,121162217,USP47,-,-,-,Un,-,ubiquitin specific peptidase 47,protein-coding,-,-,-,ubiquitin carboxyl-terminal hydrolase 47,20210420,-
130825,121162218,KRT18,-,-,-,Un,-,keratin 18,protein-coding,-,-,-,"keratin, type I cytoskeletal 18",20210420,-
130825,121162219,GALNT18,-,-,-,Un,-,polypeptide N-acetylgalactosaminyltransferase 18,protein-coding,-,-,-,polypeptide N-acetylgalactosaminyltransferase 18,20210420,-
130825,121162220,LOC121162220,-,-,-,Un,-,heterogeneous nuclear ribonucleoprotein A1-like,protein-coding,-,-,-,heterogeneous nuclear ribonucleoprotein A1-like,20210420,-
130825,121162221,CTR9,-,-,-,Un,-,"CTR9 homolog, Paf1/RNA polymerase II complex component",protein-coding,-,-,-,RNA polymerase-associated protein CTR9 homolog,20210420,-
130825,121162222,CSAD,-,-,-,Un,-,cysteine sulfinic acid decarboxylase,protein-coding,-,-,-,cysteine sulfinic acid decarboxylase,20210420,-
130825,121162223,IRAG1,-,-,-,Un,-,"inositol 1,4,5-triphosphate receptor associated 1",protein-coding,-,-,-,"LOW QUALITY PROTEIN: inositol 1,4,5-triphosphate receptor associated 1",20210420,-
130825,121162224,LOC121162224,-,-,-,Un,-,uncharacterized LOC121162224,ncRNA,-,-,-,-,20210420,-
130825,121162225,AMPD3,-,-,-,Un,-,adenosine monophosphate deaminase 3,protein-coding,-,-,-,AMP deaminase 3,20210420,-
130825,121162226,RNF141,-,-,-,Un,-,ring finger protein 141,protein-coding,-,-,-,RING finger protein 141,20210420,-
130825,121162227,LOC121162227,-,-,-,Un,-,40S ribosomal protein S18-like,protein-coding,-,-,-,40S ribosomal protein S18-like,20210420,-
130825,121162228,SBF2,-,-,-,Un,-,SET binding factor 2,protein-coding,-,-,-,myotubularin-related protein 13,20210420,-
130825,121162229,SWAP70,-,-,-,Un,-,switching B cell complex subunit SWAP70,protein-coding,-,-,-,switch-associated protein 70,20210420,-
130825,121162230,WEE1,-,-,-,Un,-,WEE1 G2 checkpoint kinase,protein-coding,-,-,-,wee1-like protein kinase,20210420,-
130825,121162231,ZNF143,-,-,-,Un,-,zinc finger protein 143,protein-coding,-,-,-,zinc finger protein 143,20210420,-
130825,121162232,ESPL1,-,-,-,Un,-,"extra spindle pole bodies like 1, separase",protein-coding,-,-,-,separin,20210420,-
130825,121162233,IPO7,-,-,-,Un,-,importin 7,protein-coding,-,-,-,importin-7,20210420,-
130825,121162234,TMEM41B,-,-,-,Un,-,transmembrane protein 41B,protein-coding,-,-,-,transmembrane protein 41B,20210420,-
130825,121162235,DENND5A,-,-,-,Un,-,DENN domain containing 5A,protein-coding,-,-,-,DENN domain-containing protein 5A,20210420,-
130825,121162236,TMEM9B,-,-,-,Un,-,TMEM9 domain family member B,protein-coding,-,-,-,transmembrane protein 9B,20210420,-
130825,121162237,AKIP1,-,-,-,Un,-,A-kinase interacting protein 1,protein-coding,-,-,-,A-kinase-interacting protein 1,20210420,-
130825,121162238,PFDN5,-,-,-,Un,-,prefoldin subunit 5,protein-coding,-,-,-,prefoldin subunit 5,20210420,-
130825,121162239,RPL27A,-,-,-,Un,-,ribosomal protein L27a,protein-coding,-,-,-,60S ribosomal protein L27a,20210529,-
130825,121162240,RIC3,-,-,-,Un,-,RIC3 acetylcholine receptor chaperone,protein-coding,-,-,-,protein RIC-3,20210420,-
130825,121162241,LOC121162241,-,-,-,Un,-,uncharacterized LOC121162241,ncRNA,-,-,-,-,20210420,-
130825,121162242,EIF3F,-,-,-,Un,-,eukaryotic translation initiation factor 3 subunit F,protein-coding,-,-,-,eukaryotic translation initiation factor 3 subunit F,20210420,-
130825,121162243,LOC121162243,-,-,-,Un,-,liprin-beta-2,protein-coding,-,-,-,liprin-beta-2,20210420,-
130825,121162244,LOC121162244,-,-,-,Un,-,mortality factor 4-like protein 1,pseudo,-,-,-,-,20210420,-
130825,121162245,LOC121162245,-,-,-,Un,-,U2 spliceosomal RNA,pseudo,-,-,-,-,20210420,-
130825,121162246,LOC121162246,-,-,-,Un,-,U4 spliceosomal RNA,pseudo,-,-,-,-,20210420,-
130825,121162247,LOC121162247,-,-,-,Un,-,small nucleolar RNA SNORD14,snoRNA,-,-,-,-,20210420,-
130825,121162248,LOC121162248,-,-,-,Un,-,U6 spliceosomal RNA,snRNA,-,-,-,-,20210420,-
130825,121162249,LOC121162249,-,-,-,Un,-,U6 spliceosomal RNA,snRNA,-,-,-,-,20210420,-
130825,121162250,LOC121162250,-,-,-,Un,-,U6 spliceosomal RNA,pseudo,-,-,-,-,20210420,-
130825,121162251,LOC121162251,-,-,-,Un,-,small nucleolar RNA SNORA23,snoRNA,-,-,-,-,20210420,-
130825,121162252,LOC121162252,-,-,-,Un,-,small nucleolar RNA SNORA3/SNORA45 family,snoRNA,-,-,-,-,20210420,-
130825,121162253,LOC121162253,-,-,-,Un,-,small nucleolar RNA SNORA3/SNORA45 family,snoRNA,-,-,-,-,20210420,-
130825,121162254,LOC121162254,-,-,-,Un,-,small nucleolar RNA SNORA13,snoRNA,-,-,-,-,20210420,-
130825,121162255,LOC121162255,-,-,-,Un,-,U11 spliceosomal RNA,snRNA,-,-,-,-,20210420,-
130825,121162256,LOC121162256,-,-,-,Un,-,small nucleolar RNA ACA64,snoRNA,-,-,-,-,20210420,-
130825,121162257,MYG1,-,-,-,Un,-,MYG1 exonuclease,protein-coding,-,-,-,MYG1 exonuclease,20210420,-
130825,121162258,LOC121162258,-,-,-,Un,-,small nucleolar RNA ACA64,snoRNA,-,-,-,-,20210420,-
130825,121162259,LOC121162259,-,-,-,Un,-,small nucleolar RNA SNORD97,snoRNA,-,-,-,-,20210420,-
130825,121162260,LOC121162260,-,-,-,Un,-,24-hydroxycholesterol 7-alpha-hydroxylase-like,protein-coding,-,-,-,24-hydroxycholesterol 7-alpha-hydroxylase-like,20210420,-
130825,121162261,SPPL2C,-,-,-,Un,-,signal peptide peptidase like 2C,protein-coding,-,-,-,signal peptide peptidase-like 2C,20210420,-
130825,121162262,CRHR1,-,-,-,Un,-,corticotropin releasing hormone receptor 1,protein-coding,-,-,-,corticotropin-releasing factor receptor 1|corticotropin-releasing factor type 1 receptor,20210420,-
130825,121162263,WNT3,-,-,-,Un,-,Wnt family member 3,protein-coding,-,-,-,proto-oncogene Wnt-3,20210420,-
130825,121162264,WNT9B,-,-,-,Un,-,Wnt family member 9B,protein-coding,-,-,-,protein Wnt-9b,20210420,-
130825,121162265,RPRML,-,-,-,Un,-,reprimo like,protein-coding,-,-,-,reprimo-like protein,20210420,-
130825,121162266,RDM1,-,-,-,Un,-,RAD52 motif containing 1,protein-coding,-,-,-,RAD52 motif-containing protein 1,20210420,-
130825,121162267,LYZL6,-,-,-,Un,-,lysozyme like 6,protein-coding,-,-,-,lysozyme-like protein 6,20210420,-
130825,121162268,MEIOC,-,-,-,Un,-,meiosis specific with coiled-coil domain,protein-coding,-,-,-,meiosis-specific coiled-coil domain-containing protein MEIOC,20210420,-
130825,121162269,ADAM11,-,-,-,Un,-,ADAM metallopeptidase domain 11,protein-coding,-,-,-,disintegrin and metalloproteinase domain-containing protein 11,20210420,-
130825,121162270,GJC1,-,-,-,Un,-,gap junction protein gamma 1,protein-coding,-,-,-,gap junction gamma-1 protein,20210420,-
130825,121162271,LOC121162271,-,-,-,Un,-,glial fibrillary acidic protein,protein-coding,-,-,-,glial fibrillary acidic protein,20210420,-
130825,121162272,KIF18B,-,-,-,Un,-,kinesin family member 18B,protein-coding,-,-,-,kinesin-like protein KIF18B,20210420,-
130825,121162273,C1QL1,-,-,-,Un,-,complement C1q like 1,protein-coding,-,-,-,C1q-related factor,20210420,-
130825,121162274,AAAS,-,-,-,Un,-,aladin WD repeat nucleoporin,protein-coding,-,-,-,aladin,20210420,-
130825,121162275,PLCD3,-,-,-,Un,-,phospholipase C delta 3,protein-coding,-,-,-,"1-phosphatidylinositol 4,5-bisphosphate phosphodiesterase delta-3",20210420,-
130825,121162276,HEXIM2,-,-,-,Un,-,HEXIM P-TEFb complex subunit 2,protein-coding,-,-,-,protein HEXIM2,20210420,-
130825,121162277,LOC121162277,-,-,-,Un,-,uncharacterized LOC121162277,ncRNA,-,-,-,-,20210420,-
130825,121162278,MYL4,-,-,-,Un,-,myosin light chain 4,protein-coding,-,-,-,myosin light chain 4,20210420,-
130825,121162279,LOC121162279,-,-,-,Un,-,leucine-rich repeat-containing protein 37B-like,protein-coding,-,-,-,leucine-rich repeat-containing protein 37B-like,20210420,-
130825,121162280,LOC121162280,-,-,-,Un,-,"28S ribosomal protein S17, mitochondrial-like",protein-coding,-,-,-,"28S ribosomal protein S17, mitochondrial-like",20210420,-
130825,121162281,CD300LG,-,-,-,Un,-,CD300 molecule like family member g,protein-coding,-,-,-,CMRF35-like molecule 9,20210420,-
130825,121162282,PPY,-,-,-,Un,-,pancreatic polypeptide,protein-coding,-,-,-,pancreatic prohormone,20210420,-
130825,121162283,NAGS,-,-,-,Un,-,N-acetylglutamate synthase,protein-coding,-,-,-,"N-acetylglutamate synthase, mitochondrial",20210420,-
130825,121162284,HROB,-,-,-,Un,-,homologous recombination factor with OB-fold,protein-coding,-,-,-,homologous recombination OB-fold protein,20210420,-
130825,121162285,FZD2,-,-,-,Un,-,frizzled class receptor 2,protein-coding,-,-,-,frizzled-2,20210420,-
130825,121162286,LOC121162286,-,-,-,Un,-,60S ribosomal protein L15-like,pseudo,-,-,-,-,20210420,-
130825,121162287,LOC121162287,-,-,-,Un,-,sterile alpha motif domain-containing protein 9-like,pseudo,-,-,-,-,20210420,-
130825,121162288,DBF4B,-,-,-,Un,-,DBF4 zinc finger B,protein-coding,-,-,-,protein DBF4 homolog B,20210420,-
130825,121162289,CCDC103,-,-,-,Un,-,coiled-coil domain containing 103,protein-coding,-,-,-,coiled-coil domain-containing protein 103,20210420,-
130825,121162290,FAM187A,-,-,-,Un,-,family with sequence similarity 187 member A,protein-coding,-,-,-,Ig-like V-type domain-containing protein FAM187A,20210420,-
130825,121162291,SP7,-,-,-,Un,-,Sp7 transcription factor,protein-coding,-,-,-,transcription factor Sp7,20210420,-
130825,121162292,LOC121162292,-,-,-,Un,-,spermatogenesis-associated protein 21-like,protein-coding,-,-,-,LOW QUALITY PROTEIN: spermatogenesis-associated protein 21-like,20210420,-
130825,121162293,SPATA32,-,-,-,Un,-,spermatogenesis associated 32,protein-coding,-,-,-,spermatogenesis-associated protein 32,20210420,-
130825,121162294,LOC121162294,-,-,-,Un,-,KAT8 regulatory NSL complex subunit 1-like,protein-coding,-,-,-,KAT8 regulatory NSL complex subunit 1-like,20210420,-
130825,121162295,GPATCH8,-,-,-,Un,-,G-patch domain containing 8,protein-coding,-,-,-,G patch domain-containing protein 8,20210420,-
130825,121162296,HDAC5,-,-,-,Un,-,histone deacetylase 5,protein-coding,-,-,-,histone deacetylase 5,20210420,-
130825,121162297,KANSL1,-,-,-,Un,-,KAT8 regulatory NSL complex subunit 1,protein-coding,-,-,-,KAT8 regulatory NSL complex subunit 1,20210420,-
130825,121162298,HOXC13,-,-,-,Un,-,homeobox C13,protein-coding,-,-,-,homeobox protein Hox-C13,20210420,-
130825,121162299,ITGA2B,-,-,-,Un,-,integrin subunit alpha 2b,protein-coding,-,-,-,integrin alpha-IIb,20210420,-
130825,121162300,SLC4A1,-,-,-,Un,-,solute carrier family 4 member 1 (Diego blood group),protein-coding,-,-,-,band 3 anion transport protein,20210420,-
130825,121162301,FAM171A2,-,-,-,Un,-,family with sequence similarity 171 member A2,protein-coding,-,-,-,protein FAM171A2,20210420,-
130825,121162302,UBTF,-,-,-,Un,-,upstream binding transcription factor,protein-coding,-,-,-,nucleolar transcription factor 1,20210529,-
130825,121162303,HOXC12,-,-,-,Un,-,homeobox C12,protein-coding,-,-,-,homeobox protein Hox-C12,20210420,-
130825,121162304,GRN,-,-,-,Un,-,granulin precursor,protein-coding,-,-,-,progranulin,20210420,-
130825,121162305,MPP3,-,-,-,Un,-,membrane palmitoylated protein 3,protein-coding,-,-,-,MAGUK p55 subfamily member 3,20210420,-
130825,121162306,MPP2,-,-,-,Un,-,membrane palmitoylated protein 2,protein-coding,-,-,-,MAGUK p55 subfamily member 2,20210420,-
130825,121162307,ETV4,-,-,-,Un,-,ETS variant transcription factor 4,protein-coding,-,-,-,ETS translocation variant 4,20210420,-
130825,121162308,ASB16,-,-,-,Un,-,ankyrin repeat and SOCS box containing 16,protein-coding,-,-,-,ankyrin repeat and SOCS box protein 16,20210420,-
130825,121162309,RUNDC3A,-,-,-,Un,-,RUN domain containing 3A,protein-coding,-,-,-,RUN domain-containing protein 3A,20210420,-
130825,121162310,HOXC11,-,-,-,Un,-,homeobox C11,protein-coding,-,-,-,homeobox protein Hox-C11,20210420,-
130825,121162311,SLC25A39,-,-,-,Un,-,solute carrier family 25 member 39,protein-coding,-,-,-,solute carrier family 25 member 39,20210420,-
130825,121162312,ATXN7L3,-,-,-,Un,-,ataxin 7 like 3,protein-coding,-,-,-,ataxin-7-like protein 3,20210529,-
130825,121162313,HOXC10,-,-,-,Un,-,homeobox C10,protein-coding,-,-,-,homeobox protein Hox-C10,20210420,-
130825,121162314,G6PC3,-,-,-,Un,-,glucose-6-phosphatase catalytic subunit 3,protein-coding,-,-,-,glucose-6-phosphatase 3,20210420,-
130825,121162315,LOC121162315,-,-,-,Un,-,L-lactate dehydrogenase A chain-like,protein-coding,-,-,-,L-lactate dehydrogenase A chain-like,20210420,-
130825,121162316,LOC121162316,-,-,-,Un,-,procathepsin L-like,pseudo,-,-,-,-,20210420,-
130825,121162317,TMUB2,-,-,-,Un,-,transmembrane and ubiquitin like domain containing 2,protein-coding,-,-,-,transmembrane and ubiquitin-like domain-containing protein 2,20210420,-
130825,121162318,TMEM101,-,-,-,Un,-,transmembrane protein 101,protein-coding,-,-,-,transmembrane protein 101,20210420,-
130825,121162319,HOXC9,-,-,-,Un,-,homeobox C9,protein-coding,-,-,-,homeobox protein Hox-C9,20210420,-
130825,121162320,MEOX1,-,-,-,Un,-,mesenchyme homeobox 1,protein-coding,-,-,-,homeobox protein MOX-1,20210420,-
130825,121162321,SOST,-,-,-,Un,-,sclerostin,protein-coding,-,-,-,sclerostin,20210420,-
130825,121162322,LSM12,-,-,-,Un,-,LSM12 homolog,protein-coding,-,-,-,protein LSM12 homolog,20210529,-
130825,121162323,DUSP3,-,-,-,Un,-,dual specificity phosphatase 3,protein-coding,-,-,-,dual specificity protein phosphatase 3,20210420,-
130825,121162324,CFAP97D1,-,-,-,Un,-,CFAP97 domain containing 1,protein-coding,-,-,-,sperm axonemal maintenance protein CFAP97D1,20210420,-
130825,121162325,OGFOD3,-,-,-,Un,-,2-oxoglutarate and iron dependent oxygenase domain containing 3,protein-coding,-,-,-,2-oxoglutarate and iron-dependent oxygenase domain-containing protein 3,20210420,-
130825,121162326,PYY,-,-,-,Un,-,peptide YY,protein-coding,-,-,-,peptide YY,20210420,-
130825,121162327,LOC121162327,-,-,-,Un,-,uncharacterized LOC121162327,ncRNA,-,-,-,-,20210420,-
130825,121162328,HOXC8,-,-,-,Un,-,homeobox C8,protein-coding,-,-,-,homeobox protein Hox-C8,20210420,-
130825,121162329,LOC121162329,-,-,-,Un,-,uncharacterized LOC121162329,ncRNA,-,-,-,-,20210420,-
130825,121162330,LOC121162330,-,-,-,Un,-,uncharacterized LOC121162330,ncRNA,-,-,-,-,20210420,-
130825,121162331,MAPT,-,-,-,Un,-,microtubule associated protein tau,protein-coding,-,-,-,microtubule-associated protein tau,20210420,-
130825,121162332,LOC121162332,-,-,-,Un,-,ADP-ribosylation factor 2-like,protein-coding,-,-,-,ADP-ribosylation factor 2-like,20210420,-
130825,121162333,NSF,-,-,-,Un,-,"N-ethylmaleimide sensitive factor, vesicle fusing ATPase",protein-coding,-,-,-,vesicle-fusing ATPase,20210420,-
130825,121162334,GOSR2,-,-,-,Un,-,golgi SNAP receptor complex member 2,protein-coding,-,-,-,Golgi SNAP receptor complex member 2,20210420,-
130825,121162335,CYFIP2,-,-,-,Un,-,cytoplasmic FMR1 interacting protein 2,protein-coding,-,-,-,cytoplasmic FMR1-interacting protein 2,20210522,-
130825,121162336,HOXC6,-,-,-,Un,-,homeobox C6,protein-coding,-,-,-,homeobox protein Hox-C6,20210424,-
130825,121162337,CCDC43,-,-,-,Un,-,coiled-coil domain containing 43,protein-coding,-,-,-,coiled-coil domain-containing protein 43,20210420,-
130825,121162338,EFTUD2,-,-,-,Un,-,elongation factor Tu GTP binding domain containing 2,protein-coding,-,-,-,116 kDa U5 small nuclear ribonucleoprotein component,20210420,-
130825,121162339,HIGD1B,-,-,-,Un,-,HIG1 hypoxia inducible domain family member 1B,protein-coding,-,-,-,HIG1 domain family member 1B,20210420,-
130825,121162340,DCAKD,-,-,-,Un,-,dephospho-CoA kinase domain containing,protein-coding,-,-,-,dephospho-CoA kinase domain-containing protein,20210420,-
130825,121162341,NMT1,-,-,-,Un,-,N-myristoyltransferase 1,protein-coding,-,-,-,glycylpeptide N-tetradecanoyltransferase 1,20210420,-
130825,121162342,ACBD4,-,-,-,Un,-,acyl-CoA binding domain containing 4,protein-coding,-,-,-,acyl-CoA-binding domain-containing protein 4,20210420,-
130825,121162343,HEXIM1,-,-,-,Un,-,HEXIM P-TEFb complex subunit 1,protein-coding,-,-,-,protein HEXIM1,20210420,-
130825,121162344,FMNL1,-,-,-,Un,-,formin like 1,protein-coding,-,-,-,formin-like protein 1,20210420,-
130825,121162345,MAP3K14,-,-,-,Un,-,mitogen-activated protein kinase kinase kinase 14,protein-coding,-,-,-,mitogen-activated protein kinase kinase kinase 14,20210420,-
130825,121162346,ARHGAP27,-,-,-,Un,-,Rho GTPase activating protein 27,protein-coding,-,-,-,rho GTPase-activating protein 27,20210420,-
130825,121162347,HOXC5,-,-,-,Un,-,homeobox C5,protein-coding,-,-,-,homeobox protein Hox-C5,20210420,-
130825,121162348,PLEKHM1,-,-,-,Un,-,pleckstrin homology and RUN domain containing M1,protein-coding,-,-,-,pleckstrin homology domain-containing family M member 1,20210420,-
130825,121162349,LOC121162349,-,-,-,Un,-,leucine-rich repeat-containing protein 37A3-like,protein-coding,-,-,-,leucine-rich repeat-containing protein 37A3-like,20210420,-
130825,121162350,LOC121162350,-,-,-,Un,-,leucine-rich repeat-containing protein 37A2-like,protein-coding,-,-,-,leucine-rich repeat-containing protein 37A2-like,20210420,-
130825,121162351,HOXC4,-,-,-,Un,-,homeobox C4,protein-coding,-,-,-,homeobox protein Hox-C4,20210420,-
130825,121162352,LOC121162352,-,-,-,Un,-,protein mago nashi homolog,pseudo,-,-,-,-,20210420,-
130825,121162353,ITGB3,-,-,-,Un,-,integrin subunit beta 3,protein-coding,-,-,-,integrin beta-3,20210420,-
130825,121162354,LOC121162354,-,-,-,Un,-,U6 spliceosomal RNA,snRNA,-,-,-,-,20210420,-
130825,121162355,LOC121162355,-,-,-,Un,-,small nucleolar RNA SNORA13,snoRNA,-,-,-,-,20210420,-
130825,121162356,LOC121162356,-,-,-,Un,-,small Cajal body-specific RNA 16,ncRNA,-,-,-,-,20210420,-
130825,121162357,LOC121162357,-,-,-,Un,-,leucine-rich repeat-containing protein 37A-like,protein-coding,-,-,-,leucine-rich repeat-containing protein 37A-like,20210420,-
130825,121162358,EFCAB13,-,-,-,Un,-,EF-hand calcium binding domain 13,protein-coding,-,-,-,EF-hand calcium-binding domain-containing protein 13,20210420,-
130825,121162359,METTL2A,-,-,-,Un,-,"methyltransferase 2A, methylcytidine",protein-coding,-,-,-,tRNA N(3)-methylcytidine methyltransferase METTL2A|methyltransferase like 2A,20210519,-
130825,121162360,MRC2,-,-,-,Un,-,mannose receptor C type 2,protein-coding,-,-,-,C-type mannose receptor 2,20210420,-
130825,121162361,LOC121162361,-,-,-,Un,-,angiotensin-converting enzyme-like protein Ace3,protein-coding,-,-,-,angiotensin-converting enzyme-like protein Ace3,20210420,-
130825,121162362,GPR84,-,-,-,Un,-,G protein-coupled receptor 84,protein-coding,-,-,-,G-protein coupled receptor 84,20210420,-
130825,121162363,LOC121162363,-,-,-,Un,-,leucine-rich repeat-containing protein 37B-like,protein-coding,-,-,-,leucine-rich repeat-containing protein 37B-like,20210420,-
130825,121162364,LOC121162364,-,-,-,Un,-,leucine-rich repeat-containing protein 37A2-like,protein-coding,-,-,-,leucine-rich repeat-containing protein 37A2-like,20210420,-
130825,121162365,LOC121162365,-,-,-,Un,-,leucine-rich repeat-containing protein 37A3-like,protein-coding,-,-,-,leucine-rich repeat-containing protein 37A3-like,20210420,-
130825,121162366,PRR29,-,-,-,Un,-,proline rich 29,protein-coding,-,-,-,proline-rich protein 29,20210420,-
130825,121162367,LOC121162367,-,-,-,Un,-,60S ribosomal protein L36-like,pseudo,-,-,-,-,20210420,-
130825,121162368,LOC121162368,-,-,-,Un,-,protein BUD31 homolog,pseudo,-,-,-,-,20210420,-
130825,121162369,DNAI2,-,-,-,Un,-,dynein axonemal intermediate chain 2,protein-coding,-,-,-,"dynein intermediate chain 2, axonemal",20210420,-
130825,121162370,MXRA7,-,-,-,Un,-,matrix remodeling associated 7,protein-coding,-,-,-,matrix-remodeling-associated protein 7,20210420,-
130825,121162371,LOC121162371,-,-,-,Un,-,transcription elongation regulator 1-like,pseudo,-,-,-,-,20210420,-
130825,121162372,ST6GALNAC1,-,-,-,Un,-,"ST6 N-acetylgalactosaminide alpha-2,6-sialyltransferase 1",protein-coding,-,-,-,"alpha-N-acetylgalactosaminide alpha-2,6-sialyltransferase 1",20210420,-
130825,121162373,PRCD,-,-,-,Un,-,photoreceptor disc component,protein-coding,-,-,-,photoreceptor disk component PRCD,20210420,-
130825,121162374,QRICH2,-,-,-,Un,-,glutamine rich 2,protein-coding,-,-,-,glutamine-rich protein 2,20210420,-
130825,121162375,ZACN,-,-,-,Un,-,zinc activated ion channel,protein-coding,-,-,-,zinc-activated ligand-gated ion channel,20210420,-
130825,121162376,FBF1,-,-,-,Un,-,Fas binding factor 1,protein-coding,-,-,-,fas-binding factor 1,20210420,-
130825,121162377,MYO15B,-,-,-,Un,-,myosin XVB,protein-coding,-,-,-,LOW QUALITY PROTEIN: myosin XVB,20210420,-
130825,121162378,OTOP3,-,-,-,Un,-,otopetrin 3,protein-coding,-,-,-,proton channel OTOP3,20210420,-
130825,121162379,LOC121162379,-,-,-,Un,-,leucine-rich repeat-containing protein 37A2-like,protein-coding,-,-,-,leucine-rich repeat-containing protein 37A2-like,20210420,-
130825,121162380,UTS2R,-,-,-,Un,-,urotensin 2 receptor,protein-coding,-,-,-,urotensin-2 receptor,20210420,-
130825,121162381,TEX19,-,-,-,Un,-,testis expressed 19,protein-coding,-,-,-,testis-expressed protein 19,20210420,-
130825,121162382,LOC121162382,-,-,-,Un,-,testis-expressed protein 19-like,protein-coding,-,-,-,testis-expressed protein 19-like,20210420,-
130825,121162383,CCDC57,-,-,-,Un,-,coiled-coil domain containing 57,protein-coding,-,-,-,coiled-coil domain-containing protein 57,20210420,-
130825,121162384,RFNG,-,-,-,Un,-,RFNG O-fucosylpeptide 3-beta-N-acetylglucosaminyltransferase,protein-coding,-,-,-,"beta-1,3-N-acetylglucosaminyltransferase radical fringe",20210420,-
130825,121162385,NOTUM,-,-,-,Un,-,"notum, palmitoleoyl-protein carboxylesterase",protein-coding,-,-,-,palmitoleoyl-protein carboxylesterase NOTUM,20210420,-
130825,121162386,ZNF385A,-,-,-,Un,-,zinc finger protein 385A,protein-coding,-,-,-,zinc finger protein 385A,20210420,-
130825,121162387,OXLD1,-,-,-,Un,-,oxidoreductase like domain containing 1,protein-coding,-,-,-,oxidoreductase-like domain-containing protein 1,20210420,-
130825,121162388,TSPAN10,-,-,-,Un,-,tetraspanin 10,protein-coding,-,-,-,tetraspanin-10,20210420,-
130825,121162389,CEP131,-,-,-,Un,-,centrosomal protein 131,protein-coding,-,-,-,centrosomal protein of 131 kDa,20210420,-
130825,121162390,RNF213,-,-,-,Un,-,ring finger protein 213,protein-coding,-,-,-,E3 ubiquitin-protein ligase RNF213,20210420,-
130825,121162391,SLC26A11,-,-,-,Un,-,solute carrier family 26 member 11,protein-coding,-,-,-,sodium-independent sulfate anion transporter,20210420,-
130825,121162392,CCDC40,-,-,-,Un,-,coiled-coil domain containing 40,protein-coding,-,-,-,coiled-coil domain-containing protein 40,20210420,-
130825,121162393,TBC1D16,-,-,-,Un,-,TBC1 domain family member 16,protein-coding,-,-,-,LOW QUALITY PROTEIN: TBC1 domain family member 16,20210420,-
130825,121162394,ENPP7,-,-,-,Un,-,ectonucleotide pyrophosphatase/phosphodiesterase 7,protein-coding,-,-,-,ectonucleotide pyrophosphatase/phosphodiesterase family member 7,20210420,-
130825,121162395,LOC121162395,-,-,-,Un,-,testis-expressed protein 19-like,protein-coding,-,-,-,testis-expressed protein 19-like,20210420,-
130825,121162396,LOC121162396,-,-,-,Un,-,probable low-specificity L-threonine aldolase 2,protein-coding,-,-,-,probable low-specificity L-threonine aldolase 2,20210420,-
130825,121162397,AFMID,-,-,-,Un,-,arylformamidase,protein-coding,-,-,-,kynurenine formamidase,20210420,-
130825,121162398,LOC121162398,-,-,-,Un,-,leucine-rich repeat-containing protein 37B-like,protein-coding,-,-,-,LOW QUALITY PROTEIN: leucine-rich repeat-containing protein 37B-like,20210420,-
130825,121162399,LOC121162399,-,-,-,Un,-,uncharacterized LOC121162399,ncRNA,-,-,-,-,20210420,-
130825,121162400,LOC121162400,-,-,-,Un,-,myosin light chain 4-like,protein-coding,-,-,-,myosin light chain 4-like,20210420,-
130825,121162401,EFCAB3,-,-,-,Un,-,EF-hand calcium binding domain 3,protein-coding,-,-,-,EF-hand calcium-binding domain-containing protein 3,20210420,-
130825,121162402,MARCHF10,-,-,-,Un,-,membrane associated ring-CH-type finger 10,protein-coding,-,-,-,probable E3 ubiquitin-protein ligase MARCHF10,20210420,-
130825,121162403,LOC121162403,-,-,-,Un,-,transmembrane ascorbate-dependent reductase CYB561,protein-coding,-,-,-,transmembrane ascorbate-dependent reductase CYB561,20210420,-
130825,121162404,LOC121162404,-,-,-,Un,-,translational activator of cytochrome c oxidase 1,protein-coding,-,-,-,translational activator of cytochrome c oxidase 1,20210420,-
130825,121162405,LOC121162405,-,-,-,Un,-,intercellular adhesion molecule 5,protein-coding,-,-,-,intercellular adhesion molecule 5,20210420,-
130825,121162406,LOC121162406,-,-,-,Un,-,somatotropin,protein-coding,-,-,-,somatotropin,20210420,-
130825,121162407,LOC121162407,-,-,-,Un,-,uncharacterized LOC121162407,ncRNA,-,-,-,-,20210420,-
130825,121162408,LOC121162408,-,-,-,Un,-,uncharacterized LOC121162408,ncRNA,-,-,-,-,20210420,-
130825,121162409,CACNG1,-,-,-,Un,-,calcium voltage-gated channel auxiliary subunit gamma 1,protein-coding,-,-,-,voltage-dependent calcium channel gamma-1 subunit,20210420,-
130825,121162410,CACNG4,-,-,-,Un,-,calcium voltage-gated channel auxiliary subunit gamma 4,protein-coding,-,-,-,voltage-dependent calcium channel gamma-4 subunit,20210420,-
130825,121162411,CACNG5,-,-,-,Un,-,calcium voltage-gated channel auxiliary subunit gamma 5,protein-coding,-,-,-,voltage-dependent calcium channel gamma-5 subunit,20210420,-
130825,121162412,APOH,-,-,-,Un,-,apolipoprotein H,protein-coding,-,-,-,beta-2-glycoprotein 1,20210420,-
130825,121162413,AXIN2,-,-,-,Un,-,axin 2,protein-coding,-,-,-,axin-2,20210420,-
130825,121162414,LOC121162414,-,-,-,Un,-,40S ribosomal protein S15a-like,pseudo,-,-,-,-,20210420,-
130825,121162415,LOC121162415,-,-,-,Un,-,uncharacterized LOC121162415,ncRNA,-,-,-,-,20210420,-
130825,121162416,ABCA9,-,-,-,Un,-,ATP binding cassette subfamily A member 9,protein-coding,-,-,-,ATP-binding cassette sub-family A member 9,20210420,-
130825,121162417,LOC121162417,-,-,-,Un,-,60S ribosomal protein L17-like,pseudo,-,-,-,-,20210420,-
130825,121162418,KCNJ16,-,-,-,Un,-,potassium inwardly rectifying channel subfamily J member 16,protein-coding,-,-,-,inward rectifier potassium channel 16,20210420,-
130825,121162419,LOC121162419,-,-,-,Un,-,pre-B-cell leukemia transcription factor 2-like,pseudo,-,-,-,-,20210420,-
130825,121162420,SOX9,-,-,-,Un,-,SRY-box transcription factor 9,protein-coding,-,-,-,transcription factor SOX-9,20210420,-
130825,121162421,GTSF1,-,-,-,Un,-,gametocyte specific factor 1,protein-coding,-,-,-,gametocyte-specific factor 1,20210420,-
130825,121162422,SSTR2,-,-,-,Un,-,somatostatin receptor 2,protein-coding,-,-,-,somatostatin receptor type 2,20210420,-
130825,121162423,CPSF4L,-,-,-,Un,-,cleavage and polyadenylation specific factor 4 like,protein-coding,-,-,-,putative cleavage and polyadenylation specificity factor subunit 4-like protein,20210420,-
130825,121162424,CDC42EP4,-,-,-,Un,-,CDC42 effector protein 4,protein-coding,-,-,-,cdc42 effector protein 4,20210420,-
130825,121162425,SDK2,-,-,-,Un,-,sidekick cell adhesion molecule 2,protein-coding,-,-,-,protein sidekick-2,20210420,-
130825,121162426,KIF19,-,-,-,Un,-,kinesin family member 19,protein-coding,-,-,-,kinesin-like protein KIF19,20210420,-
130825,121162427,GPR142,-,-,-,Un,-,G protein-coupled receptor 142,protein-coding,-,-,-,probable G-protein coupled receptor 142,20210420,-
130825,121162428,BTBD17,-,-,-,Un,-,BTB domain containing 17,protein-coding,-,-,-,BTB/POZ domain-containing protein 17,20210420,-
130825,121162429,GPRC5C,-,-,-,Un,-,G protein-coupled receptor class C group 5 member C,protein-coding,-,-,-,G-protein coupled receptor family C group 5 member C,20210420,-
130825,121162430,MGAT5B,-,-,-,Un,-,"alpha-1,6-mannosylglycoprotein 6-beta-N-acetylglucosaminyltransferase B",protein-coding,-,-,-,"alpha-1,6-mannosylglycoprotein 6-beta-N-acetylglucosaminyltransferase B",20210420,-
130825,121162431,LOC121162431,-,-,-,Un,-,uncharacterized LOC121162431,ncRNA,-,-,-,-,20210420,-
130825,121162432,CYGB,-,-,-,Un,-,cytoglobin,protein-coding,-,-,-,cytoglobin,20210420,-
130825,121162433,FOXJ1,-,-,-,Un,-,forkhead box J1,protein-coding,-,-,-,forkhead box protein J1,20210420,-
130825,121162434,EVPL,-,-,-,Un,-,envoplakin,protein-coding,-,-,-,envoplakin,20210420,-
130825,121162435,CDK3,-,-,-,Un,-,cyclin dependent kinase 3,protein-coding,-,-,-,cyclin-dependent kinase 3,20210420,-
130825,121162436,NEUROD4,-,-,-,Un,-,neuronal differentiation 4,protein-coding,-,-,-,neurogenic differentiation factor 4,20210420,-
130825,121162437,TRIM47,-,-,-,Un,-,tripartite motif containing 47,protein-coding,-,-,-,E3 ubiquitin-protein ligase TRIM47,20210420,-
130825,121162438,SLC25A19,-,-,-,Un,-,solute carrier family 25 member 19,protein-coding,-,-,-,mitochondrial thiamine pyrophosphate carrier,20210420,-
130825,121162439,NT5C,-,-,-,Un,-,"5', 3'-nucleotidase, cytosolic",protein-coding,-,-,-,"5'(3')-deoxyribonucleotidase, cytosolic type",20210420,-
130825,121162440,ARMC7,-,-,-,Un,-,armadillo repeat containing 7,protein-coding,-,-,-,armadillo repeat-containing protein 7,20210420,-
130825,121162441,SLC16A5,-,-,-,Un,-,solute carrier family 16 member 5,protein-coding,-,-,-,monocarboxylate transporter 6,20210420,-
130825,121162442,LOC121162442,-,-,-,Un,-,E3 ubiquitin/ISG15 ligase TRIM25-like,protein-coding,-,-,-,E3 ubiquitin/ISG15 ligase TRIM25-like,20210420,-
130825,121162443,CDR2L,-,-,-,Un,-,cerebellar degeneration related protein 2 like,protein-coding,-,-,-,cerebellar degeneration-related protein 2-like,20210420,-
130825,121162444,LOC121162444,-,-,-,Un,-,olfactory receptor 9K2-like,protein-coding,-,-,-,olfactory receptor 9K2-like,20210420,-
130825,121162445,HID1,-,-,-,Un,-,HID1 domain containing,protein-coding,-,-,-,protein HID1,20210420,-
130825,121162446,OTOP2,-,-,-,Un,-,otopetrin 2,protein-coding,-,-,-,proton channel OTOP2,20210420,-
130825,121162447,USH1G,-,-,-,Un,-,USH1 protein network component sans,protein-coding,-,-,-,Usher syndrome type-1G protein,20210420,-
130825,121162448,GRIN2C,-,-,-,Un,-,glutamate ionotropic receptor NMDA type subunit 2C,protein-coding,-,-,-,"glutamate receptor ionotropic, NMDA 2C",20210420,-
130825,121162449,MYADML2,-,-,-,Un,-,myeloid associated differentiation marker like 2,protein-coding,-,-,-,myeloid-associated differentiation marker-like protein 2,20210420,-
130825,121162450,ALYREF,-,-,-,Un,-,Aly/REF export factor,protein-coding,-,-,-,THO complex subunit 4,20210420,-
130825,121162451,SLC25A10,-,-,-,Un,-,solute carrier family 25 member 10,protein-coding,-,-,-,mitochondrial dicarboxylate carrier,20210420,-
130825,121162452,MRPL12,-,-,-,Un,-,mitochondrial ribosomal protein L12,protein-coding,-,-,-,"39S ribosomal protein L12, mitochondrial",20210420,-
130825,121162453,LOC121162453,-,-,-,Un,-,olfactory receptor 12-like,protein-coding,-,-,-,olfactory receptor 12-like,20210420,-
130825,121162454,BAHCC1,-,-,-,Un,-,BAH domain and coiled-coil containing 1,protein-coding,-,-,-,BAH and coiled-coil domain-containing protein 1,20210420,-
130825,121162455,CHMP6,-,-,-,Un,-,charged multivesicular body protein 6,protein-coding,-,-,-,charged multivesicular body protein 6,20210420,-
130825,121162456,NPTX1,-,-,-,Un,-,neuronal pentraxin 1,protein-coding,-,-,-,neuronal pentraxin-1,20210420,-
130825,121162457,BIRC5,-,-,-,Un,-,baculoviral IAP repeat containing 5,protein-coding,-,-,-,baculoviral IAP repeat-containing protein 5,20210420,-
130825,121162458,LOC121162458,-,-,-,Un,-,anomalous homeobox protein-like,protein-coding,-,-,-,anomalous homeobox protein-like,20210420,-
130825,121162459,LOC121162459,-,-,-,Un,-,ubiquitin-60S ribosomal protein L40-like,pseudo,-,-,-,-,20210420,-
130825,121162460,LOC121162460,-,-,-,Un,-,uncharacterized LOC121162460,ncRNA,-,-,-,-,20210420,-
130825,121162461,LOC121162461,-,-,-,Un,-,uncharacterized LOC121162461,ncRNA,-,-,-,-,20210420,-
130825,121162462,LOC121162462,-,-,-,Un,-,olfactory receptor 9K2,protein-coding,-,-,-,olfactory receptor 9K2,20210420,-
130825,121162463,TLK2,-,-,-,Un,-,tousled like kinase 2,protein-coding,-,-,-,serine/threonine-protein kinase tousled-like 2,20210420,-
130825,121162464,TANC2,-,-,-,Un,-,"tetratricopeptide repeat, ankyrin repeat and coiled-coil containing 2",protein-coding,-,-,-,protein TANC2,20210420,-
130825,121162465,LOC121162465,-,-,-,Un,-,angiotensin-converting enzyme,protein-coding,-,-,-,angiotensin-converting enzyme,20210420,-
130825,121162466,KCNH6,-,-,-,Un,-,potassium voltage-gated channel subfamily H member 6,protein-coding,-,-,-,potassium voltage-gated channel subfamily H member 6,20210420,-
130825,121162467,DCAF7,-,-,-,Un,-,DDB1 and CUL4 associated factor 7,protein-coding,-,-,-,DDB1- and CUL4-associated factor 7,20210425,-
130825,121162468,LOC121162468,-,-,-,Un,-,olfactory receptor 10A7,protein-coding,-,-,-,olfactory receptor 10A7,20210420,-
130825,121162469,DDX42,-,-,-,Un,-,DEAD-box helicase 42,protein-coding,-,-,-,ATP-dependent RNA helicase DDX42,20210420,-
130825,121162470,FTSJ3,-,-,-,Un,-,FtsJ RNA 2'-O-methyltransferase 3,protein-coding,-,-,-,pre-rRNA 2'-O-ribose RNA methyltransferase FTSJ3,20210420,-
130825,121162471,MAP3K3,-,-,-,Un,-,mitogen-activated protein kinase kinase kinase 3,protein-coding,-,-,-,mitogen-activated protein kinase kinase kinase 3,20210420,-
130825,121162472,SMARCD2,-,-,-,Un,-,"SWI/SNF related, matrix associated, actin dependent regulator of chromatin, subfamily d, member 2",protein-coding,-,-,-,SWI/SNF-related matrix-associated actin-dependent regulator of chromatin subfamily D member 2,20210420,-
130825,121162473,CCDC47,-,-,-,Un,-,coiled-coil domain containing 47,protein-coding,-,-,-,PAT complex subunit CCDC47,20210420,-
130825,121162474,LOC121162474,-,-,-,Un,-,reactive oxygen species modulator 1-like,pseudo,-,-,-,-,20210420,-
130825,121162475,STRADA,-,-,-,Un,-,STE20 related adaptor alpha,protein-coding,-,-,-,STE20-related kinase adapter protein alpha,20210420,-
130825,121162476,PSMC5,-,-,-,Un,-,"proteasome 26S subunit, ATPase 5",protein-coding,-,-,-,26S proteasome regulatory subunit 8,20210515,-
130825,121162477,LIMD2,-,-,-,Un,-,LIM domain containing 2,protein-coding,-,-,-,LIM domain-containing protein 2,20210420,-
130825,121162478,CD79B,-,-,-,Un,-,CD79b molecule,protein-coding,-,-,-,B-cell antigen receptor complex-associated protein beta chain,20210420,-
130825,121162479,AMDHD1,-,-,-,Un,-,amidohydrolase domain containing 1,protein-coding,-,-,-,probable imidazolonepropionase,20210420,-
130825,121162480,SCN4A,-,-,-,Un,-,sodium voltage-gated channel alpha subunit 4,protein-coding,-,-,-,sodium channel protein type 4 subunit alpha,20210420,-
130825,121162481,LOC121162481,-,-,-,Un,-,intercellular adhesion molecule 2-like,protein-coding,-,-,-,intercellular adhesion molecule 2-like,20210420,-
130825,121162482,LOC121162482,-,-,-,Un,-,uncharacterized LOC121162482,ncRNA,-,-,-,-,20210420,-
130825,121162483,LOC121162483,-,-,-,Un,-,parafibromin-like,pseudo,-,-,-,-,20210420,-
130825,121162484,LOC121162484,-,-,-,Un,-,leucine-rich repeat-containing protein 37A2-like,protein-coding,-,-,-,leucine-rich repeat-containing protein 37A2-like,20210420,-
130825,121162485,LOC121162485,-,-,-,Un,-,parafibromin-like,pseudo,-,-,-,-,20210420,-
130825,121162486,LOC121162486,-,-,-,Un,-,intercellular adhesion molecule 2-like,protein-coding,-,-,-,intercellular adhesion molecule 2-like,20210420,-
130825,121162487,ERN1,-,-,-,Un,-,endoplasmic reticulum to nucleus signaling 1,protein-coding,-,-,-,serine/threonine-protein kinase/endoribonuclease IRE1,20210420,-
130825,121162488,LOC121162488,-,-,-,Un,-,phosphatidylethanolamine-binding protein 1-like,pseudo,-,-,-,-,20210420,-
130825,121162489,TEX2,-,-,-,Un,-,testis expressed 2,protein-coding,-,-,-,testis-expressed protein 2,20210420,-
130825,121162490,PECAM1,-,-,-,Un,-,platelet and endothelial cell adhesion molecule 1,protein-coding,-,-,-,platelet endothelial cell adhesion molecule,20210420,-
130825,121162491,MILR1,-,-,-,Un,-,mast cell immunoglobulin like receptor 1,protein-coding,-,-,-,allergin-1,20210420,-
130825,121162492,DDX5,-,-,-,Un,-,DEAD-box helicase 5,protein-coding,-,-,-,probable ATP-dependent RNA helicase DDX5,20210420,-
130825,121162493,POLG2,-,-,-,Un,-,"DNA polymerase gamma 2, accessory subunit",protein-coding,-,-,-,"DNA polymerase subunit gamma-2, mitochondrial",20210420,-
130825,121162494,LOC121162494,-,-,-,Un,-,uncharacterized LOC121162494,ncRNA,-,-,-,-,20210420,-
130825,121162495,CEP95,-,-,-,Un,-,centrosomal protein 95,protein-coding,-,-,-,centrosomal protein of 95 kDa,20210420,-
130825,121162496,SMURF2,-,-,-,Un,-,SMAD specific E3 ubiquitin protein ligase 2,protein-coding,-,-,-,E3 ubiquitin-protein ligase SMURF2,20210420,-
130825,121162497,KPNA2,-,-,-,Un,-,karyopherin subunit alpha 2,protein-coding,-,-,-,importin subunit alpha-1,20210420,-
130825,121162498,BPTF,-,-,-,Un,-,bromodomain PHD finger transcription factor,protein-coding,-,-,-,nucleosome-remodeling factor subunit BPTF,20210420,-
130825,121162499,CUNH17orf58,-,-,-,Un,-,chromosome unknown C17orf58 homolog,protein-coding,-,-,-,UPF0450 protein C17orf58 homolog,20210420,-
130825,121162500,NOL11,-,-,-,Un,-,nucleolar protein 11,protein-coding,-,-,-,nucleolar protein 11,20210420,-
130825,121162501,PITPNC1,-,-,-,Un,-,phosphatidylinositol transfer protein cytoplasmic 1,protein-coding,-,-,-,cytoplasmic phosphatidylinositol transfer protein 1,20210420,-
130825,121162502,LOC121162502,-,-,-,Un,-,uncharacterized LOC121162502,ncRNA,-,-,-,-,20210420,-
130825,121162503,PSMD12,-,-,-,Un,-,"proteasome 26S subunit, non-ATPase 12",protein-coding,-,-,-,26S proteasome non-ATPase regulatory subunit 12,20210420,-
130825,121162504,HELZ,-,-,-,Un,-,helicase with zinc finger,protein-coding,-,-,-,probable helicase with zinc finger domain,20210420,-
130825,121162505,LOC121162505,-,-,-,Un,-,40S ribosomal protein S25-like,pseudo,-,-,-,-,20210420,-
130825,121162506,PRKCA,-,-,-,Un,-,protein kinase C alpha,protein-coding,-,-,-,protein kinase C alpha type,20210420,-
130825,121162507,LOC121162507,-,-,-,Un,-,60S ribosomal protein L21-like,pseudo,-,-,-,-,20210420,-
130825,121162508,CEP112,-,-,-,Un,-,centrosomal protein 112,protein-coding,-,-,-,centrosomal protein of 112 kDa,20210420,-
130825,121162509,RGS9,-,-,-,Un,-,regulator of G protein signaling 9,protein-coding,-,-,-,regulator of G-protein signaling 9,20210420,-
130825,121162510,GNA13,-,-,-,Un,-,G protein subunit alpha 13,protein-coding,-,-,-,guanine nucleotide-binding protein subunit alpha-13,20210420,-
130825,121162511,AMZ2,-,-,-,Un,-,archaelysin family metallopeptidase 2,protein-coding,-,-,-,archaemetzincin-2,20210420,-
130825,121162512,ARSG,-,-,-,Un,-,arylsulfatase G,protein-coding,-,-,-,arylsulfatase G,20210420,-
130825,121162513,LOC121162513,-,-,-,Un,-,uncharacterized LOC121162513,ncRNA,-,-,-,-,20210420,-
130825,121162514,SLC16A6,-,-,-,Un,-,solute carrier family 16 member 6,protein-coding,-,-,-,monocarboxylate transporter 7,20210420,-
130825,121162515,WIPI1,-,-,-,Un,-,"WD repeat domain, phosphoinositide interacting 1",protein-coding,-,-,-,WD repeat domain phosphoinositide-interacting protein 1,20210420,-
130825,121162516,LUM,-,-,-,Un,-,lumican,protein-coding,-,-,-,lumican,20210420,-
130825,121162517,PRKAR1A,-,-,-,Un,-,protein kinase cAMP-dependent type I regulatory subunit alpha,protein-coding,-,-,-,cAMP-dependent protein kinase type I-alpha regulatory subunit,20210420,-
130825,121162518,FAM20A,-,-,-,Un,-,FAM20A golgi associated secretory pathway pseudokinase,protein-coding,-,-,-,pseudokinase FAM20A,20210420,-
130825,121162519,LOC121162519,-,-,-,Un,-,ATP-binding cassette sub-family A member 6-like,protein-coding,-,-,-,ATP-binding cassette sub-family A member 6-like,20210420,-
130825,121162520,ABCA5,-,-,-,Un,-,ATP binding cassette subfamily A member 5,protein-coding,-,-,-,cholesterol transporter ABCA5,20210420,-
130825,121162521,MAP2K6,-,-,-,Un,-,mitogen-activated protein kinase kinase 6,protein-coding,-,-,-,dual specificity mitogen-activated protein kinase kinase 6,20210420,-
130825,121162522,KCNJ2,-,-,-,Un,-,potassium inwardly rectifying channel subfamily J member 2,protein-coding,-,-,-,inward rectifier potassium channel 2,20210420,-
130825,121162523,SLC39A11,-,-,-,Un,-,solute carrier family 39 member 11,protein-coding,-,-,-,zinc transporter ZIP11,20210420,-
130825,121162524,COG1,-,-,-,Un,-,component of oligomeric golgi complex 1,protein-coding,-,-,-,conserved oligomeric Golgi complex subunit 1,20210420,-
130825,121162525,KERA,-,-,-,Un,-,keratocan,protein-coding,-,-,-,keratocan,20210420,-
130825,121162526,FAM104A,-,-,-,Un,-,family with sequence similarity 104 member A,protein-coding,-,-,-,protein FAM104A,20210420,-
130825,121162527,CUNH17orf80,-,-,-,Un,-,chromosome unknown C17orf80 homolog,protein-coding,-,-,-,uncharacterized protein C17orf80 homolog,20210420,-
130825,121162528,TTYH2,-,-,-,Un,-,tweety family member 2,protein-coding,-,-,-,protein tweety homolog 2,20210420,-
130825,121162529,RPL38,-,-,-,Un,-,ribosomal protein L38,protein-coding,-,-,-,60S ribosomal protein L38,20210501,-
130825,121162530,CD300A,-,-,-,Un,-,CD300a molecule,protein-coding,-,-,-,CMRF35-like molecule 8,20210420,-
130825,121162531,EPYC,-,-,-,Un,-,epiphycan,protein-coding,-,-,-,epiphycan,20210420,-
130825,121162532,CD300C,-,-,-,Un,-,CD300c molecule,protein-coding,-,-,-,CMRF35-like molecule 6,20210420,-
130825,121162533,CD300LB,-,-,-,Un,-,CD300 molecule like family member b,protein-coding,-,-,-,CMRF35-like molecule 7,20210420,-
130825,121162534,LOC121162534,-,-,-,Un,-,uncharacterized LOC121162534,ncRNA,-,-,-,-,20210420,-
130825,121162535,LOC121162535,-,-,-,Un,-,CMRF35-like molecule 6,protein-coding,-,-,-,CMRF35-like molecule 6,20210420,-
130825,121162536,LOC121162536,-,-,-,Un,-,uncharacterized LOC121162536,ncRNA,-,-,-,-,20210420,-
130825,121162537,MFSD11,-,-,-,Un,-,major facilitator superfamily domain containing 11,protein-coding,-,-,-,UNC93-like protein MFSD11,20210420,-
130825,121162538,LOC121162538,-,-,-,Un,-,uncharacterized LOC121162538,ncRNA,-,-,-,-,20210420,-
130825,121162539,METTL23,-,-,-,Un,-,methyltransferase like 23,protein-coding,-,-,-,methyltransferase-like protein 23,20210420,-
130825,121162540,SRSF2,-,-,-,Un,-,serine and arginine rich splicing factor 2,protein-coding,-,-,-,serine/arginine-rich splicing factor 2,20210420,-
130825,121162541,JMJD6,-,-,-,Un,-,"jumonji domain containing 6, arginine demethylase and lysine hydroxylase",protein-coding,-,-,-,bifunctional arginine demethylase and lysyl-hydroxylase JMJD6,20210420,-
130825,121162542,LOC121162542,-,-,-,Un,-,uncharacterized LOC121162542,ncRNA,-,-,-,-,20210420,-
130825,121162543,ST6GALNAC2,-,-,-,Un,-,"ST6 N-acetylgalactosaminide alpha-2,6-sialyltransferase 2",protein-coding,-,-,-,"alpha-N-acetylgalactosaminide alpha-2,6-sialyltransferase 2",20210420,-
130825,121162544,LOC121162544,-,-,-,Un,-,uncharacterized LOC121162544,ncRNA,-,-,-,-,20210420,-
130825,121162545,RHBDF2,-,-,-,Un,-,rhomboid 5 homolog 2,protein-coding,-,-,-,inactive rhomboid protein 2,20210420,-
130825,121162546,AANAT,-,-,-,Un,-,aralkylamine N-acetyltransferase,protein-coding,-,-,-,serotonin N-acetyltransferase,20210420,-
130825,121162547,UBE2O,-,-,-,Un,-,ubiquitin conjugating enzyme E2 O,protein-coding,-,-,-,(E3-independent) E2 ubiquitin-conjugating enzyme,20210420,-
130825,121162548,KITLG,-,-,-,Un,-,KIT ligand,protein-coding,-,-,-,kit ligand,20210420,-
130825,121162549,SPHK1,-,-,-,Un,-,sphingosine kinase 1,protein-coding,-,-,-,sphingosine kinase 1,20210420,-
130825,121162550,PRPSAP1,-,-,-,Un,-,phosphoribosyl pyrophosphate synthetase associated protein 1,protein-coding,-,-,-,phosphoribosyl pyrophosphate synthase-associated protein 1,20210420,-
130825,121162551,UBALD2,-,-,-,Un,-,UBA like domain containing 2,protein-coding,-,-,-,UBA-like domain-containing protein 2,20210420,-
130825,121162552,RNF157,-,-,-,Un,-,ring finger protein 157,protein-coding,-,-,-,E3 ubiquitin ligase RNF157,20210420,-
130825,121162553,EXOC7,-,-,-,Un,-,exocyst complex component 7,protein-coding,-,-,-,exocyst complex component 7,20210420,-
130825,121162554,SRP68,-,-,-,Un,-,signal recognition particle 68,protein-coding,-,-,-,signal recognition particle subunit SRP68,20210420,-
130825,121162555,ACOX1,-,-,-,Un,-,acyl-CoA oxidase 1,protein-coding,-,-,-,peroxisomal acyl-coenzyme A oxidase 1,20210420,-
130825,121162556,TEN1,-,-,-,Un,-,TEN1 subunit of CST complex,protein-coding,-,-,-,CST complex subunit TEN1,20210420,-
130825,121162557,TRIM65,-,-,-,Un,-,tripartite motif containing 65,protein-coding,-,-,-,tripartite motif-containing protein 65,20210420,-
130825,121162558,MRPL38,-,-,-,Un,-,mitochondrial ribosomal protein L38,protein-coding,-,-,-,"39S ribosomal protein L38, mitochondrial",20210420,-
130825,121162559,UNC13D,-,-,-,Un,-,unc-13 homolog D,protein-coding,-,-,-,protein unc-13 homolog D,20210420,-
130825,121162560,UNK,-,-,-,Un,-,unk zinc finger,protein-coding,-,-,-,RING finger protein unkempt homolog,20210420,-
130825,121162561,WBP2,-,-,-,Un,-,WW domain binding protein 2,protein-coding,-,-,-,WW domain-binding protein 2,20210420,-
130825,121162562,CUNH12orf50,-,-,-,Un,-,chromosome unknown C12orf50 homolog,protein-coding,-,-,-,uncharacterized protein C12orf50 homolog,20210420,-
130825,121162563,LOC121162563,-,-,-,Un,-,histone H3.3A,protein-coding,-,-,-,histone H3.3A,20210427,-
130825,121162564,ITGB4,-,-,-,Un,-,integrin subunit beta 4,protein-coding,-,-,-,integrin beta-4,20210420,-
130825,121162565,GALK1,-,-,-,Un,-,galactokinase 1,protein-coding,-,-,-,galactokinase,20210420,-
130825,121162566,LOC121162566,-,-,-,Un,-,SAP30 binding protein,protein-coding,-,-,-,SAP30-binding protein,20210420,-
130825,121162567,RECQL5,-,-,-,Un,-,RecQ like helicase 5,protein-coding,-,-,-,ATP-dependent DNA helicase Q5,20210420,-
130825,121162568,SMIM5,-,-,-,Un,-,small integral membrane protein 5,protein-coding,-,-,-,small integral membrane protein 5,20210420,-
130825,121162569,SMIM6,-,-,-,Un,-,small integral membrane protein 6,protein-coding,-,-,-,small integral membrane protein 6,20210420,-
130825,121162570,LLGL2,-,-,-,Un,-,LLGL scribble cell polarity complex component 2,protein-coding,-,-,-,LLGL scribble cell polarity complex component 2,20210420,-
130825,121162571,TSEN54,-,-,-,Un,-,tRNA splicing endonuclease subunit 54,protein-coding,-,-,-,tRNA-splicing endonuclease subunit Sen54,20210420,-
130825,121162572,TMEM94,-,-,-,Un,-,transmembrane protein 94,protein-coding,-,-,-,transmembrane protein 94,20210420,-
130825,121162573,CASKIN2,-,-,-,Un,-,CASK interacting protein 2,protein-coding,-,-,-,caskin-2,20210420,-
130825,121162574,GRB2,-,-,-,Un,-,growth factor receptor bound protein 2,protein-coding,-,-,-,growth factor receptor-bound protein 2,20210522,-
130825,121162575,MRPS7,-,-,-,Un,-,mitochondrial ribosomal protein S7,protein-coding,-,-,-,"28S ribosomal protein S7, mitochondrial",20210420,-
130825,121162576,MIF4GD,-,-,-,Un,-,MIF4G domain containing,protein-coding,-,-,-,MIF4G domain-containing protein,20210420,-
130825,121162577,GGA3,-,-,-,Un,-,"golgi associated, gamma adaptin ear containing, ARF binding protein 3",protein-coding,-,-,-,ADP-ribosylation factor-binding protein GGA3,20210420,-
130825,121162578,NUP85,-,-,-,Un,-,nucleoporin 85,protein-coding,-,-,-,nuclear pore complex protein Nup85,20210420,-
130825,121162579,MGAT4C,-,-,-,Un,-,MGAT4 family member C,protein-coding,-,-,-,"alpha-1,3-mannosyl-glycoprotein 4-beta-N-acetylglucosaminyltransferase C",20210420,-
130825,121162580,JPT1,-,-,-,Un,-,Jupiter microtubule associated homolog 1,protein-coding,-,-,-,jupiter microtubule associated homolog 1,20210420,-
130825,121162581,SUMO2,-,-,-,Un,-,small ubiquitin like modifier 2,protein-coding,-,-,-,small ubiquitin-related modifier 2,20210529,-
130825,121162582,KCTD2,-,-,-,Un,-,potassium channel tetramerization domain containing 2,protein-coding,-,-,-,BTB/POZ domain-containing protein KCTD2,20210420,-
130825,121162583,MRPL58,-,-,-,Un,-,mitochondrial ribosomal protein L58,protein-coding,-,-,-,"peptidyl-tRNA hydrolase ICT1, mitochondrial",20210420,-
130825,121162584,ATP5PD,-,-,-,Un,-,ATP synthase peripheral stalk subunit d,protein-coding,-,-,-,"ATP synthase subunit d, mitochondrial",20210420,-
130825,121162585,FADS6,-,-,-,Un,-,fatty acid desaturase 6,protein-coding,-,-,-,fatty acid desaturase 6,20210420,-
130825,121162586,NTS,-,-,-,Un,-,neurotensin,protein-coding,-,-,-,neurotensin/neuromedin N,20210420,-
130825,121162587,FDXR,-,-,-,Un,-,ferredoxin reductase,protein-coding,-,-,-,"NADPH:adrenodoxin oxidoreductase, mitochondrial",20210420,-
130825,121162588,TMEM104,-,-,-,Un,-,transmembrane protein 104,protein-coding,-,-,-,transmembrane protein 104,20210420,-
130825,121162589,CD300LF,-,-,-,Un,-,CD300 molecule like family member f,protein-coding,-,-,-,CMRF35-like molecule 1,20210420,-
130825,121162590,SLC9A3R1,-,-,-,Un,-,SLC9A3 regulator 1,protein-coding,-,-,-,Na(+)/H(+) exchange regulatory cofactor NHE-RF1,20210420,-
130825,121162591,RASSF9,-,-,-,Un,-,Ras association domain family member 9,protein-coding,-,-,-,ras association domain-containing protein 9,20210420,-
130825,121162592,NAT9,-,-,-,Un,-,N-acetyltransferase 9 (putative),protein-coding,-,-,-,N-acetyltransferase 9,20210420,-
130825,121162593,RAB37,-,-,-,Un,-,"RAB37, member RAS oncogene family",protein-coding,-,-,-,ras-related protein Rab-37,20210420,-
130825,121162594,LOC121162594,-,-,-,Un,-,CMRF35-like molecule 6,protein-coding,-,-,-,CMRF35-like molecule 6,20210420,-
130825,121162595,LOC121162595,-,-,-,Un,-,uncharacterized LOC121162595,ncRNA,-,-,-,-,20210420,-
130825,121162596,SLC16A3,-,-,-,Un,-,solute carrier family 16 member 3,protein-coding,-,-,-,monocarboxylate transporter 4,20210420,-
130825,121162597,CSNK1D,-,-,-,Un,-,casein kinase 1 delta,protein-coding,-,-,-,casein kinase I,20210501,-
130825,121162598,ALX1,-,-,-,Un,-,ALX homeobox 1,protein-coding,-,-,-,ALX homeobox protein 1,20210420,-
130825,121162599,FASN,-,-,-,Un,-,fatty acid synthase,protein-coding,-,-,-,fatty acid synthase,20210420,-
130825,121162600,DUS1L,-,-,-,Un,-,dihydrouridine synthase 1 like,protein-coding,-,-,-,tRNA-dihydrouridine(16/17) synthase [NAD(P)(+)]-like,20210420,-
130825,121162601,GPS1,-,-,-,Un,-,G protein pathway suppressor 1,protein-coding,-,-,-,COP9 signalosome complex subunit 1,20210420,-
130825,121162602,DCXR,-,-,-,Un,-,dicarbonyl and L-xylulose reductase,protein-coding,-,-,-,L-xylulose reductase,20210420,-
130825,121162603,LOC121162603,-,-,-,Un,-,carbonyl reductase [NADPH] 2-like,protein-coding,-,-,-,carbonyl reductase [NADPH] 2-like,20210420,-
130825,121162604,LRRC45,-,-,-,Un,-,leucine rich repeat containing 45,protein-coding,-,-,-,leucine-rich repeat-containing protein 45,20210420,-
130825,121162605,FNDC9,-,-,-,Un,-,fibronectin type III domain containing 9,protein-coding,-,-,-,fibronectin type III domain-containing protein 9,20210420,-
130825,121162606,LRRIQ1,-,-,-,Un,-,leucine rich repeats and IQ motif containing 1,protein-coding,-,-,-,leucine-rich repeat and IQ domain-containing protein 1,20210420,-
130825,121162607,RAC3,-,-,-,Un,-,Rac family small GTPase 3,protein-coding,-,-,-,ras-related C3 botulinum toxin substrate 3,20210420,-
130825,121162608,ASPSCR1,-,-,-,Un,-,"ASPSCR1 tether for SLC2A4, UBX domain containing",protein-coding,-,-,-,tether containing UBX domain for GLUT4,20210420,-
130825,121162609,CENPX,-,-,-,Un,-,centromere protein X,protein-coding,-,-,-,centromere protein X,20210420,-
130825,121162610,MAFG,-,-,-,Un,-,MAF bZIP transcription factor G,protein-coding,-,-,-,transcription factor MafG,20210420,-
130825,121162611,SIRT7,-,-,-,Un,-,sirtuin 7,protein-coding,-,-,-,NAD-dependent protein deacetylase sirtuin-7,20210420,-
130825,121162612,SLC6A15,-,-,-,Un,-,solute carrier family 6 member 15,protein-coding,-,-,-,sodium-dependent neutral amino acid transporter B(0)AT2,20210420,-
130825,121162613,PCYT2,-,-,-,Un,-,"phosphate cytidylyltransferase 2, ethanolamine",protein-coding,-,-,-,ethanolamine-phosphate cytidylyltransferase,20210420,-
130825,121162614,ANAPC11,-,-,-,Un,-,anaphase promoting complex subunit 11,protein-coding,-,-,-,anaphase-promoting complex subunit 11,20210420,-
130825,121162615,P4HB,-,-,-,Un,-,prolyl 4-hydroxylase subunit beta,protein-coding,-,-,-,protein disulfide-isomerase,20210420,-
130825,121162616,GCGR,-,-,-,Un,-,glucagon receptor,protein-coding,-,-,-,glucagon receptor,20210420,-
130825,121162617,ARHGDIA,-,-,-,Un,-,Rho GDP dissociation inhibitor alpha,protein-coding,-,-,-,rho GDP-dissociation inhibitor 1,20210420,-
130825,121162618,PPP1R27,-,-,-,Un,-,protein phosphatase 1 regulatory subunit 27,protein-coding,-,-,-,protein phosphatase 1 regulatory subunit 27,20210420,-
130825,121162619,MCRIP1,-,-,-,Un,-,MAPK regulated corepressor interacting protein 1,protein-coding,-,-,-,mapk-regulated corepressor-interacting protein 1,20210420,-
130825,121162620,LOC121162620,-,-,-,Un,-,uncharacterized LOC121162620,ncRNA,-,-,-,-,20210420,-
130825,121162621,HGS,-,-,-,Un,-,hepatocyte growth factor-regulated tyrosine kinase substrate,protein-coding,-,-,-,hepatocyte growth factor-regulated tyrosine kinase substrate,20210420,-
130825,121162622,CCDC137,-,-,-,Un,-,coiled-coil domain containing 137,protein-coding,-,-,-,coiled-coil domain-containing protein 137,20210420,-
130825,121162623,ARL16,-,-,-,Un,-,ADP ribosylation factor like GTPase 16,protein-coding,-,-,-,ADP-ribosylation factor-like protein 16,20210420,-
130825,121162624,LOC121162624,-,-,-,Un,-,14-3-3 protein gamma-like,pseudo,-,-,-,-,20210420,-
130825,121162625,PDE6G,-,-,-,Un,-,phosphodiesterase 6G,protein-coding,-,-,-,"retinal rod rhodopsin-sensitive cGMP 3',5'-cyclic phosphodiesterase subunit gamma",20210420,-
130825,121162626,FAAP100,-,-,-,Un,-,FA core complex associated protein 100,protein-coding,-,-,-,Fanconi anemia core complex-associated protein 100,20210420,-
130825,121162627,NPLOC4,-,-,-,Un,-,"NPL4 homolog, ubiquitin recognition factor",protein-coding,-,-,-,nuclear protein localization protein 4 homolog,20210420,-
130825,121162628,FSCN2,-,-,-,Un,-,"fascin actin-bundling protein 2, retinal",protein-coding,-,-,-,fascin-2,20210420,-
130825,121162629,ACTG1,-,-,-,Un,-,actin gamma 1,protein-coding,-,-,-,"actin, cytoplasmic 2|beta actin",20210522,-
130825,121162630,SLC38A10,-,-,-,Un,-,solute carrier family 38 member 10,protein-coding,-,-,-,putative sodium-coupled neutral amino acid transporter 10,20210420,-
130825,121162631,PPFIA2,-,-,-,Un,-,PTPRF interacting protein alpha 2,protein-coding,-,-,-,liprin-alpha-2,20210420,-
130825,121162632,TEPSIN,-,-,-,Un,-,TEPSIN adaptor related protein complex 4 accessory protein,protein-coding,-,-,-,AP-4 complex accessory subunit tepsin,20210420,-
130825,121162633,BAIAP2,-,-,-,Un,-,BAR/IMD domain containing adaptor protein 2,protein-coding,-,-,-,brain-specific angiogenesis inhibitor 1-associated protein 2,20210420,-
130825,121162634,NDUFAF8,-,-,-,Un,-,NADH:ubiquinone oxidoreductase complex assembly factor 8,protein-coding,-,-,-,NADH dehydrogenase [ubiquinone] 1 alpha subcomplex assembly factor 8,20210420,-
130825,121162635,AATK,-,-,-,Un,-,apoptosis associated tyrosine kinase,protein-coding,-,-,-,serine/threonine-protein kinase LMTK1,20210420,-
130825,121162636,RPTOR,-,-,-,Un,-,regulatory associated protein of MTOR complex 1,protein-coding,-,-,-,regulatory-associated protein of mTOR,20210420,-
130825,121162637,GAA,-,-,-,Un,-,alpha glucosidase,protein-coding,-,-,-,lysosomal alpha-glucosidase,20210420,-
130825,121162638,ENGASE,-,-,-,Un,-,endo-beta-N-acetylglucosaminidase,protein-coding,-,-,-,LOW QUALITY PROTEIN: cytosolic endo-beta-N-acetylglucosaminidase,20210420,-
130825,121162639,CBX4,-,-,-,Un,-,chromobox 4,protein-coding,-,-,-,E3 SUMO-protein ligase CBX4,20210420,-
130825,121162640,SGSH,-,-,-,Un,-,N-sulfoglucosamine sulfohydrolase,protein-coding,-,-,-,N-sulphoglucosamine sulphohydrolase,20210420,-
130825,121162641,CBX2,-,-,-,Un,-,chromobox 2,protein-coding,-,-,-,chromobox protein homolog 2,20210420,-
130825,121162642,EIF4A3,-,-,-,Un,-,eukaryotic translation initiation factor 4A3,protein-coding,-,-,-,eukaryotic initiation factor 4A-III,20210522,-
130825,121162643,CBX8,-,-,-,Un,-,chromobox 8,protein-coding,-,-,-,chromobox protein homolog 8,20210420,-
130825,121162644,RBFOX3,-,-,-,Un,-,RNA binding fox-1 homolog 3,protein-coding,-,-,-,RNA binding protein fox-1 homolog 3,20210420,-
130825,121162645,ENDOV,-,-,-,Un,-,endonuclease V,protein-coding,-,-,-,endonuclease V,20210420,-
130825,121162646,C1QTNF1,-,-,-,Un,-,C1q and TNF related 1,protein-coding,-,-,-,complement C1q tumor necrosis factor-related protein 1,20210420,-
130825,121162647,LOC121162647,-,-,-,Un,-,uncharacterized LOC121162647,ncRNA,-,-,-,-,20210420,-
130825,121162648,LOC121162648,-,-,-,Un,-,2-oxoglutarate and iron-dependent oxygenase domain-containing protein 3-like,protein-coding,-,-,-,2-oxoglutarate and iron-dependent oxygenase domain-containing protein 3-like,20210420,-
130825,121162649,LOC121162649,-,-,-,Un,-,uncharacterized LOC121162649,ncRNA,-,-,-,-,20210420,-
130825,121162650,CANT1,-,-,-,Un,-,calcium activated nucleotidase 1,protein-coding,-,-,-,soluble calcium-activated nucleotidase 1,20210420,-
130825,121162651,LOC121162651,-,-,-,Un,-,galectin 3 binding protein,protein-coding,-,-,-,galectin-3-binding protein,20210420,-
130825,121162652,CEP295NL,-,-,-,Un,-,CEP295 N-terminal like,protein-coding,-,-,-,protein DDC8 homolog,20210420,-
130825,121162653,TIMP2,-,-,-,Un,-,TIMP metallopeptidase inhibitor 2,protein-coding,-,-,-,metalloproteinase inhibitor 2,20210420,-
130825,121162654,USP36,-,-,-,Un,-,ubiquitin specific peptidase 36,protein-coding,-,-,-,ubiquitin carboxyl-terminal hydrolase 36,20210420,-
130825,121162655,CYTH1,-,-,-,Un,-,cytohesin 1,protein-coding,-,-,-,cytohesin-1,20210420,-
130825,121162656,DNAH17,-,-,-,Un,-,dynein axonemal heavy chain 17,protein-coding,-,-,-,"dynein heavy chain 17, axonemal",20210420,-
130825,121162657,PGS1,-,-,-,Un,-,phosphatidylglycerophosphate synthase 1,protein-coding,-,-,-,"CDP-diacylglycerol--glycerol-3-phosphate 3-phosphatidyltransferase, mitochondrial",20210420,-
130825,121162658,SOCS3,-,-,-,Un,-,suppressor of cytokine signaling 3,protein-coding,-,-,-,suppressor of cytokine signaling 3,20210420,-
130825,121162659,TK1,-,-,-,Un,-,thymidine kinase 1,protein-coding,-,-,-,"thymidine kinase, cytosolic",20210420,-
130825,121162660,SYNGR2,-,-,-,Un,-,synaptogyrin 2,protein-coding,-,-,-,synaptogyrin-2,20210420,-
130825,121162661,CUNH17orf99,-,-,-,Un,-,chromosome unknown C17orf99 homolog,protein-coding,-,-,-,protein IL-40,20210420,-
130825,121162662,TMC8,-,-,-,Un,-,transmembrane channel like 8,protein-coding,-,-,-,transmembrane channel-like protein 8,20210420,-
130825,121162663,TMC6,-,-,-,Un,-,transmembrane channel like 6,protein-coding,-,-,-,transmembrane channel-like protein 6,20210420,-
130825,121162664,TNRC6C,-,-,-,Un,-,trinucleotide repeat containing adaptor 6C,protein-coding,-,-,-,trinucleotide repeat-containing gene 6C protein,20210420,-
130825,121162665,SEPTIN9,-,-,-,Un,-,septin 9,protein-coding,-,-,-,septin-9,20210420,-
130825,121162666,LOC121162666,-,-,-,Un,-,uncharacterized LOC121162666,ncRNA,-,-,-,-,20210420,-
130825,121162667,TBCD,-,-,-,Un,-,tubulin folding cofactor D,protein-coding,-,-,-,tubulin-specific chaperone D,20210420,-
130825,121162668,SEC14L1,-,-,-,Un,-,SEC14 like lipid binding 1,protein-coding,-,-,-,SEC14-like protein 1,20210420,-
130825,121162669,ZNF750,-,-,-,Un,-,zinc finger protein 750,protein-coding,-,-,-,zinc finger protein 750,20210420,-
130825,121162670,FOXK2,-,-,-,Un,-,forkhead box K2,protein-coding,-,-,-,forkhead box protein K2,20210420,-
130825,121162671,HEXD,-,-,-,Un,-,hexosaminidase D,protein-coding,-,-,-,hexosaminidase D,20210420,-
130825,121162672,NARF,-,-,-,Un,-,nuclear prelamin A recognition factor,protein-coding,-,-,-,nuclear prelamin A recognition factor,20210420,-
130825,121162673,WDR45B,-,-,-,Un,-,WD repeat domain 45B,protein-coding,-,-,-,WD repeat domain phosphoinositide-interacting protein 3,20210420,-
130825,121162674,FN3K,-,-,-,Un,-,fructosamine 3 kinase,protein-coding,-,-,-,fructosamine-3-kinase,20210420,-
130825,121162675,LOC121162675,-,-,-,Un,-,fructosamine 3 kinase related protein,protein-coding,-,-,-,ketosamine-3-kinase,20210420,-
130825,121162676,ACSS3,-,-,-,Un,-,acyl-CoA synthetase short chain family member 3,protein-coding,-,-,-,"acyl-CoA synthetase short-chain family member 3, mitochondrial",20210420,-
130825,121162677,RAB40B,-,-,-,Un,-,"RAB40B, member RAS oncogene family",protein-coding,-,-,-,ras-related protein Rab-40B,20210420,-
130825,121162678,LOC121162678,-,-,-,Un,-,cytochrome b-245 chaperone 1,protein-coding,-,-,-,cytochrome b-245 chaperone 1,20210420,-
130825,121162679,LOC121162679,-,-,-,Un,-,uncharacterized LOC121162679,ncRNA,-,-,-,-,20210420,-
130825,121162680,B3GNTL1,-,-,-,Un,-,"UDP-GlcNAc:betaGal beta-1,3-N-acetylglucosaminyltransferase like 1",protein-coding,-,-,-,"UDP-GlcNAc:betaGal beta-1,3-N-acetylglucosaminyltransferase-like protein 1",20210420,-
130825,121162681,LIN7A,-,-,-,Un,-,"lin-7 homolog A, crumbs cell polarity complex component",protein-coding,-,-,-,protein lin-7 homolog A,20210420,-
130825,121162682,METRNL,-,-,-,Un,-,"meteorin like, glial cell differentiation regulator",protein-coding,-,-,-,meteorin-like protein,20210420,-
130825,121162683,LOC121162683,-,-,-,Un,-,prostaglandin reductase 2-like,pseudo,-,-,-,-,20210420,-
130825,121162684,LOC121162684,-,-,-,Un,-,5S ribosomal RNA,pseudo,-,-,-,-,20210420,-
130825,121162685,LOC121162685,-,-,-,Un,-,U2 spliceosomal RNA,snRNA,-,-,-,-,20210420,-
130825,121162686,LOC121162686,-,-,-,Un,-,U2 spliceosomal RNA,pseudo,-,-,-,-,20210420,-
130825,121162687,LOC121162687,-,-,-,Un,-,U6 spliceosomal RNA,pseudo,-,-,-,-,20210420,-
130825,121162688,LOC121162688,-,-,-,Un,-,U6 spliceosomal RNA,pseudo,-,-,-,-,20210420,-
130825,121162689,LOC121162689,-,-,-,Un,-,small nucleolar RNA R38,snoRNA,-,-,-,-,20210420,-
130825,121162690,LOC121162690,-,-,-,Un,-,small nucleolar RNA SNORD104,snoRNA,-,-,-,-,20210420,-
130825,121162691,LOC121162691,-,-,-,Un,-,small Cajal body-specific RNA 16,ncRNA,-,-,-,-,20210420,-
130825,121162692,LOC121162692,-,-,-,Un,-,small nucleolar RNA SNORA76,snoRNA,-,-,-,-,20210420,-
130825,121162693,LOC121162693,-,-,-,Un,-,small nucleolar RNA U13,snoRNA,-,-,-,-,20210420,-
130825,121162694,LOC121162694,-,-,-,Un,-,small nucleolar RNA ACA64,snoRNA,-,-,-,-,20210420,-
130825,121162695,TRNAR-CCG,-,-,-,Un,-,transfer RNA arginine (anticodon CCG),tRNA,-,-,-,-,20210420,-
130825,121162696,TRNAR-UCG,-,-,-,Un,-,transfer RNA arginine (anticodon UCG),tRNA,-,-,-,-,20210420,-
130825,121162697,TRNAR-CCU,-,-,-,Un,-,transfer RNA arginine (anticodon CCU),tRNA,-,-,-,-,20210420,-
130825,121162698,TRNAR-CCU,-,-,-,Un,-,transfer RNA arginine (anticodon CCU),tRNA,-,-,-,-,20210420,-
130825,121162699,LOC121162699,-,-,-,Un,-,monocarboxylate transporter 1-like,pseudo,-,-,-,-,20210420,-
130825,121162700,LOC121162700,-,-,-,Un,-,uncharacterized LOC121162700,ncRNA,-,-,-,-,20210420,-
130825,121162701,LOC121162701,-,-,-,Un,-,60S ribosomal protein L37a-like,protein-coding,-,-,-,60S ribosomal protein L37a-like,20210420,-
130825,121162702,LOC121162702,-,-,-,Un,-,uncharacterized LOC121162702,pseudo,-,-,-,-,20210420,-
130825,121162703,LOC121162703,-,-,-,Un,-,uncharacterized LOC121162703,ncRNA,-,-,-,-,20210420,-
130825,121162704,LOC121162704,-,-,-,Un,-,uncharacterized LOC121162704,ncRNA,-,-,-,-,20210420,-
130825,121162705,LOC121162705,-,-,-,Un,-,translation initiation factor IF-2-like,pseudo,-,-,-,-,20210420,-
130825,121162706,LOC121162706,-,-,-,Un,-,basic salivary proline-rich protein 1-like,protein-coding,-,-,-,basic salivary proline-rich protein 1-like,20210420,-
130825,121162707,LOC121162707,-,-,-,Un,-,5.8S ribosomal RNA,rRNA,-,-,-,-,20210420,-
130825,121162708,LOC121162708,-,-,-,Un,-,28S ribosomal RNA,rRNA,-,-,-,-,20210420,-
130825,121162709,LOC121162709,-,-,-,Un,-,5.8S ribosomal RNA,rRNA,-,-,-,-,20210420,-
130825,121162710,LOC121162710,-,-,-,Un,-,18S ribosomal RNA,rRNA,-,-,-,-,20210420,-
130825,121162711,LOC121162711,-,-,-,Un,-,18S ribosomal RNA,rRNA,-,-,-,-,20210420,-
130825,121162712,LOC121162712,-,-,-,Un,-,28S ribosomal RNA,rRNA,-,-,-,-,20210420,-
130825,121162713,LOC121162713,-,-,-,Un,-,60S ribosomal protein L37a-like,protein-coding,-,-,-,60S ribosomal protein L37a-like,20210420,-
130825,121162714,LOC121162714,-,-,-,Un,-,etoposide-induced protein 2.4 homolog,pseudo,-,-,-,-,20210420,-
130825,121162715,LOC121162715,-,-,-,Un,-,uncharacterized LOC121162715,ncRNA,-,-,-,-,20210420,-
130825,121162716,LOC121162716,-,-,-,Un,-,uncharacterized LOC121162716,ncRNA,-,-,-,-,20210420,-
130825,121162717,LOC121162717,-,-,-,Un,-,basic salivary proline-rich protein 2-like,protein-coding,-,-,-,basic salivary proline-rich protein 2-like,20210420,-
130825,121162718,MYF5,-,-,-,Un,-,myogenic factor 5,protein-coding,-,-,-,myogenic factor 5,20210420,-
130825,121162719,LOC121162719,-,-,-,Un,-,5.8S ribosomal RNA,rRNA,-,-,-,-,20210420,-
130825,121162720,LOC121162720,-,-,-,Un,-,28S ribosomal RNA,rRNA,-,-,-,-,20210420,-
130825,121162721,LOC121162721,-,-,-,Un,-,5.8S ribosomal RNA,rRNA,-,-,-,-,20210420,-
130825,121162722,LOC121162722,-,-,-,Un,-,18S ribosomal RNA,rRNA,-,-,-,-,20210420,-
130825,121162723,LOC121162723,-,-,-,Un,-,18S ribosomal RNA,rRNA,-,-,-,-,20210420,-
130825,121162724,LOC121162724,-,-,-,Un,-,28S ribosomal RNA,rRNA,-,-,-,-,20210420,-
130825,121162725,LOC121162725,-,-,-,Un,-,carnosine N-methyltransferase-like,pseudo,-,-,-,-,20210420,-
130825,121162726,OCM2,-,-,-,Un,-,oncomodulin 2,protein-coding,-,-,-,putative oncomodulin-2,20210420,-
130825,121162727,NPTX2,-,-,-,Un,-,neuronal pentraxin 2,protein-coding,-,-,-,neuronal pentraxin-2,20210420,-
130825,121162728,TMEM130,-,-,-,Un,-,transmembrane protein 130,protein-coding,-,-,-,transmembrane protein 130,20210420,-
130825,121162729,FSCN1,-,-,-,Un,-,fascin actin-bundling protein 1,protein-coding,-,-,-,fascin,20210420,-
130825,121162730,MYF6,-,-,-,Un,-,myogenic factor 6,protein-coding,-,-,-,myogenic factor 6,20210420,-
130825,121162731,MMD2,-,-,-,Un,-,monocyte to macrophage differentiation associated 2,protein-coding,-,-,-,monocyte to macrophage differentiation factor 2,20210420,-
130825,121162732,LOC121162732,-,-,-,Un,-,uncharacterized LOC121162732,ncRNA,-,-,-,-,20210420,-
130825,121162733,CHST12,-,-,-,Un,-,carbohydrate sulfotransferase 12,protein-coding,-,-,-,carbohydrate sulfotransferase 12,20210420,-
130825,121162734,ELFN1,-,-,-,Un,-,extracellular leucine rich repeat and fibronectin type III domain containing 1,protein-coding,-,-,-,protein ELFN1,20210420,-
130825,121162735,PSMG3,-,-,-,Un,-,proteasome assembly chaperone 3,protein-coding,-,-,-,proteasome assembly chaperone 3,20210420,-
130825,121162736,UNCX,-,-,-,Un,-,UNC homeobox,protein-coding,-,-,-,homeobox protein unc-4 homolog,20210420,-
130825,121162737,ZFAND2A,-,-,-,Un,-,zinc finger AN1-type containing 2A,protein-coding,-,-,-,AN1-type zinc finger protein 2A,20210420,-
130825,121162738,GPER1,-,-,-,Un,-,G protein-coupled estrogen receptor 1,protein-coding,-,-,-,G-protein coupled estrogen receptor 1,20210420,-
130825,121162739,GPR146,-,-,-,Un,-,G protein-coupled receptor 146,protein-coding,-,-,-,probable G-protein coupled receptor 146,20210420,-
130825,121162740,LOC121162740,-,-,-,Un,-,cytochrome P450 2W1,protein-coding,-,-,-,cytochrome P450 2W1,20210420,-
130825,121162741,PTPRQ,-,-,-,Un,-,protein tyrosine phosphatase receptor type Q,protein-coding,-,-,-,phosphatidylinositol phosphatase PTPRQ,20210420,-
130825,121162742,LOC121162742,-,-,-,Un,-,cytochrome c oxidase assembly protein COX19,protein-coding,-,-,-,cytochrome c oxidase assembly protein COX19,20210420,-
130825,121162743,PDGFA,-,-,-,Un,-,platelet derived growth factor subunit A,protein-coding,-,-,-,platelet-derived growth factor subunit A,20210420,-
130825,121162744,FAM20C,-,-,-,Un,-,FAM20C golgi associated secretory pathway kinase,protein-coding,-,-,-,extracellular serine/threonine protein kinase FAM20C,20210420,-
130825,121162745,LOC121162745,-,-,-,Un,-,speedy protein E4-like,protein-coding,-,-,-,speedy protein E4-like,20210420,-
130825,121162746,LOC121162746,-,-,-,Un,-,speedy protein E4-like,protein-coding,-,-,-,speedy protein E4-like,20210420,-
130825,121162747,LOC121162747,-,-,-,Un,-,zinc finger protein 157-like,protein-coding,-,-,-,zinc finger protein 157-like,20210420,-
130825,121162748,LOC121162748,-,-,-,Un,-,zinc finger protein 316-like,protein-coding,-,-,-,zinc finger protein 316-like,20210420,-
130825,121162749,LOC121162749,-,-,-,Un,-,uncharacterized LOC121162749,protein-coding,-,-,-,uncharacterized protein LOC121162749,20210420,-
130825,121162750,RSPH10B,-,-,-,Un,-,radial spoke head 10 homolog B,protein-coding,-,-,-,radial spoke head 10 homolog B,20210420,-
130825,121162751,BAIAP2L1,-,-,-,Un,-,BAR/IMD domain containing adaptor protein 2 like 1,protein-coding,-,-,-,brain-specific angiogenesis inhibitor 1-associated protein 2-like protein 1,20210420,-
130825,121162752,LOC121162752,-,-,-,Un,-,speedy protein E4-like,protein-coding,-,-,-,speedy protein E4-like,20210420,-
130825,121162753,LOC121162753,-,-,-,Un,-,speedy protein E4-like,protein-coding,-,-,-,speedy protein E4-like,20210420,-
130825,121162754,SLC29A4,-,-,-,Un,-,solute carrier family 29 member 4,protein-coding,-,-,-,equilibrative nucleoside transporter 4,20210420,-
130825,121162755,SDK1,-,-,-,Un,-,sidekick cell adhesion molecule 1,protein-coding,-,-,-,protein sidekick-1,20210420,-
130825,121162756,LOC121162756,-,-,-,Un,-,keratin-associated protein 4-3-like,protein-coding,-,-,-,keratin-associated protein 4-3-like,20210420,-
130825,121162757,LOC121162757,-,-,-,Un,-,uncharacterized LOC121162757,ncRNA,-,-,-,-,20210420,-
130825,121162758,LOC121162758,-,-,-,Un,-,kinesin-like protein KIF19,protein-coding,-,-,-,kinesin-like protein KIF19,20210420,-
130825,121162759,SNX8,-,-,-,Un,-,sorting nexin 8,protein-coding,-,-,-,sorting nexin-8,20210420,-
130825,121162760,MRM2,-,-,-,Un,-,mitochondrial rRNA methyltransferase 2,protein-coding,-,-,-,"rRNA methyltransferase 2, mitochondrial",20210420,-
130825,121162761,ITK,-,-,-,Un,-,IL2 inducible T cell kinase,protein-coding,-,-,-,tyrosine-protein kinase ITK/TSK,20210420,-
130825,121162762,MICALL2,-,-,-,Un,-,MICAL like 2,protein-coding,-,-,-,MICAL-like protein 2,20210420,-
130825,121162763,CUNH7orf50,-,-,-,Un,-,chromosome unknown C7orf50 homolog,protein-coding,-,-,-,uncharacterized protein C7orf50 homolog,20210420,-
130825,121162764,FOXL3,-,-,-,Un,-,forkhead box L3,protein-coding,-,-,-,forkhead box L3,20210420,-
130825,121162765,LOC121162765,-,-,-,Un,-,uncharacterized LOC121162765,ncRNA,-,-,-,-,20210420,-
130825,121162766,LOC121162766,-,-,-,Un,-,rho GTPase-activating protein 20-like,protein-coding,-,-,-,rho GTPase-activating protein 20-like,20210420,-
130825,121162767,ZNF12,-,-,-,Un,-,zinc finger protein 12,protein-coding,-,-,-,zinc finger protein 12,20210420,-
130825,121162768,LOC121162768,-,-,-,Un,-,speedy protein E4-like,protein-coding,-,-,-,speedy protein E4-like,20210420,-
130825,121162769,CUNH7orf26,-,-,-,Un,-,chromosome unknown C7orf26 homolog,protein-coding,-,-,-,uncharacterized protein C7orf26 homolog,20210420,-
130825,121162770,E2F7,-,-,-,Un,-,E2F transcription factor 7,protein-coding,-,-,-,transcription factor E2F7,20210420,-
130825,121162771,ZDHHC4,-,-,-,Un,-,zinc finger DHHC-type palmitoyltransferase 4,protein-coding,-,-,-,palmitoyltransferase ZDHHC4,20210420,-
130825,121162772,USP42,-,-,-,Un,-,ubiquitin specific peptidase 42,protein-coding,-,-,-,ubiquitin carboxyl-terminal hydrolase 42,20210420,-
130825,121162773,LOC121162773,-,-,-,Un,-,Grid2 interacting protein,protein-coding,-,-,-,delphilin,20210420,-
130825,121162774,DAGLB,-,-,-,Un,-,diacylglycerol lipase beta,protein-coding,-,-,-,diacylglycerol lipase-beta,20210420,-
130825,121162775,CYTH3,-,-,-,Un,-,cytohesin 3,protein-coding,-,-,-,cytohesin-3,20210420,-
130825,121162776,GLIPR1L2,-,-,-,Un,-,GLIPR1 like 2,protein-coding,-,-,-,GLIPR1-like protein 2,20210420,-
130825,121162777,KDELR2,-,-,-,Un,-,KDEL endoplasmic reticulum protein retention receptor 2,protein-coding,-,-,-,ER lumen protein-retaining receptor 2,20210424,-
130825,121162778,RAC1,-,-,-,Un,-,Rac family small GTPase 1,protein-coding,-,-,-,ras-related C3 botulinum toxin substrate 1,20210501,-
130825,121162779,PMS2,-,-,-,Un,-,"PMS1 homolog 2, mismatch repair system component",protein-coding,-,-,-,mismatch repair endonuclease PMS2,20210420,-
130825,121162780,EIF2AK1,-,-,-,Un,-,eukaryotic translation initiation factor 2 alpha kinase 1,protein-coding,-,-,-,eukaryotic translation initiation factor 2-alpha kinase 1,20210420,-
130825,121162781,ANKRD61,-,-,-,Un,-,ankyrin repeat domain 61,protein-coding,-,-,-,ankyrin repeat domain-containing protein 61,20210420,-
130825,121162782,AIMP2,-,-,-,Un,-,aminoacyl tRNA synthetase complex interacting multifunctional protein 2,protein-coding,-,-,-,aminoacyl tRNA synthase complex-interacting multifunctional protein 2,20210420,-
130825,121162783,LOC121162783,-,-,-,Un,-,GLIPR1-like protein 1,protein-coding,-,-,-,GLIPR1-like protein 1,20210420,-
130825,121162784,LOC121162784,-,-,-,Un,-,uncharacterized LOC121162784,ncRNA,-,-,-,-,20210420,-
130825,121162785,CCZ1,-,-,-,Un,-,"CCZ1 homolog, vacuolar protein trafficking and biogenesis associated",protein-coding,-,-,-,vacuolar fusion protein CCZ1 homolog,20210420,-
130825,121162786,LMTK2,-,-,-,Un,-,lemur tyrosine kinase 2,protein-coding,-,-,-,serine/threonine-protein kinase LMTK2,20210420,-
130825,121162787,BHLHA15,-,-,-,Un,-,basic helix-loop-helix family member a15,protein-coding,-,-,-,class A basic helix-loop-helix protein 15,20210420,-
130825,121162788,TECPR1,-,-,-,Un,-,tectonin beta-propeller repeat containing 1,protein-coding,-,-,-,tectonin beta-propeller repeat-containing protein 1,20210420,-
130825,121162789,TRHDE,-,-,-,Un,-,thyrotropin releasing hormone degrading enzyme,protein-coding,-,-,-,thyrotropin-releasing hormone-degrading ectoenzyme,20210420,-
130825,121162790,BRI3,-,-,-,Un,-,brain protein I3,protein-coding,-,-,-,brain protein I3,20210420,-
130825,121162791,LOC121162791,-,-,-,Un,-,uncharacterized LOC121162791,ncRNA,-,-,-,-,20210420,-
130825,121162792,RBAK,-,-,-,Un,-,RB associated KRAB zinc finger,protein-coding,-,-,-,LOW QUALITY PROTEIN: RB-associated KRAB zinc finger protein,20210420,-
130825,121162793,RNF216,-,-,-,Un,-,ring finger protein 216,protein-coding,-,-,-,E3 ubiquitin-protein ligase RNF216,20210420,-
130825,121162794,ACTB,-,-,-,Un,-,actin beta,protein-coding,-,-,-,"actin, cytoplasmic 1",20210424,-
130825,121162795,FBXL18,-,-,-,Un,-,F-box and leucine rich repeat protein 18,protein-coding,-,-,-,F-box/LRR-repeat protein 18,20210420,-
130825,121162796,TNRC18,-,-,-,Un,-,trinucleotide repeat containing 18,protein-coding,-,-,-,trinucleotide repeat-containing gene 18 protein,20210420,-
130825,121162797,LOC121162797,-,-,-,Un,-,transmembrane protein 263-like,pseudo,-,-,-,-,20210420,-
130825,121162798,WIPI2,-,-,-,Un,-,"WD repeat domain, phosphoinositide interacting 2",protein-coding,-,-,-,WD repeat domain phosphoinositide-interacting protein 2,20210420,-
130825,121162799,RADIL,-,-,-,Un,-,Rap associating with DIL domain,protein-coding,-,-,-,ras-associating and dilute domain-containing protein,20210420,-
130825,121162800,AP5Z1,-,-,-,Un,-,adaptor related protein complex 5 subunit zeta 1,protein-coding,-,-,-,AP-5 complex subunit zeta-1,20210420,-
130825,121162801,PAPOLB,-,-,-,Un,-,poly(A) polymerase beta,protein-coding,-,-,-,poly(A) polymerase beta,20210420,-
130825,121162802,FOXK1,-,-,-,Un,-,forkhead box K1,protein-coding,-,-,-,forkhead box protein K1,20210420,-
130825,121162803,CARD11,-,-,-,Un,-,caspase recruitment domain family member 11,protein-coding,-,-,-,caspase recruitment domain-containing protein 11,20210420,-
130825,121162804,TSPAN8,-,-,-,Un,-,tetraspanin 8,protein-coding,-,-,-,tetraspanin-8,20210420,-
130825,121162805,AMZ1,-,-,-,Un,-,archaelysin family metallopeptidase 1,protein-coding,-,-,-,archaemetzincin-1,20210420,-
130825,121162806,GNA12,-,-,-,Un,-,G protein subunit alpha 12,protein-coding,-,-,-,guanine nucleotide-binding protein subunit alpha-12,20210420,-
130825,121162807,BRAT1,-,-,-,Un,-,BRCA1 associated ATM activator 1,protein-coding,-,-,-,BRCA1-associated ATM activator 1,20210420,-
130825,121162808,IQCE,-,-,-,Un,-,IQ motif containing E,protein-coding,-,-,-,IQ domain-containing protein E,20210420,-
130825,121162809,TTYH3,-,-,-,Un,-,tweety family member 3,protein-coding,-,-,-,protein tweety homolog 3,20210420,-
130825,121162810,LFNG,-,-,-,Un,-,LFNG O-fucosylpeptide 3-beta-N-acetylglucosaminyltransferase,protein-coding,-,-,-,"beta-1,3-N-acetylglucosaminyltransferase lunatic fringe",20210420,-
130825,121162811,PTPRR,-,-,-,Un,-,protein tyrosine phosphatase receptor type R,protein-coding,-,-,-,receptor-type tyrosine-protein phosphatase R,20210420,-
130825,121162812,EIF3B,-,-,-,Un,-,eukaryotic translation initiation factor 3 subunit B,protein-coding,-,-,-,eukaryotic translation initiation factor 3 subunit B,20210420,-
130825,121162813,MAD1L1,-,-,-,Un,-,mitotic arrest deficient 1 like 1,protein-coding,-,-,-,mitotic spindle assembly checkpoint protein MAD1,20210420,-
130825,121162814,NUDT1,-,-,-,Un,-,nudix hydrolase 1,protein-coding,-,-,-,"7,8-dihydro-8-oxoguanine triphosphatase",20210420,-
130825,121162815,TMEM184A,-,-,-,Un,-,transmembrane protein 184A,protein-coding,-,-,-,transmembrane protein 184A,20210420,-
130825,121162816,MAFK,-,-,-,Un,-,MAF bZIP transcription factor K,protein-coding,-,-,-,transcription factor MafK,20210420,-
130825,121162817,LOC121162817,-,-,-,Un,-,uncharacterized LOC121162817,ncRNA,-,-,-,-,20210420,-
130825,121162818,INTS1,-,-,-,Un,-,integrator complex subunit 1,protein-coding,-,-,-,integrator complex subunit 1,20210420,-
130825,121162819,LOC121162819,-,-,-,Un,-,uncharacterized LOC121162819,protein-coding,-,-,-,uncharacterized protein LOC121162819,20210420,-
130825,121162820,PTPRB,-,-,-,Un,-,protein tyrosine phosphatase receptor type B,protein-coding,-,-,-,receptor-type tyrosine-protein phosphatase beta,20210420,-
130825,121162821,ADAP1,-,-,-,Un,-,ArfGAP with dual PH domains 1,protein-coding,-,-,-,arf-GAP with dual PH domain-containing protein 1,20210420,-
130825,121162822,GET4,-,-,-,Un,-,guided entry of tail-anchored proteins factor 4,protein-coding,-,-,-,Golgi to ER traffic protein 4 homolog,20210420,-
130825,121162823,SUN1,-,-,-,Un,-,Sad1 and UNC84 domain containing 1,protein-coding,-,-,-,SUN domain-containing protein 1,20210420,-
130825,121162824,DNAAF5,-,-,-,Un,-,dynein axonemal assembly factor 5,protein-coding,-,-,-,"dynein assembly factor 5, axonemal",20210420,-
130825,121162825,PRKAR1B,-,-,-,Un,-,protein kinase cAMP-dependent type I regulatory subunit beta,protein-coding,-,-,-,cAMP-dependent protein kinase type I-beta regulatory subunit,20210420,-
130825,121162826,LOC121162826,-,-,-,Un,-,uncharacterized LOC121162826,ncRNA,-,-,-,-,20210420,-
130825,121162827,LOC121162827,-,-,-,Un,-,vomeronasal type-2 receptor 116-like,pseudo,-,-,-,-,20210420,-
130825,121162828,LOC121162828,-,-,-,Un,-,vomeronasal type-2 receptor 116-like,pseudo,-,-,-,-,20210420,-
130825,121162829,LOC121162829,-,-,-,Un,-,vomeronasal type-2 receptor 116-like,pseudo,-,-,-,-,20210420,-
130825,121162830,LOC121162830,-,-,-,Un,-,vomeronasal type-2 receptor 116-like,pseudo,-,-,-,-,20210420,-
130825,121162831,LOC121162831,-,-,-,Un,-,vomeronasal type-2 receptor 116-like,pseudo,-,-,-,-,20210420,-
130825,121162832,LOC121162832,-,-,-,Un,-,vomeronasal type-2 receptor 26-like,protein-coding,-,-,-,LOW QUALITY PROTEIN: vomeronasal type-2 receptor 26-like,20210420,-
130825,121162833,LOC121162833,-,-,-,Un,-,vomeronasal type-2 receptor 116-like,pseudo,-,-,-,-,20210420,-
130825,121162834,LOC121162834,-,-,-,Un,-,vomeronasal type-2 receptor 26-like,pseudo,-,-,-,-,20210420,-
130825,121162835,LOC121162835,-,-,-,Un,-,vomeronasal type-2 receptor 116-like,pseudo,-,-,-,-,20210420,-
130825,121162836,LOC121162836,-,-,-,Un,-,vomeronasal type-2 receptor 116-like,protein-coding,-,-,-,vomeronasal type-2 receptor 116-like,20210420,-
130825,121162837,IL22,-,-,-,Un,-,interleukin 22,protein-coding,-,-,-,interleukin-22,20210420,-
130825,121162838,LOC121162838,-,-,-,Un,-,vomeronasal type-2 receptor 116-like,pseudo,-,-,-,-,20210420,-
130825,121162839,LOC121162839,-,-,-,Un,-,vomeronasal type-2 receptor 116-like,protein-coding,-,-,-,vomeronasal type-2 receptor 116-like,20210420,-
130825,121162840,LOC121162840,-,-,-,Un,-,vomeronasal type-2 receptor 116-like,protein-coding,-,-,-,vomeronasal type-2 receptor 116-like,20210420,-
130825,121162841,LOC121162841,-,-,-,Un,-,vomeronasal type-2 receptor 116-like,pseudo,-,-,-,-,20210420,-
130825,121162842,LOC121162842,-,-,-,Un,-,vomeronasal type-2 receptor 116-like,pseudo,-,-,-,-,20210420,-
130825,121162843,LOC121162843,-,-,-,Un,-,ubiquitin domain-containing protein UBFD1-like,pseudo,-,-,-,-,20210420,-
130825,121162844,LOC121162844,-,-,-,Un,-,vomeronasal type-2 receptor 116-like,protein-coding,-,-,-,vomeronasal type-2 receptor 116-like,20210420,-
130825,121162845,LOC121162845,-,-,-,Un,-,vomeronasal type-2 receptor 116-like,protein-coding,-,-,-,vomeronasal type-2 receptor 116-like,20210420,-
130825,121162846,LOC121162846,-,-,-,Un,-,ubiquitin domain-containing protein UBFD1-like,pseudo,-,-,-,-,20210420,-
130825,121162847,LOC121162847,-,-,-,Un,-,vomeronasal type-2 receptor 116-like,protein-coding,-,-,-,vomeronasal type-2 receptor 116-like,20210420,-
130825,121162848,IFNG,-,-,-,Un,-,interferon gamma,protein-coding,-,-,-,interferon gamma,20210420,-
130825,121162849,LOC121162849,-,-,-,Un,-,olfactory receptor 7A10-like,protein-coding,-,-,-,olfactory receptor 7A10-like,20210420,-
130825,121162850,LOC121162850,-,-,-,Un,-,olfactory receptor 7D4-like,protein-coding,-,-,-,olfactory receptor 7D4-like,20210420,-
130825,121162851,LOC121162851,-,-,-,Un,-,olfactory receptor 7D4-like,protein-coding,-,-,-,olfactory receptor 7D4-like,20210420,-
130825,121162852,ZNF317,-,-,-,Un,-,zinc finger protein 317,protein-coding,-,-,-,zinc finger protein 317,20210420,-
130825,121162853,LOC121162853,-,-,-,Un,-,uncharacterized LOC121162853,protein-coding,-,-,-,LOW QUALITY PROTEIN: uncharacterized protein LOC121162853,20210420,-
130825,121162854,ZNF558,-,-,-,Un,-,zinc finger protein 558,protein-coding,-,-,-,zinc finger protein 558,20210420,-
130825,121162855,LOC121162855,-,-,-,Un,-,tubulin alpha-8 chain-like,pseudo,-,-,-,-,20210420,-
130825,121162856,LOC121162856,-,-,-,Un,-,tubulin alpha-1C chain-like,pseudo,-,-,-,-,20210420,-
130825,121162857,LOC121162857,-,-,-,Un,-,olfactory receptor 7A10-like,protein-coding,-,-,-,olfactory receptor 7A10-like,20210420,-
130825,121162858,WIF1,-,-,-,Un,-,WNT inhibitory factor 1,protein-coding,-,-,-,wnt inhibitory factor 1,20210420,-
130825,121162859,LOC121162859,-,-,-,Un,-,olfactory receptor 7A10-like,protein-coding,-,-,-,olfactory receptor 7A10-like,20210420,-
130825,121162860,LOC121162860,-,-,-,Un,-,olfactory receptor 7A10-like,protein-coding,-,-,-,olfactory receptor 7A10-like,20210420,-
130825,121162861,LOC121162861,-,-,-,Un,-,olfactory receptor 7A17-like,protein-coding,-,-,-,olfactory receptor 7A17-like,20210420,-
130825,121162862,LOC121162862,-,-,-,Un,-,olfactory receptor 7A10-like,protein-coding,-,-,-,olfactory receptor 7A10-like,20210420,-
130825,121162863,LOC121162863,-,-,-,Un,-,olfactory receptor 7A10-like,protein-coding,-,-,-,olfactory receptor 7A10-like,20210420,-
130825,121162864,LOC121162864,-,-,-,Un,-,olfactory receptor 7A10-like,protein-coding,-,-,-,olfactory receptor 7A10-like,20210420,-
130825,121162865,LOC121162865,-,-,-,Un,-,olfactory receptor 7A10-like,protein-coding,-,-,-,olfactory receptor 7A10-like,20210420,-
130825,121162866,LOC121162866,-,-,-,Un,-,olfactory receptor 7A10-like,protein-coding,-,-,-,olfactory receptor 7A10-like,20210420,-
130825,121162867,LOC121162867,-,-,-,Un,-,olfactory receptor 19-like,protein-coding,-,-,-,olfactory receptor 19-like,20210420,-
130825,121162868,LOC121162868,-,-,-,Un,-,olfactory receptor 7A10-like,protein-coding,-,-,-,olfactory receptor 7A10-like,20210420,-
130825,121162869,RXYLT1,-,-,-,Un,-,ribitol xylosyltransferase 1,protein-coding,-,-,-,ribitol-5-phosphate xylosyltransferase 1,20210420,-
130825,121162870,LOC121162870,-,-,-,Un,-,olfactory receptor 7A10-like,protein-coding,-,-,-,olfactory receptor 7A10-like,20210420,-
130825,121162871,LOC121162871,-,-,-,Un,-,olfactory receptor 7A10-like,protein-coding,-,-,-,olfactory receptor 7A10-like,20210420,-
130825,121162872,LOC121162872,-,-,-,Un,-,olfactory receptor 7A10-like,protein-coding,-,-,-,olfactory receptor 7A10-like,20210420,-
130825,121162873,LOC121162873,-,-,-,Un,-,putative gustatory receptor clone PTE01,protein-coding,-,-,-,putative gustatory receptor clone PTE01,20210420,-
130825,121162874,LOC121162874,-,-,-,Un,-,olfactory receptor 18-like,protein-coding,-,-,-,olfactory receptor 18-like,20210420,-
130825,121162875,LOC121162875,-,-,-,Un,-,putative gustatory receptor clone PTE01,protein-coding,-,-,-,putative gustatory receptor clone PTE01,20210420,-
130825,121162876,LOC121162876,-,-,-,Un,-,olfactory receptor 18-like,protein-coding,-,-,-,olfactory receptor 18-like,20210420,-
130825,121162877,LOC121162877,-,-,-,Un,-,olfactory receptor 7E24-like,protein-coding,-,-,-,olfactory receptor 7E24-like,20210420,-
130825,121162878,LOC121162878,-,-,-,Un,-,olfactory receptor 18-like,protein-coding,-,-,-,olfactory receptor 18-like,20210420,-
130825,121162879,LOC121162879,-,-,-,Un,-,olfactory receptor 18-like,protein-coding,-,-,-,olfactory receptor 18-like,20210420,-
130825,121162880,LOC121162880,-,-,-,Un,-,olfactory receptor 18-like,protein-coding,-,-,-,olfactory receptor 18-like,20210420,-
130825,121162881,LOC121162881,-,-,-,Un,-,putative gustatory receptor clone PTE01,protein-coding,-,-,-,putative gustatory receptor clone PTE01,20210420,-
130825,121162882,LOC121162882,-,-,-,Un,-,putative gustatory receptor clone PTE01,protein-coding,-,-,-,putative gustatory receptor clone PTE01,20210420,-
130825,121162883,LOC121162883,-,-,-,Un,-,olfactory receptor 18-like,protein-coding,-,-,-,olfactory receptor 18-like,20210420,-
130825,121162884,LOC121162884,-,-,-,Un,-,olfactory receptor 18-like,protein-coding,-,-,-,olfactory receptor 18-like,20210420,-
130825,121162885,LOC121162885,-,-,-,Un,-,olfactory receptor 7D4-like,protein-coding,-,-,-,olfactory receptor 7D4-like,20210420,-
130825,121162886,LOC121162886,-,-,-,Un,-,olfactory receptor 7G1-like,protein-coding,-,-,-,olfactory receptor 7G1-like,20210420,-
130825,121162887,AVPR1A,-,-,-,Un,-,arginine vasopressin receptor 1A,protein-coding,-,-,-,vasopressin V1a receptor,20210420,-
130825,121162888,LOC121162888,-,-,-,Un,-,olfactory receptor 7G2-like,protein-coding,-,-,-,olfactory receptor 7G2-like,20210420,-
130825,121162889,LOC121162889,-,-,-,Un,-,olfactory receptor 24-like,protein-coding,-,-,-,olfactory receptor 24-like,20210420,-
130825,121162890,LOC121162890,-,-,-,Un,-,mucin-16-like,protein-coding,-,-,-,mucin-16-like,20210420,-
130825,121162891,MUC16,-,-,-,Un,-,"mucin 16, cell surface associated",protein-coding,-,-,-,LOW QUALITY PROTEIN: mucin-16,20210420,-
130825,121162892,MBD3L1,-,-,-,Un,-,methyl-CpG binding domain protein 3 like 1,protein-coding,-,-,-,methyl-CpG-binding domain protein 3-like 1,20210420,-
130825,121162893,LOC121162893,-,-,-,Un,-,vomeronasal type-2 receptor 116-like,pseudo,-,-,-,-,20210420,-
130825,121162894,LOC121162894,-,-,-,Un,-,vomeronasal type-2 receptor 116-like,protein-coding,-,-,-,vomeronasal type-2 receptor 116-like,20210420,-
130825,121162895,LOC121162895,-,-,-,Un,-,uncharacterized LOC121162895,ncRNA,-,-,-,-,20210420,-
130825,121162896,LOC121162896,-,-,-,Un,-,uncharacterized LOC121162896,ncRNA,-,-,-,-,20210420,-
130825,121162897,LOC121162897,-,-,-,Un,-,60S ribosomal protein L32-like,pseudo,-,-,-,-,20210420,-
130825,121162898,LOC121162898,-,-,-,Un,-,vomeronasal type-2 receptor 116-like,protein-coding,-,-,-,vomeronasal type-2 receptor 116-like,20210420,-
130825,121162899,LRIG3,-,-,-,Un,-,leucine rich repeats and immunoglobulin like domains 3,protein-coding,-,-,-,leucine-rich repeats and immunoglobulin-like domains protein 3,20210420,-
130825,121162900,LOC121162900,-,-,-,Un,-,vomeronasal type-2 receptor 116-like,protein-coding,-,-,-,vomeronasal type-2 receptor 116-like,20210420,-
130825,121162901,LOC121162901,-,-,-,Un,-,ubiquitin domain-containing protein UBFD1-like,pseudo,-,-,-,-,20210420,-
130825,121162902,LOC121162902,-,-,-,Un,-,vomeronasal type-2 receptor 116-like,protein-coding,-,-,-,vomeronasal type-2 receptor 116-like,20210420,-
130825,121162903,LOC121162903,-,-,-,Un,-,vomeronasal type-2 receptor 116-like,protein-coding,-,-,-,vomeronasal type-2 receptor 116-like,20210420,-
130825,121162904,LOC121162904,-,-,-,Un,-,vomeronasal type-2 receptor 116-like,pseudo,-,-,-,-,20210420,-
130825,121162905,LOC121162905,-,-,-,Un,-,vomeronasal type-2 receptor 26-like,protein-coding,-,-,-,vomeronasal type-2 receptor 26-like,20210420,-
130825,121162906,LOC121162906,-,-,-,Un,-,vomeronasal type-2 receptor 116-like,protein-coding,-,-,-,vomeronasal type-2 receptor 116-like,20210420,-
130825,121162907,LOC121162907,-,-,-,Un,-,vomeronasal type-2 receptor 116-like,pseudo,-,-,-,-,20210420,-
130825,121162908,LOC121162908,-,-,-,Un,-,vomeronasal type-2 receptor 116-like,protein-coding,-,-,-,vomeronasal type-2 receptor 116-like,20210420,-
130825,121162909,LOC121162909,-,-,-,Un,-,"ATP synthase membrane subunit K, mitochondrial-like",pseudo,-,-,-,-,20210420,-
130825,121162910,LOC121162910,-,-,-,Un,-,uncharacterized LOC121162910,ncRNA,-,-,-,-,20210420,-
130825,121162911,LOC121162911,-,-,-,Un,-,"ATP synthase membrane subunit K, mitochondrial-like",pseudo,-,-,-,-,20210420,-
130825,121162912,LOC121162912,-,-,-,Un,-,vomeronasal type-2 receptor 116-like,pseudo,-,-,-,-,20210420,-
130825,121162913,LOC121162913,-,-,-,Un,-,vomeronasal type-2 receptor 116-like,protein-coding,-,-,-,vomeronasal type-2 receptor 116-like,20210420,-
130825,121162914,LOC121162914,-,-,-,Un,-,vomeronasal type-2 receptor 116-like,pseudo,-,-,-,-,20210420,-
130825,121162915,LOC121162915,-,-,-,Un,-,uncharacterized LOC121162915,ncRNA,-,-,-,-,20210420,-
130825,121162916,LOC121162916,-,-,-,Un,-,tubulin alpha-8 chain-like,pseudo,-,-,-,-,20210420,-
130825,121162917,LOC121162917,-,-,-,Un,-,tubulin alpha-1C chain-like,pseudo,-,-,-,-,20210420,-
130825,121162918,LOC121162918,-,-,-,Un,-,"25-hydroxyvitamin D-1 alpha hydroxylase, mitochondrial",protein-coding,-,-,-,"25-hydroxyvitamin D-1 alpha hydroxylase, mitochondrial",20210420,-
130825,121162919,USHBP1,-,-,-,Un,-,USH1 protein network component harmonin binding protein 1,protein-coding,-,-,-,Usher syndrome type-1C protein-binding protein 1,20210420,-
130825,121162920,ANKLE1,-,-,-,Un,-,ankyrin repeat and LEM domain containing 1,protein-coding,-,-,-,ankyrin repeat and LEM domain-containing protein 1,20210420,-
130825,121162921,CCDC194,-,-,-,Un,-,coiled-coil domain containing 194,protein-coding,-,-,-,coiled-coil domain-containing protein 194,20210420,-
130825,121162922,LOC121162922,-,-,-,Un,-,vomeronasal type-2 receptor 116-like,protein-coding,-,-,-,vomeronasal type-2 receptor 116-like,20210420,-
130825,121162923,LOC121162923,-,-,-,Un,-,vomeronasal type-2 receptor 26-like,protein-coding,-,-,-,LOW QUALITY PROTEIN: vomeronasal type-2 receptor 26-like,20210420,-
130825,121162924,LOC121162924,-,-,-,Un,-,vomeronasal type-2 receptor 116-like,protein-coding,-,-,-,vomeronasal type-2 receptor 116-like,20210420,-
130825,121162925,LOC121162925,-,-,-,Un,-,vomeronasal type-2 receptor 116-like,protein-coding,-,-,-,vomeronasal type-2 receptor 116-like,20210420,-
130825,121162926,LOC121162926,-,-,-,Un,-,vomeronasal type-2 receptor 26-like,protein-coding,-,-,-,LOW QUALITY PROTEIN: vomeronasal type-2 receptor 26-like,20210420,-
130825,121162927,TEX45,-,-,-,Un,-,testis expressed 45,protein-coding,-,-,-,testis-expressed protein 45,20210420,-
130825,121162928,CLEC4G,-,-,-,Un,-,C-type lectin domain family 4 member G,protein-coding,-,-,-,C-type lectin domain family 4 member G,20210420,-
130825,121162929,B4GALNT1,-,-,-,Un,-,"beta-1,4-N-acetyl-galactosaminyltransferase 1",protein-coding,-,-,-,"beta-1,4 N-acetylgalactosaminyltransferase 1",20210420,-
130825,121162930,LOC121162930,-,-,-,Un,-,CD209 antigen-like protein C,protein-coding,-,-,-,CD209 antigen-like protein C,20210420,-
130825,121162931,PRR36,-,-,-,Un,-,proline rich 36,protein-coding,-,-,-,proline-rich protein 36,20210420,-
130825,121162932,TGFBR3L,-,-,-,Un,-,transforming growth factor beta receptor 3 like,protein-coding,-,-,-,transforming growth factor-beta receptor type 3-like protein,20210420,-
130825,121162933,SNAPC2,-,-,-,Un,-,small nuclear RNA activating complex polypeptide 2,protein-coding,-,-,-,snRNA-activating protein complex subunit 2,20210420,-
130825,121162934,FBN3,-,-,-,Un,-,fibrillin 3,protein-coding,-,-,-,fibrillin-3,20210420,-
130825,121162935,CD320,-,-,-,Un,-,CD320 molecule,protein-coding,-,-,-,CD320 antigen,20210420,-
130825,121162936,KANK3,-,-,-,Un,-,KN motif and ankyrin repeat domains 3,protein-coding,-,-,-,KN motif and ankyrin repeat domain-containing protein 3,20210420,-
130825,121162937,NFILZ,-,-,-,Un,-,NFIL3 like basic leucine zipper,protein-coding,-,-,-,NFIL3 like protein,20210420,-
130825,121162938,ACTL9,-,-,-,Un,-,actin like 9,protein-coding,-,-,-,actin-like protein 9,20210420,-
130825,121162939,LOC121162939,-,-,-,Un,-,olfactory receptor 2Z1,protein-coding,-,-,-,olfactory receptor 2Z1,20210420,-
130825,121162940,LOC121162940,-,-,-,Un,-,vomeronasal type-2 receptor 116-like,protein-coding,-,-,-,vomeronasal type-2 receptor 116-like,20210420,-
130825,121162941,LOC121162941,-,-,-,Un,-,vomeronasal type-2 receptor 116-like,protein-coding,-,-,-,vomeronasal type-2 receptor 116-like,20210420,-
130825,121162942,LOC121162942,-,-,-,Un,-,vomeronasal type-2 receptor 116-like,protein-coding,-,-,-,vomeronasal type-2 receptor 116-like,20210420,-
130825,121162943,BEST2,-,-,-,Un,-,bestrophin 2,protein-coding,-,-,-,bestrophin-2,20210420,-
130825,121162944,LOC121162944,-,-,-,Un,-,olfactory receptor 7A17-like,protein-coding,-,-,-,olfactory receptor 7A17-like,20210420,-
130825,121162945,LOC121162945,-,-,-,Un,-,vomeronasal type-2 receptor 116-like,protein-coding,-,-,-,vomeronasal type-2 receptor 116-like,20210420,-
130825,121162946,LOC121162946,-,-,-,Un,-,olfactory receptor 7A10-like,protein-coding,-,-,-,olfactory receptor 7A10-like,20210420,-
130825,121162947,LOC121162947,-,-,-,Un,-,olfactory receptor 7A10-like,protein-coding,-,-,-,olfactory receptor 7A10-like,20210420,-
130825,121162948,LOC121162948,-,-,-,Un,-,olfactory receptor 7A10-like,protein-coding,-,-,-,olfactory receptor 7A10-like,20210420,-
130825,121162949,LOC121162949,-,-,-,Un,-,olfactory receptor 7A17-like,protein-coding,-,-,-,olfactory receptor 7A17-like,20210420,-
130825,121162950,LOC121162950,-,-,-,Un,-,olfactory receptor 7A10-like,protein-coding,-,-,-,olfactory receptor 7A10-like,20210420,-
130825,121162951,LOC121162951,-,-,-,Un,-,olfactory receptor 7A10-like,protein-coding,-,-,-,olfactory receptor 7A10-like,20210420,-
130825,121162952,LOC121162952,-,-,-,Un,-,olfactory receptor 7A10-like,protein-coding,-,-,-,olfactory receptor 7A10-like,20210420,-
130825,121162953,CCDC105,-,-,-,Un,-,coiled-coil domain containing 105,protein-coding,-,-,-,coiled-coil domain-containing protein 105,20210420,-
130825,121162954,LOC121162954,-,-,-,Un,-,olfactory receptor 10T2-like,protein-coding,-,-,-,olfactory receptor 10T2-like,20210420,-
130825,121162955,PGLYRP2,-,-,-,Un,-,peptidoglycan recognition protein 2,protein-coding,-,-,-,N-acetylmuramoyl-L-alanine amidase,20210420,-
130825,121162956,LOC121162956,-,-,-,Un,-,olfactory receptor 10H2-like,protein-coding,-,-,-,olfactory receptor 10H2-like,20210420,-
130825,121162957,LOC121162957,-,-,-,Un,-,cytochrome P450 4F2-like,protein-coding,-,-,-,cytochrome P450 4F2-like,20210420,-
130825,121162958,LOC121162958,-,-,-,Un,-,guanine nucleotide-binding protein G(I)/G(S)/G(O) subunit gamma-5-like,protein-coding,-,-,-,guanine nucleotide-binding protein G(I)/G(S)/G(O) subunit gamma-5-like,20210420,-
130825,121162959,LOC121162959,-,-,-,Un,-,cytochrome P450 4F2-like,protein-coding,-,-,-,cytochrome P450 4F2-like,20210420,-
130825,121162960,LOC121162960,-,-,-,Un,-,solute carrier family 26 member 10-like,protein-coding,-,-,-,solute carrier family 26 member 10-like,20210420,-
130825,121162961,LOC121162961,-,-,-,Un,-,zinc finger protein OZF-like,protein-coding,-,-,-,zinc finger protein OZF-like,20210420,-
130825,121162962,LOC121162962,-,-,-,Un,-,putative gustatory receptor clone PTE01,protein-coding,-,-,-,putative gustatory receptor clone PTE01,20210420,-
130825,121162963,LOC121162963,-,-,-,Un,-,olfactory receptor 18-like,protein-coding,-,-,-,olfactory receptor 18-like,20210420,-
130825,121162964,LOC121162964,-,-,-,Un,-,olfactory receptor 18-like,protein-coding,-,-,-,olfactory receptor 18-like,20210420,-
130825,121162965,LOC121162965,-,-,-,Un,-,olfactory receptor 10H1,protein-coding,-,-,-,olfactory receptor 10H1,20210420,-
130825,121162966,LOC121162966,-,-,-,Un,-,olfactory receptor 18-like,protein-coding,-,-,-,olfactory receptor 18-like,20210420,-
130825,121162967,LOC121162967,-,-,-,Un,-,putative gustatory receptor clone PTE01,protein-coding,-,-,-,putative gustatory receptor clone PTE01,20210420,-
130825,121162968,THEG,-,-,-,Un,-,theg spermatid protein,protein-coding,-,-,-,testicular haploid expressed gene protein,20210420,-
130825,121162969,ODF3L2,-,-,-,Un,-,outer dense fiber of sperm tails 3 like 2,protein-coding,-,-,-,outer dense fiber protein 3-like protein 2,20210420,-
130825,121162970,MADCAM1,-,-,-,Un,-,mucosal vascular addressin cell adhesion molecule 1,protein-coding,-,-,-,mucosal addressin cell adhesion molecule 1,20210420,-
130825,121162971,ARHGEF25,-,-,-,Un,-,Rho guanine nucleotide exchange factor 25,protein-coding,-,-,-,rho guanine nucleotide exchange factor 25,20210420,-
130825,121162972,PALM,-,-,-,Un,-,paralemmin,protein-coding,-,-,-,paralemmin-1,20210420,-
130825,121162973,LOC121162973,-,-,-,Un,-,mitotic spindle positioning,protein-coding,-,-,-,mitotic interactor and substrate of PLK1,20210420,-
130825,121162974,ELANE,-,-,-,Un,-,"elastase, neutrophil expressed",protein-coding,-,-,-,neutrophil elastase,20210420,-
130825,121162975,ATCAY,-,-,-,Un,-,ATCAY kinesin light chain interacting caytaxin,protein-coding,-,-,-,caytaxin,20210420,-
130825,121162976,CACTIN,-,-,-,Un,-,"cactin, spliceosome C complex subunit",protein-coding,-,-,-,cactin,20210420,-
130825,121162977,GIPC3,-,-,-,Un,-,GIPC PDZ domain containing family member 3,protein-coding,-,-,-,PDZ domain-containing protein GIPC3,20210420,-
130825,121162978,TLE6,-,-,-,Un,-,"TLE family member 6, subcortical maternal complex member",protein-coding,-,-,-,transducin-like enhancer protein 6,20210420,-
130825,121162979,TMPRSS9,-,-,-,Un,-,transmembrane serine protease 9,protein-coding,-,-,-,transmembrane protease serine 9,20210420,-
130825,121162980,JSRP1,-,-,-,Un,-,junctional sarcoplasmic reticulum protein 1,protein-coding,-,-,-,junctional sarcoplasmic reticulum protein 1,20210420,-
130825,121162981,AMH,-,-,-,Un,-,anti-Mullerian hormone,protein-coding,-,-,-,muellerian-inhibiting factor,20210420,-
130825,121162982,ATP8B3,-,-,-,Un,-,ATPase phospholipid transporting 8B3,protein-coding,-,-,-,phospholipid-transporting ATPase IK,20210420,-
130825,121162983,PLK5,-,-,-,Un,-,polo like kinase 5 (inactive),protein-coding,-,-,-,inactive serine/threonine-protein kinase PLK5,20210420,-
130825,121162984,MED7,-,-,-,Un,-,mediator complex subunit 7,protein-coding,-,-,-,mediator of RNA polymerase II transcription subunit 7,20210420,-
130825,121162985,PCSK4,-,-,-,Un,-,proprotein convertase subtilisin/kexin type 4,protein-coding,-,-,-,proprotein convertase subtilisin/kexin type 4,20210420,-
130825,121162986,FAM174C,-,-,-,Un,-,family with sequence similarity 174 member C,protein-coding,-,-,-,protein FAM174C,20210420,-
130825,121162987,GRIN3B,-,-,-,Un,-,glutamate ionotropic receptor NMDA type subunit 3B,protein-coding,-,-,-,"glutamate receptor ionotropic, NMDA 3B",20210420,-
130825,121162988,KISS1R,-,-,-,Un,-,KISS1 receptor,protein-coding,-,-,-,kiSS-1 receptor,20210420,-
130825,121162989,ANKRD24,-,-,-,Un,-,ankyrin repeat domain 24,protein-coding,-,-,-,ankyrin repeat domain-containing protein 24,20210420,-
130825,121162990,STAP2,-,-,-,Un,-,signal transducing adaptor family member 2,protein-coding,-,-,-,signal-transducing adaptor protein 2,20210420,-
130825,121162991,CHAF1A,-,-,-,Un,-,chromatin assembly factor 1 subunit A,protein-coding,-,-,-,chromatin assembly factor 1 subunit A,20210420,-
130825,121162992,PLIN4,-,-,-,Un,-,perilipin 4,protein-coding,-,-,-,perilipin-4,20210420,-
130825,121162993,PLIN5,-,-,-,Un,-,perilipin 5,protein-coding,-,-,-,perilipin-5,20210420,-
130825,121162994,ARRDC5,-,-,-,Un,-,arrestin domain containing 5,protein-coding,-,-,-,arrestin domain-containing protein 5,20210420,-
130825,121162995,KIF5A,-,-,-,Un,-,kinesin family member 5A,protein-coding,-,-,-,kinesin heavy chain,20210420,-
130825,121162996,ZNRF4,-,-,-,Un,-,zinc and ring finger 4,protein-coding,-,-,-,E3 ubiquitin-protein ligase ZNRF4,20210420,-
130825,121162997,CATSPERD,-,-,-,Un,-,cation channel sperm associated auxiliary subunit delta,protein-coding,-,-,-,cation channel sperm-associated protein subunit delta,20210420,-
130825,121162998,PRR22,-,-,-,Un,-,proline rich 22,protein-coding,-,-,-,proline-rich protein 22,20210420,-
130825,121162999,LOC121162999,-,-,-,Un,-,long-chain-fatty-acid--CoA ligase ACSBG2-like,protein-coding,-,-,-,long-chain-fatty-acid--CoA ligase ACSBG2-like,20210420,-
130825,121163000,PSPN,-,-,-,Un,-,persephin,protein-coding,-,-,-,persephin,20210420,-
130825,121163001,LOC121163001,-,-,-,Un,-,adenylate kinase isoenzyme 1,protein-coding,-,-,-,adenylate kinase isoenzyme 1-like,20210420,-
130825,121163002,TNFSF9,-,-,-,Un,-,TNF superfamily member 9,protein-coding,-,-,-,tumor necrosis factor ligand superfamily member 9,20210420,-
130825,121163003,CD70,-,-,-,Un,-,CD70 molecule,protein-coding,-,-,-,CD70 antigen,20210420,-
130825,121163004,SH2D3A,-,-,-,Un,-,SH2 domain containing 3A,protein-coding,-,-,-,SH2 domain-containing protein 3A,20210420,-
130825,121163005,RTBDN,-,-,-,Un,-,retbindin,protein-coding,-,-,-,retbindin,20210420,-
130825,121163006,DAND5,-,-,-,Un,-,DAN domain BMP antagonist family member 5,protein-coding,-,-,-,DAN domain family member 5,20210420,-
130825,121163007,NANOS3,-,-,-,Un,-,nanos C2HC-type zinc finger 3,protein-coding,-,-,-,nanos homolog 3,20210420,-
130825,121163008,PALM3,-,-,-,Un,-,paralemmin 3,protein-coding,-,-,-,paralemmin-3,20210420,-
130825,121163009,CUNH19orf67,-,-,-,Un,-,chromosome unknown C19orf67 homolog,protein-coding,-,-,-,UPF0575 protein C19orf67 homolog,20210420,-
130825,121163010,CLEC17A,-,-,-,Un,-,C-type lectin domain containing 17A,protein-coding,-,-,-,"C-type lectin domain family 17, member A",20210420,-
130825,121163011,PTCHD3,-,-,-,Un,-,patched domain containing 3,protein-coding,-,-,-,patched domain-containing protein 3,20210420,-
130825,121163012,LOC121163012,-,-,-,Un,-,olfactory receptor 7A17-like,protein-coding,-,-,-,olfactory receptor 7A17-like,20210420,-
130825,121163013,LOC121163013,-,-,-,Un,-,olfactory receptor-like protein OLF4,protein-coding,-,-,-,olfactory receptor-like protein OLF4,20210420,-
130825,121163014,LOC121163014,-,-,-,Un,-,vomeronasal type-2 receptor 116-like,protein-coding,-,-,-,vomeronasal type-2 receptor 116-like,20210420,-
130825,121163015,LOC121163015,-,-,-,Un,-,putative olfactory receptor 7A2,protein-coding,-,-,-,putative olfactory receptor 7A2,20210420,-
130825,121163016,LOC121163016,-,-,-,Un,-,vomeronasal type-2 receptor 116-like,protein-coding,-,-,-,vomeronasal type-2 receptor 116-like,20210420,-
130825,121163017,LOC121163017,-,-,-,Un,-,olfactory receptor 7A17-like,pseudo,-,-,-,-,20210420,-
130825,121163018,LOC121163018,-,-,-,Un,-,olfactory receptor 7A17-like,protein-coding,-,-,-,olfactory receptor 7A17-like,20210420,-
130825,121163019,LOC121163019,-,-,-,Un,-,putative olfactory receptor 7A2,protein-coding,-,-,-,putative olfactory receptor 7A2,20210420,-
130825,121163020,LOC121163020,-,-,-,Un,-,lysosomal alpha-mannosidase-like,protein-coding,-,-,-,lysosomal alpha-mannosidase-like,20210420,-
130825,121163021,LOC121163021,-,-,-,Un,-,olfactory receptor 2Z1-like,protein-coding,-,-,-,olfactory receptor 2Z1-like,20210420,-
130825,121163022,LOC121163022,-,-,-,Un,-,olfactory receptor 1361-like,protein-coding,-,-,-,olfactory receptor 1361-like,20210420,-
130825,121163023,NXNL1,-,-,-,Un,-,nucleoredoxin like 1,protein-coding,-,-,-,nucleoredoxin-like protein 1,20210420,-
130825,121163024,UNC13A,-,-,-,Un,-,unc-13 homolog A,protein-coding,-,-,-,protein unc-13 homolog A,20210420,-
130825,121163025,SLC5A5,-,-,-,Un,-,solute carrier family 5 member 5,protein-coding,-,-,-,sodium/iodide cotransporter,20210420,-
130825,121163026,INHBE,-,-,-,Un,-,inhibin subunit beta E,protein-coding,-,-,-,inhibin beta E chain,20210420,-
130825,121163027,IQCN,-,-,-,Un,-,IQ motif containing N,protein-coding,-,-,-,LOW QUALITY PROTEIN: IQ domain-containing protein N,20210420,-
130825,121163028,TMEM59L,-,-,-,Un,-,transmembrane protein 59 like,protein-coding,-,-,-,transmembrane protein 59-like,20210420,-
130825,121163029,LOC121163029,-,-,-,Un,-,coiled-coil domain-containing protein 194-like,protein-coding,-,-,-,coiled-coil domain-containing protein 194-like,20210420,-
130825,121163030,LOC121163030,-,-,-,Un,-,coiled-coil domain-containing protein 130-like,protein-coding,-,-,-,coiled-coil domain-containing protein 130-like,20210420,-
130825,121163031,CAMSAP3,-,-,-,Un,-,calmodulin regulated spectrin associated protein family member 3,protein-coding,-,-,-,LOW QUALITY PROTEIN: calmodulin-regulated spectrin-associated protein 3,20210420,-
130825,121163032,LOC121163032,-,-,-,Un,-,"protein PET100 homolog, mitochondrial",protein-coding,-,-,-,"protein PET100 homolog, mitochondrial",20210529,-
130825,121163033,PCP2,-,-,-,Un,-,Purkinje cell protein 2,protein-coding,-,-,-,Purkinje cell protein 2 homolog,20210420,-
130825,121163034,LOC121163034,-,-,-,Un,-,CD209 antigen-like protein E,protein-coding,-,-,-,CD209 antigen-like protein E,20210420,-
130825,121163035,EVI5L,-,-,-,Un,-,ecotropic viral integration site 5 like,protein-coding,-,-,-,EVI5-like protein,20210420,-
130825,121163036,INHBC,-,-,-,Un,-,inhibin subunit beta C,protein-coding,-,-,-,inhibin beta C chain,20210420,-
130825,121163037,LRRC8E,-,-,-,Un,-,leucine rich repeat containing 8 VRAC subunit E,protein-coding,-,-,-,volume-regulated anion channel subunit LRRC8E,20210420,-
130825,121163038,TIMM44,-,-,-,Un,-,translocase of inner mitochondrial membrane 44,protein-coding,-,-,-,mitochondrial import inner membrane translocase subunit TIM44,20210420,-
130825,121163039,CCL25,-,-,-,Un,-,C-C motif chemokine ligand 25,protein-coding,-,-,-,C-C motif chemokine 25,20210420,-
130825,121163040,NDUFA7,-,-,-,Un,-,NADH:ubiquinone oxidoreductase subunit A7,protein-coding,-,-,-,NADH dehydrogenase [ubiquinone] 1 alpha subcomplex subunit 7,20210420,-
130825,121163041,RPS28,-,-,-,Un,-,ribosomal protein S28,protein-coding,-,-,-,40S ribosomal protein S28,20210501,-
130825,121163042,ZNF414,-,-,-,Un,-,zinc finger protein 414,protein-coding,-,-,-,zinc finger protein 414,20210420,-
130825,121163043,HOOK2,-,-,-,Un,-,hook microtubule tethering protein 2,protein-coding,-,-,-,protein Hook homolog 2,20210420,-
130825,121163044,STAC3,-,-,-,Un,-,SH3 and cysteine rich domain 3,protein-coding,-,-,-,SH3 and cysteine-rich domain-containing protein 3,20210420,-
130825,121163045,GET3,-,-,-,Un,-,"guided entry of tail-anchored proteins factor 3, ATPase",protein-coding,-,-,-,ATPase GET3,20210420,-
130825,121163046,WDR83OS,-,-,-,Un,-,WD repeat domain 83 opposite strand,protein-coding,-,-,-,PAT complex subunit Asterix,20210529,-
130825,121163047,FBXW9,-,-,-,Un,-,F-box and WD repeat domain containing 9,protein-coding,-,-,-,F-box/WD repeat-containing protein 9,20210420,-
130825,121163048,GNG14,-,-,-,Un,-,G protein subunit gamma 14,protein-coding,-,-,-,putative guanine nucleotide-binding protein G(I)/G(S)/G(O) subunit gamma-14,20210420,-
130825,121163049,PLPP2,-,-,-,Un,-,phospholipid phosphatase 2,protein-coding,-,-,-,phospholipid phosphatase 2,20210420,-
130825,121163050,C2CD4C,-,-,-,Un,-,C2 calcium dependent domain containing 4C,protein-coding,-,-,-,C2 calcium-dependent domain-containing protein 4C,20210420,-
130825,121163051,SHC2,-,-,-,Un,-,SHC adaptor protein 2,protein-coding,-,-,-,SHC-transforming protein 2,20210420,-
130825,121163052,NDUFA4L2,-,-,-,Un,-,NDUFA4 mitochondrial complex associated like 2,protein-coding,-,-,-,NADH dehydrogenase [ubiquinone] 1 alpha subcomplex subunit 4-like 2,20210420,-
130825,121163053,TPGS1,-,-,-,Un,-,tubulin polyglutamylase complex subunit 1,protein-coding,-,-,-,tubulin polyglutamylase complex subunit 1,20210420,-
130825,121163054,HCN2,-,-,-,Un,-,hyperpolarization activated cyclic nucleotide gated potassium and sodium channel 2,protein-coding,-,-,-,potassium/sodium hyperpolarization-activated cyclic nucleotide-gated channel 2,20210420,-
130825,121163055,FGF22,-,-,-,Un,-,fibroblast growth factor 22,protein-coding,-,-,-,fibroblast growth factor 22,20210420,-
130825,121163056,RNF126,-,-,-,Un,-,ring finger protein 126,protein-coding,-,-,-,E3 ubiquitin-protein ligase RNF126,20210420,-
130825,121163057,FSTL3,-,-,-,Un,-,follistatin like 3,protein-coding,-,-,-,follistatin-related protein 3,20210420,-
130825,121163058,PRSS57,-,-,-,Un,-,serine protease 57,protein-coding,-,-,-,serine protease 57,20210420,-
130825,121163059,LOC121163059,-,-,-,Un,-,complement factor D-like,protein-coding,-,-,-,complement factor D-like,20210420,-
130825,121163060,NXPH4,-,-,-,Un,-,neurexophilin 4,protein-coding,-,-,-,neurexophilin-4,20210420,-
130825,121163061,NMRK2,-,-,-,Un,-,nicotinamide riboside kinase 2,protein-coding,-,-,-,nicotinamide riboside kinase 2,20210420,-
130825,121163062,TJP3,-,-,-,Un,-,tight junction protein 3,protein-coding,-,-,-,tight junction protein ZO-3,20210420,-
130825,121163063,HMG20B,-,-,-,Un,-,high mobility group 20B,protein-coding,-,-,-,SWI/SNF-related matrix-associated actin-dependent regulator of chromatin subfamily E member 1-related,20210420,-
130825,121163064,SMIM24,-,-,-,Un,-,small integral membrane protein 24,protein-coding,-,-,-,small integral membrane protein 24,20210420,-
130825,121163065,GNG7,-,-,-,Un,-,G protein subunit gamma 7,protein-coding,-,-,-,guanine nucleotide-binding protein G(I)/G(S)/G(O) subunit gamma-7,20210420,-
130825,121163066,GADD45B,-,-,-,Un,-,growth arrest and DNA damage inducible beta,protein-coding,-,-,-,growth arrest and DNA damage-inducible protein GADD45 beta,20210420,-
130825,121163067,TIMM13,-,-,-,Un,-,translocase of inner mitochondrial membrane 13,protein-coding,-,-,-,mitochondrial import inner membrane translocase subunit Tim13,20210420,-
130825,121163068,LSM7,-,-,-,Un,-,"LSM7 homolog, U6 small nuclear RNA and mRNA degradation associated",protein-coding,-,-,-,U6 snRNA-associated Sm-like protein LSm7,20210420,-
130825,121163069,LOC121163069,-,-,-,Un,-,uncharacterized LOC121163069,ncRNA,-,-,-,-,20210420,-
130825,121163070,ONECUT3,-,-,-,Un,-,one cut homeobox 3,protein-coding,-,-,-,one cut domain family member 3,20210420,-
130825,121163071,LOC121163071,-,-,-,Un,-,retinol dehydrogenase 16-like,protein-coding,-,-,-,retinol dehydrogenase 16-like,20210420,-
130825,121163072,ADAMTSL5,-,-,-,Un,-,ADAMTS like 5,protein-coding,-,-,-,ADAMTS-like protein 5,20210420,-
130825,121163073,REEP6,-,-,-,Un,-,receptor accessory protein 6,protein-coding,-,-,-,receptor expression-enhancing protein 6,20210420,-
130825,121163074,CUNH19orf25,-,-,-,Un,-,chromosome unknown C19orf25 homolog,protein-coding,-,-,-,UPF0449 protein C19orf25 homolog,20210420,-
130825,121163075,RPS15,-,-,-,Un,-,ribosomal protein S15,protein-coding,-,-,-,40S ribosomal protein S15,20210420,-
130825,121163076,GAMT,-,-,-,Un,-,guanidinoacetate N-methyltransferase,protein-coding,-,-,-,guanidinoacetate N-methyltransferase,20210420,-
130825,121163077,NDUFS7,-,-,-,Un,-,NADH:ubiquinone oxidoreductase core subunit S7,protein-coding,-,-,-,"NADH dehydrogenase [ubiquinone] iron-sulfur protein 7, mitochondrial",20210420,-
130825,121163078,EFNA2,-,-,-,Un,-,ephrin A2,protein-coding,-,-,-,ephrin-A2,20210420,-
130825,121163079,ATP5F1D,-,-,-,Un,-,ATP synthase F1 subunit delta,protein-coding,-,-,-,"ATP synthase subunit delta, mitochondrial",20210420,-
130825,121163080,WDR18,-,-,-,Un,-,WD repeat domain 18,protein-coding,-,-,-,WD repeat-containing protein 18,20210420,-
130825,121163081,LOC121163081,-,-,-,Un,-,retinol dehydrogenase 16-like,protein-coding,-,-,-,retinol dehydrogenase 16-like,20210420,-
130825,121163082,SHD,-,-,-,Un,-,Src homology 2 domain containing transforming protein D,protein-coding,-,-,-,SH2 domain-containing adapter protein D,20210420,-
130825,121163083,FSD1,-,-,-,Un,-,fibronectin type III and SPRY domain containing 1,protein-coding,-,-,-,fibronectin type III and SPRY domain-containing protein 1,20210420,-
130825,121163084,TNFAIP8L1,-,-,-,Un,-,TNF alpha induced protein 8 like 1,protein-coding,-,-,-,tumor necrosis factor alpha-induced protein 8-like protein 1,20210420,-
130825,121163085,MYDGF,-,-,-,Un,-,myeloid derived growth factor,protein-coding,-,-,-,myeloid-derived growth factor,20210420,-
130825,121163086,UHRF1,-,-,-,Un,-,ubiquitin like with PHD and ring finger domains 1,protein-coding,-,-,-,E3 ubiquitin-protein ligase UHRF1,20210420,-
130825,121163087,LOC121163087,-,-,-,Un,-,multivesicular body subunit 12A-like,protein-coding,-,-,-,multivesicular body subunit 12A-like,20210420,-
130825,121163088,LOC121163088,-,-,-,Un,-,leydig cell tumor 10 kDa protein homolog,protein-coding,-,-,-,leydig cell tumor 10 kDa protein homolog,20210420,-
130825,121163089,LOC121163089,-,-,-,Un,-,methylthioribose-1-phosphate isomerase-like,protein-coding,-,-,-,methylthioribose-1-phosphate isomerase-like,20210420,-
130825,121163090,LOC121163090,-,-,-,Un,-,methylthioribose-1-phosphate isomerase-like,protein-coding,-,-,-,methylthioribose-1-phosphate isomerase-like,20210420,-
130825,121163091,LOC121163091,-,-,-,Un,-,coiled-coil domain-containing protein 130-like,protein-coding,-,-,-,coiled-coil domain-containing protein 130-like,20210420,-
130825,121163092,SDR9C7,-,-,-,Un,-,short chain dehydrogenase/reductase family 9C member 7,protein-coding,-,-,-,short-chain dehydrogenase/reductase family 9C member 7,20210420,-
130825,121163093,LOC121163093,-,-,-,Un,-,methylthioribose-1-phosphate isomerase-like,protein-coding,-,-,-,methylthioribose-1-phosphate isomerase-like,20210420,-
130825,121163094,LOC121163094,-,-,-,Un,-,coiled-coil domain-containing protein 130-like,protein-coding,-,-,-,coiled-coil domain-containing protein 130-like,20210420,-
130825,121163095,LOC121163095,-,-,-,Un,-,methylthioribose-1-phosphate isomerase-like,protein-coding,-,-,-,methylthioribose-1-phosphate isomerase-like,20210420,-
130825,121163096,LOC121163096,-,-,-,Un,-,coiled-coil domain-containing protein 130-like,protein-coding,-,-,-,coiled-coil domain-containing protein 130-like,20210420,-
130825,121163097,LOC121163097,-,-,-,Un,-,methylthioribose-1-phosphate isomerase-like,protein-coding,-,-,-,methylthioribose-1-phosphate isomerase-like,20210420,-
130825,121163098,LOC121163098,-,-,-,Un,-,methylthioribose-1-phosphate isomerase-like,protein-coding,-,-,-,methylthioribose-1-phosphate isomerase-like,20210420,-
130825,121163099,LOC121163099,-,-,-,Un,-,coiled-coil domain-containing protein 130-like,protein-coding,-,-,-,coiled-coil domain-containing protein 130-like,20210420,-
130825,121163100,LOC121163100,-,-,-,Un,-,methylthioribose-1-phosphate isomerase-like,protein-coding,-,-,-,methylthioribose-1-phosphate isomerase-like,20210420,-
130825,121163101,LOC121163101,-,-,-,Un,-,coiled-coil domain-containing protein 130-like,protein-coding,-,-,-,coiled-coil domain-containing protein 130-like,20210420,-
130825,121163102,LOC121163102,-,-,-,Un,-,methylthioribose-1-phosphate isomerase-like,protein-coding,-,-,-,methylthioribose-1-phosphate isomerase-like,20210420,-
130825,121163103,LOC121163103,-,-,-,Un,-,uncharacterized LOC121163103,protein-coding,-,-,-,uncharacterized protein LOC121163103,20210420,-
130825,121163104,LOC121163104,-,-,-,Un,-,coiled-coil domain-containing protein 130-like,protein-coding,-,-,-,coiled-coil domain-containing protein 130-like,20210420,-
130825,121163105,LOC121163105,-,-,-,Un,-,methylthioribose-1-phosphate isomerase-like,protein-coding,-,-,-,methylthioribose-1-phosphate isomerase-like,20210420,-
130825,121163106,LOC121163106,-,-,-,Un,-,coiled-coil domain-containing protein 130-like,protein-coding,-,-,-,coiled-coil domain-containing protein 130-like,20210420,-
130825,121163107,LOC121163107,-,-,-,Un,-,methylthioribose-1-phosphate isomerase-like,protein-coding,-,-,-,methylthioribose-1-phosphate isomerase-like,20210420,-
130825,121163108,INSR,-,-,-,Un,-,insulin receptor,protein-coding,-,-,-,insulin receptor,20210420,-
130825,121163109,ARHGEF18,-,-,-,Un,-,Rho/Rac guanine nucleotide exchange factor 18,protein-coding,-,-,-,rho guanine nucleotide exchange factor 18,20210420,-
130825,121163110,PEX11G,-,-,-,Un,-,peroxisomal biogenesis factor 11 gamma,protein-coding,-,-,-,peroxisomal membrane protein 11C,20210420,-
130825,121163111,MCOLN1,-,-,-,Un,-,mucolipin TRP cation channel 1,protein-coding,-,-,-,mucolipin-1,20210420,-
130825,121163112,ZNF358,-,-,-,Un,-,zinc finger protein 358,protein-coding,-,-,-,zinc finger protein 358,20210420,-
130825,121163113,IL23A,-,-,-,Un,-,interleukin 23 subunit alpha,protein-coding,-,-,-,interleukin-23 subunit alpha,20210420,-
130825,121163114,PNPLA6,-,-,-,Un,-,patatin like phospholipase domain containing 6,protein-coding,-,-,-,patatin-like phospholipase domain-containing protein 6,20210420,-
130825,121163115,XAB2,-,-,-,Un,-,XPA binding protein 2,protein-coding,-,-,-,pre-mRNA-splicing factor SYF1,20210420,-
130825,121163116,STXBP2,-,-,-,Un,-,syntaxin binding protein 2,protein-coding,-,-,-,syntaxin-binding protein 2,20210420,-
130825,121163117,RETN,-,-,-,Un,-,resistin,protein-coding,-,-,-,resistin,20210420,-
130825,121163118,FCER2,-,-,-,Un,-,Fc fragment of IgE receptor II,protein-coding,-,-,-,low affinity immunoglobulin epsilon Fc receptor,20210420,-
130825,121163119,CNPY2,-,-,-,Un,-,canopy FGF signaling regulator 2,protein-coding,-,-,-,protein canopy homolog 2,20210420,-
130825,121163120,TRAPPC5,-,-,-,Un,-,trafficking protein particle complex subunit 5,protein-coding,-,-,-,trafficking protein particle complex subunit 5,20210420,-
130825,121163121,MAP2K7,-,-,-,Un,-,mitogen-activated protein kinase kinase 7,protein-coding,-,-,-,dual specificity mitogen-activated protein kinase kinase 7,20210420,-
130825,121163122,CTXN1,-,-,-,Un,-,cortexin 1,protein-coding,-,-,-,cortexin-1,20210424,-
130825,121163123,ELAVL1,-,-,-,Un,-,ELAV like RNA binding protein 1,protein-coding,-,-,-,ELAV-like protein 1,20210420,-
130825,121163124,CERS4,-,-,-,Un,-,ceramide synthase 4,protein-coding,-,-,-,ceramide synthase 4,20210420,-
130825,121163125,ANGPTL4,-,-,-,Un,-,angiopoietin like 4,protein-coding,-,-,-,angiopoietin-related protein 4,20210420,-
130825,121163126,RAB11B,-,-,-,Un,-,"RAB11B, member RAS oncogene family",protein-coding,-,-,-,ras-related protein Rab-11B,20210420,-
130825,121163127,HNRNPM,-,-,-,Un,-,heterogeneous nuclear ribonucleoprotein M,protein-coding,-,-,-,heterogeneous nuclear ribonucleoprotein M,20210420,-
130825,121163128,PRAM1,-,-,-,Un,-,PML-RARA regulated adaptor molecule 1,protein-coding,-,-,-,PML-RARA-regulated adapter molecule 1,20210420,-
130825,121163129,NABP2,-,-,-,Un,-,nucleic acid binding protein 2,protein-coding,-,-,-,SOSS complex subunit B1,20210420,-
130825,121163130,MARCHF2,-,-,-,Un,-,membrane associated ring-CH-type finger 2,protein-coding,-,-,-,E3 ubiquitin-protein ligase MARCHF2,20210420,-
130825,121163131,ADAMTS10,-,-,-,Un,-,ADAM metallopeptidase with thrombospondin type 1 motif 10,protein-coding,-,-,-,A disintegrin and metalloproteinase with thrombospondin motifs 10,20210420,-
130825,121163132,MYO1F,-,-,-,Un,-,myosin IF,protein-coding,-,-,-,unconventional myosin-If,20210420,-
130825,121163133,TRIR,-,-,-,Un,-,telomerase RNA component interacting RNase,protein-coding,-,-,-,telomerase RNA component interacting RNase,20210420,-
130825,121163134,TNPO2,-,-,-,Un,-,transportin 2,protein-coding,-,-,-,transportin-2,20210420,-
130825,121163135,LOC121163135,-,-,-,Un,-,uncharacterized LOC121163135,ncRNA,-,-,-,-,20210420,-
130825,121163136,DHPS,-,-,-,Un,-,deoxyhypusine synthase,protein-coding,-,-,-,deoxyhypusine synthase,20210420,-
130825,121163137,WDR83,-,-,-,Un,-,WD repeat domain 83,protein-coding,-,-,-,WD repeat domain-containing protein 83,20210420,-
130825,121163138,MAN2B1,-,-,-,Un,-,mannosidase alpha class 2B member 1,protein-coding,-,-,-,lysosomal alpha-mannosidase,20210420,-
130825,121163139,LOC121163139,-,-,-,Un,-,ubiquitin-40S ribosomal protein S27a-like,pseudo,-,-,-,-,20210420,-
130825,121163140,NOTCH3,-,-,-,Un,-,notch receptor 3,protein-coding,-,-,-,neurogenic locus notch homolog protein 3,20210420,-
130825,121163141,BRD4,-,-,-,Un,-,bromodomain containing 4,protein-coding,-,-,-,bromodomain-containing protein 4,20210420,-
130825,121163142,SYDE1,-,-,-,Un,-,synapse defective Rho GTPase homolog 1,protein-coding,-,-,-,rho GTPase-activating protein SYDE1,20210420,-
130825,121163143,ILVBL,-,-,-,Un,-,ilvB acetolactate synthase like,protein-coding,-,-,-,2-hydroxyacyl-CoA lyase 2,20210420,-
130825,121163144,SLC1A6,-,-,-,Un,-,solute carrier family 1 member 6,protein-coding,-,-,-,excitatory amino acid transporter 4,20210420,-
130825,121163145,EPHX3,-,-,-,Un,-,epoxide hydrolase 3,protein-coding,-,-,-,epoxide hydrolase 3,20210420,-
130825,121163146,CASP14,-,-,-,Un,-,caspase 14,protein-coding,-,-,-,caspase-14,20210420,-
130825,121163147,AKAP8,-,-,-,Un,-,A-kinase anchoring protein 8,protein-coding,-,-,-,A-kinase anchor protein 8,20210420,-
130825,121163148,PMEL,-,-,-,Un,-,premelanosome protein,protein-coding,-,-,-,melanocyte protein PMEL,20210420,-
130825,121163149,AKAP8L,-,-,-,Un,-,A-kinase anchoring protein 8 like,protein-coding,-,-,-,A-kinase anchor protein 8-like,20210420,-
130825,121163150,WIZ,-,-,-,Un,-,WIZ zinc finger,protein-coding,-,-,-,LOW QUALITY PROTEIN: protein Wiz,20210420,-
130825,121163151,RASAL3,-,-,-,Un,-,RAS protein activator like 3,protein-coding,-,-,-,RAS protein activator like-3,20210420,-
130825,121163152,LOC121163152,-,-,-,Un,-,cytochrome P450 4F3-like,protein-coding,-,-,-,cytochrome P450 4F3-like,20210420,-
130825,121163153,LOC121163153,-,-,-,Un,-,cytochrome P450 4F22,protein-coding,-,-,-,cytochrome P450 4F22,20210420,-
130825,121163154,MIER2,-,-,-,Un,-,MIER family member 2,protein-coding,-,-,-,mesoderm induction early response protein 2,20210420,-
130825,121163155,CDC34,-,-,-,Un,-,"cell division cycle 34, ubiqiutin conjugating enzyme",protein-coding,-,-,-,ubiquitin-conjugating enzyme E2 R1,20210420,-
130825,121163156,BSG,-,-,-,Un,-,basigin (Ok blood group),protein-coding,-,-,-,basigin,20210420,-
130825,121163157,POLRMT,-,-,-,Un,-,RNA polymerase mitochondrial,protein-coding,-,-,-,"DNA-directed RNA polymerase, mitochondrial",20210420,-
130825,121163158,PLPPR3,-,-,-,Un,-,phospholipid phosphatase related 3,protein-coding,-,-,-,phospholipid phosphatase-related protein type 3,20210420,-
130825,121163159,PTBP1,-,-,-,Un,-,polypyrimidine tract binding protein 1,protein-coding,-,-,-,polypyrimidine tract-binding protein 1,20210420,-
130825,121163160,DAPK3,-,-,-,Un,-,death associated protein kinase 3,protein-coding,-,-,-,death-associated protein kinase 3,20210420,-
130825,121163161,APBA3,-,-,-,Un,-,amyloid beta precursor protein binding family A member 3,protein-coding,-,-,-,amyloid-beta A4 precursor protein-binding family A member 3,20210420,-
130825,121163162,MATK,-,-,-,Un,-,megakaryocyte-associated tyrosine kinase,protein-coding,-,-,-,megakaryocyte-associated tyrosine-protein kinase,20210420,-
130825,121163163,MRPL54,-,-,-,Un,-,mitochondrial ribosomal protein L54,protein-coding,-,-,-,"39S ribosomal protein L54, mitochondrial",20210420,-
130825,121163164,PIP5K1C,-,-,-,Un,-,phosphatidylinositol-4-phosphate 5-kinase type 1 gamma,protein-coding,-,-,-,phosphatidylinositol 4-phosphate 5-kinase type-1 gamma,20210420,-
130825,121163165,CD63,-,-,-,Un,-,CD63 molecule,protein-coding,-,-,-,CD63 antigen,20210420,-
130825,121163166,TBXA2R,-,-,-,Un,-,thromboxane A2 receptor,protein-coding,-,-,-,thromboxane A2 receptor,20210420,-
130825,121163167,LOC121163167,-,-,-,Un,-,uncharacterized LOC121163167,ncRNA,-,-,-,-,20210420,-
130825,121163168,MFSD12,-,-,-,Un,-,major facilitator superfamily domain containing 12,protein-coding,-,-,-,major facilitator superfamily domain-containing protein 12,20210420,-
130825,121163169,CUNH19orf71,-,-,-,Un,-,chromosome unknown C19orf71 homolog,protein-coding,-,-,-,uncharacterized protein C19orf71 homolog,20210420,-
130825,121163170,FZR1,-,-,-,Un,-,fizzy and cell division cycle 20 related 1,protein-coding,-,-,-,fizzy-related protein homolog,20210420,-
130825,121163171,DOHH,-,-,-,Un,-,deoxyhypusine hydroxylase,protein-coding,-,-,-,deoxyhypusine hydroxylase,20210420,-
130825,121163172,NFIC,-,-,-,Un,-,nuclear factor I C,protein-coding,-,-,-,nuclear factor 1 C-type,20210420,-
130825,121163173,NCLN,-,-,-,Un,-,nicalin,protein-coding,-,-,-,nicalin,20210420,-
130825,121163174,ITGA7,-,-,-,Un,-,integrin subunit alpha 7,protein-coding,-,-,-,integrin alpha-7,20210420,-
130825,121163175,CELF5,-,-,-,Un,-,CUGBP Elav-like family member 5,protein-coding,-,-,-,CUGBP Elav-like family member 5,20210420,-
130825,121163176,HAVCR2,-,-,-,Un,-,hepatitis A virus cellular receptor 2,protein-coding,-,-,-,hepatitis A virus cellular receptor 2,20210420,-
130825,121163177,GNA15,-,-,-,Un,-,G protein subunit alpha 15,protein-coding,-,-,-,guanine nucleotide-binding protein subunit alpha-15,20210420,-
130825,121163178,GNA11,-,-,-,Un,-,G protein subunit alpha 11,protein-coding,-,-,-,guanine nucleotide-binding protein subunit alpha-11,20210420,-
130825,121163179,TLE2,-,-,-,Un,-,"TLE family member 2, transcriptional corepressor",protein-coding,-,-,-,transducin-like enhancer protein 2,20210420,-
130825,121163180,TLE5,-,-,-,Un,-,"TLE family member 5, transcriptional modulator",protein-coding,-,-,-,TLE family member 5,20210420,-
130825,121163181,THOP1,-,-,-,Un,-,thimet oligopeptidase 1,protein-coding,-,-,-,thimet oligopeptidase,20210420,-
130825,121163182,SLC39A3,-,-,-,Un,-,solute carrier family 39 member 3,protein-coding,-,-,-,zinc transporter ZIP3,20210420,-
130825,121163183,SGTA,-,-,-,Un,-,small glutamine rich tetratricopeptide repeat co-chaperone alpha,protein-coding,-,-,-,small glutamine-rich tetratricopeptide repeat-containing protein alpha,20210420,-
130825,121163184,DIRAS1,-,-,-,Un,-,DIRAS family GTPase 1,protein-coding,-,-,-,GTP-binding protein Di-Ras1,20210420,-
130825,121163185,LMNB2,-,-,-,Un,-,lamin B2,protein-coding,-,-,-,lamin-B2,20210420,-
130825,121163186,SPPL2B,-,-,-,Un,-,signal peptide peptidase like 2B,protein-coding,-,-,-,signal peptide peptidase-like 2B,20210420,-
130825,121163187,METTL7B,-,-,-,Un,-,methyltransferase like 7B,protein-coding,-,-,-,methyltransferase-like protein 7B,20210420,-
130825,121163188,LINGO3,-,-,-,Un,-,leucine rich repeat and Ig domain containing 3,protein-coding,-,-,-,leucine-rich repeat and immunoglobulin-like domain-containing nogo receptor-interacting protein 3,20210420,-
130825,121163189,PEAK3,-,-,-,Un,-,PEAK family member 3,protein-coding,-,-,-,protein PEAK3,20210420,-
130825,121163190,OAZ1,-,-,-,Un,-,ornithine decarboxylase antizyme 1,protein-coding,-,-,-,LOW QUALITY PROTEIN: ornithine decarboxylase antizyme 1,20210420,-
130825,121163191,DOT1L,-,-,-,Un,-,DOT1 like histone lysine methyltransferase,protein-coding,-,-,-,"histone-lysine N-methyltransferase, H3 lysine-79 specific",20210420,-
130825,121163192,SF3A2,-,-,-,Un,-,splicing factor 3a subunit 2,protein-coding,-,-,-,splicing factor 3A subunit 2,20210420,-
130825,121163193,PLEKHJ1,-,-,-,Un,-,pleckstrin homology domain containing J1,protein-coding,-,-,-,pleckstrin homology domain-containing family J member 1,20210420,-
130825,121163194,AP3D1,-,-,-,Un,-,adaptor related protein complex 3 subunit delta 1,protein-coding,-,-,-,AP-3 complex subunit delta-1,20210420,-
130825,121163195,LOC121163195,-,-,-,Un,-,olfactory receptor 2AP1-like,protein-coding,-,-,-,olfactory receptor 2AP1-like,20210420,-
130825,121163196,MKNK2,-,-,-,Un,-,MAPK interacting serine/threonine kinase 2,protein-coding,-,-,-,MAP kinase-interacting serine/threonine-protein kinase 2,20210420,-
130825,121163197,MOB3A,-,-,-,Un,-,MOB kinase activator 3A,protein-coding,-,-,-,MOB kinase activator 3A,20210420,-
130825,121163198,IZUMO4,-,-,-,Un,-,IZUMO family member 4,protein-coding,-,-,-,izumo sperm-egg fusion protein 4,20210420,-
130825,121163199,BTBD2,-,-,-,Un,-,BTB domain containing 2,protein-coding,-,-,-,BTB/POZ domain-containing protein 2,20210420,-
130825,121163200,CSNK1G2,-,-,-,Un,-,casein kinase 1 gamma 2,protein-coding,-,-,-,casein kinase I,20210420,-
130825,121163201,ADAT3,-,-,-,Un,-,adenosine deaminase tRNA specific 3,protein-coding,-,-,-,probable inactive tRNA-specific adenosine deaminase-like protein 3,20210420,-
130825,121163202,SCAMP4,-,-,-,Un,-,secretory carrier membrane protein 4,protein-coding,-,-,-,secretory carrier-associated membrane protein 4,20210420,-
130825,121163203,LOC121163203,-,-,-,Un,-,olfactory receptor 6C4,protein-coding,-,-,-,olfactory receptor 6C4,20210420,-
130825,121163204,ABHD17A,-,-,-,Un,-,"abhydrolase domain containing 17A, depalmitoylase",protein-coding,-,-,-,alpha/beta hydrolase domain-containing protein 17A,20210420,-
130825,121163205,REXO1,-,-,-,Un,-,RNA exonuclease 1 homolog,protein-coding,-,-,-,RNA exonuclease 1 homolog,20210420,-
130825,121163206,KLF16,-,-,-,Un,-,Kruppel like factor 16,protein-coding,-,-,-,Krueppel-like factor 16,20210420,-
130825,121163207,MEX3D,-,-,-,Un,-,mex-3 RNA binding family member D,protein-coding,-,-,-,RNA-binding protein MEX3D,20210420,-
130825,121163208,TCF3,-,-,-,Un,-,transcription factor 3,protein-coding,-,-,-,transcription factor E2-alpha,20210420,-
130825,121163209,LOC121163209,-,-,-,Un,-,olfactory receptor 6C2-like,protein-coding,-,-,-,olfactory receptor 6C2-like,20210420,-
130825,121163210,MBD3,-,-,-,Un,-,methyl-CpG binding domain protein 3,protein-coding,-,-,-,methyl-CpG-binding domain protein 3,20210420,-
130825,121163211,LOC121163211,-,-,-,Un,-,cytochrome b-c1 complex subunit 10,protein-coding,-,-,-,cytochrome b-c1 complex subunit 10,20210420,-
130825,121163212,APC2,-,-,-,Un,-,APC regulator of WNT signaling pathway 2,protein-coding,-,-,-,adenomatous polyposis coli protein 2,20210420,-
130825,121163213,DAZAP1,-,-,-,Un,-,DAZ associated protein 1,protein-coding,-,-,-,DAZ-associated protein 1,20210420,-
130825,121163214,LOC121163214,-,-,-,Un,-,olfactory receptor 6C2-like,protein-coding,-,-,-,olfactory receptor 6C2-like,20210420,-
130825,121163215,PWWP3A,-,-,-,Un,-,"PWWP domain containing 3A, DNA repair factor",protein-coding,-,-,-,PWWP domain-containing DNA repair factor 3A,20210420,-
130825,121163216,LOC121163216,-,-,-,Un,-,cold inducible RNA binding protein,protein-coding,-,-,-,cold-inducible RNA-binding protein,20210420,-
130825,121163217,MIDN,-,-,-,Un,-,midnolin,protein-coding,-,-,-,midnolin,20210420,-
130825,121163218,LOC121163218,-,-,-,Un,-,CACN subunit beta associated regulatory protein,protein-coding,-,-,-,voltage-dependent calcium channel beta subunit-associated regulatory protein,20210420,-
130825,121163219,STK11,-,-,-,Un,-,serine/threonine kinase 11,protein-coding,-,-,-,serine/threonine-protein kinase STK11,20210420,-
130825,121163220,SBNO2,-,-,-,Un,-,strawberry notch homolog 2,protein-coding,-,-,-,protein strawberry notch homolog 2,20210420,-
130825,121163221,LOC121163221,-,-,-,Un,-,olfactory receptor 6C2-like,protein-coding,-,-,-,olfactory receptor 6C2-like,20210420,-
130825,121163222,GPX4,-,-,-,Un,-,glutathione peroxidase 4,protein-coding,-,-,-,phospholipid hydroperoxide glutathione peroxidase,20210420,-
130825,121163223,ARHGAP45,-,-,-,Un,-,Rho GTPase activating protein 45,protein-coding,-,-,-,rho GTPase-activating protein 45,20210420,-
130825,121163224,POLR2E,-,-,-,Un,-,"RNA polymerase II, I and III subunit E",protein-coding,-,-,-,"DNA-directed RNA polymerases I, II, and III subunit RPABC1",20210529,-
130825,121163225,ABCA7,-,-,-,Un,-,ATP binding cassette subfamily A member 7,protein-coding,-,-,-,phospholipid-transporting ATPase ABCA7,20210420,-
130825,121163226,CNN2,-,-,-,Un,-,calponin 2,protein-coding,-,-,-,calponin-2,20210420,-
130825,121163227,LOC121163227,-,-,-,Un,-,olfactory receptor 6C2-like,protein-coding,-,-,-,olfactory receptor 6C2-like,20210420,-
130825,121163228,TMEM259,-,-,-,Un,-,transmembrane protein 259,protein-coding,-,-,-,membralin,20210420,-
130825,121163229,ARID3A,-,-,-,Un,-,AT-rich interaction domain 3A,protein-coding,-,-,-,AT-rich interactive domain-containing protein 3A,20210420,-
130825,121163230,R3HDM4,-,-,-,Un,-,R3H domain containing 4,protein-coding,-,-,-,R3H domain-containing protein 4,20210420,-
130825,121163231,MED16,-,-,-,Un,-,mediator complex subunit 16,protein-coding,-,-,-,mediator of RNA polymerase II transcription subunit 16,20210420,-
130825,121163232,EEF2,-,-,-,Un,-,eukaryotic translation elongation factor 2,protein-coding,-,-,-,elongation factor 2,20210420,-
130825,121163233,PIAS4,-,-,-,Un,-,protein inhibitor of activated STAT 4,protein-coding,-,-,-,E3 SUMO-protein ligase PIAS4,20210420,-
130825,121163234,ZBTB7A,-,-,-,Un,-,zinc finger and BTB domain containing 7A,protein-coding,-,-,-,zinc finger and BTB domain-containing protein 7A,20210420,-
130825,121163235,MAP2K2,-,-,-,Un,-,mitogen-activated protein kinase kinase 2,protein-coding,-,-,-,dual specificity mitogen-activated protein kinase kinase 2,20210420,-
130825,121163236,LOC121163236,-,-,-,Un,-,olfactory receptor 6C68-like,protein-coding,-,-,-,olfactory receptor 6C68-like,20210420,-
130825,121163237,CREB3L3,-,-,-,Un,-,cAMP responsive element binding protein 3 like 3,protein-coding,-,-,-,cyclic AMP-responsive element-binding protein 3-like protein 3,20210420,-
130825,121163238,SIRT6,-,-,-,Un,-,sirtuin 6,protein-coding,-,-,-,NAD-dependent protein deacetylase sirtuin-6,20210420,-
130825,121163239,YJU2,-,-,-,Un,-,YJU2 splicing factor homolog,protein-coding,-,-,-,splicing factor YJU2,20210420,-
130825,121163240,EBI3,-,-,-,Un,-,Epstein-Barr virus induced 3,protein-coding,-,-,-,interleukin-27 subunit beta,20210420,-
130825,121163241,SEMA6B,-,-,-,Un,-,semaphorin 6B,protein-coding,-,-,-,semaphorin-6B,20210420,-
130825,121163242,HDGFL2,-,-,-,Un,-,HDGF like 2,protein-coding,-,-,-,hepatoma-derived growth factor-related protein 2,20210420,-
130825,121163243,LOC121163243,-,-,-,Un,-,olfactory receptor 6C65,protein-coding,-,-,-,olfactory receptor 6C65,20210420,-
130825,121163244,MPND,-,-,-,Un,-,MPN domain containing,protein-coding,-,-,-,MPN domain-containing protein,20210420,-
130825,121163245,UBXN6,-,-,-,Un,-,UBX domain protein 6,protein-coding,-,-,-,UBX domain-containing protein 6,20210420,-
130825,121163246,SH3GL1,-,-,-,Un,-,"SH3 domain containing GRB2 like 1, endophilin A2",protein-coding,-,-,-,endophilin-A2,20210420,-
130825,121163247,LRG1,-,-,-,Un,-,leucine rich alpha-2-glycoprotein 1,protein-coding,-,-,-,leucine-rich alpha-2-glycoprotein,20210420,-
130825,121163248,DPP9,-,-,-,Un,-,dipeptidyl peptidase 9,protein-coding,-,-,-,dipeptidyl peptidase 9,20210420,-
130825,121163249,LOC121163249,-,-,-,Un,-,olfactory receptor 6C76-like,protein-coding,-,-,-,olfactory receptor 6C76-like,20210420,-
130825,121163250,FEM1A,-,-,-,Un,-,fem-1 homolog A,protein-coding,-,-,-,protein fem-1 homolog A,20210420,-
130825,121163251,TICAM1,-,-,-,Un,-,toll like receptor adaptor molecule 1,protein-coding,-,-,-,TIR domain-containing adapter molecule 1,20210420,-
130825,121163252,PLIN3,-,-,-,Un,-,perilipin 3,protein-coding,-,-,-,perilipin-3,20210420,-
130825,121163253,KDM4B,-,-,-,Un,-,lysine demethylase 4B,protein-coding,-,-,-,lysine-specific demethylase 4B,20210420,-
130825,121163254,PTPRS,-,-,-,Un,-,protein tyrosine phosphatase receptor type S,protein-coding,-,-,-,receptor-type tyrosine-protein phosphatase S,20210420,-
130825,121163255,CACNA1A,-,-,-,Un,-,calcium voltage-gated channel subunit alpha1 A,protein-coding,-,-,-,voltage-dependent P/Q-type calcium channel subunit alpha-1A,20210420,-
130825,121163256,LOC121163256,-,-,-,Un,-,olfactory receptor 6C75,protein-coding,-,-,-,olfactory receptor 6C75,20210420,-
130825,121163257,MYO9B,-,-,-,Un,-,myosin IXB,protein-coding,-,-,-,unconventional myosin-IXb,20210420,-
130825,121163258,C3,-,-,-,Un,-,complement C3,protein-coding,-,-,-,complement C3,20210420,-
130825,121163259,ADGRL1,-,-,-,Un,-,adhesion G protein-coupled receptor L1,protein-coding,-,-,-,adhesion G protein-coupled receptor L1,20210420,-
130825,121163260,NWD1,-,-,-,Un,-,NACHT and WD repeat domain containing 1,protein-coding,-,-,-,NACHT domain- and WD repeat-containing protein 1,20210420,-
130825,121163261,MAST3,-,-,-,Un,-,microtubule associated serine/threonine kinase 3,protein-coding,-,-,-,microtubule-associated serine/threonine-protein kinase 3,20210420,-
130825,121163262,LOC121163262,-,-,-,Un,-,olfactory receptor 6C3-like,protein-coding,-,-,-,olfactory receptor 6C3-like,20210420,-
130825,121163263,MAST1,-,-,-,Un,-,microtubule associated serine/threonine kinase 1,protein-coding,-,-,-,microtubule-associated serine/threonine-protein kinase 1,20210420,-
130825,121163264,ANO8,-,-,-,Un,-,anoctamin 8,protein-coding,-,-,-,anoctamin-8,20210420,-
130825,121163265,LOC121163265,-,-,-,Un,-,olfactory receptor 6C3,protein-coding,-,-,-,olfactory receptor 6C3,20210420,-
130825,121163266,SIN3B,-,-,-,Un,-,SIN3 transcription regulator family member B,protein-coding,-,-,-,paired amphipathic helix protein Sin3b,20210420,-
130825,121163267,JAK3,-,-,-,Un,-,Janus kinase 3,protein-coding,-,-,-,tyrosine-protein kinase JAK3,20210420,-
130825,121163268,MAP1S,-,-,-,Un,-,microtubule associated protein 1S,protein-coding,-,-,-,microtubule-associated protein 1S,20210420,-
130825,121163269,PKN1,-,-,-,Un,-,protein kinase N1,protein-coding,-,-,-,serine/threonine-protein kinase N1,20210420,-
130825,121163270,RFX1,-,-,-,Un,-,regulatory factor X1,protein-coding,-,-,-,MHC class II regulatory factor RFX1,20210420,-
130825,121163271,SAFB2,-,-,-,Un,-,scaffold attachment factor B2,protein-coding,-,-,-,scaffold attachment factor B2,20210420,-
130825,121163272,LOC121163272,-,-,-,Un,-,olfactory receptor 6C1,protein-coding,-,-,-,olfactory receptor 6C1,20210420,-
130825,121163273,ADGRE1,-,-,-,Un,-,adhesion G protein-coupled receptor E1,protein-coding,-,-,-,adhesion G protein-coupled receptor E1,20210420,-
130825,121163274,LONP1,-,-,-,Un,-,"lon peptidase 1, mitochondrial",protein-coding,-,-,-,"lon protease homolog, mitochondrial",20210420,-
130825,121163275,CC2D1A,-,-,-,Un,-,coiled-coil and C2 domain containing 1A,protein-coding,-,-,-,coiled-coil and C2 domain-containing protein 1A,20210420,-
130825,121163276,SAFB,-,-,-,Un,-,scaffold attachment factor B,protein-coding,-,-,-,scaffold attachment factor B1,20210420,-
130825,121163277,LOC121163277,-,-,-,Un,-,olfactory receptor 6C3-like,protein-coding,-,-,-,olfactory receptor 6C3-like,20210420,-
130825,121163278,LOC121163278,-,-,-,Un,-,calcium homeostasis endoplasmic reticulum protein,protein-coding,-,-,-,calcium homeostasis endoplasmic reticulum protein,20210420,-
130825,121163279,EPS15L1,-,-,-,Un,-,epidermal growth factor receptor pathway substrate 15 like 1,protein-coding,-,-,-,epidermal growth factor receptor substrate 15-like 1,20210420,-
130825,121163280,ADGRE5,-,-,-,Un,-,adhesion G protein-coupled receptor E5,protein-coding,-,-,-,adhesion G protein-coupled receptor E5,20210420,-
130825,121163281,FCHO1,-,-,-,Un,-,FCH and mu domain containing endocytic adaptor 1,protein-coding,-,-,-,F-BAR domain only protein 1,20210420,-
130825,121163282,LOC121163282,-,-,-,Un,-,olfactory receptor 6C3-like,protein-coding,-,-,-,olfactory receptor 6C3-like,20210420,-
130825,121163283,VAV1,-,-,-,Un,-,vav guanine nucleotide exchange factor 1,protein-coding,-,-,-,proto-oncogene vav,20210420,-
130825,121163284,DENND1C,-,-,-,Un,-,DENN domain containing 1C,protein-coding,-,-,-,DENN domain-containing protein 1C,20210420,-
130825,121163285,LOC121163285,-,-,-,Un,-,cartilage oligomeric matrix protein,protein-coding,-,-,-,cartilage oligomeric matrix protein,20210420,-
130825,121163286,LOC121163286,-,-,-,Un,-,KH-type splicing regulatory protein,protein-coding,-,-,-,far upstream element-binding protein 2,20210420,-
130825,121163287,LOC121163287,-,-,-,Un,-,olfactory receptor 6C6-like,protein-coding,-,-,-,olfactory receptor 6C6-like,20210420,-
130825,121163288,LOC121163288,-,-,-,Un,-,adhesion G protein-coupled receptor E2-like,protein-coding,-,-,-,adhesion G protein-coupled receptor E2-like,20210420,-
130825,121163289,IL12RB1,-,-,-,Un,-,interleukin 12 receptor subunit beta 1,protein-coding,-,-,-,interleukin-12 receptor subunit beta-1,20210420,-
130825,121163290,PIK3R2,-,-,-,Un,-,phosphoinositide-3-kinase regulatory subunit 2,protein-coding,-,-,-,phosphatidylinositol 3-kinase regulatory subunit beta,20210420,-
130825,121163291,RFX2,-,-,-,Un,-,regulatory factor X2,protein-coding,-,-,-,DNA-binding protein RFX2,20210420,-
130825,121163292,KLHL26,-,-,-,Un,-,kelch like family member 26,protein-coding,-,-,-,kelch-like protein 26,20210420,-
130825,121163293,NIBAN3,-,-,-,Un,-,niban apoptosis regulator 3,protein-coding,-,-,-,protein Niban 3,20210420,-
130825,121163294,LOC121163294,-,-,-,Un,-,olfactory receptor 6C74-like,protein-coding,-,-,-,olfactory receptor 6C74-like,20210420,-
130825,121163295,LOC121163295,-,-,-,Un,-,putative adhesion G protein-coupled receptor E4P,protein-coding,-,-,-,putative adhesion G protein-coupled receptor E4P,20210420,-
130825,121163296,TRMT1,-,-,-,Un,-,tRNA methyltransferase 1,protein-coding,-,-,-,tRNA (guanine(26)-N(2))-dimethyltransferase,20210420,-
130825,121163297,DUS3L,-,-,-,Un,-,dihydrouridine synthase 3 like,protein-coding,-,-,-,tRNA-dihydrouridine(47) synthase [NAD(P)(+)]-like,20210420,-
130825,121163298,SLC27A1,-,-,-,Un,-,solute carrier family 27 member 1,protein-coding,-,-,-,long-chain fatty acid transport protein 1,20210420,-
130825,121163299,CUNH19orf44,-,-,-,Un,-,chromosome unknown C19orf44 homolog,protein-coding,-,-,-,uncharacterized protein C19orf44 homolog,20210420,-
130825,121163300,IL27RA,-,-,-,Un,-,interleukin 27 receptor subunit alpha,protein-coding,-,-,-,interleukin-27 receptor subunit alpha,20210420,-
130825,121163301,CRTC1,-,-,-,Un,-,CREB regulated transcription coactivator 1,protein-coding,-,-,-,CREB-regulated transcription coactivator 1,20210420,-
130825,121163302,DEPDC4,-,-,-,Un,-,DEP domain containing 4,protein-coding,-,-,-,DEP domain-containing protein 4,20210420,-
130825,121163303,ELL,-,-,-,Un,-,elongation factor for RNA polymerase II,protein-coding,-,-,-,RNA polymerase II elongation factor ELL,20210420,-
130825,121163304,COLGALT1,-,-,-,Un,-,collagen beta(1-O)galactosyltransferase 1,protein-coding,-,-,-,procollagen galactosyltransferase 1,20210420,-
130825,121163305,DCAF15,-,-,-,Un,-,DDB1 and CUL4 associated factor 15,protein-coding,-,-,-,DDB1- and CUL4-associated factor 15,20210420,-
130825,121163306,MED26,-,-,-,Un,-,mediator complex subunit 26,protein-coding,-,-,-,mediator of RNA polymerase II transcription subunit 26,20210420,-
130825,121163307,SLC17A8,-,-,-,Un,-,solute carrier family 17 member 8,protein-coding,-,-,-,vesicular glutamate transporter 3,20210420,-
130825,121163308,TRIP10,-,-,-,Un,-,thyroid hormone receptor interactor 10,protein-coding,-,-,-,cdc42-interacting protein 4,20210420,-
130825,121163309,PODNL1,-,-,-,Un,-,podocan like 1,protein-coding,-,-,-,podocan-like protein 1,20210420,-
130825,121163310,GTPBP3,-,-,-,Un,-,"GTP binding protein 3, mitochondrial",protein-coding,-,-,-,"tRNA modification GTPase GTPBP3, mitochondrial",20210420,-
130825,121163311,MLLT1,-,-,-,Un,-,MLLT1 super elongation complex subunit,protein-coding,-,-,-,protein ENL,20210420,-
130825,121163312,RANBP3,-,-,-,Un,-,RAN binding protein 3,protein-coding,-,-,-,ran-binding protein 3,20210420,-
130825,121163313,GPR108,-,-,-,Un,-,G protein-coupled receptor 108,protein-coding,-,-,-,protein GPR108,20210420,-
130825,121163314,ISYNA1,-,-,-,Un,-,inositol-3-phosphate synthase 1,protein-coding,-,-,-,inositol-3-phosphate synthase 1,20210420,-
130825,121163315,SAMD1,-,-,-,Un,-,sterile alpha motif domain containing 1,protein-coding,-,-,-,atherin,20210420,-
130825,121163316,HAVCR1,-,-,-,Un,-,hepatitis A virus cellular receptor 1,protein-coding,-,-,-,hepatitis A virus cellular receptor 1,20210420,-
130825,121163317,LOC121163317,-,-,-,Un,-,trafficking protein particle complex subunit 13-like,pseudo,-,-,-,-,20210420,-
130825,121163318,NACC1,-,-,-,Un,-,nucleus accumbens associated 1,protein-coding,-,-,-,nucleus accumbens-associated protein 1,20210420,-
130825,121163319,NFIX,-,-,-,Un,-,nuclear factor I X,protein-coding,-,-,-,nuclear factor 1 X-type,20210420,-
130825,121163320,KCNN1,-,-,-,Un,-,potassium calcium-activated channel subfamily N member 1,protein-coding,-,-,-,small conductance calcium-activated potassium channel protein 1,20210420,-
130825,121163321,GTF2F1,-,-,-,Un,-,general transcription factor IIF subunit 1,protein-coding,-,-,-,general transcription factor IIF subunit 1,20210420,-
130825,121163322,NR1H4,-,-,-,Un,-,nuclear receptor subfamily 1 group H member 4,protein-coding,-,-,-,bile acid receptor,20210420,-
130825,121163323,FARSA,-,-,-,Un,-,phenylalanyl-tRNA synthetase subunit alpha,protein-coding,-,-,-,phenylalanine--tRNA ligase alpha subunit,20210420,-
130825,121163324,SLC25A23,-,-,-,Un,-,solute carrier family 25 member 23,protein-coding,-,-,-,calcium-binding mitochondrial carrier protein SCaMC-3,20210420,-
130825,121163325,LOC121163325,-,-,-,Un,-,plasmalemma vesicle associated protein,protein-coding,-,-,-,plasmalemma vesicle-associated protein,20210420,-
130825,121163326,TUBB4A,-,-,-,Un,-,tubulin beta 4A class IVa,protein-coding,-,-,-,tubulin beta-4A chain,20210501,-
130825,121163327,GCDH,-,-,-,Un,-,glutaryl-CoA dehydrogenase,protein-coding,-,-,-,"glutaryl-CoA dehydrogenase, mitochondrial",20210420,-
130825,121163328,ABHD8,-,-,-,Un,-,abhydrolase domain containing 8,protein-coding,-,-,-,protein ABHD8,20210420,-
130825,121163329,AP1M1,-,-,-,Un,-,adaptor related protein complex 1 subunit mu 1,protein-coding,-,-,-,AP-1 complex subunit mu-1,20210420,-
130825,121163330,NR2F6,-,-,-,Un,-,nuclear receptor subfamily 2 group F member 6,protein-coding,-,-,-,nuclear receptor subfamily 2 group F member 6,20210420,-
130825,121163331,DDX39A,-,-,-,Un,-,DExD-box helicase 39A,protein-coding,-,-,-,ATP-dependent RNA helicase DDX39A,20210420,-
130825,121163332,ARRDC2,-,-,-,Un,-,arrestin domain containing 2,protein-coding,-,-,-,arrestin domain-containing protein 2,20210420,-
130825,121163333,CRLF1,-,-,-,Un,-,cytokine receptor like factor 1,protein-coding,-,-,-,cytokine receptor-like factor 1,20210420,-
130825,121163334,CALR,-,-,-,Un,-,calreticulin,protein-coding,-,-,-,calreticulin,20210420,-
130825,121163335,FKBP8,-,-,-,Un,-,FKBP prolyl isomerase 8,protein-coding,-,-,-,peptidyl-prolyl cis-trans isomerase FKBP8,20210420,-
130825,121163336,YJU2B,-,-,-,Un,-,YJU2 splicing factor homolog B,protein-coding,-,-,-,coiled-coil domain-containing protein 130,20210420,-
130825,121163337,PTGER1,-,-,-,Un,-,prostaglandin E receptor 1,protein-coding,-,-,-,prostaglandin E2 receptor EP1 subtype,20210420,-
130825,121163338,PGPEP1,-,-,-,Un,-,pyroglutamyl-peptidase I,protein-coding,-,-,-,pyroglutamyl-peptidase 1,20210420,-
130825,121163339,DNASE2,-,-,-,Un,-,"deoxyribonuclease 2, lysosomal",protein-coding,-,-,-,deoxyribonuclease-2-alpha,20210420,-
130825,121163340,SLC35E1,-,-,-,Un,-,solute carrier family 35 member E1,protein-coding,-,-,-,solute carrier family 35 member E1,20210420,-
130825,121163341,SSBP4,-,-,-,Un,-,single stranded DNA binding protein 4,protein-coding,-,-,-,single-stranded DNA-binding protein 4,20210420,-
130825,121163342,HSH2D,-,-,-,Un,-,hematopoietic SH2 domain containing,protein-coding,-,-,-,hematopoietic SH2 domain-containing protein,20210420,-
130825,121163343,CALR3,-,-,-,Un,-,calreticulin 3,protein-coding,-,-,-,calreticulin-3,20210420,-
130825,121163344,F2RL3,-,-,-,Un,-,F2R like thrombin or trypsin receptor 3,protein-coding,-,-,-,proteinase-activated receptor 4,20210420,-
130825,121163345,HAUS8,-,-,-,Un,-,HAUS augmin like complex subunit 8,protein-coding,-,-,-,HAUS augmin-like complex subunit 8,20210420,-
130825,121163346,ACSBG2,-,-,-,Un,-,acyl-CoA synthetase bubblegum family member 2,protein-coding,-,-,-,long-chain-fatty-acid--CoA ligase ACSBG2,20210420,-
130825,121163347,LOC121163347,-,-,-,Un,-,uncharacterized LOC121163347,ncRNA,-,-,-,-,20210420,-
130825,121163348,RAD23A,-,-,-,Un,-,"RAD23 homolog A, nucleotide excision repair protein",protein-coding,-,-,-,UV excision repair protein RAD23 homolog A,20210420,-
130825,121163349,JUND,-,-,-,Un,-,"JunD proto-oncogene, AP-1 transcription factor subunit",protein-coding,-,-,-,transcription factor jun-D,20210420,-
130825,121163350,B3GNT3,-,-,-,Un,-,"UDP-GlcNAc:betaGal beta-1,3-N-acetylglucosaminyltransferase 3",protein-coding,-,-,-,"N-acetyllactosaminide beta-1,3-N-acetylglucosaminyltransferase 3",20210420,-
130825,121163351,KLF2,-,-,-,Un,-,Kruppel like factor 2,protein-coding,-,-,-,Krueppel-like factor 2,20210420,-
130825,121163352,LOC121163352,-,-,-,Un,-,uncharacterized LOC121163352,ncRNA,-,-,-,-,20210420,-
130825,121163353,LOC121163353,-,-,-,Un,-,methylthioribose-1-phosphate isomerase-like,protein-coding,-,-,-,methylthioribose-1-phosphate isomerase-like,20210420,-
130825,121163354,MRI1,-,-,-,Un,-,methylthioribose-1-phosphate isomerase 1,protein-coding,-,-,-,methylthioribose-1-phosphate isomerase,20210420,-
130825,121163355,LOC121163355,-,-,-,Un,-,methylthioribose-1-phosphate isomerase-like,protein-coding,-,-,-,methylthioribose-1-phosphate isomerase-like,20210420,-
130825,121163356,LOC121163356,-,-,-,Un,-,4-galactosyl-N-acetylglucosaminide 3-alpha-L-fucosyltransferase FUT6-like,protein-coding,-,-,-,4-galactosyl-N-acetylglucosaminide 3-alpha-L-fucosyltransferase FUT6-like,20210420,-
130825,121163357,JUNB,-,-,-,Un,-,"JunB proto-oncogene, AP-1 transcription factor subunit",protein-coding,-,-,-,transcription factor jun-B,20210420,-
130825,121163358,KLF1,-,-,-,Un,-,Kruppel like factor 1,protein-coding,-,-,-,Krueppel-like factor 1,20210420,-
130825,121163359,PRKACA,-,-,-,Un,-,protein kinase cAMP-activated catalytic subunit alpha,protein-coding,-,-,-,cAMP-dependent protein kinase catalytic subunit alpha,20210420,-
130825,121163360,ANO4,-,-,-,Un,-,anoctamin 4,protein-coding,-,-,-,anoctamin-4,20210420,-
130825,121163361,BABAM1,-,-,-,Un,-,BRISC and BRCA1 A complex member 1,protein-coding,-,-,-,BRISC and BRCA1-A complex member 1,20210420,-
130825,121163362,LOC121163362,-,-,-,Un,-,methylthioribose-1-phosphate isomerase-like,protein-coding,-,-,-,methylthioribose-1-phosphate isomerase-like,20210420,-
130825,121163363,DNAJB1,-,-,-,Un,-,DnaJ heat shock protein family (Hsp40) member B1,protein-coding,-,-,-,dnaJ homolog subfamily B member 1,20210420,-
130825,121163364,GIPC1,-,-,-,Un,-,GIPC PDZ domain containing family member 1,protein-coding,-,-,-,PDZ domain-containing protein GIPC1,20210420,-
130825,121163365,LRRC25,-,-,-,Un,-,leucine rich repeat containing 25,protein-coding,-,-,-,leucine-rich repeat-containing protein 25,20210420,-
130825,121163366,TECR,-,-,-,Un,-,"trans-2,3-enoyl-CoA reductase",protein-coding,-,-,-,very-long-chain enoyl-CoA reductase,20210420,-
130825,121163367,TMEM38A,-,-,-,Un,-,transmembrane protein 38A,protein-coding,-,-,-,trimeric intracellular cation channel type A,20210420,-
130825,121163368,SLC5A8,-,-,-,Un,-,solute carrier family 5 member 8,protein-coding,-,-,-,sodium-coupled monocarboxylate transporter 1,20210420,-
130825,121163369,RNASEH2A,-,-,-,Un,-,ribonuclease H2 subunit A,protein-coding,-,-,-,ribonuclease H2 subunit A,20210420,-
130825,121163370,LYL1,-,-,-,Un,-,LYL1 basic helix-loop-helix family member,protein-coding,-,-,-,protein lyl-1,20210420,-
130825,121163371,HSD11B1L,-,-,-,Un,-,hydroxysteroid 11-beta dehydrogenase 1 like,protein-coding,-,-,-,hydroxysteroid 11-beta-dehydrogenase 1-like protein,20210420,-
130825,121163372,TMEM221,-,-,-,Un,-,transmembrane protein 221,protein-coding,-,-,-,transmembrane protein 221,20210420,-
130825,121163373,TPM4,-,-,-,Un,-,tropomyosin 4,protein-coding,-,-,-,tropomyosin alpha-4 chain,20210420,-
130825,121163374,MVB12A,-,-,-,Un,-,multivesicular body subunit 12A,protein-coding,-,-,-,multivesicular body subunit 12A,20210420,-
130825,121163375,USE1,-,-,-,Un,-,unconventional SNARE in the ER 1,protein-coding,-,-,-,vesicle transport protein USE1,20210420,-
130825,121163376,ACER1,-,-,-,Un,-,alkaline ceramidase 1,protein-coding,-,-,-,alkaline ceramidase 1,20210420,-
130825,121163377,SPIC,-,-,-,Un,-,Spi-C transcription factor,protein-coding,-,-,-,transcription factor Spi-C,20210420,-
130825,121163378,LOC121163378,-,-,-,Un,-,caseinolytic mitochondrial matrix peptidase proteolytic subunit,protein-coding,-,-,-,"ATP-dependent Clp protease proteolytic subunit, mitochondrial",20210420,-
130825,121163379,PGLS,-,-,-,Un,-,6-phosphogluconolactonase,protein-coding,-,-,-,6-phosphogluconolactonase,20210420,-
130825,121163380,RAB8A,-,-,-,Un,-,"RAB8A, member RAS oncogene family",protein-coding,-,-,-,ras-related protein Rab-8A,20210420,-
130825,121163381,STX10,-,-,-,Un,-,syntaxin 10,protein-coding,-,-,-,syntaxin-10,20210420,-
130825,121163382,IFI30,-,-,-,Un,-,IFI30 lysosomal thiol reductase,protein-coding,-,-,-,gamma-interferon-inducible lysosomal thiol reductase,20210420,-
130825,121163383,TNFSF14,-,-,-,Un,-,TNF superfamily member 14,protein-coding,-,-,-,tumor necrosis factor ligand superfamily member 14,20210420,-
130825,121163384,ASCL1,-,-,-,Un,-,achaete-scute family bHLH transcription factor 1,protein-coding,-,-,-,achaete-scute homolog 1,20210420,-
130825,121163385,IER2,-,-,-,Un,-,immediate early response 2,protein-coding,-,-,-,immediate early response gene 2 protein,20210420,-
130825,121163386,GADD45GIP1,-,-,-,Un,-,GADD45G interacting protein 1,protein-coding,-,-,-,growth arrest and DNA damage-inducible proteins-interacting protein 1,20210420,-
130825,121163387,LOC121163387,-,-,-,Un,-,coiled-coil domain-containing protein 130-like,pseudo,-,-,-,-,20210420,-
130825,121163388,CCDC124,-,-,-,Un,-,coiled-coil domain containing 124,protein-coding,-,-,-,coiled-coil domain-containing protein 124,20210420,-
130825,121163389,RAB3A,-,-,-,Un,-,"RAB3A, member RAS oncogene family",protein-coding,-,-,-,ras-related protein Rab-3A,20210420,-
130825,121163390,TIMD4,-,-,-,Un,-,T cell immunoglobulin and mucin domain containing 4,protein-coding,-,-,-,T-cell immunoglobulin and mucin domain-containing protein 4,20210420,-
130825,121163391,ALKBH7,-,-,-,Un,-,alkB homolog 7,protein-coding,-,-,-,"alpha-ketoglutarate-dependent dioxygenase alkB homolog 7, mitochondrial",20210420,-
130825,121163392,MISP3,-,-,-,Un,-,MISP family member 3,protein-coding,-,-,-,uncharacterized protein MISP3,20210420,-
130825,121163393,MPV17L2,-,-,-,Un,-,MPV17 mitochondrial inner membrane protein like 2,protein-coding,-,-,-,mpv17-like protein 2,20210420,-
130825,121163394,LOC121163394,-,-,-,Un,-,putative tetratricopeptide repeat protein 41,protein-coding,-,-,-,putative tetratricopeptide repeat protein 41,20210420,-
130825,121163395,PRDX2,-,-,-,Un,-,peroxiredoxin 2,protein-coding,-,-,-,peroxiredoxin-2,20210420,-
130825,121163396,CRB3,-,-,-,Un,-,crumbs cell polarity complex component 3,protein-coding,-,-,-,protein crumbs homolog 3,20210420,-
130825,121163397,ASF1B,-,-,-,Un,-,anti-silencing function 1B histone chaperone,protein-coding,-,-,-,histone chaperone ASF1B,20210420,-
130825,121163398,LOC121163398,-,-,-,Un,-,coiled-coil domain-containing protein 130-like,protein-coding,-,-,-,coiled-coil domain-containing protein 130-like,20210420,-
130825,121163399,CAPS,-,-,-,Un,-,calcyphosine,protein-coding,-,-,-,calcyphosin,20210420,-
130825,121163400,GDF15,-,-,-,Un,-,growth differentiation factor 15,protein-coding,-,-,-,growth/differentiation factor 15,20210420,-
130825,121163401,BST2,-,-,-,Un,-,bone marrow stromal cell antigen 2,protein-coding,-,-,-,bone marrow stromal antigen 2,20210420,-
130825,121163402,NRTN,-,-,-,Un,-,neurturin,protein-coding,-,-,-,neurturin,20210420,-
130825,121163403,KXD1,-,-,-,Un,-,KxDL motif containing 1,protein-coding,-,-,-,kxDL motif-containing protein 1,20210420,-
130825,121163404,RPL18A,-,-,-,Un,-,ribosomal protein L18a,protein-coding,-,-,-,60S ribosomal protein L18a,20210420,-
130825,121163405,LOC121163405,-,-,-,Un,-,uncharacterized LOC121163405,ncRNA,-,-,-,-,20210420,-
130825,121163406,LOC121163406,-,-,-,Un,-,calcium and integrin-binding family member 3,protein-coding,-,-,-,calcium and integrin-binding family member 3,20210420,-
130825,121163407,LOC121163407,-,-,-,Un,-,calcium and integrin-binding family member 3-like,protein-coding,-,-,-,calcium and integrin-binding family member 3-like,20210420,-
130825,121163408,REX1BD,-,-,-,Un,-,required for excision 1-B domain containing,protein-coding,-,-,-,required for excision 1-B domain-containing protein,20210420,-
130825,121163409,VMAC,-,-,-,Un,-,vimentin type intermediate filament associated coiled-coil protein,protein-coding,-,-,-,vimentin-type intermediate filament-associated coiled-coil protein,20210420,-
130825,121163410,SYCE2,-,-,-,Un,-,synaptonemal complex central element protein 2,protein-coding,-,-,-,synaptonemal complex central element protein 2,20210420,-
130825,121163411,NUAK1,-,-,-,Un,-,NUAK family kinase 1,protein-coding,-,-,-,NUAK family SNF1-like kinase 1,20210420,-
130825,121163412,NDUFA11,-,-,-,Un,-,NADH:ubiquinone oxidoreductase subunit A11,protein-coding,-,-,-,NADH dehydrogenase [ubiquinone] 1 alpha subcomplex subunit 11,20210420,-
130825,121163413,LSM4,-,-,-,Un,-,"LSM4 homolog, U6 small nuclear RNA and mRNA degradation associated",protein-coding,-,-,-,U6 snRNA-associated Sm-like protein LSm4,20210529,-
130825,121163414,RLN3,-,-,-,Un,-,relaxin 3,protein-coding,-,-,-,relaxin-3,20210420,-
130825,121163415,NDUFB7,-,-,-,Un,-,NADH:ubiquinone oxidoreductase subunit B7,protein-coding,-,-,-,NADH dehydrogenase [ubiquinone] 1 beta subcomplex subunit 7,20210420,-
130825,121163416,UBA52,-,-,-,Un,-,ubiquitin A-52 residue ribosomal protein fusion product 1,protein-coding,-,-,-,ubiquitin-60S ribosomal protein L40,20210501,-
130825,121163417,RPL36,-,-,-,Un,-,ribosomal protein L36,protein-coding,-,-,-,60S ribosomal protein L36,20210529,-
130825,121163418,RFX4,-,-,-,Un,-,regulatory factor X4,protein-coding,-,-,-,transcription factor RFX4,20210420,-
130825,121163419,SLC25A41,-,-,-,Un,-,solute carrier family 25 member 41,protein-coding,-,-,-,mitochondrial carrier protein SCaMC-3L,20210420,-
130825,121163420,INSL3,-,-,-,Un,-,insulin like 3,protein-coding,-,-,-,insulin-like 3,20210420,-
130825,121163421,THSD8,-,-,-,Un,-,thrombospondin type 1 domain containing 8,protein-coding,-,-,-,thrombospondin type-1 domain-containing protein 8,20210420,-
130825,121163422,MICOS13,-,-,-,Un,-,mitochondrial contact site and cristae organizing system subunit 13,protein-coding,-,-,-,MICOS complex subunit MIC13,20210420,-
130825,121163423,FAM32A,-,-,-,Un,-,family with sequence similarity 32 member A,protein-coding,-,-,-,protein FAM32A,20210420,-
130825,121163424,LOC121163424,-,-,-,Un,-,leydig cell tumor 10 kDa protein homolog,protein-coding,-,-,-,leydig cell tumor 10 kDa protein homolog,20210420,-
130825,121163425,CUNH19orf53,-,-,-,Un,-,chromosome unknown C19orf53 homolog,protein-coding,-,-,-,leydig cell tumor 10 kDa protein homolog,20210420,-
130825,121163426,LOC121163426,-,-,-,Un,-,leydig cell tumor 10 kDa protein homolog,protein-coding,-,-,-,leydig cell tumor 10 kDa protein homolog,20210420,-
130825,121163427,LOC121163427,-,-,-,Un,-,leydig cell tumor 10 kDa protein homolog,pseudo,-,-,-,-,20210420,-
130825,121163428,DDA1,-,-,-,Un,-,DET1 and DDB1 associated 1,protein-coding,-,-,-,DET1- and DDB1-associated protein 1,20210501,-
130825,121163429,LOC121163429,-,-,-,Un,-,methylthioribose-1-phosphate isomerase-like,protein-coding,-,-,-,methylthioribose-1-phosphate isomerase-like,20210420,-
130825,121163430,MRPL34,-,-,-,Un,-,mitochondrial ribosomal protein L34,protein-coding,-,-,-,"39S ribosomal protein L34, mitochondrial",20210420,-
130825,121163431,SMIM7,-,-,-,Un,-,small integral membrane protein 7,protein-coding,-,-,-,small integral membrane protein 7,20210420,-
130825,121163432,LOC121163432,-,-,-,Un,-,uncharacterized LOC121163432,ncRNA,-,-,-,-,20210420,-
130825,121163433,LOC121163433,-,-,-,Un,-,uncharacterized LOC121163433,ncRNA,-,-,-,-,20210420,-
130825,121163434,LOC121163434,-,-,-,Un,-,uncharacterized LOC121163434,ncRNA,-,-,-,-,20210420,-
130825,121163435,LOC121163435,-,-,-,Un,-,uncharacterized LOC121163435,ncRNA,-,-,-,-,20210420,-
130825,121163436,LOC121163436,-,-,-,Un,-,small nuclear ribonucleoprotein F-like,pseudo,-,-,-,-,20210420,-
130825,121163437,LOC121163437,-,-,-,Un,-,uncharacterized LOC121163437,ncRNA,-,-,-,-,20210420,-
130825,121163438,LOC121163438,-,-,-,Un,-,uncharacterized LOC121163438,ncRNA,-,-,-,-,20210420,-
130825,121163439,LOC121163439,-,-,-,Un,-,uncharacterized LOC121163439,ncRNA,-,-,-,-,20210420,-
130825,121163440,OCEL1,-,-,-,Un,-,occludin/ELL domain containing 1,protein-coding,-,-,-,occludin/ELL domain-containing protein 1,20210420,-
130825,121163441,LOC121163441,-,-,-,Un,-,U2 spliceosomal RNA,snRNA,-,-,-,-,20210420,-
130825,121163442,LOC121163442,-,-,-,Un,-,small nucleolar RNA SNORD41,snoRNA,-,-,-,-,20210420,-
130825,121163443,LOC121163443,-,-,-,Un,-,small nucleolar RNA SNORA11,snoRNA,-,-,-,-,20210420,-
130825,121163444,LOC121163444,-,-,-,Un,-,U6 spliceosomal RNA,snRNA,-,-,-,-,20210420,-
130825,121163445,LOC121163445,-,-,-,Un,-,U6 spliceosomal RNA,snRNA,-,-,-,-,20210420,-
130825,121163446,LOC121163446,-,-,-,Un,-,small nucleolar RNA SNORA68,snoRNA,-,-,-,-,20210420,-
130825,121163447,LOC121163447,-,-,-,Un,-,small nucleolar RNA SNORD37,snoRNA,-,-,-,-,20210420,-
130825,121163448,TRNAF-GAA,-,-,-,Un,-,transfer RNA phenylalanine (anticodon GAA),tRNA,-,-,-,-,20210420,-
130825,121163449,TRNAG-UCC,-,-,-,Un,-,transfer RNA glycine (anticodon UCC),tRNA,-,-,-,-,20210420,-
130825,121163450,TRNAN-GUU,-,-,-,Un,-,transfer RNA asparagine (anticodon GUU),tRNA,-,-,-,-,20210420,-
130825,121163451,BPIFC,-,-,-,Un,-,BPI fold containing family C,protein-coding,-,-,-,BPI fold-containing family C protein,20210420,-
130825,121163452,TRNAF-GAA,-,-,-,Un,-,transfer RNA phenylalanine (anticodon GAA),tRNA,-,-,-,-,20210420,-
130825,121163453,LOC121163453,-,-,-,Un,-,vomeronasal type-2 receptor 116-like,pseudo,-,-,-,-,20210420,-
130825,121163454,LOC121163454,-,-,-,Un,-,anomalous homeobox protein-like,pseudo,-,-,-,-,20210420,-
130825,121163455,LOC121163455,-,-,-,Un,-,extracellular serine/threonine protein kinase FAM20C-like,protein-coding,-,-,-,LOW QUALITY PROTEIN: extracellular serine/threonine protein kinase FAM20C-like,20210420,-
130825,121163456,LOC121163456,-,-,-,Un,-,uncharacterized LOC121163456,ncRNA,-,-,-,-,20210420,-
130825,121163457,LOC121163457,-,-,-,Un,-,uncharacterized LOC121163457,ncRNA,-,-,-,-,20210420,-
130825,121163458,LOC121163458,-,-,-,Un,-,extracellular serine/threonine protein kinase FAM20C-like,pseudo,-,-,-,-,20210420,-
130825,121163459,GAS6,-,-,-,Un,-,growth arrest specific 6,protein-coding,-,-,-,growth arrest-specific protein 6,20210420,-
130825,121163460,GRK1,-,-,-,Un,-,G protein-coupled receptor kinase 1,protein-coding,-,-,-,rhodopsin kinase GRK1,20210420,-
130825,121163461,ATP4B,-,-,-,Un,-,ATPase H+/K+ transporting subunit beta,protein-coding,-,-,-,potassium-transporting ATPase subunit beta,20210420,-
130825,121163462,ADPRHL1,-,-,-,Un,-,ADP-ribosylhydrolase like 1,protein-coding,-,-,-,protein ADP-ribosylarginine hydrolase-like protein 1,20210420,-
130825,121163463,ISX,-,-,-,Un,-,intestine specific homeobox,protein-coding,-,-,-,intestine-specific homeobox,20210420,-
130825,121163464,F10,-,-,-,Un,-,coagulation factor X,protein-coding,-,-,-,coagulation factor X,20210420,-
130825,121163465,F7,-,-,-,Un,-,coagulation factor VII,protein-coding,-,-,-,coagulation factor VII,20210420,-
130825,121163466,MCF2L,-,-,-,Un,-,MCF.2 cell line derived transforming sequence like,protein-coding,-,-,-,guanine nucleotide exchange factor DBS,20210420,-
130825,121163467,SOX1,-,-,-,Un,-,SRY-box transcription factor 1,protein-coding,-,-,-,transcription factor SOX-1,20210420,-
130825,121163468,COL4A1,-,-,-,Un,-,collagen type IV alpha 1 chain,protein-coding,-,-,-,collagen alpha-1(IV) chain,20210420,-
130825,121163469,LOC121163469,-,-,-,Un,-,uncharacterized LOC121163469,ncRNA,-,-,-,-,20210420,-
130825,121163470,NALF1,-,-,-,Un,-,NALCN channel auxiliary factor 1,protein-coding,-,-,-,transmembrane protein FAM155A,20210420,-
130825,121163471,LOC121163471,-,-,-,Un,-,uncharacterized LOC121163471,ncRNA,-,-,-,-,20210420,-
130825,121163472,SLC10A2,-,-,-,Un,-,solute carrier family 10 member 2,protein-coding,-,-,-,ileal sodium/bile acid cotransporter,20210420,-
130825,121163473,RASD2,-,-,-,Un,-,RASD family member 2,protein-coding,-,-,-,GTP-binding protein Rhes,20210420,-
130825,121163474,ITGBL1,-,-,-,Un,-,integrin subunit beta like 1,protein-coding,-,-,-,integrin beta-like protein 1,20210420,-
130825,121163475,NALCN,-,-,-,Un,-,"sodium leak channel, non-selective",protein-coding,-,-,-,sodium leak channel non-selective protein,20210420,-
130825,121163476,GGACT,-,-,-,Un,-,gamma-glutamylamine cyclotransferase,protein-coding,-,-,-,gamma-glutamylaminecyclotransferase,20210420,-
130825,121163477,ZIC2,-,-,-,Un,-,Zic family member 2,protein-coding,-,-,-,zinc finger protein ZIC 2,20210420,-
130825,121163478,ZIC5,-,-,-,Un,-,Zic family member 5,protein-coding,-,-,-,zinc finger protein ZIC 5,20210420,-
130825,121163479,LOC121163479,-,-,-,Un,-,uncharacterized LOC121163479,ncRNA,-,-,-,-,20210420,-
130825,121163480,LOC121163480,-,-,-,Un,-,uncharacterized LOC121163480,ncRNA,-,-,-,-,20210420,-
130825,121163481,HS6ST3,-,-,-,Un,-,heparan sulfate 6-O-sulfotransferase 3,protein-coding,-,-,-,heparan-sulfate 6-O-sulfotransferase 3,20210420,-
130825,121163482,SOX21,-,-,-,Un,-,SRY-box transcription factor 21,protein-coding,-,-,-,transcription factor SOX-21,20210420,-
130825,121163483,MB,-,-,-,Un,-,myoglobin,protein-coding,-,-,-,myoglobin,20210425,-
130825,121163484,DCT,-,-,-,Un,-,dopachrome tautomerase,protein-coding,-,-,-,L-dopachrome tautomerase,20210420,-
130825,121163485,GPC6,-,-,-,Un,-,glypican 6,protein-coding,-,-,-,glypican-6,20210420,-
130825,121163486,LOC121163486,-,-,-,Un,-,"electron transfer flavoprotein subunit alpha, mitochondrial-like",pseudo,-,-,-,-,20210420,-
130825,121163487,LOC121163487,-,-,-,Un,-,uncharacterized LOC121163487,ncRNA,-,-,-,-,20210420,-
130825,121163488,LOC121163488,-,-,-,Un,-,tetraspanin-7-like,pseudo,-,-,-,-,20210420,-
130825,121163489,SLITRK5,-,-,-,Un,-,SLIT and NTRK like family member 5,protein-coding,-,-,-,SLIT and NTRK-like protein 5,20210420,-
130825,121163490,SLITRK6,-,-,-,Un,-,SLIT and NTRK like family member 6,protein-coding,-,-,-,SLIT and NTRK-like protein 6,20210420,-
130825,121163491,SLITRK1,-,-,-,Un,-,SLIT and NTRK like family member 1,protein-coding,-,-,-,SLIT and NTRK-like protein 1,20210420,-
130825,121163492,LOC121163492,-,-,-,Un,-,uncharacterized LOC121163492,ncRNA,-,-,-,-,20210420,-
130825,121163493,CACNG2,-,-,-,Un,-,calcium voltage-gated channel auxiliary subunit gamma 2,protein-coding,-,-,-,voltage-dependent calcium channel gamma-2 subunit,20210420,-
130825,121163494,LOC121163494,-,-,-,Un,-,uncharacterized LOC121163494,ncRNA,-,-,-,-,20210420,-
130825,121163495,POU4F1,-,-,-,Un,-,POU class 4 homeobox 1,protein-coding,-,-,-,"POU domain, class 4, transcription factor 1",20210420,-
130825,121163496,EDNRB,-,-,-,Un,-,endothelin receptor type B,protein-coding,-,-,-,endothelin receptor type B,20210420,-
130825,121163497,LOC121163497,-,-,-,Un,-,tubulin alpha chain-like,pseudo,-,-,-,-,20210420,-
130825,121163498,KLHL1,-,-,-,Un,-,kelch like family member 1,protein-coding,-,-,-,kelch-like protein 1,20210420,-
130825,121163499,LOC121163499,-,-,-,Un,-,uncharacterized LOC121163499,ncRNA,-,-,-,-,20210420,-
130825,121163500,PCDH20,-,-,-,Un,-,protocadherin 20,protein-coding,-,-,-,protocadherin-20,20210420,-
130825,121163501,PCDH17,-,-,-,Un,-,protocadherin 17,protein-coding,-,-,-,protocadherin-17,20210420,-
130825,121163502,LOC121163502,-,-,-,Un,-,protein FAM136A-like,pseudo,-,-,-,-,20210420,-
130825,121163503,LOC121163503,-,-,-,Un,-,"cytochrome c oxidase subunit 7B, mitochondrial-like",protein-coding,-,-,-,"cytochrome c oxidase subunit 7B, mitochondrial-like",20210420,-
130825,121163504,PVALB,-,-,-,Un,-,parvalbumin,protein-coding,-,-,-,parvalbumin alpha,20210420,-
130825,121163505,PCDH8,-,-,-,Un,-,protocadherin 8,protein-coding,-,-,-,protocadherin-8,20210420,-
130825,121163506,CNMD,-,-,-,Un,-,chondromodulin,protein-coding,-,-,-,leukocyte cell-derived chemotaxin 1,20210420,-
130825,121163507,LOC121163507,-,-,-,Un,-,uncharacterized LOC121163507,ncRNA,-,-,-,-,20210420,-
130825,121163508,ENOX1,-,-,-,Un,-,ecto-NOX disulfide-thiol exchanger 1,protein-coding,-,-,-,ecto-NOX disulfide-thiol exchanger 1,20210420,-
130825,121163509,LOC121163509,-,-,-,Un,-,26S proteasome regulatory subunit 4-like,pseudo,-,-,-,-,20210420,-
130825,121163510,LOC121163510,-,-,-,Un,-,STAM-binding protein-like,pseudo,-,-,-,-,20210420,-
130825,121163511,SERP2,-,-,-,Un,-,stress associated endoplasmic reticulum protein family member 2,protein-coding,-,-,-,stress-associated endoplasmic reticulum protein 2,20210522,-
130825,121163512,LOC121163512,-,-,-,Un,-,myosin regulatory light chain RLC-A-like,pseudo,-,-,-,-,20210420,-
130825,121163513,TMPRSS6,-,-,-,Un,-,transmembrane serine protease 6,protein-coding,-,-,-,transmembrane protease serine 6,20210420,-
130825,121163514,ERICH6B,-,-,-,Un,-,glutamate rich 6B,protein-coding,-,-,-,glutamate-rich protein 6B,20210420,-
130825,121163515,CBY2,-,-,-,Un,-,chibby family member 2,protein-coding,-,-,-,protein chibby homolog 2,20210420,-
130825,121163516,SIAH3,-,-,-,Un,-,siah E3 ubiquitin protein ligase family member 3,protein-coding,-,-,-,seven in absentia homolog 3,20210420,-
130825,121163517,HTR2A,-,-,-,Un,-,5-hydroxytryptamine receptor 2A,protein-coding,-,-,-,5-hydroxytryptamine receptor 2A,20210420,-
130825,121163518,LOC121163518,-,-,-,Un,-,uncharacterized LOC121163518,ncRNA,-,-,-,-,20210420,-
130825,121163519,LOC121163519,-,-,-,Un,-,high mobility group nucleosome-binding domain-containing protein 3-like,pseudo,-,-,-,-,20210420,-
130825,121163520,CYSLTR2,-,-,-,Un,-,cysteinyl leukotriene receptor 2,protein-coding,-,-,-,cysteinyl leukotriene receptor 2,20210420,-
130825,121163521,ARL11,-,-,-,Un,-,ADP ribosylation factor like GTPase 11,protein-coding,-,-,-,ADP-ribosylation factor-like protein 11,20210420,-
130825,121163522,DLEU7,-,-,-,Un,-,deleted in lymphocytic leukemia 7,protein-coding,-,-,-,leukemia-associated protein 7,20210420,-
130825,121163523,C1QTNF6,-,-,-,Un,-,C1q and TNF related 6,protein-coding,-,-,-,complement C1q tumor necrosis factor-related protein 6,20210420,-
130825,121163524,CUNH13orf42,-,-,-,Un,-,chromosome unknown C13orf42 homolog,protein-coding,-,-,-,uncharacterized protein C13orf42 homolog,20210420,-
130825,121163525,CCDC70,-,-,-,Un,-,coiled-coil domain containing 70,protein-coding,-,-,-,coiled-coil domain-containing protein 70,20210420,-
130825,121163526,LOC121163526,-,-,-,Un,-,serine/threonine-protein kinase Nek3-like,protein-coding,-,-,-,serine/threonine-protein kinase Nek3-like,20210420,-
130825,121163527,LOC121163527,-,-,-,Un,-,dynein light chain roadblock-type 1-like,pseudo,-,-,-,-,20210420,-
130825,121163528,STOML3,-,-,-,Un,-,stomatin like 3,protein-coding,-,-,-,stomatin-like protein 3,20210420,-
130825,121163529,FREM2,-,-,-,Un,-,FRAS1 related extracellular matrix 2,protein-coding,-,-,-,FRAS1-related extracellular matrix protein 2,20210420,-
130825,121163530,LOC121163530,-,-,-,Un,-,uncharacterized LOC121163530,ncRNA,-,-,-,-,20210420,-
130825,121163531,TRPC4,-,-,-,Un,-,transient receptor potential cation channel subfamily C member 4,protein-coding,-,-,-,short transient receptor potential channel 4,20210420,-
130825,121163532,SSTR3,-,-,-,Un,-,somatostatin receptor 3,protein-coding,-,-,-,somatostatin receptor type 3,20210420,-
130825,121163533,LOC121163533,-,-,-,Un,-,uncharacterized LOC121163533,ncRNA,-,-,-,-,20210420,-
130825,121163534,SERTM1,-,-,-,Un,-,serine rich and transmembrane domain containing 1,protein-coding,-,-,-,serine-rich and transmembrane domain-containing protein 1,20210420,-
130825,121163535,CCNA1,-,-,-,Un,-,cyclin A1,protein-coding,-,-,-,cyclin-A1,20210420,-
130825,121163536,CCDC169,-,-,-,Un,-,coiled-coil domain containing 169,protein-coding,-,-,-,coiled-coil domain-containing protein 169,20210420,-
130825,121163537,LOC121163537,-,-,-,Un,-,volume-regulated anion channel subunit LRRC8D-like,protein-coding,-,-,-,volume-regulated anion channel subunit LRRC8D-like,20210420,-
130825,121163538,LOC121163538,-,-,-,Un,-,uncharacterized LOC121163538,ncRNA,-,-,-,-,20210420,-
130825,121163539,ELFN2,-,-,-,Un,-,extracellular leucine rich repeat and fibronectin type III domain containing 2,protein-coding,-,-,-,protein phosphatase 1 regulatory subunit 29,20210420,-
130825,121163540,NUDT15,-,-,-,Un,-,nudix hydrolase 15,protein-coding,-,-,-,nucleotide triphosphate diphosphatase NUDT15,20210420,-
130825,121163541,LOC121163541,-,-,-,Un,-,E3 ubiquitin-protein ligase FANCL-like,pseudo,-,-,-,-,20210420,-
130825,121163542,MLNR,-,-,-,Un,-,motilin receptor,protein-coding,-,-,-,motilin receptor,20210420,-
130825,121163543,LOC121163543,-,-,-,Un,-,guanylate cyclase soluble subunit beta-2-like,protein-coding,-,-,-,guanylate cyclase soluble subunit beta-2-like,20210420,-
130825,121163544,ATP7B,-,-,-,Un,-,ATPase copper transporting beta,protein-coding,-,-,-,copper-transporting ATPase 2,20210420,-
130825,121163545,LOC121163545,-,-,-,Un,-,"phosphatidylinositol 3,4,5-trisphosphate 3-phosphatase TPTE2-like",protein-coding,-,-,-,"phosphatidylinositol 3,4,5-trisphosphate 3-phosphatase TPTE2-like",20210420,-
130825,121163546,LOC121163546,-,-,-,Un,-,spliceosome-associated protein CWC15 homolog,pseudo,-,-,-,-,20210420,-
130825,121163547,LOC121163547,-,-,-,Un,-,WW domain-binding protein 11-like,pseudo,-,-,-,-,20210420,-
130825,121163548,LOC121163548,-,-,-,Un,-,putative exonuclease GOR,protein-coding,-,-,-,putative exonuclease GOR,20210420,-
130825,121163549,LOC121163549,-,-,-,Un,-,putative exonuclease GOR,protein-coding,-,-,-,putative exonuclease GOR,20210420,-
130825,121163550,CARD10,-,-,-,Un,-,caspase recruitment domain family member 10,protein-coding,-,-,-,caspase recruitment domain-containing protein 10,20210420,-
130825,121163551,LOC121163551,-,-,-,Un,-,regulatory factor X associated protein,protein-coding,-,-,-,regulatory factor X-associated protein,20210420,-
130825,121163552,LOC121163552,-,-,-,Un,-,40S ribosomal protein S8-like,pseudo,-,-,-,-,20210420,-
130825,121163553,SOHLH2,-,-,-,Un,-,spermatogenesis and oogenesis specific basic helix-loop-helix 2,protein-coding,-,-,-,spermatogenesis- and oogenesis-specific basic helix-loop-helix-containing protein 2,20210420,-
130825,121163554,LOC121163554,-,-,-,Un,-,neurobeachin-like,protein-coding,-,-,-,neurobeachin-like,20210420,-
130825,121163555,LOC121163555,-,-,-,Un,-,transcription initiation factor IIA subunit 2-like,pseudo,-,-,-,-,20210420,-
130825,121163556,CHAMP1,-,-,-,Un,-,chromosome alignment maintaining phosphoprotein 1,protein-coding,-,-,-,chromosome alignment-maintaining phosphoprotein 1,20210420,-
130825,121163557,UPF3A,-,-,-,Un,-,UPF3A regulator of nonsense mediated mRNA decay,protein-coding,-,-,-,regulator of nonsense transcripts 3A,20210420,-
130825,121163558,CDC16,-,-,-,Un,-,cell division cycle 16,protein-coding,-,-,-,cell division cycle protein 16 homolog,20210420,-
130825,121163559,CDC42EP1,-,-,-,Un,-,CDC42 effector protein 1,protein-coding,-,-,-,cdc42 effector protein 1,20210420,-
130825,121163560,RASA3,-,-,-,Un,-,RAS p21 protein activator 3,protein-coding,-,-,-,ras GTPase-activating protein 3,20210420,-
130825,121163561,CUNH13orf46,-,-,-,Un,-,chromosome unknown C13orf46 homolog,protein-coding,-,-,-,uncharacterized protein C13orf46 homolog,20210420,-
130825,121163562,TFDP1,-,-,-,Un,-,transcription factor Dp-1,protein-coding,-,-,-,transcription factor Dp-1,20210420,-
130825,121163563,TMCO3,-,-,-,Un,-,transmembrane and coiled-coil domains 3,protein-coding,-,-,-,transmembrane and coiled-coil domain-containing protein 3,20210420,-
130825,121163564,LGALS2,-,-,-,Un,-,galectin 2,protein-coding,-,-,-,galectin-2,20210420,-
130825,121163565,LAMP1,-,-,-,Un,-,lysosomal associated membrane protein 1,protein-coding,-,-,-,lysosome-associated membrane glycoprotein 1,20210420,-
130825,121163566,CUL4A,-,-,-,Un,-,cullin 4A,protein-coding,-,-,-,cullin-4A,20210420,-
130825,121163567,PCID2,-,-,-,Un,-,PCI domain containing 2,protein-coding,-,-,-,PCI domain-containing protein 2,20210420,-
130825,121163568,ATP11A,-,-,-,Un,-,ATPase phospholipid transporting 11A,protein-coding,-,-,-,phospholipid-transporting ATPase IH,20210420,-
130825,121163569,LGALS1,-,-,-,Un,-,galectin 1,protein-coding,-,-,-,galectin-1,20210420,-
130825,121163570,TUBGCP3,-,-,-,Un,-,tubulin gamma complex associated protein 3,protein-coding,-,-,-,gamma-tubulin complex component 3,20210420,-
130825,121163571,SPACA7,-,-,-,Un,-,sperm acrosome associated 7,protein-coding,-,-,-,sperm acrosome-associated protein 7,20210420,-
130825,121163572,ARHGEF7,-,-,-,Un,-,Rho guanine nucleotide exchange factor 7,protein-coding,-,-,-,rho guanine nucleotide exchange factor 7,20210420,-
130825,121163573,ANKRD10,-,-,-,Un,-,ankyrin repeat domain 10,protein-coding,-,-,-,ankyrin repeat domain-containing protein 10,20210420,-
130825,121163574,CARS2,-,-,-,Un,-,"cysteinyl-tRNA synthetase 2, mitochondrial",protein-coding,-,-,-,"probable cysteine--tRNA ligase, mitochondrial",20210420,-
130825,121163575,LOC121163575,-,-,-,Un,-,"28S ribosomal protein S17, mitochondrial-like",pseudo,-,-,-,-,20210420,-
130825,121163576,NAXD,-,-,-,Un,-,NAD(P)HX dehydratase,protein-coding,-,-,-,ATP-dependent (S)-NAD(P)H-hydrate dehydratase,20210420,-
130825,121163577,ING1,-,-,-,Un,-,inhibitor of growth family member 1,protein-coding,-,-,-,inhibitor of growth protein 1,20210420,-
130825,121163578,RAB20,-,-,-,Un,-,"RAB20, member RAS oncogene family",protein-coding,-,-,-,ras-related protein Rab-20,20210420,-
130825,121163579,LOC121163579,-,-,-,Un,-,uncharacterized LOC121163579,ncRNA,-,-,-,-,20210420,-
130825,121163580,IRS2,-,-,-,Un,-,insulin receptor substrate 2,protein-coding,-,-,-,insulin receptor substrate 2,20210420,-
130825,121163581,TNFSF13B,-,-,-,Un,-,TNF superfamily member 13b,protein-coding,-,-,-,tumor necrosis factor ligand superfamily member 13B,20210420,-
130825,121163582,LIG4,-,-,-,Un,-,DNA ligase 4,protein-coding,-,-,-,DNA ligase 4,20210420,-
130825,121163583,BAIAP2L2,-,-,-,Un,-,BAR/IMD domain containing adaptor protein 2 like 2,protein-coding,-,-,-,brain-specific angiogenesis inhibitor 1-associated protein 2-like protein 2,20210420,-
130825,121163584,ABHD13,-,-,-,Un,-,abhydrolase domain containing 13,protein-coding,-,-,-,protein ABHD13,20210420,-
130825,121163585,ARGLU1,-,-,-,Un,-,arginine and glutamate rich 1,protein-coding,-,-,-,arginine and glutamate-rich protein 1,20210420,-
130825,121163586,EFNB2,-,-,-,Un,-,ephrin B2,protein-coding,-,-,-,ephrin-B2,20210420,-
130825,121163587,LOC121163587,-,-,-,Un,-,DNA repair protein complementing XP-G cells-like,protein-coding,-,-,-,DNA repair protein complementing XP-G cells-like,20210420,-
130825,121163588,BIVM,-,-,-,Un,-,"basic, immunoglobulin-like variable motif containing",protein-coding,-,-,-,basic immunoglobulin-like variable motif-containing protein,20210420,-
130825,121163589,POGLUT2,-,-,-,Un,-,protein O-glucosyltransferase 2,protein-coding,-,-,-,protein O-glucosyltransferase 2,20210420,-
130825,121163590,TEX30,-,-,-,Un,-,testis expressed 30,protein-coding,-,-,-,testis-expressed protein 30,20210420,-
130825,121163591,TPP2,-,-,-,Un,-,tripeptidyl peptidase 2,protein-coding,-,-,-,tripeptidyl-peptidase 2,20210420,-
130825,121163592,FGF14,-,-,-,Un,-,fibroblast growth factor 14,protein-coding,-,-,-,fibroblast growth factor 14,20210529,-
130825,121163593,TMTC4,-,-,-,Un,-,transmembrane O-mannosyltransferase targeting cadherins 4,protein-coding,-,-,-,protein O-mannosyl-transferase TMTC4,20210420,-
130825,121163594,PCCA,-,-,-,Un,-,propionyl-CoA carboxylase subunit alpha,protein-coding,-,-,-,"propionyl-CoA carboxylase alpha chain, mitochondrial",20210420,-
130825,121163595,KCNJ4,-,-,-,Un,-,potassium inwardly rectifying channel subfamily J member 4,protein-coding,-,-,-,inward rectifier potassium channel 4,20210420,-
130825,121163596,LOC121163596,-,-,-,Un,-,elongin-B-like,pseudo,-,-,-,-,20210420,-
130825,121163597,LOC121163597,-,-,-,Un,-,uncharacterized LOC121163597,ncRNA,-,-,-,-,20210420,-
130825,121163598,TM9SF2,-,-,-,Un,-,transmembrane 9 superfamily member 2,protein-coding,-,-,-,transmembrane 9 superfamily member 2,20210420,-
130825,121163599,LOC121163599,-,-,-,Un,-,G-protein coupled receptor 183,protein-coding,-,-,-,G-protein coupled receptor 183,20210420,-
130825,121163600,GPR18,-,-,-,Un,-,G protein-coupled receptor 18,protein-coding,-,-,-,N-arachidonyl glycine receptor,20210420,-
130825,121163601,SGCD,-,-,-,Un,-,sarcoglycan delta,protein-coding,-,-,-,delta-sarcoglycan,20210420,-
130825,121163602,DOCK9,-,-,-,Un,-,dedicator of cytokinesis 9,protein-coding,-,-,-,dedicator of cytokinesis protein 9,20210420,-
130825,121163603,LOC121163603,-,-,-,Un,-,60S ribosomal protein L17-like,pseudo,-,-,-,-,20210420,-
130825,121163604,FARP1,-,-,-,Un,-,"FERM, ARH/RhoGEF and pleckstrin domain protein 1",protein-coding,-,-,-,"FERM, ARHGEF and pleckstrin domain-containing protein 1",20210420,-
130825,121163605,STK24,-,-,-,Un,-,serine/threonine kinase 24,protein-coding,-,-,-,serine/threonine-protein kinase 24,20210420,-
130825,121163606,IPO5,-,-,-,Un,-,importin 5,protein-coding,-,-,-,importin-5,20210420,-
130825,121163607,RAP2A,-,-,-,Un,-,"RAP2A, member of RAS oncogene family",protein-coding,-,-,-,ras-related protein Rap-2a,20210522,-
130825,121163608,MBNL2,-,-,-,Un,-,muscleblind like splicing regulator 2,protein-coding,-,-,-,muscleblind-like protein 2,20210529,-
130825,121163609,DMC1,-,-,-,Un,-,DNA meiotic recombinase 1,protein-coding,-,-,-,meiotic recombination protein DMC1/LIM15 homolog,20210420,-
130825,121163610,LOC121163610,-,-,-,Un,-,uncharacterized LOC121163610,ncRNA,-,-,-,-,20210420,-
130825,121163611,UGGT2,-,-,-,Un,-,UDP-glucose glycoprotein glucosyltransferase 2,protein-coding,-,-,-,UDP-glucose:glycoprotein glucosyltransferase 2,20210420,-
130825,121163612,DNAJC3,-,-,-,Un,-,DnaJ heat shock protein family (Hsp40) member C3,protein-coding,-,-,-,dnaJ homolog subfamily C member 3,20210420,-
130825,121163613,CBY1,-,-,-,Un,-,"chibby family member 1, beta catenin antagonist",protein-coding,-,-,-,protein chibby homolog 1,20210420,-
130825,121163614,CLDN10,-,-,-,Un,-,claudin 10,protein-coding,-,-,-,claudin-10,20210420,-
130825,121163615,LOC121163615,-,-,-,Un,-,uncharacterized LOC121163615,ncRNA,-,-,-,-,20210420,-
130825,121163616,ABCC4,-,-,-,Un,-,ATP binding cassette subfamily C member 4,protein-coding,-,-,-,ATP-binding cassette sub-family C member 4,20210420,-
130825,121163617,TOMM22,-,-,-,Un,-,translocase of outer mitochondrial membrane 22,protein-coding,-,-,-,mitochondrial import receptor subunit TOM22 homolog,20210420,-
130825,121163618,GPR180,-,-,-,Un,-,G protein-coupled receptor 180,protein-coding,-,-,-,integral membrane protein GPR180,20210420,-
130825,121163619,TGDS,-,-,-,Un,-,"TDP-glucose 4,6-dehydratase",protein-coding,-,-,-,"dTDP-D-glucose 4,6-dehydratase",20210420,-
130825,121163620,LOC121163620,-,-,-,Un,-,uncharacterized LOC121163620,ncRNA,-,-,-,-,20210420,-
130825,121163621,LOC121163621,-,-,-,Un,-,uncharacterized LOC121163621,ncRNA,-,-,-,-,20210420,-
130825,121163622,SPRY2,-,-,-,Un,-,sprouty RTK signaling antagonist 2,protein-coding,-,-,-,protein sprouty homolog 2,20210420,-
130825,121163623,NDFIP2,-,-,-,Un,-,Nedd4 family interacting protein 2,protein-coding,-,-,-,NEDD4 family-interacting protein 2,20210420,-
130825,121163624,RBM26,-,-,-,Un,-,RNA binding motif protein 26,protein-coding,-,-,-,RNA-binding protein 26,20210420,-
130825,121163625,LOC121163625,-,-,-,Un,-,small EDRK-rich factor 2-like,protein-coding,-,-,-,small EDRK-rich factor 2-like,20210420,-
130825,121163626,OBI1,-,-,-,Un,-,ORC ubiquitin ligase 1,protein-coding,-,-,-,ORC ubiquitin ligase 1,20210420,-
130825,121163627,SLAIN1,-,-,-,Un,-,SLAIN motif family member 1,protein-coding,-,-,-,SLAIN motif-containing protein 1,20210420,-
130825,121163628,SCEL,-,-,-,Un,-,sciellin,protein-coding,-,-,-,sciellin,20210420,-
130825,121163629,FAM83F,-,-,-,Un,-,family with sequence similarity 83 member F,protein-coding,-,-,-,protein FAM83F,20210420,-
130825,121163630,MYCBP2,-,-,-,Un,-,MYC binding protein 2,protein-coding,-,-,-,E3 ubiquitin-protein ligase MYCBP2,20210420,-
130825,121163631,LOC121163631,-,-,-,Un,-,nascent polypeptide-associated complex subunit alpha-like,pseudo,-,-,-,-,20210420,-
130825,121163632,LOC121163632,-,-,-,Un,-,uncharacterized LOC121163632,ncRNA,-,-,-,-,20210420,-
130825,121163633,LOC121163633,-,-,-,Un,-,uncharacterized LOC121163633,ncRNA,-,-,-,-,20210420,-
130825,121163634,FBXL3,-,-,-,Un,-,F-box and leucine rich repeat protein 3,protein-coding,-,-,-,F-box/LRR-repeat protein 3,20210420,-
130825,121163635,ACOD1,-,-,-,Un,-,aconitate decarboxylase 1,protein-coding,-,-,-,cis-aconitate decarboxylase,20210420,-
130825,121163636,CLN5,-,-,-,Un,-,CLN5 intracellular trafficking protein,protein-coding,-,-,-,ceroid-lipofuscinosis neuronal protein 5,20210420,-
130825,121163637,KCTD12,-,-,-,Un,-,potassium channel tetramerization domain containing 12,protein-coding,-,-,-,BTB/POZ domain-containing protein KCTD12,20210420,-
130825,121163638,MCHR1,-,-,-,Un,-,melanin concentrating hormone receptor 1,protein-coding,-,-,-,melanin-concentrating hormone receptor 1,20210420,-
130825,121163639,LOC121163639,-,-,-,Un,-,uncharacterized LOC121163639,ncRNA,-,-,-,-,20210420,-
130825,121163640,LMO7,-,-,-,Un,-,LIM domain 7,protein-coding,-,-,-,LIM domain only protein 7,20210420,-
130825,121163641,UCHL3,-,-,-,Un,-,ubiquitin C-terminal hydrolase L3,protein-coding,-,-,-,ubiquitin carboxyl-terminal hydrolase isozyme L3,20210420,-
130825,121163642,COMMD6,-,-,-,Un,-,COMM domain containing 6,protein-coding,-,-,-,COMM domain-containing protein 6,20210420,-
130825,121163643,TBC1D4,-,-,-,Un,-,TBC1 domain family member 4,protein-coding,-,-,-,TBC1 domain family member 4,20210420,-
130825,121163644,PMM1,-,-,-,Un,-,phosphomannomutase 1,protein-coding,-,-,-,phosphomannomutase 1,20210420,-
130825,121163645,KLF12,-,-,-,Un,-,Kruppel like factor 12,protein-coding,-,-,-,Krueppel-like factor 12,20210420,-
130825,121163646,KLF5,-,-,-,Un,-,Kruppel like factor 5,protein-coding,-,-,-,Krueppel-like factor 5,20210420,-
130825,121163647,DIS3,-,-,-,Un,-,"DIS3 homolog, exosome endoribonuclease and 3'-5' exoribonuclease",protein-coding,-,-,-,exosome complex exonuclease RRP44,20210420,-
130825,121163648,PIBF1,-,-,-,Un,-,progesterone immunomodulatory binding factor 1,protein-coding,-,-,-,progesterone-induced-blocking factor 1,20210420,-
130825,121163649,BORA,-,-,-,Un,-,BORA aurora kinase A activator,protein-coding,-,-,-,protein aurora borealis,20210420,-
130825,121163650,SEPTIN3,-,-,-,Un,-,septin 3,protein-coding,-,-,-,neuronal-specific septin-3,20210420,-
130825,121163651,MZT1,-,-,-,Un,-,mitotic spindle organizing protein 1,protein-coding,-,-,-,mitotic-spindle organizing protein 1,20210420,-
130825,121163652,DACH1,-,-,-,Un,-,dachshund family transcription factor 1,protein-coding,-,-,-,dachshund homolog 1,20210420,-
130825,121163653,PCDH9,-,-,-,Un,-,protocadherin 9,protein-coding,-,-,-,protocadherin-9,20210420,-
130825,121163654,LOC121163654,-,-,-,Un,-,uncharacterized LOC121163654,ncRNA,-,-,-,-,20210420,-
130825,121163655,TDRD3,-,-,-,Un,-,tudor domain containing 3,protein-coding,-,-,-,tudor domain-containing protein 3,20210420,-
130825,121163656,DIAPH3,-,-,-,Un,-,diaphanous related formin 3,protein-coding,-,-,-,protein diaphanous homolog 3,20210420,-
130825,121163657,SUGT1,-,-,-,Un,-,"SGT1 homolog, MIS12 kinetochore complex assembly cochaperone",protein-coding,-,-,-,protein SGT1 homolog,20210420,-
130825,121163658,ELF1,-,-,-,Un,-,E74 like ETS transcription factor 1,protein-coding,-,-,-,ETS-related transcription factor Elf-1,20210420,-
130825,121163659,WBP4,-,-,-,Un,-,WW domain binding protein 4,protein-coding,-,-,-,WW domain-binding protein 4,20210420,-
130825,121163660,LOC121163660,-,-,-,Un,-,BRCA2 and CDKN1A-interacting protein-like,pseudo,-,-,-,-,20210420,-
130825,121163661,KBTBD7,-,-,-,Un,-,kelch repeat and BTB domain containing 7,protein-coding,-,-,-,kelch repeat and BTB domain-containing protein 7,20210420,-
130825,121163662,MTRF1,-,-,-,Un,-,mitochondrial translation release factor 1,protein-coding,-,-,-,"peptide chain release factor 1, mitochondrial",20210420,-
130825,121163663,NAA16,-,-,-,Un,-,"N-alpha-acetyltransferase 16, NatA auxiliary subunit",protein-coding,-,-,-,"N-alpha-acetyltransferase 16, NatA auxiliary subunit",20210420,-
130825,121163664,RGCC,-,-,-,Un,-,regulator of cell cycle,protein-coding,-,-,-,regulator of cell cycle RGCC,20210420,-
130825,121163665,VWA8,-,-,-,Un,-,von Willebrand factor A domain containing 8,protein-coding,-,-,-,von Willebrand factor A domain-containing protein 8,20210420,-
130825,121163666,DGKH,-,-,-,Un,-,diacylglycerol kinase eta,protein-coding,-,-,-,diacylglycerol kinase eta,20210420,-
130825,121163667,AKAP11,-,-,-,Un,-,A-kinase anchoring protein 11,protein-coding,-,-,-,A-kinase anchor protein 11,20210420,-
130825,121163668,TNFSF11,-,-,-,Un,-,TNF superfamily member 11,protein-coding,-,-,-,tumor necrosis factor ligand superfamily member 11,20210420,-
130825,121163669,FAM216B,-,-,-,Un,-,family with sequence similarity 216 member B,protein-coding,-,-,-,protein FAM216B,20210420,-
130825,121163670,LOC121163670,-,-,-,Un,-,uncharacterized LOC121163670,ncRNA,-,-,-,-,20210420,-
130825,121163671,EPSTI1,-,-,-,Un,-,epithelial stromal interaction 1,protein-coding,-,-,-,epithelial-stromal interaction protein 1,20210420,-
130825,121163672,DNAJC15,-,-,-,Un,-,DnaJ heat shock protein family (Hsp40) member C15,protein-coding,-,-,-,dnaJ homolog subfamily C member 15,20210420,-
130825,121163673,LACC1,-,-,-,Un,-,laccase domain containing 1,protein-coding,-,-,-,purine nucleoside phosphorylase LACC1,20210420,-
130825,121163674,TSC22D1,-,-,-,Un,-,TSC22 domain family member 1,protein-coding,-,-,-,TSC22 domain family protein 1,20210420,-
130825,121163675,LOC121163675,-,-,-,Un,-,uncharacterized LOC121163675,ncRNA,-,-,-,-,20210420,-
130825,121163676,NUFIP1,-,-,-,Un,-,nuclear FMR1 interacting protein 1,protein-coding,-,-,-,nuclear fragile X mental retardation-interacting protein 1,20210420,-
130825,121163677,GPALPP1,-,-,-,Un,-,GPALPP motifs containing 1,protein-coding,-,-,-,GPALPP motifs-containing protein 1,20210420,-
130825,121163678,KCTD4,-,-,-,Un,-,potassium channel tetramerization domain containing 4,protein-coding,-,-,-,BTB/POZ domain-containing protein KCTD4,20210420,-
130825,121163679,GTF2F2,-,-,-,Un,-,general transcription factor IIF subunit 2,protein-coding,-,-,-,general transcription factor IIF subunit 2,20210420,-
130825,121163680,TPT1,-,-,-,Un,-,"tumor protein, translationally-controlled 1",protein-coding,-,-,-,translationally-controlled tumor protein,20210420,-
130825,121163681,SLC25A30,-,-,-,Un,-,solute carrier family 25 member 30,protein-coding,-,-,-,kidney mitochondrial carrier protein 1,20210420,-
130825,121163682,COG3,-,-,-,Un,-,component of oligomeric golgi complex 3,protein-coding,-,-,-,conserved oligomeric Golgi complex subunit 3,20210420,-
130825,121163683,ZC3H13,-,-,-,Un,-,zinc finger CCCH-type containing 13,protein-coding,-,-,-,zinc finger CCCH domain-containing protein 13,20210420,-
130825,121163684,CPB2,-,-,-,Un,-,carboxypeptidase B2,protein-coding,-,-,-,carboxypeptidase B2,20210420,-
130825,121163685,LCP1,-,-,-,Un,-,lymphocyte cytosolic protein 1,protein-coding,-,-,-,plastin-2,20210420,-
130825,121163686,LRRC63,-,-,-,Un,-,leucine rich repeat containing 63,protein-coding,-,-,-,leucine-rich repeat-containing protein 63,20210420,-
130825,121163687,LOC121163687,-,-,-,Un,-,uncharacterized LOC121163687,ncRNA,-,-,-,-,20210420,-
130825,121163688,RUBCNL,-,-,-,Un,-,rubicon like autophagy enhancer,protein-coding,-,-,-,protein associated with UVRAG as autophagy enhancer,20210420,-
130825,121163689,MRPL22,-,-,-,Un,-,mitochondrial ribosomal protein L22,protein-coding,-,-,-,"39S ribosomal protein L22, mitochondrial",20210420,-
130825,121163690,LOC121163690,-,-,-,Un,-,cytochrome P450 2D17-like,protein-coding,-,-,-,cytochrome P450 2D17-like,20210420,-
130825,121163691,LRCH1,-,-,-,Un,-,leucine rich repeats and calponin homology domain containing 1,protein-coding,-,-,-,leucine-rich repeat and calponin homology domain-containing protein 1,20210420,-
130825,121163692,LOC121163692,-,-,-,Un,-,uncharacterized LOC121163692,ncRNA,-,-,-,-,20210420,-
130825,121163693,ESD,-,-,-,Un,-,esterase D,protein-coding,-,-,-,S-formylglutathione hydrolase,20210420,-
130825,121163694,LOC121163694,-,-,-,Un,-,uncharacterized LOC121163694,ncRNA,-,-,-,-,20210420,-
130825,121163695,SUCLA2,-,-,-,Un,-,succinate-CoA ligase ADP-forming subunit beta,protein-coding,-,-,-,"succinate--CoA ligase [ADP-forming] subunit beta, mitochondrial",20210420,-
130825,121163696,MED4,-,-,-,Un,-,mediator complex subunit 4,protein-coding,-,-,-,mediator of RNA polymerase II transcription subunit 4,20210420,-
130825,121163697,ITM2B,-,-,-,Un,-,integral membrane protein 2B,protein-coding,-,-,-,integral membrane protein 2B,20210420,-
130825,121163698,RB1,-,-,-,Un,-,RB transcriptional corepressor 1,protein-coding,-,-,-,retinoblastoma-associated protein,20210420,-
130825,121163699,LPAR6,-,-,-,Un,-,lysophosphatidic acid receptor 6,protein-coding,-,-,-,lysophosphatidic acid receptor 6,20210420,-
130825,121163700,A4GALT,-,-,-,Un,-,"alpha 1,4-galactosyltransferase (P blood group)",protein-coding,-,-,-,lactosylceramide 4-alpha-galactosyltransferase,20210420,-
130825,121163701,RCBTB2,-,-,-,Un,-,RCC1 and BTB domain containing protein 2,protein-coding,-,-,-,RCC1 and BTB domain-containing protein 2,20210420,-
130825,121163702,FNDC3A,-,-,-,Un,-,fibronectin type III domain containing 3A,protein-coding,-,-,-,fibronectin type-III domain-containing protein 3A,20210420,-
130825,121163703,CDADC1,-,-,-,Un,-,cytidine and dCMP deaminase domain containing 1,protein-coding,-,-,-,cytidine and dCMP deaminase domain-containing protein 1,20210420,-
130825,121163704,CAB39L,-,-,-,Un,-,calcium binding protein 39 like,protein-coding,-,-,-,calcium-binding protein 39-like,20210420,-
130825,121163705,LOC121163705,-,-,-,Un,-,histone-lysine N-methyltransferase SETDB2-like,protein-coding,-,-,-,histone-lysine N-methyltransferase SETDB2-like,20210420,-
130825,121163706,TTLL1,-,-,-,Un,-,tubulin tyrosine ligase like 1,protein-coding,-,-,-,probable tubulin polyglutamylase TTLL1,20210420,-
130825,121163707,RCBTB1,-,-,-,Un,-,RCC1 and BTB domain containing protein 1,protein-coding,-,-,-,RCC1 and BTB domain-containing protein 1,20210420,-
130825,121163708,RELL2,-,-,-,Un,-,RELT like 2,protein-coding,-,-,-,RELT-like protein 2,20210420,-
130825,121163709,SCUBE1,-,-,-,Un,-,"signal peptide, CUB domain and EGF like domain containing 1",protein-coding,-,-,-,"signal peptide, CUB and EGF-like domain-containing protein 1",20210420,-
130825,121163710,EBPL,-,-,-,Un,-,EBP like,protein-coding,-,-,-,emopamil-binding protein-like,20210420,-
130825,121163711,KPNA3,-,-,-,Un,-,karyopherin subunit alpha 3,protein-coding,-,-,-,importin subunit alpha-4,20210529,-
130825,121163712,SPRYD7,-,-,-,Un,-,SPRY domain containing 7,protein-coding,-,-,-,SPRY domain-containing protein 7,20210420,-
130825,121163713,TRIM13,-,-,-,Un,-,tripartite motif containing 13,protein-coding,-,-,-,E3 ubiquitin-protein ligase TRIM13,20210420,-
130825,121163714,KCNRG,-,-,-,Un,-,potassium channel regulator,protein-coding,-,-,-,potassium channel regulatory protein,20210420,-
130825,121163715,LOC121163715,-,-,-,Un,-,uncharacterized LOC121163715,ncRNA,-,-,-,-,20210420,-
130825,121163716,LOC121163716,-,-,-,Un,-,uncharacterized LOC121163716,ncRNA,-,-,-,-,20210420,-
130825,121163717,LOC121163717,-,-,-,Un,-,40S ribosomal protein SA-like,pseudo,-,-,-,-,20210420,-
130825,121163718,RNASEH2B,-,-,-,Un,-,ribonuclease H2 subunit B,protein-coding,-,-,-,ribonuclease H2 subunit B,20210420,-
130825,121163719,FAM124A,-,-,-,Un,-,family with sequence similarity 124 member A,protein-coding,-,-,-,protein FAM124A,20210420,-
130825,121163720,INTS6,-,-,-,Un,-,integrator complex subunit 6,protein-coding,-,-,-,integrator complex subunit 6,20210420,-
130825,121163721,SERPINE3,-,-,-,Un,-,serpin family E member 3,protein-coding,-,-,-,serpin E3,20210420,-
130825,121163722,LOC121163722,-,-,-,Un,-,uncharacterized LOC121163722,ncRNA,-,-,-,-,20210420,-
130825,121163723,WDFY2,-,-,-,Un,-,WD repeat and FYVE domain containing 2,protein-coding,-,-,-,WD repeat and FYVE domain-containing protein 2,20210420,-
130825,121163724,ALG11,-,-,-,Un,-,"ALG11 alpha-1,2-mannosyltransferase",protein-coding,-,-,-,"GDP-Man:Man(3)GlcNAc(2)-PP-Dol alpha-1,2-mannosyltransferase",20210420,-
130825,121163725,LOC121163725,-,-,-,Un,-,cytoskeleton-associated protein 2-like,protein-coding,-,-,-,cytoskeleton-associated protein 2-like,20210420,-
130825,121163726,LOC121163726,-,-,-,Un,-,vacuolar protein-sorting-associated protein 36,protein-coding,-,-,-,vacuolar protein-sorting-associated protein 36,20210420,-
130825,121163727,MPPED1,-,-,-,Un,-,metallophosphoesterase domain containing 1,protein-coding,-,-,-,metallophosphoesterase domain-containing protein 1,20210420,-
130825,121163728,LOC121163728,-,-,-,Un,-,small EDRK-rich factor 2-like,pseudo,-,-,-,-,20210420,-
130825,121163729,LOC121163729,-,-,-,Un,-,thrombospondin type-1 domain-containing protein 1-like,protein-coding,-,-,-,thrombospondin type-1 domain-containing protein 1-like,20210420,-
130825,121163730,SLC25A15,-,-,-,Un,-,solute carrier family 25 member 15,protein-coding,-,-,-,mitochondrial ornithine transporter 1,20210420,-
130825,121163731,MRPS31,-,-,-,Un,-,mitochondrial ribosomal protein S31,protein-coding,-,-,-,"28S ribosomal protein S31, mitochondrial",20210420,-
130825,121163732,FOXO1,-,-,-,Un,-,forkhead box O1,protein-coding,-,-,-,forkhead box protein O1,20210420,-
130825,121163733,LOC121163733,-,-,-,Un,-,uncharacterized LOC121163733,ncRNA,-,-,-,-,20210420,-
130825,121163734,LOC121163734,-,-,-,Un,-,uncharacterized LOC121163734,ncRNA,-,-,-,-,20210420,-
130825,121163735,COG6,-,-,-,Un,-,component of oligomeric golgi complex 6,protein-coding,-,-,-,conserved oligomeric Golgi complex subunit 6,20210420,-
130825,121163736,LHFPL6,-,-,-,Un,-,LHFPL tetraspan subfamily member 6,protein-coding,-,-,-,LHFPL tetraspan subfamily member 6 protein,20210420,-
130825,121163737,NHLRC3,-,-,-,Un,-,NHL repeat containing 3,protein-coding,-,-,-,NHL repeat-containing protein 3,20210420,-
130825,121163738,PROSER1,-,-,-,Un,-,proline and serine rich 1,protein-coding,-,-,-,proline and serine-rich protein 1,20210420,-
130825,121163739,UFM1,-,-,-,Un,-,ubiquitin fold modifier 1,protein-coding,-,-,-,ubiquitin-fold modifier 1,20210420,-
130825,121163740,POSTN,-,-,-,Un,-,periostin,protein-coding,-,-,-,periostin,20210420,-
130825,121163741,SUPT20H,-,-,-,Un,-,"SPT20 homolog, SAGA complex component",protein-coding,-,-,-,transcription factor SPT20 homolog,20210420,-
130825,121163742,SULT4A1,-,-,-,Un,-,sulfotransferase family 4A member 1,protein-coding,-,-,-,sulfotransferase 4A1,20210420,-
130825,121163743,ALG5,-,-,-,Un,-,ALG5 dolichyl-phosphate beta-glucosyltransferase,protein-coding,-,-,-,dolichyl-phosphate beta-glucosyltransferase,20210420,-
130825,121163744,EXOSC8,-,-,-,Un,-,exosome component 8,protein-coding,-,-,-,exosome complex component RRP43,20210420,-
130825,121163745,SMAD9,-,-,-,Un,-,SMAD family member 9,protein-coding,-,-,-,mothers against decapentaplegic homolog 9,20210420,-
130825,121163746,SPART,-,-,-,Un,-,spartin,protein-coding,-,-,-,spartin,20210420,-
130825,121163747,DCLK1,-,-,-,Un,-,doublecortin like kinase 1,protein-coding,-,-,-,serine/threonine-protein kinase DCLK1,20210529,-
130825,121163748,PNPLA3,-,-,-,Un,-,patatin like phospholipase domain containing 3,protein-coding,-,-,-,1-acylglycerol-3-phosphate O-acyltransferase PNPLA3,20210420,-
130825,121163749,NBEA,-,-,-,Un,-,neurobeachin,protein-coding,-,-,-,neurobeachin,20210420,-
130825,121163750,MAB21L1,-,-,-,Un,-,mab-21 like 1,protein-coding,-,-,-,putative nucleotidyltransferase MAB21L1,20210501,-
130825,121163751,RFC3,-,-,-,Un,-,replication factor C subunit 3,protein-coding,-,-,-,replication factor C subunit 3,20210420,-
130825,121163752,LOC121163752,-,-,-,Un,-,thyroid hormone receptor-associated protein 3-like,pseudo,-,-,-,-,20210420,-
130825,121163753,LOC121163753,-,-,-,Un,-,"inorganic pyrophosphatase 2, mitochondrial-like",pseudo,-,-,-,-,20210420,-
130825,121163754,TMEM255B,-,-,-,Un,-,transmembrane protein 255B,protein-coding,-,-,-,transmembrane protein 255B,20210420,-
130825,121163755,GRTP1,-,-,-,Un,-,growth hormone regulated TBC protein 1,protein-coding,-,-,-,growth hormone-regulated TBC protein 1,20210420,-
130825,121163756,TEX29,-,-,-,Un,-,testis expressed 29,protein-coding,-,-,-,testis-expressed protein 29,20210420,-
130825,121163757,COL4A2,-,-,-,Un,-,collagen type IV alpha 2 chain,protein-coding,-,-,-,collagen alpha-2(IV) chain,20210420,-
130825,121163758,SHISAL1,-,-,-,Un,-,shisa like 1,protein-coding,-,-,-,protein shisa-like-1,20210420,-
130825,121163759,MYO16,-,-,-,Un,-,myosin XVI,protein-coding,-,-,-,unconventional myosin-XVI,20210420,-
130825,121163760,LOC121163760,-,-,-,Un,-,translationally-controlled tumor protein-like,pseudo,-,-,-,-,20210420,-
130825,121163761,LOC121163761,-,-,-,Un,-,putative methyltransferase-like protein 21E pseudogene,protein-coding,-,-,-,putative methyltransferase-like protein 21E pseudogene,20210420,-
130825,121163762,CCDC168,-,-,-,Un,-,coiled-coil domain containing 168,protein-coding,-,-,-,coiled-coil domain-containing protein 168,20210420,-
130825,121163763,METTL21C,-,-,-,Un,-,"methyltransferase 21C, AARS1 lysine",protein-coding,-,-,-,protein-lysine methyltransferase METTL21C|methyltransferase like 21C,20210519,-
130825,121163764,CLYBL,-,-,-,Un,-,citramalyl-CoA lyase,protein-coding,-,-,-,"citramalyl-CoA lyase, mitochondrial",20210420,-
130825,121163765,LOC121163765,-,-,-,Un,-,G-protein coupled receptor 183-like,protein-coding,-,-,-,LOW QUALITY PROTEIN: G-protein coupled receptor 183-like,20210420,-
130825,121163766,UBAC2,-,-,-,Un,-,UBA domain containing 2,protein-coding,-,-,-,ubiquitin-associated domain-containing protein 2,20210420,-
130825,121163767,SLC15A1,-,-,-,Un,-,solute carrier family 15 member 1,protein-coding,-,-,-,solute carrier family 15 member 1,20210420,-
130825,121163768,OXGR1,-,-,-,Un,-,oxoglutarate receptor 1,protein-coding,-,-,-,2-oxoglutarate receptor 1,20210420,-
130825,121163769,DZIP1,-,-,-,Un,-,DAZ interacting zinc finger protein 1,protein-coding,-,-,-,zinc finger protein DZIP1,20210420,-
130825,121163770,GPC5,-,-,-,Un,-,glypican 5,protein-coding,-,-,-,glypican-5,20210420,-
130825,121163771,LOC121163771,-,-,-,Un,-,glyceraldehyde-3-phosphate dehydrogenase-like,pseudo,-,-,-,-,20210420,-
130825,121163772,LOC121163772,-,-,-,Un,-,growth/differentiation factor 9-like,pseudo,-,-,-,-,20210420,-
130825,121163773,LOC121163773,-,-,-,Un,-,nudC domain-containing protein 2-like,pseudo,-,-,-,-,20210420,-
130825,121163774,LOC121163774,-,-,-,Un,-,26S proteasome regulatory subunit 7-like,pseudo,-,-,-,-,20210420,-
130825,121163775,LOC121163775,-,-,-,Un,-,E3 ubiquitin-protein ligase RING2-like,pseudo,-,-,-,-,20210420,-
130825,121163776,RTL6,-,-,-,Un,-,retrotransposon Gag like 6,protein-coding,-,-,-,retrotransposon Gag-like protein 6,20210420,-
130825,121163777,LOC121163777,-,-,-,Un,-,"ATP synthase subunit alpha, mitochondrial-like",pseudo,-,-,-,-,20210420,-
130825,121163778,LOC121163778,-,-,-,Un,-,40S ribosomal protein S12-like,pseudo,-,-,-,-,20210420,-
130825,121163779,LOC121163779,-,-,-,Un,-,"phosphate carrier protein, mitochondrial-like",pseudo,-,-,-,-,20210420,-
130825,121163780,LOC121163780,-,-,-,Un,-,mitochondrial import inner membrane translocase subunit Tim10-like,protein-coding,-,-,-,mitochondrial import inner membrane translocase subunit Tim10-like,20210420,-
130825,121163781,LOC121163781,-,-,-,Un,-,40S ribosomal protein S6-like,pseudo,-,-,-,-,20210420,-
130825,121163782,LOC121163782,-,-,-,Un,-,60S ribosomal protein L3-like,pseudo,-,-,-,-,20210420,-
130825,121163783,LOC121163783,-,-,-,Un,-,histone-binding protein RBBP4-like,pseudo,-,-,-,-,20210420,-
130825,121163784,LOC121163784,-,-,-,Un,-,40S ribosomal protein S25-like,pseudo,-,-,-,-,20210420,-
130825,121163785,LOC121163785,-,-,-,Un,-,40S ribosomal protein S7-like,pseudo,-,-,-,-,20210420,-
130825,121163786,OLFM4,-,-,-,Un,-,olfactomedin 4,protein-coding,-,-,-,LOW QUALITY PROTEIN: olfactomedin-4,20210420,-
130825,121163787,UPK3A,-,-,-,Un,-,uroplakin 3A,protein-coding,-,-,-,uroplakin-3a,20210420,-
130825,121163788,LOC121163788,-,-,-,Un,-,kelch repeat and BTB domain-containing protein 6-like,protein-coding,-,-,-,kelch repeat and BTB domain-containing protein 6-like,20210420,-
130825,121163789,SMIM2,-,-,-,Un,-,small integral membrane protein 2,protein-coding,-,-,-,LOW QUALITY PROTEIN: small integral membrane protein 2,20210420,-
130825,121163790,LOC121163790,-,-,-,Un,-,U6 spliceosomal RNA,snRNA,-,-,-,-,20210420,-
130825,121163791,LOC121163791,-,-,-,Un,-,U6 spliceosomal RNA,pseudo,-,-,-,-,20210420,-
130825,121163792,LOC121163792,-,-,-,Un,-,U6 spliceosomal RNA,snRNA,-,-,-,-,20210420,-
130825,121163793,LOC121163793,-,-,-,Un,-,U6 spliceosomal RNA,snRNA,-,-,-,-,20210420,-
130825,121163794,LOC121163794,-,-,-,Un,-,U6 spliceosomal RNA,snRNA,-,-,-,-,20210420,-
130825,121163795,LOC121163795,-,-,-,Un,-,U6 spliceosomal RNA,snRNA,-,-,-,-,20210420,-
130825,121163796,LOC121163796,-,-,-,Un,-,U6 spliceosomal RNA,pseudo,-,-,-,-,20210420,-
130825,121163797,LOC121163797,-,-,-,Un,-,small nucleolar RNA SNORA31,snoRNA,-,-,-,-,20210420,-
130825,121163798,LOC121163798,-,-,-,Un,-,U6atac minor spliceosomal RNA,snRNA,-,-,-,-,20210420,-
130825,121163799,LOC121163799,-,-,-,Un,-,small nucleolar RNA ACA64,snoRNA,-,-,-,-,20210420,-
130825,121163800,LOC121163800,-,-,-,Un,-,U1 spliceosomal RNA,snRNA,-,-,-,-,20210420,-
130825,121163801,LOC121163801,-,-,-,Un,-,U1 spliceosomal RNA,snRNA,-,-,-,-,20210420,-
130825,121163802,LOC121163802,-,-,-,Un,-,U1 spliceosomal RNA,snRNA,-,-,-,-,20210420,-
130825,121163803,LOC121163803,-,-,-,Un,-,U1 spliceosomal RNA,pseudo,-,-,-,-,20210420,-
130825,121163804,LOC121163804,-,-,-,Un,-,U1 spliceosomal RNA,snRNA,-,-,-,-,20210420,-
130825,121163805,LOC121163805,-,-,-,Un,-,U2 spliceosomal RNA,pseudo,-,-,-,-,20210420,-
130825,121163806,LOC121163806,-,-,-,Un,-,U2 spliceosomal RNA,snRNA,-,-,-,-,20210420,-
130825,121163807,LOC121163807,-,-,-,Un,-,U2 spliceosomal RNA,pseudo,-,-,-,-,20210420,-
130825,121163808,LOC121163808,-,-,-,Un,-,U2 spliceosomal RNA,pseudo,-,-,-,-,20210420,-
130825,121163809,LOC121163809,-,-,-,Un,-,U2 spliceosomal RNA,pseudo,-,-,-,-,20210420,-
130825,121163810,LOC121163810,-,-,-,Un,-,U2 spliceosomal RNA,pseudo,-,-,-,-,20210420,-
130825,121163811,SMC1B,-,-,-,Un,-,structural maintenance of chromosomes 1B,protein-coding,-,-,-,structural maintenance of chromosomes protein 1B,20210420,-
130825,121163812,LOC121163812,-,-,-,Un,-,U2 spliceosomal RNA,pseudo,-,-,-,-,20210420,-
130825,121163813,LOC121163813,-,-,-,Un,-,small nucleolar RNA U3,pseudo,-,-,-,-,20210420,-
130825,121163814,LOC121163814,-,-,-,Un,-,U6 spliceosomal RNA,snRNA,-,-,-,-,20210420,-
130825,121163815,LOC121163815,-,-,-,Un,-,U6 spliceosomal RNA,snRNA,-,-,-,-,20210420,-
130825,121163816,LOC121163816,-,-,-,Un,-,U6 spliceosomal RNA,snRNA,-,-,-,-,20210420,-
130825,121163817,LOC121163817,-,-,-,Un,-,U6 spliceosomal RNA,snRNA,-,-,-,-,20210420,-
130825,121163818,LOC121163818,-,-,-,Un,-,U6 spliceosomal RNA,snRNA,-,-,-,-,20210420,-
130825,121163819,LOC121163819,-,-,-,Un,-,U6 spliceosomal RNA,snRNA,-,-,-,-,20210420,-
130825,121163820,LOC121163820,-,-,-,Un,-,U6 spliceosomal RNA,pseudo,-,-,-,-,20210420,-
130825,121163821,LOC121163821,-,-,-,Un,-,U6 spliceosomal RNA,snRNA,-,-,-,-,20210420,-
130825,121163822,LOC121163822,-,-,-,Un,-,U6 spliceosomal RNA,snRNA,-,-,-,-,20210420,-
130825,121163823,LOC121163823,-,-,-,Un,-,U6 spliceosomal RNA,snRNA,-,-,-,-,20210420,-
130825,121163824,LOC121163824,-,-,-,Un,-,U6 spliceosomal RNA,snRNA,-,-,-,-,20210420,-
130825,121163825,LOC121163825,-,-,-,Un,-,U6 spliceosomal RNA,snRNA,-,-,-,-,20210420,-
130825,121163826,LOC121163826,-,-,-,Un,-,U6 spliceosomal RNA,snRNA,-,-,-,-,20210420,-
130825,121163827,LOC121163827,-,-,-,Un,-,U6 spliceosomal RNA,pseudo,-,-,-,-,20210420,-
130825,121163828,LOC121163828,-,-,-,Un,-,U6 spliceosomal RNA,snRNA,-,-,-,-,20210420,-
130825,121163829,LOC121163829,-,-,-,Un,-,U6 spliceosomal RNA,snRNA,-,-,-,-,20210420,-
130825,121163830,LOC121163830,-,-,-,Un,-,U6 spliceosomal RNA,snRNA,-,-,-,-,20210420,-
130825,121163831,LOC121163831,-,-,-,Un,-,U6 spliceosomal RNA,pseudo,-,-,-,-,20210420,-
130825,121163832,GEMIN5,-,-,-,Un,-,gem nuclear organelle associated protein 5,protein-coding,-,-,-,gem-associated protein 5,20210420,-
130825,121163833,LOC121163833,-,-,-,Un,-,U6 spliceosomal RNA,snRNA,-,-,-,-,20210420,-
130825,121163834,LOC121163834,-,-,-,Un,-,U6 spliceosomal RNA,snRNA,-,-,-,-,20210420,-
130825,121163835,LOC121163835,-,-,-,Un,-,U6 spliceosomal RNA,snRNA,-,-,-,-,20210420,-
130825,121163836,TRNAF-GAA,-,-,-,Un,-,transfer RNA phenylalanine (anticodon GAA),tRNA,-,-,-,-,20210420,-
130825,121163837,TRNAE-UUC,-,-,-,Un,-,transfer RNA glutamic acid (anticodon UUC),tRNA,-,-,-,-,20210420,-
130825,121163838,RIBC2,-,-,-,Un,-,RIB43A domain with coiled-coils 2,protein-coding,-,-,-,RIB43A-like with coiled-coils protein 2,20210420,-
130825,121163839,TRNAE-UUC,-,-,-,Un,-,transfer RNA glutamic acid (anticodon UUC),tRNA,-,-,-,-,20210420,-
130825,121163840,CUNH8orf33,-,-,-,Un,-,chromosome unknown C8orf33 homolog,protein-coding,-,-,-,UPF0488 protein C8orf33 homolog,20210420,-
130825,121163841,COMMD5,-,-,-,Un,-,COMM domain containing 5,protein-coding,-,-,-,COMM domain-containing protein 5,20210420,-
130825,121163842,LOC121163842,-,-,-,Un,-,uncharacterized LOC121163842,ncRNA,-,-,-,-,20210420,-
130825,121163843,CUNH8orf82,-,-,-,Un,-,chromosome unknown C8orf82 homolog,protein-coding,-,-,-,UPF0598 protein C8orf82 homolog,20210420,-
130825,121163844,GPT,-,-,-,Un,-,glutamic--pyruvic transaminase,protein-coding,-,-,-,alanine aminotransferase 1,20210420,-
130825,121163845,PPP1R16A,-,-,-,Un,-,protein phosphatase 1 regulatory subunit 16A,protein-coding,-,-,-,protein phosphatase 1 regulatory subunit 16A,20210420,-
130825,121163846,KIFC2,-,-,-,Un,-,kinesin family member C2,protein-coding,-,-,-,kinesin-like protein KIFC2,20210420,-
130825,121163847,SCRT1,-,-,-,Un,-,scratch family transcriptional repressor 1,protein-coding,-,-,-,transcriptional repressor scratch 1,20210420,-
130825,121163848,SPATC1,-,-,-,Un,-,spermatogenesis and centriole associated 1,protein-coding,-,-,-,speriolin,20210420,-
130825,121163849,FBLN1,-,-,-,Un,-,fibulin 1,protein-coding,-,-,-,fibulin-1,20210420,-
130825,121163850,NAPRT,-,-,-,Un,-,nicotinate phosphoribosyltransferase,protein-coding,-,-,-,nicotinate phosphoribosyltransferase,20210420,-
130825,121163851,MAFA,-,-,-,Un,-,MAF bZIP transcription factor A,protein-coding,-,-,-,transcription factor MafA,20210420,-
130825,121163852,LY6H,-,-,-,Un,-,lymphocyte antigen 6 family member H,protein-coding,-,-,-,lymphocyte antigen 6H,20210420,-
130825,121163853,LOC121163853,-,-,-,Un,-,"cytochrome P450 11B2, mitochondrial-like",protein-coding,-,-,-,"cytochrome P450 11B2, mitochondrial-like",20210420,-
130825,121163854,LOC121163854,-,-,-,Un,-,"cytochrome P450 11B2, mitochondrial-like",protein-coding,-,-,-,"cytochrome P450 11B2, mitochondrial-like",20210420,-
130825,121163855,LOC121163855,-,-,-,Un,-,uncharacterized LOC121163855,ncRNA,-,-,-,-,20210420,-
130825,121163856,RECQL4,-,-,-,Un,-,RecQ like helicase 4,protein-coding,-,-,-,ATP-dependent DNA helicase Q4,20210420,-
130825,121163857,FOXH1,-,-,-,Un,-,forkhead box H1,protein-coding,-,-,-,forkhead box protein H1,20210420,-
130825,121163858,LOC121163858,-,-,-,Un,-,zinc transporter ZIP4-like,protein-coding,-,-,-,zinc transporter ZIP4-like,20210420,-
130825,121163859,LOC121163859,-,-,-,Un,-,zinc transporter ZIP4-like,protein-coding,-,-,-,zinc transporter ZIP4-like,20210420,-
130825,121163860,LOC121163860,-,-,-,Un,-,zinc transporter ZIP4-like,protein-coding,-,-,-,zinc transporter ZIP4-like,20210420,-
130825,121163861,LOC121163861,-,-,-,Un,-,zinc transporter ZIP4-like,protein-coding,-,-,-,zinc transporter ZIP4-like,20210420,-
130825,121163862,LOC121163862,-,-,-,Un,-,zinc transporter ZIP4-like,protein-coding,-,-,-,zinc transporter ZIP4-like,20210420,-
130825,121163863,TMEM249,-,-,-,Un,-,transmembrane protein 249,protein-coding,-,-,-,transmembrane protein 249,20210420,-
130825,121163864,HGH1,-,-,-,Un,-,HGH1 homolog,protein-coding,-,-,-,protein HGH1 homolog,20210420,-
130825,121163865,WNT7B,-,-,-,Un,-,Wnt family member 7B,protein-coding,-,-,-,protein Wnt-7b,20210420,-
130825,121163866,WDR97,-,-,-,Un,-,WD repeat domain 97,protein-coding,-,-,-,WD repeat-containing protein 97,20210420,-
130825,121163867,LOC121163867,-,-,-,Un,-,sphingomyelin phosphodiesterase 5-like,protein-coding,-,-,-,sphingomyelin phosphodiesterase 5-like,20210420,-
130825,121163868,PARP10,-,-,-,Un,-,poly(ADP-ribose) polymerase family member 10,protein-coding,-,-,-,LOW QUALITY PROTEIN: protein mono-ADP-ribosyltransferase PARP10,20210420,-
130825,121163869,EPPK1,-,-,-,Un,-,epiplakin 1,protein-coding,-,-,-,epiplakin,20210420,-
130825,121163870,IQANK1,-,-,-,Un,-,IQ motif and ankyrin repeat containing 1,protein-coding,-,-,-,IQ motif and ankyrin repeat domain-containing protein 1,20210420,-
130825,121163871,MAPK15,-,-,-,Un,-,mitogen-activated protein kinase 15,protein-coding,-,-,-,mitogen-activated protein kinase 15,20210420,-
130825,121163872,CCDC166,-,-,-,Un,-,coiled-coil domain containing 166,protein-coding,-,-,-,coiled-coil domain-containing protein 166,20210420,-
130825,121163873,TIGD5,-,-,-,Un,-,tigger transposable element derived 5,protein-coding,-,-,-,LOW QUALITY PROTEIN: tigger transposable element-derived protein 5,20210420,-
130825,121163874,RHPN1,-,-,-,Un,-,rhophilin Rho GTPase binding protein 1,protein-coding,-,-,-,rhophilin-1,20210420,-
130825,121163875,LOC121163875,-,-,-,Un,-,zinc finger protein 41-like,protein-coding,-,-,-,zinc finger protein 41-like,20210420,-
130825,121163876,GPIHBP1,-,-,-,Un,-,glycosylphosphatidylinositol anchored high density lipoprotein binding protein 1,protein-coding,-,-,-,glycosylphosphatidylinositol-anchored high density lipoprotein-binding protein 1,20210420,-
130825,121163877,LY6L,-,-,-,Un,-,lymphocyte antigen 6 family member L,protein-coding,-,-,-,lymphocyte antigen 6L,20210420,-
130825,121163878,LOC121163878,-,-,-,Un,-,lymphocyte antigen 6D-like,protein-coding,-,-,-,lymphocyte antigen 6D-like,20210420,-
130825,121163879,LOC121163879,-,-,-,Un,-,zinc finger protein 250-like,protein-coding,-,-,-,zinc finger protein 250-like,20210420,-
130825,121163880,ZNF7,-,-,-,Un,-,zinc finger protein 7,protein-coding,-,-,-,zinc finger protein 7,20210420,-
130825,121163881,CRELD2,-,-,-,Un,-,cysteine rich with EGF like domains 2,protein-coding,-,-,-,protein disulfide isomerase CRELD2,20210420,-
130825,121163882,RPL8,-,-,-,Un,-,ribosomal protein L8,protein-coding,-,-,-,60S ribosomal protein L8,20210501,-
130825,121163883,LOC121163883,-,-,-,Un,-,uncharacterized LOC121163883,ncRNA,-,-,-,-,20210420,-
130825,121163884,ARHGAP39,-,-,-,Un,-,Rho GTPase activating protein 39,protein-coding,-,-,-,rho GTPase-activating protein 39,20210420,-
130825,121163885,LRRC24,-,-,-,Un,-,leucine rich repeat containing 24,protein-coding,-,-,-,leucine-rich repeat-containing protein 24,20210420,-
130825,121163886,LRRC14,-,-,-,Un,-,leucine rich repeat containing 14,protein-coding,-,-,-,leucine-rich repeat-containing protein 14,20210420,-
130825,121163887,MFSD3,-,-,-,Un,-,major facilitator superfamily domain containing 3,protein-coding,-,-,-,major facilitator superfamily domain-containing protein 3,20210420,-
130825,121163888,CYHR1,-,-,-,Un,-,cysteine and histidine rich 1,protein-coding,-,-,-,cysteine and histidine-rich protein 1,20210420,-
130825,121163889,TONSL,-,-,-,Un,-,"tonsoku like, DNA repair protein",protein-coding,-,-,-,tonsoku-like protein,20210420,-
130825,121163890,VPS28,-,-,-,Un,-,VPS28 subunit of ESCRT-I,protein-coding,-,-,-,vacuolar protein sorting-associated protein 28 homolog,20210420,-
130825,121163891,CPSF1,-,-,-,Un,-,cleavage and polyadenylation specific factor 1,protein-coding,-,-,-,cleavage and polyadenylation specificity factor subunit 1,20210420,-
130825,121163892,ADCK5,-,-,-,Un,-,aarF domain containing kinase 5,protein-coding,-,-,-,uncharacterized aarF domain-containing protein kinase 5,20210420,-
130825,121163893,FBXL6,-,-,-,Un,-,F-box and leucine rich repeat protein 6,protein-coding,-,-,-,F-box/LRR-repeat protein 6,20210420,-
130825,121163894,SLC52A2,-,-,-,Un,-,solute carrier family 52 member 2,protein-coding,-,-,-,"solute carrier family 52, riboflavin transporter, member 2",20210420,-
130825,121163895,HSF1,-,-,-,Un,-,heat shock transcription factor 1,protein-coding,-,-,-,heat shock factor protein 1,20210420,-
130825,121163896,DGAT1,-,-,-,Un,-,diacylglycerol O-acyltransferase 1,protein-coding,-,-,-,diacylglycerol O-acyltransferase 1,20210420,-
130825,121163897,BOP1,-,-,-,Un,-,BOP1 ribosomal biogenesis factor,protein-coding,-,-,-,ribosome biogenesis protein BOP1,20210420,-
130825,121163898,SCX,-,-,-,Un,-,scleraxis bHLH transcription factor,protein-coding,-,-,-,basic helix-loop-helix transcription factor scleraxis,20210420,-
130825,121163899,MROH1,-,-,-,Un,-,maestro heat like repeat family member 1,protein-coding,-,-,-,maestro heat-like repeat-containing protein family member 1,20210420,-
130825,121163900,PIM3,-,-,-,Un,-,"Pim-3 proto-oncogene, serine/threonine kinase",protein-coding,-,-,-,serine/threonine-protein kinase pim-3,20210420,-
130825,121163901,SHARPIN,-,-,-,Un,-,SHANK associated RH domain interactor,protein-coding,-,-,-,sharpin,20210420,-
130825,121163902,LOC121163902,-,-,-,Un,-,"cytochrome c1, heme protein, mitochondrial",protein-coding,-,-,-,"cytochrome c1, heme protein, mitochondrial",20210420,-
130825,121163903,MAF1,-,-,-,Un,-,"MAF1 homolog, negative regulator of RNA polymerase III",protein-coding,-,-,-,repressor of RNA polymerase III transcription MAF1 homolog,20210420,-
130825,121163904,GPAA1,-,-,-,Un,-,glycosylphosphatidylinositol anchor attachment 1,protein-coding,-,-,-,glycosylphosphatidylinositol anchor attachment 1 protein,20210420,-
130825,121163905,EXOSC4,-,-,-,Un,-,exosome component 4,protein-coding,-,-,-,exosome complex component RRP41,20210420,-
130825,121163906,OPLAH,-,-,-,Un,-,"5-oxoprolinase, ATP-hydrolysing",protein-coding,-,-,-,5-oxoprolinase,20210420,-
130825,121163907,GRINA,-,-,-,Un,-,glutamate ionotropic receptor NMDA type subunit associated protein 1,protein-coding,-,-,-,protein lifeguard 1,20210420,-
130825,121163908,PLEC,-,-,-,Un,-,plectin,protein-coding,-,-,-,plectin,20210420,-
130825,121163909,MLC1,-,-,-,Un,-,modulator of VRAC current 1,protein-coding,-,-,-,membrane protein MLC1,20210420,-
130825,121163910,P2RY8,-,-,-,Un,-,P2Y receptor family member 8,protein-coding,-,-,-,P2Y purinoceptor 8,20210420,-
130825,121163911,NRBP2,-,-,-,Un,-,nuclear receptor binding protein 2,protein-coding,-,-,-,nuclear receptor-binding protein 2,20210420,-
130825,121163912,PANX2,-,-,-,Un,-,pannexin 2,protein-coding,-,-,-,pannexin-2,20210420,-
130825,121163913,PUF60,-,-,-,Un,-,poly(U) binding splicing factor 60,protein-coding,-,-,-,poly(U)-binding-splicing factor PUF60,20210420,-
130825,121163914,SCRIB,-,-,-,Un,-,scribble planar cell polarity protein,protein-coding,-,-,-,protein scribble homolog,20210420,-
130825,121163915,FAM83H,-,-,-,Un,-,family with sequence similarity 83 member H,protein-coding,-,-,-,protein FAM83H,20210420,-
130825,121163916,ZNF623,-,-,-,Un,-,zinc finger protein 623,protein-coding,-,-,-,zinc finger protein 623,20210420,-
130825,121163917,MAPK12,-,-,-,Un,-,mitogen-activated protein kinase 12,protein-coding,-,-,-,mitogen-activated protein kinase 12,20210420,-
130825,121163918,GFUS,-,-,-,Un,-,GDP-L-fucose synthase,protein-coding,-,-,-,GDP-L-fucose synthase,20210420,-
130825,121163919,LOC121163919,-,-,-,Un,-,uncharacterized LOC121163919,ncRNA,-,-,-,-,20210420,-
130825,121163920,PYCR3,-,-,-,Un,-,pyrroline-5-carboxylate reductase 3,protein-coding,-,-,-,pyrroline-5-carboxylate reductase 3,20210420,-
130825,121163921,EEF1D,-,-,-,Un,-,eukaryotic translation elongation factor 1 delta,protein-coding,-,-,-,elongation factor 1-delta,20210420,-
130825,121163922,MROH6,-,-,-,Un,-,maestro heat like repeat family member 6,protein-coding,-,-,-,maestro heat-like repeat-containing protein family member 6,20210420,-
130825,121163923,GSDMD,-,-,-,Un,-,gasdermin D,protein-coding,-,-,-,gasdermin-D,20210420,-
130825,121163924,ZC3H3,-,-,-,Un,-,zinc finger CCCH-type containing 3,protein-coding,-,-,-,zinc finger CCCH domain-containing protein 3,20210420,-
130825,121163925,LY6E,-,-,-,Un,-,lymphocyte antigen 6 family member E,protein-coding,-,-,-,lymphocyte antigen 6E,20210420,-
130825,121163926,SYCE1,-,-,-,Un,-,synaptonemal complex central element protein 1,protein-coding,-,-,-,synaptonemal complex central element protein 1,20210420,-
130825,121163927,LOC121163927,-,CYP2E1,-,Un,-,cytochrome P450 2E1,protein-coding,-,-,-,cytochrome P450 2E1,20210420,-
130825,121163928,LOC121163928,-,-,-,Un,-,olfactory receptor 6-like,protein-coding,-,-,-,olfactory receptor 6-like,20210420,-
130825,121163929,SPRN,-,-,-,Un,-,shadow of prion protein,protein-coding,-,-,-,shadow of prion protein,20210420,-
130825,121163930,MAPK11,-,-,-,Un,-,mitogen-activated protein kinase 11,protein-coding,-,-,-,mitogen-activated protein kinase 11,20210420,-
130825,121163931,ADGRA1,-,-,-,Un,-,adhesion G protein-coupled receptor A1,protein-coding,-,-,-,adhesion G protein-coupled receptor A1,20210420,-
130825,121163932,NKX6-2,-,-,-,Un,-,NK6 homeobox 2,protein-coding,-,-,-,homeobox protein Nkx-6.2,20210420,-
130825,121163933,STK32C,-,-,-,Un,-,serine/threonine kinase 32C,protein-coding,-,-,-,serine/threonine-protein kinase 32C,20210420,-
130825,121163934,DPYSL4,-,-,-,Un,-,dihydropyrimidinase like 4,protein-coding,-,-,-,dihydropyrimidinase-related protein 4,20210420,-
130825,121163935,JAKMIP3,-,-,-,Un,-,Janus kinase and microtubule interacting protein 3,protein-coding,-,-,-,janus kinase and microtubule-interacting protein 3,20210420,-
130825,121163936,MIOX,-,-,-,Un,-,myo-inositol oxygenase,protein-coding,-,-,-,inositol oxygenase,20210420,-
130825,121163937,TCERG1L,-,-,-,Un,-,transcription elongation regulator 1 like,protein-coding,-,-,-,transcription elongation regulator 1-like protein,20210420,-
130825,121163938,EBF3,-,-,-,Un,-,EBF transcription factor 3,protein-coding,-,-,-,transcription factor COE3,20210529,-
130825,121163939,CLRN3,-,-,-,Un,-,clarin 3,protein-coding,-,-,-,clarin-3,20210420,-
130825,121163940,LOC121163940,-,-,-,Un,-,AP-3 complex subunit sigma-1-like,protein-coding,-,-,-,AP-3 complex subunit sigma-1-like,20210420,-
130825,121163941,CUNH10orf90,-,-,-,Un,-,chromosome unknown C10orf90 homolog,protein-coding,-,-,-,(E2-independent) E3 ubiquitin-conjugating enzyme FATS,20210420,-
130825,121163942,NKX1-2,-,-,-,Un,-,NK1 homeobox 2,protein-coding,-,-,-,NK1 transcription factor-related protein 2,20210420,-
130825,121163943,LOC121163943,-,-,-,Un,-,endoplasmic reticulum chaperone BiP-like,pseudo,-,-,-,-,20210420,-
130825,121163944,CPXM2,-,-,-,Un,-,"carboxypeptidase X, M14 family member 2",protein-coding,-,-,-,inactive carboxypeptidase-like protein X2,20210420,-
130825,121163945,GPR26,-,-,-,Un,-,G protein-coupled receptor 26,protein-coding,-,-,-,G-protein coupled receptor 26,20210420,-
130825,121163946,HMX2,-,-,-,Un,-,H6 family homeobox 2,protein-coding,-,-,-,homeobox protein HMX2,20210420,-
130825,121163947,HMX3,-,-,-,Un,-,H6 family homeobox 3,protein-coding,-,-,-,homeobox protein HMX3,20210420,-
130825,121163948,FAM24A,-,-,-,Un,-,family with sequence similarity 24 member A,protein-coding,-,-,-,protein FAM24A,20210420,-
130825,121163949,LOC121163949,-,-,-,Un,-,protein FAM24A-like,protein-coding,-,-,-,protein FAM24A-like,20210420,-
130825,121163950,CUZD1,-,-,-,Un,-,CUB and zona pellucida like domains 1,protein-coding,-,-,-,CUB and zona pellucida-like domain-containing protein 1,20210420,-
130825,121163951,HTRA1,-,-,-,Un,-,HtrA serine peptidase 1,protein-coding,-,-,-,serine protease HTRA1,20210420,-
130825,121163952,LOC121163952,-,-,-,Un,-,60S ribosomal protein L22-like,protein-coding,-,-,-,LOW QUALITY PROTEIN: 60S ribosomal protein L22-like,20210420,-
130825,121163953,FGFR2,-,-,-,Un,-,fibroblast growth factor receptor 2,protein-coding,-,-,-,fibroblast growth factor receptor 2,20210420,-
130825,121163954,PLPP4,-,-,-,Un,-,phospholipid phosphatase 4,protein-coding,-,-,-,phospholipid phosphatase 4,20210529,-
130825,121163955,SFXN4,-,-,-,Un,-,sideroflexin 4,protein-coding,-,-,-,sideroflexin-4,20210420,-
130825,121163956,LOC121163956,-,-,-,Un,-,uncharacterized LOC121163956,ncRNA,-,-,-,-,20210420,-
130825,121163957,PRLHR,-,-,-,Un,-,prolactin releasing hormone receptor,protein-coding,-,-,-,prolactin-releasing peptide receptor,20210420,-
130825,121163958,EMX2,-,-,-,Un,-,empty spiracles homeobox 2,protein-coding,-,-,-,homeobox protein EMX2,20210501,-
130825,121163959,LARP1,-,-,-,Un,-,"La ribonucleoprotein 1, translational regulator",protein-coding,-,-,-,la-related protein 1,20210420,-
130825,121163960,VAX1,-,-,-,Un,-,ventral anterior homeobox 1,protein-coding,-,-,-,ventral anterior homeobox 1,20210420,-
130825,121163961,LOC121163961,-,-,-,Un,-,protein FAM161A-like,protein-coding,-,-,-,protein FAM161A-like,20210420,-
130825,121163962,HSPA12A,-,-,-,Un,-,heat shock protein family A (Hsp70) member 12A,protein-coding,-,-,-,heat shock 70 kDa protein 12A,20210420,-
130825,121163963,ENO4,-,-,-,Un,-,enolase 4,protein-coding,-,-,-,enolase 4,20210420,-
130825,121163964,CUNH10orf82,-,-,-,Un,-,chromosome unknown C10orf82 homolog,protein-coding,-,-,-,uncharacterized protein C10orf82 homolog,20210420,-
130825,121163965,LOC121163965,-,-,-,Un,-,pancreatic lipase-related protein 2-like,protein-coding,-,-,-,pancreatic lipase-related protein 2-like,20210420,-
130825,121163966,SYCE3,-,-,-,Un,-,synaptonemal complex central element protein 3,protein-coding,-,-,-,synaptonemal complex central element protein 3,20210420,-
130825,121163967,LOC121163967,-,-,-,Un,-,pancreatic triacylglycerol lipase-like,protein-coding,-,-,-,pancreatic triacylglycerol lipase-like,20210420,-
130825,121163968,LOC121163968,-,-,-,Un,-,pancreatic triacylglycerol lipase-like,protein-coding,-,-,-,pancreatic triacylglycerol lipase-like,20210420,-
130825,121163969,CCDC172,-,-,-,Un,-,coiled-coil domain containing 172,protein-coding,-,-,-,coiled-coil domain-containing protein 172,20210420,-
130825,121163970,GFRA1,-,-,-,Un,-,GDNF family receptor alpha 1,protein-coding,-,-,-,GDNF family receptor alpha-1,20210420,-
130825,121163971,LOC121163971,-,-,-,Un,-,uncharacterized LOC121163971,ncRNA,-,-,-,-,20210420,-
130825,121163972,LOC121163972,-,-,-,Un,-,uncharacterized LOC121163972,ncRNA,-,-,-,-,20210420,-
130825,121163973,LOC121163973,-,-,-,Un,-,nebulin related anchoring protein,protein-coding,-,-,-,LOW QUALITY PROTEIN: nebulin-related-anchoring protein,20210420,-
130825,121163974,CPT1B,-,-,-,Un,-,carnitine palmitoyltransferase 1B,protein-coding,-,-,-,"carnitine O-palmitoyltransferase 1, muscle isoform",20210420,-
130825,121163975,LOC121163975,-,-,-,Un,-,40S ribosomal protein S29-like,pseudo,-,-,-,-,20210420,-
130825,121163976,TECTB,-,-,-,Un,-,tectorin beta,protein-coding,-,-,-,beta-tectorin,20210420,-
130825,121163977,ADRA2A,-,-,-,Un,-,adrenoceptor alpha 2A,protein-coding,-,-,-,alpha-2A adrenergic receptor,20210420,-
130825,121163978,LOC121163978,-,-,-,Un,-,uncharacterized LOC121163978,ncRNA,-,-,-,-,20210420,-
130825,121163979,SORCS3,-,-,-,Un,-,sortilin related VPS10 domain containing receptor 3,protein-coding,-,-,-,VPS10 domain-containing receptor SorCS3,20210420,-
130825,121163980,SFR1,-,-,-,Un,-,SWI5 dependent homologous recombination repair protein 1,protein-coding,-,-,-,swi5-dependent recombination DNA repair protein 1 homolog,20210420,-
130825,121163981,CALHM1,-,-,-,Un,-,calcium homeostasis modulator 1,protein-coding,-,-,-,calcium homeostasis modulator protein 1,20210420,-
130825,121163982,INA,-,-,-,Un,-,internexin neuronal intermediate filament protein alpha,protein-coding,-,-,-,alpha-internexin,20210420,-
130825,121163983,SFXN2,-,-,-,Un,-,sideroflexin 2,protein-coding,-,-,-,sideroflexin-2,20210420,-
130825,121163984,ARL3,-,-,-,Un,-,ADP ribosylation factor like GTPase 3,protein-coding,-,-,-,ADP-ribosylation factor-like protein 3,20210420,-
130825,121163985,ELOVL3,-,-,-,Un,-,ELOVL fatty acid elongase 3,protein-coding,-,-,-,elongation of very long chain fatty acids protein 3,20210420,-
130825,121163986,NPM3,-,-,-,Un,-,nucleophosmin/nucleoplasmin 3,protein-coding,-,-,-,nucleoplasmin-3,20210420,-
130825,121163987,FGF8,-,-,-,Un,-,fibroblast growth factor 8,protein-coding,-,-,-,fibroblast growth factor 8,20210420,-
130825,121163988,LBX1,-,-,-,Un,-,ladybird homeobox 1,protein-coding,-,-,-,transcription factor LBX1,20210420,-
130825,121163989,TLX1,-,-,-,Un,-,T cell leukemia homeobox 1,protein-coding,-,-,-,T-cell leukemia homeobox protein 1,20210420,-
130825,121163990,KAZALD1,-,-,-,Un,-,Kazal type serine peptidase inhibitor domain 1,protein-coding,-,-,-,kazal-type serine protease inhibitor domain-containing protein 1,20210420,-
130825,121163991,PAX2,-,-,-,Un,-,paired box 2,protein-coding,-,-,-,paired box protein Pax-2,20210605,-
130825,121163992,WNT8B,-,-,-,Un,-,Wnt family member 8B,protein-coding,-,-,-,protein Wnt-8b,20210420,-
130825,121163993,CPN1,-,-,-,Un,-,carboxypeptidase N subunit 1,protein-coding,-,-,-,carboxypeptidase N catalytic chain,20210420,-
130825,121163994,NKX2-3,-,-,-,Un,-,NK2 homeobox 3,protein-coding,-,-,-,homeobox protein Nkx-2.3,20210420,-
130825,121163995,LOC121163995,-,-,-,Un,-,uncharacterized LOC121163995,ncRNA,-,-,-,-,20210420,-
130825,121163996,CHKB,-,-,-,Un,-,choline kinase beta,protein-coding,-,-,-,choline/ethanolamine kinase,20210420,-
130825,121163997,PYROXD2,-,-,-,Un,-,pyridine nucleotide-disulphide oxidoreductase domain 2,protein-coding,-,-,-,pyridine nucleotide-disulfide oxidoreductase domain-containing protein 2,20210420,-
130825,121163998,GOLGA7B,-,-,-,Un,-,golgin A7 family member B,protein-coding,-,-,-,golgin subfamily A member 7B,20210420,-
130825,121163999,SFRP5,-,-,-,Un,-,secreted frizzled related protein 5,protein-coding,-,-,-,secreted frizzled-related protein 5,20210420,-
130825,121164000,MORN4,-,-,-,Un,-,MORN repeat containing 4,protein-coding,-,-,-,MORN repeat-containing protein 4,20210420,-
130825,121164001,HOGA1,-,-,-,Un,-,4-hydroxy-2-oxoglutarate aldolase 1,protein-coding,-,-,-,"4-hydroxy-2-oxoglutarate aldolase, mitochondrial",20210420,-
130825,121164002,ANKRD2,-,-,-,Un,-,ankyrin repeat domain 2,protein-coding,-,-,-,LOW QUALITY PROTEIN: ankyrin repeat domain-containing protein 2,20210420,-
130825,121164003,DNTT,-,-,-,Un,-,DNA nucleotidylexotransferase,protein-coding,-,-,-,DNA nucleotidylexotransferase,20210420,-
130825,121164004,CC2D2B,-,-,-,Un,-,coiled-coil and C2 domain containing 2B,protein-coding,-,-,-,protein CC2D2B,20210420,-
130825,121164005,MAPK8IP2,-,-,-,Un,-,mitogen-activated protein kinase 8 interacting protein 2,protein-coding,-,-,-,C-Jun-amino-terminal kinase-interacting protein 2,20210420,-
130825,121164006,LOC121164006,-,-,-,Un,-,cytochrome P450 2C3-like,protein-coding,-,-,-,cytochrome P450 2C3-like,20210420,-
130825,121164007,LOC121164007,-,-,-,Un,-,cytochrome P450 2C3-like,protein-coding,-,-,-,cytochrome P450 2C3-like,20210420,-
130825,121164008,LOC121164008,-,-,-,Un,-,cytochrome P450 2C5-like,protein-coding,-,-,-,cytochrome P450 2C5-like,20210420,-
130825,121164009,LOC121164009,-,-,-,Un,-,cytochrome P450 2C5-like,protein-coding,-,-,-,cytochrome P450 2C5-like,20210420,-
130825,121164010,LOC121164010,-,-,-,Un,-,cytochrome P450 2C5-like,protein-coding,-,-,-,cytochrome P450 2C16-like|cytochrome P450 2C5-like,20210420,-
130825,121164011,SHANK3,-,-,-,Un,-,SH3 and multiple ankyrin repeat domains 3,protein-coding,-,-,-,SH3 and multiple ankyrin repeat domains protein 3,20210420,-
130825,121164012,LOC121164012,-,-,-,Un,-,cytochrome P450 2C2,protein-coding,-,-,-,cytochrome P450 2C1|cytochrome P450 2C2,20210420,-
130825,121164013,LOC121164013,-,-,-,Un,-,cytochrome P450 2C14-like,protein-coding,-,-,-,cytochrome P450 2C14-like,20210420,-
130825,121164014,LOC121164014,-,-,-,Un,-,cytochrome P450 2C14-like,pseudo,-,-,-,-,20210420,-
130825,121164015,LOC121164015,-,-,-,Un,-,"60 kDa heat shock protein, mitochondrial-like",pseudo,-,-,-,-,20210420,-
130825,121164016,LOC121164016,-,-,-,Un,-,cytochrome P450 2C14-like,protein-coding,-,-,-,cytochrome P450 2C14-like|cytochrome P450 2C9-like,20210420,-
130825,121164017,ACR,-,-,-,Un,-,acrosin,protein-coding,-,-,-,acrosin,20210420,-
130825,121164018,LOC121164018,-,-,-,Un,-,"60 kDa heat shock protein, mitochondrial-like",pseudo,-,-,-,-,20210420,-
130825,121164019,LOC121164019,-,-,-,Un,-,cytochrome P450 2C14-like,protein-coding,-,-,-,cytochrome P450 2C1-like|cytochrome P450 2C14-like,20210420,-
130825,121164020,LOC121164020,-,-,-,Un,-,cytochrome P450 2C14-like,protein-coding,-,-,-,cytochrome P450 2C1-like|cytochrome P450 2C14-like,20210420,-
130825,121164021,LOC121164021,-,-,-,Un,-,cytochrome P450 2C14-like,protein-coding,-,-,-,cytochrome P450 2C14-like|cytochrome P450 2C2-like,20210420,-
130825,121164022,LOC121164022,-,-,-,Un,-,U6 spliceosomal RNA,snRNA,-,-,-,-,20210420,-
130825,121164023,LOC121164023,-,-,-,Un,-,cytochrome P450 2C14-like,protein-coding,-,-,-,cytochrome P450 2C14-like|cytochrome P450 2C2-like,20210420,-
130825,121164024,LOC121164024,-,-,-,Un,-,cytochrome P450 2C14-like,protein-coding,-,-,-,cytochrome P450 2C1-like|cytochrome P450 2C14-like,20210420,-
130825,121164025,LOC121164025,-,-,-,Un,-,U6 spliceosomal RNA,snRNA,-,-,-,-,20210420,-
130825,121164026,LOC121164026,-,-,-,Un,-,cytochrome P450 2C1-like,protein-coding,-,-,-,cytochrome P450 2C1-like|cytochrome P450 2C14-like,20210420,-
130825,121164027,LOC121164027,-,-,-,Un,-,cytochrome P450 2C18-like,protein-coding,-,-,-,cytochrome P450 2C18-like,20210420,-
130825,121164028,LGI1,-,-,-,Un,-,leucine rich glioma inactivated 1,protein-coding,-,-,-,leucine-rich glioma-inactivated protein 1,20210420,-
130825,121164029,LOC121164029,-,-,-,Un,-,U6 spliceosomal RNA,snRNA,-,-,-,-,20210420,-
130825,121164030,RBP4,-,-,-,Un,-,retinol binding protein 4,protein-coding,-,-,-,retinol-binding protein 4,20210420,-
130825,121164031,CEP55,-,-,-,Un,-,centrosomal protein 55,protein-coding,-,-,-,centrosomal protein of 55 kDa,20210420,-
130825,121164032,LOC121164032,-,-,-,Un,-,sodium- and chloride-dependent neutral and basic amino acid transporter B(0+)-like,protein-coding,-,-,-,sodium- and chloride-dependent neutral and basic amino acid transporter B(0+)-like,20210420,-
130825,121164033,LOC121164033,-,-,-,Un,-,pulmonary surfactant-associated protein D-like,protein-coding,-,-,-,pulmonary surfactant-associated protein D-like,20210420,-
130825,121164034,LOC121164034,-,-,-,Un,-,uncharacterized LOC121164034,ncRNA,-,-,-,-,20210420,-
130825,121164035,PAOX,-,-,-,Un,-,polyamine oxidase,protein-coding,-,-,-,peroxisomal N(1)-acetyl-spermine/spermidine oxidase,20210420,-
130825,121164036,LOC121164036,-,-,-,Un,-,U6 spliceosomal RNA,snRNA,-,-,-,-,20210420,-
130825,121164037,MTG1,-,-,-,Un,-,mitochondrial ribosome associated GTPase 1,protein-coding,-,-,-,mitochondrial ribosome-associated GTPase 1,20210420,-
130825,121164038,ECHS1,-,-,-,Un,-,"enoyl-CoA hydratase, short chain 1",protein-coding,-,-,-,"enoyl-CoA hydratase, mitochondrial",20210420,-
130825,121164039,FUOM,-,-,-,Un,-,fucose mutarotase,protein-coding,-,-,-,fucose mutarotase,20210420,-
130825,121164040,ZNF511,-,-,-,Un,-,zinc finger protein 511,protein-coding,-,-,-,zinc finger protein 511,20210420,-
130825,121164041,LOC121164041,-,-,-,Un,-,U6 spliceosomal RNA,snRNA,-,-,-,-,20210420,-
130825,121164042,CALY,-,-,-,Un,-,calcyon neuron specific vesicular protein,protein-coding,-,-,-,neuron-specific vesicular protein calcyon,20210420,-
130825,121164043,TUBGCP2,-,-,-,Un,-,tubulin gamma complex associated protein 2,protein-coding,-,-,-,gamma-tubulin complex component 2,20210420,-
130825,121164044,ADAM8,-,-,-,Un,-,ADAM metallopeptidase domain 8,protein-coding,-,-,-,disintegrin and metalloproteinase domain-containing protein 8,20210420,-
130825,121164045,LOC121164045,-,-,-,Un,-,U6 spliceosomal RNA,pseudo,-,-,-,-,20210420,-
130825,121164046,INPP5A,-,-,-,Un,-,inositol polyphosphate-5-phosphatase A,protein-coding,-,-,-,inositol polyphosphate-5-phosphatase A,20210420,-
130825,121164047,LOC121164047,-,-,-,Un,-,uncharacterized LOC121164047,ncRNA,-,-,-,-,20210420,-
130825,121164048,LOC121164048,-,-,-,Un,-,uncharacterized LOC121164048,ncRNA,-,-,-,-,20210420,-
130825,121164049,PWWP2B,-,-,-,Un,-,PWWP domain containing 2B,protein-coding,-,-,-,PWWP domain-containing protein 2B,20210420,-
130825,121164050,BNIP3,-,-,-,Un,-,BCL2 interacting protein 3,protein-coding,-,-,-,BCL2/adenovirus E1B 19 kDa protein-interacting protein 3,20210420,-
130825,121164051,LOC121164051,-,-,-,Un,-,U6 spliceosomal RNA,pseudo,-,-,-,-,20210420,-
130825,121164052,GLRX3,-,-,-,Un,-,glutaredoxin 3,protein-coding,-,-,-,glutaredoxin-3,20210420,-
130825,121164053,CUNH10orf143,-,-,-,Un,-,chromosome unknown C10orf143 homolog,protein-coding,-,-,-,uncharacterized protein C10orf143 homolog,20210420,-
130825,121164054,MGMT,-,-,-,Un,-,O-6-methylguanine-DNA methyltransferase,protein-coding,-,-,-,methylated-DNA--protein-cysteine methyltransferase,20210420,-
130825,121164055,MKI67,-,-,-,Un,-,marker of proliferation Ki-67,protein-coding,-,-,-,proliferation marker protein Ki-67,20210420,-
130825,121164056,LOC121164056,-,-,-,Un,-,U6 spliceosomal RNA,snRNA,-,-,-,-,20210420,-
130825,121164057,PTPRE,-,-,-,Un,-,protein tyrosine phosphatase receptor type E,protein-coding,-,-,-,receptor-type tyrosine-protein phosphatase epsilon,20210420,-
130825,121164058,DOCK1,-,-,-,Un,-,dedicator of cytokinesis 1,protein-coding,-,-,-,dedicator of cytokinesis protein 1,20210420,-
130825,121164059,LOC121164059,-,-,-,Un,-,U6 spliceosomal RNA,pseudo,-,-,-,-,20210420,-
130825,121164060,INSYN2A,-,-,-,Un,-,inhibitory synaptic factor 2A,protein-coding,-,-,-,inhibitory synaptic factor 2A,20210420,-
130825,121164061,ADAM12,-,-,-,Un,-,ADAM metallopeptidase domain 12,protein-coding,-,-,-,disintegrin and metalloproteinase domain-containing protein 12,20210420,-
130825,121164062,DHX32,-,-,-,Un,-,DEAH-box helicase 32 (putative),protein-coding,-,-,-,putative pre-mRNA-splicing factor ATP-dependent RNA helicase DHX32,20210420,-
130825,121164063,MMP21,-,-,-,Un,-,matrix metallopeptidase 21,protein-coding,-,-,-,matrix metalloproteinase-21,20210420,-
130825,121164064,UROS,-,-,-,Un,-,uroporphyrinogen III synthase,protein-coding,-,-,-,uroporphyrinogen-III synthase,20210420,-
130825,121164065,LOC121164065,-,-,-,Un,-,U6 spliceosomal RNA,snRNA,-,-,-,-,20210420,-
130825,121164066,LOC121164066,-,-,-,Un,-,BRCA2 and CDKN1A interacting protein,protein-coding,-,-,-,BRCA2 and CDKN1A-interacting protein,20210420,-
130825,121164067,LOC121164067,-,-,-,Un,-,uncharacterized LOC121164067,ncRNA,-,-,-,-,20210420,-
130825,121164068,EDRF1,-,-,-,Un,-,erythroid differentiation regulatory factor 1,protein-coding,-,-,-,erythroid differentiation-related factor 1,20210420,-
130825,121164069,LOC121164069,-,-,-,Un,-,uncharacterized LOC121164069,ncRNA,-,-,-,-,20210420,-
130825,121164070,CTBP2,-,-,-,Un,-,C-terminal binding protein 2,protein-coding,-,-,-,C-terminal-binding protein 2,20210420,-
130825,121164071,LOC121164071,-,-,-,Un,-,U6 spliceosomal RNA,pseudo,-,-,-,-,20210420,-
130825,121164072,ZRANB1,-,-,-,Un,-,zinc finger RANBP2-type containing 1,protein-coding,-,-,-,ubiquitin thioesterase ZRANB1,20210420,-
130825,121164073,ABRAXAS2,-,-,-,Un,-,"abraxas 2, BRISC complex subunit",protein-coding,-,-,-,BRISC complex subunit Abraxas 2,20210420,-
130825,121164074,FAM53B,-,-,-,Un,-,family with sequence similarity 53 member B,protein-coding,-,-,-,protein FAM53B,20210420,-
130825,121164075,LOC121164075,-,-,-,Un,-,U6 spliceosomal RNA,pseudo,-,-,-,-,20210420,-
130825,121164076,LOC121164076,-,-,-,Un,-,phospholysine phosphohistidine inorganic pyrophosphate phosphatase,protein-coding,-,-,-,phospholysine phosphohistidine inorganic pyrophosphate phosphatase,20210420,-
130825,121164077,EEF1AKMT2,-,-,-,Un,-,EEF1A lysine methyltransferase 2,protein-coding,-,-,-,EEF1A lysine methyltransferase 2,20210420,-
130825,121164078,LOC121164078,-,-,-,Un,-,U6 spliceosomal RNA,pseudo,-,-,-,-,20210420,-
130825,121164079,OAT,-,-,-,Un,-,ornithine aminotransferase,protein-coding,-,-,-,"ornithine aminotransferase, mitochondrial",20210420,-
130825,121164080,CHST15,-,-,-,Un,-,carbohydrate sulfotransferase 15,protein-coding,-,-,-,carbohydrate sulfotransferase 15,20210420,-
130825,121164081,LOC121164081,-,-,-,Un,-,uncharacterized LOC121164081,ncRNA,-,-,-,-,20210420,-
130825,121164082,BUB3,-,-,-,Un,-,BUB3 mitotic checkpoint protein,protein-coding,-,-,-,mitotic checkpoint protein BUB3,20210420,-
130825,121164083,ACADSB,-,-,-,Un,-,acyl-CoA dehydrogenase short/branched chain,protein-coding,-,-,-,"short/branched chain specific acyl-CoA dehydrogenase, mitochondrial",20210420,-
130825,121164084,LOC121164084,-,-,-,Un,-,small nucleolar RNA SNORA70,snoRNA,-,-,-,-,20210420,-
130825,121164085,IKZF5,-,-,-,Un,-,IKAROS family zinc finger 5,protein-coding,-,-,-,zinc finger protein Pegasus,20210420,-
130825,121164086,PSTK,-,-,-,Un,-,phosphoseryl-tRNA kinase,protein-coding,-,-,-,L-seryl-tRNA(Sec) kinase,20210420,-
130825,121164087,CUNH10orf88,-,-,-,Un,-,chromosome unknown C10orf88 homolog,protein-coding,-,-,-,ATPase PAAT,20210420,-
130825,121164088,LOC121164088,-,-,-,Un,-,small nucleolar RNA SNORA57,snoRNA,-,-,-,-,20210420,-
130825,121164089,PLEKHA1,-,-,-,Un,-,pleckstrin homology domain containing A1,protein-coding,-,-,-,pleckstrin homology domain-containing family A member 1,20210420,-
130825,121164090,TACC2,-,-,-,Un,-,transforming acidic coiled-coil containing protein 2,protein-coding,-,-,-,transforming acidic coiled-coil-containing protein 2,20210420,-
130825,121164091,NSMCE4A,-,-,-,Un,-,"NSE4 homolog A, SMC5-SMC6 complex component",protein-coding,-,-,-,non-structural maintenance of chromosomes element 4 homolog A,20210420,-
130825,121164092,LOC121164092,-,-,-,Un,-,small nucleolar RNA SNORD43,snoRNA,-,-,-,-,20210420,-
130825,121164093,ATE1,-,-,-,Un,-,arginyltransferase 1,protein-coding,-,-,-,arginyl-tRNA--protein transferase 1,20210420,-
130825,121164094,LOC121164094,-,-,-,Un,-,uncharacterized LOC121164094,ncRNA,-,-,-,-,20210420,-
130825,121164095,WDR11,-,-,-,Un,-,WD repeat domain 11,protein-coding,-,-,-,WD repeat-containing protein 11,20210420,-
130825,121164096,LOC121164096,-,-,-,Un,-,small nucleolar RNA SNORD59,snoRNA,-,-,-,-,20210420,-
130825,121164097,LOC121164097,-,-,-,Un,-,SEC23 interacting protein,protein-coding,-,-,-,SEC23-interacting protein,20210420,-
130825,121164098,INPP5F,-,-,-,Un,-,inositol polyphosphate-5-phosphatase F,protein-coding,-,-,-,phosphatidylinositide phosphatase SAC2,20210420,-
130825,121164099,LOC121164099,-,-,-,Un,-,minichromosome maintenance complex binding protein,protein-coding,-,-,-,mini-chromosome maintenance complex-binding protein,20210420,-
130825,121164100,BAG3,-,-,-,Un,-,BAG cochaperone 3,protein-coding,-,-,-,BAG family molecular chaperone regulator 3,20210420,-
130825,121164101,LOC121164101,-,-,-,Un,-,small nucleolar RNA SNORD59,snoRNA,-,-,-,-,20210420,-
130825,121164102,TIAL1,-,-,-,Un,-,TIA1 cytotoxic granule associated RNA binding protein like 1,protein-coding,-,-,-,nucleolysin TIAR,20210424,-
130825,121164103,LOC121164103,-,-,-,Un,-,small nucleolar RNA SNORD74,snoRNA,-,-,-,-,20210420,-
130825,121164104,GRK5,-,-,-,Un,-,G protein-coupled receptor kinase 5,protein-coding,-,-,-,G protein-coupled receptor kinase 5,20210420,-
130825,121164105,RGS10,-,-,-,Un,-,regulator of G protein signaling 10,protein-coding,-,-,-,regulator of G-protein signaling 10,20210420,-
130825,121164106,LOC121164106,-,-,-,Un,-,uncharacterized LOC121164106,ncRNA,-,-,-,-,20210420,-
130825,121164107,PRDX3,-,-,-,Un,-,peroxiredoxin 3,protein-coding,-,-,-,"thioredoxin-dependent peroxide reductase, mitochondrial",20210420,-
130825,121164108,LOC121164108,-,-,-,Un,-,small nucleolar RNA SNORA36 family,snoRNA,-,-,-,-,20210420,-
130825,121164109,DENND10,-,-,-,Un,-,DENN domain containing 10,protein-coding,-,-,-,DENN domain-containing protein 10,20210420,-
130825,121164110,EIF3A,-,-,-,Un,-,eukaryotic translation initiation factor 3 subunit A,protein-coding,-,-,-,eukaryotic translation initiation factor 3 subunit A,20210420,-
130825,121164111,LOC121164111,-,-,-,Un,-,small nucleolar RNA SNORA2/SNORA34 family,snoRNA,-,-,-,-,20210420,-
130825,121164112,NANOS1,-,-,-,Un,-,nanos C2HC-type zinc finger 1,protein-coding,-,-,-,nanos homolog 1,20210420,-
130825,121164113,CACUL1,-,-,-,Un,-,CDK2 associated cullin domain 1,protein-coding,-,-,-,CDK2-associated and cullin domain-containing protein 1,20210420,-
130825,121164114,LOC121164114,-,-,-,Un,-,uncharacterized LOC121164114,ncRNA,-,-,-,-,20210420,-
130825,121164115,LOC121164115,-,-,-,Un,-,small nucleolar RNA SNORA2/SNORA34 family,snoRNA,-,-,-,-,20210420,-
130825,121164116,LOC121164116,-,-,-,Un,-,uncharacterized LOC121164116,ncRNA,-,-,-,-,20210420,-
130825,121164117,FAM204A,-,-,-,Un,-,family with sequence similarity 204 member A,protein-coding,-,-,-,protein FAM204A,20210420,-
130825,121164118,RAB11FIP2,-,-,-,Un,-,RAB11 family interacting protein 2,protein-coding,-,-,-,rab11 family-interacting protein 2,20210420,-
130825,121164119,LOC121164119,-,-,-,Un,-,uncharacterized LOC121164119,ncRNA,-,-,-,-,20210420,-
130825,121164120,PDZD8,-,-,-,Un,-,PDZ domain containing 8,protein-coding,-,-,-,PDZ domain-containing protein 8,20210420,-
130825,121164121,LOC121164121,-,-,-,Un,-,uncharacterized LOC121164121,ncRNA,-,-,-,-,20210420,-
130825,121164122,SLC18A2,-,-,-,Un,-,solute carrier family 18 member A2,protein-coding,-,-,-,synaptic vesicular amine transporter,20210420,-
130825,121164123,LOC121164123,-,-,-,Un,-,small nucleolar RNA SNORA30/SNORA37 family,snoRNA,-,-,-,-,20210420,-
130825,121164124,SHTN1,-,-,-,Un,-,shootin 1,protein-coding,-,-,-,shootin-1,20210420,-
130825,121164125,ATRNL1,-,-,-,Un,-,attractin like 1,protein-coding,-,-,-,attractin-like protein 1,20210420,-
130825,121164126,LOC121164126,-,-,-,Un,-,60S ribosomal protein L26-like,pseudo,-,-,-,-,20210420,-
130825,121164127,FHIP2A,-,-,-,Un,-,FHF complex subunit HOOK interacting protein 2A,protein-coding,-,-,-,protein FAM160B1,20210420,-
130825,121164128,LOC121164128,-,-,-,Un,-,small nucleolar RNA SNORA48,snoRNA,-,-,-,-,20210420,-
130825,121164129,ABLIM1,-,-,-,Un,-,actin binding LIM protein 1,protein-coding,-,-,-,actin-binding LIM protein 1,20210529,-
130825,121164130,LOC121164130,-,-,-,Un,-,small nucleolar RNA SNORA53,snoRNA,-,-,-,-,20210420,-
130825,121164131,AFAP1L2,-,-,-,Un,-,actin filament associated protein 1 like 2,protein-coding,-,-,-,actin filament-associated protein 1-like 2,20210420,-
130825,121164132,LOC121164132,-,-,-,Un,-,small Cajal body-specific RNA 11,ncRNA,-,-,-,-,20210420,-
130825,121164133,CCDC186,-,-,-,Un,-,coiled-coil domain containing 186,protein-coding,-,-,-,coiled-coil domain-containing protein 186,20210420,-
130825,121164134,ADRB1,-,-,-,Un,-,adrenoceptor beta 1,protein-coding,-,-,-,beta-1 adrenergic receptor,20210420,-
130825,121164135,DCLRE1A,-,-,-,Un,-,DNA cross-link repair 1A,protein-coding,-,-,-,DNA cross-link repair 1A protein,20210420,-
130825,121164136,NHLRC2,-,-,-,Un,-,NHL repeat containing 2,protein-coding,-,-,-,NHL repeat-containing protein 2,20210420,-
130825,121164137,TCF7L2,-,-,-,Un,-,transcription factor 7 like 2,protein-coding,-,-,-,transcription factor 7-like 2,20210529,-
130825,121164138,LOC121164138,-,-,-,Un,-,small nucleolar RNA U83B,snoRNA,-,-,-,-,20210420,-
130825,121164139,LOC121164139,-,-,-,Un,-,small nucleolar RNA U83B,snoRNA,-,-,-,-,20210420,-
130825,121164140,LOC121164140,-,-,-,Un,-,U6atac minor spliceosomal RNA,snRNA,-,-,-,-,20210420,-
130825,121164141,LOC121164141,-,-,-,Un,-,uncharacterized LOC121164141,ncRNA,-,-,-,-,20210420,-
130825,121164142,VTI1A,-,-,-,Un,-,vesicle transport through interaction with t-SNAREs 1A,protein-coding,-,-,-,vesicle transport through interaction with t-SNAREs homolog 1A,20210420,-
130825,121164143,ZDHHC6,-,-,-,Un,-,zinc finger DHHC-type palmitoyltransferase 6,protein-coding,-,-,-,palmitoyltransferase ZDHHC6,20210420,-
130825,121164144,LOC121164144,-,-,-,Un,-,small nucleolar RNA U82P,snoRNA,-,-,-,-,20210420,-
130825,121164145,ACSL5,-,-,-,Un,-,acyl-CoA synthetase long chain family member 5,protein-coding,-,-,-,long-chain-fatty-acid--CoA ligase 5,20210420,-
130825,121164146,LOC121164146,-,-,-,Un,-,small nucleolar RNA U13,pseudo,-,-,-,-,20210420,-
130825,121164147,LOC121164147,-,-,-,Un,-,uncharacterized LOC121164147,ncRNA,-,-,-,-,20210420,-
130825,121164148,LOC121164148,-,-,-,Un,-,uncharacterized LOC121164148,ncRNA,-,-,-,-,20210420,-
130825,121164149,GPAM,-,-,-,Un,-,"glycerol-3-phosphate acyltransferase, mitochondrial",protein-coding,-,-,-,"glycerol-3-phosphate acyltransferase 1, mitochondrial",20210420,-
130825,121164150,SHOC2,-,-,-,Un,-,SHOC2 leucine rich repeat scaffold protein,protein-coding,-,-,-,leucine-rich repeat protein SHOC-2,20210420,-
130825,121164151,BBIP1,-,-,-,Un,-,BBSome interacting protein 1,protein-coding,-,-,-,BBSome-interacting protein 1,20210420,-
130825,121164152,LOC121164152,-,-,-,Un,-,small nucleolar RNA U13,snoRNA,-,-,-,-,20210420,-
130825,121164153,PDCD4,-,-,-,Un,-,programmed cell death 4,protein-coding,-,-,-,programmed cell death protein 4,20210420,-
130825,121164154,SMC3,-,-,-,Un,-,structural maintenance of chromosomes 3,protein-coding,-,-,-,structural maintenance of chromosomes protein 3,20210420,-
130825,121164155,DUSP5,-,-,-,Un,-,dual specificity phosphatase 5,protein-coding,-,-,-,dual specificity protein phosphatase 5,20210420,-
130825,121164156,MXI1,-,-,-,Un,-,"MAX interactor 1, dimerization protein",protein-coding,-,-,-,max-interacting protein 1,20210420,-
130825,121164157,LOC121164157,-,-,-,Un,-,small nucleolar RNA ACA64,snoRNA,-,-,-,-,20210420,-
130825,121164158,SMNDC1,-,-,-,Un,-,survival motor neuron domain containing 1,protein-coding,-,-,-,survival of motor neuron-related-splicing factor 30,20210420,-
130825,121164159,LOC121164159,-,-,-,Un,-,uncharacterized LOC121164159,ncRNA,-,-,-,-,20210420,-
130825,121164160,LOC121164160,-,-,-,Un,-,uncharacterized LOC121164160,ncRNA,-,-,-,-,20210420,-
130825,121164161,ADD3,-,-,-,Un,-,adducin 3,protein-coding,-,-,-,gamma-adducin,20210420,-
130825,121164162,XPNPEP1,-,-,-,Un,-,X-prolyl aminopeptidase 1,protein-coding,-,-,-,xaa-Pro aminopeptidase 1,20210420,-
130825,121164163,LOC121164163,-,-,-,Un,-,small nucleolar RNA ACA64,snoRNA,-,-,-,-,20210420,-
130825,121164164,SORCS1,-,-,-,Un,-,sortilin related VPS10 domain containing receptor 1,protein-coding,-,-,-,VPS10 domain-containing receptor SorCS1,20210420,-
130825,121164165,LOC121164165,-,-,-,Un,-,U1 spliceosomal RNA,pseudo,-,-,-,-,20210420,-
130825,121164166,LOC121164166,-,-,-,Un,-,"inositol 1,4,5-trisphosphate receptor interacting protein",protein-coding,-,-,-,"inositol 1,4,5-trisphosphate receptor-interacting protein",20210420,-
130825,121164167,LOC121164167,-,-,-,Un,-,glutathione S-transferase omega-2,protein-coding,-,-,-,glutathione S-transferase omega-2,20210420,-
130825,121164168,LOC121164168,-,-,-,Un,-,ubiquitin-60S ribosomal protein L40-like,pseudo,-,-,-,-,20210420,-
130825,121164169,LOC121164169,-,-,-,Un,-,glutathione S-transferase omega-1-like,protein-coding,-,-,-,glutathione S-transferase omega-1-like,20210420,-
130825,121164170,LOC121164170,-,-,-,Un,-,U1 spliceosomal RNA,pseudo,-,-,-,-,20210420,-
130825,121164171,LOC121164171,-,-,-,Un,-,glutathione S-transferase omega-1-like,protein-coding,-,-,-,glutathione S-transferase omega-1-like,20210420,-
130825,121164172,CFAP43,-,-,-,Un,-,cilia and flagella associated protein 43,protein-coding,-,-,-,cilia- and flagella-associated protein 43,20210420,-
130825,121164173,LOC121164173,-,-,-,Un,-,elongation factor 1-gamma-like,pseudo,-,-,-,-,20210420,-
130825,121164174,SLK,-,-,-,Un,-,STE20 like kinase,protein-coding,-,-,-,STE20-like serine/threonine-protein kinase,20210420,-
130825,121164175,STN1,-,-,-,Un,-,STN1 subunit of CST complex,protein-coding,-,-,-,CST complex subunit STN1,20210420,-
130825,121164176,LOC121164176,-,-,-,Un,-,U2 spliceosomal RNA,pseudo,-,-,-,-,20210420,-
130825,121164177,SH3PXD2A,-,-,-,Un,-,SH3 and PX domains 2A,protein-coding,-,-,-,SH3 and PX domain-containing protein 2A,20210420,-
130825,121164178,NEURL1,-,-,-,Un,-,neuralized E3 ubiquitin protein ligase 1,protein-coding,-,-,-,E3 ubiquitin-protein ligase NEURL1,20210420,-
130825,121164179,LOC121164179,-,-,-,Un,-,U2 spliceosomal RNA,pseudo,-,-,-,-,20210420,-
130825,121164180,PDCD11,-,-,-,Un,-,programmed cell death 11,protein-coding,-,-,-,protein RRP5 homolog,20210420,-
130825,121164181,CALHM2,-,-,-,Un,-,calcium homeostasis modulator family member 2,protein-coding,-,-,-,calcium homeostasis modulator protein 2,20210420,-
130825,121164182,TAF5,-,-,-,Un,-,TATA-box binding protein associated factor 5,protein-coding,-,-,-,transcription initiation factor TFIID subunit 5,20210420,-
130825,121164183,ATP5MK,-,-,-,Un,-,ATP synthase membrane subunit k,protein-coding,-,-,-,"ATP synthase membrane subunit K, mitochondrial",20210420,-
130825,121164184,PCGF6,-,-,-,Un,-,polycomb group ring finger 6,protein-coding,-,-,-,polycomb group RING finger protein 6,20210420,-
130825,121164185,LOC121164185,-,-,-,Un,-,U2 spliceosomal RNA,pseudo,-,-,-,-,20210420,-
130825,121164186,CNNM2,-,-,-,Un,-,cyclin and CBS domain divalent metal cation transport mediator 2,protein-coding,-,-,-,metal transporter CNNM2,20210420,-
130825,121164187,NT5C2,-,-,-,Un,-,"5'-nucleotidase, cytosolic II",protein-coding,-,-,-,cytosolic purine 5'-nucleotidase,20210529,-
130825,121164188,LOC121164188,-,-,-,Un,-,U2 spliceosomal RNA,snRNA,-,-,-,-,20210420,-
130825,121164189,AS3MT,-,-,-,Un,-,arsenite methyltransferase,protein-coding,-,-,-,arsenite methyltransferase,20210420,-
130825,121164190,LOC121164190,-,-,-,Un,-,"steroid 17-alpha-hydroxylase/17,20 lyase",protein-coding,-,-,-,"steroid 17-alpha-hydroxylase/17,20 lyase",20210420,-
130825,121164191,WBP1L,-,-,-,Un,-,WW domain binding protein 1 like,protein-coding,-,-,-,WW domain binding protein 1-like,20210420,-
130825,121164192,BORCS7,-,-,-,Un,-,BLOC-1 related complex subunit 7,protein-coding,-,-,-,BLOC-1-related complex subunit 7,20210420,-
130825,121164193,LOC121164193,-,-,-,Un,-,U2 spliceosomal RNA,pseudo,-,-,-,-,20210420,-
130825,121164194,TRIM8,-,-,-,Un,-,tripartite motif containing 8,protein-coding,-,-,-,E3 ubiquitin-protein ligase TRIM8,20210529,-
130825,121164195,SUFU,-,-,-,Un,-,SUFU negative regulator of hedgehog signaling,protein-coding,-,-,-,suppressor of fused homolog,20210420,-
130825,121164196,LOC121164196,-,-,-,Un,-,U2 spliceosomal RNA,pseudo,-,-,-,-,20210420,-
130825,121164197,ACTR1A,-,-,-,Un,-,actin related protein 1A,protein-coding,-,-,-,alpha-centractin,20210522,-
130825,121164198,MFSD13A,-,-,-,Un,-,major facilitator superfamily domain containing 13A,protein-coding,-,-,-,transmembrane protein 180,20210420,-
130825,121164199,FBXL15,-,-,-,Un,-,F-box and leucine rich repeat protein 15,protein-coding,-,-,-,F-box/LRR-repeat protein 15,20210420,-
130825,121164200,CUEDC2,-,-,-,Un,-,CUE domain containing 2,protein-coding,-,-,-,CUE domain-containing protein 2,20210420,-
130825,121164201,LOC121164201,-,-,-,Un,-,U12 minor spliceosomal RNA,snRNA,-,-,-,-,20210420,-
130825,121164202,PSD,-,-,-,Un,-,pleckstrin and Sec7 domain containing,protein-coding,-,-,-,PH and SEC7 domain-containing protein 1,20210420,-
130825,121164203,NFKB2,-,-,-,Un,-,nuclear factor kappa B subunit 2,protein-coding,-,-,-,nuclear factor NF-kappa-B p100 subunit,20210420,-
130825,121164204,GBF1,-,-,-,Un,-,golgi brefeldin A resistant guanine nucleotide exchange factor 1,protein-coding,-,-,-,Golgi-specific brefeldin A-resistance guanine nucleotide exchange factor 1,20210420,-
130825,121164205,LOC121164205,-,-,-,Un,-,U4 spliceosomal RNA,pseudo,-,-,-,-,20210420,-
130825,121164206,PITX3,-,-,-,Un,-,paired like homeodomain 3,protein-coding,-,-,-,pituitary homeobox 3,20210420,-
130825,121164207,LOC121164207,-,-,-,Un,-,U6 spliceosomal RNA,snRNA,-,-,-,-,20210420,-
130825,121164208,NOLC1,-,-,-,Un,-,nucleolar and coiled-body phosphoprotein 1,protein-coding,-,-,-,nucleolar and coiled-body phosphoprotein 1,20210420,-
130825,121164209,PPRC1,-,-,-,Un,-,PPARG related coactivator 1,protein-coding,-,-,-,peroxisome proliferator-activated receptor gamma coactivator-related protein 1,20210420,-
130825,121164210,LOC121164210,-,-,-,Un,-,U6 spliceosomal RNA,snRNA,-,-,-,-,20210420,-
130825,121164211,LDB1,-,-,-,Un,-,LIM domain binding 1,protein-coding,-,-,-,LIM domain-binding protein 1,20210522,-
130825,121164212,HPS6,-,-,-,Un,-,HPS6 biogenesis of lysosomal organelles complex 2 subunit 3,protein-coding,-,-,-,Hermansky-Pudlak syndrome 6 protein,20210420,-
130825,121164213,LOC121164213,-,-,-,Un,-,U6 spliceosomal RNA,snRNA,-,-,-,-,20210420,-
130825,121164214,ARMH3,-,-,-,Un,-,armadillo like helical domain containing 3,protein-coding,-,-,-,armadillo-like helical domain-containing protein 3,20210420,-
130825,121164215,KCNIP2,-,-,-,Un,-,potassium voltage-gated channel interacting protein 2,protein-coding,-,-,-,Kv channel-interacting protein 2,20210420,-
130825,121164216,LOC121164216,-,-,-,Un,-,U6 spliceosomal RNA,snRNA,-,-,-,-,20210420,-
130825,121164217,LOC121164217,-,-,-,Un,-,small ubiquitin-related modifier 2-like,pseudo,-,-,-,-,20210420,-
130825,121164218,LOC121164218,-,-,-,Un,-,U6 spliceosomal RNA,snRNA,-,-,-,-,20210420,-
130825,121164219,LOC121164219,-,-,-,Un,-,40S ribosomal protein S25-like,protein-coding,-,-,-,40S ribosomal protein S25-like,20210420,-
130825,121164220,LOC121164220,-,-,-,Un,-,uncharacterized LOC121164220,ncRNA,-,-,-,-,20210420,-
130825,121164221,OGA,-,-,-,Un,-,O-GlcNAcase,protein-coding,-,-,-,protein O-GlcNAcase,20210420,-
130825,121164222,FBXW4,-,-,-,Un,-,F-box and WD repeat domain containing 4,protein-coding,-,-,-,F-box/WD repeat-containing protein 4,20210420,-
130825,121164223,DPCD,-,-,-,Un,-,deleted in primary ciliary dyskinesia homolog (mouse),protein-coding,-,-,-,protein DPCD,20210420,-
130825,121164224,LOC121164224,-,-,-,Un,-,U6 spliceosomal RNA,snRNA,-,-,-,-,20210420,-
130825,121164225,POLL,-,-,-,Un,-,DNA polymerase lambda,protein-coding,-,-,-,DNA polymerase lambda,20210420,-
130825,121164226,BTRC,-,-,-,Un,-,beta-transducin repeat containing E3 ubiquitin protein ligase,protein-coding,-,-,-,F-box/WD repeat-containing protein 1A,20210529,-
130825,121164227,LOC121164227,-,-,-,Un,-,U6 spliceosomal RNA,snRNA,-,-,-,-,20210420,-
130825,121164228,SFXN3,-,-,-,Un,-,sideroflexin 3,protein-coding,-,-,-,sideroflexin-3,20210420,-
130825,121164229,LZTS2,-,-,-,Un,-,leucine zipper tumor suppressor 2,protein-coding,-,-,-,leucine zipper putative tumor suppressor 2,20210420,-
130825,121164230,TWNK,-,-,-,Un,-,twinkle mtDNA helicase,protein-coding,-,-,-,"twinkle protein, mitochondrial",20210420,-
130825,121164231,LOC121164231,-,-,-,Un,-,U6 spliceosomal RNA,snRNA,-,-,-,-,20210420,-
130825,121164232,SEMA4G,-,-,-,Un,-,semaphorin 4G,protein-coding,-,-,-,semaphorin-4G,20210420,-
130825,121164233,MRPL43,-,-,-,Un,-,mitochondrial ribosomal protein L43,protein-coding,-,-,-,"39S ribosomal protein L43, mitochondrial",20210420,-
130825,121164234,SLF2,-,-,-,Un,-,SMC5-SMC6 complex localization factor 2,protein-coding,-,-,-,SMC5-SMC6 complex localization factor protein 2,20210420,-
130825,121164235,HIF1AN,-,FIH-1,-,Un,-,hypoxia inducible factor 1 subunit alpha inhibitor,protein-coding,-,-,-,hypoxia-inducible factor 1-alpha inhibitor|hypoxia inducible factor 1 alpha subunit inhibitor,20210420,-
130825,121164236,FAXDC2,-,-,-,Un,-,fatty acid hydroxylase domain containing 2,protein-coding,-,-,-,fatty acid hydroxylase domain-containing protein 2,20210420,-
130825,121164237,LOC121164237,-,-,-,Un,-,U6 spliceosomal RNA,snRNA,-,-,-,-,20210420,-
130825,121164238,NDUFB8,-,-,-,Un,-,NADH:ubiquinone oxidoreductase subunit B8,protein-coding,-,-,-,"NADH dehydrogenase [ubiquinone] 1 beta subcomplex subunit 8, mitochondrial",20210420,-
130825,121164239,SCD,-,-,-,Un,-,stearoyl-CoA desaturase,protein-coding,-,-,-,stearoyl-CoA desaturase,20210420,-
130825,121164240,LOC121164240,-,-,-,Un,-,acyl-CoA desaturase 1-like,protein-coding,-,-,-,acyl-CoA desaturase 1-like,20210420,-
130825,121164241,LOC121164241,-,-,-,Un,-,stearoyl-CoA desaturase-like,protein-coding,-,-,-,stearoyl-CoA desaturase-like,20210420,-
130825,121164242,BLOC1S2,-,-,-,Un,-,biogenesis of lysosomal organelles complex 1 subunit 2,protein-coding,-,-,-,biogenesis of lysosome-related organelles complex 1 subunit 2,20210420,-
130825,121164243,CHUK,-,-,-,Un,-,component of inhibitor of nuclear factor kappa B kinase complex,protein-coding,-,-,-,inhibitor of nuclear factor kappa-B kinase subunit alpha,20210420,-
130825,121164244,LOC121164244,-,-,-,Un,-,U6 spliceosomal RNA,pseudo,-,-,-,-,20210420,-
130825,121164245,CWF19L1,-,-,-,Un,-,CWF19 like cell cycle control factor 1,protein-coding,-,-,-,CWF19-like protein 1,20210420,-
130825,121164246,ERLIN1,-,-,-,Un,-,ER lipid raft associated 1,protein-coding,-,-,-,erlin-1,20210420,-
130825,121164247,LOC121164247,-,-,-,Un,-,dynamin binding protein,protein-coding,-,-,-,dynamin-binding protein,20210420,-
130825,121164248,LOC121164248,-,-,-,Un,-,U6 spliceosomal RNA,snRNA,-,-,-,-,20210420,-
130825,121164249,ABCC2,-,-,-,Un,-,ATP binding cassette subfamily C member 2,protein-coding,-,-,-,ATP-binding cassette sub-family C member 2,20210420,-
130825,121164250,CUTC,-,-,-,Un,-,cutC copper transporter,protein-coding,-,-,-,copper homeostasis protein cutC homolog,20210420,-
130825,121164251,ENTPD7,-,-,-,Un,-,ectonucleoside triphosphate diphosphohydrolase 7,protein-coding,-,-,-,ectonucleoside triphosphate diphosphohydrolase 7,20210420,-
130825,121164252,LOC121164252,-,-,-,Un,-,U6 spliceosomal RNA,snRNA,-,-,-,-,20210420,-
130825,121164253,LOC121164253,-,-,-,Un,-,cytochrome c oxidase assembly protein COX15 homolog,protein-coding,-,-,-,cytochrome c oxidase assembly protein COX15 homolog,20210420,-
130825,121164254,SLC25A28,-,-,-,Un,-,solute carrier family 25 member 28,protein-coding,-,-,-,mitoferrin-2,20210420,-
130825,121164255,GOT1,-,-,-,Un,-,glutamic-oxaloacetic transaminase 1,protein-coding,-,-,-,"aspartate aminotransferase, cytoplasmic",20210420,-
130825,121164256,CNNM1,-,-,-,Un,-,cyclin and CBS domain divalent metal cation transport mediator 1,protein-coding,-,-,-,metal transporter CNNM1,20210420,-
130825,121164257,LOC121164257,-,-,-,Un,-,U6 spliceosomal RNA,snRNA,-,-,-,-,20210420,-
130825,121164258,HPSE2,-,-,-,Un,-,heparanase 2 (inactive),protein-coding,-,-,-,inactive heparanase-2,20210420,-
130825,121164259,HPS1,-,-,-,Un,-,HPS1 biogenesis of lysosomal organelles complex 3 subunit 1,protein-coding,-,-,-,Hermansky-Pudlak syndrome 1 protein,20210420,-
130825,121164260,LOC121164260,-,-,-,Un,-,U6 spliceosomal RNA,snRNA,-,-,-,-,20210420,-
130825,121164261,LOXL4,-,-,-,Un,-,lysyl oxidase like 4,protein-coding,-,-,-,lysyl oxidase homolog 4,20210420,-
130825,121164262,R3HCC1L,-,-,-,Un,-,R3H domain and coiled-coil containing 1 like,protein-coding,-,-,-,coiled-coil domain-containing protein R3HCC1L,20210420,-
130825,121164263,ZFYVE27,-,-,-,Un,-,zinc finger FYVE-type containing 27,protein-coding,-,-,-,protrudin,20210420,-
130825,121164264,LOC121164264,-,-,-,Un,-,U6 spliceosomal RNA,snRNA,-,-,-,-,20210420,-
130825,121164265,CUNH10orf120,-,-,-,Un,-,chromosome unknown C10orf120 homolog,protein-coding,-,-,-,uncharacterized protein C10orf120 homolog,20210420,-
130825,121164266,MARVELD1,-,-,-,Un,-,MARVEL domain containing 1,protein-coding,-,-,-,MARVEL domain-containing protein 1,20210420,-
130825,121164267,AVPI1,-,-,-,Un,-,arginine vasopressin induced 1,protein-coding,-,-,-,arginine vasopressin-induced protein 1,20210420,-
130825,121164268,PI4K2A,-,-,-,Un,-,phosphatidylinositol 4-kinase type 2 alpha,protein-coding,-,-,-,phosphatidylinositol 4-kinase type 2-alpha,20210420,-
130825,121164269,UBTD1,-,-,-,Un,-,ubiquitin domain containing 1,protein-coding,-,-,-,ubiquitin domain-containing protein 1,20210420,-
130825,121164270,LOC121164270,-,-,-,Un,-,U6 spliceosomal RNA,pseudo,-,-,-,-,20210420,-
130825,121164271,MMS19,-,-,-,Un,-,"MMS19 homolog, cytosolic iron-sulfur assembly component",protein-coding,-,-,-,MMS19 nucleotide excision repair protein homolog,20210420,-
130825,121164272,ZDHHC16,-,-,-,Un,-,zinc finger DHHC-type palmitoyltransferase 16,protein-coding,-,-,-,palmitoyltransferase ZDHHC16,20210420,-
130825,121164273,LOC121164273,-,-,-,Un,-,U6 spliceosomal RNA,snRNA,-,-,-,-,20210420,-
130825,121164274,PGAM1,-,-,-,Un,-,phosphoglycerate mutase 1,protein-coding,-,-,-,phosphoglycerate mutase 1,20210420,-
130825,121164275,EXOSC1,-,-,-,Un,-,exosome component 1,protein-coding,-,-,-,exosome complex component CSL4,20210529,-
130825,121164276,LOC121164276,-,-,-,Un,-,U6 spliceosomal RNA,snRNA,-,-,-,-,20210420,-
130825,121164277,RRP12,-,-,-,Un,-,ribosomal RNA processing 12 homolog,protein-coding,-,-,-,RRP12-like protein,20210420,-
130825,121164278,FRAT2,-,-,-,Un,-,FRAT regulator of WNT signaling pathway 2,protein-coding,-,-,-,GSK-3-binding protein FRAT2,20210420,-
130825,121164279,FRAT1,-,-,-,Un,-,FRAT regulator of WNT signaling pathway 1,protein-coding,-,-,-,proto-oncogene FRAT1,20210420,-
130825,121164280,LOC121164280,-,-,-,Un,-,U6 spliceosomal RNA,snRNA,-,-,-,-,20210420,-
130825,121164281,SLIT1,-,-,-,Un,-,slit guidance ligand 1,protein-coding,-,-,-,slit homolog 1 protein,20210420,-
130825,121164282,ARHGAP19,-,-,-,Un,-,Rho GTPase activating protein 19,protein-coding,-,-,-,rho GTPase-activating protein 19,20210420,-
130825,121164283,LCOR,-,-,-,Un,-,ligand dependent nuclear receptor corepressor,protein-coding,-,-,-,ligand-dependent corepressor,20210420,-
130825,121164284,LOC121164284,-,-,-,Un,-,U6 spliceosomal RNA,snRNA,-,-,-,-,20210420,-
130825,121164285,PIK3AP1,-,-,-,Un,-,phosphoinositide-3-kinase adaptor protein 1,protein-coding,-,-,-,phosphoinositide 3-kinase adapter protein 1,20210420,-
130825,121164286,TLL2,-,-,-,Un,-,tolloid like 2,protein-coding,-,-,-,tolloid-like protein 2,20210420,-
130825,121164287,TM9SF3,-,-,-,Un,-,transmembrane 9 superfamily member 3,protein-coding,-,-,-,transmembrane 9 superfamily member 3,20210420,-
130825,121164288,BLNK,-,-,-,Un,-,B cell linker,protein-coding,-,-,-,B-cell linker protein,20210420,-
130825,121164289,LOC121164289,-,-,-,Un,-,U6 spliceosomal RNA,pseudo,-,-,-,-,20210420,-
130825,121164290,ZNF518A,-,-,-,Un,-,zinc finger protein 518A,protein-coding,-,-,-,zinc finger protein 518A,20210420,-
130825,121164291,CCNJ,-,-,-,Un,-,cyclin J,protein-coding,-,-,-,cyclin-J,20210420,-
130825,121164292,TRNAW-CCA,-,-,-,Un,-,transfer RNA tryptophan (anticodon CCA),tRNA,-,-,-,-,20210420,-
130825,121164293,ENTPD1,-,-,-,Un,-,ectonucleoside triphosphate diphosphohydrolase 1,protein-coding,-,-,-,ectonucleoside triphosphate diphosphohydrolase 1,20210420,-
130825,121164294,TCTN3,-,-,-,Un,-,tectonic family member 3,protein-coding,-,-,-,tectonic-3,20210420,-
130825,121164295,ALDH18A1,-,-,-,Un,-,aldehyde dehydrogenase 18 family member A1,protein-coding,-,-,-,delta-1-pyrroline-5-carboxylate synthase,20210420,-
130825,121164296,SORBS1,-,-,-,Un,-,sorbin and SH3 domain containing 1,protein-coding,-,-,-,sorbin and SH3 domain-containing protein 1,20210420,-
130825,121164297,PDLIM1,-,-,-,Un,-,PDZ and LIM domain 1,protein-coding,-,-,-,PDZ and LIM domain protein 1,20210420,-
130825,121164298,TRNAD-GUC,-,-,-,Un,-,transfer RNA aspartic acid (anticodon GUC),tRNA,-,-,-,-,20210420,-
130825,121164299,LOC121164299,-,-,-,Un,-,cytochrome P450 2C30-like,protein-coding,-,-,-,cytochrome P450 2C30-like,20210420,-
130825,121164300,LOC121164300,-,-,-,Un,-,cytochrome P450 2C19-like,protein-coding,-,-,-,cytochrome P450 2C19-like,20210420,-
130825,121164301,LOC121164301,-,-,-,Un,-,cytochrome P450 2C5-like,protein-coding,-,-,-,cytochrome P450 2C26-like|cytochrome P450 2C5-like,20210420,-
130825,121164302,CNOT8,-,-,-,Un,-,CCR4-NOT transcription complex subunit 8,protein-coding,-,-,-,CCR4-NOT transcription complex subunit 8,20210420,-
130825,121164303,TRNAD-GUC,-,-,-,Un,-,transfer RNA aspartic acid (anticodon GUC),tRNA,-,-,-,-,20210420,-
130825,121164304,LOC121164304,-,-,-,Un,-,cytochrome P450 2C15-like,protein-coding,-,-,-,cytochrome P450 2C15-like|cytochrome P450 2C9-like,20210420,-
130825,121164305,LOC121164305,-,-,-,Un,-,guanine nucleotide-binding protein G(I)/G(S)/G(O) subunit gamma-5-like,pseudo,-,-,-,-,20210420,-
130825,121164306,LOC121164306,-,-,-,Un,-,cytochrome P450 2C14-like,protein-coding,-,-,-,cytochrome P450 2C14-like|cytochrome P450 2C19-like,20210420,-
130825,121164307,LOC121164307,-,-,-,Un,-,cytochrome P450 2C14-like,pseudo,-,-,-,-,20210420,-
130825,121164308,HELLS,-,-,-,Un,-,"helicase, lymphoid specific",protein-coding,-,-,-,lymphoid-specific helicase,20210420,-
130825,121164309,TRNAS-CGA,-,-,-,Un,-,transfer RNA serine (anticodon CGA),tRNA,-,-,-,-,20210420,-
130825,121164310,TBC1D12,-,-,-,Un,-,TBC1 domain family member 12,protein-coding,-,-,-,TBC1 domain family member 12,20210420,-
130825,121164311,NOC3L,-,-,-,Un,-,NOC3 like DNA replication regulator,protein-coding,-,-,-,nucleolar complex protein 3 homolog,20210420,-
130825,121164312,PLCE1,-,-,-,Un,-,phospholipase C epsilon 1,protein-coding,-,-,-,"1-phosphatidylinositol 4,5-bisphosphate phosphodiesterase epsilon-1",20210420,-
130825,121164313,LOC121164313,-,-,-,Un,-,uncharacterized LOC121164313,ncRNA,-,-,-,-,20210420,-
130825,121164314,SLC35G1,-,-,-,Un,-,solute carrier family 35 member G1,protein-coding,-,-,-,solute carrier family 35 member G1,20210420,-
130825,121164315,PDE6C,-,-,-,Un,-,phosphodiesterase 6C,protein-coding,-,-,-,"cone cGMP-specific 3',5'-cyclic phosphodiesterase subunit alpha'",20210420,-
130825,121164316,LOC121164316,-,-,-,Un,-,ATP-dependent RNA helicase DDX1-like,pseudo,-,-,-,-,20210420,-
130825,121164317,LOC121164317,-,-,-,Un,-,protein FRA10AC1,protein-coding,-,-,-,protein FRA10AC1,20210420,-
130825,121164318,FFAR4,-,-,-,Un,-,free fatty acid receptor 4,protein-coding,-,-,-,free fatty acid receptor 4,20210420,-
130825,121164319,MYOF,-,-,-,Un,-,myoferlin,protein-coding,-,-,-,myoferlin,20210420,-
130825,121164320,EXOC6,-,-,-,Un,-,exocyst complex component 6,protein-coding,-,-,-,exocyst complex component 6,20210420,-
130825,121164321,LOC121164321,-,-,-,Un,-,cytochrome P450 26C1,protein-coding,-,-,-,cytochrome P450 26C1,20210420,-
130825,121164322,LOC121164322,-,-,-,Un,-,cytochrome P450 26A1,protein-coding,-,-,-,cytochrome P450 26A1,20210420,-
130825,121164323,LOC121164323,-,-,-,Un,-,A disintegrin and metalloproteinase with thrombospondin motifs 2-like,protein-coding,-,-,-,A disintegrin and metalloproteinase with thrombospondin motifs 2-like,20210420,-
130825,121164324,LOC121164324,-,-,-,Un,-,pulmonary surfactant-associated protein A-like,protein-coding,-,-,-,pulmonary surfactant-associated protein A-like,20210420,-
130825,121164325,LOC121164325,-,-,-,Un,-,mannose-binding protein A-like,protein-coding,-,-,-,mannose-binding protein A-like,20210420,-
130825,121164326,TMEM254,-,-,-,Un,-,transmembrane protein 254,protein-coding,-,-,-,transmembrane protein 254,20210420,-
130825,121164327,LOC121164327,-,-,-,Un,-,60S ribosomal protein L35a-like,pseudo,-,-,-,-,20210420,-
130825,121164328,LOC121164328,-,-,-,Un,-,zinc finger SWIM domain-containing protein 1-like,pseudo,-,-,-,-,20210420,-
130825,121164329,LOC121164329,-,-,-,Un,-,60S ribosomal protein L21-like,pseudo,-,-,-,-,20210420,-
130825,121164330,LOC121164330,-,-,-,Un,-,histone H2A.Z-like,pseudo,-,-,-,-,20210420,-
130825,121164331,LOC121164331,-,-,-,Un,-,60S acidic ribosomal protein P2-like,protein-coding,-,-,-,60S acidic ribosomal protein P2-like,20210420,-
130825,121164332,LOC121164332,-,-,-,Un,-,mastermind-like protein 1,protein-coding,-,-,-,mastermind-like protein 1,20210420,-
130825,121164333,LOC121164333,-,-,-,Un,-,cyclin-dependent kinase 4-like,pseudo,-,-,-,-,20210420,-
130825,121164334,CUNH10orf62,-,-,-,Un,-,chromosome unknown C10orf62 homolog,protein-coding,-,-,-,uncharacterized protein C10orf62 homolog,20210420,-
130825,121164335,LOC121164335,-,-,-,Un,-,phosphoglycerate mutase 1-like,pseudo,-,-,-,-,20210420,-
130825,121164336,LOC121164336,-,-,-,Un,-,heterogeneous nuclear ribonucleoproteins A2/B1-like,pseudo,-,-,-,-,20210420,-
130825,121164337,LOC121164337,-,-,-,Un,-,COP9 signalosome complex subunit 2-like,pseudo,-,-,-,-,20210420,-
130825,121164338,LOC121164338,-,-,-,Un,-,anomalous homeobox protein-like,protein-coding,-,-,-,LOW QUALITY PROTEIN: anomalous homeobox protein-like,20210420,-
130825,121164339,LOC121164339,-,-,-,Un,-,developmental pluripotency-associated protein 2-like,pseudo,-,-,-,-,20210420,-
130825,121164340,LOC121164340,-,-,-,Un,-,olfactory receptor 226-like,protein-coding,-,-,-,olfactory receptor 226-like,20210420,-
130825,121164341,PRAP1,-,-,-,Un,-,proline rich acidic protein 1,protein-coding,-,-,-,proline-rich acidic protein 1,20210420,-
130825,121164342,UTF1,-,-,-,Un,-,undifferentiated embryonic cell transcription factor 1,protein-coding,-,-,-,undifferentiated embryonic cell transcription factor 1,20210420,-
130825,121164343,LOC121164343,-,-,-,Un,-,RUN and FYVE domain-containing protein 1,protein-coding,-,-,-,RUN and FYVE domain-containing protein 1,20210420,-
130825,121164344,KNDC1,-,-,-,Un,-,kinase non-catalytic C-lobe domain containing 1,protein-coding,-,-,-,LOW QUALITY PROTEIN: kinase non-catalytic C-lobe domain-containing protein 1,20210420,-
130825,121164345,LOC121164345,-,-,-,Un,-,translation initiation factor IF-2-like,protein-coding,-,-,-,translation initiation factor IF-2-like,20210420,-
130825,121164346,CFAP46,-,-,-,Un,-,cilia and flagella associated protein 46,protein-coding,-,-,-,cilia- and flagella-associated protein 46,20210420,-
130825,121164347,LRRC27,-,-,-,Un,-,leucine rich repeat containing 27,protein-coding,-,-,-,leucine-rich repeat-containing protein 27,20210420,-
130825,121164348,LOC121164348,-,-,-,Un,-,collagen alpha-1(I) chain-like,protein-coding,-,-,-,collagen alpha-1(I) chain-like,20210420,-
130825,121164349,LOC121164349,-,-,-,Un,-,keratin-associated protein 6-2-like,protein-coding,-,-,-,keratin-associated protein 6-2-like,20210420,-
130825,121164350,FOXI2,-,-,-,Un,-,forkhead box I2,protein-coding,-,-,-,forkhead box protein I2,20210420,-
130825,121164351,NPS,-,-,-,Un,-,neuropeptide S,protein-coding,-,-,-,neuropeptide S,20210420,-
130825,121164352,FANK1,-,-,-,Un,-,fibronectin type III and ankyrin repeat domains 1,protein-coding,-,-,-,fibronectin type 3 and ankyrin repeat domains protein 1,20210420,-
130825,121164353,TEX36,-,-,-,Un,-,testis expressed 36,protein-coding,-,-,-,testis-expressed protein 36,20210420,-
130825,121164354,LOC121164354,-,-,-,Un,-,calnexin,protein-coding,-,-,-,calnexin,20210420,-
130825,121164355,LOC121164355,-,-,-,Un,-,deleted in malignant brain tumors 1 protein-like,protein-coding,-,-,-,deleted in malignant brain tumors 1 protein-like,20210420,-
130825,121164356,BTBD16,-,-,-,Un,-,BTB domain containing 16,protein-coding,-,-,-,BTB/POZ domain-containing protein 16,20210420,-
130825,121164357,LOC121164357,-,-,-,Un,-,"ATP synthase F(0) complex subunit C2, mitochondrial-like",pseudo,-,-,-,-,20210420,-
130825,121164358,LOC121164358,-,-,-,Un,-,heterogeneous nuclear ribonucleoprotein A1-like,pseudo,-,-,-,-,20210420,-
130825,121164359,KCNK18,-,-,-,Un,-,potassium two pore domain channel subfamily K member 18,protein-coding,-,-,-,potassium channel subfamily K member 18,20210420,-
130825,121164360,PNLIPRP1,-,-,-,Un,-,pancreatic lipase related protein 1,protein-coding,-,-,-,inactive pancreatic lipase-related protein 1,20210420,-
130825,121164361,LOC121164361,-,-,-,Un,-,pancreatic triacylglycerol lipase-like,protein-coding,-,-,-,pancreatic triacylglycerol lipase-like,20210420,-
130825,121164362,LOC121164362,-,-,-,Un,-,pancreatic triacylglycerol lipase-like,protein-coding,-,-,-,pancreatic triacylglycerol lipase-like,20210420,-
130825,121164363,LOC121164363,-,-,-,Un,-,heterogeneous nuclear ribonucleoprotein A3-like,pseudo,-,-,-,-,20210420,-
130825,121164364,TRUB1,-,-,-,Un,-,TruB pseudouridine synthase family member 1,protein-coding,-,-,-,probable tRNA pseudouridine synthase 1,20210420,-
130825,121164365,VWA2,-,-,-,Un,-,von Willebrand factor A domain containing 2,protein-coding,-,-,-,von Willebrand factor A domain-containing protein 2,20210420,-
130825,121164366,TDRD1,-,-,-,Un,-,tudor domain containing 1,protein-coding,-,-,-,tudor domain-containing protein 1,20210420,-
130825,121164367,PLEKHS1,-,-,-,Un,-,pleckstrin homology domain containing S1,protein-coding,-,-,-,pleckstrin homology domain-containing family S member 1,20210420,-
130825,121164368,CASP7,-,-,-,Un,-,caspase 7,protein-coding,-,-,-,caspase-7,20210420,-
130825,121164369,HABP2,-,-,-,Un,-,hyaluronan binding protein 2,protein-coding,-,-,-,hyaluronan-binding protein 2,20210420,-
130825,121164370,LOC121164370,-,-,-,Un,-,guanylate cyclase 2G-like,pseudo,-,-,-,-,20210420,-
130825,121164371,LOC121164371,-,-,-,Un,-,homeobox expressed in ES cells 1-like,pseudo,-,-,-,-,20210420,-
130825,121164372,LOC121164372,-,-,-,Un,-,U2 small nuclear ribonucleoprotein B''-like,pseudo,-,-,-,-,20210420,-
130825,121164373,RBM20,-,-,-,Un,-,RNA binding motif protein 20,protein-coding,-,-,-,RNA-binding protein 20,20210420,-
130825,121164374,LOC121164374,-,-,-,Un,-,lambda-crystallin-like,pseudo,-,-,-,-,20210420,-
130825,121164375,LOC121164375,-,-,-,Un,-,60S acidic ribosomal protein P0-like,pseudo,-,-,-,-,20210420,-
130825,121164376,LOC121164376,-,-,-,Un,-,eukaryotic translation initiation factor 2 subunit 2-like,pseudo,-,-,-,-,20210420,-
130825,121164377,CFAP58,-,-,-,Un,-,cilia and flagella associated protein 58,protein-coding,-,-,-,cilia- and flagella-associated protein 58,20210420,-
130825,121164378,COL17A1,-,-,-,Un,-,collagen type XVII alpha 1 chain,protein-coding,-,-,-,collagen alpha-1(XVII) chain,20210420,-
130825,121164379,CALHM3,-,-,-,Un,-,calcium homeostasis modulator 3,protein-coding,-,-,-,calcium homeostasis modulator protein 3,20210420,-
130825,121164380,CUNH10orf95,-,-,-,Un,-,chromosome unknown C10orf95 homolog,protein-coding,-,-,-,uncharacterized protein C10orf95 homolog,20210420,-
130825,121164381,PDZD7,-,-,-,Un,-,PDZ domain containing 7,protein-coding,-,-,-,PDZ domain-containing protein 7,20210420,-
130825,121164382,SEC31B,-,-,-,Un,-,"SEC31 homolog B, COPII coat complex component",protein-coding,-,-,-,protein transport protein Sec31B,20210420,-
130825,121164383,LOC121164383,-,-,-,Un,-,stearoyl-CoA desaturase-like,protein-coding,-,-,-,stearoyl-CoA desaturase-like,20210420,-
130825,121164384,PKD2L1,-,-,-,Un,-,"polycystin 2 like 1, transient receptor potential cation channel",protein-coding,-,-,-,polycystic kidney disease 2-like 1 protein,20210420,-
130825,121164385,LOC121164385,-,-,-,Un,-,zinc finger protein 354C-like,protein-coding,-,-,-,zinc finger protein 354C-like,20210420,-
130825,121164386,LOC121164386,-,-,-,Un,-,translation initiation factor IF-2-like,protein-coding,-,-,-,translation initiation factor IF-2-like,20210420,-
130825,121164387,CRTAC1,-,-,-,Un,-,cartilage acidic protein 1,protein-coding,-,-,-,cartilage acidic protein 1,20210420,-
130825,121164388,OPALIN,-,-,-,Un,-,oligodendrocytic myelin paranodal and inner loop protein,protein-coding,-,-,-,opalin,20210420,-
130825,121164389,LOC121164389,-,-,-,Un,-,cytochrome P450 2C18-like,protein-coding,-,-,-,cytochrome P450 2C18-like,20210420,-
130825,121164390,LOC121164390,-,-,-,Un,-,cytochrome P450 2C18-like,protein-coding,-,-,-,cytochrome P450 2C18-like,20210420,-
130825,121164391,LOC121164391,-,-,-,Un,-,solute carrier family 45 member 3-like,pseudo,-,-,-,-,20210420,-
130825,121164392,LOC121164392,-,-,-,Un,-,solute carrier family 45 member 3-like,pseudo,-,-,-,-,20210420,-
130825,121164393,LOC121164393,-,-,-,Un,-,calreticulin-like,pseudo,-,-,-,-,20210420,-
130825,121164394,LOC121164394,-,-,-,Un,-,U1 spliceosomal RNA,snRNA,-,-,-,-,20210420,-
130825,121164395,LOC121164395,-,-,-,Un,-,U2 spliceosomal RNA,snRNA,-,-,-,-,20210420,-
130825,121164396,LOC121164396,-,-,-,Un,-,U2 spliceosomal RNA,pseudo,-,-,-,-,20210420,-
130825,121164397,LOC121164397,-,-,-,Un,-,U2 spliceosomal RNA,pseudo,-,-,-,-,20210420,-
130825,121164398,LOC121164398,-,-,-,Un,-,U2 spliceosomal RNA,pseudo,-,-,-,-,20210420,-
130825,121164399,LOC121164399,-,-,-,Un,-,U6 spliceosomal RNA,snRNA,-,-,-,-,20210420,-
130825,121164400,LOC121164400,-,-,-,Un,-,U6 spliceosomal RNA,snRNA,-,-,-,-,20210420,-
130825,121164401,LOC121164401,-,-,-,Un,-,U6 spliceosomal RNA,snRNA,-,-,-,-,20210420,-
130825,121164402,LOC121164402,-,-,-,Un,-,U6 spliceosomal RNA,snRNA,-,-,-,-,20210420,-
130825,121164403,LOC121164403,-,-,-,Un,-,U6 spliceosomal RNA,snRNA,-,-,-,-,20210420,-
130825,121164404,LOC121164404,-,-,-,Un,-,U6 spliceosomal RNA,snRNA,-,-,-,-,20210420,-
130825,121164405,LOC121164405,-,-,-,Un,-,U6 spliceosomal RNA,snRNA,-,-,-,-,20210420,-
130825,121164406,LOC121164406,-,-,-,Un,-,U6 spliceosomal RNA,snRNA,-,-,-,-,20210420,-
130825,121164407,LOC121164407,-,-,-,Un,-,"alpha-1,3-mannosyl-glycoprotein 4-beta-N-acetylglucosaminyltransferase B",protein-coding,-,-,-,"alpha-1,3-mannosyl-glycoprotein 4-beta-N-acetylglucosaminyltransferase B",20210420,-
130825,121164408,LOC121164408,-,-,-,Un,-,U6 spliceosomal RNA,snRNA,-,-,-,-,20210420,-
130825,121164409,LOC121164409,-,-,-,Un,-,U6 spliceosomal RNA,snRNA,-,-,-,-,20210420,-
130825,121164410,LOC121164410,-,-,-,Un,-,U6 spliceosomal RNA,snRNA,-,-,-,-,20210420,-
130825,121164411,LOC121164411,-,-,-,Un,-,U6 spliceosomal RNA,snRNA,-,-,-,-,20210420,-
130825,121164412,LOC121164412,-,-,-,Un,-,U6 spliceosomal RNA,snRNA,-,-,-,-,20210420,-
130825,121164413,LOC121164413,-,-,-,Un,-,U6 spliceosomal RNA,pseudo,-,-,-,-,20210420,-
130825,121164414,LOC121164414,-,-,-,Un,-,U6 spliceosomal RNA,pseudo,-,-,-,-,20210420,-
130825,121164415,LOC121164415,-,-,-,Un,-,U6 spliceosomal RNA,pseudo,-,-,-,-,20210420,-
130825,121164416,LOC121164416,-,-,-,Un,-,U6 spliceosomal RNA,pseudo,-,-,-,-,20210420,-
130825,121164417,LOC121164417,-,-,-,Un,-,U6 spliceosomal RNA,pseudo,-,-,-,-,20210420,-
130825,121164418,LOC121164418,-,-,-,Un,-,small nucleolar RNA SNORD36,snoRNA,-,-,-,-,20210420,-
130825,121164419,LOC121164419,-,-,-,Un,-,small nucleolar RNA SNORA70,snoRNA,-,-,-,-,20210420,-
130825,121164420,LOC121164420,-,-,-,Un,-,small nucleolar RNA SNORA70,snoRNA,-,-,-,-,20210420,-
130825,121164421,LOC121164421,-,-,-,Un,-,small nucleolar RNA SNORA19,snoRNA,-,-,-,-,20210420,-
130825,121164422,LOC121164422,-,-,-,Un,-,small nucleolar RNA SNORA19,snoRNA,-,-,-,-,20210420,-
130825,121164423,LOC121164423,-,-,-,Un,-,small nucleolar RNA SNORA27,snoRNA,-,-,-,-,20210420,-
130825,121164424,LOC121164424,-,-,-,Un,-,small nucleolar RNA SNORA40,snoRNA,-,-,-,-,20210420,-
130825,121164425,LOC121164425,-,-,-,Un,-,small nucleolar RNA SNORA12,snoRNA,-,-,-,-,20210420,-
130825,121164426,LOC121164426,-,-,-,Un,-,casein kinase II subunit alpha'-like,pseudo,-,-,-,-,20210420,-
130825,121164427,LOC121164427,-,-,-,Un,-,uncharacterized LOC121164427,protein-coding,-,-,-,LOW QUALITY PROTEIN: uncharacterized protein LOC121164427,20210420,-
130825,121164428,LOC121164428,-,-,-,Un,-,casein kinase II subunit alpha'-like,pseudo,-,-,-,-,20210420,-
130825,121164429,LOC121164429,-,-,-,Un,-,casein kinase II subunit alpha'-like,pseudo,-,-,-,-,20210420,-
130825,121164430,LOC121164430,-,-,-,Un,-,zinc finger protein OZF-like,pseudo,-,-,-,-,20210420,-
130825,121164431,LOC121164431,-,-,-,Un,-,heterogeneous nuclear ribonucleoprotein H,protein-coding,-,-,-,heterogeneous nuclear ribonucleoprotein H,20210420,-
130825,121164432,LOC121164432,-,-,-,Un,-,casein kinase II subunit alpha'-like,pseudo,-,-,-,-,20210420,-
130825,121164433,LOC121164433,-,-,-,Un,-,casein kinase II subunit alpha'-like,pseudo,-,-,-,-,20210420,-
130825,121164434,LOC121164434,-,-,-,Un,-,zinc finger protein 248-like,protein-coding,-,-,-,zinc finger protein 248-like,20210420,-
130825,121164435,LOC121164435,-,-,-,Un,-,tubulin alpha-1C chain-like,protein-coding,-,-,-,tubulin alpha-1C chain-like,20210420,-
130825,121164436,LOC121164436,-,-,-,Un,-,tubulin alpha-1C chain-like,protein-coding,-,-,-,tubulin alpha-1C chain-like,20210420,-
130825,121164437,LOC121164437,-,-,-,Un,-,uncharacterized LOC121164437,ncRNA,-,-,-,-,20210420,-
130825,121164438,LOC121164438,-,-,-,Un,-,TBC1 domain family member 12-like,pseudo,-,-,-,-,20210420,-
130825,121164439,LOC121164439,-,-,-,Un,-,uncharacterized LOC121164439,ncRNA,-,-,-,-,20210420,-
130825,121164440,ODAD2,-,-,-,Un,-,outer dynein arm docking complex subunit 2,protein-coding,-,-,-,outer dynein arm-docking complex subunit 2,20210420,-
130825,121164441,LYZL2,-,-,-,Un,-,lysozyme like 2,protein-coding,-,-,-,lysozyme-like protein 2,20210420,-
130825,121164442,BAMBI,-,-,-,Un,-,BMP and activin membrane bound inhibitor,protein-coding,-,-,-,BMP and activin membrane-bound inhibitor homolog,20210420,-
130825,121164443,FZD8,-,-,-,Un,-,frizzled class receptor 8,protein-coding,-,-,-,frizzled-8,20210420,-
130825,121164444,PTF1A,-,-,-,Un,-,pancreas associated transcription factor 1a,protein-coding,-,-,-,pancreas transcription factor 1 subunit alpha,20210420,-
130825,121164445,KIAA1217,-,-,-,Un,-,KIAA1217 ortholog,protein-coding,-,-,-,sickle tail protein homolog,20210420,-
130825,121164446,PRTFDC1,-,-,-,Un,-,phosphoribosyl transferase domain containing 1,protein-coding,-,-,-,phosphoribosyltransferase domain-containing protein 1,20210420,-
130825,121164447,ENKUR,-,-,-,Un,-,"enkurin, TRPC channel interacting protein",protein-coding,-,-,-,enkurin,20210420,-
130825,121164448,THNSL1,-,-,-,Un,-,threonine synthase like 1,protein-coding,-,-,-,threonine synthase-like 1,20210420,-
130825,121164449,LOC121164449,-,-,-,Un,-,uncharacterized LOC121164449,ncRNA,-,-,-,-,20210420,-
130825,121164450,GPR158,-,-,-,Un,-,G protein-coupled receptor 158,protein-coding,-,-,-,probable G-protein coupled receptor 158,20210420,-
130825,121164451,RAB18,-,-,-,Un,-,"RAB18, member RAS oncogene family",protein-coding,-,-,-,ras-related protein Rab-18,20210420,-
130825,121164452,MPP7,-,-,-,Un,-,membrane palmitoylated protein 7,protein-coding,-,-,-,MAGUK p55 subfamily member 7,20210420,-
130825,121164453,SVIL,-,-,-,Un,-,supervillin,protein-coding,-,-,-,supervillin,20210420,-
130825,121164454,LOC121164454,-,-,-,Un,-,mitochondrial poly(A) polymerase,protein-coding,-,-,-,"poly(A) RNA polymerase, mitochondrial",20210420,-
130825,121164455,MAP3K8,-,-,-,Un,-,mitogen-activated protein kinase kinase kinase 8,protein-coding,-,-,-,mitogen-activated protein kinase kinase kinase 8,20210420,-
130825,121164456,WAC,-,-,-,Un,-,WW domain containing adaptor with coiled-coil,protein-coding,-,-,-,WW domain-containing adapter protein with coiled-coil,20210420,-
130825,121164457,LOC121164457,-,-,-,Un,-,uncharacterized LOC121164457,ncRNA,-,-,-,-,20210420,-
130825,121164458,ITGB1,-,-,-,Un,-,integrin subunit beta 1,protein-coding,-,-,-,integrin beta-1,20210420,-
130825,121164459,NRP1,-,-,-,Un,-,neuropilin 1,protein-coding,-,-,-,neuropilin-1,20210420,-
130825,121164460,PARD3,-,-,-,Un,-,par-3 family cell polarity regulator,protein-coding,-,-,-,partitioning defective 3 homolog,20210420,-
130825,121164461,CUL2,-,-,-,Un,-,cullin 2,protein-coding,-,-,-,cullin-2,20210420,-
130825,121164462,CREM,-,-,-,Un,-,cAMP responsive element modulator,protein-coding,-,-,-,cAMP-responsive element modulator,20210420,-
130825,121164463,LOC121164463,-,-,-,Un,-,sequestosome-1-like,protein-coding,-,-,-,sequestosome-1-like,20210420,-
130825,121164464,CCNY,-,-,-,Un,-,cyclin Y,protein-coding,-,-,-,cyclin-Y,20210420,-
130825,121164465,OTUD1,-,-,-,Un,-,OTU deubiquitinase 1,protein-coding,-,-,-,OTU domain-containing protein 1,20210420,-
130825,121164466,ARHGAP21,-,-,-,Un,-,Rho GTPase activating protein 21,protein-coding,-,-,-,rho GTPase-activating protein 21,20210420,-
130825,121164467,LOC121164467,-,-,-,Un,-,zinc finger and BTB domain-containing protein 47-like,pseudo,-,-,-,-,20210420,-
130825,121164468,LOC121164468,-,-,-,Un,-,kelch-like ECH-associated protein 1,pseudo,-,-,-,-,20210420,-
130825,121164469,MKX,-,-,-,Un,-,mohawk homeobox,protein-coding,-,-,-,homeobox protein Mohawk,20210420,-
130825,121164470,JCAD,-,-,-,Un,-,junctional cadherin 5 associated,protein-coding,-,-,-,junctional protein associated with coronary artery disease,20210420,-
130825,121164471,LOC121164471,-,-,-,Un,-,F-box only protein 3-like,pseudo,-,-,-,-,20210420,-
130825,121164472,LOC121164472,-,-,-,Un,-,rRNA-processing protein FCF1 homolog,pseudo,-,-,-,-,20210420,-
130825,121164473,GJD4,-,-,-,Un,-,gap junction protein delta 4,protein-coding,-,-,-,gap junction delta-4 protein,20210420,-
130825,121164474,LOC121164474,-,-,-,Un,-,mitochondrial pyruvate carrier 2-like,pseudo,-,-,-,-,20210420,-
130825,121164475,CUNH10orf67,-,-,-,Un,-,chromosome unknown C10orf67 homolog,protein-coding,-,-,-,"uncharacterized protein C10orf67 homolog, mitochondrial",20210420,-
130825,121164476,LOC121164476,-,-,-,Un,-,40S ribosomal protein S29-like,protein-coding,-,-,-,LOW QUALITY PROTEIN: 40S ribosomal protein S29-like,20210420,-
130825,121164477,LOC121164477,-,-,-,Un,-,collagen alpha-1(I) chain-like,protein-coding,-,-,-,collagen alpha-1(I) chain-like,20210420,-
130825,121164478,LOC121164478,-,-,-,Un,-,uncharacterized LOC121164478,protein-coding,-,-,-,LOW QUALITY PROTEIN: uncharacterized protein LOC121164478,20210420,-
130825,121164479,LOC121164479,-,-,-,Un,-,U2 spliceosomal RNA,pseudo,-,-,-,-,20210420,-
130825,121164480,LOC121164480,-,-,-,Un,-,U2 spliceosomal RNA,pseudo,-,-,-,-,20210420,-
130825,121164481,LOC121164481,-,-,-,Un,-,U6 spliceosomal RNA,snRNA,-,-,-,-,20210420,-
130825,121164482,LOC121164482,-,-,-,Un,-,U6 spliceosomal RNA,snRNA,-,-,-,-,20210420,-
130825,121164483,LOC121164483,-,-,-,Un,-,U6 spliceosomal RNA,snRNA,-,-,-,-,20210420,-
130825,121164484,LOC121164484,-,-,-,Un,-,MRN complex-interacting protein-like,protein-coding,-,-,-,MRN complex-interacting protein-like,20210420,-
130825,121164485,LOC121164485,-,-,-,Un,-,small nucleolar RNA SNORA58,snoRNA,-,-,-,-,20210420,-
130825,121164486,LOC121164486,-,-,-,Un,-,small Cajal body-specific RNA 23,ncRNA,-,-,-,-,20210420,-
130825,121164487,LOC121164487,-,-,-,Un,-,18S ribosomal RNA,rRNA,-,-,-,-,20210420,-
130825,121164488,LOC121164488,-,-,-,Un,-,18S ribosomal RNA,pseudo,-,-,-,-,20210420,-
130825,121164489,LOC121164489,-,-,-,Un,-,28S ribosomal RNA,pseudo,-,-,-,-,20210420,-
130825,121164490,LOC121164490,-,-,-,Un,-,28S ribosomal RNA,pseudo,-,-,-,-,20210420,-
130825,121164491,LOC121164491,-,-,-,Un,-,5.8S ribosomal RNA,rRNA,-,-,-,-,20210420,-
130825,121164492,LOC121164492,-,-,-,Un,-,5.8S ribosomal RNA,rRNA,-,-,-,-,20210420,-
130825,121164493,LOC121164493,-,-,-,Un,-,U1 spliceosomal RNA,snRNA,-,-,-,-,20210420,-
130825,121164494,LOC121164494,-,-,-,Un,-,uncharacterized LOC121164494,pseudo,-,-,-,-,20210420,-
130825,121164495,LOC121164495,-,-,-,Un,-,zinc finger protein 345-like,protein-coding,-,-,-,LOW QUALITY PROTEIN: zinc finger protein 345-like,20210420,-
130825,121164496,LOC121164496,-,-,-,Un,-,TBC1 domain family member 12-like,pseudo,-,-,-,-,20210420,-
130825,121164497,LOC121164497,-,-,-,Un,-,TBC1 domain family member 12-like,pseudo,-,-,-,-,20210420,-
130825,121164498,LOC121164498,-,-,-,Un,-,5.8S ribosomal RNA,rRNA,-,-,-,-,20210420,-
130825,121164499,LOC121164499,-,-,-,Un,-,28S ribosomal RNA,rRNA,-,-,-,-,20210420,-
130825,121164500,LOC121164500,-,-,-,Un,-,5.8S ribosomal RNA,rRNA,-,-,-,-,20210420,-
130825,121164501,LOC121164501,-,-,-,Un,-,18S ribosomal RNA,rRNA,-,-,-,-,20210420,-
130825,121164502,LOC121164502,-,-,-,Un,-,18S ribosomal RNA,rRNA,-,-,-,-,20210420,-
130825,121164503,LOC121164503,-,-,-,Un,-,28S ribosomal RNA,rRNA,-,-,-,-,20210420,-
130825,121164504,LOC121164504,-,-,-,Un,-,"dynein heavy chain 14, axonemal-like",protein-coding,-,-,-,"dynein heavy chain 14, axonemal-like",20210420,-
130825,121164505,LOC121164505,-,-,-,Un,-,uncharacterized LOC121164505,ncRNA,-,-,-,-,20210420,-
130825,121164506,LOC121164506,-,-,-,Un,-,"dynein heavy chain 14, axonemal-like",protein-coding,-,-,-,"dynein heavy chain 14, axonemal-like",20210420,-
130825,121164507,LOC121164507,-,-,-,Un,-,uncharacterized LOC121164507,ncRNA,-,-,-,-,20210420,-
130825,121164508,LOC121164508,-,-,-,Un,-,"dynein heavy chain 14, axonemal-like",protein-coding,-,-,-,"dynein heavy chain 14, axonemal-like",20210420,-
130825,121164509,LOC121164509,-,-,-,Un,-,TGF-beta receptor type-1-like,pseudo,-,-,-,-,20210420,-
130825,121164510,LOC121164510,-,-,-,Un,-,myosin light polypeptide 6-like,pseudo,-,-,-,-,20210420,-
130825,121164511,IGSF9B,-,-,-,Un,-,immunoglobulin superfamily member 9B,protein-coding,-,-,-,protein turtle homolog B,20210420,-
130825,121164512,SPATA19,-,-,-,Un,-,spermatogenesis associated 19,protein-coding,-,-,-,"spermatogenesis-associated protein 19, mitochondrial",20210420,-
130825,121164513,LOC121164513,-,-,-,Un,-,60S ribosomal protein L13a-like,pseudo,-,-,-,-,20210420,-
130825,121164514,NTM,-,-,-,Un,-,neurotrimin,protein-coding,-,-,-,neurotrimin,20210529,-
130825,121164515,ADAMTS15,-,-,-,Un,-,ADAM metallopeptidase with thrombospondin type 1 motif 15,protein-coding,-,-,-,A disintegrin and metalloproteinase with thrombospondin motifs 15,20210420,-
130825,121164516,ADAMTS8,-,-,-,Un,-,ADAM metallopeptidase with thrombospondin type 1 motif 8,protein-coding,-,-,-,A disintegrin and metalloproteinase with thrombospondin motifs 8,20210420,-
130825,121164517,ST14,-,-,-,Un,-,ST14 transmembrane serine protease matriptase,protein-coding,-,-,-,suppressor of tumorigenicity 14 protein,20210420,-
130825,121164518,LOC121164518,-,-,-,Un,-,SUMO-conjugating enzyme UBC9-like,pseudo,-,-,-,-,20210420,-
130825,121164519,BARX2,-,-,-,Un,-,BARX homeobox 2,protein-coding,-,-,-,homeobox protein BarH-like 2,20210420,-
130825,121164520,KCNJ5,-,-,-,Un,-,potassium inwardly rectifying channel subfamily J member 5,protein-coding,-,-,-,G protein-activated inward rectifier potassium channel 4,20210420,-
130825,121164521,KCNJ1,-,-,-,Un,-,potassium inwardly rectifying channel subfamily J member 1,protein-coding,-,-,-,ATP-sensitive inward rectifier potassium channel 1,20210420,-
130825,121164522,LOC121164522,-,-,-,Un,-,uncharacterized LOC121164522,ncRNA,-,-,-,-,20210420,-
130825,121164523,LOC121164523,-,-,-,Un,-,leukotriene C4 synthase,protein-coding,-,-,-,leukotriene C4 synthase,20210420,-
130825,121164524,LOC121164524,-,-,-,Un,-,probable dimethyladenosine transferase,pseudo,-,-,-,-,20210420,-
130825,121164525,DDX25,-,-,-,Un,-,DEAD-box helicase 25,protein-coding,-,-,-,ATP-dependent RNA helicase DDX25,20210420,-
130825,121164526,LOC121164526,-,-,-,Un,-,NADH dehydrogenase [ubiquinone] 1 alpha subcomplex assembly factor 2-like,pseudo,-,-,-,-,20210420,-
130825,121164527,LOC121164527,-,-,-,Un,-,uncharacterized LOC121164527,ncRNA,-,-,-,-,20210420,-
130825,121164528,ACAD8,-,-,-,Un,-,acyl-CoA dehydrogenase family member 8,protein-coding,-,-,-,"isobutyryl-CoA dehydrogenase, mitochondrial",20210420,-
130825,121164529,VPS26B,-,-,-,Un,-,"VPS26, retromer complex component B",protein-coding,-,-,-,vacuolar protein sorting-associated protein 26B,20210420,-
130825,121164530,THYN1,-,-,-,Un,-,thymocyte nuclear protein 1,protein-coding,-,-,-,thymocyte nuclear protein 1,20210420,-
130825,121164531,NCAPD3,-,-,-,Un,-,non-SMC condensin II complex subunit D3,protein-coding,-,-,-,condensin-2 complex subunit D3,20210420,-
130825,121164532,OPCML,-,-,-,Un,-,opioid binding protein/cell adhesion molecule like,protein-coding,-,-,-,opioid-binding protein/cell adhesion molecule,20210420,-
130825,121164533,SNX19,-,-,-,Un,-,sorting nexin 19,protein-coding,-,-,-,sorting nexin-19,20210420,-
130825,121164534,ZBTB44,-,-,-,Un,-,zinc finger and BTB domain containing 44,protein-coding,-,-,-,zinc finger and BTB domain-containing protein 44,20210420,-
130825,121164535,LOC121164535,-,-,-,Un,-,CXXC motif containing zinc binding protein-like,pseudo,-,-,-,-,20210420,-
130825,121164536,APLP2,-,-,-,Un,-,amyloid beta precursor like protein 2,protein-coding,-,-,-,amyloid-like protein 2,20210420,-
130825,121164537,PRDM10,-,-,-,Un,-,PR/SET domain 10,protein-coding,-,-,-,PR domain zinc finger protein 10,20210420,-
130825,121164538,NFRKB,-,-,-,Un,-,nuclear factor related to kappaB binding protein,protein-coding,-,-,-,nuclear factor related to kappa-B-binding protein,20210420,-
130825,121164539,TMEM45B,-,-,-,Un,-,transmembrane protein 45B,protein-coding,-,-,-,transmembrane protein 45B,20210420,-
130825,121164540,ARHGAP32,-,-,-,Un,-,Rho GTPase activating protein 32,protein-coding,-,-,-,rho GTPase-activating protein 32,20210420,-
130825,121164541,FLI1,-,-,-,Un,-,"Fli-1 proto-oncogene, ETS transcription factor",protein-coding,-,-,-,Friend leukemia integration 1 transcription factor,20210420,-
130825,121164542,LOC121164542,-,-,-,Un,-,uncharacterized LOC121164542,ncRNA,-,-,-,-,20210420,-
130825,121164543,ETS1,-,-,-,Un,-,"ETS proto-oncogene 1, transcription factor",protein-coding,-,-,-,protein C-ets-1,20210420,-
130825,121164544,KIRREL3,-,-,-,Un,-,kirre like nephrin family adhesion molecule 3,protein-coding,-,-,-,kin of IRRE-like protein 3,20210420,-
130825,121164545,LOC121164545,-,-,-,Un,-,uncharacterized LOC121164545,ncRNA,-,-,-,-,20210420,-
130825,121164546,ST3GAL4,-,-,-,Un,-,"ST3 beta-galactoside alpha-2,3-sialyltransferase 4",protein-coding,-,-,-,"CMP-N-acetylneuraminate-beta-galactosamide-alpha-2,3-sialyltransferase 4",20210420,-
130825,121164547,LOC121164547,-,-,-,Un,-,uncharacterized LOC121164547,ncRNA,-,-,-,-,20210420,-
130825,121164548,DCPS,-,-,-,Un,-,"decapping enzyme, scavenger",protein-coding,-,-,-,m7GpppX diphosphatase,20210420,-
130825,121164549,LOC121164549,-,-,-,Un,-,TIR domain containing adaptor protein,protein-coding,-,-,-,toll/interleukin-1 receptor domain-containing adapter protein,20210420,-
130825,121164550,FOXRED1,-,-,-,Un,-,FAD dependent oxidoreductase domain containing 1,protein-coding,-,-,-,FAD-dependent oxidoreductase domain-containing protein 1,20210420,-
130825,121164551,LOC121164551,-,-,-,Un,-,uncharacterized LOC121164551,ncRNA,-,-,-,-,20210420,-
130825,121164552,SRPRA,-,-,-,Un,-,SRP receptor subunit alpha,protein-coding,-,-,-,signal recognition particle receptor subunit alpha,20210420,-
130825,121164553,RPUSD4,-,-,-,Un,-,RNA pseudouridine synthase D4,protein-coding,-,-,-,mitochondrial RNA pseudouridine synthase RPUSD4,20210420,-
130825,121164554,FAM118B,-,-,-,Un,-,family with sequence similarity 118 member B,protein-coding,-,-,-,protein FAM118B,20210420,-
130825,121164555,LOC121164555,-,-,-,Un,-,nibrin-like,protein-coding,-,-,-,nibrin-like,20210420,-
130825,121164556,CDON,-,-,-,Un,-,"cell adhesion associated, oncogene regulated",protein-coding,-,-,-,cell adhesion molecule-related/down-regulated by oncogenes,20210420,-
130825,121164557,LOC121164557,-,-,-,Un,-,uncharacterized LOC121164557,ncRNA,-,-,-,-,20210420,-
130825,121164558,PUS3,-,-,-,Un,-,pseudouridine synthase 3,protein-coding,-,-,-,tRNA pseudouridine(38/39) synthase,20210420,-
130825,121164559,HYLS1,-,-,-,Un,-,HYLS1 centriolar and ciliogenesis associated,protein-coding,-,-,-,hydrolethalus syndrome protein 1,20210420,-
130825,121164560,LOC121164560,-,-,-,Un,-,beta-galactosidase-1-like protein 3,protein-coding,-,-,-,beta-galactosidase-1-like protein 3,20210420,-
130825,121164561,LOC121164561,-,-,-,Un,-,beta-galactosidase-1-like protein 2,protein-coding,-,-,-,beta-galactosidase-1-like protein 2,20210420,-
130825,121164562,JAM3,-,-,-,Un,-,junctional adhesion molecule 3,protein-coding,-,-,-,junctional adhesion molecule C,20210420,-
130825,121164563,LOC121164563,-,-,-,Un,-,coiled-coil domain-containing protein 12-like,protein-coding,-,-,-,coiled-coil domain-containing protein 12-like,20210420,-
130825,121164564,LOC121164564,-,-,-,Un,-,ubiquitin-conjugating enzyme E2 B-like,pseudo,-,-,-,-,20210420,-
130825,121164565,LOC121164565,-,-,-,Un,-,40S ribosomal protein SA-like,pseudo,-,-,-,-,20210420,-
130825,121164566,LOC121164566,-,-,-,Un,-,40S ribosomal protein S6-like,pseudo,-,-,-,-,20210420,-
130825,121164567,VSIG10L2,-,-,-,Un,-,V-set and immunoglobulin domain containing 10 like 2,protein-coding,-,-,-,V-set and immunoglobulin domain-containing protein 10-like 2,20210420,-
130825,121164568,LOC121164568,-,-,-,Un,-,prostate and testis expressed protein 13-like,protein-coding,-,-,-,prostate and testis expressed protein 13-like,20210420,-
130825,121164569,PATE2,-,-,-,Un,-,prostate and testis expressed 2,protein-coding,-,-,-,prostate and testis expressed protein 2,20210420,-
130825,121164570,LOC121164570,-,-,-,Un,-,E3 ubiquitin-protein ligase RING2-like,protein-coding,-,-,-,E3 ubiquitin-protein ligase RING2-like,20210420,-
130825,121164571,LOC121164571,-,-,-,Un,-,uncharacterized LOC121164571,protein-coding,-,-,-,uncharacterized protein LOC121164571,20210420,-
130825,121164572,LOC121164572,-,-,-,Un,-,cTAGE family member 2-like,protein-coding,-,-,-,cTAGE family member 2-like,20210420,-
130825,121164573,LOC121164573,-,-,-,Un,-,uncharacterized LOC121164573,ncRNA,-,-,-,-,20210420,-
130825,121164574,LOC121164574,-,-,-,Un,-,U6 spliceosomal RNA,pseudo,-,-,-,-,20210420,-
130825,121164575,LOC121164575,-,-,-,Un,-,U6 spliceosomal RNA,pseudo,-,-,-,-,20210420,-
130825,121164576,LOC121164576,-,-,-,Un,-,U6 spliceosomal RNA,snRNA,-,-,-,-,20210420,-
130825,121164577,LOC121164577,-,-,-,Un,-,small nucleolar RNA SNORA16B/SNORA16A family,snoRNA,-,-,-,-,20210420,-
130825,121164578,LOC121164578,-,-,-,Un,-,U2 spliceosomal RNA,pseudo,-,-,-,-,20210420,-
130825,121164579,LOC121164579,-,-,-,Un,-,U6 spliceosomal RNA,snRNA,-,-,-,-,20210420,-
130825,121164580,LOC121164580,-,-,-,Un,-,U6 spliceosomal RNA,snRNA,-,-,-,-,20210420,-
130825,121164581,LOC121164581,-,-,-,Un,-,uncharacterized LOC121164581,ncRNA,-,-,-,-,20210420,-
130825,121164582,LOC121164582,-,-,-,Un,-,U11 spliceosomal RNA,snRNA,-,-,-,-,20210420,-
130825,121164583,LOC121164583,-,-,-,Un,-,60S ribosomal protein L15-like,pseudo,-,-,-,-,20210420,-
130825,121164584,LOC121164584,-,-,-,Un,-,protein chibby homolog 3-like,protein-coding,-,-,-,protein chibby homolog 3-like,20210420,-
130825,121164585,LOC121164585,-,-,-,Un,-,fizzy-related protein homolog,protein-coding,-,-,-,LOW QUALITY PROTEIN: fizzy-related protein homolog,20210420,-
130825,121164586,LOC121164586,-,-,-,Un,-,zinc finger protein 41-like,pseudo,-,-,-,-,20210420,-
130825,121164587,LOC121164587,-,-,-,Un,-,hsc70-interacting protein-like,pseudo,-,-,-,-,20210420,-
130825,121164588,LOC121164588,-,-,-,Un,-,protein DEK-like,pseudo,-,-,-,-,20210420,-
130825,121164589,LOC121164589,-,-,-,Un,-,G-protein coupled receptor family C group 5 member B-like,protein-coding,-,-,-,LOW QUALITY PROTEIN: G-protein coupled receptor family C group 5 member B-like,20210420,-
130825,121164590,LOC121164590,-,-,-,Un,-,uncharacterized LOC121164590,ncRNA,-,-,-,-,20210420,-
130825,121164591,LOC121164591,-,-,-,Un,-,G-protein coupled receptor family C group 5 member B-like,protein-coding,-,-,-,LOW QUALITY PROTEIN: G-protein coupled receptor family C group 5 member B-like,20210420,-
130825,121164592,LOC121164592,-,-,-,Un,-,protein DEK-like,pseudo,-,-,-,-,20210420,-
130825,121164593,LOC121164593,-,-,-,Un,-,uncharacterized LOC121164593,ncRNA,-,-,-,-,20210420,-
130825,121164594,LOC121164594,-,-,-,Un,-,protein DEK-like,pseudo,-,-,-,-,20210420,-
130825,121164595,LOC121164595,-,-,-,Un,-,TBC1 domain family member 9B-like,protein-coding,-,-,-,LOW QUALITY PROTEIN: TBC1 domain family member 9B-like,20210420,-
130825,121164596,LOC121164596,-,-,-,Un,-,G-protein coupled receptor family C group 5 member B-like,protein-coding,-,-,-,LOW QUALITY PROTEIN: G-protein coupled receptor family C group 5 member B-like,20210420,-
130825,121164597,LOC121164597,-,-,-,Un,-,gastrokine-3-like,protein-coding,-,-,-,gastrokine-3-like,20210420,-
130825,121164598,GPR45,-,-,-,Un,-,G protein-coupled receptor 45,protein-coding,-,-,-,probable G-protein coupled receptor 45,20210420,-
130825,121164599,APOB,-,-,-,Un,-,apolipoprotein B,protein-coding,-,-,-,LOW QUALITY PROTEIN: apolipoprotein B-100,20210420,-
130825,121164600,ECRG4,-,-,-,Un,-,ECRG4 augurin precursor,protein-coding,-,-,-,augurin,20210420,-
130825,121164601,UCN,-,-,-,Un,-,urocortin,protein-coding,-,-,-,urocortin,20210420,-
130825,121164602,TDRD15,-,-,-,Un,-,tudor domain containing 15,protein-coding,-,-,-,tudor domain-containing protein 15,20210420,-
130825,121164603,LOC121164603,-,-,-,Un,-,T-complex protein 1 subunit eta-like,pseudo,-,-,-,-,20210420,-
130825,121164604,SLC5A7,-,-,-,Un,-,solute carrier family 5 member 7,protein-coding,-,-,-,high affinity choline transporter 1,20210420,-
130825,121164605,LOC121164605,-,-,-,Un,-,40S ribosomal protein S15a-like,pseudo,-,-,-,-,20210420,-
130825,121164606,LOC121164606,-,-,-,Un,-,uncharacterized LOC121164606,ncRNA,-,-,-,-,20210420,-
130825,121164607,FAM228A,-,-,-,Un,-,family with sequence similarity 228 member A,protein-coding,-,-,-,protein FAM228A,20210420,-
130825,121164608,LOC121164608,-,-,-,Un,-,uncharacterized LOC121164608,ncRNA,-,-,-,-,20210420,-
130825,121164609,POMC,-,-,-,Un,-,proopiomelanocortin,protein-coding,-,-,-,pro-opiomelanocortin,20210420,-
130825,121164610,LOC121164610,-,-,-,Un,-,basic proline-rich protein-like,protein-coding,-,-,-,basic proline-rich protein-like,20210420,-
130825,121164611,LOC121164611,-,-,-,Un,-,thioredoxin domain-containing protein 9-like,pseudo,-,-,-,-,20210420,-
130825,121164612,ADGRF3,-,-,-,Un,-,adhesion G protein-coupled receptor F3,protein-coding,-,-,-,adhesion G-protein coupled receptor F3,20210420,-
130825,121164613,ABHD1,-,-,-,Un,-,abhydrolase domain containing 1,protein-coding,-,-,-,protein ABHD1,20210420,-
130825,121164614,LOC121164614,-,-,-,Un,-,uncharacterized LOC121164614,ncRNA,-,-,-,-,20210420,-
130825,121164615,SLC5A6,-,-,-,Un,-,solute carrier family 5 member 6,protein-coding,-,-,-,sodium-dependent multivitamin transporter,20210420,-
130825,121164616,LOC121164616,-,-,-,Un,-,fibronectin type III domain-containing protein 4-like,protein-coding,-,-,-,fibronectin type III domain-containing protein 4-like,20210420,-
130825,121164617,LOC121164617,-,-,-,Un,-,glucokinase regulatory protein-like,protein-coding,-,-,-,LOW QUALITY PROTEIN: glucokinase regulatory protein-like,20210420,-
130825,121164618,LOC121164618,-,-,-,Un,-,uncharacterized LOC121164618,ncRNA,-,-,-,-,20210420,-
130825,121164619,LOC121164619,-,-,-,Un,-,coiled-coil domain-containing protein 121-like,protein-coding,-,-,-,coiled-coil domain-containing protein 121-like,20210420,-
130825,121164620,PLB1,-,-,-,Un,-,phospholipase B1,protein-coding,-,-,-,"phospholipase B1, membrane-associated",20210420,-
130825,121164621,LOC121164621,-,-,-,Un,-,putative elongation factor 1-alpha-like 3,pseudo,-,-,-,-,20210420,-
130825,121164622,LOC121164622,-,-,-,Un,-,uncharacterized LOC121164622,ncRNA,-,-,-,-,20210420,-
130825,121164623,LOC121164623,-,-,-,Un,-,E3 ubiquitin-protein ligase ARIH2-like,pseudo,-,-,-,-,20210420,-
130825,121164624,LOC121164624,-,-,-,Un,-,elongation factor 1-alpha 1-like,pseudo,-,-,-,-,20210420,-
130825,121164625,LOC121164625,-,-,-,Un,-,heterogeneous nuclear ribonucleoprotein A3-like,pseudo,-,-,-,-,20210420,-
130825,121164626,LOC121164626,-,-,-,Un,-,60S ribosomal protein L29-like,pseudo,-,-,-,-,20210420,-
130825,121164627,LOC121164627,-,-,-,Un,-,tetratricopeptide repeat protein 39B-like,protein-coding,-,-,-,tetratricopeptide repeat protein 39B-like,20210420,-
130825,121164628,LOC121164628,-,-,-,Un,-,SAP domain-containing ribonucleoprotein-like,pseudo,-,-,-,-,20210420,-
130825,121164629,LOC121164629,-,-,-,Un,-,heterogeneous nuclear ribonucleoprotein A3-like,pseudo,-,-,-,-,20210420,-
130825,121164630,EPAS1,-,-,-,Un,-,endothelial PAS domain protein 1,protein-coding,-,-,-,endothelial PAS domain-containing protein 1,20210420,-
130825,121164631,LOC121164631,-,-,-,Un,-,"RNA transcription, translation and transport factor protein-like",pseudo,-,-,-,-,20210420,-
130825,121164632,TMEM247,-,-,-,Un,-,transmembrane protein 247,protein-coding,-,-,-,transmembrane protein 247,20210420,-
130825,121164633,LOC121164633,-,-,-,Un,-,uncharacterized LOC121164633,ncRNA,-,-,-,-,20210420,-
130825,121164634,LOC121164634,-,-,-,Un,-,40S ribosomal protein S2-like,pseudo,-,-,-,-,20210420,-
130825,121164635,LOC121164635,-,-,-,Un,-,RNA-binding protein 41-like,pseudo,-,-,-,-,20210420,-
130825,121164636,LOC121164636,-,-,-,Un,-,G1/S-specific cyclin-E2-like,pseudo,-,-,-,-,20210420,-
130825,121164637,HAND1,-,-,-,Un,-,heart and neural crest derivatives expressed 1,protein-coding,-,-,-,heart- and neural crest derivatives-expressed protein 1,20210529,-
130825,121164638,ANKRD53,-,-,-,Un,-,ankyrin repeat domain 53,protein-coding,-,-,-,ankyrin repeat domain-containing protein 53,20210420,-
130825,121164639,VAX2,-,-,-,Un,-,ventral anterior homeobox 2,protein-coding,-,-,-,ventral anterior homeobox 2,20210420,-
130825,121164640,CLEC4F,-,-,-,Un,-,C-type lectin domain family 4 member F,protein-coding,-,-,-,C-type lectin domain family 4 member F,20210420,-
130825,121164641,FIGLA,-,-,-,Un,-,folliculogenesis specific bHLH transcription factor,protein-coding,-,-,-,factor in the germline alpha,20210420,-
130825,121164642,LOC121164642,-,-,-,Un,-,TBC1 domain family member 9B-like,protein-coding,-,-,-,LOW QUALITY PROTEIN: TBC1 domain family member 9B-like,20210420,-
130825,121164643,LOC121164643,-,-,-,Un,-,protein SET-like,protein-coding,-,-,-,protein SET-like,20210420,-
130825,121164644,PCARE,-,-,-,Un,-,photoreceptor cilium actin regulator,protein-coding,-,-,-,photoreceptor cilium actin regulator,20210420,-
130825,121164645,LOC121164645,-,-,-,Un,-,uncharacterized LOC121164645,ncRNA,-,-,-,-,20210420,-
130825,121164646,FAM166C,-,-,-,Un,-,family with sequence similarity 166 member C,protein-coding,-,-,-,protein FAM166C,20210420,-
130825,121164647,TLR8,-,-,-,Un,-,toll like receptor 8,protein-coding,-,-,-,toll-like receptor 8,20210420,-
130825,121164648,LOC121164648,-,-,-,Un,-,zinc finger protein 717-like,protein-coding,-,-,-,zinc finger protein 717-like,20210420,-
130825,121164649,ACP1,-,-,-,Un,-,acid phosphatase 1,protein-coding,-,-,-,low molecular weight phosphotyrosine protein phosphatase,20210420,-
130825,121164650,EIPR1,-,-,-,Un,-,EARP complex and GARP complex interacting protein 1,protein-coding,-,-,-,EARP and GARP complex-interacting protein 1,20210420,-
130825,121164651,TRAPPC12,-,-,-,Un,-,trafficking protein particle complex subunit 12,protein-coding,-,-,-,trafficking protein particle complex subunit 12,20210420,-
130825,121164652,LOC121164652,-,-,-,Un,-,60S ribosomal protein L17-like,pseudo,-,-,-,-,20210420,-
130825,121164653,ADI1,-,-,-,Un,-,acireductone dioxygenase 1,protein-coding,-,-,-,"1,2-dihydroxy-3-keto-5-methylthiopentene dioxygenase",20210420,-
130825,121164654,RNASEH1,-,-,-,Un,-,ribonuclease H1,protein-coding,-,-,-,ribonuclease H1,20210420,-
130825,121164655,RPS7,-,-,-,Un,-,ribosomal protein S7,protein-coding,-,-,-,40S ribosomal protein S7,20210501,-
130825,121164656,CMPK2,-,-,-,Un,-,cytidine/uridine monophosphate kinase 2,protein-coding,-,-,-,"UMP-CMP kinase 2, mitochondrial",20210420,-
130825,121164657,RSAD2,-,-,-,Un,-,radical S-adenosyl methionine domain containing 2,protein-coding,-,-,-,radical S-adenosyl methionine domain-containing protein 2,20210420,-
130825,121164658,RNF144A,-,-,-,Un,-,ring finger protein 144A,protein-coding,-,-,-,E3 ubiquitin-protein ligase RNF144A,20210420,-
130825,121164659,LOC121164659,-,-,-,Un,-,tropomyosin alpha-3 chain-like,pseudo,-,-,-,-,20210420,-
130825,121164660,LOC121164660,-,-,-,Un,-,uncharacterized LOC121164660,ncRNA,-,-,-,-,20210420,-
130825,121164661,LOC121164661,-,-,-,Un,-,uncharacterized LOC121164661,ncRNA,-,-,-,-,20210420,-
130825,121164662,LOC121164662,-,-,-,Un,-,uncharacterized LOC121164662,ncRNA,-,-,-,-,20210420,-
130825,121164663,ID2,-,-,-,Un,-,inhibitor of DNA binding 2,protein-coding,-,-,-,DNA-binding protein inhibitor ID-2,20210420,-
130825,121164664,KIDINS220,-,-,-,Un,-,kinase D interacting substrate 220,protein-coding,-,-,-,kinase D-interacting substrate of 220 kDa,20210420,-
130825,121164665,MBOAT2,-,-,-,Un,-,membrane bound O-acyltransferase domain containing 2,protein-coding,-,-,-,lysophospholipid acyltransferase 2,20210420,-
130825,121164666,LRRC69,-,-,-,Un,-,leucine rich repeat containing 69,protein-coding,-,-,-,leucine-rich repeat-containing protein 69,20210420,-
130825,121164667,ASAP2,-,-,-,Un,-,"ArfGAP with SH3 domain, ankyrin repeat and PH domain 2",protein-coding,-,-,-,"arf-GAP with SH3 domain, ANK repeat and PH domain-containing protein 2",20210420,-
130825,121164668,ITGB1BP1,-,-,-,Un,-,integrin subunit beta 1 binding protein 1,protein-coding,-,-,-,integrin beta-1-binding protein 1,20210420,-
130825,121164669,LOC121164669,-,-,-,Un,-,heterogeneous nuclear ribonucleoprotein A3-like,pseudo,-,-,-,-,20210420,-
130825,121164670,LOC121164670,-,-,-,Un,-,uncharacterized LOC121164670,ncRNA,-,-,-,-,20210420,-
130825,121164671,ADAM17,-,-,-,Un,-,ADAM metallopeptidase domain 17,protein-coding,-,-,-,disintegrin and metalloproteinase domain-containing protein 17,20210420,-
130825,121164672,CPSF3,-,-,-,Un,-,cleavage and polyadenylation specific factor 3,protein-coding,-,-,-,cleavage and polyadenylation specificity factor subunit 3,20210420,-
130825,121164673,IAH1,-,-,-,Un,-,isoamyl acetate hydrolyzing esterase 1 (putative),protein-coding,-,-,-,isoamyl acetate-hydrolyzing esterase 1 homolog,20210420,-
130825,121164674,YWHAQ,-,-,-,Un,-,tyrosine 3-monooxygenase/tryptophan 5-monooxygenase activation protein theta,protein-coding,-,-,-,14-3-3 protein theta,20210501,-
130825,121164675,LOC121164675,-,-,-,Un,-,peptidyl-prolyl cis-trans isomerase A-like,pseudo,-,-,-,-,20210420,-
130825,121164676,TAF1B,-,-,-,Un,-,"TATA-box binding protein associated factor, RNA polymerase I subunit B",protein-coding,-,-,-,TATA box-binding protein-associated factor RNA polymerase I subunit B,20210420,-
130825,121164677,KLF11,-,-,-,Un,-,Kruppel like factor 11,protein-coding,-,-,-,Krueppel-like factor 11,20210420,-
130825,121164678,RRM2,-,-,-,Un,-,ribonucleotide reductase regulatory subunit M2,protein-coding,-,-,-,ribonucleoside-diphosphate reductase subunit M2,20210420,-
130825,121164679,HPCAL1,-,-,-,Un,-,hippocalcin like 1,protein-coding,-,-,-,hippocalcin-like protein 1,20210529,-
130825,121164680,ODC1,-,-,-,Un,-,ornithine decarboxylase 1,protein-coding,-,-,-,ornithine decarboxylase,20210420,-
130825,121164681,NOL10,-,-,-,Un,-,nucleolar protein 10,protein-coding,-,-,-,nucleolar protein 10,20210420,-
130825,121164682,PDIA6,-,-,-,Un,-,protein disulfide isomerase family A member 6,protein-coding,-,-,-,protein disulfide-isomerase A6,20210420,-
130825,121164683,PROP1,-,-,-,Un,-,PROP paired-like homeobox 1,protein-coding,-,-,-,homeobox protein prophet of Pit-1,20210420,-
130825,121164684,ATP6V1C2,-,-,-,Un,-,ATPase H+ transporting V1 subunit C2,protein-coding,-,-,-,V-type proton ATPase subunit C 2,20210420,-
130825,121164685,ROCK2,-,-,-,Un,-,Rho associated coiled-coil containing protein kinase 2,protein-coding,-,-,-,rho-associated protein kinase 2,20210420,-
130825,121164686,SLC66A3,-,-,-,Un,-,solute carrier family 66 member 3,protein-coding,-,-,-,solute carrier family 66 member 3,20210420,-
130825,121164687,E2F6,-,-,-,Un,-,E2F transcription factor 6,protein-coding,-,-,-,transcription factor E2F6,20210420,-
130825,121164688,LPIN1,-,-,-,Un,-,lipin 1,protein-coding,-,-,-,phosphatidate phosphatase LPIN1,20210420,-
130825,121164689,LOC121164689,-,-,-,Un,-,E3 ubiquitin-protein ligase TRIM39-like,pseudo,-,-,-,-,20210420,-
130825,121164690,TRIB2,-,-,-,Un,-,tribbles pseudokinase 2,protein-coding,-,-,-,tribbles homolog 2,20210522,-
130825,121164691,PRR30,-,-,-,Un,-,proline rich 30,protein-coding,-,-,-,proline-rich protein 30,20210420,-
130825,121164692,NBAS,-,-,-,Un,-,NBAS subunit of NRZ tethering complex,protein-coding,-,-,-,neuroblastoma-amplified sequence,20210420,-
130825,121164693,DDX1,-,-,-,Un,-,DEAD-box helicase 1,protein-coding,-,-,-,ATP-dependent RNA helicase DDX1,20210420,-
130825,121164694,LOC121164694,-,-,-,Un,-,uncharacterized LOC121164694,ncRNA,-,-,-,-,20210420,-
130825,121164695,CYRIA,-,-,-,Un,-,CYFIP related Rac1 interactor A,protein-coding,-,-,-,CYFIP-related Rac1 interactor A,20210522,-
130825,121164696,LOC121164696,-,-,-,Un,-,nicotinamide/nicotinic acid mononucleotide adenylyltransferase 1-like,pseudo,-,-,-,-,20210420,-
130825,121164697,VSNL1,-,-,-,Un,-,visinin like 1,protein-coding,-,-,-,visinin-like protein 1,20210522,-
130825,121164698,SMC6,-,-,-,Un,-,structural maintenance of chromosomes 6,protein-coding,-,-,-,structural maintenance of chromosomes protein 6,20210420,-
130825,121164699,GEN1,-,-,-,Un,-,GEN1 Holliday junction 5' flap endonuclease,protein-coding,-,-,-,LOW QUALITY PROTEIN: flap endonuclease GEN homolog 1,20210420,-
130825,121164700,NT5C1B,-,-,-,Un,-,"5'-nucleotidase, cytosolic IB",protein-coding,-,-,-,cytosolic 5'-nucleotidase 1B,20210420,-
130825,121164701,CNBD1,-,-,-,Un,-,cyclic nucleotide binding domain containing 1,protein-coding,-,-,-,cyclic nucleotide-binding domain-containing protein 1,20210420,-
130825,121164702,RDH14,-,-,-,Un,-,retinol dehydrogenase 14,protein-coding,-,-,-,retinol dehydrogenase 14,20210420,-
130825,121164703,TTC32,-,-,-,Un,-,tetratricopeptide repeat domain 32,protein-coding,-,-,-,tetratricopeptide repeat protein 32,20210420,-
130825,121164704,LAPTM4A,-,-,-,Un,-,lysosomal protein transmembrane 4 alpha,protein-coding,-,-,-,lysosomal-associated transmembrane protein 4A,20210420,-
130825,121164705,PUM2,-,-,-,Un,-,pumilio RNA binding family member 2,protein-coding,-,-,-,pumilio homolog 2,20210420,-
130825,121164706,CNGB3,-,-,-,Un,-,cyclic nucleotide gated channel subunit beta 3,protein-coding,-,-,-,cyclic nucleotide-gated cation channel beta-3,20210420,-
130825,121164707,LOC121164707,-,-,-,Un,-,non-histone chromosomal protein HMG-14-like,pseudo,-,-,-,-,20210420,-
130825,121164708,RHOB,-,-,-,Un,-,ras homolog family member B,protein-coding,-,-,-,rho-related GTP-binding protein RhoB,20210522,-
130825,121164709,HS1BP3,-,-,-,Un,-,HCLS1 binding protein 3,protein-coding,-,-,-,HCLS1-binding protein 3,20210420,-
130825,121164710,LDAH,-,-,-,Un,-,lipid droplet associated hydrolase,protein-coding,-,-,-,lipid droplet-associated hydrolase,20210420,-
130825,121164711,ATAD2B,-,-,-,Un,-,ATPase family AAA domain containing 2B,protein-coding,-,-,-,ATPase family AAA domain-containing protein 2B,20210420,-
130825,121164712,LOC121164712,-,-,-,Un,-,solute carrier family 7 member 13-like,protein-coding,-,-,-,solute carrier family 7 member 13-like,20210420,-
130825,121164713,MFSD2B,-,-,-,Un,-,major facilitator superfamily domain containing 2B,protein-coding,-,-,-,major facilitator superfamily domain-containing protein 2B,20210420,-
130825,121164714,UBXN2A,-,-,-,Un,-,UBX domain protein 2A,protein-coding,-,-,-,UBX domain-containing protein 2A,20210420,-
130825,121164715,LOC121164715,-,-,-,Un,-,WD repeat and coiled coil containing,protein-coding,-,-,-,WD repeat and coiled-coil-containing protein,20210420,-
130825,121164716,SF3B6,-,-,-,Un,-,splicing factor 3b subunit 6,protein-coding,-,-,-,splicing factor 3B subunit 6,20210424,-
130825,121164717,TP53I3,-,-,-,Un,-,tumor protein p53 inducible protein 3,protein-coding,-,-,-,quinone oxidoreductase PIG3,20210420,-
130825,121164718,ITSN2,-,-,-,Un,-,intersectin 2,protein-coding,-,-,-,intersectin-2,20210420,-
130825,121164719,LOC121164719,-,-,-,Un,-,STING ER exit protein-like,pseudo,-,-,-,-,20210420,-
130825,121164720,LOC121164720,-,-,-,Un,-,uncharacterized LOC121164720,ncRNA,-,-,-,-,20210420,-
130825,121164721,NCOA1,-,-,-,Un,-,nuclear receptor coactivator 1,protein-coding,-,-,-,nuclear receptor coactivator 1,20210420,-
130825,121164722,ADCY3,-,-,-,Un,-,adenylate cyclase 3,protein-coding,-,-,-,adenylate cyclase type 3,20210420,-
130825,121164723,CENPO,-,-,-,Un,-,centromere protein O,protein-coding,-,-,-,centromere protein O,20210420,-
130825,121164724,PTRHD1,-,-,-,Un,-,peptidyl-tRNA hydrolase domain containing 1,protein-coding,-,-,-,putative peptidyl-tRNA hydrolase PTRHD1,20210420,-
130825,121164725,DNAJC27,-,-,-,Un,-,DnaJ heat shock protein family (Hsp40) member C27,protein-coding,-,-,-,dnaJ homolog subfamily C member 27,20210420,-
130825,121164726,EFR3B,-,-,-,Un,-,EFR3 homolog B,protein-coding,-,-,-,protein EFR3 homolog B,20210420,-
130825,121164727,DNMT3A,-,-,-,Un,-,DNA methyltransferase 3 alpha,protein-coding,-,-,-,DNA (cytosine-5)-methyltransferase 3A,20210420,-
130825,121164728,LOC121164728,-,-,-,Un,-,60S ribosomal protein L15-like,protein-coding,-,-,-,60S ribosomal protein L15-like,20210420,-
130825,121164729,DTNB,-,-,-,Un,-,dystrobrevin beta,protein-coding,-,-,-,dystrobrevin beta,20210420,-
130825,121164730,LOC121164730,-,-,-,Un,-,translation machinery-associated protein 7-like,pseudo,-,-,-,-,20210420,-
130825,121164731,ASXL2,-,-,-,Un,-,ASXL transcriptional regulator 2,protein-coding,-,-,-,putative Polycomb group protein ASXL2,20210420,-
130825,121164732,KIF3C,-,-,-,Un,-,kinesin family member 3C,protein-coding,-,-,-,kinesin-like protein KIF3C,20210420,-
130825,121164733,RAB10,-,-,-,Un,-,"RAB10, member RAS oncogene family",protein-coding,-,-,-,ras-related protein Rab-10,20210522,-
130825,121164734,GAREM2,-,-,-,Un,-,GRB2 associated regulator of MAPK1 subtype 2,protein-coding,-,-,-,GRB2-associated and regulator of MAPK protein 2,20210420,-
130825,121164735,HADHA,-,-,-,Un,-,hydroxyacyl-CoA dehydrogenase trifunctional multienzyme complex subunit alpha,protein-coding,-,-,-,"trifunctional enzyme subunit alpha, mitochondrial",20210420,-
130825,121164736,LOC121164736,-,-,-,Un,-,myocardial zonula adherens protein-like,pseudo,-,-,-,-,20210420,-
130825,121164737,HADHB,-,-,-,Un,-,hydroxyacyl-CoA dehydrogenase trifunctional multienzyme complex subunit beta,protein-coding,-,-,-,"trifunctional enzyme subunit beta, mitochondrial",20210420,-
130825,121164738,SELENOI,-,-,-,Un,-,selenoprotein I,protein-coding,-,-,-,ethanolaminephosphotransferase 1,20210420,-
130825,121164739,SLC35F6,-,-,-,Un,-,solute carrier family 35 member F6,protein-coding,-,-,-,solute carrier family 35 member F6,20210420,-
130825,121164740,CENPA,-,-,-,Un,-,centromere protein A,protein-coding,-,-,-,histone H3-like centromeric protein A,20210420,-
130825,121164741,MAPRE3,-,-,-,Un,-,microtubule associated protein RP/EB family member 3,protein-coding,-,-,-,microtubule-associated protein RP/EB family member 3,20210420,-
130825,121164742,TMEM214,-,-,-,Un,-,transmembrane protein 214,protein-coding,-,-,-,transmembrane protein 214,20210420,-
130825,121164743,AGBL5,-,-,-,Un,-,AGBL carboxypeptidase 5,protein-coding,-,-,-,cytosolic carboxypeptidase-like protein 5,20210420,-
130825,121164744,OST4,-,-,-,Un,-,"oligosaccharyltransferase complex subunit 4, non-catalytic",protein-coding,-,-,-,dolichyl-diphosphooligosaccharide--protein glycosyltransferase subunit 4,20210522,-
130825,121164745,LOC121164745,-,-,-,Un,-,protein IWS1 homolog,pseudo,-,-,-,-,20210420,-
130825,121164746,KHK,-,-,-,Un,-,ketohexokinase,protein-coding,-,-,-,ketohexokinase,20210420,-
130825,121164747,SAP30L,-,-,-,Un,-,SAP30 like,protein-coding,-,-,-,histone deacetylase complex subunit SAP30L,20210420,-
130825,121164748,PREB,-,-,-,Un,-,prolactin regulatory element binding,protein-coding,-,-,-,prolactin regulatory element-binding protein,20210420,-
130825,121164749,ATRAID,-,-,-,Un,-,all-trans retinoic acid induced differentiation factor,protein-coding,-,-,-,all-trans retinoic acid-induced differentiation factor,20210420,-
130825,121164750,CAD,-,-,-,Un,-,"carbamoyl-phosphate synthetase 2, aspartate transcarbamylase, and dihydroorotase",protein-coding,-,-,-,CAD protein,20210420,-
130825,121164751,LOC121164751,-,-,-,Un,-,eukaryotic translation initiation factor 4E type 2-like,pseudo,-,-,-,-,20210420,-
130825,121164752,MPV17,-,-,-,Un,-,mitochondrial inner membrane protein MPV17,protein-coding,-,-,-,protein Mpv17,20210420,-
130825,121164753,GTF3C2,-,-,-,Un,-,general transcription factor IIIC subunit 2,protein-coding,-,-,-,general transcription factor 3C polypeptide 2,20210420,-
130825,121164754,ZNF513,-,-,-,Un,-,zinc finger protein 513,protein-coding,-,-,-,zinc finger protein 513,20210420,-
130825,121164755,EIF2B4,-,-,-,Un,-,eukaryotic translation initiation factor 2B subunit delta,protein-coding,-,-,-,translation initiation factor eIF-2B subunit delta,20210420,-
130825,121164756,LOC121164756,-,-,-,Un,-,cuticle collagen 34-like,protein-coding,-,-,-,cuticle collagen 34-like,20210420,-
130825,121164757,SNX17,-,-,-,Un,-,sorting nexin 17,protein-coding,-,-,-,sorting nexin-17,20210420,-
130825,121164758,PPM1G,-,-,-,Un,-,"protein phosphatase, Mg2+/Mn2+ dependent 1G",protein-coding,-,-,-,protein phosphatase 1G,20210420,-
130825,121164759,LOC121164759,-,-,-,Un,-,nuclear receptor-binding protein-like,protein-coding,-,-,-,nuclear receptor-binding protein-like,20210529,-
130825,121164760,LOC121164760,-,-,-,Un,-,intraflagellar transport protein 172 homolog,protein-coding,-,-,-,intraflagellar transport protein 172 homolog,20210420,-
130825,121164761,LOC121164761,-,-,-,Un,-,keratinocyte-associated protein 3-like,protein-coding,-,-,-,keratinocyte-associated protein 3-like,20210420,-
130825,121164762,LOC121164762,-,-,-,Un,-,zinc finger protein 512,protein-coding,-,-,-,zinc finger protein 512,20210420,-
130825,121164763,LOC121164763,-,-,-,Un,-,GPN-loop GTPase 1,protein-coding,-,-,-,GPN-loop GTPase 1,20210420,-
130825,121164764,LOC121164764,-,-,-,Un,-,solute carrier family 4 member 1 adaptor protein,protein-coding,-,-,-,kanadaptin,20210420,-
130825,121164765,LOC121164765,-,-,-,Un,-,26S proteasome non-ATPase regulatory subunit 13-like,pseudo,-,-,-,-,20210420,-
130825,121164766,SUPT7L,-,-,-,Un,-,"SPT7 like, STAGA complex subunit gamma",protein-coding,-,-,-,STAGA complex 65 subunit gamma,20210420,-
130825,121164767,LOC121164767,-,-,-,Un,-,uncharacterized LOC121164767,ncRNA,-,-,-,-,20210420,-
130825,121164768,MRPL33,-,-,-,Un,-,mitochondrial ribosomal protein L33,protein-coding,-,-,-,"39S ribosomal protein L33, mitochondrial",20210420,-
130825,121164769,LOC121164769,-,-,-,Un,-,uncharacterized LOC121164769,ncRNA,-,-,-,-,20210420,-
130825,121164770,BABAM2,-,-,-,Un,-,BRISC and BRCA1 A complex member 2,protein-coding,-,-,-,BRISC and BRCA1-A complex member 2,20210420,-
130825,121164771,RBKS,-,-,-,Un,-,ribokinase,protein-coding,-,-,-,ribokinase,20210420,-
130825,121164772,LOC121164772,-,-,-,Un,-,"transcription factor A, mitochondrial-like",pseudo,-,-,-,-,20210420,-
130825,121164773,LOC121164773,-,-,-,Un,-,60S ribosomal protein L23-like,pseudo,-,-,-,-,20210420,-
130825,121164774,LOC121164774,-,-,-,Un,-,uncharacterized LOC121164774,ncRNA,-,-,-,-,20210420,-
130825,121164775,FOSL2,-,-,-,Un,-,"FOS like 2, AP-1 transcription factor subunit",protein-coding,-,-,-,fos-related antigen 2,20210420,-
130825,121164776,LOC121164776,-,-,-,Un,-,uncharacterized LOC121164776,ncRNA,-,-,-,-,20210420,-
130825,121164777,PPP1CB,-,-,-,Un,-,protein phosphatase 1 catalytic subunit beta,protein-coding,-,-,-,serine/threonine-protein phosphatase PP1-beta catalytic subunit,20210522,-
130825,121164778,WDR43,-,-,-,Un,-,WD repeat domain 43,protein-coding,-,-,-,WD repeat-containing protein 43,20210420,-
130825,121164779,YPEL5,-,-,-,Un,-,yippee like 5,protein-coding,-,-,-,protein yippee-like 5,20210522,-
130825,121164780,LOC121164780,-,-,-,Un,-,heterogeneous nuclear ribonucleoprotein A1-like,pseudo,-,-,-,-,20210420,-
130825,121164781,LBH,-,-,-,Un,-,LBH regulator of WNT signaling pathway,protein-coding,-,-,-,protein LBH,20210420,-
130825,121164782,LCLAT1,-,-,-,Un,-,lysocardiolipin acyltransferase 1,protein-coding,-,-,-,lysocardiolipin acyltransferase 1,20210420,-
130825,121164783,LOC121164783,-,-,-,Un,-,uncharacterized LOC121164783,ncRNA,-,-,-,-,20210420,-
130825,121164784,GALNT14,-,-,-,Un,-,polypeptide N-acetylgalactosaminyltransferase 14,protein-coding,-,-,-,polypeptide N-acetylgalactosaminyltransferase 14,20210420,-
130825,121164785,EHD3,-,-,-,Un,-,EH domain containing 3,protein-coding,-,-,-,EH domain-containing protein 3,20210420,-
130825,121164786,LOC121164786,-,-,-,Un,-,ras-related protein Rab-4B-like,pseudo,-,-,-,-,20210420,-
130825,121164787,MEMO1,-,-,-,Un,-,mediator of cell motility 1,protein-coding,-,-,-,protein MEMO1,20210501,-
130825,121164788,SRD5A2,-,-,-,Un,-,steroid 5 alpha-reductase 2,protein-coding,-,-,-,3-oxo-5-alpha-steroid 4-dehydrogenase 2,20210420,-
130825,121164789,DPY30,-,-,-,Un,-,dpy-30 histone methyltransferase complex regulatory subunit,protein-coding,-,-,-,protein dpy-30 homolog,20210522,-
130825,121164790,SPAST,-,-,-,Un,-,spastin,protein-coding,-,-,-,spastin,20210420,-
130825,121164791,SLC30A6,-,-,-,Un,-,solute carrier family 30 member 6,protein-coding,-,-,-,zinc transporter 6,20210420,-
130825,121164792,LOC121164792,-,-,-,Un,-,CWF19-like protein 2,pseudo,-,-,-,-,20210420,-
130825,121164793,YIPF4,-,-,-,Un,-,Yip1 domain family member 4,protein-coding,-,-,-,protein YIPF4,20210420,-
130825,121164794,MSGN1,-,-,-,Un,-,mesogenin 1,protein-coding,-,-,-,mesogenin-1,20210420,-
130825,121164795,BIRC6,-,-,-,Un,-,baculoviral IAP repeat containing 6,protein-coding,-,-,-,baculoviral IAP repeat-containing protein 6,20210420,-
130825,121164796,TTC27,-,-,-,Un,-,tetratricopeptide repeat domain 27,protein-coding,-,-,-,tetratricopeptide repeat protein 27,20210420,-
130825,121164797,LOC121164797,-,-,-,Un,-,26S proteasome regulatory subunit 4-like,pseudo,-,-,-,-,20210420,-
130825,121164798,LTBP1,-,-,-,Un,-,latent transforming growth factor beta binding protein 1,protein-coding,-,-,-,latent-transforming growth factor beta-binding protein 1,20210420,-
130825,121164799,RASGRP3,-,-,-,Un,-,RAS guanyl releasing protein 3,protein-coding,-,-,-,ras guanyl-releasing protein 3,20210420,-
130825,121164800,LOC121164800,-,-,-,Un,-,uncharacterized LOC121164800,ncRNA,-,-,-,-,20210420,-
130825,121164801,FAM98A,-,-,-,Un,-,family with sequence similarity 98 member A,protein-coding,-,-,-,protein FAM98A,20210420,-
130825,121164802,LOC121164802,-,-,-,Un,-,heat shock protein HSP 90-beta-like,pseudo,-,-,-,-,20210420,-
130825,121164803,CRIM1,-,-,-,Un,-,cysteine rich transmembrane BMP regulator 1,protein-coding,-,-,-,cysteine-rich motor neuron 1 protein,20210420,-
130825,121164804,FEZ2,-,-,-,Un,-,fasciculation and elongation protein zeta 2,protein-coding,-,-,-,fasciculation and elongation protein zeta-2,20210420,-
130825,121164805,LOC121164805,-,-,-,Un,-,"adenylate kinase 4, mitochondrial-like",pseudo,-,-,-,-,20210420,-
130825,121164806,VIT,-,-,-,Un,-,vitrin,protein-coding,-,-,-,vitrin,20210420,-
130825,121164807,STRN,-,-,-,Un,-,striatin,protein-coding,-,-,-,striatin,20210420,-
130825,121164808,HEATR5B,-,-,-,Un,-,HEAT repeat containing 5B,protein-coding,-,-,-,HEAT repeat-containing protein 5B,20210420,-
130825,121164809,LOC121164809,-,-,-,Un,-,"PRELI domain-containing protein 1, mitochondrial-like",pseudo,-,-,-,-,20210420,-
130825,121164810,GPATCH11,-,-,-,Un,-,G-patch domain containing 11,protein-coding,-,-,-,G patch domain-containing protein 11,20210420,-
130825,121164811,EIF2AK2,-,-,-,Un,-,eukaryotic translation initiation factor 2 alpha kinase 2,protein-coding,-,-,-,"interferon-induced, double-stranded RNA-activated protein kinase",20210420,-
130825,121164812,CEBPZ,-,-,-,Un,-,CCAAT enhancer binding protein zeta,protein-coding,-,-,-,CCAAT/enhancer-binding protein zeta,20210420,-
130825,121164813,CEBPZOS,-,-,-,Un,-,CEBPZ opposite strand,protein-coding,-,-,-,protein CEBPZOS,20210420,-
130825,121164814,LOC121164814,-,-,-,Un,-,mortality factor 4-like protein 1,pseudo,-,-,-,-,20210420,-
130825,121164815,NDUFAF7,-,-,-,Un,-,NADH:ubiquinone oxidoreductase complex assembly factor 7,protein-coding,-,-,-,"protein arginine methyltransferase NDUFAF7, mitochondrial",20210420,-
130825,121164816,PRKD3,-,-,-,Un,-,protein kinase D3,protein-coding,-,-,-,serine/threonine-protein kinase D3,20210420,-
130825,121164817,QPCT,-,-,-,Un,-,glutaminyl-peptide cyclotransferase,protein-coding,-,-,-,glutaminyl-peptide cyclotransferase,20210420,-
130825,121164818,LOC121164818,-,-,-,Un,-,uncharacterized LOC121164818,ncRNA,-,-,-,-,20210420,-
130825,121164819,CDC42EP3,-,-,-,Un,-,CDC42 effector protein 3,protein-coding,-,-,-,cdc42 effector protein 3,20210420,-
130825,121164820,LOC121164820,-,-,-,Un,-,uncharacterized LOC121164820,ncRNA,-,-,-,-,20210420,-
130825,121164821,RMDN2,-,-,-,Un,-,regulator of microtubule dynamics 2,protein-coding,-,-,-,regulator of microtubule dynamics protein 2,20210420,-
130825,121164822,LOC121164822,-,-,-,Un,-,serine/threonine-protein kinase 26-like,pseudo,-,-,-,-,20210420,-
130825,121164823,ATL2,-,-,-,Un,-,atlastin GTPase 2,protein-coding,-,-,-,atlastin-2,20210420,-
130825,121164824,HNRNPLL,-,-,-,Un,-,heterogeneous nuclear ribonucleoprotein L like,protein-coding,-,-,-,heterogeneous nuclear ribonucleoprotein L-like,20210420,-
130825,121164825,LOC121164825,-,-,-,Un,-,uncharacterized LOC121164825,ncRNA,-,-,-,-,20210420,-
130825,121164826,GALM,-,-,-,Un,-,galactose mutarotase,protein-coding,-,-,-,galactose mutarotase,20210420,-
130825,121164827,LOC121164827,-,-,-,Un,-,testis-specific protein 10-interacting protein-like,protein-coding,-,-,-,testis-specific protein 10-interacting protein-like,20210420,-
130825,121164828,SRSF7,-,-,-,Un,-,serine and arginine rich splicing factor 7,protein-coding,-,-,-,serine/arginine-rich splicing factor 7,20210522,-
130825,121164829,GEMIN6,-,-,-,Un,-,gem nuclear organelle associated protein 6,protein-coding,-,-,-,gem-associated protein 6,20210420,-
130825,121164830,DHX57,-,-,-,Un,-,DExH-box helicase 57,protein-coding,-,-,-,putative ATP-dependent RNA helicase DHX57,20210420,-
130825,121164831,SOS1,-,-,-,Un,-,SOS Ras/Rac guanine nucleotide exchange factor 1,protein-coding,-,-,-,son of sevenless homolog 1,20210420,-
130825,121164832,SRPRB,-,-,-,Un,-,SRP receptor subunit beta,protein-coding,-,-,-,LOW QUALITY PROTEIN: signal recognition particle receptor subunit beta,20210420,-
130825,121164833,LOC121164833,-,-,-,Un,-,uncharacterized LOC121164833,ncRNA,-,-,-,-,20210420,-
130825,121164834,MAP4K3,-,-,-,Un,-,mitogen-activated protein kinase kinase kinase kinase 3,protein-coding,-,-,-,mitogen-activated protein kinase kinase kinase kinase 3,20210420,-
130825,121164835,THUMPD2,-,-,-,Un,-,THUMP domain containing 2,protein-coding,-,-,-,THUMP domain-containing protein 2,20210420,-
130825,121164836,SLC8A1,-,-,-,Un,-,solute carrier family 8 member A1,protein-coding,-,-,-,sodium/calcium exchanger 1,20210420,-
130825,121164837,LOC121164837,-,-,-,Un,-,amyloid protein-binding protein 2-like,pseudo,-,-,-,-,20210420,-
130825,121164838,LOC121164838,-,-,-,Un,-,uncharacterized LOC121164838,ncRNA,-,-,-,-,20210420,-
130825,121164839,EML4,-,-,-,Un,-,EMAP like 4,protein-coding,-,-,-,echinoderm microtubule-associated protein-like 4,20210420,-
130825,121164840,PRDM14,-,-,-,Un,-,PR/SET domain 14,protein-coding,-,-,-,PR domain zinc finger protein 14,20210420,-
130825,121164841,LOC121164841,-,-,-,Un,-,"cytochrome c oxidase subunit 7A-related protein, mitochondrial",protein-coding,-,-,-,"cytochrome c oxidase subunit 7A-related protein, mitochondrial",20210420,-
130825,121164842,MTA3,-,-,-,Un,-,metastasis associated 1 family member 3,protein-coding,-,-,-,metastasis-associated protein MTA3,20210420,-
130825,121164843,HAAO,-,-,-,Un,-,"3-hydroxyanthranilate 3,4-dioxygenase",protein-coding,-,-,-,"3-hydroxyanthranilate 3,4-dioxygenase",20210420,-
130825,121164844,THADA,-,-,-,Un,-,THADA armadillo repeat containing,protein-coding,-,-,-,thyroid adenoma-associated protein,20210420,-
130825,121164845,SULF1,-,-,-,Un,-,sulfatase 1,protein-coding,-,-,-,extracellular sulfatase Sulf-1,20210420,-
130825,121164846,ZFP36L2,-,-,-,Un,-,ZFP36 ring finger protein like 2,protein-coding,-,-,-,mRNA decay activator protein ZFP36L2,20210420,-
130825,121164847,ABCG5,-,-,-,Un,-,ATP binding cassette subfamily G member 5,protein-coding,-,-,-,ATP-binding cassette sub-family G member 5,20210420,-
130825,121164848,DYNC2LI1,-,-,-,Un,-,dynein cytoplasmic 2 light intermediate chain 1,protein-coding,-,-,-,cytoplasmic dynein 2 light intermediate chain 1,20210420,-
130825,121164849,LRPPRC,-,-,-,Un,-,leucine rich pentatricopeptide repeat containing,protein-coding,-,-,-,"leucine-rich PPR motif-containing protein, mitochondrial",20210420,-
130825,121164850,PREPL,-,-,-,Un,-,prolyl endopeptidase like,protein-coding,-,-,-,prolyl endopeptidase-like,20210420,-
130825,121164851,SLC3A1,-,-,-,Un,-,solute carrier family 3 member 1,protein-coding,-,-,-,neutral and basic amino acid transport protein rBAT,20210420,-
130825,121164852,PPM1B,-,-,-,Un,-,"protein phosphatase, Mg2+/Mn2+ dependent 1B",protein-coding,-,-,-,protein phosphatase 1B,20210529,-
130825,121164853,LOC121164853,-,-,-,Un,-,small nuclear ribonucleoprotein F-like,pseudo,-,-,-,-,20210420,-
130825,121164854,LOC121164854,-,-,-,Un,-,elongation factor 1-alpha 1-like,pseudo,-,-,-,-,20210420,-
130825,121164855,CAMKMT,-,-,-,Un,-,calmodulin-lysine N-methyltransferase,protein-coding,-,-,-,calmodulin-lysine N-methyltransferase,20210420,-
130825,121164856,LOC121164856,-,-,-,Un,-,Y-box-binding protein 1-like,pseudo,-,-,-,-,20210420,-
130825,121164857,LOC121164857,-,-,-,Un,-,"ATP synthase subunit g, mitochondrial-like",pseudo,-,-,-,-,20210420,-
130825,121164858,SRBD1,-,-,-,Un,-,S1 RNA binding domain 1,protein-coding,-,-,-,S1 RNA-binding domain-containing protein 1,20210420,-
130825,121164859,LOC121164859,-,-,-,Un,-,cytochrome P450 7B1,protein-coding,-,-,-,cytochrome P450 7B1,20210420,-
130825,121164860,PRKCE,-,-,-,Un,-,protein kinase C epsilon,protein-coding,-,-,-,protein kinase C epsilon type,20210420,-
130825,121164861,PIGF,-,-,-,Un,-,phosphatidylinositol glycan anchor biosynthesis class F,protein-coding,-,-,-,phosphatidylinositol-glycan biosynthesis class F protein,20210420,-
130825,121164862,RHOQ,-,-,-,Un,-,ras homolog family member Q,protein-coding,-,-,-,rho-related GTP-binding protein RhoQ,20210501,-
130825,121164863,CRIPT,-,-,-,Un,-,CXXC repeat containing interactor of PDZ3 domain,protein-coding,-,-,-,cysteine-rich PDZ-binding protein,20210522,-
130825,121164864,SOCS5,-,-,-,Un,-,suppressor of cytokine signaling 5,protein-coding,-,-,-,suppressor of cytokine signaling 5,20210420,-
130825,121164865,TTC7A,-,-,-,Un,-,tetratricopeptide repeat domain 7A,protein-coding,-,-,-,tetratricopeptide repeat protein 7A,20210420,-
130825,121164866,MCFD2,-,-,-,Un,-,"multiple coagulation factor deficiency 2, ER cargo receptor complex subunit",protein-coding,-,-,-,multiple coagulation factor deficiency protein 2,20210420,-
130825,121164867,LOC121164867,-,-,-,Un,-,uncharacterized LOC121164867,ncRNA,-,-,-,-,20210420,-
130825,121164868,STPG4,-,-,-,Un,-,sperm-tail PG-rich repeat containing 4,protein-coding,-,-,-,protein STPG4,20210420,-
130825,121164869,LOC121164869,-,-,-,Un,-,neurexin-3-beta-like,pseudo,-,-,-,-,20210420,-
130825,121164870,CALM2,-,-,-,Un,-,calmodulin 2,protein-coding,-,-,-,calmodulin-2,20210522,-
130825,121164871,ALMS1,-,-,-,Un,-,ALMS1 centrosome and basal body associated protein,protein-coding,-,-,-,Alstrom syndrome protein 1,20210420,-
130825,121164872,FBXO41,-,-,-,Un,-,F-box protein 41,protein-coding,-,-,-,F-box only protein 41,20210420,-
130825,121164873,CCT7,-,-,-,Un,-,chaperonin containing TCP1 subunit 7,protein-coding,-,-,-,T-complex protein 1 subunit eta,20210420,-
130825,121164874,SMYD5,-,-,-,Un,-,SMYD family member 5,protein-coding,-,-,-,SET and MYND domain-containing protein 5,20210420,-
130825,121164875,PRADC1,-,-,-,Un,-,protease associated domain containing 1,protein-coding,-,-,-,protease-associated domain-containing protein 1,20210420,-
130825,121164876,RAB11FIP5,-,-,-,Un,-,RAB11 family interacting protein 5,protein-coding,-,-,-,rab11 family-interacting protein 5,20210420,-
130825,121164877,LOC121164877,-,-,-,Un,-,doublesex- and mab-3-related transcription factor 2-like,pseudo,-,-,-,-,20210420,-
130825,121164878,SFXN5,-,-,-,Un,-,sideroflexin 5,protein-coding,-,-,-,sideroflexin-5,20210420,-
130825,121164879,EXOC6B,-,-,-,Un,-,exocyst complex component 6B,protein-coding,-,-,-,exocyst complex component 6B,20210420,-
130825,121164880,ZNF638,-,-,-,Un,-,zinc finger protein 638,protein-coding,-,-,-,zinc finger protein 638,20210420,-
130825,121164881,PAIP2B,-,-,-,Un,-,poly(A) binding protein interacting protein 2B,protein-coding,-,-,-,polyadenylate-binding protein-interacting protein 2B,20210420,-
130825,121164882,NKAIN3,-,-,-,Un,-,sodium/potassium transporting ATPase interacting 3,protein-coding,-,-,-,sodium/potassium-transporting ATPase subunit beta-1-interacting protein 3,20210420,-
130825,121164883,NAGK,-,-,-,Un,-,N-acetylglucosamine kinase,protein-coding,-,-,-,N-acetyl-D-glucosamine kinase,20210420,-
130825,121164884,TEX261,-,-,-,Un,-,testis expressed 261,protein-coding,-,-,-,protein TEX261,20210420,-
130825,121164885,ADD2,-,-,-,Un,-,adducin 2,protein-coding,-,-,-,beta-adducin,20210420,-
130825,121164886,TGFA,-,-,-,Un,-,transforming growth factor alpha,protein-coding,-,-,-,protransforming growth factor alpha,20210420,-
130825,121164887,FAM136A,-,-,-,Un,-,family with sequence similarity 136 member A,protein-coding,-,-,-,protein FAM136A,20210420,-
130825,121164888,LOC121164888,-,-,-,Un,-,60S ribosomal protein L15-like,pseudo,-,-,-,-,20210420,-
130825,121164889,PCYOX1,-,-,-,Un,-,prenylcysteine oxidase 1,protein-coding,-,-,-,prenylcysteine oxidase 1,20210420,-
130825,121164890,SNRPG,-,-,-,Un,-,small nuclear ribonucleoprotein polypeptide G,protein-coding,-,-,-,small nuclear ribonucleoprotein G,20210529,-
130825,121164891,TIA1,-,-,-,Un,-,TIA1 cytotoxic granule associated RNA binding protein,protein-coding,-,-,-,nucleolysin TIA-1,20210420,-
130825,121164892,LOC121164892,-,-,-,Un,-,leucine-rich repeat-containing protein 4-like,pseudo,-,-,-,-,20210420,-
130825,121164893,CUNH2orf42,-,-,-,Un,-,chromosome unknown C2orf42 homolog,protein-coding,-,-,-,uncharacterized protein C2orf42 homolog,20210420,-
130825,121164894,PCBP1,-,-,-,Un,-,poly(rC) binding protein 1,protein-coding,-,-,-,poly(rC)-binding protein 1,20210529,-
130825,121164895,LOC121164895,-,-,-,Un,-,uncharacterized LOC121164895,ncRNA,-,-,-,-,20210420,-
130825,121164896,MXD1,-,-,-,Un,-,MAX dimerization protein 1,protein-coding,-,-,-,max dimerization protein 1,20210420,-
130825,121164897,SNRNP27,-,-,-,Un,-,small nuclear ribonucleoprotein U4/U6.U5 subunit 27,protein-coding,-,-,-,U4/U6.U5 small nuclear ribonucleoprotein 27 kDa protein,20210420,-
130825,121164898,GMCL1,-,-,-,Un,-,"germ cell-less 1, spermatogenesis associated",protein-coding,-,-,-,germ cell-less protein-like 1,20210420,-
130825,121164899,NECAB1,-,-,-,Un,-,N-terminal EF-hand calcium binding protein 1,protein-coding,-,-,-,N-terminal EF-hand calcium-binding protein 1,20210420,-
130825,121164900,ANXA4,-,-,-,Un,-,annexin A4,protein-coding,-,-,-,annexin A4,20210420,-
130825,121164901,LOC121164901,-,-,-,Un,-,AP2-associated protein kinase 1,protein-coding,-,-,-,AP2-associated protein kinase 1,20210420,-
130825,121164902,NFU1,-,-,-,Un,-,NFU1 iron-sulfur cluster scaffold,protein-coding,-,-,-,"NFU1 iron-sulfur cluster scaffold homolog, mitochondrial",20210420,-
130825,121164903,GFPT1,-,-,-,Un,-,glutamine--fructose-6-phosphate transaminase 1,protein-coding,-,-,-,glutamine--fructose-6-phosphate aminotransferase [isomerizing] 1,20210420,-
130825,121164904,ARHGAP25,-,-,-,Un,-,Rho GTPase activating protein 25,protein-coding,-,-,-,rho GTPase-activating protein 25,20210420,-
130825,121164905,OTUD6B,-,-,-,Un,-,OTU deubiquitinase 6B,protein-coding,-,-,-,deubiquitinase OTUD6B,20210420,-
130825,121164906,APLF,-,-,-,Un,-,aprataxin and PNKP like factor,protein-coding,-,-,-,aprataxin and PNK-like factor,20210420,-
130825,121164907,PLEK,-,-,-,Un,-,pleckstrin,protein-coding,-,-,-,pleckstrin,20210420,-
130825,121164908,CNRIP1,-,-,-,Un,-,cannabinoid receptor interacting protein 1,protein-coding,-,-,-,CB1 cannabinoid receptor-interacting protein 1,20210420,-
130825,121164909,FBXO48,-,-,-,Un,-,F-box protein 48,protein-coding,-,-,-,LOW QUALITY PROTEIN: F-box only protein 48,20210420,-
130825,121164910,LOC121164910,-,-,-,Un,-,uncharacterized LOC121164910,ncRNA,-,-,-,-,20210420,-
130825,121164911,PPP3R1,-,-,-,Un,-,"protein phosphatase 3 regulatory subunit B, alpha",protein-coding,-,-,-,calcineurin subunit B type 1,20210501,-
130825,121164912,PNO1,-,-,-,Un,-,partner of NOB1 homolog,protein-coding,-,-,-,RNA-binding protein PNO1,20210420,-
130825,121164913,RUNX1T1,-,-,-,Un,-,RUNX1 partner transcriptional co-repressor 1,protein-coding,-,-,-,LOW QUALITY PROTEIN: protein CBFA2T1,20210420,-
130825,121164914,DNAAF10,-,-,-,Un,-,dynein axonemal assembly factor 10,protein-coding,-,-,-,WD repeat-containing protein 92,20210420,-
130825,121164915,C1D,-,-,-,Un,-,C1D nuclear receptor corepressor,protein-coding,-,-,-,nuclear nucleic acid-binding protein C1D,20210420,-
130825,121164916,ETAA1,-,-,-,Un,-,ETAA1 activator of ATR kinase,protein-coding,-,-,-,ewing's tumor-associated antigen 1,20210420,-
130825,121164917,MEIS1,-,-,-,Un,-,Meis homeobox 1,protein-coding,-,-,-,homeobox protein Meis1,20210424,-
130825,121164918,SPRED2,-,-,-,Un,-,sprouty related EVH1 domain containing 2,protein-coding,-,-,-,"sprouty-related, EVH1 domain-containing protein 2",20210420,-
130825,121164919,ACTR2,-,-,-,Un,-,actin related protein 2,protein-coding,-,-,-,actin-related protein 2,20210420,-
130825,121164920,RBM12B,-,-,-,Un,-,RNA binding motif protein 12B,protein-coding,-,-,-,RNA-binding protein 12B,20210420,-
130825,121164921,CEP68,-,-,-,Un,-,centrosomal protein 68,protein-coding,-,-,-,centrosomal protein of 68 kDa,20210420,-
130825,121164922,RAB1A,-,-,-,Un,-,"RAB1A, member RAS oncogene family",protein-coding,-,-,-,ras-related protein Rab-1A,20210522,-
130825,121164923,SLC1A4,-,-,-,Un,-,solute carrier family 1 member 4,protein-coding,-,-,-,neutral amino acid transporter A,20210420,-
130825,121164924,AFTPH,-,-,-,Un,-,aftiphilin,protein-coding,-,-,-,aftiphilin,20210420,-
130825,121164925,SERTAD2,-,-,-,Un,-,SERTA domain containing 2,protein-coding,-,-,-,SERTA domain-containing protein 2,20210420,-
130825,121164926,CIBAR1,-,-,-,Un,-,CBY1 interacting BAR domain containing 1,protein-coding,-,-,-,protein FAM92A,20210420,-
130825,121164927,LGALSL,-,-,-,Un,-,galectin like,protein-coding,-,-,-,galectin-related protein,20210420,-
130825,121164928,LOC121164928,-,-,-,Un,-,uncharacterized LOC121164928,ncRNA,-,-,-,-,20210420,-
130825,121164929,PELI1,-,-,-,Un,-,pellino E3 ubiquitin protein ligase 1,protein-coding,-,-,-,E3 ubiquitin-protein ligase pellino homolog 1,20210420,-
130825,121164930,GALNT10,-,-,-,Un,-,polypeptide N-acetylgalactosaminyltransferase 10,protein-coding,-,-,-,polypeptide N-acetylgalactosaminyltransferase 10,20210420,-
130825,121164931,VPS54,-,-,-,Un,-,VPS54 subunit of GARP complex,protein-coding,-,-,-,vacuolar protein sorting-associated protein 54,20210420,-
130825,121164932,UGP2,-,-,-,Un,-,UDP-glucose pyrophosphorylase 2,protein-coding,-,-,-,UTP--glucose-1-phosphate uridylyltransferase,20210420,-
130825,121164933,MDH1,-,-,-,Un,-,malate dehydrogenase 1,protein-coding,-,-,-,"malate dehydrogenase, cytoplasmic",20210420,-
130825,121164934,LOC121164934,-,-,-,Un,-,WD repeat containing planar cell polarity effector,protein-coding,-,-,-,WD repeat-containing and planar cell polarity effector protein fritz homolog,20210420,-
130825,121164935,EHBP1,-,-,-,Un,-,EH domain binding protein 1,protein-coding,-,-,-,EH domain-binding protein 1,20210420,-
130825,121164936,GKN1,-,-,-,Un,-,gastrokine 1,protein-coding,-,-,-,gastrokine-1,20210420,-
130825,121164937,LOC121164937,-,-,-,Un,-,spliceosome-associated protein CWC15 homolog,pseudo,-,-,-,-,20210420,-
130825,121164938,LOC121164938,-,-,-,Un,-,60S ribosomal protein L7a-like,pseudo,-,-,-,-,20210420,-
130825,121164939,LOC121164939,-,-,-,Un,-,leucine-rich repeat-containing protein 4-like,pseudo,-,-,-,-,20210420,-
130825,121164940,LOC121164940,-,-,-,Un,-,40S ribosomal protein S20-like,pseudo,-,-,-,-,20210420,-
130825,121164941,LOC121164941,-,-,-,Un,-,60S ribosomal protein L32-like,pseudo,-,-,-,-,20210420,-
130825,121164942,LOC121164942,-,-,-,Un,-,40S ribosomal protein S6-like,pseudo,-,-,-,-,20210420,-
130825,121164943,FANCL,-,-,-,Un,-,FA complementation group L,protein-coding,-,-,-,E3 ubiquitin-protein ligase FANCL,20210420,-
130825,121164944,LOC121164944,-,-,-,Un,-,60S ribosomal protein L17-like,pseudo,-,-,-,-,20210420,-
130825,121164945,LOC121164945,-,-,-,Un,-,26S proteasome complex subunit SEM1-like,pseudo,-,-,-,-,20210420,-
130825,121164946,TMEM67,-,-,-,Un,-,transmembrane protein 67,protein-coding,-,-,-,meckelin,20210420,-
130825,121164947,FAM178B,-,-,-,Un,-,family with sequence similarity 178 member B,protein-coding,-,-,-,protein FAM178B,20210420,-
130825,121164948,FER1L5,-,-,-,Un,-,fer-1 like family member 5,protein-coding,-,-,-,fer-1-like protein 5,20210420,-
130825,121164949,LOC121164949,-,-,-,Un,-,60S ribosomal protein L15-like,pseudo,-,-,-,-,20210420,-
130825,121164950,NEURL3,-,-,-,Un,-,neuralized E3 ubiquitin protein ligase 3,protein-coding,-,-,-,E3 ubiquitin-protein ligase NEURL3,20210420,-
130825,121164951,LOC121164951,-,-,-,Un,-,zinc finger protein 391-like,protein-coding,-,-,-,zinc finger protein 391-like,20210420,-
130825,121164952,ACOXL,-,-,-,Un,-,acyl-CoA oxidase like,protein-coding,-,-,-,LOW QUALITY PROTEIN: acyl-coenzyme A oxidase-like protein,20210420,-
130825,121164953,LOC121164953,-,-,-,Un,-,putative speedy protein E7,protein-coding,-,-,-,putative speedy protein E7,20210420,-
130825,121164954,FBLN7,-,-,-,Un,-,fibulin 7,protein-coding,-,-,-,fibulin-7,20210420,-
130825,121164955,LOC121164955,-,-,-,Un,-,uncharacterized LOC121164955,protein-coding,-,-,-,uncharacterized protein LOC121164955,20210420,-
130825,121164956,NT5DC4,-,-,-,Un,-,5'-nucleotidase domain containing 4,protein-coding,-,-,-,5'-nucleotidase domain-containing protein 4,20210420,-
130825,121164957,IL36G,-,-,-,Un,-,interleukin 36 gamma,protein-coding,-,-,-,interleukin-36 gamma,20210420,-
130825,121164958,IL36A,-,-,-,Un,-,interleukin 36 alpha,protein-coding,-,-,-,interleukin-36 alpha,20210420,-
130825,121164959,LOC121164959,-,-,-,Un,-,immunoglobulin kappa variable 1-39-like,other,-,-,-,-,20210420,-
130825,121164960,LOC121164960,-,-,-,Un,-,immunoglobulin kappa variable 1-9-like,other,-,-,-,-,20210420,-
130825,121164961,LOC121164961,-,-,-,Un,-,POC1 centriolar protein homolog B-like,pseudo,-,-,-,-,20210420,-
130825,121164962,LOC121164962,-,-,-,Un,-,immunoglobulin kappa variable 1-9-like,other,-,-,-,-,20210420,-
130825,121164963,LOC121164963,-,-,-,Un,-,immunoglobulin kappa variable 1D-13-like,other,-,-,-,-,20210420,-
130825,121164964,LOC121164964,-,-,-,Un,-,"cytochrome c oxidase subunit 5B, mitochondrial-like",pseudo,-,-,-,-,20210420,-
130825,121164965,LOC121164965,-,-,-,Un,-,immunoglobulin kappa variable 1D-13-like,other,-,-,-,-,20210420,-
130825,121164966,LOC121164966,-,-,-,Un,-,immunoglobulin kappa variable 1-39-like,other,-,-,-,-,20210420,-
130825,121164967,LOC121164967,-,-,-,Un,-,immunoglobulin kappa variable 1-6-like,other,-,-,-,-,20210420,-
130825,121164968,LOC121164968,-,-,-,Un,-,immunoglobulin kappa variable 1-6-like,other,-,-,-,-,20210420,-
130825,121164969,LOC121164969,-,-,-,Un,-,immunoglobulin kappa variable 1-39-like,other,-,-,-,-,20210420,-
130825,121164970,LOC121164970,-,-,-,Un,-,immunoglobulin kappa variable 1-39-like,other,-,-,-,-,20210420,-
130825,121164971,LOC121164971,-,-,-,Un,-,immunoglobulin kappa variable 1-39-like,other,-,-,-,-,20210420,-
130825,121164972,LOC121164972,-,-,-,Un,-,immunoglobulin kappa variable 1D-13-like,other,-,-,-,-,20210420,-
130825,121164973,LOC121164973,-,-,-,Un,-,immunoglobulin kappa light chain-like,protein-coding,-,-,-,immunoglobulin kappa light chain-like,20210420,-
130825,121164974,LOC121164974,-,-,-,Un,-,Ig kappa chain V region 3381-like,other,-,-,-,-,20210420,-
130825,121164975,PDP1,-,-,-,Un,-,pyruvate dehydrogenase phosphatase catalytic subunit 1,protein-coding,-,-,-,pyruvate dehyrogenase phosphatase catalytic subunit 1,20210420,-
130825,121164976,LOC121164976,-,-,-,Un,-,Ig kappa-b4 chain C region-like,other,-,-,-,-,20210420,-
130825,121164977,TEX37,-,-,-,Un,-,testis expressed 37,protein-coding,-,-,-,testis-expressed sequence 37 protein,20210420,-
130825,121164978,KRCC1,-,-,-,Un,-,lysine rich coiled-coil 1,protein-coding,-,-,-,lysine-rich coiled-coil protein 1,20210420,-
130825,121164979,LOC121164979,-,-,-,Un,-,"39S ribosomal protein L42, mitochondrial-like",protein-coding,-,-,-,"39S ribosomal protein L42, mitochondrial-like",20210420,-
130825,121164980,LOC121164980,-,-,-,Un,-,density-regulated protein-like,pseudo,-,-,-,-,20210420,-
130825,121164981,ATOH8,-,-,-,Un,-,atonal bHLH transcription factor 8,protein-coding,-,-,-,protein atonal homolog 8,20210420,-
130825,121164982,DNAH6,-,-,-,Un,-,dynein axonemal heavy chain 6,protein-coding,-,-,-,"dynein heavy chain 6, axonemal",20210420,-
130825,121164983,LOC121164983,-,-,-,Un,-,regenerating islet-derived protein 3-gamma-like,protein-coding,-,-,-,regenerating islet-derived protein 3-gamma-like,20210420,-
130825,121164984,LOC121164984,-,-,-,Un,-,lithostathine-1-alpha-like,protein-coding,-,-,-,lithostathine-1-alpha-like,20210420,-
130825,121164985,LOC121164985,-,-,-,Un,-,WD repeat-containing protein 61-like,pseudo,-,-,-,-,20210420,-
130825,121164986,LOC121164986,-,-,-,Un,-,ubiquitin-conjugating enzyme E2 C-like,pseudo,-,-,-,-,20210420,-
130825,121164987,POLE4,-,-,-,Un,-,"DNA polymerase epsilon 4, accessory subunit",protein-coding,-,-,-,DNA polymerase epsilon subunit 4,20210420,-
130825,121164988,LOC121164988,-,-,-,Un,-,"ATP synthase subunit g, mitochondrial-like",pseudo,-,-,-,-,20210420,-
130825,121164989,CUNH2orf81,-,-,-,Un,-,chromosome unknown C2orf81 homolog,protein-coding,-,-,-,uncharacterized protein C2orf81 homolog,20210420,-
130825,121164990,LOC121164990,-,-,-,Un,-,40S ribosomal protein S5-like,pseudo,-,-,-,-,20210420,-
130825,121164991,LOC121164991,-,-,-,Un,-,putative elongation factor 1-alpha-like 3,pseudo,-,-,-,-,20210420,-
130825,121164992,LOC121164992,-,-,-,Un,-,centromere protein H-like,pseudo,-,-,-,-,20210420,-
130825,121164993,LOC121164993,-,-,-,Un,-,mortality factor 4-like protein 1,pseudo,-,-,-,-,20210420,-
130825,121164994,CRACDL,-,-,-,Un,-,CRACD like,protein-coding,-,-,-,CRACD-like protein,20210420,-
130825,121164995,LOC121164995,-,-,-,Un,-,annexin A3-like,pseudo,-,-,-,-,20210420,-
130825,121164996,LONRF2,-,-,-,Un,-,LON peptidase N-terminal domain and ring finger 2,protein-coding,-,-,-,LOW QUALITY PROTEIN: LON peptidase N-terminal domain and RING finger protein 2,20210420,-
130825,121164997,CREG2,-,-,-,Un,-,cellular repressor of E1A stimulated genes 2,protein-coding,-,-,-,protein CREG2,20210420,-
130825,121164998,GEM,-,-,-,Un,-,GTP binding protein overexpressed in skeletal muscle,protein-coding,-,-,-,GTP-binding protein GEM,20210420,-
130825,121164999,LOC121164999,-,-,-,Un,-,protein BTG2-like,pseudo,-,-,-,-,20210420,-
130825,121165000,SLC9A4,-,-,-,Un,-,solute carrier family 9 member A4,protein-coding,-,-,-,sodium/hydrogen exchanger 4,20210420,-
130825,121165001,LOC121165001,-,-,-,Un,-,nuclear envelope pore membrane protein POM 121-like,protein-coding,-,-,-,LOW QUALITY PROTEIN: nuclear envelope pore membrane protein POM 121-like,20210420,-
130825,121165002,ST6GAL2,-,-,-,Un,-,"ST6 beta-galactoside alpha-2,6-sialyltransferase 2",protein-coding,-,-,-,"beta-galactoside alpha-2,6-sialyltransferase 2",20210420,-
130825,121165003,LOC121165003,-,-,-,Un,-,heat shock protein HSP 90-alpha-like,pseudo,-,-,-,-,20210420,-
130825,121165004,LOC121165004,-,-,-,Un,-,uncharacterized LOC121165004,ncRNA,-,-,-,-,20210420,-
130825,121165005,B3GNT2,-,-,-,Un,-,"UDP-GlcNAc:betaGal beta-1,3-N-acetylglucosaminyltransferase 2",protein-coding,-,-,-,"N-acetyllactosaminide beta-1,3-N-acetylglucosaminyltransferase 2",20210420,-
130825,121165006,CCT4,-,-,-,Un,-,chaperonin containing TCP1 subunit 4,protein-coding,-,-,-,T-complex protein 1 subunit delta,20210420,-
130825,121165007,LOC121165007,-,-,-,Un,-,guanylate kinase-like,pseudo,-,-,-,-,20210420,-
130825,121165008,COMMD1,-,-,-,Un,-,copper metabolism domain containing 1,protein-coding,-,-,-,COMM domain-containing protein 1,20210420,-
130825,121165009,RAD54B,-,-,-,Un,-,RAD54 homolog B,protein-coding,-,-,-,DNA repair and recombination protein RAD54B,20210420,-
130825,121165010,FAM161A,-,-,-,Un,-,FAM161 centrosomal protein A,protein-coding,-,-,-,protein FAM161A,20210420,-
130825,121165011,LOC121165011,-,-,-,Un,-,uncharacterized LOC121165011,ncRNA,-,-,-,-,20210420,-
130825,121165012,XPO1,-,-,-,Un,-,exportin 1,protein-coding,-,-,-,exportin-1,20210424,-
130825,121165013,USP34,-,-,-,Un,-,ubiquitin specific peptidase 34,protein-coding,-,-,-,ubiquitin carboxyl-terminal hydrolase 34,20210420,-
130825,121165014,LOC121165014,-,-,-,Un,-,activator of 90 kDa heat shock protein ATPase homolog 2,protein-coding,-,-,-,activator of 90 kDa heat shock protein ATPase homolog 2,20210420,-
130825,121165015,PEX13,-,-,-,Un,-,peroxisomal biogenesis factor 13,protein-coding,-,-,-,peroxisome biogenesis factor 13,20210420,-
130825,121165016,PUS10,-,-,-,Un,-,pseudouridine synthase 10,protein-coding,-,-,-,tRNA pseudouridine synthase Pus10,20210420,-
130825,121165017,LOC121165017,-,-,-,Un,-,fibrinogen silencer binding protein,protein-coding,-,-,-,fibrinogen silencer-binding protein,20210420,-
130825,121165018,REL,-,-,-,Un,-,"REL proto-oncogene, NF-kB subunit",protein-coding,-,-,-,proto-oncogene c-Rel,20210420,-
130825,121165019,PAPOLG,-,-,-,Un,-,poly(A) polymerase gamma,protein-coding,-,-,-,poly(A) polymerase gamma,20210420,-
130825,121165020,BCL11A,-,-,-,Un,-,BAF chromatin remodeling complex subunit BCL11A,protein-coding,-,-,-,B-cell lymphoma/leukemia 11A,20210420,-
130825,121165021,VIRMA,-,-,-,Un,-,vir like m6A methyltransferase associated,protein-coding,-,-,-,protein virilizer homolog,20210420,-
130825,121165022,LOC121165022,-,-,-,Un,-,uncharacterized LOC121165022,ncRNA,-,-,-,-,20210420,-
130825,121165023,VRK2,-,-,-,Un,-,VRK serine/threonine kinase 2,protein-coding,-,-,-,serine/threonine-protein kinase VRK2,20210420,-
130825,121165024,CCDC85A,-,-,-,Un,-,coiled-coil domain containing 85A,protein-coding,-,-,-,coiled-coil domain-containing protein 85A,20210420,-
130825,121165025,EFEMP1,-,-,-,Un,-,EGF containing fibulin extracellular matrix protein 1,protein-coding,-,-,-,EGF-containing fibulin-like extracellular matrix protein 1,20210420,-
130825,121165026,PNPT1,-,-,-,Un,-,polyribonucleotide nucleotidyltransferase 1,protein-coding,-,-,-,"polyribonucleotide nucleotidyltransferase 1, mitochondrial",20210420,-
130825,121165027,LOC121165027,-,-,-,Un,-,uncharacterized LOC121165027,ncRNA,-,-,-,-,20210420,-
130825,121165028,PPP4R3B,-,-,-,Un,-,protein phosphatase 4 regulatory subunit 3B,protein-coding,-,-,-,serine/threonine-protein phosphatase 4 regulatory subunit 3B,20210420,-
130825,121165029,DPY19L4,-,-,-,Un,-,dpy-19 like 4,protein-coding,-,-,-,probable C-mannosyltransferase DPY19L4,20210420,-
130825,121165030,CFAP36,-,-,-,Un,-,cilia and flagella associated protein 36,protein-coding,-,-,-,cilia- and flagella-associated protein 36,20210420,-
130825,121165031,CCDC88A,-,-,-,Un,-,coiled-coil domain containing 88A,protein-coding,-,-,-,girdin,20210420,-
130825,121165032,LOC121165032,-,-,-,Un,-,prolyl-tRNA synthetase associated domain-containing protein 1,protein-coding,-,-,-,prolyl-tRNA synthetase associated domain-containing protein 1,20210420,-
130825,121165033,ZNF879,-,-,-,Un,-,zinc finger protein 879,protein-coding,-,-,-,zinc finger protein 879,20210420,-
130825,121165034,MTIF2,-,-,-,Un,-,mitochondrial translational initiation factor 2,protein-coding,-,-,-,"translation initiation factor IF-2, mitochondrial",20210420,-
130825,121165035,RPS27A,-,-,-,Un,-,ribosomal protein S27a,protein-coding,-,-,-,ubiquitin-40S ribosomal protein S27a,20210501,-
130825,121165036,EML6,-,-,-,Un,-,EMAP like 6,protein-coding,-,-,-,echinoderm microtubule-associated protein-like 6,20210420,-
130825,121165037,RTN4,-,-,-,Un,-,reticulon 4,protein-coding,-,-,-,reticulon-4,20210420,-
130825,121165038,LOC121165038,-,-,-,Un,-,60S ribosomal protein L27a-like,pseudo,-,-,-,-,20210420,-
130825,121165039,SPTBN1,-,-,-,Un,-,"spectrin beta, non-erythrocytic 1",protein-coding,-,-,-,"spectrin beta chain, non-erythrocytic 1",20210420,-
130825,121165040,ACYP2,-,-,-,Un,-,acylphosphatase 2,protein-coding,-,-,-,acylphosphatase-2,20210420,-
130825,121165041,PSME4,-,-,-,Un,-,proteasome activator subunit 4,protein-coding,-,-,-,proteasome activator complex subunit 4,20210420,-
130825,121165042,ZNF454,-,-,-,Un,-,zinc finger protein 454,protein-coding,-,-,-,zinc finger protein 454,20210420,-
130825,121165043,ACTR1B,-,-,-,Un,-,actin related protein 1B,protein-coding,-,-,-,beta-centractin,20210420,-
130825,121165044,CNNM3,-,-,-,Un,-,cyclin and CBS domain divalent metal cation transport mediator 3,protein-coding,-,-,-,metal transporter CNNM3,20210420,-
130825,121165045,ANKRD23,-,-,-,Un,-,ankyrin repeat domain 23,protein-coding,-,-,-,ankyrin repeat domain-containing protein 23,20210420,-
130825,121165046,ANKRD39,-,-,-,Un,-,ankyrin repeat domain 39,protein-coding,-,-,-,ankyrin repeat domain-containing protein 39,20210420,-
130825,121165047,CNNM4,-,-,-,Un,-,cyclin and CBS domain divalent metal cation transport mediator 4,protein-coding,-,-,-,metal transporter CNNM4,20210420,-
130825,121165048,ZFP2,-,-,-,Un,-,ZFP2 zinc finger protein,protein-coding,-,-,-,zinc finger protein 2 homolog,20210420,-
130825,121165049,LMAN2L,-,-,-,Un,-,"lectin, mannose binding 2 like",protein-coding,-,-,-,VIP36-like protein,20210420,-
130825,121165050,KANSL3,-,-,-,Un,-,KAT8 regulatory NSL complex subunit 3,protein-coding,-,-,-,KAT8 regulatory NSL complex subunit 3,20210420,-
130825,121165051,ARID5A,-,-,-,Un,-,AT-rich interaction domain 5A,protein-coding,-,-,-,AT-rich interactive domain-containing protein 5A,20210420,-
130825,121165052,NCAPH,-,-,-,Un,-,non-SMC condensin I complex subunit H,protein-coding,-,-,-,condensin complex subunit 2,20210420,-
130825,121165053,MFAP3,-,-,-,Un,-,microfibril associated protein 3,protein-coding,-,-,-,microfibril-associated glycoprotein 3,20210420,-
130825,121165054,LOC121165054,-,-,-,Un,-,"eukaryotic translation initiation factor 1A, X-chromosomal-like",protein-coding,-,-,-,"eukaryotic translation initiation factor 1A, X-chromosomal-like",20210605,-
130825,121165055,ITPRIPL1,-,-,-,Un,-,ITPRIP like 1,protein-coding,-,-,-,"inositol 1,4,5-trisphosphate receptor-interacting protein-like 1",20210420,-
130825,121165056,SNRNP200,-,-,-,Un,-,small nuclear ribonucleoprotein U5 subunit 200,protein-coding,-,-,-,U5 small nuclear ribonucleoprotein 200 kDa helicase,20210420,-
130825,121165057,CIAO1,-,-,-,Un,-,cytosolic iron-sulfur assembly component 1,protein-coding,-,-,-,probable cytosolic iron-sulfur protein assembly protein CIAO1,20210420,-
130825,121165058,TMEM127,-,-,-,Un,-,transmembrane protein 127,protein-coding,-,-,-,transmembrane protein 127,20210420,-
130825,121165059,STARD7,-,-,-,Un,-,StAR related lipid transfer domain containing 7,protein-coding,-,-,-,"stAR-related lipid transfer protein 7, mitochondrial",20210420,-
130825,121165060,LOC121165060,-,-,-,Un,-,uncharacterized LOC121165060,ncRNA,-,-,-,-,20210420,-
130825,121165061,GPAT2,-,-,-,Un,-,"glycerol-3-phosphate acyltransferase 2, mitochondrial",protein-coding,-,-,-,"glycerol-3-phosphate acyltransferase 2, mitochondrial",20210420,-
130825,121165062,FAHD2A,-,-,-,Un,-,fumarylacetoacetate hydrolase domain containing 2A,protein-coding,-,-,-,fumarylacetoacetate hydrolase domain-containing protein 2A,20210420,-
130825,121165063,LOC121165063,-,-,-,Un,-,uncharacterized LOC121165063,ncRNA,-,-,-,-,20210420,-
130825,121165064,ZNF2,-,-,-,Un,-,zinc finger protein 2,protein-coding,-,-,-,zinc finger protein 2,20210420,-
130825,121165065,MRPS5,-,-,-,Un,-,mitochondrial ribosomal protein S5,protein-coding,-,-,-,"28S ribosomal protein S5, mitochondrial",20210420,-
130825,121165066,BUB1,-,-,-,Un,-,BUB1 mitotic checkpoint serine/threonine kinase,protein-coding,-,-,-,mitotic checkpoint serine/threonine-protein kinase BUB1,20210420,-
130825,121165067,BCL2L11,-,-,-,Un,-,BCL2 like 11,protein-coding,-,-,-,bcl-2-like protein 11,20210420,-
130825,121165068,LOC121165068,-,-,-,Un,-,uncharacterized LOC121165068,ncRNA,-,-,-,-,20210420,-
130825,121165069,ZNF354B,-,-,-,Un,-,zinc finger protein 354B,protein-coding,-,-,-,zinc finger protein 354B,20210420,-
130825,121165070,ANAPC1,-,-,-,Un,-,anaphase promoting complex subunit 1,protein-coding,-,-,-,anaphase-promoting complex subunit 1,20210420,-
130825,121165071,MERTK,-,-,-,Un,-,"MER proto-oncogene, tyrosine kinase",protein-coding,-,-,-,tyrosine-protein kinase Mer,20210420,-
130825,121165072,TMEM87B,-,-,-,Un,-,transmembrane protein 87B,protein-coding,-,-,-,transmembrane protein 87B,20210420,-
130825,121165073,ZC3H8,-,-,-,Un,-,zinc finger CCCH-type containing 8,protein-coding,-,-,-,zinc finger CCCH domain-containing protein 8,20210420,-
130825,121165074,ZC3H6,-,-,-,Un,-,zinc finger CCCH-type containing 6,protein-coding,-,-,-,zinc finger CCCH domain-containing protein 6,20210420,-
130825,121165075,TTL,-,-,-,Un,-,tubulin tyrosine ligase,protein-coding,-,-,-,tubulin--tyrosine ligase,20210420,-
130825,121165076,POLR1B,-,-,-,Un,-,RNA polymerase I subunit B,protein-coding,-,-,-,DNA-directed RNA polymerase I subunit RPA2,20210420,-
130825,121165077,CHCHD5,-,-,-,Un,-,coiled-coil-helix-coiled-coil-helix domain containing 5,protein-coding,-,-,-,coiled-coil-helix-coiled-coil-helix domain-containing protein 5,20210420,-
130825,121165078,LOC121165078,-,-,-,Un,-,nibrin-like,pseudo,-,-,-,-,20210420,-
130825,121165079,SLC20A1,-,-,-,Un,-,solute carrier family 20 member 1,protein-coding,-,-,-,sodium-dependent phosphate transporter 1,20210420,-
130825,121165080,CKAP2L,-,-,-,Un,-,cytoskeleton associated protein 2 like,protein-coding,-,-,-,cytoskeleton-associated protein 2-like,20210420,-
130825,121165081,IL1B,-,-,-,Un,-,interleukin 1 beta,protein-coding,-,-,-,interleukin-1 beta,20210420,-
130825,121165082,IL1RN,-,-,-,Un,-,interleukin 1 receptor antagonist,protein-coding,-,-,-,interleukin-1 receptor antagonist protein,20210420,-
130825,121165083,PSD4,-,-,-,Un,-,pleckstrin and Sec7 domain containing 4,protein-coding,-,-,-,PH and SEC7 domain-containing protein 4,20210420,-
130825,121165084,LOC121165084,-,-,-,Un,-,tyrosine-protein kinase RYK-like,protein-coding,-,-,-,LOW QUALITY PROTEIN: tyrosine-protein kinase RYK-like,20210420,-
130825,121165085,LOC121165085,-,-,-,Un,-,immunoglobulin kappa light chain-like,other,-,-,-,-,20210420,-
130825,121165086,OSGIN2,-,-,-,Un,-,oxidative stress induced growth inhibitor family member 2,protein-coding,-,-,-,oxidative stress-induced growth inhibitor 2,20210420,-
130825,121165087,LOC121165087,-,-,-,Un,-,immunoglobulin kappa variable 1-39-like,other,-,-,-,-,20210420,-
130825,121165088,LOC121165088,-,-,-,Un,-,immunoglobulin kappa variable 1-39-like,other,-,-,-,-,20210420,-
130825,121165089,LOC121165089,-,-,-,Un,-,immunoglobulin kappa variable 1-39-like,other,-,-,-,-,20210420,-
130825,121165090,LOC121165090,-,-,-,Un,-,immunoglobulin kappa variable 1-39-like,other,-,-,-,-,20210420,-
130825,121165091,LOC121165091,-,-,-,Un,-,immunoglobulin kappa variable 1-39-like,other,-,-,-,-,20210420,-
130825,121165092,LOC121165092,-,-,-,Un,-,immunoglobulin kappa variable 1-39-like,other,-,-,-,-,20210420,-
130825,121165093,RIPK2,-,-,-,Un,-,receptor interacting serine/threonine kinase 2,protein-coding,-,-,-,receptor-interacting serine/threonine-protein kinase 2,20210420,-
130825,121165094,LOC121165094,-,-,-,Un,-,immunoglobulin kappa variable 1-39-like,other,-,-,-,-,20210420,-
130825,121165095,LOC121165095,-,-,-,Un,-,Ig kappa chain V region 3381-like,other,-,-,-,-,20210420,-
130825,121165096,LOC121165096,-,-,-,Un,-,Ig kappa chain V region 2717-like,other,-,-,-,-,20210420,-
130825,121165097,LOC121165097,-,-,-,Un,-,immunoglobulin kappa variable 1-6-like,other,-,-,-,-,20210420,-
130825,121165098,LOC121165098,-,-,-,Un,-,immunoglobulin kappa variable 1-5-like,other,-,-,-,-,20210420,-
130825,121165099,LOC121165099,-,-,-,Un,-,Ig kappa chain V region 3381-like,other,-,-,-,-,20210420,-
130825,121165100,LOC121165100,-,-,-,Un,-,immunoglobulin kappa variable 1-39-like,other,-,-,-,-,20210420,-
130825,121165101,LOC121165101,-,-,-,Un,-,uncharacterized LOC121165101,ncRNA,-,-,-,-,20210420,-
130825,121165102,LOC121165102,-,-,-,Un,-,uncharacterized LOC121165102,ncRNA,-,-,-,-,20210420,-
130825,121165103,RPIA,-,-,-,Un,-,ribose 5-phosphate isomerase A,protein-coding,-,-,-,ribose-5-phosphate isomerase,20210420,-
130825,121165104,EIF2AK3,-,-,-,Un,-,eukaryotic translation initiation factor 2 alpha kinase 3,protein-coding,-,-,-,eukaryotic translation initiation factor 2-alpha kinase 3,20210420,-
130825,121165105,THNSL2,-,-,-,Un,-,threonine synthase like 2,protein-coding,-,-,-,threonine synthase-like 2,20210420,-
130825,121165106,CD8B,-,-,-,Un,-,CD8b molecule,protein-coding,-,-,-,T-cell surface glycoprotein CD8 beta chain,20210420,-
130825,121165107,CD8A,-,-,-,Un,-,CD8a molecule,protein-coding,-,-,-,T-cell surface glycoprotein CD8 alpha chain,20210420,-
130825,121165108,RMND5A,-,-,-,Un,-,required for meiotic nuclear division 5 homolog A,protein-coding,-,-,-,E3 ubiquitin-protein transferase RMND5A,20210522,-
130825,121165109,CPNE3,-,-,-,Un,-,copine 3,protein-coding,-,-,-,copine-3,20210420,-
130825,121165110,RNF103,-,-,-,Un,-,ring finger protein 103,protein-coding,-,-,-,E3 ubiquitin-protein ligase RNF103,20210420,-
130825,121165111,LOC121165111,-,-,-,Un,-,charged multivesicular body protein 3,protein-coding,-,-,-,charged multivesicular body protein 3,20210420,-
130825,121165112,KDM3A,-,-,-,Un,-,lysine demethylase 3A,protein-coding,-,-,-,lysine-specific demethylase 3A,20210420,-
130825,121165113,LOC121165113,-,-,-,Un,-,uncharacterized LOC121165113,ncRNA,-,-,-,-,20210420,-
130825,121165114,REEP1,-,-,-,Un,-,receptor accessory protein 1,protein-coding,-,-,-,receptor expression-enhancing protein 1,20210420,-
130825,121165115,MRPL35,-,-,-,Un,-,mitochondrial ribosomal protein L35,protein-coding,-,-,-,"39S ribosomal protein L35, mitochondrial",20210420,-
130825,121165116,IMMT,-,-,-,Un,-,inner membrane mitochondrial protein,protein-coding,-,-,-,MICOS complex subunit MIC60,20210420,-
130825,121165117,PTCD3,-,-,-,Un,-,pentatricopeptide repeat domain 3,protein-coding,-,-,-,"pentatricopeptide repeat domain-containing protein 3, mitochondrial",20210420,-
130825,121165118,LOC121165118,-,-,-,Un,-,uncharacterized LOC121165118,ncRNA,-,-,-,-,20210420,-
130825,121165119,POLR1A,-,-,-,Un,-,RNA polymerase I subunit A,protein-coding,-,-,-,DNA-directed RNA polymerase I subunit RPA1,20210420,-
130825,121165120,ST3GAL5,-,-,-,Un,-,"ST3 beta-galactoside alpha-2,3-sialyltransferase 5",protein-coding,-,-,-,"lactosylceramide alpha-2,3-sialyltransferase",20210420,-
130825,121165121,USP39,-,-,-,Un,-,ubiquitin specific peptidase 39,protein-coding,-,-,-,U4/U6.U5 tri-snRNP-associated protein 2,20210420,-
130825,121165122,RMDN1,-,-,-,Un,-,regulator of microtubule dynamics 1,protein-coding,-,-,-,regulator of microtubule dynamics protein 1,20210420,-
130825,121165123,CUNH2orf68,-,-,-,Un,-,chromosome unknown C2orf68 homolog,protein-coding,-,-,-,UPF0561 protein C2orf68 homolog,20210420,-
130825,121165124,LOC121165124,-,-,-,Un,-,60S ribosomal protein L7-like,pseudo,-,-,-,-,20210420,-
130825,121165125,TMEM150A,-,-,-,Un,-,transmembrane protein 150A,protein-coding,-,-,-,transmembrane protein 150A,20210420,-
130825,121165126,RNF181,-,-,-,Un,-,ring finger protein 181,protein-coding,-,-,-,E3 ubiquitin-protein ligase RNF181,20210529,-
130825,121165127,VAMP5,-,-,-,Un,-,vesicle associated membrane protein 5,protein-coding,-,-,-,vesicle-associated membrane protein 5,20210420,-
130825,121165128,VAMP8,-,-,-,Un,-,vesicle associated membrane protein 8,protein-coding,-,-,-,vesicle-associated membrane protein 8,20210420,-
130825,121165129,GGCX,-,-,-,Un,-,gamma-glutamyl carboxylase,protein-coding,-,-,-,vitamin K-dependent gamma-carboxylase,20210420,-
130825,121165130,MAT2A,-,-,-,Un,-,methionine adenosyltransferase 2A,protein-coding,-,-,-,S-adenosylmethionine synthase,20210424,-
130825,121165131,CAPG,-,-,-,Un,-,"capping actin protein, gelsolin like",protein-coding,-,-,-,macrophage-capping protein,20210420,-
130825,121165132,FAM114A2,-,-,-,Un,-,family with sequence similarity 114 member A2,protein-coding,-,-,-,protein FAM114A2,20210420,-
130825,121165133,ELMOD3,-,-,-,Un,-,ELMO domain containing 3,protein-coding,-,-,-,ELMO domain-containing protein 3,20210420,-
130825,121165134,RETSAT,-,-,-,Un,-,retinol saturase,protein-coding,-,-,-,"all-trans-retinol 13,14-reductase",20210420,-
130825,121165135,TGOLN2,-,-,-,Un,-,trans-golgi network protein 2,protein-coding,-,-,-,trans-Golgi network integral membrane protein 2,20210420,-
130825,121165136,TCF7L1,-,-,-,Un,-,transcription factor 7 like 1,protein-coding,-,-,-,transcription factor 7-like 1,20210420,-
130825,121165137,KCMF1,-,-,-,Un,-,potassium channel modulatory factor 1,protein-coding,-,-,-,E3 ubiquitin-protein ligase KCMF1,20210529,-
130825,121165138,TMSB10,-,-,-,Un,-,thymosin beta 10,protein-coding,-,-,-,thymosin beta-10,20210522,-
130825,121165139,TRABD2A,-,-,-,Un,-,TraB domain containing 2A,protein-coding,-,-,-,metalloprotease TIKI1,20210420,-
130825,121165140,WWP1,-,-,-,Un,-,WW domain containing E3 ubiquitin protein ligase 1,protein-coding,-,-,-,NEDD4-like E3 ubiquitin-protein ligase WWP1,20210420,-
130825,121165141,SUCLG1,-,-,-,Un,-,succinate-CoA ligase GDP/ADP-forming subunit alpha,protein-coding,-,-,-,"succinate--CoA ligase [ADP/GDP-forming] subunit alpha, mitochondrial",20210420,-
130825,121165142,CTNNA2,-,-,-,Un,-,catenin alpha 2,protein-coding,-,-,-,catenin alpha-2,20210420,-
130825,121165143,LRRTM1,-,-,-,Un,-,leucine rich repeat transmembrane neuronal 1,protein-coding,-,-,-,leucine-rich repeat transmembrane neuronal protein 1,20210420,-
130825,121165144,LRRTM4,-,-,-,Un,-,leucine rich repeat transmembrane neuronal 4,protein-coding,-,-,-,leucine-rich repeat transmembrane neuronal protein 4,20210420,-
130825,121165145,GCFC2,-,-,-,Un,-,GC-rich sequence DNA-binding factor 2,protein-coding,-,-,-,intron Large complex component GCFC2,20210420,-
130825,121165146,MRPL19,-,-,-,Un,-,mitochondrial ribosomal protein L19,protein-coding,-,-,-,"39S ribosomal protein L19, mitochondrial",20210420,-
130825,121165147,EVA1A,-,-,-,Un,-,"eva-1 homolog A, regulator of programmed cell death",protein-coding,-,-,-,protein eva-1 homolog A,20210420,-
130825,121165148,TACR1,-,-,-,Un,-,tachykinin receptor 1,protein-coding,-,-,-,substance-P receptor,20210420,-
130825,121165149,HK2,-,-,-,Un,-,hexokinase 2,protein-coding,-,-,-,hexokinase-2,20210420,-
130825,121165150,LOC121165150,-,-,-,Un,-,meiosis 1 associated protein,protein-coding,-,-,-,meiosis 1 arrest protein,20210420,-
130825,121165151,DOK1,-,-,-,Un,-,docking protein 1,protein-coding,-,-,-,docking protein 1,20210420,-
130825,121165152,LOXL3,-,-,-,Un,-,lysyl oxidase like 3,protein-coding,-,-,-,lysyl oxidase homolog 3,20210420,-
130825,121165153,DQX1,-,-,-,Un,-,DEAQ-box RNA dependent ATPase 1,protein-coding,-,-,-,ATP-dependent RNA helicase DQX1,20210420,-
130825,121165154,HTRA2,-,-,-,Un,-,HtrA serine peptidase 2,protein-coding,-,-,-,"serine protease HTRA2, mitochondrial",20210420,-
130825,121165155,AUP1,-,-,-,Un,-,AUP1 lipid droplet regulating VLDL assembly factor,protein-coding,-,-,-,lipid droplet-regulating VLDL assembly factor AUP1,20210420,-
130825,121165156,CCDC142,-,-,-,Un,-,coiled-coil domain containing 142,protein-coding,-,-,-,coiled-coil domain-containing protein 142,20210420,-
130825,121165157,CA2,-,-,-,Un,-,carbonic anhydrase 2,protein-coding,-,-,-,carbonic anhydrase 2,20210420,-
130825,121165158,MRPL53,-,-,-,Un,-,mitochondrial ribosomal protein L53,protein-coding,-,-,-,"39S ribosomal protein L53, mitochondrial",20210420,-
130825,121165159,MOGS,-,-,-,Un,-,mannosyl-oligosaccharide glucosidase,protein-coding,-,-,-,mannosyl-oligosaccharide glucosidase,20210420,-
130825,121165160,WBP1,-,-,-,Un,-,WW domain binding protein 1,protein-coding,-,-,-,WW domain-binding protein 1,20210420,-
130825,121165161,INO80B,-,-,-,Un,-,INO80 complex subunit B,protein-coding,-,-,-,INO80 complex subunit B,20210420,-
130825,121165162,DCTN1,-,-,-,Un,-,dynactin subunit 1,protein-coding,-,-,-,dynactin subunit 1,20210420,-
130825,121165163,SLC4A5,-,-,-,Un,-,solute carrier family 4 member 5,protein-coding,-,-,-,electrogenic sodium bicarbonate cotransporter 4,20210420,-
130825,121165164,MTHFD2,-,-,-,Un,-,"methylenetetrahydrofolate dehydrogenase (NADP+ dependent) 2, methenyltetrahydrofolate cyclohydrolase",protein-coding,-,-,-,"bifunctional methylenetetrahydrofolate dehydrogenase/cyclohydrolase, mitochondrial",20210420,-
130825,121165165,MOB1A,-,-,-,Un,-,MOB kinase activator 1A,protein-coding,-,-,-,MOB kinase activator 1A,20210522,-
130825,121165166,BOLA3,-,-,-,Un,-,bolA family member 3,protein-coding,-,-,-,bolA-like protein 3,20210420,-
130825,121165167,TET3,-,-,-,Un,-,tet methylcytosine dioxygenase 3,protein-coding,-,-,-,methylcytosine dioxygenase TET3,20210420,-
130825,121165168,CA1,-,-,-,Un,-,carbonic anhydrase 1,protein-coding,-,-,-,carbonic anhydrase 1,20210420,-
130825,121165169,DGUOK,-,-,-,Un,-,deoxyguanosine kinase,protein-coding,-,-,-,"deoxyguanosine kinase, mitochondrial",20210420,-
130825,121165170,ACTG2,-,-,-,Un,-,"actin gamma 2, smooth muscle",protein-coding,-,-,-,"actin, gamma-enteric smooth muscle",20210522,-
130825,121165171,LOC121165171,-,-,-,Un,-,STAM binding protein,protein-coding,-,-,-,STAM-binding protein,20210420,-
130825,121165172,DUSP11,-,-,-,Un,-,dual specificity phosphatase 11,protein-coding,-,-,-,RNA/RNP complex-1-interacting phosphatase,20210420,-
130825,121165173,MSH2,-,-,-,Un,-,mutS homolog 2,protein-coding,-,-,-,DNA mismatch repair protein Msh2,20210420,-
130825,121165174,MSH6,-,-,-,Un,-,mutS homolog 6,protein-coding,-,-,-,DNA mismatch repair protein Msh6,20210420,-
130825,121165175,FBXO11,-,-,-,Un,-,F-box protein 11,protein-coding,-,-,-,F-box only protein 11,20210420,-
130825,121165176,FOXN2,-,-,-,Un,-,forkhead box N2,protein-coding,-,-,-,forkhead box protein N2,20210420,-
130825,121165177,LOC121165177,-,-,-,Un,-,cytosolic iron-sulfur assembly component 2A-like,pseudo,-,-,-,-,20210420,-
130825,121165178,PPP1R21,-,-,-,Un,-,protein phosphatase 1 regulatory subunit 21,protein-coding,-,-,-,protein phosphatase 1 regulatory subunit 21,20210420,-
130825,121165179,E2F5,-,-,-,Un,-,E2F transcription factor 5,protein-coding,-,-,-,transcription factor E2F5,20210420,-
130825,121165180,STON1,-,-,-,Un,-,stonin 1,protein-coding,-,-,-,stonin-1,20210420,-
130825,121165181,GTF2A1L,-,-,-,Un,-,general transcription factor IIA subunit 1 like,protein-coding,-,-,-,TFIIA-alpha and beta-like factor,20210420,-
130825,121165182,NRXN1,-,-,-,Un,-,neurexin 1,protein-coding,-,-,-,neurexin-1,20210522,-
130825,121165183,RBIS,-,-,-,Un,-,ribosomal biogenesis factor,protein-coding,-,-,-,ribosomal biogenesis factor,20210420,-
130825,121165184,LOC121165184,-,-,-,Un,-,pleckstrin homology domain-containing family A member 1-like,pseudo,-,-,-,-,20210420,-
130825,121165185,LOC121165185,-,-,-,Un,-,uncharacterized LOC121165185,ncRNA,-,-,-,-,20210420,-
130825,121165186,LOC121165186,-,-,-,Un,-,uncharacterized LOC121165186,ncRNA,-,-,-,-,20210420,-
130825,121165187,ASB3,-,-,-,Un,-,ankyrin repeat and SOCS box containing 3,protein-coding,-,-,-,ankyrin repeat and SOCS box protein 3,20210420,-
130825,121165188,LRRCC1,-,-,-,Un,-,leucine rich repeat and coiled-coil centrosomal protein 1,protein-coding,-,-,-,leucine-rich repeat and coiled-coil domain-containing protein 1,20210420,-
130825,121165189,ERLEC1,-,-,-,Un,-,endoplasmic reticulum lectin 1,protein-coding,-,-,-,endoplasmic reticulum lectin 1,20210529,-
130825,121165190,CHAC2,-,-,-,Un,-,ChaC glutathione specific gamma-glutamylcyclotransferase 2,protein-coding,-,-,-,glutathione-specific gamma-glutamylcyclotransferase 2,20210420,-
130825,121165191,LOC121165191,-,-,-,Un,-,40S ribosomal protein S24-like,pseudo,-,-,-,-,20210420,-
130825,121165192,LOC121165192,-,-,-,Un,-,tyrosine-protein kinase ZAP-70,protein-coding,-,-,-,tyrosine-protein kinase ZAP-70,20210420,-
130825,121165193,TMEM131,-,-,-,Un,-,transmembrane protein 131,protein-coding,-,-,-,transmembrane protein 131,20210420,-
130825,121165194,LOC121165194,-,-,-,Un,-,"39S ribosomal protein L42, mitochondrial-like",pseudo,-,-,-,-,20210420,-
130825,121165195,LOC121165195,-,-,-,Un,-,uncharacterized LOC121165195,ncRNA,-,-,-,-,20210420,-
130825,121165196,LOC121165196,-,-,-,Un,-,uncharacterized LOC121165196,ncRNA,-,-,-,-,20210420,-
130825,121165197,LOC121165197,-,-,-,Un,-,uncharacterized LOC121165197,ncRNA,-,-,-,-,20210420,-
130825,121165198,INPP4A,-,-,-,Un,-,inositol polyphosphate-4-phosphatase type I A,protein-coding,-,-,-,inositol polyphosphate-4-phosphatase type I A,20210420,-
130825,121165199,LOC121165199,-,-,-,Un,-,cytochrome c oxidase assembly factor 5,protein-coding,-,-,-,cytochrome c oxidase assembly factor 5,20210420,-
130825,121165200,MGAT4A,-,-,-,Un,-,"alpha-1,3-mannosyl-glycoprotein 4-beta-N-acetylglucosaminyltransferase A",protein-coding,-,-,-,"alpha-1,3-mannosyl-glycoprotein 4-beta-N-acetylglucosaminyltransferase A",20210420,-
130825,121165201,UNC50,-,-,-,Un,-,unc-50 inner nuclear membrane RNA binding protein,protein-coding,-,-,-,protein unc-50 homolog,20210420,-
130825,121165202,TSGA10,-,-,-,Un,-,testis specific 10,protein-coding,-,-,-,testis-specific gene 10 protein,20210420,-
130825,121165203,LOC121165203,-,-,-,Un,-,actin-related protein 2/3 complex subunit 5-like,pseudo,-,-,-,-,20210420,-
130825,121165204,CUNH2orf15,-,-,-,Un,-,chromosome unknown C2orf15 homolog,protein-coding,-,-,-,uncharacterized protein C2orf15 homolog,20210420,-
130825,121165205,LIPT1,-,-,-,Un,-,lipoyltransferase 1,protein-coding,-,-,-,"lipoyltransferase 1, mitochondrial",20210420,-
130825,121165206,MITD1,-,-,-,Un,-,microtubule interacting and trafficking domain containing 1,protein-coding,-,-,-,MIT domain-containing protein 1,20210420,-
130825,121165207,LOC121165207,-,-,-,Un,-,G1/S-specific cyclin-D2-like,pseudo,-,-,-,-,20210420,-
130825,121165208,LYG2,-,-,-,Un,-,lysozyme g2,protein-coding,-,-,-,lysozyme g-like protein 2,20210420,-
130825,121165209,LYG1,-,-,-,Un,-,lysozyme g1,protein-coding,-,-,-,lysozyme g-like protein 1,20210420,-
130825,121165210,MRPL30,-,-,-,Un,-,mitochondrial ribosomal protein L30,protein-coding,-,-,-,"39S ribosomal protein L30, mitochondrial",20210420,-
130825,121165211,TXNDC9,-,-,-,Un,-,thioredoxin domain containing 9,protein-coding,-,-,-,thioredoxin domain-containing protein 9,20210420,-
130825,121165212,REV1,-,-,-,Un,-,REV1 DNA directed polymerase,protein-coding,-,-,-,DNA repair protein REV1,20210420,-
130825,121165213,RALYL,-,-,-,Un,-,RALY RNA binding protein like,protein-coding,-,-,-,RNA-binding Raly-like protein,20210420,-
130825,121165214,EIF5B,-,-,-,Un,-,eukaryotic translation initiation factor 5B,protein-coding,-,-,-,eukaryotic translation initiation factor 5B,20210420,-
130825,121165215,LOC121165215,-,-,-,Un,-,casein kinase I-like,pseudo,-,-,-,-,20210420,-
130825,121165216,AFF3,-,-,-,Un,-,AF4/FMR2 family member 3,protein-coding,-,-,-,AF4/FMR2 family member 3,20210420,-
130825,121165217,LOC121165217,-,-,-,Un,-,eukaryotic initiation factor 4A-I-like,pseudo,-,-,-,-,20210420,-
130825,121165218,CHST10,-,-,-,Un,-,carbohydrate sulfotransferase 10,protein-coding,-,-,-,carbohydrate sulfotransferase 10,20210420,-
130825,121165219,PDCL3,-,-,-,Un,-,phosducin like 3,protein-coding,-,-,-,phosducin-like protein 3,20210420,-
130825,121165220,NPAS2,-,-,-,Un,-,neuronal PAS domain protein 2,protein-coding,-,-,-,neuronal PAS domain-containing protein 2,20210420,-
130825,121165221,TBC1D8,-,-,-,Un,-,TBC1 domain family member 8,protein-coding,-,-,-,TBC1 domain family member 8,20210420,-
130825,121165222,RPL31,-,-,-,Un,-,ribosomal protein L31,protein-coding,-,-,-,60S ribosomal protein L31,20210501,-
130825,121165223,CNOT11,-,-,-,Un,-,CCR4-NOT transcription complex subunit 11,protein-coding,-,-,-,CCR4-NOT transcription complex subunit 11,20210420,-
130825,121165224,RNF149,-,-,-,Un,-,ring finger protein 149,protein-coding,-,-,-,E3 ubiquitin-protein ligase RNF149,20210420,-
130825,121165225,MAP4K4,-,-,-,Un,-,mitogen-activated protein kinase kinase kinase kinase 4,protein-coding,-,-,-,mitogen-activated protein kinase kinase kinase kinase 4,20210420,-
130825,121165226,LOC121165226,-,-,-,Un,-,uncharacterized LOC121165226,ncRNA,-,-,-,-,20210420,-
130825,121165227,IL1R2,-,-,-,Un,-,interleukin 1 receptor type 2,protein-coding,-,-,-,interleukin-1 receptor type 2,20210420,-
130825,121165228,IL1RL1,-,-,-,Un,-,interleukin 1 receptor like 1,protein-coding,-,-,-,interleukin-1 receptor-like 1,20210420,-
130825,121165229,IL18R1,-,-,-,Un,-,interleukin 18 receptor 1,protein-coding,-,-,-,interleukin-18 receptor 1,20210420,-
130825,121165230,LOC121165230,-,-,-,Un,-,interleukin 18 receptor accessory protein,protein-coding,-,-,-,interleukin-18 receptor accessory protein,20210420,-
130825,121165231,MFSD9,-,-,-,Un,-,major facilitator superfamily domain containing 9,protein-coding,-,-,-,major facilitator superfamily domain-containing protein 9,20210420,-
130825,121165232,MRPS9,-,-,-,Un,-,mitochondrial ribosomal protein S9,protein-coding,-,-,-,"28S ribosomal protein S9, mitochondrial",20210420,-
130825,121165233,TGFBRAP1,-,-,-,Un,-,transforming growth factor beta receptor associated protein 1,protein-coding,-,-,-,transforming growth factor-beta receptor-associated protein 1,20210420,-
130825,121165234,CUNH2orf49,-,-,-,Un,-,chromosome unknown C2orf49 homolog,protein-coding,-,-,-,ashwin,20210420,-
130825,121165235,FHL2,-,-,-,Un,-,four and a half LIM domains 2,protein-coding,-,-,-,four and a half LIM domains protein 2,20210420,-
130825,121165236,NCK2,-,-,-,Un,-,NCK adaptor protein 2,protein-coding,-,-,-,cytoplasmic protein NCK2,20210420,-
130825,121165237,UXS1,-,-,-,Un,-,UDP-glucuronate decarboxylase 1,protein-coding,-,-,-,UDP-glucuronic acid decarboxylase 1,20210420,-
130825,121165238,LOC121165238,-,-,-,Un,-,uncharacterized LOC121165238,ncRNA,-,-,-,-,20210420,-
130825,121165239,LOC121165239,-,-,-,Un,-,uncharacterized LOC121165239,ncRNA,-,-,-,-,20210420,-
130825,121165240,LOC121165240,-,-,-,Un,-,calcyclin-binding protein-like,pseudo,-,-,-,-,20210420,-
130825,121165241,SH3YL1,-,-,-,Un,-,SH3 and SYLF domain containing 1,protein-coding,-,-,-,SH3 domain-containing YSC84-like protein 1,20210420,-
130825,121165242,TMEM18,-,-,-,Un,-,transmembrane protein 18,protein-coding,-,-,-,transmembrane protein 18,20210420,-
130825,121165243,PXDN,-,-,-,Un,-,peroxidasin,protein-coding,-,-,-,peroxidasin homolog,20210420,-
130825,121165244,MYT1L,-,-,-,Un,-,myelin transcription factor 1 like,protein-coding,-,-,-,myelin transcription factor 1-like protein,20210420,-
130825,121165245,COLEC11,-,-,-,Un,-,collectin subfamily member 11,protein-coding,-,-,-,collectin-11,20210420,-
130825,121165246,ALLC,-,-,-,Un,-,allantoicase,protein-coding,-,-,-,probable allantoicase,20210420,-
130825,121165247,LOC121165247,-,-,-,Un,-,uncharacterized LOC121165247,ncRNA,-,-,-,-,20210420,-
130825,121165248,GRHL1,-,-,-,Un,-,grainyhead like transcription factor 1,protein-coding,-,-,-,grainyhead-like protein 1 homolog,20210420,-
130825,121165249,GRIA1,-,-,-,Un,-,glutamate ionotropic receptor AMPA type subunit 1,protein-coding,-,-,-,glutamate receptor 1,20210420,-
130825,121165250,LOC121165250,-,-,-,Un,-,uncharacterized LOC121165250,ncRNA,-,-,-,-,20210420,-
130825,121165251,KCNF1,-,-,-,Un,-,potassium voltage-gated channel modifier subfamily F member 1,protein-coding,-,-,-,potassium voltage-gated channel subfamily F member 1,20210420,-
130825,121165252,GREB1,-,-,-,Un,-,growth regulating estrogen receptor binding 1,protein-coding,-,-,-,protein GREB1,20210420,-
130825,121165253,NTSR2,-,-,-,Un,-,neurotensin receptor 2,protein-coding,-,-,-,neurotensin receptor type 2,20210420,-
130825,121165254,LOC121165254,-,-,-,Un,-,uncharacterized LOC121165254,ncRNA,-,-,-,-,20210420,-
130825,121165255,SOX11,-,-,-,Un,-,SRY-box transcription factor 11,protein-coding,-,-,-,transcription factor SOX-11,20210420,-
130825,121165256,LOC121165256,-,-,-,Un,-,60S ribosomal protein L37-like,pseudo,-,-,-,-,20210420,-
130825,121165257,LRATD1,-,-,-,Un,-,LRAT domain containing 1,protein-coding,-,-,-,protein LRATD1,20210420,-
130825,121165258,MYCN,-,-,-,Un,-,"MYCN proto-oncogene, bHLH transcription factor",protein-coding,-,-,-,N-myc proto-oncogene protein,20210420,-
130825,121165259,KCNS3,-,-,-,Un,-,potassium voltage-gated channel modifier subfamily S member 3,protein-coding,-,-,-,potassium voltage-gated channel subfamily S member 3,20210420,-
130825,121165260,OSR1,-,-,-,Un,-,odd-skipped related transcription factor 1,protein-coding,-,-,-,protein odd-skipped-related 1,20210420,-
130825,121165261,WDR35,-,-,-,Un,-,WD repeat domain 35,protein-coding,-,-,-,WD repeat-containing protein 35,20210420,-
130825,121165262,SDC1,-,-,-,Un,-,syndecan 1,protein-coding,-,-,-,syndecan-1,20210420,-
130825,121165263,GDF7,-,-,-,Un,-,growth differentiation factor 7,protein-coding,-,-,-,growth/differentiation factor 7,20210420,-
130825,121165264,KLHL29,-,-,-,Un,-,kelch like family member 29,protein-coding,-,-,-,kelch-like protein 29,20210420,-
130825,121165265,FKBP1B,-,-,-,Un,-,FKBP prolyl isomerase 1B,protein-coding,-,-,-,peptidyl-prolyl cis-trans isomerase FKBP1B,20210424,-
130825,121165266,PFN4,-,-,-,Un,-,profilin family member 4,protein-coding,-,-,-,profilin-4,20210420,-
130825,121165267,FAM228B,-,-,-,Un,-,family with sequence similarity 228 member B,protein-coding,-,-,-,protein FAM228B,20210420,-
130825,121165268,DRC1,-,-,-,Un,-,dynein regulatory complex subunit 1,protein-coding,-,-,-,dynein regulatory complex protein 1,20210420,-
130825,121165269,SNX16,-,-,-,Un,-,sorting nexin 16,protein-coding,-,-,-,sorting nexin-16,20210420,-
130825,121165270,OTOF,-,-,-,Un,-,otoferlin,protein-coding,-,-,-,otoferlin,20210420,-
130825,121165271,KCNK3,-,-,-,Un,-,potassium two pore domain channel subfamily K member 3,protein-coding,-,-,-,potassium channel subfamily K member 3,20210420,-
130825,121165272,DPYSL5,-,-,-,Un,-,dihydropyrimidinase like 5,protein-coding,-,-,-,dihydropyrimidinase-related protein 5,20210420,-
130825,121165273,EMILIN1,-,-,-,Un,-,elastin microfibril interfacer 1,protein-coding,-,-,-,EMILIN-1,20210420,-
130825,121165274,LOC121165274,-,-,-,Un,-,heterogeneous nuclear ribonucleoprotein A3-like,pseudo,-,-,-,-,20210420,-
130825,121165275,CGREF1,-,-,-,Un,-,cell growth regulator with EF-hand domain 1,protein-coding,-,-,-,cell growth regulator with EF hand domain protein 1,20210420,-
130825,121165276,SLC30A3,-,-,-,Un,-,solute carrier family 30 member 3,protein-coding,-,-,-,zinc transporter 3,20210420,-
130825,121165277,DNAJC5G,-,-,-,Un,-,DnaJ heat shock protein family (Hsp40) member C5 gamma,protein-coding,-,-,-,dnaJ homolog subfamily C member 5G,20210420,-
130825,121165278,TRIM54,-,-,-,Un,-,tripartite motif containing 54,protein-coding,-,-,-,tripartite motif-containing protein 54,20210420,-
130825,121165279,CIB4,-,-,-,Un,-,calcium and integrin binding family member 4,protein-coding,-,-,-,calcium and integrin-binding family member 4,20210420,-
130825,121165280,SPDYA,-,-,-,Un,-,speedy/RINGO cell cycle regulator family member A,protein-coding,-,-,-,speedy protein A,20210420,-
130825,121165281,TOGARAM2,-,-,-,Un,-,TOG array regulator of axonemal microtubules 2,protein-coding,-,-,-,TOG array regulator of axonemal microtubules protein 2,20210420,-
130825,121165282,CLIP4,-,-,-,Un,-,CAP-Gly domain containing linker protein family member 4,protein-coding,-,-,-,CAP-Gly domain-containing linker protein 4,20210420,-
130825,121165283,ALK,-,-,-,Un,-,ALK receptor tyrosine kinase,protein-coding,-,-,-,ALK tyrosine kinase receptor,20210420,-
130825,121165284,CAPN13,-,-,-,Un,-,calpain 13,protein-coding,-,-,-,calpain-13,20210420,-
130825,121165285,XDH,-,-,-,Un,-,xanthine dehydrogenase,protein-coding,-,-,-,xanthine dehydrogenase/oxidase,20210420,-
130825,121165286,LOC121165286,-,-,-,Un,-,60S ribosomal protein L27-like,pseudo,-,-,-,-,20210420,-
130825,121165287,ZFAND1,-,-,-,Un,-,zinc finger AN1-type containing 1,protein-coding,-,-,-,AN1-type zinc finger protein 1,20210420,-
130825,121165288,LOC121165288,-,-,-,Un,-,60S ribosomal protein L19-like,protein-coding,-,-,-,60S ribosomal protein L19-like,20210420,-
130825,121165289,SULT6B1,-,-,-,Un,-,sulfotransferase family 6B member 1,protein-coding,-,-,-,sulfotransferase 6B1,20210420,-
130825,121165290,LOC121165290,-,-,-,Un,-,cytochrome P450 1B1,protein-coding,-,-,-,cytochrome P450 1B1,20210420,-
130825,121165291,MORN2,-,-,-,Un,-,MORN repeat containing 2,protein-coding,-,-,-,MORN repeat-containing protein 2,20210420,-
130825,121165292,ARHGEF33,-,-,-,Un,-,Rho guanine nucleotide exchange factor 33,protein-coding,-,-,-,rho guanine nucleotide exchange factor 33,20210420,-
130825,121165293,CDKL4,-,-,-,Un,-,cyclin dependent kinase like 4,protein-coding,-,-,-,cyclin-dependent kinase-like 4,20210420,-
130825,121165294,LOC121165294,-,-,-,Un,-,nucleophosmin-like,pseudo,-,-,-,-,20210420,-
130825,121165295,TMEM178A,-,-,-,Un,-,transmembrane protein 178A,protein-coding,-,-,-,transmembrane protein 178A,20210420,-
130825,121165296,TCF23,-,-,-,Un,-,transcription factor 23,protein-coding,-,-,-,transcription factor 23,20210420,-
130825,121165297,LOC121165297,-,-,-,Un,-,protein tyrosine phosphatase type IVA 1-like,pseudo,-,-,-,-,20210420,-
130825,121165298,LOC121165298,-,-,-,Un,-,60S ribosomal protein L21-like,pseudo,-,-,-,-,20210420,-
130825,121165299,PKDCC,-,-,-,Un,-,"protein kinase domain containing, cytoplasmic",protein-coding,-,-,-,extracellular tyrosine-protein kinase PKDCC,20210420,-
130825,121165300,LOC121165300,-,-,-,Un,-,uncharacterized LOC121165300,ncRNA,-,-,-,-,20210420,-
130825,121165301,LOC121165301,-,-,-,Un,-,uncharacterized LOC121165301,ncRNA,-,-,-,-,20210420,-
130825,121165302,KCNG3,-,-,-,Un,-,potassium voltage-gated channel modifier subfamily G member 3,protein-coding,-,-,-,potassium voltage-gated channel subfamily G member 3,20210420,-
130825,121165303,PLEKHH2,-,-,-,Un,-,"pleckstrin homology, MyTH4 and FERM domain containing H2",protein-coding,-,-,-,pleckstrin homology domain-containing family H member 2,20210420,-
130825,121165304,ABCG8,-,-,-,Un,-,ATP binding cassette subfamily G member 8,protein-coding,-,-,-,ATP-binding cassette sub-family G member 8,20210420,-
130825,121165305,LOC121165305,-,-,-,Un,-,uncharacterized LOC121165305,ncRNA,-,-,-,-,20210420,-
130825,121165306,SIX3,-,-,-,Un,-,SIX homeobox 3,protein-coding,-,-,-,homeobox protein SIX3,20210420,-
130825,121165307,SIX2,-,-,-,Un,-,SIX homeobox 2,protein-coding,-,-,-,homeobox protein SIX2,20210420,-
130825,121165308,IMPA1,-,-,-,Un,-,inositol monophosphatase 1,protein-coding,-,-,-,inositol monophosphatase 1,20210420,-
130825,121165309,LOC121165309,-,-,-,Un,-,40S ribosomal protein S2-like,pseudo,-,-,-,-,20210420,-
130825,121165310,ATP6V1E2,-,-,-,Un,-,ATPase H+ transporting V1 subunit E2,protein-coding,-,-,-,V-type proton ATPase subunit E 2,20210420,-
130825,121165311,EPCAM,-,-,-,Un,-,epithelial cell adhesion molecule,protein-coding,-,-,-,epithelial cell adhesion molecule,20210420,-
130825,121165312,EGR4,-,-,-,Un,-,early growth response 4,protein-coding,-,-,-,early growth response protein 4,20210420,-
130825,121165313,EMX1,-,-,-,Un,-,empty spiracles homeobox 1,protein-coding,-,-,-,homeobox protein EMX1,20210420,-
130825,121165314,SPR,-,-,-,Un,-,sepiapterin reductase,protein-coding,-,-,-,sepiapterin reductase,20210420,-
130825,121165315,LOC121165315,-,-,-,Un,-,ribosome biogenesis protein NSA2 homolog,protein-coding,-,-,-,ribosome biogenesis protein NSA2 homolog,20210420,-
130825,121165316,LOC121165316,-,-,-,Un,-,cytochrome P450 26B1,protein-coding,-,-,-,cytochrome P450 26B1,20210420,-
130825,121165317,DYSF,-,-,-,Un,-,dysferlin,protein-coding,-,-,-,dysferlin,20210420,-
130825,121165318,ATP6V1B1,-,-,-,Un,-,ATPase H+ transporting V1 subunit B1,protein-coding,-,-,-,"V-type proton ATPase subunit B, kidney isoform",20210420,-
130825,121165319,ASPRV1,-,-,-,Un,-,aspartic peptidase retroviral like 1,protein-coding,-,-,-,retroviral-like aspartic protease 1,20210420,-
130825,121165320,ANTXR1,-,-,-,Un,-,ANTXR cell adhesion molecule 1,protein-coding,-,-,-,anthrax toxin receptor 1,20210420,-
130825,121165321,FABP5,-,-,-,Un,-,fatty acid binding protein 5,protein-coding,-,-,-,fatty acid-binding protein 5,20210420,-
130825,121165322,BMP10,-,-,-,Un,-,bone morphogenetic protein 10,protein-coding,-,-,-,bone morphogenetic protein 10,20210420,-
130825,121165323,PROKR1,-,-,-,Un,-,prokineticin receptor 1,protein-coding,-,-,-,prokineticin receptor 1,20210420,-
130825,121165324,LOC121165324,-,-,-,Un,-,60S ribosomal protein L6-like,pseudo,-,-,-,-,20210420,-
130825,121165325,LOC121165325,-,-,-,Un,-,60S ribosomal protein L5-like,pseudo,-,-,-,-,20210420,-
130825,121165326,LOC121165326,-,-,-,Un,-,uncharacterized LOC121165326,ncRNA,-,-,-,-,20210420,-
130825,121165327,OTX1,-,-,-,Un,-,orthodenticle homeobox 1,protein-coding,-,-,-,homeobox protein OTX1,20210529,-
130825,121165328,LOC121165328,-,-,-,Un,-,60S ribosomal protein L29-like,protein-coding,-,-,-,60S ribosomal protein L29-like,20210420,-
130825,121165329,TMEM17,-,-,-,Un,-,transmembrane protein 17,protein-coding,-,-,-,transmembrane protein 17,20210420,-
130825,121165330,LOC121165330,-,-,-,Un,-,60S ribosomal protein L5-like,pseudo,-,-,-,-,20210420,-
130825,121165331,LOC121165331,-,-,-,Un,-,GA-binding protein alpha chain-like,pseudo,-,-,-,-,20210420,-
130825,121165332,LOC121165332,-,-,-,Un,-,SOSS complex subunit B2-like,pseudo,-,-,-,-,20210420,-
130825,121165333,LOC121165333,-,-,-,Un,-,60S ribosomal protein L9-like,pseudo,-,-,-,-,20210420,-
130825,121165334,LOC121165334,-,-,-,Un,-,"inositol 1,4,5-triphosphate receptor associated 2-like",protein-coding,-,-,-,"LOW QUALITY PROTEIN: inositol 1,4,5-triphosphate receptor associated 2-like",20210420,-
130825,121165335,LOC121165335,-,-,-,Un,-,toll-like receptor 7,pseudo,-,-,-,-,20210420,-
130825,121165336,LOC121165336,-,-,-,Un,-,uncharacterized LOC121165336,protein-coding,-,-,-,uncharacterized protein LOC121165336,20210420,-
130825,121165337,PAG1,-,-,-,Un,-,phosphoprotein membrane anchor with glycosphingolipid microdomains 1,protein-coding,-,-,-,phosphoprotein associated with glycosphingolipid-enriched microdomains 1,20210420,-
130825,121165338,FAM110C,-,-,-,Un,-,family with sequence similarity 110 member C,protein-coding,-,-,-,protein FAM110C,20210420,-
130825,121165339,CUNH2orf74,-,-,-,Un,-,chromosome unknown C2orf74 homolog,protein-coding,-,-,-,uncharacterized protein C2orf74 homolog,20210420,-
130825,121165340,SANBR,-,-,-,Un,-,SANT and BTB domain regulator of CSR,protein-coding,-,-,-,uncharacterized protein KIAA1841 homolog,20210420,-
130825,121165341,ALKAL2,-,-,-,Un,-,ALK and LTK ligand 2,protein-coding,-,-,-,ALK and LTK ligand 2,20210420,-
130825,121165342,TPO,-,-,-,Un,-,thyroid peroxidase,protein-coding,-,-,-,thyroid peroxidase,20210420,-
130825,121165343,LOC121165343,-,-,-,Un,-,uncharacterized LOC121165343,ncRNA,-,-,-,-,20210420,-
130825,121165344,DCDC2C,-,-,-,Un,-,doublecortin domain containing 2C,protein-coding,-,-,-,doublecortin domain-containing protein 2C,20210420,-
130825,121165345,LOC121165345,-,-,-,Un,-,protein TRACHEARY ELEMENT DIFFERENTIATION-RELATED 7A-like,protein-coding,-,-,-,protein TRACHEARY ELEMENT DIFFERENTIATION-RELATED 7A-like,20210420,-
130825,121165346,CLHC1,-,-,-,Un,-,clathrin heavy chain linker domain containing 1,protein-coding,-,-,-,clathrin heavy chain linker domain-containing protein 1,20210420,-
130825,121165347,ZBTB10,-,-,-,Un,-,zinc finger and BTB domain containing 10,protein-coding,-,-,-,zinc finger and BTB domain-containing protein 10,20210420,-
130825,121165348,LOC121165348,-,-,-,Un,-,40S ribosomal protein S11-like,protein-coding,-,-,-,40S ribosomal protein S11-like,20210420,-
130825,121165349,CUNH2orf73,-,-,-,Un,-,chromosome unknown C2orf73 homolog,protein-coding,-,-,-,uncharacterized protein C2orf73 homolog,20210420,-
130825,121165350,GPR75,-,-,-,Un,-,G protein-coupled receptor 75,protein-coding,-,-,-,probable G-protein coupled receptor 75,20210420,-
130825,121165351,LOC121165351,-,-,-,Un,-,"cytochrome c oxidase subunit 5B, mitochondrial",protein-coding,-,-,-,"cytochrome c oxidase subunit 5B, mitochondrial",20210420,-
130825,121165352,SEMA4C,-,-,-,Un,-,semaphorin 4C,protein-coding,-,-,-,semaphorin-4C,20210420,-
130825,121165353,DUSP2,-,-,-,Un,-,dual specificity phosphatase 2,protein-coding,-,-,-,dual specificity protein phosphatase 2,20210420,-
130825,121165354,ADRA2B,-,-,-,Un,-,adrenoceptor alpha 2B,protein-coding,-,-,-,alpha-2B adrenergic receptor,20210420,-
130825,121165355,LOC121165355,-,-,-,Un,-,uncharacterized LOC121165355,ncRNA,-,-,-,-,20210420,-
130825,121165356,KCNIP3,-,-,-,Un,-,potassium voltage-gated channel interacting protein 3,protein-coding,-,-,-,calsenilin,20210420,-
130825,121165357,PROM2,-,-,-,Un,-,prominin 2,protein-coding,-,-,-,prominin-2,20210420,-
130825,121165358,MAL,-,-,-,Un,-,"mal, T cell differentiation protein",protein-coding,-,-,-,myelin and lymphocyte protein,20210420,-
130825,121165359,MALL,-,-,-,Un,-,"mal, T cell differentiation protein like",protein-coding,-,-,-,MAL-like protein,20210420,-
130825,121165360,TPD52,-,-,-,Un,-,tumor protein D52,protein-coding,-,-,-,tumor protein D52,20210420,-
130825,121165361,NPHP1,-,-,-,Un,-,nephrocystin 1,protein-coding,-,-,-,nephrocystin-1,20210420,-
130825,121165362,MTLN,-,-,-,Un,-,mitoregulin,protein-coding,-,-,-,mitoregulin,20210420,-
130825,121165363,LOC121165363,-,-,-,Un,-,two pore calcium channel protein 1-like,protein-coding,-,-,-,two pore calcium channel protein 1-like,20210420,-
130825,121165364,LOC121165364,-,-,-,Un,-,uncharacterized LOC121165364,ncRNA,-,-,-,-,20210420,-
130825,121165365,LOC121165365,-,-,-,Un,-,40S ribosomal protein S29-like,protein-coding,-,-,-,LOW QUALITY PROTEIN: 40S ribosomal protein S29-like,20210420,-
130825,121165366,IL1A,-,-,-,Un,-,interleukin 1 alpha,protein-coding,-,-,-,interleukin-1 alpha,20210420,-
130825,121165367,IL37,-,-,-,Un,-,interleukin 37,protein-coding,-,-,-,interleukin-37,20210420,-
130825,121165368,IL36RN,-,-,-,Un,-,interleukin 36 receptor antagonist,protein-coding,-,-,-,interleukin-36 receptor antagonist protein,20210420,-
130825,121165369,IL1F10,-,-,-,Un,-,interleukin 1 family member 10,protein-coding,-,-,-,interleukin-1 family member 10,20210420,-
130825,121165370,PAX8,-,-,-,Un,-,paired box 8,protein-coding,-,-,-,paired box protein Pax-8,20210420,-
130825,121165371,FOXI3,-,-,-,Un,-,forkhead box I3,protein-coding,-,-,-,forkhead box protein I3,20210420,-
130825,121165372,FABP1,-,-,-,Un,-,fatty acid binding protein 1,protein-coding,-,-,-,"fatty acid-binding protein, liver",20210420,-
130825,121165373,LOC121165373,-,-,-,Un,-,60S ribosomal protein L21-like,pseudo,-,-,-,-,20210420,-
130825,121165374,SMYD1,-,-,-,Un,-,SET and MYND domain containing 1,protein-coding,-,-,-,histone-lysine N-methyltransferase SMYD1,20210420,-
130825,121165375,CYS1,-,-,-,Un,-,cystin 1,protein-coding,-,-,-,cystin-1,20210420,-
130825,121165376,LOC121165376,-,-,-,Un,-,uncharacterized LOC121165376,ncRNA,-,-,-,-,20210420,-
130825,121165377,LOC121165377,-,-,-,Un,-,"eukaryotic translation initiation factor 1A, X-chromosomal-like",protein-coding,-,-,-,"eukaryotic translation initiation factor 1A, X-chromosomal-like",20210420,-
130825,121165378,SFTPB,-,-,-,Un,-,surfactant protein B,protein-coding,-,-,-,pulmonary surfactant-associated protein B,20210420,-
130825,121165379,LOC121165379,-,-,-,Un,-,uncharacterized LOC121165379,ncRNA,-,-,-,-,20210420,-
130825,121165380,LOC121165380,-,-,-,Un,-,regenerating islet-derived protein 3-gamma-like,protein-coding,-,-,-,regenerating islet-derived protein 3-gamma-like,20210420,-
130825,121165381,LOC121165381,-,-,-,Un,-,lithostathine-1-alpha-like,protein-coding,-,-,-,lithostathine-1-alpha-like,20210420,-
130825,121165382,LOC121165382,-,-,-,Un,-,regenerating islet-derived protein 3-gamma-like,protein-coding,-,-,-,regenerating islet-derived protein 3-gamma-like,20210420,-
130825,121165383,LOC121165383,-,-,-,Un,-,voltage-dependent anion-selective channel protein 1-like,pseudo,-,-,-,-,20210420,-
130825,121165384,LOC121165384,-,-,-,Un,-,thyroid receptor-interacting protein 11-like,protein-coding,-,-,-,thyroid receptor-interacting protein 11-like,20210420,-
130825,121165385,SEMA4F,-,-,-,Un,-,ssemaphorin 4F,protein-coding,-,-,-,semaphorin-4F,20210420,-
130825,121165386,HDAC3,-,-,-,Un,-,histone deacetylase 3,protein-coding,-,-,-,histone deacetylase 3,20210425,-
130825,121165387,TLX2,-,-,-,Un,-,T cell leukemia homeobox 2,protein-coding,-,-,-,T-cell leukemia homeobox protein 2,20210420,-
130825,121165388,PCGF1,-,-,-,Un,-,polycomb group ring finger 1,protein-coding,-,-,-,polycomb group RING finger protein 1,20210420,-
130825,121165389,LBX2,-,-,-,Un,-,ladybird homeobox 2,protein-coding,-,-,-,transcription factor LBX2,20210420,-
130825,121165390,LOC121165390,-,-,-,Un,-,thyroid receptor-interacting protein 11-like,protein-coding,-,-,-,thyroid receptor-interacting protein 11-like,20210420,-
130825,121165391,RTKN,-,-,-,Un,-,rhotekin,protein-coding,-,-,-,rhotekin,20210420,-
130825,121165392,WDR54,-,-,-,Un,-,WD repeat domain 54,protein-coding,-,-,-,WD repeat-containing protein 54,20210420,-
130825,121165393,TPRKB,-,-,-,Un,-,TP53RK binding protein,protein-coding,-,-,-,EKC/KEOPS complex subunit TPRKB,20210420,-
130825,121165394,LOC121165394,-,-,-,Un,-,putative N-acetyltransferase 8B,protein-coding,-,-,-,putative N-acetyltransferase 8B,20210420,-
130825,121165395,LOC121165395,-,-,-,Un,-,putative N-acetyltransferase 8B,pseudo,-,-,-,-,20210420,-
130825,121165396,LOC121165396,-,-,-,Un,-,putative N-acetyltransferase 8B,protein-coding,-,-,-,putative N-acetyltransferase 8B,20210420,-
130825,121165397,KCNK12,-,-,-,Un,-,potassium two pore domain channel subfamily K member 12,protein-coding,-,-,-,potassium channel subfamily K member 12,20210420,-
130825,121165398,LOC121165398,-,-,-,Un,-,nuclear receptor coactivator 6-like,pseudo,-,-,-,-,20210420,-
130825,121165399,LOC121165399,-,-,-,Un,-,prefoldin subunit 4-like,pseudo,-,-,-,-,20210420,-
130825,121165400,LOC121165400,-,-,-,Un,-,thyroid receptor-interacting protein 11-like,protein-coding,-,-,-,thyroid receptor-interacting protein 11-like,20210420,-
130825,121165401,LOC121165401,-,-,-,Un,-,protein mago nashi homolog,pseudo,-,-,-,-,20210420,-
130825,121165402,LOC121165402,-,-,-,Un,-,thyroid receptor-interacting protein 11-like,protein-coding,-,-,-,thyroid receptor-interacting protein 11-like,20210420,-
130825,121165403,LHCGR,-,-,-,Un,-,luteinizing hormone/choriogonadotropin receptor,protein-coding,-,-,-,lutropin-choriogonadotropic hormone receptor,20210420,-
130825,121165404,STMN2,-,-,-,Un,-,stathmin 2,protein-coding,-,-,-,stathmin-2,20210501,-
130825,121165405,FSHR,-,-,-,Un,-,follicle stimulating hormone receptor,protein-coding,-,-,-,follicle-stimulating hormone receptor,20210420,-
130825,121165406,RAD51AP2,-,-,-,Un,-,RAD51 associated protein 2,protein-coding,-,-,-,RAD51-associated protein 2,20210420,-
130825,121165407,LOC121165407,-,-,-,Un,-,RWD domain-containing protein 4-like,pseudo,-,-,-,-,20210420,-
130825,121165408,LOC121165408,-,-,-,Un,-,heat shock protein HSP 90-beta-like,pseudo,-,-,-,-,20210420,-
130825,121165409,LOC121165409,-,-,-,Un,-,"eukaryotic translation initiation factor 1A, X-chromosomal-like",pseudo,-,-,-,-,20210420,-
130825,121165410,VWA3B,-,-,-,Un,-,von Willebrand factor A domain containing 3B,protein-coding,-,-,-,von Willebrand factor A domain-containing protein 3B,20210420,-
130825,121165411,CNGA3,-,-,-,Un,-,cyclic nucleotide gated channel subunit alpha 3,protein-coding,-,-,-,cyclic nucleotide-gated cation channel alpha-3,20210420,-
130825,121165412,LOC121165412,-,-,-,Un,-,elongation factor 1-alpha 1-like,pseudo,-,-,-,-,20210420,-
130825,121165413,GKN2,-,-,-,Un,-,gastrokine 2,protein-coding,-,-,-,gastrokine-2,20210420,-
130825,121165414,LOC121165414,-,-,-,Un,-,lipid droplet assembly factor 1-like,protein-coding,-,-,-,lipid droplet assembly factor 1-like,20210420,-
130825,121165415,CUNH2orf92,-,-,-,Un,-,chromosome unknown C2orf92 homolog,protein-coding,-,-,-,uncharacterized protein C2orf92 homolog,20210420,-
130825,121165416,MATN3,-,-,-,Un,-,matrilin 3,protein-coding,-,-,-,matrilin-3,20210420,-
130825,121165417,LOC121165417,-,-,-,Un,-,uncharacterized LOC121165417,ncRNA,-,-,-,-,20210420,-
130825,121165418,RFX8,-,-,-,Un,-,regulatory factor X8,protein-coding,-,-,-,DNA-binding protein RFX8,20210420,-
130825,121165419,IL1R1,-,-,-,Un,-,interleukin 1 receptor type 1,protein-coding,-,-,-,interleukin-1 receptor type 1,20210420,-
130825,121165420,IL7,-,-,-,Un,-,interleukin 7,protein-coding,-,-,-,interleukin-7,20210420,-
130825,121165421,IL1RL2,-,-,-,Un,-,interleukin 1 receptor like 2,protein-coding,-,-,-,interleukin-1 receptor-like 2,20210420,-
130825,121165422,LOC121165422,-,-,-,Un,-,"b(0,+)-type amino acid transporter 1-like",pseudo,-,-,-,-,20210420,-
130825,121165423,LOC121165423,-,-,-,Un,-,60S ribosomal protein L23a-like,pseudo,-,-,-,-,20210420,-
130825,121165424,SLC9A2,-,-,-,Un,-,solute carrier family 9 member A2,protein-coding,-,-,-,sodium/hydrogen exchanger 2,20210420,-
130825,121165425,TMEM182,-,-,-,Un,-,transmembrane protein 182,protein-coding,-,-,-,transmembrane protein 182,20210420,-
130825,121165426,LOC121165426,-,-,-,Un,-,programmed cell death protein 5-like,pseudo,-,-,-,-,20210420,-
130825,121165427,POU3F3,-,-,-,Un,-,POU class 3 homeobox 3,protein-coding,-,-,-,"POU domain, class 3, transcription factor 3",20210420,-
130825,121165428,LOC121165428,-,-,-,Un,-,U4 spliceosomal RNA,snRNA,-,-,-,-,20210420,-
130825,121165429,LOC121165429,-,-,-,Un,-,U4 spliceosomal RNA,pseudo,-,-,-,-,20210420,-
130825,121165430,LOC121165430,-,-,-,Un,-,U6 spliceosomal RNA,snRNA,-,-,-,-,20210420,-
130825,121165431,LOC121165431,-,-,-,Un,-,U6 spliceosomal RNA,snRNA,-,-,-,-,20210420,-
130825,121165432,LOC121165432,-,-,-,Un,-,U6 spliceosomal RNA,snRNA,-,-,-,-,20210420,-
130825,121165433,LOC121165433,-,-,-,Un,-,U6 spliceosomal RNA,snRNA,-,-,-,-,20210420,-
130825,121165434,LOC121165434,-,-,-,Un,-,U6 spliceosomal RNA,snRNA,-,-,-,-,20210420,-
130825,121165435,LOC121165435,-,-,-,Un,-,U6 spliceosomal RNA,snRNA,-,-,-,-,20210420,-
130825,121165436,LOC121165436,-,-,-,Un,-,U6 spliceosomal RNA,snRNA,-,-,-,-,20210420,-
130825,121165437,LOC121165437,-,-,-,Un,-,U6 spliceosomal RNA,pseudo,-,-,-,-,20210420,-
130825,121165438,LOC121165438,-,-,-,Un,-,U6 spliceosomal RNA,snRNA,-,-,-,-,20210420,-
130825,121165439,LOC121165439,-,-,-,Un,-,U6 spliceosomal RNA,snRNA,-,-,-,-,20210420,-
130825,121165440,ZC2HC1A,-,-,-,Un,-,zinc finger C2HC-type containing 1A,protein-coding,-,-,-,zinc finger C2HC domain-containing protein 1A,20210420,-
130825,121165441,LOC121165441,-,-,-,Un,-,U6 spliceosomal RNA,snRNA,-,-,-,-,20210420,-
130825,121165442,LOC121165442,-,-,-,Un,-,U6 spliceosomal RNA,snRNA,-,-,-,-,20210420,-
130825,121165443,LOC121165443,-,-,-,Un,-,U6 spliceosomal RNA,snRNA,-,-,-,-,20210420,-
130825,121165444,LOC121165444,-,-,-,Un,-,U6 spliceosomal RNA,snRNA,-,-,-,-,20210420,-
130825,121165445,LOC121165445,-,-,-,Un,-,U6 spliceosomal RNA,snRNA,-,-,-,-,20210420,-
130825,121165446,LOC121165446,-,-,-,Un,-,U6 spliceosomal RNA,snRNA,-,-,-,-,20210420,-
130825,121165447,LOC121165447,-,-,-,Un,-,U6 spliceosomal RNA,pseudo,-,-,-,-,20210420,-
130825,121165448,LOC121165448,-,-,-,Un,-,U6 spliceosomal RNA,pseudo,-,-,-,-,20210420,-
130825,121165449,LOC121165449,-,-,-,Un,-,U6 spliceosomal RNA,snRNA,-,-,-,-,20210420,-
130825,121165450,LOC121165450,-,-,-,Un,-,U6 spliceosomal RNA,snRNA,-,-,-,-,20210420,-
130825,121165451,LOC121165451,-,-,-,Un,-,U6 spliceosomal RNA,snRNA,-,-,-,-,20210420,-
130825,121165452,LOC121165452,-,-,-,Un,-,U6 spliceosomal RNA,snRNA,-,-,-,-,20210420,-
130825,121165453,LOC121165453,-,-,-,Un,-,U6 spliceosomal RNA,snRNA,-,-,-,-,20210420,-
130825,121165454,LOC121165454,-,-,-,Un,-,U6 spliceosomal RNA,pseudo,-,-,-,-,20210420,-
130825,121165455,LOC121165455,-,-,-,Un,-,U6 spliceosomal RNA,snRNA,-,-,-,-,20210420,-
130825,121165456,LOC121165456,-,-,-,Un,-,U6 spliceosomal RNA,snRNA,-,-,-,-,20210420,-
130825,121165457,LOC121165457,-,-,-,Un,-,U6 spliceosomal RNA,snRNA,-,-,-,-,20210420,-
130825,121165458,LOC121165458,-,-,-,Un,-,U6 spliceosomal RNA,snRNA,-,-,-,-,20210420,-
130825,121165459,LOC121165459,-,-,-,Un,-,U6 spliceosomal RNA,snRNA,-,-,-,-,20210420,-
130825,121165460,LOC121165460,-,-,-,Un,-,U6 spliceosomal RNA,snRNA,-,-,-,-,20210420,-
130825,121165461,LOC121165461,-,-,-,Un,-,U6 spliceosomal RNA,pseudo,-,-,-,-,20210420,-
130825,121165462,LOC121165462,-,-,-,Un,-,U6 spliceosomal RNA,pseudo,-,-,-,-,20210420,-
130825,121165463,LOC121165463,-,-,-,Un,-,U6 spliceosomal RNA,pseudo,-,-,-,-,20210420,-
130825,121165464,LOC121165464,-,-,-,Un,-,U6 spliceosomal RNA,snRNA,-,-,-,-,20210420,-
130825,121165465,LOC121165465,-,-,-,Un,-,U6 spliceosomal RNA,snRNA,-,-,-,-,20210420,-
130825,121165466,PEX2,-,-,-,Un,-,peroxisomal biogenesis factor 2,protein-coding,-,-,-,peroxisome biogenesis factor 2,20210420,-
130825,121165467,LOC121165467,-,-,-,Un,-,U6 spliceosomal RNA,pseudo,-,-,-,-,20210420,-
130825,121165468,LOC121165468,-,-,-,Un,-,U6 spliceosomal RNA,pseudo,-,-,-,-,20210420,-
130825,121165469,LOC121165469,-,-,-,Un,-,U6 spliceosomal RNA,snRNA,-,-,-,-,20210420,-
130825,121165470,LOC121165470,-,-,-,Un,-,U6 spliceosomal RNA,snRNA,-,-,-,-,20210420,-
130825,121165471,LOC121165471,-,-,-,Un,-,U6 spliceosomal RNA,snRNA,-,-,-,-,20210420,-
130825,121165472,LOC121165472,-,-,-,Un,-,U6 spliceosomal RNA,pseudo,-,-,-,-,20210420,-
130825,121165473,LOC121165473,-,-,-,Un,-,U6 spliceosomal RNA,snRNA,-,-,-,-,20210420,-
130825,121165474,LOC121165474,-,-,-,Un,-,U6 spliceosomal RNA,pseudo,-,-,-,-,20210420,-
130825,121165475,LOC121165475,-,-,-,Un,-,U6 spliceosomal RNA,pseudo,-,-,-,-,20210420,-
130825,121165476,LOC121165476,-,-,-,Un,-,U6 spliceosomal RNA,snRNA,-,-,-,-,20210420,-
130825,121165477,LOC121165477,-,-,-,Un,-,U7 small nuclear RNA,snRNA,-,-,-,-,20210420,-
130825,121165478,LOC121165478,-,-,-,Un,-,small nucleolar RNA SNORA70,snoRNA,-,-,-,-,20210420,-
130825,121165479,LOC121165479,-,-,-,Un,-,small nucleolar RNA SNORA70,snoRNA,-,-,-,-,20210420,-
130825,121165480,LOC121165480,-,-,-,Un,-,small nucleolar RNA SNORD43,snoRNA,-,-,-,-,20210420,-
130825,121165481,LOC121165481,-,-,-,Un,-,small nucleolar RNA SNORD43,snoRNA,-,-,-,-,20210420,-
130825,121165482,LOC121165482,-,-,-,Un,-,small nucleolar RNA SNORA31,snoRNA,-,-,-,-,20210420,-
130825,121165483,LOC121165483,-,-,-,Un,-,small nucleolar RNA MBII-202,snoRNA,-,-,-,-,20210420,-
130825,121165484,LOC121165484,-,-,-,Un,-,small nucleolar RNA SNORD53/SNORD92,snoRNA,-,-,-,-,20210420,-
130825,121165485,LOC121165485,-,-,-,Un,-,small nucleolar RNA SNORD53/SNORD92,snoRNA,-,-,-,-,20210420,-
130825,121165486,LOC121165486,-,-,-,Un,-,small nucleolar RNA SNORD53/SNORD92,snoRNA,-,-,-,-,20210420,-
130825,121165487,LOC121165487,-,-,-,Un,-,small nucleolar RNA SNORA36 family,snoRNA,-,-,-,-,20210420,-
130825,121165488,LOC121165488,-,-,-,Un,-,small nucleolar RNA SNORA42/SNORA80 family,snoRNA,-,-,-,-,20210420,-
130825,121165489,LOC121165489,-,-,-,Un,-,small nucleolar RNA SNORA2/SNORA34 family,snoRNA,-,-,-,-,20210420,-
130825,121165490,LOC121165490,-,-,-,Un,-,small nucleolar RNA SNORA40,snoRNA,-,-,-,-,20210420,-
130825,121165491,LOC121165491,-,-,-,Un,-,small nucleolar RNA SNORD89,snoRNA,-,-,-,-,20210420,-
130825,121165492,LOC121165492,-,-,-,Un,-,small nucleolar RNA SNORD94,snoRNA,-,-,-,-,20210420,-
130825,121165493,LOC121165493,-,-,-,Un,-,U6atac minor spliceosomal RNA,pseudo,-,-,-,-,20210420,-
130825,121165494,LOC121165494,-,-,-,Un,-,small nucleolar RNA U13,pseudo,-,-,-,-,20210420,-
130825,121165495,LOC121165495,-,-,-,Un,-,small nucleolar RNA ACA64,snoRNA,-,-,-,-,20210420,-
130825,121165496,LOC121165496,-,-,-,Un,-,U1 spliceosomal RNA,snRNA,-,-,-,-,20210420,-
130825,121165497,LOC121165497,-,-,-,Un,-,U1 spliceosomal RNA,snRNA,-,-,-,-,20210420,-
130825,121165498,LOC121165498,-,-,-,Un,-,U1 spliceosomal RNA,pseudo,-,-,-,-,20210420,-
130825,121165499,LOC121165499,-,-,-,Un,-,U2 spliceosomal RNA,snRNA,-,-,-,-,20210420,-
130825,121165500,LOC121165500,-,-,-,Un,-,U2 spliceosomal RNA,snRNA,-,-,-,-,20210420,-
130825,121165501,LOC121165501,-,-,-,Un,-,U2 spliceosomal RNA,snRNA,-,-,-,-,20210420,-
130825,121165502,LOC121165502,-,-,-,Un,-,U2 spliceosomal RNA,snRNA,-,-,-,-,20210420,-
130825,121165503,LOC121165503,-,-,-,Un,-,U2 spliceosomal RNA,pseudo,-,-,-,-,20210420,-
130825,121165504,LOC121165504,-,-,-,Un,-,U2 spliceosomal RNA,pseudo,-,-,-,-,20210420,-
130825,121165505,LOC121165505,-,-,-,Un,-,U2 spliceosomal RNA,pseudo,-,-,-,-,20210420,-
130825,121165506,LOC121165506,-,-,-,Un,-,U2 spliceosomal RNA,snRNA,-,-,-,-,20210420,-
130825,121165507,LOC121165507,-,-,-,Un,-,U2 spliceosomal RNA,pseudo,-,-,-,-,20210420,-
130825,121165508,LOC121165508,-,-,-,Un,-,U2 spliceosomal RNA,pseudo,-,-,-,-,20210420,-
130825,121165509,LOC121165509,-,-,-,Un,-,U2 spliceosomal RNA,snRNA,-,-,-,-,20210420,-
130825,121165510,LOC121165510,-,-,-,Un,-,U2 spliceosomal RNA,pseudo,-,-,-,-,20210420,-
130825,121165511,LOC121165511,-,-,-,Un,-,small nucleolar RNA U3,pseudo,-,-,-,-,20210420,-
130825,121165512,LOC121165512,-,-,-,Un,-,U4/U6.U5 tri-snRNP-associated protein 1-like,protein-coding,-,-,-,U4/U6.U5 tri-snRNP-associated protein 1-like,20210420,-
130825,121165513,LOC121165513,-,-,-,Un,-,small nucleolar RNA U3,pseudo,-,-,-,-,20210420,-
130825,121165514,TRNAY-GUA,-,-,-,Un,-,transfer RNA tyrosine (anticodon GUA),tRNA,-,-,-,-,20210420,-
130825,121165515,TRNAI-UAU,-,-,-,Un,-,transfer RNA isoleucine (anticodon UAU),tRNA,-,-,-,-,20210420,-
130825,121165516,TRNAG-CCC,-,-,-,Un,-,transfer RNA glycine (anticodon CCC),tRNA,-,-,-,-,20210420,-
130825,121165517,LOC121165517,-,-,-,Un,-,protein DEK-like,protein-coding,-,-,-,LOW QUALITY PROTEIN: protein DEK-like,20210420,-
130825,121165518,LOC121165518,-,-,-,Un,-,tRNA methyltransferase 10 homolog A-like,pseudo,-,-,-,-,20210420,-
130825,121165519,LOC121165519,-,-,-,Un,-,uncharacterized LOC121165519,ncRNA,-,-,-,-,20210420,-
130825,121165520,IDO2,-,-,-,Un,-,"indoleamine 2,3-dioxygenase 2",protein-coding,-,-,-,"indoleamine 2,3-dioxygenase 2",20210420,-
130825,121165521,GOLGA7,-,-,-,Un,-,golgin A7,protein-coding,-,-,-,golgin subfamily A member 7,20210420,-
130825,121165522,GINS4,-,-,-,Un,-,GINS complex subunit 4,protein-coding,-,-,-,DNA replication complex GINS protein SLD5,20210420,-
130825,121165523,GPAT4,-,-,-,Un,-,glycerol-3-phosphate acyltransferase 4,protein-coding,-,-,-,glycerol-3-phosphate acyltransferase 4,20210420,-
130825,121165524,ANK1,-,-,-,Un,-,ankyrin 1,protein-coding,-,-,-,ankyrin-1,20210420,-
130825,121165525,LOC121165525,-,-,-,Un,-,U4/U6.U5 tri-snRNP-associated protein 1,protein-coding,-,-,-,U4/U6.U5 tri-snRNP-associated protein 1,20210420,-
130825,121165526,KAT6A,-,-,-,Un,-,lysine acetyltransferase 6A,protein-coding,-,-,-,histone acetyltransferase KAT6A,20210420,-
130825,121165527,LOC121165527,-,-,-,Un,-,60S ribosomal protein L7a-like,pseudo,-,-,-,-,20210420,-
130825,121165528,IKBKB,-,-,-,Un,-,inhibitor of nuclear factor kappa B kinase subunit beta,protein-coding,-,-,-,inhibitor of nuclear factor kappa-B kinase subunit beta,20210420,-
130825,121165529,POLB,-,-,-,Un,-,DNA polymerase beta,protein-coding,-,-,-,DNA polymerase beta,20210420,-
130825,121165530,VDAC3,-,-,-,Un,-,voltage dependent anion channel 3,protein-coding,-,-,-,voltage-dependent anion-selective channel protein 3,20210420,-
130825,121165531,LOC121165531,-,-,-,Un,-,U4/U6.U5 tri-snRNP-associated protein 1,protein-coding,-,-,-,U4/U6.U5 tri-snRNP-associated protein 1,20210420,-
130825,121165532,SLC20A2,-,-,-,Un,-,solute carrier family 20 member 2,protein-coding,-,-,-,sodium-dependent phosphate transporter 2,20210420,-
130825,121165533,SMIM19,-,-,-,Un,-,small integral membrane protein 19,protein-coding,-,-,-,small integral membrane protein 19,20210420,-
130825,121165534,THAP1,-,-,-,Un,-,THAP domain containing 1,protein-coding,-,-,-,THAP domain-containing protein 1,20210420,-
130825,121165535,RNF170,-,-,-,Un,-,ring finger protein 170,protein-coding,-,-,-,E3 ubiquitin-protein ligase RNF170,20210420,-
130825,121165536,HOOK3,-,-,-,Un,-,hook microtubule tethering protein 3,protein-coding,-,-,-,protein Hook homolog 3,20210420,-
130825,121165537,FNTA,-,-,-,Un,-,"farnesyltransferase, CAAX box, alpha",protein-coding,-,-,-,protein farnesyltransferase/geranylgeranyltransferase type-1 subunit alpha,20210420,-
130825,121165538,LOC121165538,-,-,-,Un,-,U4/U6.U5 tri-snRNP-associated protein 1-like,protein-coding,-,-,-,U4/U6.U5 tri-snRNP-associated protein 1-like,20210420,-
130825,121165539,POMK,-,-,-,Un,-,protein O-mannose kinase,protein-coding,-,-,-,protein O-mannose kinase,20210420,-
130825,121165540,LOC121165540,-,-,-,Un,-,disintegrin and metalloproteinase domain-containing protein 21-like,protein-coding,-,-,-,disintegrin and metalloproteinase domain-containing protein 21-like,20210420,-
130825,121165541,HGSNAT,-,-,-,Un,-,heparan-alpha-glucosaminide N-acetyltransferase,protein-coding,-,-,-,heparan-alpha-glucosaminide N-acetyltransferase,20210420,-
130825,121165542,RNF122,-,-,-,Un,-,ring finger protein 122,protein-coding,-,-,-,RING finger protein 122,20210420,-
130825,121165543,TTI2,-,-,-,Un,-,TELO2 interacting protein 2,protein-coding,-,-,-,TELO2-interacting protein 2,20210420,-
130825,121165544,MAK16,-,-,-,Un,-,MAK16 homolog,protein-coding,-,-,-,protein MAK16 homolog,20210420,-
130825,121165545,LY96,-,-,-,Un,-,lymphocyte antigen 96,protein-coding,-,-,-,lymphocyte antigen 96,20210420,-
130825,121165546,FUT10,-,-,-,Un,-,fucosyltransferase 10,protein-coding,-,-,-,"alpha-(1,3)-fucosyltransferase 10",20210420,-
130825,121165547,NRG1,-,-,-,Un,-,neuregulin 1,protein-coding,-,-,-,"pro-neuregulin-1, membrane-bound isoform",20210420,-
130825,121165548,WRN,-,-,-,Un,-,WRN RecQ like helicase,protein-coding,-,-,-,Werner syndrome ATP-dependent helicase,20210420,-
130825,121165549,PURG,-,-,-,Un,-,purine rich element binding protein G,protein-coding,-,-,-,purine-rich element-binding protein gamma,20210420,-
130825,121165550,PPP2CB,-,-,-,Un,-,protein phosphatase 2 catalytic subunit beta,protein-coding,-,-,-,serine/threonine-protein phosphatase 2A catalytic subunit beta isoform,20210420,-
130825,121165551,GSR,-,-,-,Un,-,glutathione-disulfide reductase,protein-coding,-,-,-,"glutathione reductase, mitochondrial",20210420,-
130825,121165552,GTF2E2,-,-,-,Un,-,general transcription factor IIE subunit 2,protein-coding,-,-,-,transcription initiation factor IIE subunit beta,20210420,-
130825,121165553,SMIM18,-,-,-,Un,-,small integral membrane protein 18,protein-coding,-,-,-,small integral membrane protein 18,20210420,-
130825,121165554,RBPMS,-,-,-,Un,-,"RNA binding protein, mRNA processing factor",protein-coding,-,-,-,RNA-binding protein with multiple splicing,20210420,-
130825,121165555,TMEM70,-,-,-,Un,-,transmembrane protein 70,protein-coding,-,-,-,"transmembrane protein 70, mitochondrial",20210420,-
130825,121165556,DCTN6,-,-,-,Un,-,dynactin subunit 6,protein-coding,-,-,-,dynactin subunit 6,20210420,-
130825,121165557,MBOAT4,-,-,-,Un,-,membrane bound O-acyltransferase domain containing 4,protein-coding,-,-,-,LOW QUALITY PROTEIN: ghrelin O-acyltransferase,20210420,-
130825,121165558,LEPROTL1,-,-,-,Un,-,leptin receptor overlapping transcript like 1,protein-coding,-,-,-,leptin receptor overlapping transcript-like 1,20210605,-
130825,121165559,SARAF,-,-,-,Un,-,store-operated calcium entry associated regulatory factor,protein-coding,-,-,-,store-operated calcium entry-associated regulatory factor,20210420,-
130825,121165560,LOC121165560,-,-,-,Un,-,uncharacterized protein C12orf29 homolog,pseudo,-,-,-,-,20210420,-
130825,121165561,LOC121165561,-,-,-,Un,-,A disintegrin and metallopeptidase domain 3-like,protein-coding,-,-,-,LOW QUALITY PROTEIN: A disintegrin and metallopeptidase domain 3-like,20210420,-
130825,121165562,LOC121165562,-,-,-,Un,-,A disintegrin and metallopeptidase domain 3-like,protein-coding,-,-,-,A disintegrin and metallopeptidase domain 3-like,20210420,-
130825,121165563,ADAM18,-,-,-,Un,-,ADAM metallopeptidase domain 18,protein-coding,-,-,-,disintegrin and metalloproteinase domain-containing protein 18,20210420,-
130825,121165564,ZMAT4,-,-,-,Un,-,zinc finger matrin-type 4,protein-coding,-,-,-,zinc finger matrin-type protein 4,20210420,-
130825,121165565,DKK4,-,-,-,Un,-,dickkopf WNT signaling pathway inhibitor 4,protein-coding,-,-,-,dickkopf-related protein 4,20210420,-
130825,121165566,CHRNB3,-,-,-,Un,-,cholinergic receptor nicotinic beta 3 subunit,protein-coding,-,-,-,neuronal acetylcholine receptor subunit beta-3,20210420,-
130825,121165567,CHRNA6,-,-,-,Un,-,cholinergic receptor nicotinic alpha 6 subunit,protein-coding,-,-,-,neuronal acetylcholine receptor subunit alpha-6,20210420,-
130825,121165568,LOC121165568,-,-,-,Un,-,disintegrin and metalloproteinase domain-containing protein 21-like,protein-coding,-,-,-,disintegrin and metalloproteinase domain-containing protein 21-like,20210420,-
130825,121165569,LOC121165569,-,-,-,Un,-,coiled-coil domain-containing protein 167-like,pseudo,-,-,-,-,20210420,-
130825,121165570,LOC121165570,-,-,-,Un,-,ATP-dependent RNA helicase DDX50-like,pseudo,-,-,-,-,20210420,-
130825,121165571,LOC121165571,-,-,-,Un,-,protein FAM133B-like,pseudo,-,-,-,-,20210420,-
130825,121165572,LOC121165572,-,-,-,Un,-,elongation factor 1-alpha 1-like,pseudo,-,-,-,-,20210420,-
130825,121165573,IDO1,-,-,-,Un,-,"indoleamine 2,3-dioxygenase 1",protein-coding,-,-,-,"indoleamine 2,3-dioxygenase 1",20210420,-
130825,121165574,TCIM,-,-,-,Un,-,transcriptional and immune response regulator,protein-coding,-,-,-,transcriptional and immune response regulator,20210420,-
130825,121165575,SFRP1,-,-,-,Un,-,secreted frizzled related protein 1,protein-coding,-,-,-,secreted frizzled-related protein 1,20210420,-
130825,121165576,LOC121165576,-,-,-,Un,-,60S ribosomal protein L7-like,pseudo,-,-,-,-,20210420,-
130825,121165577,NKX6-3,-,-,-,Un,-,NK6 homeobox 3,protein-coding,-,-,-,homeobox protein Nkx-6.3,20210420,-
130825,121165578,AP3M2,-,-,-,Un,-,adaptor related protein complex 3 subunit mu 2,protein-coding,-,-,-,AP-3 complex subunit mu-2,20210420,-
130825,121165579,PLAT,-,-,-,Un,-,"plasminogen activator, tissue type",protein-coding,-,-,-,tissue-type plasminogen activator,20210420,-
130825,121165580,UNC5D,-,-,-,Un,-,unc-5 netrin receptor D,protein-coding,-,-,-,netrin receptor UNC5D,20210420,-
130825,121165581,DUSP26,-,-,-,Un,-,dual specificity phosphatase 26,protein-coding,-,-,-,dual specificity protein phosphatase 26,20210420,-
130825,121165582,TEX15,-,-,-,Un,-,"testis expressed 15, meiosis and synapsis associated",protein-coding,-,-,-,testis-expressed protein 15,20210420,-
130825,121165583,UBXN8,-,-,-,Un,-,UBX domain protein 8,protein-coding,-,-,-,UBX domain-containing protein 8,20210420,-
130825,121165584,LOC121165584,-,-,-,Un,-,U6 spliceosomal RNA,snRNA,-,-,-,-,20210420,-
130825,121165585,LOC121165585,-,-,-,Un,-,U6 spliceosomal RNA,snRNA,-,-,-,-,20210420,-
130825,121165586,LOC121165586,-,-,-,Un,-,U6 spliceosomal RNA,pseudo,-,-,-,-,20210420,-
130825,121165587,LOC121165587,-,-,-,Un,-,U7 small nuclear RNA,snRNA,-,-,-,-,20210420,-
130825,121165588,LOC121165588,-,-,-,Un,-,small nucleolar RNA SNORA70,snoRNA,-,-,-,-,20210420,-
130825,121165589,LOC121165589,-,-,-,Un,-,small nucleolar RNA SNORA70,snoRNA,-,-,-,-,20210420,-
130825,121165590,LOC121165590,-,-,-,Un,-,small nucleolar RNA U13,snoRNA,-,-,-,-,20210420,-
130825,121165591,LOC121165591,-,-,-,Un,-,small nucleolar RNA U13,snoRNA,-,-,-,-,20210420,-
130825,121165592,LOC121165592,-,-,-,Un,-,small nucleolar RNA U3,pseudo,-,-,-,-,20210420,-
130825,121165593,LOC121165593,-,-,-,Un,-,U5 spliceosomal RNA,snRNA,-,-,-,-,20210420,-
130825,121165594,LOC121165594,-,-,-,Un,-,ragulator complex protein LAMTOR2-like,pseudo,-,-,-,-,20210420,-
130825,121165595,LOC121165595,-,-,-,Un,-,U6 spliceosomal RNA,snRNA,-,-,-,-,20210420,-
130825,121165596,LOC121165596,-,-,-,Un,-,U6 spliceosomal RNA,snRNA,-,-,-,-,20210420,-
130825,121165597,IQSEC1,-,-,-,Un,-,IQ motif and Sec7 domain ArfGEF 1,protein-coding,-,-,-,IQ motif and SEC7 domain-containing protein 1,20210420,-
130825,121165598,LOC121165598,-,-,-,Un,-,uncharacterized LOC121165598,ncRNA,-,-,-,-,20210420,-
130825,121165599,NUP210,-,-,-,Un,-,nucleoporin 210,protein-coding,-,-,-,nuclear pore membrane glycoprotein 210,20210420,-
130825,121165600,WDR48,-,-,-,Un,-,WD repeat domain 48,protein-coding,-,-,-,WD repeat-containing protein 48,20210420,-
130825,121165601,ELOC,-,-,-,Un,-,elongin C,protein-coding,-,-,-,elongin-C,20210424,-
130825,121165602,GORASP1,-,-,-,Un,-,golgi reassembly stacking protein 1,protein-coding,-,-,-,Golgi reassembly-stacking protein 1,20210420,-
130825,121165603,CSRNP1,-,-,-,Un,-,cysteine and serine rich nuclear protein 1,protein-coding,-,-,-,cysteine/serine-rich nuclear protein 1,20210420,-
130825,121165604,CX3CR1,-,-,-,Un,-,C-X3-C motif chemokine receptor 1,protein-coding,-,-,-,CX3C chemokine receptor 1,20210420,-
130825,121165605,SLC25A38,-,-,-,Un,-,solute carrier family 25 member 38,protein-coding,-,-,-,mitochondrial glycine transporter,20210420,-
130825,121165606,RPSA,-,-,-,Un,-,ribosomal protein SA,protein-coding,-,-,-,40S ribosomal protein SA,20210420,-
130825,121165607,LOC121165607,-,-,-,Un,-,myosin VIIA and Rab interacting protein,protein-coding,-,-,-,rab effector MyRIP,20210420,-
130825,121165608,LOC121165608,-,-,-,Un,-,uncharacterized LOC121165608,ncRNA,-,-,-,-,20210420,-
130825,121165609,LOC121165609,-,-,-,Un,-,zinc finger protein 621-like,protein-coding,-,-,-,zinc finger protein 621-like,20210420,-
130825,121165610,RPL14,-,-,-,Un,-,ribosomal protein L14,protein-coding,-,-,-,60S ribosomal protein L14,20210420,-
130825,121165611,LOC121165611,-,-,-,Un,-,uncharacterized LOC121165611,ncRNA,-,-,-,-,20210420,-
130825,121165612,LOC121165612,-,-,-,Un,-,small nuclear ribonucleoprotein E-like,pseudo,-,-,-,-,20210420,-
130825,121165613,LOC121165613,-,-,-,Un,-,uncharacterized LOC121165613,ncRNA,-,-,-,-,20210420,-
130825,121165614,UBE2W,-,-,-,Un,-,ubiquitin conjugating enzyme E2 W,protein-coding,-,-,-,ubiquitin-conjugating enzyme E2 W,20210425,-
130825,121165615,CTNNB1,-,-,-,Un,-,catenin beta 1,protein-coding,-,-,-,catenin beta-1,20210529,-
130825,121165616,ULK4,-,-,-,Un,-,unc-51 like kinase 4,protein-coding,-,-,-,serine/threonine-protein kinase ULK4,20210420,-
130825,121165617,TRAK1,-,-,-,Un,-,trafficking kinesin protein 1,protein-coding,-,-,-,trafficking kinesin-binding protein 1,20210420,-
130825,121165618,LYZL4,-,-,-,Un,-,lysozyme like 4,protein-coding,-,-,-,lysozyme-like protein 4,20210420,-
130825,121165619,VIPR1,-,-,-,Un,-,vasoactive intestinal peptide receptor 1,protein-coding,-,-,-,vasoactive intestinal polypeptide receptor 1,20210420,-
130825,121165620,LOC121165620,-,-,-,Un,-,uncharacterized LOC121165620,ncRNA,-,-,-,-,20210420,-
130825,121165621,NKTR,-,-,-,Un,-,natural killer cell triggering receptor,protein-coding,-,-,-,NK-tumor recognition protein,20210420,-
130825,121165622,SEC22C,-,-,-,Un,-,"SEC22 homolog C, vesicle trafficking protein",protein-coding,-,-,-,vesicle-trafficking protein SEC22c,20210420,-
130825,121165623,SS18L2,-,-,-,Un,-,SS18 like 2,protein-coding,-,-,-,SS18-like protein 2,20210420,-
130825,121165624,LOC121165624,-,-,-,Un,-,7-alpha-hydroxycholest-4-en-3-one 12-alpha-hydroxylase,protein-coding,-,-,-,7-alpha-hydroxycholest-4-en-3-one 12-alpha-hydroxylase,20210420,-
130825,121165625,ACKR2,-,-,-,Un,-,atypical chemokine receptor 2,protein-coding,-,-,-,atypical chemokine receptor 2,20210420,-
130825,121165626,KRBOX1,-,-,-,Un,-,KRAB box domain containing 1,protein-coding,-,-,-,KRAB domain-containing protein 1,20210420,-
130825,121165627,LOC121165627,-,-,-,Un,-,uncharacterized LOC121165627,ncRNA,-,-,-,-,20210420,-
130825,121165628,HIGD1A,-,-,-,Un,-,HIG1 hypoxia inducible domain family member 1A,protein-coding,-,-,-,"HIG1 domain family member 1A, mitochondrial",20210420,-
130825,121165629,SNRK,-,-,-,Un,-,SNF related kinase,protein-coding,-,-,-,SNF-related serine/threonine-protein kinase,20210420,-
130825,121165630,ANO10,-,-,-,Un,-,anoctamin 10,protein-coding,-,-,-,anoctamin-10,20210420,-
130825,121165631,LOC121165631,-,-,-,Un,-,uncharacterized LOC121165631,ncRNA,-,-,-,-,20210420,-
130825,121165632,ABHD5,-,-,-,Un,-,"abhydrolase domain containing 5, lysophosphatidic acid acyltransferase",protein-coding,-,-,-,1-acylglycerol-3-phosphate O-acyltransferase ABHD5,20210420,-
130825,121165633,STAU2,-,-,-,Un,-,staufen double-stranded RNA binding protein 2,protein-coding,-,-,-,double-stranded RNA-binding protein Staufen homolog 2,20210420,-
130825,121165634,SACM1L,-,-,-,Un,-,SAC1 like phosphatidylinositide phosphatase,protein-coding,-,-,-,phosphatidylinositol-3-phosphatase SAC1,20210420,-
130825,121165635,LIMD1,-,-,-,Un,-,LIM domain containing 1,protein-coding,-,-,-,LIM domain-containing protein 1,20210420,-
130825,121165636,LOC121165636,-,-,-,Un,-,uncharacterized LOC121165636,ncRNA,-,-,-,-,20210420,-
130825,121165637,LOC121165637,-,-,-,Un,-,kinesin-like protein KIF9,protein-coding,-,-,-,kinesin-like protein KIF9,20210420,-
130825,121165638,LARS2,-,-,-,Un,-,"leucyl-tRNA synthetase 2, mitochondrial",protein-coding,-,-,-,"probable leucine--tRNA ligase, mitochondrial",20210420,-
130825,121165639,EXOSC7,-,-,-,Un,-,exosome component 7,protein-coding,-,-,-,exosome complex component RRP42,20210420,-
130825,121165640,ZDHHC3,-,-,-,Un,-,zinc finger DHHC-type palmitoyltransferase 3,protein-coding,-,-,-,palmitoyltransferase ZDHHC3,20210420,-
130825,121165641,LOC121165641,-,-,-,Un,-,uncharacterized LOC121165641,ncRNA,-,-,-,-,20210420,-
130825,121165642,KIF15,-,-,-,Un,-,kinesin family member 15,protein-coding,-,-,-,kinesin-like protein KIF15,20210420,-
130825,121165643,CCR9,-,-,-,Un,-,C-C motif chemokine receptor 9,protein-coding,-,-,-,C-C chemokine receptor type 9,20210420,-
130825,121165644,FYCO1,-,-,-,Un,-,FYVE and coiled-coil domain autophagy adaptor 1,protein-coding,-,-,-,FYVE and coiled-coil domain-containing protein 1,20210420,-
130825,121165645,G3BP1,-,-,-,Un,-,G3BP stress granule assembly factor 1,protein-coding,-,-,-,ras GTPase-activating protein-binding protein 1,20210420,-
130825,121165646,CXCR6,-,-,-,Un,-,C-X-C motif chemokine receptor 6,protein-coding,-,-,-,C-X-C chemokine receptor type 6,20210420,-
130825,121165647,LOC121165647,-,-,-,Un,-,C-C chemokine receptor type 1-like,protein-coding,-,-,-,C-C chemokine receptor type 1-like,20210420,-
130825,121165648,CCR3,-,-,-,Un,-,C-C motif chemokine receptor 3,protein-coding,-,-,-,C-C chemokine receptor type 3,20210420,-
130825,121165649,CCR2,-,-,-,Un,-,C-C motif chemokine receptor 2,protein-coding,-,-,-,C-C chemokine receptor type 2,20210420,-
130825,121165650,LOC121165650,-,-,-,Un,-,C-C chemokine receptor type 5-like,protein-coding,-,-,-,C-C chemokine receptor type 5-like,20210420,-
130825,121165651,LOC121165651,-,-,-,Un,-,uncharacterized LOC121165651,ncRNA,-,-,-,-,20210420,-
130825,121165652,CCRL2,-,-,-,Un,-,C-C motif chemokine receptor like 2,protein-coding,-,-,-,C-C chemokine receptor-like 2,20210420,-
130825,121165653,LTF,-,-,-,Un,-,lactotransferrin,protein-coding,-,-,-,lactotransferrin,20210420,-
130825,121165654,ALS2CL,-,-,-,Un,-,ALS2 C-terminal like,protein-coding,-,-,-,LOW QUALITY PROTEIN: ALS2 C-terminal-like protein,20210420,-
130825,121165655,PTH1R,-,-,-,Un,-,parathyroid hormone 1 receptor,protein-coding,-,-,-,parathyroid hormone/parathyroid hormone-related peptide receptor,20210420,-
130825,121165656,NBEAL2,-,-,-,Un,-,neurobeachin like 2,protein-coding,-,-,-,neurobeachin-like protein 2,20210420,-
130825,121165657,CCDC12,-,-,-,Un,-,coiled-coil domain containing 12,protein-coding,-,-,-,coiled-coil domain-containing protein 12,20210420,-
130825,121165658,SETD2,-,-,-,Un,-,"SET domain containing 2, histone lysine methyltransferase",protein-coding,-,-,-,histone-lysine N-methyltransferase SETD2,20210420,-
130825,121165659,LOC121165659,-,-,-,Un,-,death domain-containing membrane protein NRADD-like,protein-coding,-,-,-,death domain-containing membrane protein NRADD-like,20210420,-
130825,121165660,KLHL18,-,-,-,Un,-,kelch like family member 18,protein-coding,-,-,-,kelch-like protein 18,20210420,-
130825,121165661,PTPN23,-,-,-,Un,-,protein tyrosine phosphatase non-receptor type 23,protein-coding,-,-,-,tyrosine-protein phosphatase non-receptor type 23,20210420,-
130825,121165662,LOC121165662,-,-,-,Un,-,60S ribosomal protein L39-like,protein-coding,-,-,-,60S ribosomal protein L39-like,20210420,-
130825,121165663,LOC121165663,-,-,-,Un,-,SREBF chaperone,protein-coding,-,-,-,sterol regulatory element-binding protein cleavage-activating protein,20210420,-
130825,121165664,ELP6,-,-,-,Un,-,elongator acetyltransferase complex subunit 6,protein-coding,-,-,-,elongator complex protein 6,20210420,-
130825,121165665,SMARCC1,-,-,-,Un,-,"SWI/SNF related, matrix associated, actin dependent regulator of chromatin subfamily c member 1",protein-coding,-,-,-,SWI/SNF complex subunit SMARCC1,20210420,-
130825,121165666,MAP4,-,-,-,Un,-,microtubule associated protein 4,protein-coding,-,-,-,LOW QUALITY PROTEIN: microtubule-associated protein 4,20210420,-
130825,121165667,DHX30,-,-,-,Un,-,DExH-box helicase 30,protein-coding,-,-,-,ATP-dependent RNA helicase DHX30,20210420,-
130825,121165668,LOC121165668,-,-,-,Un,-,uncharacterized LOC121165668,protein-coding,-,-,-,uncharacterized protein LOC121165668,20210420,-
130825,121165669,CDC25A,-,-,-,Un,-,cell division cycle 25A,protein-coding,-,-,-,M-phase inducer phosphatase 1,20210420,-
130825,121165670,RDH10,-,-,-,Un,-,retinol dehydrogenase 10,protein-coding,-,-,-,retinol dehydrogenase 10,20210424,-
130825,121165671,NME6,-,-,-,Un,-,NME/NM23 nucleoside diphosphate kinase 6,protein-coding,-,-,-,nucleoside diphosphate kinase 6,20210420,-
130825,121165672,LOC121165672,-,-,-,Un,-,uncharacterized LOC121165672,ncRNA,-,-,-,-,20210420,-
130825,121165673,LOC121165673,-,-,-,Un,-,ATR interacting protein,protein-coding,-,-,-,ATR-interacting protein,20210420,-
130825,121165674,PFKFB4,-,-,-,Un,-,"6-phosphofructo-2-kinase/fructose-2,6-biphosphatase 4",protein-coding,-,-,-,"6-phosphofructo-2-kinase/fructose-2,6-bisphosphatase 4",20210420,-
130825,121165675,RPL7,-,-,-,Un,-,ribosomal protein L7,protein-coding,-,-,-,60S ribosomal protein L7,20210420,-
130825,121165676,TREX1,-,-,-,Un,-,three prime repair exonuclease 1,protein-coding,-,-,-,three-prime repair exonuclease 1,20210420,-
130825,121165677,SHISA5,-,-,-,Un,-,shisa family member 5,protein-coding,-,-,-,protein shisa-5,20210420,-
130825,121165678,LOC121165678,-,-,-,Un,-,"cytochrome b-c1 complex subunit 1, mitochondrial",protein-coding,-,-,-,"cytochrome b-c1 complex subunit 1, mitochondrial",20210420,-
130825,121165679,TERF1,-,-,-,Un,-,telomeric repeat binding factor 1,protein-coding,-,-,-,telomeric repeat-binding factor 1,20210420,-
130825,121165680,CELSR3,-,-,-,Un,-,cadherin EGF LAG seven-pass G-type receptor 3,protein-coding,-,-,-,LOW QUALITY PROTEIN: cadherin EGF LAG seven-pass G-type receptor 3,20210420,-
130825,121165681,SLC26A6,-,-,-,Un,-,solute carrier family 26 member 6,protein-coding,-,-,-,solute carrier family 26 member 6,20210420,-
130825,121165682,NCKIPSD,-,-,-,Un,-,NCK interacting protein with SH3 domain,protein-coding,-,-,-,NCK-interacting protein with SH3 domain,20210420,-
130825,121165683,IP6K2,-,-,-,Un,-,inositol hexakisphosphate kinase 2,protein-coding,-,-,-,LOW QUALITY PROTEIN: inositol hexakisphosphate kinase 2,20210420,-
130825,121165684,PRKAR2A,-,-,-,Un,-,protein kinase cAMP-dependent type II regulatory subunit alpha,protein-coding,-,-,-,cAMP-dependent protein kinase type II-alpha regulatory subunit,20210420,-
130825,121165685,SLC25A20,-,-,-,Un,-,solute carrier family 25 member 20,protein-coding,-,-,-,mitochondrial carnitine/acylcarnitine carrier protein,20210420,-
130825,121165686,ARIH2,-,-,-,Un,-,ariadne RBR E3 ubiquitin protein ligase 2,protein-coding,-,-,-,E3 ubiquitin-protein ligase ARIH2,20210420,-
130825,121165687,WDR6,-,-,-,Un,-,WD repeat domain 6,protein-coding,-,-,-,WD repeat-containing protein 6,20210420,-
130825,121165688,DALRD3,-,-,-,Un,-,DALR anticodon binding domain containing 3,protein-coding,-,-,-,DALR anticodon-binding domain-containing protein 3,20210420,-
130825,121165689,QRICH1,-,-,-,Un,-,glutamine rich 1,protein-coding,-,-,-,glutamine-rich protein 1,20210529,-
130825,121165690,IMPDH2,-,-,-,Un,-,inosine monophosphate dehydrogenase 2,protein-coding,-,-,-,inosine-5'-monophosphate dehydrogenase 2,20210420,-
130825,121165691,SBSPON,-,-,-,Un,-,somatomedin B and thrombospondin type 1 domain containing,protein-coding,-,-,-,somatomedin-B and thrombospondin type-1 domain-containing protein,20210420,-
130825,121165692,NDUFAF3,-,-,-,Un,-,NADH:ubiquinone oxidoreductase complex assembly factor 3,protein-coding,-,-,-,NADH dehydrogenase [ubiquinone] 1 alpha subcomplex assembly factor 3,20210420,-
130825,121165693,LAMB2,-,-,-,Un,-,laminin subunit beta 2,protein-coding,-,-,-,laminin subunit beta-2,20210420,-
130825,121165694,USP19,-,-,-,Un,-,ubiquitin specific peptidase 19,protein-coding,-,-,-,ubiquitin carboxyl-terminal hydrolase 19,20210420,-
130825,121165695,QARS1,-,-,-,Un,-,glutaminyl-tRNA synthetase 1,protein-coding,-,-,-,glutamine--tRNA ligase,20210420,-
130825,121165696,CCDC71,-,-,-,Un,-,coiled-coil domain containing 71,protein-coding,-,-,-,coiled-coil domain-containing protein 71,20210420,-
130825,121165697,LACTB2,-,-,-,Un,-,lactamase beta 2,protein-coding,-,-,-,endoribonuclease LACTB2,20210420,-
130825,121165698,CUNH3orf62,-,-,-,Un,-,chromosome unknown C3orf62 homolog,protein-coding,-,-,-,uncharacterized protein C3orf62 homolog,20210420,-
130825,121165699,USP4,-,-,-,Un,-,ubiquitin specific peptidase 4,protein-coding,-,-,-,ubiquitin carboxyl-terminal hydrolase 4,20210420,-
130825,121165700,AMT,-,-,-,Un,-,aminomethyltransferase,protein-coding,-,-,-,"aminomethyltransferase, mitochondrial",20210420,-
130825,121165701,NICN1,-,-,-,Un,-,nicolin 1,protein-coding,-,-,-,nicolin-1,20210420,-
130825,121165702,GPX1,-,-,-,Un,-,glutathione peroxidase 1,protein-coding,-,-,-,glutathione peroxidase 1,20210420,-
130825,121165703,TRAM1,-,-,-,Un,-,translocation associated membrane protein 1,protein-coding,-,-,-,translocating chain-associated membrane protein 1,20210420,-
130825,121165704,RHOA,-,-,-,Un,-,ras homolog family member A,protein-coding,-,-,-,transforming protein RhoA,20210522,-
130825,121165705,TCTA,-,-,-,Un,-,T cell leukemia translocation altered,protein-coding,-,-,-,T-cell leukemia translocation-altered gene protein,20210420,-
130825,121165706,DAG1,-,-,-,Un,-,dystroglycan 1,protein-coding,-,-,-,dystroglycan,20210420,-
130825,121165707,RNF123,-,-,-,Un,-,ring finger protein 123,protein-coding,-,-,-,E3 ubiquitin-protein ligase RNF123,20210420,-
130825,121165708,MST1,-,-,-,Un,-,macrophage stimulating 1,protein-coding,-,-,-,hepatocyte growth factor-like protein,20210420,-
130825,121165709,APEH,-,-,-,Un,-,acylaminoacyl-peptide hydrolase,protein-coding,-,-,-,acylamino-acid-releasing enzyme,20210420,-
130825,121165710,AMIGO3,-,-,-,Un,-,adhesion molecule with Ig like domain 3,protein-coding,-,-,-,amphoterin-induced protein 3,20210420,-
130825,121165711,IP6K1,-,-,-,Un,-,inositol hexakisphosphate kinase 1,protein-coding,-,-,-,inositol hexakisphosphate kinase 1,20210420,-
130825,121165712,GMPPB,-,-,-,Un,-,GDP-mannose pyrophosphorylase B,protein-coding,-,-,-,mannose-1-phosphate guanyltransferase beta,20210420,-
130825,121165713,UBA7,-,-,-,Un,-,ubiquitin like modifier activating enzyme 7,protein-coding,-,-,-,ubiquitin-like modifier-activating enzyme 7,20210420,-
130825,121165714,NCOA2,-,-,-,Un,-,nuclear receptor coactivator 2,protein-coding,-,-,-,nuclear receptor coactivator 2,20210420,-
130825,121165715,MON1A,-,-,-,Un,-,"MON1 homolog A, secretory trafficking associated",protein-coding,-,-,-,vacuolar fusion protein MON1 homolog A,20210420,-
130825,121165716,RBM6,-,-,-,Un,-,RNA binding motif protein 6,protein-coding,-,-,-,RNA-binding protein 6,20210420,-
130825,121165717,RBM5,-,-,-,Un,-,RNA binding motif protein 5,protein-coding,-,-,-,RNA-binding protein 5,20210420,-
130825,121165718,SLC38A3,-,-,-,Un,-,solute carrier family 38 member 3,protein-coding,-,-,-,sodium-coupled neutral amino acid transporter 3,20210420,-
130825,121165719,GNAI2,-,-,-,Un,-,G protein subunit alpha i2,protein-coding,-,-,-,guanine nucleotide-binding protein G(i) subunit alpha-2,20210420,-
130825,121165720,GNAT1,-,-,-,Un,-,G protein subunit alpha transducin 1,protein-coding,-,-,-,guanine nucleotide-binding protein G(t) subunit alpha-1,20210522,-
130825,121165721,HYAL1,-,-,-,Un,-,hyaluronidase 1,protein-coding,-,-,-,hyaluronidase-1,20210420,-
130825,121165722,IFRD2,-,-,-,Un,-,interferon related developmental regulator 2,protein-coding,-,-,-,interferon-related developmental regulator 2,20210420,-
130825,121165723,HYAL3,-,-,-,Un,-,hyaluronidase 3,protein-coding,-,-,-,hyaluronidase-3,20210420,-
130825,121165724,NAA80,-,-,-,Un,-,"N-alpha-acetyltransferase 80, NatH catalytic subunit",protein-coding,-,-,-,N-alpha-acetyltransferase 80,20210420,-
130825,121165725,TUSC2,-,-,-,Un,-,"tumor suppressor 2, mitochondrial calcium regulator",protein-coding,-,-,-,tumor suppressor candidate 2,20210420,-
130825,121165726,ZMYND10,-,-,-,Un,-,zinc finger MYND-type containing 10,protein-coding,-,-,-,zinc finger MYND domain-containing protein 10,20210420,-
130825,121165727,RASSF1,-,-,-,Un,-,Ras association domain family member 1,protein-coding,-,-,-,ras association domain-containing protein 1,20210420,-
130825,121165728,LOC121165728,-,-,-,Un,-,uncharacterized LOC121165728,ncRNA,-,-,-,-,20210420,-
130825,121165729,CACNA2D2,-,-,-,Un,-,calcium voltage-gated channel auxiliary subunit alpha2delta 2,protein-coding,-,-,-,voltage-dependent calcium channel subunit alpha-2/delta-2,20210420,-
130825,121165730,NPRL2,-,-,-,Un,-,"NPR2 like, GATOR1 complex subunit",protein-coding,-,-,-,GATOR complex protein NPRL2,20210420,-
130825,121165731,TMEM115,-,-,-,Un,-,transmembrane protein 115,protein-coding,-,-,-,transmembrane protein 115,20210420,-
130825,121165732,LOC121165732,-,-,-,Un,-,cytochrome b561 domain-containing protein 2,protein-coding,-,-,-,cytochrome b561 domain-containing protein 2,20210420,-
130825,121165733,HEMK1,-,-,-,Un,-,HemK methyltransferase family member 1,protein-coding,-,-,-,MTRF1L release factor glutamine methyltransferase,20210420,-
130825,121165734,CISH,-,-,-,Un,-,cytokine inducible SH2 containing protein,protein-coding,-,-,-,cytokine-inducible SH2-containing protein,20210420,-
130825,121165735,MAPKAPK3,-,-,-,Un,-,MAPK activated protein kinase 3,protein-coding,-,-,-,MAP kinase-activated protein kinase 3,20210420,-
130825,121165736,DOCK3,-,-,-,Un,-,dedicator of cytokinesis 3,protein-coding,-,-,-,dedicator of cytokinesis protein 3,20210420,-
130825,121165737,MANF,-,-,-,Un,-,mesencephalic astrocyte derived neurotrophic factor,protein-coding,-,-,-,mesencephalic astrocyte-derived neurotrophic factor,20210420,-
130825,121165738,DCAF1,-,-,-,Un,-,DDB1 and CUL4 associated factor 1,protein-coding,-,-,-,DDB1- and CUL4-associated factor 1,20210420,-
130825,121165739,RBM15B,-,-,-,Un,-,RNA binding motif protein 15B,protein-coding,-,-,-,putative RNA-binding protein 15B,20210420,-
130825,121165740,RAD54L2,-,-,-,Un,-,RAD54 like 2,protein-coding,-,-,-,helicase ARIP4,20210420,-
130825,121165741,TEX264,-,-,-,Un,-,"testis expressed 264, ER-phagy receptor",protein-coding,-,-,-,testis-expressed protein 264,20210420,-
130825,121165742,PARP3,-,-,-,Un,-,poly(ADP-ribose) polymerase family member 3,protein-coding,-,-,-,protein mono-ADP-ribosyltransferase PARP3,20210420,-
130825,121165743,PCBP4,-,-,-,Un,-,poly(rC) binding protein 4,protein-coding,-,-,-,poly(rC)-binding protein 4,20210420,-
130825,121165744,GPR62,-,-,-,Un,-,G protein-coupled receptor 62,protein-coding,-,-,-,G-protein coupled receptor 62,20210420,-
130825,121165745,ABHD14B,-,-,-,Un,-,abhydrolase domain containing 14B,protein-coding,-,-,-,protein ABHD14B,20210420,-
130825,121165746,ATOX1,-,-,-,Un,-,antioxidant 1 copper chaperone,protein-coding,-,-,-,copper transport protein ATOX1,20210420,-
130825,121165747,LOC121165747,-,-,-,Un,-,aminoacylase-1,protein-coding,-,-,-,aminoacylase-1,20210420,-
130825,121165748,LOC121165748,-,-,-,Un,-,aminoacylase-1-like,protein-coding,-,-,-,aminoacylase-1-like,20210420,-
130825,121165749,ABHD14A,-,-,-,Un,-,abhydrolase domain containing 14A,protein-coding,-,-,-,protein ABHD14A,20210420,-
130825,121165750,RPL29,-,-,-,Un,-,ribosomal protein L29,protein-coding,-,-,-,60S ribosomal protein L29,20210420,-
130825,121165751,DUSP7,-,-,-,Un,-,dual specificity phosphatase 7,protein-coding,-,-,-,dual specificity protein phosphatase 7,20210420,-
130825,121165752,POC1A,-,-,-,Un,-,POC1 centriolar protein A,protein-coding,-,-,-,POC1 centriolar protein homolog A,20210420,-
130825,121165753,ALAS1,-,-,-,Un,-,5'-aminolevulinate synthase 1,protein-coding,-,-,-,"5-aminolevulinate synthase, nonspecific, mitochondrial",20210420,-
130825,121165754,SLCO5A1,-,-,-,Un,-,solute carrier organic anion transporter family member 5A1,protein-coding,-,-,-,solute carrier organic anion transporter family member 5A1,20210420,-
130825,121165755,TWF2,-,-,-,Un,-,twinfilin actin binding protein 2,protein-coding,-,-,-,twinfilin-2,20210420,-
130825,121165756,PPM1M,-,-,-,Un,-,"protein phosphatase, Mg2+/Mn2+ dependent 1M",protein-coding,-,-,-,protein phosphatase 1M,20210420,-
130825,121165757,WDR82,-,-,-,Un,-,WD repeat domain 82,protein-coding,-,-,-,WD repeat-containing protein 82,20210501,-
130825,121165758,GLYCTK,-,-,-,Un,-,glycerate kinase,protein-coding,-,-,-,glycerate kinase,20210420,-
130825,121165759,DNAH1,-,-,-,Un,-,dynein axonemal heavy chain 1,protein-coding,-,-,-,"dynein heavy chain 1, axonemal",20210420,-
130825,121165760,BAP1,-,-,-,Un,-,BRCA1 associated protein 1,protein-coding,-,-,-,ubiquitin carboxyl-terminal hydrolase BAP1,20210420,-
130825,121165761,PHF7,-,-,-,Un,-,PHD finger protein 7,protein-coding,-,-,-,PHD finger protein 7,20210420,-
130825,121165762,NISCH,-,-,-,Un,-,nischarin,protein-coding,-,-,-,nischarin,20210420,-
130825,121165763,STAB1,-,-,-,Un,-,stabilin 1,protein-coding,-,-,-,stabilin-1,20210420,-
130825,121165764,NT5DC2,-,-,-,Un,-,5'-nucleotidase domain containing 2,protein-coding,-,-,-,5'-nucleotidase domain-containing protein 2,20210420,-
130825,121165765,SMIM4,-,-,-,Un,-,small integral membrane protein 4,protein-coding,-,-,-,small integral membrane protein 4,20210420,-
130825,121165766,PBRM1,-,-,-,Un,-,polybromo 1,protein-coding,-,-,-,protein polybromo-1,20210420,-
130825,121165767,CUNH8orf34,-,-,-,Un,-,chromosome unknown C8orf34 homolog,protein-coding,-,-,-,uncharacterized protein C8orf34 homolog,20210420,-
130825,121165768,GNL3,-,-,-,Un,-,G protein nucleolar 3,protein-coding,-,-,-,guanine nucleotide-binding protein-like 3,20210420,-
130825,121165769,GLT8D1,-,-,-,Un,-,glycosyltransferase 8 domain containing 1,protein-coding,-,-,-,glycosyltransferase 8 domain-containing protein 1,20210420,-
130825,121165770,SPCS1,-,-,-,Un,-,signal peptidase complex subunit 1,protein-coding,-,-,-,signal peptidase complex subunit 1,20210420,-
130825,121165771,NEK4,-,-,-,Un,-,NIMA related kinase 4,protein-coding,-,-,-,serine/threonine-protein kinase Nek4,20210420,-
130825,121165772,ITIH4,-,-,-,Un,-,inter-alpha-trypsin inhibitor heavy chain 4,protein-coding,-,-,-,inter-alpha-trypsin inhibitor heavy chain H4,20210420,-
130825,121165773,LOC121165773,-,-,-,Un,-,trafficking protein particle complex subunit 2-like,protein-coding,-,-,-,trafficking protein particle complex subunit 2-like,20210420,-
130825,121165774,LOC121165774,-,-,-,Un,-,store-operated calcium entry regulator STIMATE,protein-coding,-,-,-,store-operated calcium entry regulator STIMATE,20210420,-
130825,121165775,SFMBT1,-,-,-,Un,-,Scm like with four mbt domains 1,protein-coding,-,-,-,scm-like with four MBT domains protein 1,20210420,-
130825,121165776,RFT1,-,-,-,Un,-,RFT1 homolog,protein-coding,-,-,-,protein RFT1 homolog,20210420,-
130825,121165777,LOC121165777,-,-,-,Un,-,40S ribosomal protein S29-like,pseudo,-,-,-,-,20210420,-
130825,121165778,PRKCD,-,-,-,Un,-,protein kinase C delta,protein-coding,-,-,-,protein kinase C delta type,20210420,-
130825,121165779,TKT,-,-,-,Un,-,transketolase,protein-coding,-,-,-,transketolase,20210420,-
130825,121165780,PREX2,-,-,-,Un,-,"phosphatidylinositol-3,4,5-trisphosphate dependent Rac exchange factor 2",protein-coding,-,-,-,"phosphatidylinositol 3,4,5-trisphosphate-dependent Rac exchanger 2 protein",20210420,-
130825,121165781,CACNA1D,-,-,-,Un,-,calcium voltage-gated channel subunit alpha1 D,protein-coding,-,-,-,voltage-dependent L-type calcium channel subunit alpha-1D,20210420,-
130825,121165782,DCP1A,-,-,-,Un,-,decapping mRNA 1A,protein-coding,-,-,-,mRNA-decapping enzyme 1A,20210420,-
130825,121165783,LOC121165783,-,-,-,Un,-,calmodulin-like,pseudo,-,-,-,-,20210420,-
130825,121165784,CHDH,-,-,-,Un,-,choline dehydrogenase,protein-coding,-,-,-,"choline dehydrogenase, mitochondrial",20210420,-
130825,121165785,IL17RB,-,-,-,Un,-,interleukin 17 receptor B,protein-coding,-,-,-,interleukin-17 receptor B,20210420,-
130825,121165786,LOC121165786,-,-,-,Un,-,ubiquitin-40S ribosomal protein S27a-like,pseudo,-,-,-,-,20210420,-
130825,121165787,ACTR8,-,-,-,Un,-,actin related protein 8,protein-coding,-,-,-,actin-related protein 8,20210420,-
130825,121165788,SELENOK,-,-,-,Un,-,selenoprotein K,protein-coding,-,-,-,selenoprotein K,20210420,-
130825,121165789,CACNA2D3,-,-,-,Un,-,calcium voltage-gated channel auxiliary subunit alpha2delta 3,protein-coding,-,-,-,voltage-dependent calcium channel subunit alpha-2/delta-3,20210420,-
130825,121165790,LRTM1,-,-,-,Un,-,leucine rich repeats and transmembrane domains 1,protein-coding,-,-,-,leucine-rich repeat and transmembrane domain-containing protein 1,20210420,-
130825,121165791,ERC2,-,-,-,Un,-,ELKS/RAB6-interacting/CAST family member 2,protein-coding,-,-,-,ERC protein 2,20210420,-
130825,121165792,LOC121165792,-,-,-,Un,-,uncharacterized LOC121165792,ncRNA,-,-,-,-,20210420,-
130825,121165793,TASOR,-,-,-,Un,-,transcription activation suppressor,protein-coding,-,-,-,protein TASOR,20210420,-
130825,121165794,CPA6,-,-,-,Un,-,carboxypeptidase A6,protein-coding,-,-,-,carboxypeptidase A6,20210420,-
130825,121165795,CCDC66,-,-,-,Un,-,coiled-coil domain containing 66,protein-coding,-,-,-,coiled-coil domain-containing protein 66,20210420,-
130825,121165796,ARFGEF1,-,-,-,Un,-,ADP ribosylation factor guanine nucleotide exchange factor 1,protein-coding,-,-,-,brefeldin A-inhibited guanine nucleotide-exchange protein 1,20210420,-
130825,121165797,ARHGEF3,-,-,-,Un,-,Rho guanine nucleotide exchange factor 3,protein-coding,-,-,-,rho guanine nucleotide exchange factor 3,20210420,-
130825,121165798,IL17RD,-,-,-,Un,-,interleukin 17 receptor D,protein-coding,-,-,-,interleukin-17 receptor D,20210420,-
130825,121165799,APPL1,-,-,-,Un,-,"adaptor protein, phosphotyrosine interacting with PH domain and leucine zipper 1",protein-coding,-,-,-,DCC-interacting protein 13-alpha,20210420,-
130825,121165800,ASB14,-,-,-,Un,-,ankyrin repeat and SOCS box containing 14,protein-coding,-,-,-,ankyrin repeat and SOCS box protein 14,20210420,-
130825,121165801,PDE12,-,-,-,Un,-,phosphodiesterase 12,protein-coding,-,-,-,"2',5'-phosphodiesterase 12",20210420,-
130825,121165802,ARF4,-,-,-,Un,-,ADP ribosylation factor 4,protein-coding,-,-,-,ADP-ribosylation factor 4,20210420,-
130825,121165803,DENND6A,-,-,-,Un,-,DENN domain containing 6A,protein-coding,-,-,-,protein DENND6A,20210420,-
130825,121165804,FLNB,-,-,-,Un,-,filamin B,protein-coding,-,-,-,filamin-B,20210420,-
130825,121165805,ABHD6,-,-,-,Un,-,"abhydrolase domain containing 6, acylglycerol lipase",protein-coding,-,-,-,monoacylglycerol lipase ABHD6,20210420,-
130825,121165806,HTD2,-,-,-,Un,-,hydroxyacyl-thioester dehydratase type 2,protein-coding,-,-,-,"hydroxyacyl-thioester dehydratase type 2, mitochondrial",20210420,-
130825,121165807,RPP14,-,-,-,Un,-,ribonuclease P/MRP subunit p14,protein-coding,-,-,-,ribonuclease P protein subunit p14,20210420,-
130825,121165808,PXK,-,-,-,Un,-,PX domain containing serine/threonine kinase like,protein-coding,-,-,-,PX domain-containing protein kinase-like protein,20210420,-
130825,121165809,CSPP1,-,-,-,Un,-,centrosome and spindle pole associated protein 1,protein-coding,-,-,-,centrosome and spindle pole-associated protein 1,20210420,-
130825,121165810,PDHB,-,-,-,Un,-,pyruvate dehydrogenase E1 subunit beta,protein-coding,-,-,-,"pyruvate dehydrogenase E1 component subunit beta, mitochondrial",20210420,-
130825,121165811,COPS5,-,-,-,Un,-,COP9 signalosome subunit 5,protein-coding,-,-,-,COP9 signalosome complex subunit 5,20210424,-
130825,121165812,LOC121165812,-,-,-,Un,-,thioredoxin domain-containing protein 17-like,protein-coding,-,-,-,thioredoxin domain-containing protein 17-like,20210420,-
130825,121165813,LOC121165813,-,-,-,Un,-,uncharacterized LOC121165813,ncRNA,-,-,-,-,20210420,-
130825,121165814,ACOX2,-,-,-,Un,-,acyl-CoA oxidase 2,protein-coding,-,-,-,peroxisomal acyl-coenzyme A oxidase 2,20210420,-
130825,121165815,KCTD6,-,-,-,Un,-,potassium channel tetramerization domain containing 6,protein-coding,-,-,-,BTB/POZ domain-containing protein KCTD6,20210420,-
130825,121165816,FAM3D,-,-,-,Un,-,FAM3 metabolism regulating signaling molecule D,protein-coding,-,-,-,protein FAM3D,20210420,-
130825,121165817,FAM107A,-,-,-,Un,-,family with sequence similarity 107 member A,protein-coding,-,-,-,actin-associated protein FAM107A,20210420,-
130825,121165818,CFAP20DC,-,-,-,Un,-,CFAP20 domain containing,protein-coding,-,-,-,protein CFAP20DC,20210420,-
130825,121165819,FHIT,-,-,-,Un,-,fragile histidine triad diadenosine triphosphatase,protein-coding,-,-,-,bis(5'-adenosyl)-triphosphatase,20210420,-
130825,121165820,PTPRG,-,-,-,Un,-,protein tyrosine phosphatase receptor type G,protein-coding,-,-,-,receptor-type tyrosine-protein phosphatase gamma,20210420,-
130825,121165821,CADPS,-,-,-,Un,-,calcium dependent secretion activator,protein-coding,-,-,-,calcium-dependent secretion activator 1,20210529,-
130825,121165822,LOC121165822,-,-,-,Un,-,uncharacterized LOC121165822,ncRNA,-,-,-,-,20210420,-
130825,121165823,MCMDC2,-,-,-,Un,-,minichromosome maintenance domain containing 2,protein-coding,-,-,-,minichromosome maintenance domain-containing protein 2,20210420,-
130825,121165824,THOC7,-,-,-,Un,-,THO complex 7,protein-coding,-,-,-,THO complex subunit 7 homolog,20210420,-
130825,121165825,ATXN7,-,-,-,Un,-,ataxin 7,protein-coding,-,-,-,ataxin-7,20210420,-
130825,121165826,LOC121165826,-,-,-,Un,-,uncharacterized LOC121165826,ncRNA,-,-,-,-,20210420,-
130825,121165827,PSMD6,-,-,-,Un,-,"proteasome 26S subunit, non-ATPase 6",protein-coding,-,-,-,26S proteasome non-ATPase regulatory subunit 6,20210420,-
130825,121165828,MAGI1,-,-,-,Un,-,"membrane associated guanylate kinase, WW and PDZ domain containing 1",protein-coding,-,-,-,"membrane-associated guanylate kinase, WW and PDZ domain-containing protein 1",20210420,-
130825,121165829,LOC121165829,-,-,-,Un,-,serine/threonine-protein kinase Sgk3,protein-coding,-,-,-,serine/threonine-protein kinase Sgk3,20210420,-
130825,121165830,LRIG1,-,-,-,Un,-,leucine rich repeats and immunoglobulin like domains 1,protein-coding,-,-,-,leucine-rich repeats and immunoglobulin-like domains protein 1,20210420,-
130825,121165831,SLC25A26,-,-,-,Un,-,solute carrier family 25 member 26,protein-coding,-,-,-,S-adenosylmethionine mitochondrial carrier protein,20210420,-
130825,121165832,KBTBD8,-,-,-,Un,-,kelch repeat and BTB domain containing 8,protein-coding,-,-,-,kelch repeat and BTB domain-containing protein 8,20210420,-
130825,121165833,SUCLG2,-,-,-,Un,-,succinate-CoA ligase GDP-forming subunit beta,protein-coding,-,-,-,"succinate--CoA ligase [GDP-forming] subunit beta, mitochondrial",20210420,-
130825,121165834,LOC121165834,-,-,-,Un,-,uncharacterized LOC121165834,ncRNA,-,-,-,-,20210420,-
130825,121165835,EOGT,-,-,-,Un,-,EGF domain specific O-linked N-acetylglucosamine transferase,protein-coding,-,-,-,EGF domain-specific O-linked N-acetylglucosamine transferase,20210420,-
130825,121165836,TMF1,-,-,-,Un,-,TATA element modulatory factor 1,protein-coding,-,-,-,TATA element modulatory factor,20210420,-
130825,121165837,UBA3,-,-,-,Un,-,ubiquitin like modifier activating enzyme 3,protein-coding,-,-,-,NEDD8-activating enzyme E1 catalytic subunit,20210420,-
130825,121165838,SPARC,-,-,-,Un,-,secreted protein acidic and cysteine rich,protein-coding,-,-,-,SPARC,20210420,-
130825,121165839,ARL6IP5,-,-,-,Un,-,ADP ribosylation factor like GTPase 6 interacting protein 5,protein-coding,-,-,-,PRA1 family protein 3,20210420,-
130825,121165840,FRMD4B,-,-,-,Un,-,FERM domain containing 4B,protein-coding,-,-,-,FERM domain-containing protein 4B,20210420,-
130825,121165841,MITF,-,-,-,Un,-,melanocyte inducing transcription factor,protein-coding,-,-,-,microphthalmia-associated transcription factor,20210420,-
130825,121165842,FOXP1,-,-,-,Un,-,forkhead box P1,protein-coding,-,-,-,forkhead box protein P1,20210420,-
130825,121165843,EIF4E3,-,-,-,Un,-,eukaryotic translation initiation factor 4E family member 3,protein-coding,-,-,-,eukaryotic translation initiation factor 4E type 3,20210420,-
130825,121165844,LOC121165844,-,-,-,Un,-,uncharacterized LOC121165844,ncRNA,-,-,-,-,20210420,-
130825,121165845,LOC121165845,-,-,-,Un,-,uncharacterized LOC121165845,ncRNA,-,-,-,-,20210420,-
130825,121165846,PROK2,-,-,-,Un,-,prokineticin 2,protein-coding,-,-,-,prokineticin-2,20210420,-
130825,121165847,LOC121165847,-,-,-,Un,-,uncharacterized LOC121165847,ncRNA,-,-,-,-,20210420,-
130825,121165848,LOC121165848,-,-,-,Un,-,RING1 and YY1 binding protein,protein-coding,-,-,-,RING1 and YY1-binding protein,20210420,-
130825,121165849,LOC121165849,-,-,-,Un,-,uncharacterized LOC121165849,ncRNA,-,-,-,-,20210420,-
130825,121165850,SHQ1,-,-,-,Un,-,"SHQ1, H/ACA ribonucleoprotein assembly factor",protein-coding,-,-,-,protein SHQ1 homolog,20210420,-
130825,121165851,PPP4R2,-,-,-,Un,-,protein phosphatase 4 regulatory subunit 2,protein-coding,-,-,-,serine/threonine-protein phosphatase 4 regulatory subunit 2,20210420,-
130825,121165852,LOC121165852,-,-,-,Un,-,uncharacterized LOC121165852,ncRNA,-,-,-,-,20210420,-
130825,121165853,ZNF717,-,-,-,Un,-,zinc finger protein 717,protein-coding,-,-,-,zinc finger protein 717,20210420,-
130825,121165854,CEP76,-,-,-,Un,-,centrosomal protein 76,protein-coding,-,-,-,centrosomal protein of 76 kDa,20210420,-
130825,121165855,SPIRE1,-,-,-,Un,-,spire type actin nucleation factor 1,protein-coding,-,-,-,protein spire homolog 1,20210420,-
130825,121165856,AFG3L2,-,-,-,Un,-,AFG3 like matrix AAA peptidase subunit 2,protein-coding,-,-,-,AFG3-like protein 2,20210420,-
130825,121165857,VCPIP1,-,-,-,Un,-,valosin containing protein interacting protein 1,protein-coding,-,-,-,deubiquitinating protein VCPIP1,20210420,-
130825,121165858,TUBB6,-,-,-,Un,-,tubulin beta 6 class V,protein-coding,-,-,-,tubulin beta-6 chain,20210529,-
130825,121165859,IMPA2,-,-,-,Un,-,inositol monophosphatase 2,protein-coding,-,-,-,inositol monophosphatase 2,20210420,-
130825,121165860,PSMG2,-,-,-,Un,-,proteasome assembly chaperone 2,protein-coding,-,-,-,proteasome assembly chaperone 2,20210420,-
130825,121165861,RNMT,-,-,-,Un,-,RNA guanine-7 methyltransferase,protein-coding,-,-,-,mRNA cap guanine-N7 methyltransferase,20210420,-
130825,121165862,FAM210A,-,-,-,Un,-,family with sequence similarity 210 member A,protein-coding,-,-,-,protein FAM210A,20210420,-
130825,121165863,LDLRAD4,-,-,-,Un,-,low density lipoprotein receptor class A domain containing 4,protein-coding,-,-,-,low-density lipoprotein receptor class A domain-containing protein 4,20210420,-
130825,121165864,DNAJC5B,-,-,-,Un,-,DnaJ heat shock protein family (Hsp40) member C5 beta,protein-coding,-,-,-,dnaJ homolog subfamily C member 5B,20210420,-
130825,121165865,CEP192,-,-,-,Un,-,centrosomal protein 192,protein-coding,-,-,-,centrosomal protein of 192 kDa,20210420,-
130825,121165866,SEH1L,-,-,-,Un,-,SEH1 like nucleoporin,protein-coding,-,-,-,nucleoporin SEH1,20210420,-
130825,121165867,PTPN2,-,-,-,Un,-,protein tyrosine phosphatase non-receptor type 2,protein-coding,-,-,-,tyrosine-protein phosphatase non-receptor type 2,20210420,-
130825,121165868,LOC121165868,-,-,-,Un,-,uncharacterized LOC121165868,ncRNA,-,-,-,-,20210420,-
130825,121165869,MPPE1,-,-,-,Un,-,metallophosphoesterase 1,protein-coding,-,-,-,metallophosphoesterase 1,20210420,-
130825,121165870,LOC121165870,-,-,-,Un,-,guanine nucleotide-binding protein G(olf) subunit alpha,protein-coding,-,-,-,guanine nucleotide-binding protein G(olf) subunit alpha,20210605,-
130825,121165871,LOC121165871,-,-,-,Un,-,charged multivesicular body protein 1b,protein-coding,-,-,-,charged multivesicular body protein 1b,20210529,-
130825,121165872,LOC121165872,-,-,-,Un,-,uncharacterized LOC121165872,protein-coding,-,-,-,uncharacterized protein LOC121165872,20210420,-
130825,121165873,UCN2,-,-,-,Un,-,urocortin 2,protein-coding,-,-,-,urocortin-2,20210420,-
130825,121165874,PDE7A,-,-,-,Un,-,phosphodiesterase 7A,protein-coding,-,-,-,"high affinity cAMP-specific 3',5'-cyclic phosphodiesterase 7A",20210420,-
130825,121165875,CUNH3orf22,-,-,-,Un,-,chromosome unknown C3orf22 homolog,protein-coding,-,-,-,uncharacterized protein C3orf22 homolog,20210420,-
130825,121165876,LOC121165876,-,-,-,Un,-,"dynein light chain 1, cytoplasmic-like",pseudo,-,-,-,-,20210420,-
130825,121165877,CHL1,-,-,-,Un,-,cell adhesion molecule L1 like,protein-coding,-,-,-,neural cell adhesion molecule L1-like protein,20210420,-
130825,121165878,LOC121165878,-,-,-,Un,-,histone-lysine N-methyltransferase SETMAR,protein-coding,-,-,-,histone-lysine N-methyltransferase SETMAR,20210420,-
130825,121165879,LMCD1,-,-,-,Un,-,LIM and cysteine rich domains 1,protein-coding,-,-,-,LIM and cysteine-rich domains protein 1,20210420,-
130825,121165880,CAV3,-,-,-,Un,-,caveolin 3,protein-coding,-,-,-,caveolin-3,20210420,-
130825,121165881,OXTR,-,-,-,Un,-,oxytocin receptor,protein-coding,-,-,-,oxytocin receptor,20210420,-
130825,121165882,SRGAP3,-,-,-,Un,-,SLIT-ROBO Rho GTPase activating protein 3,protein-coding,-,-,-,SLIT-ROBO Rho GTPase-activating protein 3,20210420,-
130825,121165883,PRRT3,-,-,-,Un,-,proline rich transmembrane protein 3,protein-coding,-,-,-,proline-rich transmembrane protein 3,20210420,-
130825,121165884,FANCD2OS,-,-,-,Un,-,FANCD2 opposite strand,protein-coding,-,-,-,FANCD2 opposite strand protein,20210420,-
130825,121165885,SLC6A11,-,-,-,Un,-,solute carrier family 6 member 11,protein-coding,-,-,-,sodium- and chloride-dependent GABA transporter 3,20210420,-
130825,121165886,SLC6A1,-,-,-,Un,-,solute carrier family 6 member 1,protein-coding,-,-,-,sodium- and chloride-dependent GABA transporter 1,20210420,-
130825,121165887,MKRN2OS,-,-,-,Un,-,MKRN2 opposite strand,protein-coding,-,-,-,MKRN2 opposite strand protein,20210420,-
130825,121165888,TMEM40,-,-,-,Un,-,transmembrane protein 40,protein-coding,-,-,-,transmembrane protein 40,20210420,-
130825,121165889,RHO,-,-,-,Un,-,rhodopsin,protein-coding,-,-,-,rhodopsin,20210420,-
130825,121165890,LOC121165890,-,-,-,Un,-,uncharacterized protein C3orf20-like,protein-coding,-,-,-,uncharacterized protein C3orf20-like,20210420,-
130825,121165891,GRIP2,-,-,-,Un,-,glutamate receptor interacting protein 2,protein-coding,-,-,-,glutamate receptor-interacting protein 2,20210420,-
130825,121165892,LSM3,-,-,-,Un,-,"LSM3 homolog, U6 small nuclear RNA and mRNA degradation associated",protein-coding,-,-,-,U6 snRNA-associated Sm-like protein LSm3,20210420,-
130825,121165893,LOC121165893,-,-,-,Un,-,vomeronasal type-1 receptor 90-like,protein-coding,-,-,-,vomeronasal type-1 receptor 90-like,20210420,-
130825,121165894,LOC121165894,-,-,-,Un,-,vomeronasal type-1 receptor 90-like,protein-coding,-,-,-,vomeronasal type-1 receptor 90-like,20210420,-
130825,121165895,LOC121165895,-,-,-,Un,-,vomeronasal type-1 receptor 90-like,protein-coding,-,-,-,vomeronasal type-1 receptor 90-like,20210420,-
130825,121165896,LOC121165896,-,-,-,Un,-,vomeronasal type-1 receptor 90-like,protein-coding,-,-,-,vomeronasal type-1 receptor 90-like,20210420,-
130825,121165897,LOC121165897,-,-,-,Un,-,vomeronasal type-1 receptor 90-like,protein-coding,-,-,-,vomeronasal type-1 receptor 90-like,20210420,-
130825,121165898,LOC121165898,-,-,-,Un,-,vomeronasal type-1 receptor 90-like,protein-coding,-,-,-,vomeronasal type-1 receptor 90-like,20210420,-
130825,121165899,LOC121165899,-,-,-,Un,-,vomeronasal type-1 receptor 90-like,protein-coding,-,-,-,vomeronasal type-1 receptor 90-like,20210420,-
130825,121165900,KIF9,-,-,-,Un,-,kinesin family member 9,protein-coding,-,-,-,kinesin-like protein KIF9,20210420,-
130825,121165901,CFAP92,-,-,-,Un,-,cilia and flagella associated protein 92 (putative),protein-coding,-,-,-,uncharacterized protein KIAA1257 homolog,20210420,-
130825,121165902,LOC121165902,-,-,-,Un,-,histone H1.10,protein-coding,-,-,-,histone H1.10,20210420,-
130825,121165903,DNAJB8,-,-,-,Un,-,DnaJ heat shock protein family (Hsp40) member B8,protein-coding,-,-,-,dnaJ homolog subfamily B member 8,20210420,-
130825,121165904,KBTBD12,-,-,-,Un,-,kelch repeat and BTB domain containing 12,protein-coding,-,-,-,kelch repeat and BTB domain-containing protein 12,20210420,-
130825,121165905,CHCHD6,-,-,-,Un,-,coiled-coil-helix-coiled-coil-helix domain containing 6,protein-coding,-,-,-,MICOS complex subunit MIC25,20210420,-
130825,121165906,TXNRD3,-,-,-,Un,-,thioredoxin reductase 3,protein-coding,-,-,-,thioredoxin reductase 3,20210420,-
130825,121165907,UROC1,-,-,-,Un,-,urocanate hydratase 1,protein-coding,-,-,-,urocanate hydratase,20210420,-
130825,121165908,HDAC11,-,-,-,Un,-,histone deacetylase 11,protein-coding,-,-,-,histone deacetylase 11,20210420,-
130825,121165909,FBLN2,-,-,-,Un,-,fibulin 2,protein-coding,-,-,-,fibulin-2,20210420,-
130825,121165910,WNT7A,-,-,-,Un,-,Wnt family member 7A,protein-coding,-,-,-,protein Wnt-7a,20210420,-
130825,121165911,LOC121165911,-,-,-,Un,-,zinc finger protein Pegasus-like,pseudo,-,-,-,-,20210420,-
130825,121165912,TTC21A,-,-,-,Un,-,tetratricopeptide repeat domain 21A,protein-coding,-,-,-,tetratricopeptide repeat protein 21A,20210420,-
130825,121165913,CCR8,-,-,-,Un,-,C-C motif chemokine receptor 8,protein-coding,-,-,-,C-C chemokine receptor type 8,20210420,-
130825,121165914,LOC121165914,-,-,-,Un,-,myelin associated oligodendrocyte basic protein,protein-coding,-,-,-,myelin-associated oligodendrocyte basic protein,20210420,-
130825,121165915,EIF1B,-,-,-,Un,-,eukaryotic translation initiation factor 1B,protein-coding,-,-,-,eukaryotic translation initiation factor 1b,20210425,-
130825,121165916,ENTPD3,-,-,-,Un,-,ectonucleoside triphosphate diphosphohydrolase 3,protein-coding,-,-,-,ectonucleoside triphosphate diphosphohydrolase 3,20210420,-
130825,121165917,CCK,-,-,-,Un,-,cholecystokinin,protein-coding,-,-,-,cholecystokinin,20210420,-
130825,121165918,LOC121165918,-,-,-,Un,-,40S ribosomal protein S24-like,pseudo,-,-,-,-,20210420,-
130825,121165919,KLHL40,-,-,-,Un,-,kelch like family member 40,protein-coding,-,-,-,kelch-like protein 40,20210420,-
130825,121165920,MTFR1,-,-,-,Un,-,mitochondrial fission regulator 1,protein-coding,-,-,-,mitochondrial fission regulator 1,20210420,-
130825,121165921,ZBTB47,-,-,-,Un,-,zinc finger and BTB domain containing 47,protein-coding,-,-,-,zinc finger and BTB domain-containing protein 47,20210420,-
130825,121165922,HHATL,-,-,-,Un,-,hedgehog acyltransferase like,protein-coding,-,-,-,protein-cysteine N-palmitoyltransferase HHAT-like protein,20210420,-
130825,121165923,CCDC13,-,-,-,Un,-,coiled-coil domain containing 13,protein-coding,-,-,-,coiled-coil domain-containing protein 13,20210420,-
130825,121165924,CNTN6,-,-,-,Un,-,contactin 6,protein-coding,-,-,-,contactin-6,20210420,-
130825,121165925,POMGNT2,-,-,-,Un,-,"protein O-linked mannose N-acetylglucosaminyltransferase 2 (beta 1,4-)",protein-coding,-,-,-,"protein O-linked-mannose beta-1,4-N-acetylglucosaminyltransferase 2",20210420,-
130825,121165926,EDEM1,-,-,-,Un,-,ER degradation enhancing alpha-mannosidase like protein 1,protein-coding,-,-,-,ER degradation-enhancing alpha-mannosidase-like protein 1,20210420,-
130825,121165927,LHFPL4,-,-,-,Un,-,LHFPL tetraspan subfamily member 4,protein-coding,-,-,-,LHFPL tetraspan subfamily member 4 protein,20210420,-
130825,121165928,SSUH2,-,-,-,Un,-,ssu-2 homolog,protein-coding,-,-,-,protein SSUH2 homolog,20210420,-
130825,121165929,LZTFL1,-,-,-,Un,-,leucine zipper transcription factor like 1,protein-coding,-,-,-,leucine zipper transcription factor-like protein 1,20210420,-
130825,121165930,SLC6A20,-,-,-,Un,-,solute carrier family 6 member 20,protein-coding,-,-,-,sodium- and chloride-dependent transporter XTRP3,20210420,-
130825,121165931,GHRL,-,-,-,Un,-,ghrelin and obestatin prepropeptide,protein-coding,-,-,-,appetite-regulating hormone,20210420,-
130825,121165932,EFCAB12,-,-,-,Un,-,EF-hand calcium binding domain 12,protein-coding,-,-,-,EF-hand calcium-binding domain-containing protein 12,20210420,-
130825,121165933,TRH,-,-,-,Un,-,thyrotropin releasing hormone,protein-coding,-,-,-,thyrotropin releasing hormone,20210420,-
130825,121165934,CLEC3B,-,-,-,Un,-,C-type lectin domain family 3 member B,protein-coding,-,-,-,tetranectin,20210420,-
130825,121165935,LOC121165935,-,-,-,Un,-,vomeronasal type-1 receptor 90-like,protein-coding,-,-,-,vomeronasal type-1 receptor 90-like,20210420,-
130825,121165936,LOC121165936,-,-,-,Un,-,vomeronasal type-1 receptor 90-like,protein-coding,-,-,-,vomeronasal type-1 receptor 90-like,20210420,-
130825,121165937,TMEM42,-,-,-,Un,-,transmembrane protein 42,protein-coding,-,-,-,transmembrane protein 42,20210420,-
130825,121165938,KIAA1143,-,-,-,Un,-,KIAA1143 ortholog,protein-coding,-,-,-,uncharacterized protein KIAA1143 homolog,20210420,-
130825,121165939,LOC121165939,-,-,-,Un,-,vomeronasal type-1 receptor 90-like,protein-coding,-,-,-,vomeronasal type-1 receptor 90-like,20210420,-
130825,121165940,ZNF502,-,-,-,Un,-,zinc finger protein 502,protein-coding,-,-,-,zinc finger protein 502,20210420,-
130825,121165941,LOC121165941,-,-,-,Un,-,vomeronasal type-1 receptor 90-like,protein-coding,-,-,-,vomeronasal type-1 receptor 90-like,20210420,-
130825,121165942,LOC121165942,-,-,-,Un,-,vomeronasal type-1 receptor 48-like,protein-coding,-,-,-,vomeronasal type-1 receptor 48-like,20210420,-
130825,121165943,LOC121165943,-,-,-,Un,-,vomeronasal type-1 receptor 90-like,protein-coding,-,-,-,vomeronasal type-1 receptor 90-like,20210420,-
130825,121165944,ARMC1,-,-,-,Un,-,armadillo repeat containing 1,protein-coding,-,-,-,armadillo repeat-containing protein 1,20210420,-
130825,121165945,LOC121165945,-,-,-,Un,-,vomeronasal type-1 receptor 48-like,protein-coding,-,-,-,vomeronasal type-1 receptor 48-like,20210420,-
130825,121165946,LOC121165946,-,-,-,Un,-,vomeronasal type-1 receptor 90-like,protein-coding,-,-,-,vomeronasal type-1 receptor 90-like,20210420,-
130825,121165947,LOC121165947,-,-,-,Un,-,uncharacterized LOC121165947,ncRNA,-,-,-,-,20210420,-
130825,121165948,ZNF197,-,-,-,Un,-,zinc finger protein 197,protein-coding,-,-,-,zinc finger protein 197,20210420,-
130825,121165949,LOC121165949,-,-,-,Un,-,uncharacterized protein CFAP92-like,protein-coding,-,-,-,uncharacterized protein CFAP92-like,20210420,-
130825,121165950,EFCC1,-,-,-,Un,-,EF-hand and coiled-coil domain containing 1,protein-coding,-,-,-,EF-hand and coiled-coil domain-containing protein 1,20210420,-
130825,121165951,CFAP100,-,-,-,Un,-,cilia and flagella associated protein 100,protein-coding,-,-,-,cilia- and flagella-associated protein 100,20210420,-
130825,121165952,LOC121165952,-,-,-,Un,-,vomeronasal type-1 receptor 48-like,protein-coding,-,-,-,vomeronasal type-1 receptor 48-like,20210420,-
130825,121165953,LOC121165953,-,-,-,Un,-,vomeronasal type-1 receptor 48-like,pseudo,-,-,-,-,20210420,-
130825,121165954,LOC121165954,-,-,-,Un,-,translation initiation factor IF-2-like,protein-coding,-,-,-,translation initiation factor IF-2-like,20210420,-
130825,121165955,YTHDF3,-,-,-,Un,-,YTH N6-methyladenosine RNA binding protein 3,protein-coding,-,-,-,YTH domain-containing family protein 3,20210529,-
130825,121165956,LRRC2,-,-,-,Un,-,leucine rich repeat containing 2,protein-coding,-,-,-,leucine-rich repeat-containing protein 2,20210420,-
130825,121165957,TDGF1,-,-,-,Un,-,teratocarcinoma-derived growth factor 1,protein-coding,-,-,-,teratocarcinoma-derived growth factor 1,20210420,-
130825,121165958,GASK1A,-,-,-,Un,-,golgi associated kinase 1A,protein-coding,-,-,-,Golgi-associated kinase 1A,20210420,-
130825,121165959,TMIE,-,-,-,Un,-,transmembrane inner ear,protein-coding,-,-,-,transmembrane inner ear expressed protein,20210420,-
130825,121165960,LOC121165960,-,-,-,Un,-,putative serine protease 45,protein-coding,-,-,-,putative serine protease 45,20210420,-
130825,121165961,MYL3,-,-,-,Un,-,myosin light chain 3,protein-coding,-,-,-,myosin light chain 3,20210420,-
130825,121165962,TOPAZ1,-,-,-,Un,-,testis and ovary specific PAZ domain containing 1,protein-coding,-,-,-,LOW QUALITY PROTEIN: protein TOPAZ1,20210420,-
130825,121165963,CDCP1,-,-,-,Un,-,CUB domain containing protein 1,protein-coding,-,-,-,CUB domain-containing protein 1,20210420,-
130825,121165964,LOC121165964,-,-,-,Un,-,ankyrin repeat domain-containing protein 13C-like,pseudo,-,-,-,-,20210420,-
130825,121165965,FAM240A,-,-,-,Un,-,family with sequence similarity 240 member A,protein-coding,-,-,-,protein FAM240A,20210420,-
130825,121165966,PRSS50,-,-,-,Un,-,serine protease 50,protein-coding,-,-,-,probable threonine protease PRSS50,20210420,-
130825,121165967,CSPG5,-,-,-,Un,-,chondroitin sulfate proteoglycan 5,protein-coding,-,-,-,chondroitin sulfate proteoglycan 5,20210420,-
130825,121165968,FBXW12,-,-,-,Un,-,F-box and WD repeat domain containing 12,protein-coding,-,-,-,F-box/WD repeat-containing protein 12,20210420,-
130825,121165969,LOC121165969,-,-,-,Un,-,cathelicidin antimicrobial peptide,protein-coding,-,-,-,cathelicidin antimicrobial peptide,20210420,-
130825,121165970,SPINK8,-,-,-,Un,-,serine peptidase inhibitor Kazal type 8 (putative),protein-coding,-,-,-,serine protease inhibitor Kazal-type 8,20210420,-
130825,121165971,P4HTM,-,-,-,Un,-,"prolyl 4-hydroxylase, transmembrane",protein-coding,-,-,-,transmembrane prolyl 4-hydroxylase,20210420,-
130825,121165972,GGH,-,-,-,Un,-,gamma-glutamyl hydrolase,protein-coding,-,-,-,gamma-glutamyl hydrolase,20210420,-
130825,121165973,LOC121165973,-,-,-,Un,-,uncharacterized LOC121165973,protein-coding,-,-,-,uncharacterized protein LOC121165973,20210420,-
130825,121165974,PLXNB1,-,-,-,Un,-,plexin B1,protein-coding,-,-,-,plexin-B1,20210420,-
130825,121165975,CCDC51,-,-,-,Un,-,coiled-coil domain containing 51,protein-coding,-,-,-,mitochondrial potassium channel,20210420,-
130825,121165976,CUNH3orf84,-,-,-,Un,-,chromosome unknown C3orf84 homolog,protein-coding,-,-,-,uncharacterized protein C3orf84 homolog,20210420,-
130825,121165977,IHO1,-,-,-,Un,-,interactor of HORMAD1 1,protein-coding,-,-,-,interactor of HORMAD1 protein 1,20210420,-
130825,121165978,COL7A1,-,-,-,Un,-,collagen type VII alpha 1 chain,protein-coding,-,-,-,collagen alpha-1(VII) chain,20210420,-
130825,121165979,TMEM89,-,-,-,Un,-,transmembrane protein 89,protein-coding,-,-,-,transmembrane protein 89,20210420,-
130825,121165980,SEMA3B,-,-,-,Un,-,semaphorin 3B,protein-coding,-,-,-,semaphorin-3B,20210420,-
130825,121165981,LSMEM2,-,-,-,Un,-,leucine rich single-pass membrane protein 2,protein-coding,-,-,-,leucine-rich single-pass membrane protein 2,20210420,-
130825,121165982,LOC121165982,-,-,-,Un,-,aspartyl/asparaginyl beta-hydroxylase-like,protein-coding,-,-,-,aspartyl/asparaginyl beta-hydroxylase-like,20210420,-
130825,121165983,IQCF6,-,-,-,Un,-,IQ motif containing F6,protein-coding,-,-,-,IQ domain-containing protein F6,20210420,-
130825,121165984,KLHDC8B,-,-,-,Un,-,kelch domain containing 8B,protein-coding,-,-,-,kelch domain-containing protein 8B,20210420,-
130825,121165985,LOC121165985,-,-,-,Un,-,60S ribosomal protein L35a-like,pseudo,-,-,-,-,20210420,-
130825,121165986,IQCF5,-,-,-,Un,-,IQ motif containing F5,protein-coding,-,-,-,IQ domain-containing protein F5,20210420,-
130825,121165987,SEMA3G,-,-,-,Un,-,semaphorin 3G,protein-coding,-,-,-,semaphorin-3G,20210420,-
130825,121165988,ITIH1,-,-,-,Un,-,inter-alpha-trypsin inhibitor heavy chain 1,protein-coding,-,-,-,inter-alpha-trypsin inhibitor heavy chain H1,20210420,-
130825,121165989,BSN,-,-,-,Un,-,bassoon presynaptic cytomatrix protein,protein-coding,-,-,-,protein bassoon,20210420,-
130825,121165990,INKA1,-,-,-,Un,-,inka box actin regulator 1,protein-coding,-,-,-,PAK4-inhibitor INKA1,20210420,-
130825,121165991,LOC121165991,-,-,-,Un,-,TRAF interacting protein,protein-coding,-,-,-,E3 ubiquitin-protein ligase TRAIP,20210420,-
130825,121165992,CAMKV,-,-,-,Un,-,CaM kinase like vesicle associated,protein-coding,-,-,-,caM kinase-like vesicle-associated protein,20210420,-
130825,121165993,CLVS1,-,-,-,Un,-,clavesin 1,protein-coding,-,-,-,clavesin-1,20210420,-
130825,121165994,MST1R,-,-,-,Un,-,macrophage stimulating 1 receptor,protein-coding,-,-,-,macrophage-stimulating protein receptor,20210420,-
130825,121165995,LOC121165995,-,-,-,Un,-,sarcolemma associated protein,protein-coding,-,-,-,sarcolemmal membrane-associated protein,20210420,-
130825,121165996,DNASE1L3,-,-,-,Un,-,deoxyribonuclease 1 like 3,protein-coding,-,-,-,deoxyribonuclease gamma,20210420,-
130825,121165997,SEMA3F,-,-,-,Un,-,semaphorin 3F,protein-coding,-,-,-,semaphorin-3F,20210420,-
130825,121165998,HYAL2,-,-,-,Un,-,hyaluronidase 2,protein-coding,-,-,-,hyaluronidase-2,20210420,-
130825,121165999,CUNH3orf18,-,-,-,Un,-,chromosome unknown C3orf18 homolog,protein-coding,-,-,-,uncharacterized protein C3orf18 homolog,20210420,-
130825,121166000,LOC121166000,-,-,-,Un,-,aspartyl/asparaginyl beta-hydroxylase-like,protein-coding,-,-,-,aspartyl/asparaginyl beta-hydroxylase-like,20210420,-
130825,121166001,LOC121166001,-,-,-,Un,-,"N-acetyllactosaminide beta-1,6-N-acetylglucosaminyl-transferase-like",pseudo,-,-,-,-,20210420,-
130825,121166002,LOC121166002,-,-,-,Un,-,zinc finger CCHC-type and RNA-binding motif-containing protein 1-like,pseudo,-,-,-,-,20210420,-
130825,121166003,LOC121166003,-,-,-,Un,-,putative serine protease 46,protein-coding,-,-,-,putative serine protease 46,20210420,-
130825,121166004,LOC121166004,-,-,-,Un,-,60S ribosomal protein L34-like,pseudo,-,-,-,-,20210420,-
130825,121166005,LOC121166005,-,-,-,Un,-,cadherin-related family member 3-like,protein-coding,-,-,-,LOW QUALITY PROTEIN: cadherin-related family member 3-like,20210420,-
130825,121166006,LOC121166006,-,-,-,Un,-,8-oxo-dGDP phosphatase NUDT18-like,protein-coding,-,-,-,8-oxo-dGDP phosphatase NUDT18-like,20210420,-
130825,121166007,GRM2,-,-,-,Un,-,glutamate metabotropic receptor 2,protein-coding,-,-,-,metabotropic glutamate receptor 2,20210420,-
130825,121166008,LOC121166008,-,-,-,Un,-,IQ domain-containing protein F2-like,protein-coding,-,-,-,IQ domain-containing protein F2-like,20210420,-
130825,121166009,CUNH3orf49,-,-,-,Un,-,chromosome unknown C3orf49 homolog,protein-coding,-,-,-,putative uncharacterized protein C3orf49 homolog,20210420,-
130825,121166010,IQCF1,-,-,-,Un,-,IQ motif containing F1,protein-coding,-,-,-,IQ domain-containing protein F1,20210420,-
130825,121166011,RRP9,-,-,-,Un,-,"ribosomal RNA processing 9, U3 small nucleolar RNA binding protein",protein-coding,-,-,-,U3 small nucleolar RNA-interacting protein 2,20210420,-
130825,121166012,TLR9,-,-,-,Un,-,toll like receptor 9,protein-coding,-,-,-,toll-like receptor 9,20210420,-
130825,121166013,TAFA4,-,-,-,Un,-,TAFA chemokine like family member 4,protein-coding,-,-,-,chemokine-like protein TAFA-4,20210420,-
130825,121166014,TNNC1,-,-,-,Un,-,"troponin C1, slow skeletal and cardiac type",protein-coding,-,-,-,"troponin C, slow skeletal and cardiac muscles",20210501,-
130825,121166015,ITIH3,-,-,-,Un,-,inter-alpha-trypsin inhibitor heavy chain 3,protein-coding,-,-,-,inter-alpha-trypsin inhibitor heavy chain H3,20210420,-
130825,121166016,LOC121166016,-,-,-,Un,-,UPF0329 protein ECU05_1680/ECU11_0050-like,protein-coding,-,-,-,UPF0329 protein ECU05_1680/ECU11_0050-like,20210420,-
130825,121166017,LOC121166017,-,-,-,Un,-,elongation factor 1-alpha 1-like,pseudo,-,-,-,-,20210420,-
130825,121166018,LOC121166018,-,-,-,Un,-,acidic leucine-rich nuclear phosphoprotein 32 family member B-like,pseudo,-,-,-,-,20210420,-
130825,121166019,LOC121166019,-,-,-,Un,-,casein kinase I-like,protein-coding,-,-,-,casein kinase I-like,20210420,-
130825,121166020,WNT5A,-,-,-,Un,-,Wnt family member 5A,protein-coding,-,-,-,protein Wnt-5a,20210420,-
130825,121166021,LOC121166021,-,-,-,Un,-,eukaryotic translation initiation factor 3 subunit F-like,protein-coding,-,-,-,LOW QUALITY PROTEIN: eukaryotic translation initiation factor 3 subunit F-like,20210420,-
130825,121166022,HESX1,-,-,-,Un,-,HESX homeobox 1,protein-coding,-,-,-,homeobox expressed in ES cells 1,20210420,-
130825,121166023,DNAH12,-,-,-,Un,-,dynein axonemal heavy chain 12,protein-coding,-,-,-,"dynein heavy chain 12, axonemal",20210420,-
130825,121166024,CHD7,-,-,-,Un,-,chromodomain helicase DNA binding protein 7,protein-coding,-,-,-,chromodomain-helicase-DNA-binding protein 7,20210420,-
130825,121166025,LOC121166025,-,-,-,Un,-,uncharacterized LOC121166025,ncRNA,-,-,-,-,20210420,-
130825,121166026,CUNH3orf14,-,-,-,Un,-,chromosome unknown C3orf14 homolog,protein-coding,-,-,-,uncharacterized protein C3orf14 homolog,20210420,-
130825,121166027,FEZF2,-,-,-,Un,-,FEZ family zinc finger 2,protein-coding,-,-,-,fez family zinc finger protein 2,20210420,-
130825,121166028,SYNPR,-,-,-,Un,-,synaptoporin,protein-coding,-,-,-,synaptoporin,20210420,-
130825,121166029,PRICKLE2,-,-,-,Un,-,prickle planar cell polarity protein 2,protein-coding,-,-,-,prickle-like protein 2,20210420,-
130825,121166030,ADAMTS9,-,-,-,Un,-,ADAM metallopeptidase with thrombospondin type 1 motif 9,protein-coding,-,-,-,A disintegrin and metalloproteinase with thrombospondin motifs 9,20210420,-
130825,121166031,TAFA1,-,-,-,Un,-,TAFA chemokine like family member 1,protein-coding,-,-,-,chemokine-like protein TAFA-1,20210420,-
130825,121166032,LOC121166032,-,-,-,Un,-,60S ribosomal protein L27-like,protein-coding,-,-,-,60S ribosomal protein L27-like,20210420,-
130825,121166033,LMOD3,-,-,-,Un,-,leiomodin 3,protein-coding,-,-,-,leiomodin-3,20210420,-
130825,121166034,MDFIC2,-,-,-,Un,-,MyoD family inhibitor domain containing 2,protein-coding,-,-,-,myoD family inhibitor domain-containing protein 2,20210420,-
130825,121166035,LOC121166035,-,-,-,Un,-,ubiquitin-like protein 5,pseudo,-,-,-,-,20210420,-
130825,121166036,LOC121166036,-,-,-,Un,-,uncharacterized LOC121166036,ncRNA,-,-,-,-,20210420,-
130825,121166037,GPR27,-,-,-,Un,-,G protein-coupled receptor 27,protein-coding,-,-,-,probable G-protein coupled receptor 27,20210420,-
130825,121166038,GXYLT2,-,-,-,Un,-,glucoside xylosyltransferase 2,protein-coding,-,-,-,glucoside xylosyltransferase 2,20210420,-
130825,121166039,PDZRN3,-,-,-,Un,-,PDZ domain containing ring finger 3,protein-coding,-,-,-,E3 ubiquitin-protein ligase PDZRN3,20210420,-
130825,121166040,CNTN3,-,-,-,Un,-,contactin 3,protein-coding,-,-,-,contactin-3,20210420,-
130825,121166041,LOC121166041,-,-,-,Un,-,ubiquitin-60S ribosomal protein L40-like,pseudo,-,-,-,-,20210420,-
130825,121166042,PRELID3A,-,-,-,Un,-,PRELI domain containing 3A,protein-coding,-,-,-,PRELI domain containing protein 3A,20210420,-
130825,121166043,CIDEA,-,-,-,Un,-,cell death inducing DFFA like effector a,protein-coding,-,-,-,cell death activator CIDE-A,20210420,-
130825,121166044,LOC121166044,-,-,-,Un,-,kelch repeat and BTB domain-containing protein 6-like,protein-coding,-,-,-,kelch repeat and BTB domain-containing protein 6-like,20210420,-
130825,121166045,RAB2A,-,-,-,Un,-,"RAB2A, member RAS oncogene family",protein-coding,-,-,-,ras-related protein Rab-2A,20210522,-
130825,121166046,LOC121166046,-,-,-,Un,-,IQ domain-containing protein F2-like,protein-coding,-,-,-,IQ domain-containing protein F2-like,20210420,-
130825,121166047,MC5R,-,-,-,Un,-,melanocortin 5 receptor,protein-coding,-,-,-,melanocortin receptor 5,20210420,-
130825,121166048,LOC121166048,-,-,-,Un,-,bisphosphoglycerate mutase-like,pseudo,-,-,-,-,20210420,-
130825,121166049,LOC121166049,-,-,-,Un,-,uncharacterized LOC121166049,ncRNA,-,-,-,-,20210420,-
130825,121166050,LOC121166050,-,-,-,Un,-,zinc finger protein 420-like,protein-coding,-,-,-,zinc finger protein 420-like,20210420,-
130825,121166051,MC2R,-,-,-,Un,-,melanocortin 2 receptor,protein-coding,-,-,-,adrenocorticotropic hormone receptor,20210420,-
130825,121166052,TMEM158,-,-,-,Un,-,transmembrane protein 158,protein-coding,-,-,-,transmembrane protein 158,20210420,-
130825,121166053,CDHR4,-,-,-,Un,-,cadherin related family member 4,protein-coding,-,-,-,cadherin-related family member 4,20210420,-
130825,121166054,LOC121166054,-,-,-,Un,-,IQ domain-containing protein F2-like,protein-coding,-,-,-,IQ domain-containing protein F2-like,20210420,-
130825,121166055,CHST13,-,-,-,Un,-,carbohydrate sulfotransferase 13,protein-coding,-,-,-,carbohydrate sulfotransferase 13,20210420,-
130825,121166056,XCR1,-,-,-,Un,-,X-C motif chemokine receptor 1,protein-coding,-,-,-,chemokine XC receptor 1,20210420,-
130825,121166057,XIRP1,-,-,-,Un,-,xin actin binding repeat containing 1,protein-coding,-,-,-,xin actin-binding repeat-containing protein 1,20210420,-
130825,121166058,LOC121166058,-,-,-,Un,-,uncharacterized LOC121166058,ncRNA,-,-,-,-,20210420,-
130825,121166059,CNTN4,-,-,-,Un,-,contactin 4,protein-coding,-,-,-,contactin-4,20210420,-
130825,121166060,IL5RA,-,-,-,Un,-,interleukin 5 receptor subunit alpha,protein-coding,-,-,-,interleukin-5 receptor subunit alpha,20210420,-
130825,121166061,SNTN,-,-,-,Un,-,"sentan, cilia apical structure protein",protein-coding,-,-,-,sentan,20210420,-
130825,121166062,CRBN,-,-,-,Un,-,cereblon,protein-coding,-,-,-,protein cereblon,20210420,-
130825,121166063,CA8,-,-,-,Un,-,carbonic anhydrase 8,protein-coding,-,-,-,carbonic anhydrase-related protein,20210420,-
130825,121166064,TRNT1,-,-,-,Un,-,tRNA nucleotidyl transferase 1,protein-coding,-,-,-,"CCA tRNA nucleotidyltransferase 1, mitochondrial",20210420,-
130825,121166065,LRRN1,-,-,-,Un,-,leucine rich repeat neuronal 1,protein-coding,-,-,-,leucine-rich repeat neuronal protein 1,20210420,-
130825,121166066,SUMF1,-,-,-,Un,-,sulfatase modifying factor 1,protein-coding,-,-,-,formylglycine-generating enzyme,20210420,-
130825,121166067,ITPR1,-,-,-,Un,-,"inositol 1,4,5-trisphosphate receptor type 1",protein-coding,-,-,-,"inositol 1,4,5-trisphosphate receptor type 1",20210420,-
130825,121166068,BHLHE40,-,-,-,Un,-,basic helix-loop-helix family member e40,protein-coding,-,-,-,class E basic helix-loop-helix protein 40,20210420,-
130825,121166069,ARL8B,-,-,-,Un,-,ADP ribosylation factor like GTPase 8B,protein-coding,-,-,-,ADP-ribosylation factor-like protein 8B,20210501,-
130825,121166070,LOC121166070,-,-,-,Un,-,uncharacterized LOC121166070,ncRNA,-,-,-,-,20210420,-
130825,121166071,GRM7,-,-,-,Un,-,glutamate metabotropic receptor 7,protein-coding,-,-,-,metabotropic glutamate receptor 7,20210420,-
130825,121166072,RAD18,-,-,-,Un,-,RAD18 E3 ubiquitin protein ligase,protein-coding,-,-,-,E3 ubiquitin-protein ligase RAD18,20210420,-
130825,121166073,THUMPD3,-,-,-,Un,-,THUMP domain containing 3,protein-coding,-,-,-,THUMP domain-containing protein 3,20210420,-
130825,121166074,LOC121166074,-,-,-,Un,-,uncharacterized LOC121166074,ncRNA,-,-,-,-,20210420,-
130825,121166075,SETD5,-,-,-,Un,-,SET domain containing 5,protein-coding,-,-,-,histone-lysine N-methyltransferase SETD5,20210420,-
130825,121166076,LOC121166076,-,-,-,Un,-,adenosine kinase-like,pseudo,-,-,-,-,20210420,-
130825,121166077,MTMR14,-,-,-,Un,-,myotubularin related protein 14,protein-coding,-,-,-,myotubularin-related protein 14,20210420,-
130825,121166078,CUNH8orf88,-,-,-,Un,-,chromosome unknown C8orf88 homolog,protein-coding,-,-,-,uncharacterized protein C8orf88 homolog,20210420,-
130825,121166079,CPNE9,-,-,-,Un,-,copine family member 9,protein-coding,-,-,-,copine-9,20210420,-
130825,121166080,BRPF1,-,-,-,Un,-,bromodomain and PHD finger containing 1,protein-coding,-,-,-,peregrin,20210420,-
130825,121166081,CAMK1,-,-,-,Un,-,calcium/calmodulin dependent protein kinase I,protein-coding,-,-,-,calcium/calmodulin-dependent protein kinase type 1,20210420,-
130825,121166082,FAT2,-,-,-,Un,-,FAT atypical cadherin 2,protein-coding,-,-,-,protocadherin Fat 2,20210420,-
130825,121166083,PIP4P2,-,-,-,Un,-,"phosphatidylinositol-4,5-bisphosphate 4-phosphatase 2",protein-coding,-,-,-,"type 2 phosphatidylinositol 4,5-bisphosphate 4-phosphatase",20210420,-
130825,121166084,OGG1,-,-,-,Un,-,8-oxoguanine DNA glycosylase,protein-coding,-,-,-,N-glycosylase/DNA lyase,20210420,-
130825,121166085,TADA3,-,-,-,Un,-,transcriptional adaptor 3,protein-coding,-,-,-,transcriptional adapter 3,20210420,-
130825,121166086,LOC121166086,-,-,-,Un,-,tubulin monoglycylase TTLL3-like,protein-coding,-,-,-,tubulin monoglycylase TTLL3-like,20210420,-
130825,121166087,ARPC4,-,-,-,Un,-,actin related protein 2/3 complex subunit 4,protein-coding,-,-,-,actin-related protein 2/3 complex subunit 4,20210501,-
130825,121166088,SLC26A7,-,-,-,Un,-,solute carrier family 26 member 7,protein-coding,-,-,-,anion exchange transporter,20210420,-
130825,121166089,RPUSD3,-,-,-,Un,-,RNA pseudouridine synthase D3,protein-coding,-,-,-,mitochondrial mRNA pseudouridine synthase RPUSD3,20210420,-
130825,121166090,CIDEC,-,-,-,Un,-,cell death inducing DFFA like effector c,protein-coding,-,-,-,cell death activator CIDE-3,20210420,-
130825,121166091,JAGN1,-,-,-,Un,-,jagunal homolog 1,protein-coding,-,-,-,protein jagunal homolog 1,20210420,-
130825,121166092,IL17RE,-,-,-,Un,-,interleukin 17 receptor E,protein-coding,-,-,-,interleukin-17 receptor E,20210420,-
130825,121166093,IL17RC,-,-,-,Un,-,interleukin 17 receptor C,protein-coding,-,-,-,interleukin-17 receptor C,20210420,-
130825,121166094,LOC121166094,-,-,-,Un,-,phosphoglycerate mutase 1-like,pseudo,-,-,-,-,20210420,-
130825,121166095,CRELD1,-,-,-,Un,-,cysteine rich with EGF like domains 1,protein-coding,-,-,-,protein disulfide isomerase CRELD1,20210420,-
130825,121166096,EMC3,-,-,-,Un,-,ER membrane protein complex subunit 3,protein-coding,-,-,-,ER membrane protein complex subunit 3,20210420,-
130825,121166097,FANCD2,-,-,-,Un,-,FA complementation group D2,protein-coding,-,-,-,Fanconi anemia group D2 protein,20210420,-
130825,121166098,BRK1,-,-,-,Un,-,BRICK1 subunit of SCAR/WAVE actin nucleating complex,protein-coding,-,-,-,protein BRICK1,20210420,-
130825,121166099,VHL,-,-,-,Un,-,von Hippel-Lindau tumor suppressor,protein-coding,-,-,-,von Hippel-Lindau disease tumor suppressor,20210420,-
130825,121166100,TRIQK,-,-,-,Un,-,triple QxxK/R motif containing,protein-coding,-,-,-,triple QxxK/R motif-containing protein,20210420,-
130825,121166101,IRAK2,-,-,-,Un,-,interleukin 1 receptor associated kinase 2,protein-coding,-,-,-,interleukin-1 receptor-associated kinase-like 2,20210420,-
130825,121166102,TATDN2,-,-,-,Un,-,TatD DNase domain containing 2,protein-coding,-,-,-,putative deoxyribonuclease TATDN2,20210420,-
130825,121166103,SEC13,-,-,-,Un,-,"SEC13 homolog, nuclear pore and COPII coat complex component",protein-coding,-,-,-,protein SEC13 homolog,20210420,-
130825,121166104,ATP2B2,-,-,-,Un,-,ATPase plasma membrane Ca2+ transporting 2,protein-coding,-,-,-,plasma membrane calcium-transporting ATPase 2,20210529,-
130825,121166105,LOC121166105,-,-,-,Un,-,uncharacterized LOC121166105,ncRNA,-,-,-,-,20210420,-
130825,121166106,ATG7,-,-,-,Un,-,autophagy related 7,protein-coding,-,-,-,ubiquitin-like modifier-activating enzyme ATG7,20210420,-
130825,121166107,LOC121166107,-,-,-,Un,-,"cytochrome c oxidase subunit 7A2, mitochondrial-like",pseudo,-,-,-,-,20210420,-
130825,121166108,HRH1,-,-,-,Un,-,histamine receptor H1,protein-coding,-,-,-,histamine H1 receptor,20210420,-
130825,121166109,VGLL4,-,-,-,Un,-,vestigial like family member 4,protein-coding,-,-,-,transcription cofactor vestigial-like protein 4,20210420,-
130825,121166110,LOC121166110,-,-,-,Un,-,uncharacterized LOC121166110,ncRNA,-,-,-,-,20210420,-
130825,121166111,LOC121166111,-,-,-,Un,-,uncharacterized LOC121166111,ncRNA,-,-,-,-,20210420,-
130825,121166112,TAMM41,-,-,-,Un,-,TAM41 mitochondrial translocator assembly and maintenance homolog,protein-coding,-,-,-,"phosphatidate cytidylyltransferase, mitochondrial",20210420,-
130825,121166113,SYN2,-,-,-,Un,-,synapsin II,protein-coding,-,-,-,synapsin-2,20210420,-
130825,121166114,TIMP4,-,-,-,Un,-,TIMP metallopeptidase inhibitor 4,protein-coding,-,-,-,metalloproteinase inhibitor 4,20210420,-
130825,121166115,PPARG,-,-,-,Un,-,peroxisome proliferator activated receptor gamma,protein-coding,-,-,-,peroxisome proliferator-activated receptor gamma,20210420,-
130825,121166116,CDH17,-,-,-,Un,-,cadherin 17,protein-coding,-,-,-,cadherin-17,20210420,-
130825,121166117,TSEN2,-,-,-,Un,-,tRNA splicing endonuclease subunit 2,protein-coding,-,-,-,tRNA-splicing endonuclease subunit Sen2,20210420,-
130825,121166118,RAF1,-,-,-,Un,-,"Raf-1 proto-oncogene, serine/threonine kinase",protein-coding,-,-,-,RAF proto-oncogene serine/threonine-protein kinase,20210420,-
130825,121166119,MKRN2,-,-,-,Un,-,makorin ring finger protein 2,protein-coding,-,-,-,probable E3 ubiquitin-protein ligase makorin-2,20210420,-
130825,121166120,LOC121166120,-,-,-,Un,-,uncharacterized LOC121166120,ncRNA,-,-,-,-,20210420,-
130825,121166121,CAND2,-,-,-,Un,-,cullin associated and neddylation dissociated 2 (putative),protein-coding,-,-,-,cullin-associated NEDD8-dissociated protein 2,20210420,-
130825,121166122,RPL32,-,-,-,Un,-,ribosomal protein L32,protein-coding,-,-,-,60S ribosomal protein L32,20210420,-
130825,121166123,MBD4,-,-,-,Un,-,"methyl-CpG binding domain 4, DNA glycosylase",protein-coding,-,-,-,methyl-CpG-binding domain protein 4,20210420,-
130825,121166124,ESRP1,-,-,-,Un,-,epithelial splicing regulatory protein 1,protein-coding,-,-,-,epithelial splicing regulatory protein 1,20210420,-
130825,121166125,IFT122,-,-,-,Un,-,intraflagellar transport 122,protein-coding,-,-,-,intraflagellar transport protein 122 homolog,20210420,-
130825,121166126,PLXND1,-,-,-,Un,-,plexin D1,protein-coding,-,-,-,LOW QUALITY PROTEIN: plexin-D1,20210420,-
130825,121166127,TMCC1,-,-,-,Un,-,transmembrane and coiled-coil domain family 1,protein-coding,-,-,-,transmembrane and coiled-coil domains protein 1,20210420,-
130825,121166128,FGD5,-,-,-,Un,-,"FYVE, RhoGEF and PH domain containing 5",protein-coding,-,-,-,"FYVE, RhoGEF and PH domain-containing protein 5",20210420,-
130825,121166129,RBSN,-,-,-,Un,-,"rabenosyn, RAB effector",protein-coding,-,-,-,rabenosyn-5,20210420,-
130825,121166130,NR2C2,-,-,-,Un,-,nuclear receptor subfamily 2 group C member 2,protein-coding,-,-,-,nuclear receptor subfamily 2 group C member 2,20210420,-
130825,121166131,GRM6,-,-,-,Un,-,glutamate metabotropic receptor 6,protein-coding,-,-,-,metabotropic glutamate receptor 6,20210420,-
130825,121166132,MRPS25,-,-,-,Un,-,mitochondrial ribosomal protein S25,protein-coding,-,-,-,"28S ribosomal protein S25, mitochondrial",20210420,-
130825,121166133,LOC121166133,-,-,-,Un,-,uncharacterized protein C3orf20-like,protein-coding,-,-,-,uncharacterized protein C3orf20-like,20210420,-
130825,121166134,CCDC174,-,-,-,Un,-,coiled-coil domain containing 174,protein-coding,-,-,-,coiled-coil domain-containing protein 174,20210420,-
130825,121166135,SLC6A6,-,-,-,Un,-,solute carrier family 6 member 6,protein-coding,-,-,-,sodium- and chloride-dependent taurine transporter,20210420,-
130825,121166136,XPC,-,-,-,Un,-,"XPC complex subunit, DNA damage recognition and repair factor",protein-coding,-,-,-,DNA repair protein complementing XP-C cells,20210420,-
130825,121166137,LOC121166137,-,-,-,Un,-,acidic leucine-rich nuclear phosphoprotein 32 family member A-like,pseudo,-,-,-,-,20210420,-
130825,121166138,TMEM43,-,-,-,Un,-,transmembrane protein 43,protein-coding,-,-,-,transmembrane protein 43,20210420,-
130825,121166139,CHCHD4,-,-,-,Un,-,coiled-coil-helix-coiled-coil-helix domain containing 4,protein-coding,-,-,-,mitochondrial intermembrane space import and assembly protein 40,20210420,-
130825,121166140,TCAIM,-,-,-,Un,-,"T cell activation inhibitor, mitochondrial",protein-coding,-,-,-,"T-cell activation inhibitor, mitochondrial",20210420,-
130825,121166141,LOC121166141,-,-,-,Un,-,60S ribosomal protein L9-like,pseudo,-,-,-,-,20210420,-
130825,121166142,CUNH3orf86,-,-,-,Un,-,chromosome unknown C3orf86 homolog,protein-coding,-,-,-,uncharacterized protein C3orf86 homolog,20210420,-
130825,121166143,DIAPH1,-,-,-,Un,-,diaphanous related formin 1,protein-coding,-,-,-,protein diaphanous homolog 1,20210420,-
130825,121166144,SLC36A1,-,-,-,Un,-,solute carrier family 36 member 1,protein-coding,-,-,-,proton-coupled amino acid transporter 1,20210420,-
130825,121166145,ZNF445,-,-,-,Un,-,zinc finger protein 445,protein-coding,-,-,-,zinc finger protein 445,20210420,-
130825,121166146,LOC121166146,-,-,-,Un,-,uncharacterized LOC121166146,ncRNA,-,-,-,-,20210420,-
130825,121166147,ZNF35,-,-,-,Un,-,zinc finger protein 35,protein-coding,-,-,-,zinc finger protein 35,20210420,-
130825,121166148,ZNF660,-,-,-,Un,-,zinc finger protein 660,protein-coding,-,-,-,zinc finger protein 660,20210420,-
130825,121166149,ACAD9,-,-,-,Un,-,acyl-CoA dehydrogenase family member 9,protein-coding,-,-,-,"complex I assembly factor ACAD9, mitochondrial",20210420,-
130825,121166150,GP9,-,-,-,Un,-,glycoprotein IX platelet,protein-coding,-,-,-,platelet glycoprotein IX,20210420,-
130825,121166151,LOC121166151,-,-,-,Un,-,pre-mRNA-splicing factor ISY1 homolog,protein-coding,-,-,-,pre-mRNA-splicing factor ISY1 homolog,20210420,-
130825,121166152,LOC121166152,-,-,-,Un,-,uncharacterized LOC121166152,ncRNA,-,-,-,-,20210420,-
130825,121166153,RAB43,-,-,-,Un,-,"RAB43, member RAS oncogene family",protein-coding,-,-,-,ras-related protein Rab-43,20210420,-
130825,121166154,LOC121166154,-,-,-,Un,-,CCHC-type zinc finger nucleic acid binding protein,protein-coding,-,-,-,cellular nucleic acid-binding protein,20210605,-
130825,121166155,LOC121166155,-,-,-,Un,-,60S ribosomal protein L27-like,pseudo,-,-,-,-,20210420,-
130825,121166156,COPG1,-,-,-,Un,-,COPI coat complex subunit gamma 1,protein-coding,-,-,-,coatomer subunit gamma-1,20210420,-
130825,121166157,HMCES,-,-,-,Un,-,"5-hydroxymethylcytosine binding, ES cell specific",protein-coding,-,-,-,abasic site processing protein HMCES,20210420,-
130825,121166158,RAB7A,-,-,-,Un,-,"RAB7A, member RAS oncogene family",protein-coding,-,-,-,ras-related protein Rab-7a,20210501,-
130825,121166159,RPN1,-,-,-,Un,-,ribophorin I,protein-coding,-,-,-,dolichyl-diphosphooligosaccharide--protein glycosyltransferase subunit 1,20210420,-
130825,121166160,GATA2,-,-,-,Un,-,GATA binding protein 2,protein-coding,-,-,-,endothelial transcription factor GATA-2,20210420,-
130825,121166161,EEFSEC,-,-,-,Un,-,"eukaryotic elongation factor, selenocysteine-tRNA specific",protein-coding,-,-,-,selenocysteine-specific elongation factor,20210420,-
130825,121166162,RUVBL1,-,-,-,Un,-,RuvB like AAA ATPase 1,protein-coding,-,-,-,ruvB-like 1,20210420,-
130825,121166163,MMP16,-,-,-,Un,-,matrix metallopeptidase 16,protein-coding,-,-,-,matrix metalloproteinase-16,20210420,-
130825,121166164,SEC61A1,-,-,-,Un,-,SEC61 translocon subunit alpha 1,protein-coding,-,-,-,protein transport protein Sec61 subunit alpha,20210420,-
130825,121166165,ABTB1,-,-,-,Un,-,ankyrin repeat and BTB domain containing 1,protein-coding,-,-,-,ankyrin repeat and BTB/POZ domain-containing protein 1,20210420,-
130825,121166166,PODXL2,-,-,-,Un,-,podocalyxin like 2,protein-coding,-,-,-,podocalyxin-like protein 2,20210420,-
130825,121166167,MGLL,-,-,-,Un,-,monoglyceride lipase,protein-coding,-,-,-,monoglyceride lipase,20210420,-
130825,121166168,MCM2,-,-,-,Un,-,minichromosome maintenance complex component 2,protein-coding,-,-,-,DNA replication licensing factor MCM2,20210420,-
130825,121166169,TPRA1,-,-,-,Un,-,transmembrane protein adipocyte associated 1,protein-coding,-,-,-,transmembrane protein adipocyte-associated 1,20210420,-
130825,121166170,PLXNA1,-,-,-,Un,-,plexin A1,protein-coding,-,-,-,plexin-A1,20210420,-
130825,121166171,LOC121166171,-,-,-,Un,-,60S ribosomal protein L36a-like,pseudo,-,-,-,-,20210420,-
130825,121166172,ZXDC,-,-,-,Un,-,ZXD family zinc finger C,protein-coding,-,-,-,zinc finger protein ZXDC,20210420,-
130825,121166173,KLF15,-,-,-,Un,-,Kruppel like factor 15,protein-coding,-,-,-,Krueppel-like factor 15,20210420,-
130825,121166174,ALDH1L1,-,-,-,Un,-,aldehyde dehydrogenase 1 family member L1,protein-coding,-,-,-,cytosolic 10-formyltetrahydrofolate dehydrogenase,20210420,-
130825,121166175,SLC41A3,-,-,-,Un,-,solute carrier family 41 member 3,protein-coding,-,-,-,solute carrier family 41 member 3,20210420,-
130825,121166176,LOC121166176,-,-,-,Un,-,U1 spliceosomal RNA,pseudo,-,-,-,-,20210420,-
130825,121166177,LOC121166177,-,-,-,Un,-,U2 spliceosomal RNA,pseudo,-,-,-,-,20210420,-
130825,121166178,LOC121166178,-,-,-,Un,-,U2 spliceosomal RNA,pseudo,-,-,-,-,20210420,-
130825,121166179,LOC121166179,-,-,-,Un,-,U2 spliceosomal RNA,pseudo,-,-,-,-,20210420,-
130825,121166180,LOC121166180,-,-,-,Un,-,U2 spliceosomal RNA,pseudo,-,-,-,-,20210420,-
130825,121166181,LOC121166181,-,-,-,Un,-,etoposide-induced protein 2.4 homolog,pseudo,-,-,-,-,20210420,-
130825,121166182,LOC121166182,-,-,-,Un,-,U2 spliceosomal RNA,pseudo,-,-,-,-,20210420,-
130825,121166183,LOC121166183,-,-,-,Un,-,small nucleolar RNA U3,snoRNA,-,-,-,-,20210420,-
130825,121166184,LOC121166184,-,-,-,Un,-,small nucleolar RNA U3,pseudo,-,-,-,-,20210420,-
130825,121166185,LOC121166185,-,-,-,Un,-,U4 spliceosomal RNA,snRNA,-,-,-,-,20210420,-
130825,121166186,LOC121166186,-,-,-,Un,-,U6 spliceosomal RNA,snRNA,-,-,-,-,20210420,-
130825,121166187,LOC121166187,-,-,-,Un,-,U6 spliceosomal RNA,snRNA,-,-,-,-,20210420,-
130825,121166188,LOC121166188,-,-,-,Un,-,U6 spliceosomal RNA,snRNA,-,-,-,-,20210420,-
130825,121166189,LOC121166189,-,-,-,Un,-,U6 spliceosomal RNA,snRNA,-,-,-,-,20210420,-
130825,121166190,LOC121166190,-,-,-,Un,-,U6 spliceosomal RNA,snRNA,-,-,-,-,20210420,-
130825,121166191,LOC121166191,-,-,-,Un,-,U6 spliceosomal RNA,snRNA,-,-,-,-,20210420,-
130825,121166192,LOC121166192,-,-,-,Un,-,U6 spliceosomal RNA,snRNA,-,-,-,-,20210420,-
130825,121166193,LOC121166193,-,-,-,Un,-,U6 spliceosomal RNA,pseudo,-,-,-,-,20210420,-
130825,121166194,LOC121166194,-,-,-,Un,-,U6 spliceosomal RNA,snRNA,-,-,-,-,20210420,-
130825,121166195,LOC121166195,-,-,-,Un,-,U6 spliceosomal RNA,snRNA,-,-,-,-,20210420,-
130825,121166196,LOC121166196,-,-,-,Un,-,U6 spliceosomal RNA,snRNA,-,-,-,-,20210420,-
130825,121166197,LOC121166197,-,-,-,Un,-,translation machinery-associated protein 7-like,protein-coding,-,-,-,translation machinery-associated protein 7-like,20210420,-
130825,121166198,LOC121166198,-,-,-,Un,-,U6 spliceosomal RNA,snRNA,-,-,-,-,20210420,-
130825,121166199,LOC121166199,-,-,-,Un,-,U6 spliceosomal RNA,snRNA,-,-,-,-,20210420,-
130825,121166200,LOC121166200,-,-,-,Un,-,U6 spliceosomal RNA,snRNA,-,-,-,-,20210420,-
130825,121166201,LOC121166201,-,-,-,Un,-,small nucleolar RNA SNORA62/SNORA6 family,snoRNA,-,-,-,-,20210420,-
130825,121166202,LOC121166202,-,-,-,Un,-,small nucleolar RNA SNORA62/SNORA6 family,snoRNA,-,-,-,-,20210420,-
130825,121166203,LOC121166203,-,-,-,Un,-,small nucleolar RNA SNORD49,snoRNA,-,-,-,-,20210420,-
130825,121166204,LOC121166204,-,-,-,Un,-,small nucleolar RNA SNORA42/SNORA80 family,snoRNA,-,-,-,-,20210420,-
130825,121166205,LOC121166205,-,-,-,Un,-,small nucleolar RNA U2-19,snoRNA,-,-,-,-,20210420,-
130825,121166206,LOC121166206,-,-,-,Un,-,small nucleolar RNA SNORD19,snoRNA,-,-,-,-,20210420,-
130825,121166207,LOC121166207,-,-,-,Un,-,small nucleolar RNA SNORD69,snoRNA,-,-,-,-,20210420,-
130825,121166208,LOC121166208,-,-,-,Un,-,small nucleolar RNA SNORA77,snoRNA,-,-,-,-,20210420,-
130825,121166209,LOC121166209,-,-,-,Un,-,small nucleolar RNA SNORD19B,snoRNA,-,-,-,-,20210420,-
130825,121166210,TRNAR-ACG,-,-,-,Un,-,transfer RNA arginine (anticodon ACG),tRNA,-,-,-,-,20210420,-
130825,121166211,LOC121166211,-,-,-,Un,-,kinesin-like protein KIF13B,protein-coding,-,-,-,kinesin-like protein KIF13B,20210420,-
130825,121166212,LOC121166212,-,-,-,Un,-,BRD4-interacting chromatin-remodeling complex-associated protein-like,pseudo,-,-,-,-,20210420,-
130825,121166213,SLC7A13,-,-,-,Un,-,solute carrier family 7 member 13,protein-coding,-,-,-,solute carrier family 7 member 13,20210420,-
130825,121166214,LOC121166214,-,-,-,Un,-,putative vomeronasal receptor-like protein 4,pseudo,-,-,-,-,20210420,-
130825,121166215,LOC121166215,-,-,-,Un,-,phosphatidylinositol transfer protein beta isoform-like,pseudo,-,-,-,-,20210420,-
130825,121166216,LOC121166216,-,-,-,Un,-,putative vomeronasal receptor-like protein 4,protein-coding,-,-,-,putative vomeronasal receptor-like protein 4,20210420,-
130825,121166217,LOC121166217,-,-,-,Un,-,vomeronasal type-1 receptor 4-like,protein-coding,-,-,-,vomeronasal type-1 receptor 4-like,20210420,-
130825,121166218,LOC121166218,-,-,-,Un,-,putative vomeronasal receptor-like protein 4,protein-coding,-,-,-,putative vomeronasal receptor-like protein 4,20210420,-
130825,121166219,LOC121166219,-,-,-,Un,-,putative vomeronasal receptor-like protein 4,protein-coding,-,-,-,putative vomeronasal receptor-like protein 4,20210420,-
130825,121166220,LOC121166220,-,-,-,Un,-,inositol polyphosphate multikinase-like,pseudo,-,-,-,-,20210420,-
130825,121166221,LOC121166221,-,-,-,Un,-,G-protein coupled receptor family C group 5 member C-like,protein-coding,-,-,-,LOW QUALITY PROTEIN: G-protein coupled receptor family C group 5 member C-like,20210420,-
130825,121166222,LOC121166222,-,-,-,Un,-,putative vomeronasal receptor-like protein 4,protein-coding,-,-,-,putative vomeronasal receptor-like protein 4,20210420,-
130825,121166223,LOC121166223,-,-,-,Un,-,putative vomeronasal receptor-like protein 4,protein-coding,-,-,-,LOW QUALITY PROTEIN: putative vomeronasal receptor-like protein 4,20210420,-
130825,121166224,ATP6V0D2,-,-,-,Un,-,ATPase H+ transporting V0 subunit d2,protein-coding,-,-,-,V-type proton ATPase subunit d 2,20210420,-
130825,121166225,LOC121166225,-,-,-,Un,-,vomeronasal type-1 receptor 100-like,pseudo,-,-,-,-,20210420,-
130825,121166226,LOC121166226,-,-,-,Un,-,putative vomeronasal receptor-like protein 4,pseudo,-,-,-,-,20210420,-
130825,121166227,LOC121166227,-,-,-,Un,-,U6 spliceosomal RNA,snRNA,-,-,-,-,20210420,-
130825,121166228,LOC121166228,-,-,-,Un,-,U6 spliceosomal RNA,snRNA,-,-,-,-,20210420,-
130825,121166229,TRNAV-AAC,-,-,-,Un,-,transfer RNA valine (anticodon AAC),tRNA,-,-,-,-,20210420,-
130825,121166230,LOC121166230,-,-,-,Un,-,putative vomeronasal receptor-like protein 4,protein-coding,-,-,-,putative vomeronasal receptor-like protein 4,20210420,-
130825,121166231,LOC121166231,-,-,-,Un,-,U6 spliceosomal RNA,snRNA,-,-,-,-,20210420,-
130825,121166232,TRNAA-AGC,-,-,-,Un,-,transfer RNA alanine (anticodon AGC),tRNA,-,-,-,-,20210420,-
130825,121166233,TRNAS-GCU,-,-,-,Un,-,transfer RNA serine (anticodon GCU),tRNA,-,-,-,-,20210420,-
130825,121166234,LOC121166234,-,-,-,Un,-,putative vomeronasal receptor-like protein 4,protein-coding,-,-,-,putative vomeronasal receptor-like protein 4,20210420,-
130825,121166235,LOC121166235,-,-,-,Un,-,putative vomeronasal receptor-like protein 4,protein-coding,-,-,-,putative vomeronasal receptor-like protein 4,20210420,-
130825,121166236,LOC121166236,-,-,-,Un,-,methyl-CpG-binding domain protein 3-like 2,protein-coding,-,-,-,methyl-CpG-binding domain protein 3-like 2,20210420,-
130825,121166237,PSKH2,-,-,-,Un,-,protein serine kinase H2,protein-coding,-,-,-,serine/threonine-protein kinase H2,20210420,-
130825,121166238,LOC121166238,-,-,-,Un,-,methyl-CpG-binding domain protein 3-like 2,protein-coding,-,-,-,methyl-CpG-binding domain protein 3-like 2,20210420,-
130825,121166239,LOC121166239,-,-,-,Un,-,transcription factor SOX-2-like,pseudo,-,-,-,-,20210420,-
130825,121166240,LOC121166240,-,-,-,Un,-,ubl carboxyl-terminal hydrolase 18-like,pseudo,-,-,-,-,20210420,-
130825,121166241,LOC121166241,-,-,-,Un,-,uncharacterized LOC121166241,protein-coding,-,-,-,uncharacterized protein LOC121166241,20210420,-
130825,121166242,LOC121166242,-,-,-,Un,-,uncharacterized LOC121166242,ncRNA,-,-,-,-,20210420,-
130825,121166243,LOC121166243,-,-,-,Un,-,uncharacterized LOC121166243,ncRNA,-,-,-,-,20210420,-
130825,121166244,LOC121166244,-,-,-,Un,-,uncharacterized LOC121166244,ncRNA,-,-,-,-,20210420,-
130825,121166245,LOC121166245,-,-,-,Un,-,uncharacterized LOC121166245,ncRNA,-,-,-,-,20210420,-
130825,121166246,LOC121166246,-,-,-,Un,-,focal adhesion kinase 1-like,protein-coding,-,-,-,focal adhesion kinase 1-like,20210420,-
130825,121166247,LOC121166247,-,-,-,Un,-,U2 spliceosomal RNA,pseudo,-,-,-,-,20210420,-
130825,121166248,LOC121166248,-,-,-,Un,-,uncharacterized LOC121166248,ncRNA,-,-,-,-,20210420,-
130825,121166249,LOC121166249,-,-,-,Un,-,zinc finger C2HC domain-containing protein 1A,protein-coding,-,-,-,zinc finger C2HC domain-containing protein 1A,20210420,-
130825,121166250,LOC121166250,-,-,-,Un,-,TM2 domain-containing protein 3,protein-coding,-,-,-,TM2 domain-containing protein 3,20210420,-
130825,121166251,LOC121166251,-,-,-,Un,-,U6 spliceosomal RNA,snRNA,-,-,-,-,20210420,-
130825,121166252,LOC121166252,-,-,-,Un,-,"RNA transcription, translation and transport factor protein",protein-coding,-,-,-,"RNA transcription, translation and transport factor protein",20210420,-
130825,121166253,LOC121166253,-,-,-,Un,-,nidogen-2-like,protein-coding,-,-,-,nidogen-2-like,20210420,-
130825,121166254,LOC121166254,-,-,-,Un,-,structural maintenance of chromosomes protein 6,protein-coding,-,-,-,structural maintenance of chromosomes protein 6,20210420,-
130825,121166255,CA3,-,-,-,Un,-,carbonic anhydrase 3,protein-coding,-,-,-,carbonic anhydrase 3,20210420,-
130825,121166256,LOC121166256,-,-,-,Un,-,flap endonuclease GEN homolog 1-like,protein-coding,-,-,-,flap endonuclease GEN homolog 1-like,20210420,-
130825,121166257,LOC121166257,-,-,-,Un,-,urocortin-like,protein-coding,-,-,-,urocortin-like,20210420,-
130825,121166258,LOC121166258,-,-,-,Un,-,tripartite motif-containing protein 54-like,protein-coding,-,-,-,tripartite motif-containing protein 54-like,20210420,-
130825,121166259,LOC121166259,-,-,-,Un,-,STAGA complex 65 subunit gamma-like,protein-coding,-,-,-,STAGA complex 65 subunit gamma-like,20210420,-
130825,121166260,LOC121166260,-,-,-,Un,-,fibronectin type III domain-containing protein 4,protein-coding,-,-,-,fibronectin type III domain-containing protein 4,20210420,-
130825,121166261,LOC121166261,-,-,-,Un,-,glucokinase regulatory protein-like,protein-coding,-,-,-,LOW QUALITY PROTEIN: glucokinase regulatory protein-like,20210420,-
130825,121166262,LOC121166262,-,-,-,Un,-,coiled-coil domain-containing protein 121-like,protein-coding,-,-,-,coiled-coil domain-containing protein 121-like,20210420,-
130825,121166263,CA13,-,-,-,Un,-,carbonic anhydrase 13,protein-coding,-,-,-,carbonic anhydrase 13,20210420,-
130825,121166264,LOC121166264,-,-,-,Un,-,"phospholipase B1, membrane-associated-like",protein-coding,-,-,-,"phospholipase B1, membrane-associated-like",20210420,-
130825,121166265,LOC121166265,-,-,-,Un,-,dnaJ homolog subfamily C member 5G-like,protein-coding,-,-,-,dnaJ homolog subfamily C member 5G-like,20210420,-
130825,121166266,LOC121166266,-,-,-,Un,-,protein Mpv17,protein-coding,-,-,-,protein Mpv17,20210420,-
130825,121166267,LOC121166267,-,-,-,Un,-,general transcription factor 3C polypeptide 2,protein-coding,-,-,-,general transcription factor 3C polypeptide 2,20210420,-
130825,121166268,LOC121166268,-,-,-,Un,-,zinc finger protein 513,protein-coding,-,-,-,zinc finger protein 513,20210420,-
130825,121166269,LOC121166269,-,-,-,Un,-,translation initiation factor eIF-2B subunit delta,protein-coding,-,-,-,translation initiation factor eIF-2B subunit delta,20210420,-
130825,121166270,LOC121166270,-,-,-,Un,-,ubiquitin-like protein FUBI,protein-coding,-,-,-,ubiquitin-like protein FUBI,20210420,-
130825,121166271,LOC121166271,-,-,-,Un,-,sorting nexin-17,protein-coding,-,-,-,sorting nexin-17,20210420,-
130825,121166272,LOC121166272,-,-,-,Un,-,protein phosphatase 1G,protein-coding,-,-,-,protein phosphatase 1G,20210420,-
130825,121166273,LOC121166273,-,-,-,Un,-,nuclear receptor-binding protein-like,protein-coding,-,-,-,nuclear receptor-binding protein-like,20210420,-
130825,121166274,CHMP4C,-,-,-,Un,-,charged multivesicular body protein 4C,protein-coding,-,-,-,charged multivesicular body protein 4c,20210420,-
130825,121166275,LOC121166275,-,-,-,Un,-,intraflagellar transport protein 172 homolog,protein-coding,-,-,-,intraflagellar transport protein 172 homolog,20210420,-
130825,121166276,LOC121166276,-,-,-,Un,-,keratinocyte-associated protein 3-like,protein-coding,-,-,-,keratinocyte-associated protein 3-like,20210420,-
130825,121166277,LOC121166277,-,-,-,Un,-,zinc finger protein 512,protein-coding,-,-,-,zinc finger protein 512,20210420,-
130825,121166278,LOC121166278,-,-,-,Un,-,GPN-loop GTPase 1,protein-coding,-,-,-,GPN-loop GTPase 1,20210420,-
130825,121166279,LOC121166279,-,-,-,Un,-,kanadaptin-like,protein-coding,-,-,-,kanadaptin-like,20210420,-
130825,121166280,LOC121166280,-,-,-,Un,-,"39S ribosomal protein L33, mitochondrial",protein-coding,-,-,-,"39S ribosomal protein L33, mitochondrial",20210420,-
130825,121166281,LOC121166281,-,-,-,Un,-,uncharacterized LOC121166281,ncRNA,-,-,-,-,20210420,-
130825,121166282,LOC121166282,-,-,-,Un,-,ribokinase,protein-coding,-,-,-,ribokinase,20210420,-
130825,121166283,LOC121166283,-,-,-,Un,-,BRISC and BRCA1-A complex member 2,protein-coding,-,-,-,BRISC and BRCA1-A complex member 2,20210420,-
130825,121166284,LOC121166284,-,-,-,Un,-,60S ribosomal protein L23-like,pseudo,-,-,-,-,20210420,-
130825,121166285,LOC121166285,-,-,-,Un,-,uncharacterized LOC121166285,ncRNA,-,-,-,-,20210420,-
130825,121166286,LOC121166286,-,-,-,Un,-,fos-related antigen 2,protein-coding,-,-,-,fos-related antigen 2,20210420,-
130825,121166287,SLC10A5,-,-,-,Un,-,solute carrier family 10 member 5,protein-coding,-,-,-,sodium/bile acid cotransporter 5,20210420,-
130825,121166288,LOC121166288,-,-,-,Un,-,U6 spliceosomal RNA,snRNA,-,-,-,-,20210420,-
130825,121166289,LOC121166289,-,-,-,Un,-,transmembrane protein 178A,protein-coding,-,-,-,transmembrane protein 178A,20210420,-
130825,121166290,LOC121166290,-,-,-,Un,-,THUMP domain-containing protein 2-like,protein-coding,-,-,-,THUMP domain-containing protein 2-like,20210420,-
130825,121166291,LOC121166291,-,-,-,Un,-,sodium/calcium exchanger 1-like,protein-coding,-,-,-,sodium/calcium exchanger 1-like,20210420,-
130825,121166292,LOC121166292,-,-,-,Un,-,small nucleolar RNA ACA64,snoRNA,-,-,-,-,20210420,-
130825,121166293,LOC121166293,-,-,-,Un,-,E3 ubiquitin-protein ligase FANCL,protein-coding,-,-,-,E3 ubiquitin-protein ligase FANCL,20210420,-
130825,121166294,FABP12,-,-,-,Un,-,fatty acid binding protein 12,protein-coding,-,-,-,fatty acid-binding protein 12,20210420,-
130825,121166295,LOC121166295,-,-,-,Un,-,uncharacterized LOC121166295,ncRNA,-,-,-,-,20210420,-
130825,121166296,LOC121166296,-,-,-,Un,-,uncharacterized LOC121166296,protein-coding,-,-,-,uncharacterized protein LOC121166296,20210420,-
130825,121166297,LOC121166297,-,-,-,Un,-,zinc finger and BTB domain-containing protein 10-like,protein-coding,-,-,-,zinc finger and BTB domain-containing protein 10-like,20210420,-
130825,121166298,SLC36A2,-,-,-,Un,-,solute carrier family 36 member 2,protein-coding,-,-,-,proton-coupled amino acid transporter 2,20210420,-
130825,121166299,LOC121166299,-,-,-,Un,-,lysine-rich coiled-coil protein 1-like,protein-coding,-,-,-,lysine-rich coiled-coil protein 1-like,20210420,-
130825,121166300,LOC121166300,-,-,-,Un,-,secernin-3-like,protein-coding,-,-,-,secernin-3-like,20210420,-
130825,121166301,LOC121166301,-,-,-,Un,-,growth factor receptor-bound protein 14-like,protein-coding,-,-,-,growth factor receptor-bound protein 14-like,20210420,-
130825,121166302,LOC121166302,-,-,-,Un,-,uncharacterized LOC121166302,ncRNA,-,-,-,-,20210420,-
130825,121166303,LOC121166303,-,-,-,Un,-,CASP8 and FADD-like apoptosis regulator,protein-coding,-,-,-,CASP8 and FADD-like apoptosis regulator,20210420,-
130825,121166304,LOC121166304,-,-,-,Un,-,caspase-10-like,pseudo,-,-,-,-,20210420,-
130825,121166305,LOC121166305,-,-,-,Un,-,isocitrate dehydrogenase [NADP] cytoplasmic,protein-coding,-,-,-,isocitrate dehydrogenase [NADP] cytoplasmic,20210420,-
130825,121166306,LOC121166306,-,-,-,Un,-,leucine-rich repeat and coiled-coil domain-containing protein 1-like,protein-coding,-,-,-,leucine-rich repeat and coiled-coil domain-containing protein 1-like,20210420,-
130825,121166307,LOC121166307,-,-,-,Un,-,60S ribosomal protein L36-like,protein-coding,-,-,-,60S ribosomal protein L36-like,20210420,-
130825,121166308,LOC121166308,-,-,-,Un,-,"fatty acid-binding protein, adipocyte",protein-coding,-,-,-,"fatty acid-binding protein 9|fatty acid-binding protein, adipocyte",20210420,-
130825,121166309,LOC121166309,-,-,-,Un,-,inositol polyphosphate 4-phosphatase type II-like,protein-coding,-,-,-,inositol polyphosphate 4-phosphatase type II-like,20210420,-
130825,121166310,LOC121166310,-,-,-,Un,-,uncharacterized LOC121166310,ncRNA,-,-,-,-,20210420,-
130825,121166311,LOC121166311,-,-,-,Un,-,Bardet-Biedl syndrome 7 protein,protein-coding,-,-,-,Bardet-Biedl syndrome 7 protein,20210420,-
130825,121166312,LOC121166312,-,-,-,Un,-,cyclin-A2,protein-coding,-,-,-,cyclin-A2,20210420,-
130825,121166313,LOC121166313,-,-,-,Un,-,uncharacterized LOC121166313,ncRNA,-,-,-,-,20210420,-
130825,121166314,LOC121166314,-,-,-,Un,-,U2 spliceosomal RNA,pseudo,-,-,-,-,20210420,-
130825,121166315,LOC121166315,-,-,-,Un,-,hematopoietic prostaglandin D synthase-like,protein-coding,-,-,-,hematopoietic prostaglandin D synthase-like,20210420,-
130825,121166316,LOC121166316,-,-,-,Un,-,SWI/SNF-related matrix-associated actin-dependent regulator of chromatin subfamily A containing DEAD/H box 1-like,protein-coding,-,-,-,SWI/SNF-related matrix-associated actin-dependent regulator of chromatin subfamily A containing DEAD/H box 1-like,20210420,-
130825,121166317,LOC121166317,-,-,-,Un,-,mitochondrial import inner membrane translocase subunit Tim23-like,pseudo,-,-,-,-,20210420,-
130825,121166318,LOC121166318,-,-,-,Un,-,"4-hydroxybenzoate polyprenyltransferase, mitochondrial-like",protein-coding,-,-,-,"4-hydroxybenzoate polyprenyltransferase, mitochondrial-like",20210420,-
130825,121166319,LOC121166319,-,-,-,Un,-,AF4/FMR2 family member 1-like,protein-coding,-,-,-,AF4/FMR2 family member 1-like,20210420,-
130825,121166320,LOC121166320,-,-,-,Un,-,kelch-like protein 8,protein-coding,-,-,-,kelch-like protein 8,20210420,-
130825,121166321,LOC121166321,-,-,-,Un,-,heparanase-like,protein-coding,-,-,-,heparanase-like,20210420,-
130825,121166322,LOC121166322,-,-,-,Un,-,placenta-specific gene 8 protein-like,protein-coding,-,-,-,placenta-specific gene 8 protein-like,20210420,-
130825,121166323,LOC121166323,-,-,-,Un,-,uncharacterized LOC121166323,ncRNA,-,-,-,-,20210420,-
130825,121166324,LOC121166324,-,-,-,Un,-,COP9 signalosome complex subunit 4,protein-coding,-,-,-,COP9 signalosome complex subunit 4,20210420,-
130825,121166325,LOC121166325,-,-,-,Un,-,protein lin-54 homolog,protein-coding,-,-,-,protein lin-54 homolog,20210420,-
130825,121166326,LOC121166326,-,-,-,Un,-,myelin P2 protein,protein-coding,-,-,-,myelin P2 protein,20210420,-
130825,121166327,LOC121166327,-,-,-,Un,-,protein transport protein Sec31A-like,protein-coding,-,-,-,protein transport protein Sec31A-like,20210420,-
130825,121166328,LOC121166328,-,-,-,Un,-,U2 spliceosomal RNA,snRNA,-,-,-,-,20210420,-
130825,121166329,LOC121166329,-,-,-,Un,-,U6 spliceosomal RNA,snRNA,-,-,-,-,20210420,-
130825,121166330,LOC121166330,-,-,-,Un,-,homeodomain-only protein,protein-coding,-,-,-,homeodomain-only protein,20210420,-
130825,121166331,LOC121166331,-,-,-,Un,-,nibrin-like,protein-coding,-,-,-,nibrin-like,20210420,-
130825,121166332,LOC121166332,-,-,-,Un,-,uncharacterized LOC121166332,ncRNA,-,-,-,-,20210420,-
130825,121166333,LOC121166333,-,-,-,Un,-,nibrin-like,protein-coding,-,-,-,nibrin-like,20210420,-
130825,121166334,ZNF704,-,-,-,Un,-,zinc finger protein 704,protein-coding,-,-,-,zinc finger protein 704,20210420,-
130825,121166335,LOC121166335,-,-,-,Un,-,uncharacterized LOC121166335,ncRNA,-,-,-,-,20210420,-
130825,121166336,LOC121166336,-,-,-,Un,-,A disintegrin and metalloproteinase with thrombospondin motifs 2-like,protein-coding,-,-,-,A disintegrin and metalloproteinase with thrombospondin motifs 2-like,20210420,-
130825,121166337,LOC121166337,-,-,-,Un,-,TBC1 domain family member 9B-like,protein-coding,-,-,-,LOW QUALITY PROTEIN: TBC1 domain family member 9B-like,20210420,-
130825,121166338,LOC121166338,-,-,-,Un,-,TBC1 domain family member 9B-like,protein-coding,-,-,-,LOW QUALITY PROTEIN: TBC1 domain family member 9B-like,20210420,-
130825,121166339,LOC121166339,-,-,-,Un,-,nibrin-like,pseudo,-,-,-,-,20210420,-
130825,121166340,LOC121166340,-,-,-,Un,-,nibrin-like,pseudo,-,-,-,-,20210420,-
130825,121166341,LOC121166341,-,-,-,Un,-,alpha-taxilin-like,pseudo,-,-,-,-,20210420,-
130825,121166342,LOC121166342,-,-,-,Un,-,translation initiation factor IF-2-like,protein-coding,-,-,-,translation initiation factor IF-2-like,20210420,-
130825,121166343,LOC121166343,-,-,-,Un,-,A disintegrin and metalloproteinase with thrombospondin motifs 2-like,protein-coding,-,-,-,A disintegrin and metalloproteinase with thrombospondin motifs 2-like,20210420,-
130825,121166344,LOC121166344,-,-,-,Un,-,uncharacterized LOC121166344,ncRNA,-,-,-,-,20210420,-
130825,121166345,LOC121166345,-,-,-,Un,-,TBC1 domain family member 9B-like,protein-coding,-,-,-,LOW QUALITY PROTEIN: TBC1 domain family member 9B-like,20210420,-
130825,121166346,LOC121166346,-,-,-,Un,-,cytochrome P450 2C14-like,protein-coding,-,-,-,cytochrome P450 2C14-like|cytochrome P450 2C18-like,20210420,-
130825,121166347,LOC121166347,-,-,-,Un,-,"steroid 17-alpha-hydroxylase/17,20 lyase-like",protein-coding,-,-,-,"steroid 17-alpha-hydroxylase/17,20 lyase-like",20210420,-
130825,121166348,LOC121166348,-,-,-,Un,-,protein RRP5 homolog,protein-coding,-,-,-,protein RRP5 homolog,20210420,-
130825,121166349,LOC121166349,-,-,-,Un,-,transcription initiation factor TFIID subunit 5,protein-coding,-,-,-,transcription initiation factor TFIID subunit 5,20210420,-
130825,121166350,LOC121166350,-,-,-,Un,-,"ATP synthase membrane subunit K, mitochondrial-like",pseudo,-,-,-,-,20210420,-
130825,121166351,HEY1,-,-,-,Un,-,hes related family bHLH transcription factor with YRPW motif 1,protein-coding,-,-,-,hairy/enhancer-of-split related with YRPW motif protein 1,20210420,-
130825,121166352,LOC121166352,-,-,-,Un,-,40S ribosomal protein S29-like,pseudo,-,-,-,-,20210420,-
130825,121166353,LOC121166353,-,-,-,Un,-,uncharacterized LOC121166353,ncRNA,-,-,-,-,20210420,-
130825,121166354,LOC121166354,-,-,-,Un,-,transcription factor 7-like 2,protein-coding,-,-,-,transcription factor 7-like 2,20210420,-
130825,121166355,LOC121166355,-,-,-,Un,-,uncharacterized LOC121166355,ncRNA,-,-,-,-,20210420,-
130825,121166356,LOC121166356,-,-,-,Un,-,transcription factor 7-like 2,protein-coding,-,-,-,transcription factor 7-like 2,20210420,-
130825,121166357,LOC121166357,-,-,-,Un,-,CDK2-associated and cullin domain-containing protein 1,protein-coding,-,-,-,CDK2-associated and cullin domain-containing protein 1,20210420,-
130825,121166358,LOC121166358,-,-,-,Un,-,deleted in malignant brain tumors 1 protein-like,protein-coding,-,-,-,deleted in malignant brain tumors 1 protein-like,20210420,-
130825,121166359,LOC121166359,-,-,-,Un,-,endoplasmic reticulum metallopeptidase 1-like,protein-coding,-,-,-,endoplasmic reticulum metallopeptidase 1-like,20210420,-
130825,121166360,LOC121166360,-,-,-,Un,-,uncharacterized LOC121166360,ncRNA,-,-,-,-,20210420,-
130825,121166361,LOC121166361,-,-,-,Un,-,uncharacterized LOC121166361,ncRNA,-,-,-,-,20210420,-
130825,121166362,LOC121166362,-,-,-,Un,-,protein CREG1-like,protein-coding,-,-,-,protein CREG1-like,20210420,-
130825,121166363,LOC121166363,-,-,-,Un,-,T-cell surface glycoprotein CD3 zeta chain,protein-coding,-,-,-,T-cell surface glycoprotein CD3 zeta chain,20210420,-
130825,121166364,LOC121166364,-,-,-,Un,-,uncharacterized LOC121166364,ncRNA,-,-,-,-,20210420,-
130825,121166365,LOC121166365,-,-,-,Un,-,"POU domain, class 2, transcription factor 1",protein-coding,-,-,-,"POU domain, class 2, transcription factor 1",20210420,-
130825,121166366,LOC121166366,-,-,-,Un,-,5S ribosomal RNA,pseudo,-,-,-,-,20210420,-
130825,121166367,LOC121166367,-,-,-,Un,-,U4 spliceosomal RNA,pseudo,-,-,-,-,20210420,-
130825,121166368,LOC121166368,-,-,-,Un,-,5S ribosomal RNA,pseudo,-,-,-,-,20210420,-
130825,121166369,LOC121166369,-,-,-,Un,-,5S ribosomal RNA,pseudo,-,-,-,-,20210420,-
130825,121166370,LOC121166370,-,-,-,Un,-,5S ribosomal RNA,pseudo,-,-,-,-,20210420,-
130825,121166371,LOC121166371,-,-,-,Un,-,5S ribosomal RNA,pseudo,-,-,-,-,20210420,-
130825,121166372,LOC121166372,-,-,-,Un,-,5S ribosomal RNA,pseudo,-,-,-,-,20210420,-
130825,121166373,PKIA,-,-,-,Un,-,cAMP-dependent protein kinase inhibitor alpha,protein-coding,-,-,-,cAMP-dependent protein kinase inhibitor alpha,20210420,-
130825,121166374,LOC121166374,-,-,-,Un,-,5S ribosomal RNA,pseudo,-,-,-,-,20210420,-
130825,121166375,LOC121166375,-,-,-,Un,-,5S ribosomal RNA,pseudo,-,-,-,-,20210420,-
130825,121166376,LOC121166376,-,-,-,Un,-,5S ribosomal RNA,pseudo,-,-,-,-,20210420,-
130825,121166377,LOC121166377,-,-,-,Un,-,5S ribosomal RNA,pseudo,-,-,-,-,20210420,-
130825,121166378,LOC121166378,-,-,-,Un,-,5S ribosomal RNA,pseudo,-,-,-,-,20210420,-
130825,121166379,LOC121166379,-,-,-,Un,-,5S ribosomal RNA,pseudo,-,-,-,-,20210420,-
130825,121166380,LOC121166380,-,-,-,Un,-,5S ribosomal RNA,pseudo,-,-,-,-,20210420,-
130825,121166381,LOC121166381,-,-,-,Un,-,5S ribosomal RNA,pseudo,-,-,-,-,20210420,-
130825,121166382,LOC121166382,-,-,-,Un,-,5S ribosomal RNA,pseudo,-,-,-,-,20210420,-
130825,121166383,LOC121166383,-,-,-,Un,-,5S ribosomal RNA,pseudo,-,-,-,-,20210420,-
130825,121166384,LOC121166384,-,-,-,Un,-,5S ribosomal RNA,pseudo,-,-,-,-,20210420,-
130825,121166385,LOC121166385,-,-,-,Un,-,5S ribosomal RNA,pseudo,-,-,-,-,20210420,-
130825,121166386,LOC121166386,-,-,-,Un,-,5S ribosomal RNA,pseudo,-,-,-,-,20210420,-
130825,121166387,LOC121166387,-,-,-,Un,-,5S ribosomal RNA,pseudo,-,-,-,-,20210420,-
130825,121166388,LOC121166388,-,-,-,Un,-,5S ribosomal RNA,pseudo,-,-,-,-,20210420,-
130825,121166389,LOC121166389,-,-,-,Un,-,ribosomal biogenesis protein LAS1L-like,pseudo,-,-,-,-,20210420,-
130825,121166390,LOC121166390,-,-,-,Un,-,5S ribosomal RNA,pseudo,-,-,-,-,20210420,-
130825,121166391,LOC121166391,-,-,-,Un,-,5S ribosomal RNA,pseudo,-,-,-,-,20210420,-
130825,121166392,LOC121166392,-,-,-,Un,-,5S ribosomal RNA,pseudo,-,-,-,-,20210420,-
130825,121166393,LOC121166393,-,-,-,Un,-,5S ribosomal RNA,pseudo,-,-,-,-,20210420,-
130825,121166394,LOC121166394,-,-,-,Un,-,5S ribosomal RNA,pseudo,-,-,-,-,20210420,-
130825,121166395,GM2A,-,-,-,Un,-,GM2 ganglioside activator,protein-coding,-,-,-,ganglioside GM2 activator,20210420,-
130825,121166396,LOC121166396,-,-,-,Un,-,5S ribosomal RNA,pseudo,-,-,-,-,20210420,-
130825,121166397,LOC121166397,-,-,-,Un,-,5S ribosomal RNA,pseudo,-,-,-,-,20210420,-
130825,121166398,LOC121166398,-,-,-,Un,-,5S ribosomal RNA,pseudo,-,-,-,-,20210420,-
130825,121166399,LOC121166399,-,-,-,Un,-,5S ribosomal RNA,pseudo,-,-,-,-,20210420,-
130825,121166400,LOC121166400,-,-,-,Un,-,5S ribosomal RNA,pseudo,-,-,-,-,20210420,-
130825,121166401,LOC121166401,-,-,-,Un,-,5S ribosomal RNA,pseudo,-,-,-,-,20210420,-
130825,121166402,LOC121166402,-,-,-,Un,-,5S ribosomal RNA,pseudo,-,-,-,-,20210420,-
130825,121166403,LOC121166403,-,-,-,Un,-,5S ribosomal RNA,pseudo,-,-,-,-,20210420,-
130825,121166404,LOC121166404,-,-,-,Un,-,5S ribosomal RNA,pseudo,-,-,-,-,20210420,-
130825,121166405,LOC121166405,-,-,-,Un,-,5S ribosomal RNA,pseudo,-,-,-,-,20210420,-
130825,121166406,ZFHX4,-,-,-,Un,-,zinc finger homeobox 4,protein-coding,-,-,-,zinc finger homeobox protein 4,20210420,-
130825,121166407,LOC121166407,-,-,-,Un,-,5S ribosomal RNA,pseudo,-,-,-,-,20210420,-
130825,121166408,LOC121166408,-,-,-,Un,-,5S ribosomal RNA,pseudo,-,-,-,-,20210420,-
130825,121166409,LOC121166409,-,-,-,Un,-,5S ribosomal RNA,pseudo,-,-,-,-,20210420,-
130825,121166410,LOC121166410,-,-,-,Un,-,5S ribosomal RNA,pseudo,-,-,-,-,20210420,-
130825,121166411,LOC121166411,-,-,-,Un,-,5S ribosomal RNA,pseudo,-,-,-,-,20210420,-
130825,121166412,LOC121166412,-,-,-,Un,-,5S ribosomal RNA,pseudo,-,-,-,-,20210420,-
130825,121166413,LOC121166413,-,-,-,Un,-,5S ribosomal RNA,pseudo,-,-,-,-,20210420,-
130825,121166414,LOC121166414,-,-,-,Un,-,5S ribosomal RNA,pseudo,-,-,-,-,20210420,-
130825,121166415,LOC121166415,-,-,-,Un,-,5S ribosomal RNA,pseudo,-,-,-,-,20210420,-
130825,121166416,LOC121166416,-,-,-,Un,-,5S ribosomal RNA,pseudo,-,-,-,-,20210420,-
130825,121166417,LOC121166417,-,-,-,Un,-,5S ribosomal RNA,pseudo,-,-,-,-,20210420,-
130825,121166418,LOC121166418,-,-,-,Un,-,5S ribosomal RNA,pseudo,-,-,-,-,20210420,-
130825,121166419,LOC121166419,-,-,-,Un,-,5S ribosomal RNA,pseudo,-,-,-,-,20210420,-
130825,121166420,LOC121166420,-,-,-,Un,-,natural killer cell receptor 2B4-like,protein-coding,-,-,-,natural killer cell receptor 2B4-like,20210420,-
130825,121166421,HNF4G,-,-,-,Un,-,hepatocyte nuclear factor 4 gamma,protein-coding,-,-,-,hepatocyte nuclear factor 4-gamma,20210420,-
130825,121166422,LOC121166422,-,-,-,Un,-,translocon-associated protein subunit beta,protein-coding,-,-,-,translocon-associated protein subunit beta,20210420,-
130825,121166423,LOC121166423,-,-,-,Un,-,oxidative stress-induced growth inhibitor 2-like,pseudo,-,-,-,-,20210420,-
130825,121166424,LOC121166424,-,-,-,Un,-,protein chibby homolog 3-like,protein-coding,-,-,-,protein chibby homolog 3-like,20210420,-
130825,121166425,LOC121166425,-,-,-,Un,-,transmembrane protein 64,protein-coding,-,-,-,transmembrane protein 64,20210420,-
130825,121166426,LOC121166426,-,-,-,Un,-,TBC1 domain family member 9B-like,protein-coding,-,-,-,TBC1 domain family member 9B-like,20210420,-
130825,121166427,LOC121166427,-,-,-,Un,-,uncharacterized LOC121166427,protein-coding,-,-,-,uncharacterized protein LOC121166427,20210420,-
130825,121166428,LOC121166428,-,-,-,Un,-,TBC1 domain family member 9B-like,protein-coding,-,-,-,LOW QUALITY PROTEIN: TBC1 domain family member 9B-like,20210420,-
130825,121166429,LOC121166429,-,-,-,Un,-,A disintegrin and metalloproteinase with thrombospondin motifs 2,protein-coding,-,-,-,A disintegrin and metalloproteinase with thrombospondin motifs 2,20210420,-
130825,121166430,LOC121166430,-,-,-,Un,-,mastermind-like protein 1,protein-coding,-,-,-,mastermind-like protein 1,20210420,-
130825,121166431,LOC121166431,-,-,-,Un,-,nibrin-like,protein-coding,-,-,-,nibrin-like,20210420,-
130825,121166432,CRISPLD1,-,-,-,Un,-,cysteine rich secretory protein LCCL domain containing 1,protein-coding,-,-,-,cysteine-rich secretory protein LCCL domain-containing 1,20210420,-
130825,121166433,LOC121166433,-,-,-,Un,-,nibrin-like,protein-coding,-,-,-,nibrin-like|Nijmegen breakage syndrome 1,20210420,-
130825,121166434,LOC121166434,-,-,-,Un,-,RUN and FYVE domain-containing protein 1,protein-coding,-,-,-,RUN and FYVE domain-containing protein 1,20210420,-
130825,121166435,LOC121166435,-,-,-,Un,-,calnexin,protein-coding,-,-,-,calnexin,20210420,-
130825,121166436,LOC121166436,-,-,-,Un,-,zinc finger protein 354C-like,protein-coding,-,-,-,zinc finger protein 354C-like,20210420,-
130825,121166437,LOC121166437,-,-,-,Un,-,"alpha-1,3-mannosyl-glycoprotein 4-beta-N-acetylglucosaminyltransferase B-like",protein-coding,-,-,-,"alpha-1,3-mannosyl-glycoprotein 4-beta-N-acetylglucosaminyltransferase B-like",20210420,-
130825,121166438,LOC121166438,-,-,-,Un,-,heterogeneous nuclear ribonucleoprotein H,protein-coding,-,-,-,heterogeneous nuclear ribonucleoprotein H,20210420,-
130825,121166439,PI15,-,-,-,Un,-,peptidase inhibitor 15,protein-coding,-,-,-,peptidase inhibitor 15,20210420,-
130825,121166440,LOC121166440,-,-,-,Un,-,A disintegrin and metalloproteinase with thrombospondin motifs 2-like,protein-coding,-,-,-,A disintegrin and metalloproteinase with thrombospondin motifs 2-like,20210420,-
130825,121166441,LOC121166441,-,-,-,Un,-,sequestosome-1,protein-coding,-,-,-,sequestosome-1,20210420,-
130825,121166442,LOC121166442,-,-,-,Un,-,"2,4-dienoyl-CoA reductase [(3E)-enoyl-CoA-producing], mitochondrial-like",protein-coding,-,-,-,"2,4-dienoyl-CoA reductase [(3E)-enoyl-CoA-producing], mitochondrial-like",20210420,-
130825,121166443,LOC121166443,-,-,-,Un,-,MRN complex interacting protein,protein-coding,-,-,-,MRN complex-interacting protein,20210420,-
130825,121166444,LOC121166444,-,-,-,Un,-,nibrin-like,protein-coding,-,-,-,nibrin-like,20210420,-
130825,121166445,LOC121166445,-,-,-,Un,-,THAP domain-containing protein 5-like,pseudo,-,-,-,-,20210420,-
130825,121166446,LOC121166446,-,-,-,Un,-,TBC1 domain family member 9B-like,pseudo,-,-,-,-,20210420,-
130825,121166447,LOC121166447,-,-,-,Un,-,calbindin,protein-coding,-,-,-,calbindin,20210420,-
130825,121166448,LOC121166448,-,-,-,Un,-,N-terminal EF-hand calcium-binding protein 1-like,protein-coding,-,-,-,N-terminal EF-hand calcium-binding protein 1-like,20210420,-
130825,121166449,LOC121166449,-,-,-,Un,-,60S ribosomal protein L13a-like,pseudo,-,-,-,-,20210420,-
130825,121166450,LOC121166450,-,-,-,Un,-,leukotriene C4 synthase,protein-coding,-,-,-,leukotriene C4 synthase,20210420,-
130825,121166451,LOC121166451,-,-,-,Un,-,CXXC motif containing zinc binding protein-like,pseudo,-,-,-,-,20210420,-
130825,121166452,LOC121166452,-,-,-,Un,-,probable RNA-binding protein 18,pseudo,-,-,-,-,20210420,-
130825,121166453,LOC121166453,-,-,-,Un,-,prothymosin alpha-like,pseudo,-,-,-,-,20210420,-
130825,121166454,LOC121166454,-,-,-,Un,-,uncharacterized LOC121166454,ncRNA,-,-,-,-,20210420,-
130825,121166455,LOC121166455,-,-,-,Un,-,uncharacterized LOC121166455,ncRNA,-,-,-,-,20210420,-
130825,121166456,LOC121166456,-,-,-,Un,-,uncharacterized LOC121166456,ncRNA,-,-,-,-,20210420,-
130825,121166457,LOC121166457,-,-,-,Un,-,uncharacterized LOC121166457,ncRNA,-,-,-,-,20210420,-
130825,121166458,LOC121166458,-,-,-,Un,-,uncharacterized LOC121166458,ncRNA,-,-,-,-,20210420,-
130825,121166459,LOC121166459,-,-,-,Un,-,uncharacterized LOC121166459,ncRNA,-,-,-,-,20210420,-
130825,121166460,LOC121166460,-,-,-,Un,-,U6 spliceosomal RNA,pseudo,-,-,-,-,20210420,-
130825,121166461,LOC121166461,-,-,-,Un,-,U6 spliceosomal RNA,pseudo,-,-,-,-,20210420,-
130825,121166462,LOC121166462,-,-,-,Un,-,ras-related protein Rab-13-like,protein-coding,-,-,-,ras-related protein Rab-13-like,20210420,-
130825,121166463,LOC121166463,-,-,-,Un,-,cyclic AMP-responsive element-binding protein 3-like protein 4,protein-coding,-,-,-,cyclic AMP-responsive element-binding protein 3-like protein 4,20210420,-
130825,121166464,GDAP1,-,-,-,Un,-,ganglioside induced differentiation associated protein 1,protein-coding,-,-,-,ganglioside-induced differentiation-associated protein 1,20210420,-
130825,121166465,LOC121166465,-,-,-,Un,-,protein JTB-like,protein-coding,-,-,-,protein JTB-like,20210420,-
130825,121166466,LOC121166466,-,-,-,Un,-,CREB-regulated transcription coactivator 2,protein-coding,-,-,-,CREB-regulated transcription coactivator 2,20210420,-
130825,121166467,LOC121166467,-,-,-,Un,-,zinc transporter ZIP1,protein-coding,-,-,-,zinc transporter ZIP1,20210420,-
130825,121166468,LOC121166468,-,-,-,Un,-,DENN domain-containing protein 4B-like,protein-coding,-,-,-,DENN domain-containing protein 4B-like,20210420,-
130825,121166469,LOC121166469,-,-,-,Un,-,aryl hydrocarbon receptor nuclear translocator-like,protein-coding,-,-,-,aryl hydrocarbon receptor nuclear translocator-like,20210420,-
130825,121166470,LOC121166470,-,-,-,Un,-,cathepsin K-like,protein-coding,-,-,-,cathepsin K-like,20210420,-
130825,121166471,LOC121166471,-,-,-,Un,-,"hydroxymethylglutaryl-CoA synthase, mitochondrial",protein-coding,-,-,-,"hydroxymethylglutaryl-CoA synthase, mitochondrial",20210420,-
130825,121166472,LOC121166472,-,-,-,Un,-,D-3-phosphoglycerate dehydrogenase,protein-coding,-,-,-,D-3-phosphoglycerate dehydrogenase,20210420,-
130825,121166473,LOC121166473,-,-,-,Un,-,3 beta-hydroxysteroid dehydrogenase/Delta 5-->4-isomerase-like,protein-coding,-,-,-,3 beta-hydroxysteroid dehydrogenase/Delta 5-->4-isomerase-like,20210420,-
130825,121166474,JPH1,-,-,-,Un,-,junctophilin 1,protein-coding,-,-,-,junctophilin-1,20210420,-
130825,121166475,LOC121166475,-,-,-,Un,-,3 beta-hydroxysteroid dehydrogenase/Delta 5-->4-isomerase-like,protein-coding,-,-,-,3 beta-hydroxysteroid dehydrogenase/Delta 5-->4-isomerase-like,20210420,-
130825,121166476,LOC121166476,-,-,-,Un,-,regenerating islet-derived protein 4-like,protein-coding,-,-,-,regenerating islet-derived protein 4-like,20210420,-
130825,121166477,LOC121166477,-,-,-,Un,-,hydroxyacid oxidase 2-like,protein-coding,-,-,-,hydroxyacid oxidase 2-like,20210420,-
130825,121166478,LOC121166478,-,-,-,Un,-,serine/threonine-protein phosphatase 2A regulatory subunit B'' subunit beta-like,protein-coding,-,-,-,serine/threonine-protein phosphatase 2A regulatory subunit B'' subunit beta-like,20210420,-
130825,121166479,LOC121166479,-,-,-,Un,-,probable bifunctional dTTP/UTP pyrophosphatase/methyltransferase protein,protein-coding,-,-,-,probable bifunctional dTTP/UTP pyrophosphatase/methyltransferase protein,20210420,-
130825,121166480,LOC121166480,-,-,-,Un,-,"tryptophan--tRNA ligase, mitochondrial-like",protein-coding,-,-,-,"tryptophan--tRNA ligase, mitochondrial-like",20210420,-
130825,121166481,LOC121166481,-,-,-,Un,-,uncharacterized LOC121166481,ncRNA,-,-,-,-,20210420,-
130825,121166482,LOC121166482,-,-,-,Un,-,"ATP synthase F(0) complex subunit B1, mitochondrial-like",pseudo,-,-,-,-,20210420,-
130825,121166483,LOC121166483,-,-,-,Un,-,zinc finger protein 697-like,protein-coding,-,-,-,zinc finger protein 697-like,20210420,-
130825,121166484,LOC121166484,-,-,-,Un,-,small nucleolar RNA SNORD104,snoRNA,-,-,-,-,20210420,-
130825,121166485,LOC121166485,-,-,-,Un,-,E3 ubiquitin-protein ligase TRIM33-like,protein-coding,-,-,-,E3 ubiquitin-protein ligase TRIM33-like,20210420,-
130825,121166486,LOC121166486,-,-,-,Un,-,glutathione S-transferase Mu 1-like,protein-coding,-,-,-,glutathione S-transferase Mu 1-like,20210420,-
130825,121166487,LOC121166487,-,-,-,Un,-,guanine nucleotide-binding protein G(t) subunit alpha-2,protein-coding,-,-,-,guanine nucleotide-binding protein G(t) subunit alpha-2,20210420,-
130825,121166488,LOC121166488,-,-,-,Un,-,glutathione S-transferase Mu 1-like,protein-coding,-,-,-,glutathione S-transferase Mu 1-like|glutathione S-transferase Mu 2-like|glutathione S-transferase-like,20210420,-
130825,121166489,LOC121166489,-,-,-,Un,-,glutathione S-transferase Mu 1-like,protein-coding,-,-,-,glutathione S-transferase Mu 1-like,20210420,-
130825,121166490,LOC121166490,-,-,-,Un,-,glutathione S-transferase Mu 1-like,protein-coding,-,-,-,glutathione S-transferase Mu 1-like|glutathione S-transferase Mu 2-like,20210420,-
130825,121166491,LOC121166491,-,-,-,Un,-,glutathione S-transferase Mu 1-like,protein-coding,-,-,-,glutathione S-transferase Mu 1-like|glutathione S-transferase Mu 2-like,20210420,-
130825,121166492,CUNH8orf89,-,-,-,Un,-,chromosome unknown C8orf89 homolog,protein-coding,-,-,-,putative uncharacterized protein C8orf89 homolog,20210420,-
130825,121166493,LOC121166493,-,-,-,Un,-,glutathione S-transferase Mu 1-like,protein-coding,-,-,-,glutathione S-transferase Mu 1-like|glutathione S-transferase Mu 6-like,20210420,-
130825,121166494,LOC121166494,-,-,-,Un,-,AMP deaminase 2,protein-coding,-,-,-,AMP deaminase 2,20210420,-
130825,121166495,LOC121166495,-,-,-,Un,-,guanine nucleotide-binding protein G(i) subunit alpha-3-like,protein-coding,-,-,-,guanine nucleotide-binding protein G(i) subunit alpha-3-like,20210420,-
130825,121166496,LOC121166496,-,-,-,Un,-,ZZ-type zinc finger-containing protein 3,protein-coding,-,-,-,ZZ-type zinc finger-containing protein 3,20210420,-
130825,121166497,LOC121166497,-,-,-,Un,-,ankyrin repeat and SOCS box protein 17,protein-coding,-,-,-,ankyrin repeat and SOCS box protein 17,20210420,-
130825,121166498,LOC121166498,-,-,-,Un,-,serine/threonine-protein kinase TNNI3K-like,protein-coding,-,-,-,serine/threonine-protein kinase TNNI3K-like,20210420,-
130825,121166499,KCNB2,-,-,-,Un,-,potassium voltage-gated channel subfamily B member 2,protein-coding,-,-,-,potassium voltage-gated channel subfamily B member 2,20210420,-
130825,121166500,LOC121166500,-,-,-,Un,-,leucine-rich repeat-containing protein 40-like,protein-coding,-,-,-,leucine-rich repeat-containing protein 40-like,20210420,-
130825,121166501,LOC121166501,-,-,-,Un,-,ankyrin repeat and SOCS box protein 17,protein-coding,-,-,-,ankyrin repeat and SOCS box protein 17,20210420,-
130825,121166502,LOC121166502,-,-,-,Un,-,Fc receptor-like protein 5,protein-coding,-,-,-,Fc receptor-like protein 5,20210420,-
130825,121166503,LOC121166503,-,-,-,Un,-,uncharacterized LOC121166503,ncRNA,-,-,-,-,20210420,-
130825,121166504,LOC121166504,-,-,-,Un,-,"arf-GAP with Rho-GAP domain, ANK repeat and PH domain-containing protein 2",protein-coding,-,-,-,"arf-GAP with Rho-GAP domain, ANK repeat and PH domain-containing protein 2",20210420,-
130825,121166505,LOC121166505,-,-,-,Un,-,mitochondrial intermembrane space import and assembly protein 40-like,pseudo,-,-,-,-,20210420,-
130825,121166506,LOC121166506,-,-,-,Un,-,U6 spliceosomal RNA,snRNA,-,-,-,-,20210420,-
130825,121166507,LOC121166507,-,-,-,Un,-,U6 spliceosomal RNA,snRNA,-,-,-,-,20210420,-
130825,121166508,LOC121166508,-,-,-,Un,-,uncharacterized LOC121166508,ncRNA,-,-,-,-,20210420,-
130825,121166509,LOC121166509,-,-,-,Un,-,transmembrane anterior posterior transformation protein 1-like,protein-coding,-,-,-,transmembrane anterior posterior transformation protein 1-like,20210420,-
130825,121166510,LOC121166510,-,-,-,Un,-,uncharacterized LOC121166510,ncRNA,-,-,-,-,20210420,-
130825,121166511,LOC121166511,-,-,-,Un,-,syntaxin-18-like,protein-coding,-,-,-,syntaxin-18-like,20210420,-
130825,121166512,LOC121166512,-,-,-,Un,-,max dimerization protein 4-like,protein-coding,-,-,-,max dimerization protein 4-like,20210420,-
130825,121166513,LOC121166513,-,-,-,Un,-,HAUS augmin-like complex subunit 3,protein-coding,-,-,-,HAUS augmin-like complex subunit 3,20210420,-
130825,121166514,LOC121166514,-,-,-,Un,-,olfactomedin-4-like,protein-coding,-,-,-,olfactomedin-4-like,20210420,-
130825,121166515,LOC121166515,-,-,-,Un,-,polycomb protein EED-like,protein-coding,-,-,-,polycomb protein EED-like,20210420,-
130825,121166516,LOC121166516,-,-,-,Un,-,U2 spliceosomal RNA,pseudo,-,-,-,-,20210420,-
130825,121166517,LOC121166517,-,-,-,Un,-,"39S ribosomal protein L17, mitochondrial",protein-coding,-,-,-,"39S ribosomal protein L17, mitochondrial",20210420,-
130825,121166518,TRPA1,-,-,-,Un,-,transient receptor potential cation channel subfamily A member 1,protein-coding,-,-,-,transient receptor potential cation channel subfamily A member 1,20210420,-
130825,121166519,LOC121166519,-,-,-,Un,-,interferon-induced very large GTPase 1-like,protein-coding,-,-,-,LOW QUALITY PROTEIN: interferon-induced very large GTPase 1-like,20210420,-
130825,121166520,LOC121166520,-,-,-,Un,-,TBC1 domain family member 9B-like,protein-coding,-,-,-,LOW QUALITY PROTEIN: TBC1 domain family member 9B-like,20210420,-
130825,121166521,LOC121166521,-,-,-,Un,-,nibrin-like,protein-coding,-,-,-,nibrin-like,20210420,-
130825,121166522,LOC121166522,-,-,-,Un,-,A disintegrin and metalloproteinase with thrombospondin motifs 2-like,protein-coding,-,-,-,A disintegrin and metalloproteinase with thrombospondin motifs 2-like,20210420,-
130825,121166523,LOC121166523,-,-,-,Un,-,TBC1 domain family member 9B-like,protein-coding,-,-,-,LOW QUALITY PROTEIN: TBC1 domain family member 9B-like,20210420,-
130825,121166524,LOC121166524,-,-,-,Un,-,eukaryotic translation initiation factor 3 subunit K-like,pseudo,-,-,-,-,20210420,-
130825,121166525,MSC,-,-,-,Un,-,musculin,protein-coding,-,-,-,musculin,20210420,-
130825,121166526,LOC121166526,-,-,-,Un,-,protein OS-9,protein-coding,-,-,-,protein OS-9,20210420,-
130825,121166527,HSD17B4,-,-,-,Un,-,hydroxysteroid 17-beta dehydrogenase 4,protein-coding,-,-,-,peroxisomal multifunctional enzyme type 2,20210420,-
130825,121166528,LOC121166528,-,-,-,Un,-,short-chain dehydrogenase/reductase family 9C member 7,protein-coding,-,-,-,short-chain dehydrogenase/reductase family 9C member 7,20210420,-
130825,121166529,LOC121166529,-,-,-,Un,-,dnaJ homolog subfamily C member 5B-like,protein-coding,-,-,-,dnaJ homolog subfamily C member 5B-like,20210420,-
130825,121166530,LOC121166530,-,-,-,Un,-,vesicle-associated membrane protein-associated protein A-like,protein-coding,-,-,-,vesicle-associated membrane protein-associated protein A-like,20210420,-
130825,121166531,LOC121166531,-,-,-,Un,-,nibrin-like,pseudo,-,-,-,-,20210420,-
130825,121166532,EYA1,-,-,-,Un,-,EYA transcriptional coactivator and phosphatase 1,protein-coding,-,-,-,eyes absent homolog 1,20210420,-
130825,121166533,LOC121166533,-,-,-,Un,-,disks large-associated protein 1,protein-coding,-,-,-,disks large-associated protein 1,20210420,-
130825,121166534,LOC121166534,-,-,-,Un,-,uncharacterized LOC121166534,ncRNA,-,-,-,-,20210420,-
130825,121166535,LOC121166535,-,-,-,Un,-,unconventional myosin-Vb,protein-coding,-,-,-,unconventional myosin-Vb,20210420,-
130825,121166536,LOC121166536,-,-,-,Un,-,U6 spliceosomal RNA,snRNA,-,-,-,-,20210420,-
130825,121166537,LOC121166537,-,-,-,Un,-,small Cajal body-specific RNA 18,ncRNA,-,-,-,-,20210420,-
130825,121166538,LOC121166538,-,-,-,Un,-,small Cajal body-specific RNA 17,ncRNA,-,-,-,-,20210420,-
130825,121166539,LOC121166539,-,-,-,Un,-,calcyclin-binding protein-like,pseudo,-,-,-,-,20210420,-
130825,121166540,LOC121166540,-,-,-,Un,-,zinc finger protein 385C-like,protein-coding,-,-,-,zinc finger protein 385C-like,20210420,-
130825,121166541,XKR9,-,-,-,Un,-,XK related 9,protein-coding,-,-,-,XK-related protein 9,20210420,-
130825,121166542,LOC121166542,-,-,-,Un,-,contactin-associated protein 1,protein-coding,-,-,-,contactin-associated protein 1,20210420,-
130825,121166543,LOC121166543,-,-,-,Un,-,"cytochrome c oxidase assembly factor 3 homolog, mitochondrial",protein-coding,-,-,-,"cytochrome c oxidase assembly factor 3 homolog, mitochondrial",20210420,-
130825,121166544,LOC121166544,-,-,-,Un,-,alanyl-tRNA editing protein Aarsd1,protein-coding,-,-,-,alanyl-tRNA editing protein Aarsd1,20210420,-
130825,121166545,LOC121166545,-,-,-,Un,-,putative protein PTGES3L,protein-coding,-,-,-,putative protein PTGES3L,20210420,-
130825,121166546,LOC121166546,-,-,-,Un,-,ADP-ribosylation factor-like protein 4D,protein-coding,-,-,-,ADP-ribosylation factor-like protein 4D,20210420,-
130825,121166547,LOC121166547,-,-,-,Un,-,glucose-6-phosphatase catalytic subunit 1,protein-coding,-,-,-,glucose-6-phosphatase catalytic subunit 1,20210420,-
130825,121166548,LOC121166548,-,-,-,Un,-,mitochondrial import receptor subunit TOM5 homolog,protein-coding,-,-,-,mitochondrial import receptor subunit TOM5 homolog,20210420,-
130825,121166549,LOC121166549,-,-,-,Un,-,membrane primary amine oxidase-like,protein-coding,-,-,-,membrane primary amine oxidase-like,20210420,-
130825,121166550,LOC121166550,-,-,-,Un,-,pleckstrin homology domain-containing family H member 3-like,protein-coding,-,-,-,pleckstrin homology domain-containing family H member 3-like,20210420,-
130825,121166551,LOC121166551,-,-,-,Un,-,receptor activity-modifying protein 2-like,protein-coding,-,-,-,receptor activity-modifying protein 2-like,20210420,-
130825,121166552,LOC121166552,-,-,-,Un,-,retina-specific copper amine oxidase-like,protein-coding,-,-,-,retina-specific copper amine oxidase-like,20210420,-
130825,121166553,LOC121166553,-,-,-,Un,-,potassium voltage-gated channel subfamily H member 4,protein-coding,-,-,-,potassium voltage-gated channel subfamily H member 4,20210420,-
130825,121166554,LOC121166554,-,-,-,Un,-,40S ribosomal protein S11-like,pseudo,-,-,-,-,20210420,-
130825,121166555,LOC121166555,-,-,-,Un,-,estradiol 17-beta-dehydrogenase 1-like,protein-coding,-,-,-,estradiol 17-beta-dehydrogenase 1-like,20210420,-
130825,121166556,PPP1R42,-,-,-,Un,-,protein phosphatase 1 regulatory subunit 42,protein-coding,-,-,-,protein phosphatase 1 regulatory subunit 42,20210420,-
130825,121166557,LOC121166557,-,-,-,Un,-,membrane primary amine oxidase-like,pseudo,-,-,-,-,20210420,-
130825,121166558,LOC121166558,-,-,-,Un,-,breast cancer type 1 susceptibility protein homolog,protein-coding,-,-,-,breast cancer type 1 susceptibility protein homolog,20210420,-
130825,121166559,LOC121166559,-,-,-,Un,-,coiled-coil domain-containing protein 200-like,protein-coding,-,-,-,coiled-coil domain-containing protein 200-like,20210420,-
130825,121166560,LOC121166560,-,-,-,Un,-,leucine-rich repeat-containing protein 37B-like,protein-coding,-,-,-,LOW QUALITY PROTEIN: leucine-rich repeat-containing protein 37B-like,20210420,-
130825,121166561,LOC121166561,-,-,-,Un,-,leucine-rich repeat-containing protein 37A3-like,protein-coding,-,-,-,leucine-rich repeat-containing protein 37A3-like,20210420,-
130825,121166562,LOC121166562,-,-,-,Un,-,leucine-rich repeat-containing protein 37A3-like,protein-coding,-,-,-,leucine-rich repeat-containing protein 37A3-like,20210420,-
130825,121166563,LOC121166563,-,-,-,Un,-,rho-related GTP-binding protein RhoN,protein-coding,-,-,-,rho-related GTP-binding protein RhoN,20210424,-
130825,121166564,LOC121166564,-,-,-,Un,-,C-C chemokine receptor type 10,protein-coding,-,-,-,C-C chemokine receptor type 10,20210420,-
130825,121166565,LOC121166565,-,-,-,Un,-,heat shock protein beta-9-like,protein-coding,-,-,-,heat shock protein beta-9-like,20210420,-
130825,121166566,LOC121166566,-,-,-,Un,-,NF-kappa-B inhibitor-interacting Ras-like protein 2,protein-coding,-,-,-,NF-kappa-B inhibitor-interacting Ras-like protein 2,20210420,-
130825,121166567,LOC121166567,-,-,-,Un,-,probable ATP-dependent RNA helicase DHX58,protein-coding,-,-,-,probable ATP-dependent RNA helicase DHX58,20210420,-
130825,121166568,LOC121166568,-,-,-,Un,-,histone acetyltransferase KAT2A,protein-coding,-,-,-,histone acetyltransferase KAT2A,20210420,-
130825,121166569,LOC121166569,-,-,-,Un,-,ras-related protein Rab-5C,protein-coding,-,-,-,ras-related protein Rab-5C,20210420,-
130825,121166570,TCF24,-,-,-,Un,-,transcription factor 24,protein-coding,-,-,-,transcription factor 24,20210420,-
130825,121166571,LOC121166571,-,-,-,Un,-,signal transducer and activator of transcription 5B,protein-coding,-,-,-,signal transducer and activator of transcription 5B,20210420,-
130825,121166572,LOC121166572,-,-,-,Un,-,GH3 domain-containing protein-like,protein-coding,-,-,-,GH3 domain-containing protein-like,20210420,-
130825,121166573,LOC121166573,-,-,-,Un,-,40S ribosomal protein SA-like,pseudo,-,-,-,-,20210420,-
130825,121166574,LOC121166574,-,-,-,Un,-,signal transducer and activator of transcription 5A,protein-coding,-,-,-,signal transducer and activator of transcription 5A,20210420,-
130825,121166575,LOC121166575,-,-,-,Un,-,signal transducer and activator of transcription 3,protein-coding,-,-,-,signal transducer and activator of transcription 3,20210529,-
130825,121166576,LOC121166576,-,-,-,Un,-,caveolae-associated protein 1,protein-coding,-,-,-,caveolae-associated protein 1,20210420,-
130825,121166577,LOC121166577,-,-,-,Un,-,V-type proton ATPase 116 kDa subunit a1,protein-coding,-,-,-,V-type proton ATPase 116 kDa subunit a1,20210529,-
130825,121166578,MYBL1,-,-,-,Un,-,MYB proto-oncogene like 1,protein-coding,-,-,-,myb-related protein A,20210420,-
130825,121166579,LOC121166579,-,-,-,Un,-,alpha-N-acetylglucosaminidase-like,protein-coding,-,-,-,alpha-N-acetylglucosaminidase-like,20210420,-
130825,121166580,LOC121166580,-,-,-,Un,-,bifunctional coenzyme A synthase,protein-coding,-,-,-,bifunctional coenzyme A synthase,20210420,-
130825,121166581,LOC121166581,-,-,-,Un,-,max-like protein X,protein-coding,-,-,-,max-like protein X,20210420,-
130825,121166582,LOC121166582,-,-,-,Un,-,homologous-pairing protein 2 homolog,protein-coding,-,-,-,homologous-pairing protein 2 homolog,20210420,-
130825,121166583,LOC121166583,-,-,-,Un,-,reticulophagy regulator 3,protein-coding,-,-,-,reticulophagy regulator 3,20210420,-
130825,121166584,LOC121166584,-,-,-,Un,-,tubulin gamma-1 chain,protein-coding,-,-,-,tubulin gamma-1 chain,20210420,-
130825,121166585,LOC121166585,-,-,-,Un,-,tubulin gamma-2 chain,protein-coding,-,-,-,tubulin gamma-2 chain,20210420,-
130825,121166586,LOC121166586,-,-,-,Un,-,histone-lysine N-methyltransferase EZH1,protein-coding,-,-,-,histone-lysine N-methyltransferase EZH1,20210420,-
130825,121166587,LOC121166587,-,-,-,Un,-,serine/threonine-protein kinase WNK4-like,protein-coding,-,-,-,serine/threonine-protein kinase WNK4-like,20210420,-
130825,121166588,LOC121166588,-,-,-,Un,-,vacuolar protein-sorting-associated protein 25,protein-coding,-,-,-,vacuolar protein-sorting-associated protein 25,20210420,-
130825,121166589,LOC121166589,-,-,-,Un,-,beclin-1,protein-coding,-,-,-,beclin-1,20210420,-
130825,121166590,LOC121166590,-,-,-,Un,-,cyclin N-terminal domain-containing protein 1-like,protein-coding,-,-,-,cyclin N-terminal domain-containing protein 1-like,20210420,-
130825,121166591,LOC121166591,-,-,-,Un,-,proteasome activator complex subunit 3,protein-coding,-,-,-,proteasome activator complex subunit 3,20210424,-
130825,121166592,VXN,-,-,-,Un,-,vexin,protein-coding,-,-,-,vexin,20210420,-
130825,121166593,LOC121166593,-,-,-,Un,-,RUN domain-containing protein 1-like,protein-coding,-,-,-,RUN domain-containing protein 1-like,20210420,-
130825,121166594,LOC121166594,-,-,-,Un,-,synaptic vesicle membrane protein VAT-1 homolog,protein-coding,-,-,-,synaptic vesicle membrane protein VAT-1 homolog,20210420,-
130825,121166595,LOC121166595,-,-,-,Un,-,interferon-induced 35 kDa protein-like,protein-coding,-,-,-,interferon-induced 35 kDa protein-like,20210420,-
130825,121166596,LOC121166596,-,-,-,Un,-,60S ribosomal protein L27,protein-coding,-,-,-,60S ribosomal protein L27,20210529,-
130825,121166597,LOC121166597,-,-,-,Un,-,next to BRCA1 gene 1 protein-like,protein-coding,-,-,-,next to BRCA1 gene 1 protein-like,20210420,-
130825,121166598,LOC121166598,-,-,-,Un,-,40S ribosomal protein S6-like,pseudo,-,-,-,-,20210420,-
130825,121166599,LOC121166599,-,-,-,Un,-,transmembrane protein 106A-like,protein-coding,-,-,-,transmembrane protein 106A-like,20210420,-
130825,121166600,LOC121166600,-,-,-,Un,-,ATP-dependent RNA helicase DHX8,protein-coding,-,-,-,ATP-dependent RNA helicase DHX8,20210420,-
130825,121166601,LOC121166601,-,-,-,Un,-,uncharacterized LOC121166601,ncRNA,-,-,-,-,20210420,-
130825,121166602,LOC121166602,-,-,-,Un,-,orexin,protein-coding,-,-,-,orexin,20210420,-
130825,121166603,LOC121166603,-,-,-,Un,-,U2 spliceosomal RNA,snRNA,-,-,-,-,20210420,-
130825,121166604,LOC121166604,-,-,-,Un,-,U2 spliceosomal RNA,snRNA,-,-,-,-,20210420,-
130825,121166605,LOC121166605,-,-,-,Un,-,U2 spliceosomal RNA,snRNA,-,-,-,-,20210420,-
130825,121166606,LOC121166606,-,-,-,Un,-,U2 spliceosomal RNA,snRNA,-,-,-,-,20210420,-
130825,121166607,LOC121166607,-,-,-,Un,-,U2 spliceosomal RNA,snRNA,-,-,-,-,20210420,-
130825,121166608,LOC121166608,-,-,-,Un,-,U2 spliceosomal RNA,snRNA,-,-,-,-,20210420,-
130825,121166609,LOC121166609,-,-,-,Un,-,U2 spliceosomal RNA,snRNA,-,-,-,-,20210420,-
130825,121166610,LOC121166610,-,-,-,Un,-,U2 spliceosomal RNA,snRNA,-,-,-,-,20210420,-
130825,121166611,ADHFE1,-,-,-,Un,-,alcohol dehydrogenase iron containing 1,protein-coding,-,-,-,"hydroxyacid-oxoacid transhydrogenase, mitochondrial",20210420,-
130825,121166612,LOC121166612,-,-,-,Un,-,U2 spliceosomal RNA,snRNA,-,-,-,-,20210420,-
130825,121166613,LOC121166613,-,-,-,Un,-,U2 spliceosomal RNA,snRNA,-,-,-,-,20210420,-
130825,121166614,LOC121166614,-,-,-,Un,-,U6 spliceosomal RNA,snRNA,-,-,-,-,20210420,-
130825,121166615,LOC121166615,-,-,-,Un,-,U2 spliceosomal RNA,snRNA,-,-,-,-,20210420,-
130825,121166616,LOC121166616,-,-,-,Un,-,U2 spliceosomal RNA,snRNA,-,-,-,-,20210420,-
130825,121166617,LOC121166617,-,-,-,Un,-,U2 spliceosomal RNA,snRNA,-,-,-,-,20210420,-
130825,121166618,LOC121166618,-,-,-,Un,-,U2 spliceosomal RNA,snRNA,-,-,-,-,20210420,-
130825,121166619,LOC121166619,-,-,-,Un,-,uncharacterized LOC121166619,ncRNA,-,-,-,-,20210420,-
130825,121166620,LOC121166620,-,-,-,Un,-,glucose-6-phosphatase 3,protein-coding,-,-,-,glucose-6-phosphatase 3,20210420,-
130825,121166621,LOC121166621,-,-,-,Un,-,histone deacetylase 5-like,protein-coding,-,-,-,histone deacetylase 5-like,20210420,-
130825,121166622,LOC121166622,-,-,-,Un,-,TBC1 domain family member 9B-like,protein-coding,-,-,-,LOW QUALITY PROTEIN: TBC1 domain family member 9B-like,20210420,-
130825,121166623,LOC121166623,-,-,-,Un,-,leucine-rich repeat-containing protein 37A-like,protein-coding,-,-,-,leucine-rich repeat-containing protein 37A-like,20210420,-
130825,121166624,LOC121166624,-,-,-,Un,-,leucine-rich repeat-containing protein 37B-like,protein-coding,-,-,-,LOW QUALITY PROTEIN: leucine-rich repeat-containing protein 37B-like,20210420,-
130825,121166625,LOC121166625,-,-,-,Un,-,uncharacterized LOC121166625,ncRNA,-,-,-,-,20210420,-
130825,121166626,LOC121166626,-,-,-,Un,-,urotensin-2 receptor-like,protein-coding,-,-,-,urotensin-2 receptor-like,20210420,-
130825,121166627,LOC121166627,-,-,-,Un,-,CMRF35-like molecule 7,protein-coding,-,-,-,CMRF35-like molecule 7,20210420,-
130825,121166628,LOC121166628,-,-,-,Un,-,polymeric immunoglobulin receptor-like,protein-coding,-,-,-,polymeric immunoglobulin receptor-like,20210420,-
130825,121166629,LOC121166629,-,-,-,Un,-,leucine-rich repeat-containing protein 37A-like,protein-coding,-,-,-,leucine-rich repeat-containing protein 37A-like|leucine-rich repeat-containing protein 37A2-like,20210420,-
130825,121166630,RRS1,-,-,-,Un,-,ribosome biogenesis regulator 1 homolog,protein-coding,-,-,-,ribosome biogenesis regulatory protein homolog,20210420,-
130825,121166631,LOC121166631,-,-,-,Un,-,TAR DNA-binding protein 43-like,protein-coding,-,-,-,TAR DNA-binding protein 43-like,20210420,-
130825,121166632,LOC121166632,-,-,-,Un,-,mannan-binding lectin serine protease 2-like,protein-coding,-,-,-,mannan-binding lectin serine protease 2-like,20210420,-
130825,121166633,LOC121166633,-,-,-,Un,-,zinc finger protein 182-like,protein-coding,-,-,-,zinc finger protein 182-like,20210420,-
130825,121166634,LOC121166634,-,-,-,Un,-,"histidine--tRNA ligase, mitochondrial",protein-coding,-,-,-,"histidine--tRNA ligase, mitochondrial",20210420,-
130825,121166635,LOC121166635,-,-,-,Un,-,zinc finger matrin-type protein 2,protein-coding,-,-,-,zinc finger matrin-type protein 2,20210420,-
130825,121166636,LOC121166636,-,-,-,Un,-,synaptosomal-associated protein 25,protein-coding,-,-,-,synaptosomal-associated protein 25,20210522,-
130825,121166637,CRH,-,-,-,Un,-,corticotropin releasing hormone,protein-coding,-,-,-,corticoliberin,20210420,-
130825,121166638,LOC121166638,-,-,-,Un,-,neuroendocrine convertase 2,protein-coding,-,-,-,neuroendocrine convertase 2,20210420,-
130825,121166639,LOC121166639,-,-,-,Un,-,filensin-like,protein-coding,-,-,-,filensin-like,20210420,-
130825,121166640,LOC121166640,-,-,-,Un,-,U2 small nuclear ribonucleoprotein B'',protein-coding,-,-,-,U2 small nuclear ribonucleoprotein B'',20210420,-
130825,121166641,LOC121166641,-,-,-,Un,-,destrin,protein-coding,-,-,-,destrin,20210424,-
130825,121166642,LOC121166642,-,-,-,Un,-,ribosome-binding protein 1-like,protein-coding,-,-,-,ribosome-binding protein 1-like,20210420,-
130825,121166643,LOC121166643,-,-,-,Un,-,barrier-to-autointegration factor-like protein,protein-coding,-,-,-,barrier-to-autointegration factor-like protein,20210420,-
130825,121166644,LOC121166644,-,-,-,Un,-,otoraplin,protein-coding,-,-,-,otoraplin,20210420,-
130825,121166645,TRIM55,-,-,-,Un,-,tripartite motif containing 55,protein-coding,-,-,-,tripartite motif-containing protein 55,20210420,-
130825,121166646,LOC121166646,-,-,-,Un,-,sorting nexin-5-like,protein-coding,-,-,-,sorting nexin-5-like,20210420,-
130825,121166647,LOC121166647,-,-,-,Un,-,uncharacterized LOC121166647,ncRNA,-,-,-,-,20210420,-
130825,121166648,SMIM26,-,-,-,Un,-,small integral membrane protein 26,protein-coding,-,-,-,small integral membrane protein 26,20210420,-
130825,121166649,LOC121166649,-,-,-,Un,-,SCP2 sterol-binding domain-containing protein 1-like,protein-coding,-,-,-,SCP2 sterol-binding domain-containing protein 1-like,20210420,-
130825,121166650,LOC121166650,-,-,-,Un,-,protein transport protein Sec23B,protein-coding,-,-,-,protein transport protein Sec23B,20210420,-
130825,121166651,LOC121166651,-,-,-,Un,-,D-aminoacyl-tRNA deacylase 1,protein-coding,-,-,-,D-aminoacyl-tRNA deacylase 1,20210420,-
130825,121166652,LOC121166652,-,-,-,Un,-,sodium/potassium/calcium exchanger 3-like,protein-coding,-,-,-,sodium/potassium/calcium exchanger 3-like,20210420,-
130825,121166653,LOC121166653,-,-,-,Un,-,5'-3' exoribonuclease 2,protein-coding,-,-,-,5'-3' exoribonuclease 2,20210420,-
130825,121166654,LOC121166654,-,-,-,Un,-,homeobox protein Nkx-2.4-like,protein-coding,-,-,-,homeobox protein Nkx-2.4-like,20210420,-
130825,121166655,LOC121166655,-,-,-,Un,-,tyrosine-protein phosphatase non-receptor type substrate 1-like,protein-coding,-,-,-,tyrosine-protein phosphatase non-receptor type substrate 1-like,20210420,-
130825,121166656,LOC121166656,-,-,-,Un,-,bone morphogenetic protein 7,protein-coding,-,-,-,bone morphogenetic protein 7,20210420,-
130825,121166657,LOC121166657,-,-,-,Un,-,procollagen galactosyltransferase 2-like,protein-coding,-,-,-,procollagen galactosyltransferase 2-like,20210420,-
130825,121166658,LOC121166658,-,-,-,Un,-,ral guanine nucleotide dissociation stimulator-like 1,protein-coding,-,-,-,ral guanine nucleotide dissociation stimulator-like 1,20210420,-
130825,121166659,LOC121166659,-,-,-,Un,-,regulator of G-protein signaling 18-like,protein-coding,-,-,-,regulator of G-protein signaling 18-like,20210420,-
130825,121166660,LOC121166660,-,-,-,Un,-,"beta-1,3-galactosyltransferase 2",protein-coding,-,-,-,"beta-1,3-galactosyltransferase 2",20210420,-
130825,121166661,LOC121166661,-,-,-,Un,-,liprin-alpha-4,protein-coding,-,-,-,liprin-alpha-4,20210420,-
130825,121166662,LOC121166662,-,-,-,Un,-,adenosine receptor A1,protein-coding,-,-,-,adenosine receptor A1,20210420,-
130825,121166663,LOC121166663,-,-,-,Un,-,myogenin-like,protein-coding,-,-,-,myogenin-like,20210420,-
130825,121166664,LOC121166664,-,-,-,Un,-,fibromodulin,protein-coding,-,-,-,fibromodulin,20210420,-
130825,121166665,LOC121166665,-,-,-,Un,-,transmembrane protein 183A,protein-coding,-,-,-,transmembrane protein 183A,20210420,-
130825,121166666,LOC121166666,-,-,-,Un,-,myosin-binding protein H-like,protein-coding,-,-,-,myosin-binding protein H-like,20210420,-
130825,121166667,LOC121166667,-,-,-,Un,-,chitinase-3-like protein 1,protein-coding,-,-,-,chitinase-3-like protein 1,20210420,-
130825,121166668,LOC121166668,-,-,-,Un,-,chitotriosidase-1-like,protein-coding,-,-,-,chitotriosidase-1-like,20210420,-
130825,121166669,LOC121166669,-,-,-,Un,-,protein BTG2,protein-coding,-,-,-,protein BTG2,20210420,-
130825,121166670,LOC121166670,-,-,-,Un,-,60S ribosomal protein L36-like,pseudo,-,-,-,-,20210420,-
130825,121166671,LOC121166671,-,-,-,Un,-,prolargin-like,protein-coding,-,-,-,prolargin-like,20210420,-
130825,121166672,LOC121166672,-,-,-,Un,-,U6 spliceosomal RNA,snRNA,-,-,-,-,20210420,-
130825,121166673,LOC121166673,-,-,-,Un,-,F-box only protein 28,protein-coding,-,-,-,F-box only protein 28,20210420,-
130825,121166674,LOC121166674,-,-,-,Un,-,transcription and mRNA export factor ENY2-like,pseudo,-,-,-,-,20210420,-
130825,121166675,LOC121166675,-,-,-,Un,-,"KH domain-containing, RNA-binding, signal transduction-associated protein 3",protein-coding,-,-,-,"KH domain-containing, RNA-binding, signal transduction-associated protein 3",20210420,-
130825,121166676,LOC121166676,-,-,-,Un,-,transcription factor SOX-2-like,pseudo,-,-,-,-,20210420,-
130825,121166677,LOC121166677,-,-,-,Un,-,transcription factor SOX-2-like,pseudo,-,-,-,-,20210420,-
130825,121166678,LOC121166678,-,-,-,Un,-,methyl-CpG-binding domain protein 3-like 2B,protein-coding,-,-,-,methyl-CpG-binding domain protein 3-like 2B,20210420,-
130825,121166679,LOC121166679,-,-,-,Un,-,transcription factor SOX-2-like,pseudo,-,-,-,-,20210420,-
130825,121166680,LOC121166680,-,-,-,Un,-,integrator complex subunit 2,protein-coding,-,-,-,integrator complex subunit 2,20210420,-
130825,121166681,LOC121166681,-,-,-,Un,-,uncharacterized LOC121166681,ncRNA,-,-,-,-,20210420,-
130825,121166682,LOC121166682,-,-,-,Un,-,40S ribosomal protein S23-like,pseudo,-,-,-,-,20210420,-
130825,121166683,LOC121166683,-,-,-,Un,-,protein CDV3 homolog,protein-coding,-,-,-,protein CDV3 homolog,20210420,-
130825,121166684,BHLHE22,-,-,-,Un,-,basic helix-loop-helix family member e22,protein-coding,-,-,-,class E basic helix-loop-helix protein 22,20210420,-
130825,121166685,LOC121166685,-,-,-,Un,-,DNA topoisomerase 2-binding protein 1-like,protein-coding,-,-,-,DNA topoisomerase 2-binding protein 1-like,20210420,-
130825,121166686,LOC121166686,-,-,-,Un,-,uncharacterized LOC121166686,ncRNA,-,-,-,-,20210420,-
130825,121166687,LOC121166687,-,-,-,Un,-,ubiquitin-conjugating enzyme E2 S-like,pseudo,-,-,-,-,20210420,-
130825,121166688,LOC121166688,-,-,-,Un,-,small nucleolar RNA U13,snoRNA,-,-,-,-,20210420,-
130825,121166689,LOC121166689,-,-,-,Un,-,uncharacterized LOC121166689,ncRNA,-,-,-,-,20210420,-
130825,121166690,LOC121166690,-,-,-,Un,-,acidic amino acid decarboxylase GADL1-like,protein-coding,-,-,-,acidic amino acid decarboxylase GADL1-like,20210420,-
130825,121166691,LOC121166691,-,-,-,Un,-,kinesin-like protein KIF2A,protein-coding,-,-,-,kinesin-like protein KIF2A,20210420,-
130825,121166692,LOC121166692,-,-,-,Un,-,probable dimethyladenosine transferase,protein-coding,-,-,-,probable dimethyladenosine transferase,20210420,-
130825,121166693,LOC121166693,-,-,-,Un,-,leucine-rich repeat-containing protein 70-like,protein-coding,-,-,-,leucine-rich repeat-containing protein 70-like,20210420,-
130825,121166694,LOC121166694,-,-,-,Un,-,uncharacterized LOC121166694,ncRNA,-,-,-,-,20210420,-
130825,121166695,LOC121166695,-,-,-,Un,-,importin-11-like,protein-coding,-,-,-,importin-11-like,20210420,-
130825,121166696,LOC121166696,-,-,-,Un,-,splicing regulatory glutamine/lysine-rich protein 1-like,protein-coding,-,-,-,splicing regulatory glutamine/lysine-rich protein 1-like,20210420,-
130825,121166697,LOC121166697,-,-,-,Un,-,uncharacterized LOC121166697,ncRNA,-,-,-,-,20210420,-
130825,121166698,TTPA,-,-,-,Un,-,alpha tocopherol transfer protein,protein-coding,-,-,-,alpha-tocopherol transfer protein,20210420,-
130825,121166699,LOC121166699,-,-,-,Un,-,vasculin-like,protein-coding,-,-,-,vasculin-like,20210420,-
130825,121166700,LOC121166700,-,-,-,Un,-,uncharacterized protein C6orf62 homolog,protein-coding,-,-,-,uncharacterized protein C6orf62 homolog,20210420,-
130825,121166701,LOC121166701,-,-,-,Un,-,splicing regulatory glutamine/lysine-rich protein 1-like,protein-coding,-,-,-,LOW QUALITY PROTEIN: splicing regulatory glutamine/lysine-rich protein 1-like,20210420,-
130825,121166702,LOC121166702,-,-,-,Un,-,uncharacterized LOC121166702,ncRNA,-,-,-,-,20210420,-
130825,121166703,LOC121166703,-,-,-,Un,-,glial cell line-derived neurotrophic factor,protein-coding,-,-,-,glial cell line-derived neurotrophic factor,20210420,-
130825,121166704,LOC121166704,-,-,-,Un,-,diacylglycerol O-acyltransferase 2-like protein 6,protein-coding,-,-,-,diacylglycerol O-acyltransferase 2-like protein 6,20210420,-
130825,121166705,LOC121166705,-,-,-,Un,-,probable G-protein coupled receptor 82,protein-coding,-,-,-,probable G-protein coupled receptor 82,20210420,-
130825,121166706,LOC121166706,-,-,-,Un,-,amine oxidase [flavin-containing] A,protein-coding,-,-,-,amine oxidase [flavin-containing] A,20210420,-
130825,121166707,LOC121166707,-,-,-,Un,-,uncharacterized LOC121166707,ncRNA,-,-,-,-,20210420,-
130825,121166708,LOC121166708,-,-,-,Un,-,amine oxidase [flavin-containing] B-like,protein-coding,-,-,-,amine oxidase [flavin-containing] B-like,20210420,-
130825,121166709,LOC121166709,-,-,-,Un,-,UV excision repair protein RAD23 homolog A-like,protein-coding,-,-,-,UV excision repair protein RAD23 homolog A-like,20210420,-
130825,121166710,LOC121166710,-,-,-,Un,-,protein Jade-3-like,protein-coding,-,-,-,protein Jade-3-like,20210420,-
130825,121166711,TNFAIP8,-,-,-,Un,-,TNF alpha induced protein 8,protein-coding,-,-,-,tumor necrosis factor alpha-induced protein 8,20210420,-
130825,121166712,LOC121166712,-,-,-,Un,-,protein-serine O-palmitoleoyltransferase porcupine,protein-coding,-,-,-,protein-serine O-palmitoleoyltransferase porcupine,20210420,-
130825,121166713,LOC121166713,-,-,-,Un,-,"isocitrate dehydrogenase [NAD] subunit beta, mitochondrial-like",protein-coding,-,-,-,"LOW QUALITY PROTEIN: isocitrate dehydrogenase [NAD] subunit beta, mitochondrial-like",20210420,-
130825,121166714,LOC121166714,-,-,-,Un,-,fructose-bisphosphate aldolase A-like,protein-coding,-,-,-,fructose-bisphosphate aldolase A-like,20210420,-
130825,121166715,LOC121166715,-,-,-,Un,-,ADP-ribosylation factor 1-like,pseudo,-,-,-,-,20210420,-
130825,121166716,LOC121166716,-,-,-,Un,-,ADP-ribosylation factor-like protein 6-interacting protein 1,pseudo,-,-,-,-,20210420,-
130825,121166717,LOC121166717,-,-,-,Un,-,UV excision repair protein RAD23 homolog B-like,protein-coding,-,-,-,UV excision repair protein RAD23 homolog B-like,20210420,-
130825,121166718,LOC121166718,-,-,-,Un,-,protein SSXA1-like,protein-coding,-,-,-,protein SSXA1-like,20210420,-
130825,121166719,LOC121166719,-,-,-,Un,-,sodium-coupled neutral amino acid transporter 5-like,protein-coding,-,-,-,sodium-coupled neutral amino acid transporter 5-like,20210420,-
130825,121166720,LOC121166720,-,-,-,Un,-,regucalcin-like,protein-coding,-,-,-,regucalcin-like,20210420,-
130825,121166721,LOC121166721,-,-,-,Un,-,40S ribosomal protein S12-like,protein-coding,-,-,-,40S ribosomal protein S12-like,20210420,-
130825,121166722,LOC121166722,-,-,-,Un,-,RNA-binding protein 10,protein-coding,-,-,-,RNA-binding protein 10,20210420,-
130825,121166723,LOC121166723,-,-,-,Un,-,U1 spliceosomal RNA,snRNA,-,-,-,-,20210420,-
130825,121166724,LOC121166724,-,-,-,Un,-,"NADH dehydrogenase [ubiquinone] 1 beta subcomplex subunit 11, mitochondrial-like",protein-coding,-,-,-,"NADH dehydrogenase [ubiquinone] 1 beta subcomplex subunit 11, mitochondrial-like",20210420,-
130825,121166725,LOC121166725,-,-,-,Un,-,ubiquitin-like modifier-activating enzyme 1,protein-coding,-,-,-,ubiquitin-like modifier-activating enzyme 1,20210420,-
130825,121166726,LOC121166726,-,-,-,Un,-,U1 spliceosomal RNA,pseudo,-,-,-,-,20210420,-
130825,121166727,LOC121166727,-,-,-,Un,-,cyclin-dependent kinase 16-like,protein-coding,-,-,-,cyclin-dependent kinase 16-like,20210420,-
130825,121166728,LOC121166728,-,-,-,Un,-,ubiquitin carboxyl-terminal hydrolase 11,protein-coding,-,-,-,ubiquitin carboxyl-terminal hydrolase 11,20210420,-
130825,121166729,LOC121166729,-,-,-,Un,-,synapsin-1,protein-coding,-,-,-,synapsin-1,20210420,-
130825,121166730,LOC121166730,-,-,-,Un,-,serine/threonine-protein kinase A-Raf,protein-coding,-,-,-,serine/threonine-protein kinase A-Raf,20210420,-
130825,121166731,LOC121166731,-,-,-,Un,-,U2 spliceosomal RNA,pseudo,-,-,-,-,20210420,-
130825,121166732,LOC121166732,-,-,-,Un,-,metalloproteinase inhibitor 1,protein-coding,-,-,-,metalloproteinase inhibitor 1,20210420,-
130825,121166733,LOC121166733,-,-,-,Un,-,properdin-like,protein-coding,-,-,-,properdin-like,20210420,-
130825,121166734,LOC121166734,-,-,-,Un,-,ETS domain-containing protein Elk-1,protein-coding,-,-,-,ETS domain-containing protein Elk-1,20210420,-
130825,121166735,LOC121166735,-,-,-,Un,-,protein UXT,protein-coding,-,-,-,protein UXT,20210420,-
130825,121166736,LOC121166736,-,-,-,Un,-,zinc finger protein 81-like,protein-coding,-,-,-,zinc finger protein 81-like,20210420,-
130825,121166737,LOC121166737,-,-,-,Un,-,U2 spliceosomal RNA,pseudo,-,-,-,-,20210420,-
130825,121166738,LOC121166738,-,-,-,Un,-,zinc finger protein 182-like,protein-coding,-,-,-,zinc finger protein 182-like,20210420,-
130825,121166739,LOC121166739,-,-,-,Un,-,putative tRNA (cytidine(32)/guanosine(34)-2'-O)-methyltransferase,protein-coding,-,-,-,putative tRNA (cytidine(32)/guanosine(34)-2'-O)-methyltransferase,20210420,-
130825,121166740,LOC121166740,-,-,-,Un,-,"3-beta-hydroxysteroid-Delta(8),Delta(7)-isomerase",protein-coding,-,-,-,"3-beta-hydroxysteroid-Delta(8),Delta(7)-isomerase",20210420,-
130825,121166741,LOC121166741,-,-,-,Un,-,U4 spliceosomal RNA,pseudo,-,-,-,-,20210420,-
130825,121166742,LOC121166742,-,-,-,Un,-,TBC1 domain family member 25,protein-coding,-,-,-,TBC1 domain family member 25,20210420,-
130825,121166743,LOC121166743,-,-,-,Un,-,RNA-binding protein 3,protein-coding,-,-,-,RNA-binding protein 3,20210420,-
130825,121166744,LOC121166744,-,-,-,Un,-,WD repeat-containing protein 13,protein-coding,-,-,-,WD repeat-containing protein 13,20210420,-
130825,121166745,LOC121166745,-,-,-,Un,-,U4 spliceosomal RNA,pseudo,-,-,-,-,20210420,-
130825,121166746,LOC121166746,-,-,-,Un,-,wiskott-Aldrich syndrome protein,protein-coding,-,-,-,wiskott-Aldrich syndrome protein,20210420,-
130825,121166747,LOC121166747,-,-,-,Un,-,histone-lysine N-methyltransferase SUV39H1,protein-coding,-,-,-,histone-lysine N-methyltransferase SUV39H1,20210420,-
130825,121166748,LOC121166748,-,-,-,Un,-,sperm acrosome-associated protein 5-like,protein-coding,-,-,-,sperm acrosome-associated protein 5-like,20210420,-
130825,121166749,LOC121166749,-,-,-,Un,-,U1 spliceosomal RNA,pseudo,-,-,-,-,20210420,-
130825,121166750,LOC121166750,-,-,-,Un,-,small nucleolar RNA SNORA51,snoRNA,-,-,-,-,20210420,-
130825,121166751,LOC121166751,-,-,-,Un,-,U4 spliceosomal RNA,pseudo,-,-,-,-,20210420,-
130825,121166752,LOC121166752,-,-,-,Un,-,SH3 domain-containing kinase-binding protein 1-like,protein-coding,-,-,-,SH3 domain-containing kinase-binding protein 1-like,20210420,-
130825,121166753,LOC121166753,-,-,-,Un,-,glycine receptor subunit alpha-2,protein-coding,-,-,-,glycine receptor subunit alpha-2,20210420,-
130825,121166754,LOC121166754,-,-,-,Un,-,U6 spliceosomal RNA,snRNA,-,-,-,-,20210420,-
130825,121166755,LOC121166755,-,-,-,Un,-,U6 spliceosomal RNA,snRNA,-,-,-,-,20210420,-
130825,121166756,LOC121166756,-,-,-,Un,-,uncharacterized LOC121166756,ncRNA,-,-,-,-,20210420,-
130825,121166757,LOC121166757,-,-,-,Un,-,uncharacterized LOC121166757,ncRNA,-,-,-,-,20210420,-
130825,121166758,LOC121166758,-,-,-,Un,-,heat shock 70 kDa protein 1-like,protein-coding,-,-,-,heat shock 70 kDa protein 1-like|heat shock 70 kDa protein 1A-like,20210420,-
130825,121166759,LOC121166759,-,-,-,Un,-,heat shock 70 kDa protein 1-like,protein-coding,-,-,-,heat shock 70 kDa protein 1-like,20210420,-
130825,121166760,LOC121166760,-,-,-,Un,-,U6 spliceosomal RNA,snRNA,-,-,-,-,20210420,-
130825,121166761,LOC121166761,-,-,-,Un,-,heat shock 70 kDa protein 1-like,protein-coding,-,-,-,heat shock 70 kDa protein 1-like|heat shock 70 kDa protein 1A-like,20210420,-
130825,121166762,LOC121166762,-,-,-,Un,-,heat shock 70 kDa protein 1,protein-coding,-,-,-,heat shock 70 kDa protein 1|heat shock 70 kDa protein 1A|heat shock 70 kDa protein 1B,20210420,-
130825,121166763,LOC121166763,-,-,-,Un,-,small nucleolar RNA SNORD52,snoRNA,-,-,-,-,20210420,-
130825,121166764,LOC121166764,-,-,-,Un,-,U6 spliceosomal RNA,snRNA,-,-,-,-,20210420,-
130825,121166765,LOC121166765,-,-,-,Un,-,small nucleolar RNA SNORD48,snoRNA,-,-,-,-,20210420,-
130825,121166766,LOC121166766,-,-,-,Un,-,glutathione peroxidase 2-like,protein-coding,-,-,-,glutathione peroxidase 2-like,20210420,-
130825,121166767,LOC121166767,-,-,-,Un,-,ras-related protein Rab-15-like,protein-coding,-,-,-,ras-related protein Rab-15-like,20210420,-
130825,121166768,LOC121166768,-,-,-,Un,-,uncharacterized LOC121166768,ncRNA,-,-,-,-,20210420,-
130825,121166769,LOC121166769,-,-,-,Un,-,protein phosphatase 1A,protein-coding,-,-,-,protein phosphatase 1A,20210420,-
130825,121166770,LOC121166770,-,-,-,Un,-,zinc finger protein 260-like,protein-coding,-,-,-,zinc finger protein 260-like,20210420,-
130825,121166771,LOC121166771,-,-,-,Un,-,kelch domain-containing protein 4-like,protein-coding,-,-,-,kelch domain-containing protein 4-like,20210420,-
130825,121166772,LOC121166772,-,-,-,Un,-,junctophilin-3-like,protein-coding,-,-,-,junctophilin-3-like,20210420,-
130825,121166773,LOC121166773,-,-,-,Un,-,U6 spliceosomal RNA,snRNA,-,-,-,-,20210420,-
130825,121166774,LOC121166774,-,-,-,Un,-,ubiquitin carboxyl-terminal hydrolase CYLD,protein-coding,-,-,-,ubiquitin carboxyl-terminal hydrolase CYLD,20210420,-
130825,121166775,LOC121166775,-,-,-,Un,-,ankyrin repeat domain-containing protein SOWAHC-like,protein-coding,-,-,-,ankyrin repeat domain-containing protein SOWAHC-like,20210420,-
130825,121166776,LOC121166776,-,-,-,Un,-,U6 spliceosomal RNA,snRNA,-,-,-,-,20210420,-
130825,121166777,LOC121166777,-,-,-,Un,-,uncharacterized LOC121166777,ncRNA,-,-,-,-,20210420,-
130825,121166778,LOC121166778,-,-,-,Un,-,uncharacterized LOC121166778,ncRNA,-,-,-,-,20210420,-
130825,121166779,LOC121166779,-,-,-,Un,-,uncharacterized LOC121166779,ncRNA,-,-,-,-,20210420,-
130825,121166780,LOC121166780,-,-,-,Un,-,melanoma inhibitory activity protein 2-like,protein-coding,-,-,-,melanoma inhibitory activity protein 2-like,20210420,-
130825,121166781,LOC121166781,-,-,-,Un,-,"ATP synthase membrane subunit K, mitochondrial-like",pseudo,-,-,-,-,20210420,-
130825,121166782,LOC121166782,-,-,-,Un,-,small nucleolar RNA SNORA70,snoRNA,-,-,-,-,20210420,-
130825,121166783,LOC121166783,-,-,-,Un,-,putative cTAGE family member 3,protein-coding,-,-,-,putative cTAGE family member 3,20210420,-
130825,121166784,LOC121166784,-,-,-,Un,-,uncharacterized LOC121166784,ncRNA,-,-,-,-,20210420,-
130825,121166785,LOC121166785,-,-,-,Un,-,cullin-1,protein-coding,-,-,-,cullin-1,20210420,-
130825,121166786,LOC121166786,-,-,-,Un,-,histone-lysine N-methyltransferase EZH2,protein-coding,-,-,-,histone-lysine N-methyltransferase EZH2,20210420,-
130825,121166787,LOC121166787,-,-,-,Un,-,small nucleolar RNA SNORD87,snoRNA,-,-,-,-,20210420,-
130825,121166788,LOC121166788,-,-,-,Un,-,protein disulfide-isomerase A4,protein-coding,-,-,-,protein disulfide-isomerase A4,20210420,-
130825,121166789,LOC121166789,-,-,-,Un,-,zinc finger protein 786-like,protein-coding,-,-,-,zinc finger protein 786-like,20210420,-
130825,121166790,LOC121166790,-,-,-,Un,-,"HLA class I histocompatibility antigen, A alpha chain-like",protein-coding,-,-,-,"HLA class I histocompatibility antigen, A alpha chain-like",20210420,-
130825,121166791,LOC121166791,-,-,-,Un,-,E3 ubiquitin-protein ligase TRIM39-like,protein-coding,-,-,-,E3 ubiquitin-protein ligase TRIM39-like,20210420,-
130825,121166792,LOC121166792,-,-,-,Un,-,"HLA class I histocompatibility antigen, A alpha chain-like",protein-coding,-,-,-,"HLA class I histocompatibility antigen, A alpha chain-like",20210420,-
130825,121166793,LOC121166793,-,-,-,Un,-,small nucleolar RNA U13,snoRNA,-,-,-,-,20210420,-
130825,121166794,LOC121166794,-,-,-,Un,-,"patr class I histocompatibility antigen, alpha chain E-like",protein-coding,-,-,-,"patr class I histocompatibility antigen, alpha chain E-like",20210420,-
130825,121166795,LOC121166795,-,-,-,Un,-,ribonuclease P protein subunit p21,protein-coding,-,-,-,ribonuclease P protein subunit p21,20210420,-
130825,121166796,LOC121166796,-,-,-,Un,-,uncharacterized LOC121166796,ncRNA,-,-,-,-,20210420,-
130825,121166797,LOC121166797,-,-,-,Un,-,uncharacterized LOC121166797,ncRNA,-,-,-,-,20210420,-
130825,121166798,LOC121166798,-,-,-,Un,-,E3 ubiquitin-protein ligase Hakai,protein-coding,-,-,-,E3 ubiquitin-protein ligase Hakai,20210420,-
130825,121166799,LOC121166799,-,-,-,Un,-,inhibitor of growth protein 3,protein-coding,-,-,-,inhibitor of growth protein 3,20210420,-
130825,121166800,TRNAR-ACG,-,-,-,Un,-,transfer RNA arginine (anticodon ACG),tRNA,-,-,-,-,20210420,-
130825,121166801,LOC121166801,-,-,-,Un,-,carboxypeptidase A2-like,protein-coding,-,-,-,carboxypeptidase A2-like,20210420,-
130825,121166802,LOC121166802,-,-,-,Un,-,coiled-coil domain-containing protein 93-like,protein-coding,-,-,-,coiled-coil domain-containing protein 93-like,20210420,-
130825,121166803,LOC121166803,-,-,-,Un,-,torsin-1A-interacting protein 2-like,protein-coding,-,-,-,torsin-1A-interacting protein 2-like,20210420,-
130825,121166804,LOC121166804,-,-,-,Un,-,X-ray repair cross-complementing protein 6-like,pseudo,-,-,-,-,20210420,-
130825,121166805,TRNAY-GUA,-,-,-,Un,-,transfer RNA tyrosine (anticodon GUA),tRNA,-,-,-,-,20210420,-
130825,121166806,LOC121166806,-,-,-,Un,-,poly(A) RNA polymerase GLD2-like,protein-coding,-,-,-,poly(A) RNA polymerase GLD2-like,20210420,-
130825,121166807,LOC121166807,-,-,-,Un,-,V-type proton ATPase subunit G 2,protein-coding,-,-,-,V-type proton ATPase subunit G 2,20210424,-
130825,121166808,LOC121166808,-,-,-,Un,-,"patr class I histocompatibility antigen, B-2 alpha chain-like",protein-coding,-,-,-,"patr class I histocompatibility antigen, B-2 alpha chain-like",20210420,-
130825,121166809,LOC121166809,-,-,-,Un,-,"patr class I histocompatibility antigen, B-2 alpha chain-like",protein-coding,-,-,-,"patr class I histocompatibility antigen, B-2 alpha chain-like",20210420,-
130825,121166810,TRNAY-GUA,-,-,-,Un,-,transfer RNA tyrosine (anticodon GUA),tRNA,-,-,-,-,20210420,-
130825,121166811,LOC121166811,-,-,-,Un,-,"patr class I histocompatibility antigen, B-2 alpha chain-like",protein-coding,-,-,-,"patr class I histocompatibility antigen, B-2 alpha chain-like",20210420,-
130825,121166812,LOC121166812,-,-,-,Un,-,"patr class I histocompatibility antigen, A-108 alpha chain-like",protein-coding,-,-,-,"patr class I histocompatibility antigen, A-108 alpha chain-like",20210420,-
130825,121166813,LOC121166813,-,-,-,Un,-,"class I histocompatibility antigen, Gogo-B*0101 alpha chain-like",protein-coding,-,-,-,"H-2 class I histocompatibility antigen, Q9 alpha chain-like|class I histocompatibility antigen, Gogo-B*0101 alpha chain-like|class I histocompatibility antigen, Gogo-B*0103 alpha chain-like",20210420,-
130825,121166814,LOC121166814,-,-,-,Un,-,"class I histocompatibility antigen, Gogo-B*0101 alpha chain-like",pseudo,-,-,-,-,20210420,-
130825,121166815,LOC121166815,-,-,-,Un,-,nibrin-like,protein-coding,-,-,-,nibrin-like,20210420,-
130825,121166816,LOC121166816,-,-,-,Un,-,uncharacterized LOC121166816,ncRNA,-,-,-,-,20210420,-
130825,121166817,LOC121166817,-,-,-,Un,-,spliceosome RNA helicase DDX39B,protein-coding,-,-,-,spliceosome RNA helicase DDX39B,20210424,-
130825,121166818,LOC121166818,-,-,-,Un,-,"class I histocompatibility antigen, Gogo-C*0203 alpha chain-like",protein-coding,-,-,-,"class I histocompatibility antigen, Gogo-C*0203 alpha chain-like",20210420,-
130825,121166819,MCCD1,-,-,-,Un,-,mitochondrial coiled-coil domain 1,protein-coding,-,-,-,LOW QUALITY PROTEIN: mitochondrial coiled-coil domain protein 1,20210420,-
130825,121166820,LOC121166820,-,-,-,Un,-,small nucleolar RNA SNORD83,snoRNA,-,-,-,-,20210420,-
130825,121166821,LOC121166821,-,-,-,Un,-,small nucleolar RNA SNORD83,snoRNA,-,-,-,-,20210420,-
130825,121166822,LOC121166822,-,-,-,Un,-,zinc finger protein 366-like,protein-coding,-,-,-,zinc finger protein 366-like,20210420,-
130825,121166823,LOC121166823,-,-,-,Un,-,transcription factor TFIIIB component B'' homolog,protein-coding,-,-,-,transcription factor TFIIIB component B'' homolog,20210420,-
130825,121166824,LOC121166824,-,-,-,Un,-,TBC1 domain family member 24,protein-coding,-,-,-,TBC1 domain family member 24,20210420,-
130825,121166825,LOC121166825,-,-,-,Un,-,A disintegrin and metalloproteinase with thrombospondin motifs 2-like,protein-coding,-,-,-,A disintegrin and metalloproteinase with thrombospondin motifs 2-like,20210420,-
130825,121166826,LOC121166826,-,-,-,Un,-,netrin-3-like,pseudo,-,-,-,-,20210420,-
130825,121166827,LOC121166827,-,-,-,Un,-,coiled-coil-helix-coiled-coil-helix domain-containing protein 2-like,protein-coding,-,-,-,coiled-coil-helix-coiled-coil-helix domain-containing protein 2-like,20210420,-
130825,121166828,LOC121166828,-,-,-,Un,-,"phosphorylase b kinase gamma catalytic chain, skeletal muscle/heart isoform",protein-coding,-,-,-,"phosphorylase b kinase gamma catalytic chain, skeletal muscle/heart isoform",20210420,-
130825,121166829,LOC121166829,-,-,-,Un,-,inactive C-alpha-formylglycine-generating enzyme 2,protein-coding,-,-,-,inactive C-alpha-formylglycine-generating enzyme 2,20210420,-
130825,121166830,LOC121166830,-,-,-,Un,-,"enoyl-CoA hydratase domain-containing protein 2, mitochondrial-like",protein-coding,-,-,-,"enoyl-CoA hydratase domain-containing protein 2, mitochondrial-like",20210420,-
130825,121166831,LOC121166831,-,-,-,Un,-,"dynein heavy chain 14, axonemal-like",protein-coding,-,-,-,"dynein heavy chain 14, axonemal-like|uncharacterized protein LOC121166831",20210420,-
130825,121166832,LOC121166832,-,-,-,Un,-,uncharacterized LOC121166832,ncRNA,-,-,-,-,20210420,-
130825,121166833,LOC121166833,-,-,-,Un,-,uncharacterized LOC121166833,ncRNA,-,-,-,-,20210420,-
130825,121166834,LOC121166834,-,-,-,Un,-,uncharacterized LOC121166834,ncRNA,-,-,-,-,20210420,-
130825,121166835,LOC121166835,-,-,-,Un,-,guanine nucleotide exchange factor subunit RIC1-like,protein-coding,-,-,-,guanine nucleotide exchange factor subunit RIC1-like,20210420,-
130825,121166836,LOC121166836,-,-,-,Un,-,zinc finger protein 33B-like,protein-coding,-,-,-,zinc finger protein 33B-like,20210420,-
130825,121166837,LOC121166837,-,-,-,Un,-,butyrophilin-like protein 1,protein-coding,-,-,-,butyrophilin-like protein 1,20210420,-
130825,121166838,LOC121166838,-,-,-,Un,-,E3 ubiquitin-protein ligase MARCHF5,protein-coding,-,-,-,E3 ubiquitin-protein ligase MARCHF5,20210501,-
130825,121166839,LOC121166839,-,-,-,Un,-,protein Jumonji-like,protein-coding,-,-,-,protein Jumonji-like,20210420,-
130825,121166840,LOC121166840,-,-,-,Un,-,dysbindin-like,protein-coding,-,-,-,dysbindin-like,20210420,-
130825,121166841,LOC121166841,-,-,-,Un,-,prostaglandin-E(2) 9-reductase-like,protein-coding,-,-,-,prostaglandin-E(2) 9-reductase-like,20210420,-
130825,121166842,LOC121166842,-,-,-,Un,-,prostaglandin-E(2) 9-reductase-like,protein-coding,-,-,-,prostaglandin-E(2) 9-reductase-like,20210420,-
130825,121166843,LOC121166843,-,-,-,Un,-,TBC1 domain family member 9B-like,protein-coding,-,-,-,LOW QUALITY PROTEIN: TBC1 domain family member 9B-like,20210420,-
130825,121166844,LOC121166844,-,-,-,Un,-,uncharacterized LOC121166844,ncRNA,-,-,-,-,20210420,-
130825,121166845,LOC121166845,-,-,-,Un,-,germ cell-specific gene 1 protein-like,protein-coding,-,-,-,germ cell-specific gene 1 protein-like,20210420,-
130825,121166846,LOC121166846,-,-,-,Un,-,G-protein coupled receptor family C group 5 member D-like,protein-coding,-,-,-,G-protein coupled receptor family C group 5 member D-like,20210420,-
130825,121166847,LOC121166847,-,-,-,Un,-,retinoic acid-induced protein 3-like,protein-coding,-,-,-,retinoic acid-induced protein 3-like,20210420,-
130825,121166848,LOC121166848,-,-,-,Un,-,epithelial membrane protein 1-like,protein-coding,-,-,-,epithelial membrane protein 1-like,20210420,-
130825,121166849,LOC121166849,-,-,-,Un,-,protein FAM234B-like,protein-coding,-,-,-,protein FAM234B-like,20210420,-
130825,121166850,LOC121166850,-,-,-,Un,-,heme-binding protein 1,protein-coding,-,-,-,heme-binding protein 1,20210420,-
130825,121166851,LOC121166851,-,-,-,Un,-,probable ATP-dependent RNA helicase DDX47,protein-coding,-,-,-,probable ATP-dependent RNA helicase DDX47,20210420,-
130825,121166852,LOC121166852,-,-,-,Un,-,uncharacterized LOC121166852,ncRNA,-,-,-,-,20210420,-
130825,121166853,LOC121166853,-,-,-,Un,-,cyclin-dependent kinase inhibitor 1B,protein-coding,-,-,-,cyclin-dependent kinase inhibitor 1B,20210420,-
130825,121166854,LOC121166854,-,-,-,Un,-,uncharacterized LOC121166854,ncRNA,-,-,-,-,20210420,-
130825,121166855,LOC121166855,-,-,-,Un,-,uncharacterized LOC121166855,ncRNA,-,-,-,-,20210420,-
130825,121166856,LOC121166856,-,-,-,Un,-,probable G-protein coupled receptor 19,protein-coding,-,-,-,probable G-protein coupled receptor 19,20210420,-
130825,121166857,LOC121166857,-,-,-,Un,-,eukaryotic translation initiation factor 3 subunit K-like,pseudo,-,-,-,-,20210420,-
130825,121166858,LOC121166858,-,-,-,Un,-,apolipoprotein L domain-containing protein 1-like,protein-coding,-,-,-,apolipoprotein L domain-containing protein 1-like,20210420,-
130825,121166859,LOC121166859,-,-,-,Un,-,uncharacterized LOC121166859,ncRNA,-,-,-,-,20210420,-
130825,121166860,LOC121166860,-,-,-,Un,-,"glycogen phosphorylase, brain form-like",protein-coding,-,-,-,"glycogen phosphorylase, brain form-like",20210420,-
130825,121166861,LOC121166861,-,-,-,Un,-,lysophosphatidylserine lipase ABHD12-like,protein-coding,-,-,-,lysophosphatidylserine lipase ABHD12-like,20210420,-
130825,121166862,LOC121166862,-,-,-,Un,-,"b(0,+)-type amino acid transporter 1",protein-coding,-,-,-,"b(0,+)-type amino acid transporter 1",20210420,-
130825,121166863,LOC121166863,-,-,-,Un,-,protein YIF1B,protein-coding,-,-,-,protein YIF1B,20210420,-
130825,121166864,LOC121166864,-,-,-,Un,-,kunitz-type protease inhibitor 2-like,protein-coding,-,-,-,kunitz-type protease inhibitor 2-like,20210420,-
130825,121166865,LOC121166865,-,-,-,Un,-,eukaryotic translation initiation factor 3 subunit K-like,protein-coding,-,-,-,eukaryotic translation initiation factor 3 subunit K-like,20210420,-
130825,121166866,LOC121166866,-,-,-,Un,-,zinc finger protein 540-like,protein-coding,-,-,-,LOW QUALITY PROTEIN: zinc finger protein 540-like,20210420,-
130825,121166867,LOC121166867,-,-,-,Un,-,protein phosphatase 1 regulatory subunit 14A,protein-coding,-,-,-,protein phosphatase 1 regulatory subunit 14A,20210420,-
130825,121166868,LOC121166868,-,-,-,Un,-,potassium channel subfamily K member 6,protein-coding,-,-,-,potassium channel subfamily K member 6,20210420,-
130825,121166869,LOC121166869,-,-,-,Un,-,proteasome subunit alpha type-4-like,protein-coding,-,-,-,proteasome subunit alpha type-4-like,20210420,-
130825,121166870,LOC121166870,-,-,-,Un,-,zinc finger protein neuro-d4,protein-coding,-,-,-,zinc finger protein neuro-d4,20210420,-
130825,121166871,LOC121166871,-,-,-,Un,-,zinc finger protein 420,protein-coding,-,-,-,zinc finger protein 345|zinc finger protein 420|zinc finger protein 850,20210420,-
130825,121166872,LOC121166872,-,-,-,Un,-,signal-induced proliferation-associated 1-like protein 3,protein-coding,-,-,-,signal-induced proliferation-associated 1-like protein 3,20210420,-
130825,121166873,LOC121166873,-,-,-,Un,-,RAS guanyl-releasing protein 4-like,protein-coding,-,-,-,RAS guanyl-releasing protein 4-like,20210420,-
130825,121166874,LOC121166874,-,-,-,Un,-,"sprouty-related, EVH1 domain-containing protein 3",protein-coding,-,-,-,"sprouty-related, EVH1 domain-containing protein 3",20210420,-
130825,121166875,LOC121166875,-,-,-,Un,-,protein FAM98C-like,protein-coding,-,-,-,protein FAM98C-like,20210420,-
130825,121166876,LOC121166876,-,-,-,Un,-,ryanodine receptor 1-like,protein-coding,-,-,-,ryanodine receptor 1-like,20210420,-
130825,121166877,LOC121166877,-,-,-,Un,-,mitogen-activated protein kinase kinase kinase kinase 1,protein-coding,-,-,-,mitogen-activated protein kinase kinase kinase kinase 1,20210420,-
130825,121166878,LOC121166878,-,-,-,Un,-,40S ribosomal protein S14-like,protein-coding,-,-,-,40S ribosomal protein S14-like,20210420,-
130825,121166879,LOC121166879,-,-,-,Un,-,eukaryotic translation initiation factor 3 subunit K,protein-coding,-,-,-,eukaryotic translation initiation factor 3 subunit K,20210420,-
130825,121166880,LOC121166880,-,-,-,Un,-,cation channel sperm-associated protein subunit gamma-like,protein-coding,-,-,-,cation channel sperm-associated protein subunit gamma-like,20210420,-
130825,121166881,LOC121166881,-,-,-,Un,-,eukaryotic translation initiation factor 3 subunit K-like,protein-coding,-,-,-,eukaryotic translation initiation factor 3 subunit K-like,20210420,-
130825,121166882,LOC121166882,-,-,-,Un,-,40S ribosomal protein S15a-like,pseudo,-,-,-,-,20210420,-
130825,121166883,LOC121166883,-,-,-,Un,-,zinc finger protein 585A,protein-coding,-,-,-,zinc finger protein 585A,20210420,-
130825,121166884,LOC121166884,-,-,-,Un,-,WD repeat-containing protein 87-like,protein-coding,-,-,-,WD repeat-containing protein 87-like,20210420,-
130825,121166885,LOC121166885,-,-,-,Un,-,26S proteasome non-ATPase regulatory subunit 8-like,protein-coding,-,-,-,26S proteasome non-ATPase regulatory subunit 8-like,20210420,-
130825,121166886,LOC121166886,-,-,-,Un,-,gametogenetin-like,protein-coding,-,-,-,gametogenetin-like,20210420,-
130825,121166887,LOC121166887,-,-,-,Un,-,transmembrane protein 230-like,pseudo,-,-,-,-,20210420,-
130825,121166888,CUNH19orf33,-,-,-,Un,-,chromosome unknown C19orf33 homolog,protein-coding,-,-,-,immortalization up-regulated protein,20210420,-
130825,121166889,LOC121166889,-,-,-,Un,-,U2 spliceosomal RNA,pseudo,-,-,-,-,20210420,-
130825,121166890,LOC121166890,-,-,-,Un,-,glutamate-rich protein 4-like,protein-coding,-,-,-,glutamate-rich protein 4-like,20210420,-
130825,121166891,LOC121166891,-,-,-,Un,-,carcinoembryonic antigen-related cell adhesion molecule 8-like,protein-coding,-,-,-,carcinoembryonic antigen-related cell adhesion molecule 8-like,20210420,-
130825,121166892,LOC121166892,-,-,-,Un,-,distal membrane-arm assembly complex protein 2-like,protein-coding,-,-,-,distal membrane-arm assembly complex protein 2-like,20210420,-
130825,121166893,LOC121166893,-,-,-,Un,-,"UDP-GlcNAc:betaGal beta-1,3-N-acetylglucosaminyltransferase 8-like",protein-coding,-,-,-,"UDP-GlcNAc:betaGal beta-1,3-N-acetylglucosaminyltransferase 8-like",20210420,-
130825,121166894,LOC121166894,-,-,-,Un,-,solute carrier family 41 member 2,protein-coding,-,-,-,solute carrier family 41 member 2,20210420,-
130825,121166895,NANOS2,-,-,-,Un,-,nanos C2HC-type zinc finger 2,protein-coding,-,-,-,nanos homolog 2,20210420,-
130825,121166896,LOC121166896,-,-,-,Un,-,DNA excision repair protein ERCC-1-like,protein-coding,-,-,-,DNA excision repair protein ERCC-1-like,20210420,-
130825,121166897,LOC121166897,-,-,-,Un,-,interferon regulatory factor 2-binding protein 1-like,protein-coding,-,-,-,interferon regulatory factor 2-binding protein 1-like,20210420,-
130825,121166898,SNRPD2,-,-,-,Un,-,small nuclear ribonucleoprotein D2 polypeptide,protein-coding,-,-,-,small nuclear ribonucleoprotein Sm D2,20210501,-
130825,121166899,LOC121166899,-,-,-,Un,-,very-long-chain 3-oxoacyl-CoA reductase-B-like,protein-coding,-,-,-,very-long-chain 3-oxoacyl-CoA reductase-B-like,20210420,-
130825,121166900,LOC121166900,-,-,-,Un,-,protein fosB,protein-coding,-,-,-,protein fosB,20210420,-
130825,121166901,LOC121166901,-,-,-,Un,-,potassium channel subfamily U member 1-like,protein-coding,-,-,-,LOW QUALITY PROTEIN: potassium channel subfamily U member 1-like,20210420,-
130825,121166902,GPR4,-,-,-,Un,-,G protein-coupled receptor 4,protein-coding,-,-,-,G-protein coupled receptor 4,20210420,-
130825,121166903,SIX5,-,-,-,Un,-,SIX homeobox 5,protein-coding,-,-,-,homeobox protein SIX5,20210420,-
130825,121166904,LOC121166904,-,-,-,Un,-,creatine kinase M-type,protein-coding,-,-,-,creatine kinase M-type,20210420,-
130825,121166905,LOC121166905,-,-,-,Un,-,relA-associated inhibitor-like,protein-coding,-,-,-,relA-associated inhibitor-like,20210420,-
130825,121166906,DMPK,-,-,-,Un,-,DM1 protein kinase,protein-coding,-,-,-,myotonin-protein kinase,20210420,-
130825,121166907,LOC121166907,-,-,-,Un,-,"Myb related transcription factor, partner of profilin",protein-coding,-,-,-,"myb-related transcription factor, partner of profilin",20210420,-
130825,121166908,LOC121166908,-,-,-,Un,-,very-long-chain 3-oxoacyl-CoA reductase-B-like,protein-coding,-,-,-,very-long-chain 3-oxoacyl-CoA reductase-B-like,20210420,-
130825,121166909,LOC121166909,-,-,-,Un,-,potassium channel subfamily U member 1-like,protein-coding,-,-,-,LOW QUALITY PROTEIN: potassium channel subfamily U member 1-like,20210420,-
130825,121166910,LOC121166910,-,-,-,Un,-,MAP/microtubule affinity-regulating kinase 4,protein-coding,-,-,-,MAP/microtubule affinity-regulating kinase 4,20210420,-
130825,121166911,LOC121166911,-,-,-,Un,-,general transcription and DNA repair factor IIH helicase subunit XPD,protein-coding,-,-,-,general transcription and DNA repair factor IIH helicase subunit XPD,20210420,-
130825,121166912,LOC121166912,-,-,-,Un,-,kinesin light chain 3,protein-coding,-,-,-,kinesin light chain 3,20210420,-
130825,121166913,RTN2,-,-,-,Un,-,reticulon 2,protein-coding,-,-,-,reticulon-2,20210420,-
130825,121166914,LOC121166914,-,-,-,Un,-,vasodilator stimulated phosphoprotein,protein-coding,-,-,-,vasodilator-stimulated phosphoprotein,20210420,-
130825,121166915,OPA3,-,-,-,Un,-,outer mitochondrial membrane lipid metabolism regulator OPA3,protein-coding,-,-,-,optic atrophy 3 protein,20210420,-
130825,121166916,LOC121166916,-,-,-,Un,-,zinc finger protein OZF-like,protein-coding,-,-,-,LOW QUALITY PROTEIN: zinc finger protein OZF-like,20210420,-
130825,121166917,EML2,-,-,-,Un,-,EMAP like 2,protein-coding,-,-,-,echinoderm microtubule-associated protein-like 2,20210420,-
130825,121166918,QPCTL,-,-,-,Un,-,glutaminyl-peptide cyclotransferase like,protein-coding,-,-,-,glutaminyl-peptide cyclotransferase-like protein,20210420,-
130825,121166919,LOC121166919,-,-,-,Un,-,F-box only protein 46,protein-coding,-,-,-,F-box only protein 46,20210420,-
130825,121166920,LOC121166920,-,-,-,Un,-,RNA-binding protein Nova-2,protein-coding,-,-,-,RNA-binding protein Nova-2,20210420,-
130825,121166921,SYMPK,-,-,-,Un,-,symplekin,protein-coding,-,-,-,symplekin,20210420,-
130825,121166922,LOC121166922,-,-,-,Un,-,centrosomal protein CCDC61,protein-coding,-,-,-,centrosomal protein CCDC61,20210420,-
130825,121166923,LOC121166923,-,-,-,Un,-,peptidoglycan recognition protein 1-like,protein-coding,-,-,-,peptidoglycan recognition protein 1-like,20210420,-
130825,121166924,LOC121166924,-,-,-,Un,-,BRD4-interacting chromatin-remodeling complex-associated protein-like,pseudo,-,-,-,-,20210420,-
130825,121166925,LOC121166925,-,-,-,Un,-,exocyst complex component 3-like protein 2,protein-coding,-,-,-,exocyst complex component 3-like protein 2,20210420,-
130825,121166926,DMWD,-,-,-,Un,-,"DM1 locus, WD repeat containing",protein-coding,-,-,-,dystrophia myotonica WD repeat-containing protein,20210420,-
130825,121166927,LOC121166927,-,-,-,Un,-,DNA-directed RNA polymerase I subunit RPA34-like,protein-coding,-,-,-,DNA-directed RNA polymerase I subunit RPA34-like,20210420,-
130825,121166928,PPM1N,-,-,-,Un,-,"protein phosphatase, Mg2+/Mn2+ dependent 1N (putative)",protein-coding,-,-,-,probable protein phosphatase 1N,20210420,-
130825,121166929,GIPR,-,-,-,Un,-,gastric inhibitory polypeptide receptor,protein-coding,-,-,-,LOW QUALITY PROTEIN: gastric inhibitory polypeptide receptor,20210420,-
130825,121166930,MEIOSIN,-,-,-,Un,-,meiosis initiator,protein-coding,-,-,-,meiosis initiator protein,20210420,-
130825,121166931,RSPH6A,-,-,-,Un,-,radial spoke head 6 homolog A,protein-coding,-,-,-,radial spoke head protein 6 homolog A,20210420,-
130825,121166932,LOC121166932,-,-,-,Un,-,insulin growth factor-like family member 4,protein-coding,-,-,-,insulin growth factor-like family member 4,20210420,-
130825,121166933,LOC121166933,-,-,-,Un,-,insulin growth factor-like family member 1,protein-coding,-,-,-,insulin growth factor-like family member 1,20210420,-
130825,121166934,FOXA3,-,-,-,Un,-,forkhead box A3,protein-coding,-,-,-,hepatocyte nuclear factor 3-gamma,20210420,-
130825,121166935,LOC121166935,-,-,-,Un,-,BRD4-interacting chromatin-remodeling complex-associated protein-like,pseudo,-,-,-,-,20210420,-
130825,121166936,TRNASTOP-UCA,-,-,-,Un,-,transfer RNA opal suppressor (anticodon UCA),tRNA,-,-,-,-,20210420,-
130825,121166937,LOC121166937,-,-,-,Un,-,uncharacterized serine/threonine-protein kinase SBK3-like,protein-coding,-,-,-,LOW QUALITY PROTEIN: uncharacterized serine/threonine-protein kinase SBK3-like,20210420,-
130825,121166938,LOC121166938,-,-,-,Un,-,serine/threonine-protein kinase SBK2-like,protein-coding,-,-,-,serine/threonine-protein kinase SBK2-like,20210420,-
130825,121166939,LOC121166939,-,-,-,Un,-,uncharacterized LOC121166939,ncRNA,-,-,-,-,20210420,-
130825,121166940,LOC121166940,-,-,-,Un,-,uncharacterized LOC121166940,ncRNA,-,-,-,-,20210420,-
130825,121166941,LOC121166941,-,-,-,Un,-,60S ribosomal protein L32-like,pseudo,-,-,-,-,20210420,-
130825,121166942,LOC121166942,-,-,-,Un,-,uncharacterized LOC121166942,ncRNA,-,-,-,-,20210420,-
130825,121166943,LOC121166943,-,-,-,Un,-,uncharacterized LOC121166943,ncRNA,-,-,-,-,20210420,-
130825,121166944,LOC121166944,-,-,-,Un,-,probable G-protein coupled receptor 27,pseudo,-,-,-,-,20210420,-
130825,121166945,LOC121166945,-,-,-,Un,-,M-phase phosphoprotein 6-like,pseudo,-,-,-,-,20210420,-
130825,121166946,LOC121166946,-,-,-,Un,-,transcription factor SOX-2-like,pseudo,-,-,-,-,20210420,-
130825,121166947,LOC121166947,-,-,-,Un,-,reelin,protein-coding,-,-,-,reelin,20210420,-
130825,121166948,LOC121166948,-,-,-,Un,-,phosphatidylethanolamine-binding protein 4-like,protein-coding,-,-,-,phosphatidylethanolamine-binding protein 4-like,20210420,-
130825,121166949,LOC121166949,-,-,-,Un,-,early growth response protein 3,protein-coding,-,-,-,early growth response protein 3,20210420,-
130825,121166950,LOC121166950,-,-,-,Un,-,charged multivesicular body protein 7,protein-coding,-,-,-,charged multivesicular body protein 7,20210420,-
130825,121166951,LOC121166951,-,-,-,Un,-,inactive histone-lysine N-methyltransferase 2E-like,protein-coding,-,-,-,inactive histone-lysine N-methyltransferase 2E-like,20210420,-
130825,121166952,DMXL1,-,-,-,Un,-,Dmx like 1,protein-coding,-,-,-,dmX-like protein 1,20210420,-
130825,121166953,LOC121166953,-,-,-,Un,-,SRSF protein kinase 2,protein-coding,-,-,-,SRSF protein kinase 2,20210420,-
130825,121166954,LOC121166954,-,-,-,Un,-,transcription factor SOX-2-like,pseudo,-,-,-,-,20210420,-
130825,121166955,LOC121166955,-,-,-,Un,-,uncharacterized LOC121166955,ncRNA,-,-,-,-,20210420,-
130825,121166956,LOC121166956,-,-,-,Un,-,uncharacterized LOC121166956,protein-coding,-,-,-,uncharacterized protein LOC121166956,20210420,-
130825,121166957,LOC121166957,-,-,-,Un,-,LHFPL tetraspan subfamily member 3 protein,protein-coding,-,-,-,LHFPL tetraspan subfamily member 3 protein,20210420,-
130825,121166958,LOC121166958,-,-,-,Un,-,uncharacterized LOC121166958,ncRNA,-,-,-,-,20210420,-
130825,121166959,LOC121166959,-,-,-,Un,-,origin recognition complex subunit 5,protein-coding,-,-,-,origin recognition complex subunit 5,20210420,-
130825,121166960,LOC121166960,-,-,-,Un,-,rho-related BTB domain-containing protein 2,protein-coding,-,-,-,rho-related BTB domain-containing protein 2,20210420,-
130825,121166961,LOC121166961,-,-,-,Un,-,uncharacterized LOC121166961,ncRNA,-,-,-,-,20210420,-
130825,121166962,LOC121166962,-,-,-,Un,-,R3H and coiled-coil domain-containing protein 1-like,protein-coding,-,-,-,R3H and coiled-coil domain-containing protein 1-like,20210420,-
130825,121166963,LOC121166963,-,-,-,Un,-,lysyl oxidase homolog 2-like,protein-coding,-,-,-,lysyl oxidase homolog 2-like,20210420,-
130825,121166964,LOC121166964,-,-,-,Un,-,zinc finger protein 501-like,pseudo,-,-,-,-,20210420,-
130825,121166965,LOC121166965,-,-,-,Un,-,annexin A10,protein-coding,-,-,-,annexin A10,20210420,-
130825,121166966,LOC121166966,-,-,-,Un,-,U6 spliceosomal RNA,snRNA,-,-,-,-,20210420,-
130825,121166967,LOC121166967,-,-,-,Un,-,uncharacterized LOC121166967,ncRNA,-,-,-,-,20210420,-
130825,121166968,LOC121166968,-,-,-,Un,-,60S ribosomal protein L32-like,pseudo,-,-,-,-,20210420,-
130825,121166969,LOC121166969,-,-,-,Un,-,ubl carboxyl-terminal hydrolase 18-like,protein-coding,-,-,-,ubl carboxyl-terminal hydrolase 18-like,20210420,-
130825,121166970,LOC121166970,-,-,-,Un,-,heterogeneous nuclear ribonucleoprotein A1-like,pseudo,-,-,-,-,20210420,-
130825,121166971,LOC121166971,-,-,-,Un,-,60S ribosomal protein L32-like,pseudo,-,-,-,-,20210420,-
130825,121166972,LOC121166972,-,-,-,Un,-,uncharacterized LOC121166972,ncRNA,-,-,-,-,20210420,-
130825,121166973,LOC121166973,-,-,-,Un,-,tyrosine-protein phosphatase non-receptor type 12-like,protein-coding,-,-,-,tyrosine-protein phosphatase non-receptor type 12-like,20210420,-
130825,121166974,LOC121166974,-,-,-,Un,-,zinc finger protein OZF-like,pseudo,-,-,-,-,20210420,-
130825,121166975,LOC121166975,-,-,-,Un,-,uncharacterized LOC121166975,ncRNA,-,-,-,-,20210420,-
130825,121166976,LOC121166976,-,-,-,Un,-,uncharacterized LOC121166976,ncRNA,-,-,-,-,20210420,-
130825,121166977,LOC121166977,-,-,-,Un,-,dnaJ homolog subfamily C member 2-like,protein-coding,-,-,-,dnaJ homolog subfamily C member 2-like,20210420,-
130825,121166978,LOC121166978,-,-,-,Un,-,mitochondrial-processing peptidase subunit beta-like,protein-coding,-,-,-,mitochondrial-processing peptidase subunit beta-like,20210420,-
130825,121166979,LOC121166979,-,-,-,Un,-,26S proteasome regulatory subunit 7,protein-coding,-,-,-,26S proteasome regulatory subunit 7,20210501,-
130825,121166980,LOC121166980,-,-,-,Un,-,prestin-like,protein-coding,-,-,-,prestin-like,20210420,-
130825,121166981,LOC121166981,-,-,-,Un,-,uncharacterized LOC121166981,ncRNA,-,-,-,-,20210420,-
130825,121166982,LOC121166982,-,-,-,Un,-,uncharacterized LOC121166982,ncRNA,-,-,-,-,20210420,-
130825,121166983,LOC121166983,-,-,-,Un,-,"methionine--tRNA ligase, cytoplasmic-like",protein-coding,-,-,-,"methionine--tRNA ligase, cytoplasmic-like",20210420,-
130825,121166984,LOC121166984,-,-,-,Un,-,DNA damage-inducible transcript 3 protein,protein-coding,-,-,-,DNA damage-inducible transcript 3 protein,20210420,-
130825,121166985,LOC121166985,-,-,-,Un,-,transcription factor SOX-2-like,pseudo,-,-,-,-,20210420,-
130825,121166986,LOC121166986,-,-,-,Un,-,methyl-CpG-binding domain protein 6,protein-coding,-,-,-,methyl-CpG-binding domain protein 6,20210420,-
130825,121166987,LOC121166987,-,-,-,Un,-,dynactin subunit 2-like,protein-coding,-,-,-,dynactin subunit 2-like,20210420,-
130825,121166988,LOC121166988,-,-,-,Un,-,mucolipin-1-like,protein-coding,-,-,-,mucolipin-1-like,20210420,-
130825,121166989,LOC121166989,-,-,-,Un,-,patatin-like phospholipase domain-containing protein 6,protein-coding,-,-,-,patatin-like phospholipase domain-containing protein 6,20210420,-
130825,121166990,LOC121166990,-,-,-,Un,-,zinc finger protein OZF-like,pseudo,-,-,-,-,20210420,-
130825,121166991,LOC121166991,-,-,-,Un,-,cdc42-interacting protein 4,protein-coding,-,-,-,cdc42-interacting protein 4,20210420,-
130825,121166992,LOC121166992,-,-,-,Un,-,protein GPR108-like,protein-coding,-,-,-,protein GPR108-like,20210420,-
130825,121166993,LOC121166993,-,-,-,Un,-,complement C3-like,protein-coding,-,-,-,complement C3-like,20210420,-
130825,121166994,LOC121166994,-,-,-,Un,-,zinc finger protein 26-like,protein-coding,-,-,-,zinc finger protein 26-like,20210420,-
130825,121166995,LOC121166995,-,-,-,Un,-,zinc finger protein 345-like,protein-coding,-,-,-,zinc finger protein 345-like,20210420,-
130825,121166996,LOC121166996,-,-,-,Un,-,zinc finger protein 426-like,protein-coding,-,-,-,zinc finger protein 426-like,20210420,-
130825,121166997,LOC121166997,-,-,-,Un,-,zinc finger protein OZF-like,pseudo,-,-,-,-,20210420,-
130825,121166998,LOC121166998,-,-,-,Un,-,zinc finger protein 699-like,protein-coding,-,-,-,zinc finger protein 699-like,20210420,-
130825,121166999,LOC121166999,-,-,-,Un,-,small nucleolar RNA U13,pseudo,-,-,-,-,20210420,-
130825,121167000,LOC121167000,-,-,-,Un,-,occludin/ELL domain-containing protein 1-like,protein-coding,-,-,-,occludin/ELL domain-containing protein 1-like,20210420,-
130825,121167001,LOC121167001,-,-,-,Un,-,nuclear receptor subfamily 2 group F member 6-like,protein-coding,-,-,-,nuclear receptor subfamily 2 group F member 6-like,20210420,-
130825,121167002,LOC121167002,-,-,-,Un,-,vesicle transport protein USE1,protein-coding,-,-,-,vesicle transport protein USE1,20210420,-
130825,121167003,LOC121167003,-,-,-,Un,-,unconventional myosin-IXb-like,protein-coding,-,-,-,unconventional myosin-IXb-like,20210420,-
130825,121167004,LOC121167004,-,-,-,Un,-,complement factor D-like,protein-coding,-,-,-,complement factor D-like,20210420,-
130825,121167005,LOC121167005,-,-,-,Un,-,nicotinamide riboside kinase 2,protein-coding,-,-,-,nicotinamide riboside kinase 2,20210420,-
130825,121167006,LOC121167006,-,-,-,Un,-,death-associated protein kinase 3,protein-coding,-,-,-,death-associated protein kinase 3,20210420,-
130825,121167007,LOC121167007,-,-,-,Un,-,CASP8 and FADD-like apoptosis regulator,protein-coding,-,-,-,CASP8 and FADD-like apoptosis regulator,20210420,-
130825,121167008,LOC121167008,-,-,-,Un,-,neutrophil elastase-like,protein-coding,-,-,-,neutrophil elastase-like,20210420,-
130825,121167009,LOC121167009,-,-,-,Un,-,uncharacterized LOC121167009,ncRNA,-,-,-,-,20210420,-
130825,121167010,LOC121167010,-,-,-,Un,-,E3 ubiquitin-protein ligase CHFR-like,protein-coding,-,-,-,E3 ubiquitin-protein ligase CHFR-like,20210420,-
130825,121167011,LOC121167011,-,-,-,Un,-,zinc finger protein 26,protein-coding,-,-,-,zinc finger protein 26,20210420,-
130825,121167012,LOC121167012,-,-,-,Un,-,zinc finger protein 84,protein-coding,-,-,-,zinc finger protein 84,20210420,-
130825,121167013,LOC121167013,-,-,-,Un,-,arginine/serine-rich coiled-coil protein 2,protein-coding,-,-,-,arginine/serine-rich coiled-coil protein 2,20210420,-
130825,121167014,LOC121167014,-,-,-,Un,-,kinetochore-associated protein 1-like,protein-coding,-,-,-,kinetochore-associated protein 1-like,20210420,-
130825,121167015,LOC121167015,-,-,-,Un,-,small nucleolar RNA SNORA9,snoRNA,-,-,-,-,20210420,-
130825,121167016,LOC121167016,-,-,-,Un,-,RBPJ-interacting and tubulin-associated protein 1-like,protein-coding,-,-,-,RBPJ-interacting and tubulin-associated protein 1-like,20210420,-
130825,121167017,LOC121167017,-,-,-,Un,-,dynein regulatory complex protein 10-like,protein-coding,-,-,-,dynein regulatory complex protein 10-like,20210420,-
130825,121167018,LOC121167018,-,-,-,Un,-,ATP-dependent RNA helicase DDX54-like,protein-coding,-,-,-,ATP-dependent RNA helicase DDX54-like,20210420,-
130825,121167019,LOC121167019,-,-,-,Un,-,caspase-10-like,protein-coding,-,-,-,caspase-10-like,20210420,-
130825,121167020,LOC121167020,-,-,-,Un,-,sialic acid-binding Ig-like lectin 14,protein-coding,-,-,-,sialic acid-binding Ig-like lectin 14,20210420,-
130825,121167021,LOC121167021,-,-,-,Un,-,sialic acid-binding Ig-like lectin 14,protein-coding,-,-,-,sialic acid-binding Ig-like lectin 14,20210420,-
130825,121167022,LOC121167022,-,-,-,Un,-,sialic acid-binding Ig-like lectin 14,protein-coding,-,-,-,sialic acid-binding Ig-like lectin 14,20210420,-
130825,121167023,LOC121167023,-,-,-,Un,-,sialic acid-binding Ig-like lectin 14,protein-coding,-,-,-,sialic acid-binding Ig-like lectin 14,20210420,-
130825,121167024,LOC121167024,-,-,-,Un,-,N-acetylglucosamine-6-sulfatase-like,protein-coding,-,-,-,N-acetylglucosamine-6-sulfatase-like,20210420,-
130825,121167025,LOC121167025,-,-,-,Un,-,CCR4-NOT transcription complex subunit 3,protein-coding,-,-,-,CCR4-NOT transcription complex subunit 3,20210420,-
130825,121167026,LOC121167026,-,-,-,Un,-,U4/U6 small nuclear ribonucleoprotein Prp31,protein-coding,-,-,-,U4/U6 small nuclear ribonucleoprotein Prp31,20210420,-
130825,121167027,LOC121167027,-,-,-,Un,-,TCF3 fusion partner homolog,protein-coding,-,-,-,TCF3 fusion partner homolog,20210420,-
130825,121167028,LOC121167028,-,-,-,Un,-,osteoclast-associated immunoglobulin-like receptor,protein-coding,-,-,-,osteoclast-associated immunoglobulin-like receptor,20210420,-
130825,121167029,LOC121167029,-,-,-,Un,-,NADH dehydrogenase [ubiquinone] 1 alpha subcomplex subunit 3,protein-coding,-,-,-,NADH dehydrogenase [ubiquinone] 1 alpha subcomplex subunit 3,20210420,-
130825,121167030,LOC121167030,-,-,-,Un,-,leukocyte receptor cluster member 1 homolog,protein-coding,-,-,-,leukocyte receptor cluster member 1 homolog,20210420,-
130825,121167031,LOC121167031,-,-,-,Un,-,Fanconi anemia core complex-associated protein 24-like,protein-coding,-,-,-,Fanconi anemia core complex-associated protein 24-like,20210420,-
130825,121167032,LOC121167032,-,-,-,Un,-,uncharacterized LOC121167032,ncRNA,-,-,-,-,20210420,-
130825,121167033,LOC121167033,-,-,-,Un,-,rhophilin-2-like,protein-coding,-,-,-,rhophilin-2-like,20210420,-
130825,121167034,LOC121167034,-,-,-,Un,-,EP300-interacting inhibitor of differentiation 2-like,protein-coding,-,-,-,EP300-interacting inhibitor of differentiation 2-like,20210420,-
130825,121167035,LOC121167035,-,-,-,Un,-,galectin-10-like,protein-coding,-,-,-,galectin-10-like,20210420,-
130825,121167036,LOC121167036,-,-,-,Un,-,U2 spliceosomal RNA,pseudo,-,-,-,-,20210420,-
130825,121167037,LOC121167037,-,-,-,Un,-,"serine--tRNA ligase, mitochondrial-like",protein-coding,-,-,-,"serine--tRNA ligase, mitochondrial-like",20210420,-
130825,121167038,LOC121167038,-,-,-,Un,-,"patr class I histocompatibility antigen, A-2 alpha chain-like",pseudo,-,-,-,-,20210420,-
130825,121167039,LOC121167039,-,-,-,Un,-,"28S ribosomal protein S12, mitochondrial",protein-coding,-,-,-,"28S ribosomal protein S12, mitochondrial",20210420,-
130825,121167040,LOC121167040,-,-,-,Un,-,F-box only protein 17,protein-coding,-,-,-,F-box only protein 17,20210420,-
130825,121167041,LOC121167041,-,-,-,Un,-,uncharacterized LOC121167041,ncRNA,-,-,-,-,20210420,-
130825,121167042,LOC121167042,-,-,-,Un,-,PABIR family member 2-like,protein-coding,-,-,-,PABIR family member 2-like,20210420,-
130825,121167043,LOC121167043,-,-,-,Un,-,"H-2 class I histocompatibility antigen, Q9 alpha chain-like",pseudo,-,-,-,-,20210420,-
130825,121167044,LOC121167044,-,-,-,Un,-,cytochrome c oxidase assembly protein COX19-like,protein-coding,-,-,-,cytochrome c oxidase assembly protein COX19-like,20210420,-
130825,121167045,LOC121167045,-,-,-,Un,-,SUN domain-containing protein 1-like,protein-coding,-,-,-,SUN domain-containing protein 1-like,20210420,-
130825,121167046,LOC121167046,-,-,-,Un,-,arf-GAP with dual PH domain-containing protein 1-like,protein-coding,-,-,-,LOW QUALITY PROTEIN: arf-GAP with dual PH domain-containing protein 1-like,20210420,-
130825,121167047,LOC121167047,-,-,-,Un,-,Golgi to ER traffic protein 4 homolog,protein-coding,-,-,-,Golgi to ER traffic protein 4 homolog,20210420,-
130825,121167048,LOC121167048,-,-,-,Un,-,probable G-protein coupled receptor 146,protein-coding,-,-,-,probable G-protein coupled receptor 146,20210420,-
130825,121167049,LOC121167049,-,-,-,Un,-,uncharacterized protein C7orf50-like,protein-coding,-,-,-,uncharacterized protein C7orf50-like,20210420,-
130825,121167050,LOC121167050,-,-,-,Un,-,cytochrome P450 2W1-like,protein-coding,-,-,-,cytochrome P450 2W1-like,20210420,-
130825,121167051,LOC121167051,-,-,-,Un,-,Golgi to ER traffic protein 4 homolog,protein-coding,-,-,-,Golgi to ER traffic protein 4 homolog,20210420,-
130825,121167052,LOC121167052,-,-,-,Un,-,SUN domain-containing protein 1-like,protein-coding,-,-,-,SUN domain-containing protein 1-like,20210420,-
130825,121167053,LOC121167053,-,-,-,Un,-,"HLA class I histocompatibility antigen, B alpha chain-like",protein-coding,-,-,-,"HLA class I histocompatibility antigen, B alpha chain-like",20210420,-
130825,121167054,LOC121167054,-,-,-,Un,-,dimethylaniline monooxygenase [N-oxide-forming] 2-like,protein-coding,-,-,-,dimethylaniline monooxygenase [N-oxide-forming] 2-like,20210420,-
130825,121167055,LOC121167055,-,-,-,Un,-,dimethylaniline monooxygenase [N-oxide-forming] 1-like,protein-coding,-,-,-,dimethylaniline monooxygenase [N-oxide-forming] 1-like,20210420,-
130825,121167056,LOC121167056,-,-,-,Un,-,vacuolar fusion protein CCZ1 homolog,protein-coding,-,-,-,vacuolar fusion protein CCZ1 homolog,20210420,-
130825,121167057,LOC121167057,-,-,-,Un,-,ER membrane protein complex subunit 2,protein-coding,-,-,-,ER membrane protein complex subunit 2,20210420,-
130825,121167058,LOC121167058,-,-,-,Un,-,solute carrier family 35 member E3,protein-coding,-,-,-,solute carrier family 35 member E3,20210420,-
130825,121167059,LOC121167059,-,-,-,Un,-,uncharacterized LOC121167059,ncRNA,-,-,-,-,20210420,-
130825,121167060,LOC121167060,-,-,-,Un,-,protein SGT1 homolog,pseudo,-,-,-,-,20210420,-
130825,121167061,LOC121167061,-,-,-,Un,-,guanine nucleotide exchange factor subunit RIC1-like,protein-coding,-,-,-,guanine nucleotide exchange factor subunit RIC1-like,20210420,-
130825,121167062,LOC121167062,-,-,-,Un,-,E3 ubiquitin-protein ligase TRIM39,protein-coding,-,-,-,E3 ubiquitin-protein ligase TRIM39,20210420,-
130825,121167063,LOC121167063,-,-,-,Un,-,endoplasmic reticulum metallopeptidase 1-like,protein-coding,-,-,-,endoplasmic reticulum metallopeptidase 1-like,20210420,-
130825,121167064,LOC121167064,-,-,-,Un,-,dimethylaniline monooxygenase [N-oxide-forming] 1-like,protein-coding,-,-,-,dimethylaniline monooxygenase [N-oxide-forming] 1-like,20210420,-
130825,121167065,LOC121167065,-,-,-,Un,-,uncharacterized LOC121167065,ncRNA,-,-,-,-,20210420,-
130825,121167066,LOC121167066,-,-,-,Un,-,purine nucleoside phosphorylase LACC1-like,pseudo,-,-,-,-,20210420,-
130825,121167067,LOC121167067,-,-,-,Un,-,zinc finger protein 883-like,protein-coding,-,-,-,zinc finger protein 883-like,20210420,-
130825,121167068,LOC121167068,-,-,-,Un,-,transcription factor SOX-2-like,pseudo,-,-,-,-,20210420,-
130825,121167069,LOC121167069,-,-,-,Un,-,transcription factor SOX-2-like,pseudo,-,-,-,-,20210420,-
130825,121167070,LOC121167070,-,-,-,Un,-,cTAGE family member 2-like,protein-coding,-,-,-,cTAGE family member 2-like,20210420,-
130825,121167071,LOC121167071,-,-,-,Un,-,uncharacterized LOC121167071,ncRNA,-,-,-,-,20210420,-
130825,121167072,LOC121167072,-,-,-,Un,-,60S ribosomal protein L32-like,pseudo,-,-,-,-,20210420,-
130825,121167073,LOC121167073,-,-,-,Un,-,transient receptor potential cation channel subfamily M member 3,protein-coding,-,-,-,transient receptor potential cation channel subfamily M member 3,20210420,-
130825,121167074,LOC121167074,-,-,-,Un,-,structural maintenance of chromosomes protein 5,protein-coding,-,-,-,structural maintenance of chromosomes protein 5,20210420,-
130825,121167075,LOC121167075,-,-,-,Un,-,Krueppel-like factor 9,protein-coding,-,-,-,Krueppel-like factor 9,20210420,-
130825,121167076,LOC121167076,-,-,-,Un,-,uncharacterized LOC121167076,ncRNA,-,-,-,-,20210420,-
130825,121167077,LOC121167077,-,-,-,Un,-,eukaryotic translation initiation factor 3 subunit K-like,pseudo,-,-,-,-,20210420,-
130825,121167078,LOC121167078,-,-,-,Un,-,zinc finger protein OZF-like,protein-coding,-,-,-,zinc finger protein OZF-like,20210420,-
130825,121167079,LOC121167079,-,-,-,Un,-,BRD4-interacting chromatin-remodeling complex-associated protein-like,pseudo,-,-,-,-,20210420,-
130825,121167080,LOC121167080,-,-,-,Un,-,lysozyme C,protein-coding,-,-,-,lysozyme C,20210420,-
130825,121167081,LOC121167081,-,-,-,Un,-,eukaryotic translation initiation factor 3 subunit K-like,pseudo,-,-,-,-,20210420,-
130825,121167082,LOC121167082,-,-,-,Un,-,ubl carboxyl-terminal hydrolase 18-like,pseudo,-,-,-,-,20210420,-
130825,121167083,LOC121167083,-,-,-,Un,-,ATP-dependent RNA helicase DDX1-like,pseudo,-,-,-,-,20210420,-
130825,121167084,LOC121167084,-,-,-,Un,-,uncharacterized LOC121167084,ncRNA,-,-,-,-,20210420,-
130825,121167085,LOC121167085,-,-,-,Un,-,nibrin-like,protein-coding,-,-,-,nibrin-like,20210420,-
130825,121167086,LOC121167086,-,-,-,Un,-,structural maintenance of chromosomes protein 5-like,protein-coding,-,-,-,LOW QUALITY PROTEIN: structural maintenance of chromosomes protein 5-like,20210420,-
130825,121167087,LOC121167087,-,-,-,Un,-,cTAGE family member 9-like,protein-coding,-,-,-,cTAGE family member 9-like,20210420,-
130825,121167088,LOC121167088,-,-,-,Un,-,uncharacterized LOC121167088,ncRNA,-,-,-,-,20210420,-
130825,121167089,LOC121167089,-,-,-,Un,-,nibrin-like,protein-coding,-,-,-,nibrin-like,20210420,-
130825,121167090,LOC121167090,-,-,-,Un,-,uncharacterized LOC121167090,ncRNA,-,-,-,-,20210420,-
130825,121167091,LOC121167091,-,-,-,Un,-,CCR4-NOT transcription complex subunit 2,protein-coding,-,-,-,CCR4-NOT transcription complex subunit 2,20210420,-
130825,121167092,LOC121167092,-,-,-,Un,-,BRD4-interacting chromatin-remodeling complex-associated protein-like,pseudo,-,-,-,-,20210420,-
130825,121167093,LOC121167093,-,-,-,Un,-,uncharacterized LOC121167093,ncRNA,-,-,-,-,20210420,-
130825,121167094,LOC121167094,-,-,-,Un,-,uncharacterized LOC121167094,ncRNA,-,-,-,-,20210420,-
130825,121167095,LOC121167095,-,-,-,Un,-,nibrin-like,protein-coding,-,-,-,nibrin-like,20210420,-
130825,121167096,LOC121167096,-,-,-,Un,-,uncharacterized LOC121167096,ncRNA,-,-,-,-,20210420,-
130825,121167097,LOC121167097,-,-,-,Un,-,uncharacterized LOC121167097,ncRNA,-,-,-,-,20210420,-
130825,121167098,LOC121167098,-,-,-,Un,-,uncharacterized LOC121167098,ncRNA,-,-,-,-,20210420,-
130825,121167099,LOC121167099,-,-,-,Un,-,"class I histocompatibility antigen, Gogo-B*0101 alpha chain-like",protein-coding,-,-,-,"HLA class I histocompatibility antigen, B alpha chain-like|class I histocompatibility antigen, Gogo-B*0101 alpha chain-like",20210420,-
130825,121167100,LOC121167100,-,-,-,Un,-,40S ribosomal protein S23-like,pseudo,-,-,-,-,20210420,-
130825,121167101,LOC121167101,-,-,-,Un,-,uncharacterized LOC121167101,ncRNA,-,-,-,-,20210420,-
130825,121167102,LOC121167102,-,-,-,Un,-,uncharacterized LOC121167102,ncRNA,-,-,-,-,20210420,-
130825,121167103,LOC121167103,-,-,-,Un,-,cyclic AMP-dependent transcription factor ATF-1-like,pseudo,-,-,-,-,20210420,-
130825,121167104,LOC121167104,-,-,-,Un,-,uncharacterized LOC121167104,ncRNA,-,-,-,-,20210420,-
130825,121167105,LOC121167105,-,-,-,Un,-,cysteine and glycine-rich protein 2-like,protein-coding,-,-,-,cysteine and glycine-rich protein 2-like,20210420,-
130825,121167106,LOC121167106,-,-,-,Un,-,palmitoyltransferase ZDHHC17,protein-coding,-,-,-,palmitoyltransferase ZDHHC17,20210420,-
130825,121167107,LOC121167107,-,-,-,Un,-,40S ribosomal protein S23-like,pseudo,-,-,-,-,20210420,-
130825,121167108,LOC121167108,-,-,-,Un,-,uncharacterized LOC121167108,ncRNA,-,-,-,-,20210420,-
130825,121167109,LOC121167109,-,-,-,Un,-,golgin subfamily A member 4-like,protein-coding,-,-,-,golgin subfamily A member 4-like,20210420,-
130825,121167110,LOC121167110,-,-,-,Un,-,nibrin-like,protein-coding,-,-,-,nibrin-like,20210420,-
130825,121167111,LOC121167111,-,-,-,Un,-,NADPH oxidase 3-like,protein-coding,-,-,-,NADPH oxidase 3-like,20210420,-
130825,121167112,LOC121167112,-,-,-,Un,-,collagen alpha-1(X) chain,protein-coding,-,-,-,collagen alpha-1(X) chain,20210420,-
130825,121167113,LOC121167113,-,-,-,Un,-,testis-specific Y-encoded-like protein 1,protein-coding,-,-,-,testis-specific Y-encoded-like protein 1,20210420,-
130825,121167114,LOC121167114,-,-,-,Un,-,"patr class I histocompatibility antigen, alpha chain E-like",protein-coding,-,-,-,"HLA class I histocompatibility antigen, alpha chain G-like|patr class I histocompatibility antigen, alpha chain E-like",20210420,-
130825,121167115,LOC121167115,-,-,-,Un,-,testis-specific Y-encoded-like protein 4,protein-coding,-,-,-,testis-specific Y-encoded-like protein 4,20210420,-
130825,121167116,LOC121167116,-,-,-,Un,-,uncharacterized LOC121167116,ncRNA,-,-,-,-,20210420,-
130825,121167117,LOC121167117,-,-,-,Un,-,5'-nucleotidase domain-containing protein 1-like,protein-coding,-,-,-,LOW QUALITY PROTEIN: 5'-nucleotidase domain-containing protein 1-like,20210420,-
130825,121167118,LOC121167118,-,-,-,Un,-,pre-mRNA-processing factor 17,protein-coding,-,-,-,pre-mRNA-processing factor 17,20210420,-
130825,121167119,LOC121167119,-,-,-,Un,-,polyphosphoinositide phosphatase,protein-coding,-,-,-,polyphosphoinositide phosphatase,20210420,-
130825,121167120,LOC121167120,-,-,-,Un,-,F-actin-monooxygenase MICAL1-like,protein-coding,-,-,-,F-actin-monooxygenase MICAL1-like,20210420,-
130825,121167121,LOC121167121,-,-,-,Un,-,sphingomyelin phosphodiesterase 2-like,protein-coding,-,-,-,sphingomyelin phosphodiesterase 2-like,20210420,-
130825,121167122,LOC121167122,-,-,-,Un,-,sialomucin core protein 24-like,protein-coding,-,-,-,sialomucin core protein 24-like,20210420,-
130825,121167123,LOC121167123,-,-,-,Un,-,wiskott-Aldrich syndrome protein family member 1,protein-coding,-,-,-,wiskott-Aldrich syndrome protein family member 1,20210420,-
130825,121167124,LOC121167124,-,-,-,Un,-,40S ribosomal protein S27-like,protein-coding,-,-,-,40S ribosomal protein S27-like,20210420,-
130825,121167125,LOC121167125,-,-,-,Un,-,zinc finger and BTB domain-containing protein 24-like,protein-coding,-,-,-,zinc finger and BTB domain-containing protein 24-like,20210420,-
130825,121167126,LOC121167126,-,-,-,Un,-,methyltransferase-like protein 24,protein-coding,-,-,-,methyltransferase-like protein 24,20210420,-
130825,121167127,LOC121167127,-,-,-,Un,-,G-protein coupled receptor 6,protein-coding,-,-,-,G-protein coupled receptor 6,20210420,-
130825,121167128,LOC121167128,-,-,-,Un,-,monocarboxylate transporter 1-like,pseudo,-,-,-,-,20210420,-
130825,121167129,LOC121167129,-,-,-,Un,-,"patr class I histocompatibility antigen, B-2 alpha chain-like",protein-coding,-,-,-,"patr class I histocompatibility antigen, B-2 alpha chain-like",20210420,-
130825,121167130,LOC121167130,-,-,-,Un,-,dnaJ homolog subfamily C member 17-like,pseudo,-,-,-,-,20210420,-
130825,121167131,LOC121167131,-,-,-,Un,-,40S ribosomal protein S3a-like,pseudo,-,-,-,-,20210420,-
130825,121167132,LOC121167132,-,-,-,Un,-,adenylate kinase 9-like,protein-coding,-,-,-,adenylate kinase 9-like,20210420,-
130825,121167133,LOC121167133,-,-,-,Un,-,U1 spliceosomal RNA,pseudo,-,-,-,-,20210420,-
130825,121167134,LOC121167134,-,-,-,Un,-,U6 spliceosomal RNA,snRNA,-,-,-,-,20210420,-
130825,121167135,LOC121167135,-,-,-,Un,-,4-galactosyl-N-acetylglucosaminide 3-alpha-L-fucosyltransferase 9,protein-coding,-,-,-,4-galactosyl-N-acetylglucosaminide 3-alpha-L-fucosyltransferase 9,20210420,-
130825,121167136,LOC121167136,-,-,-,Un,-,E3 UFM1-protein ligase 1,protein-coding,-,-,-,E3 UFM1-protein ligase 1,20210420,-
130825,121167137,LOC121167137,-,-,-,Un,-,"glycoprotein endo-alpha-1,2-mannosidase",protein-coding,-,-,-,"glycoprotein endo-alpha-1,2-mannosidase",20210420,-
130825,121167138,LOC121167138,-,-,-,Un,-,poly(rC)-binding protein 2-like,pseudo,-,-,-,-,20210420,-
130825,121167139,LOC121167139,-,-,-,Un,-,U2 spliceosomal RNA,pseudo,-,-,-,-,20210420,-
130825,121167140,LOC121167140,-,-,-,Un,-,U6 spliceosomal RNA,snRNA,-,-,-,-,20210420,-
130825,121167141,LOC121167141,-,-,-,Un,-,E3 ubiquitin-protein ligase E3D-like,protein-coding,-,-,-,E3 ubiquitin-protein ligase E3D-like,20210420,-
130825,121167142,LOC121167142,-,-,-,Un,-,"patr class I histocompatibility antigen, B-2 alpha chain-like",protein-coding,-,-,-,"patr class I histocompatibility antigen, B-2 alpha chain-like",20210420,-
130825,121167143,LOC121167143,-,-,-,Un,-,PH-interacting protein-like,protein-coding,-,-,-,PH-interacting protein-like,20210420,-
130825,121167144,LOC121167144,-,-,-,Un,-,homeobox protein Hox-C13-like,protein-coding,-,-,-,homeobox protein Hox-C13-like,20210529,-
130825,121167145,LOC121167145,-,-,-,Un,-,homeobox protein Hox-C12,protein-coding,-,-,-,homeobox protein Hox-C12,20210420,-
130825,121167146,LOC121167146,-,-,-,Un,-,transcription factor EB,protein-coding,-,-,-,transcription factor EB,20210420,-
130825,121167147,LOC121167147,-,-,-,Un,-,trem-like transcript 1 protein,protein-coding,-,-,-,trem-like transcript 1 protein,20210420,-
130825,121167148,LOC121167148,-,-,-,Un,-,trem-like transcript 2 protein,protein-coding,-,-,-,trem-like transcript 2 protein,20210420,-
130825,121167149,LOC121167149,-,-,-,Un,-,trem-like transcript 4 protein,protein-coding,-,-,-,trem-like transcript 4 protein,20210420,-
130825,121167150,LOC121167150,-,-,-,Un,-,nuclear transcription factor Y subunit alpha,protein-coding,-,-,-,nuclear transcription factor Y subunit alpha,20210522,-
130825,121167151,LOC121167151,-,-,-,Un,-,"HLA class I histocompatibility antigen, A alpha chain-like",pseudo,-,-,-,-,20210420,-
130825,121167152,LOC121167152,-,-,-,Un,-,triggering receptor expressed on myeloid cells 2-like,protein-coding,-,-,-,triggering receptor expressed on myeloid cells 2-like,20210420,-
130825,121167153,LOC121167153,-,-,-,Un,-,ubiquitin carboxyl-terminal hydrolase 49,protein-coding,-,-,-,ubiquitin carboxyl-terminal hydrolase 49,20210420,-
130825,121167154,LOC121167154,-,-,-,Un,-,forkhead box protein P4,protein-coding,-,-,-,forkhead box protein P4,20210420,-
130825,121167155,LOC121167155,-,-,-,Un,-,ADP-ribose glycohydrolase OARD1,protein-coding,-,-,-,ADP-ribose glycohydrolase OARD1,20210420,-
130825,121167156,LOC121167156,-,-,-,Un,-,fibroblast growth factor receptor substrate 3,protein-coding,-,-,-,fibroblast growth factor receptor substrate 3,20210420,-
130825,121167157,LOC121167157,-,-,-,Un,-,prickle-like protein 4,protein-coding,-,-,-,prickle-like protein 4,20210420,-
130825,121167158,LOC121167158,-,-,-,Un,-,mitochondrial import receptor subunit TOM6 homolog,protein-coding,-,-,-,mitochondrial import receptor subunit TOM6 homolog,20210420,-
130825,121167159,LOC121167159,-,-,-,Un,-,"class I histocompatibility antigen, Gogo-OKO alpha chain-like",pseudo,-,-,-,-,20210420,-
130825,121167160,LOC121167160,-,-,-,Un,-,mediator of RNA polymerase II transcription subunit 20-like,protein-coding,-,-,-,mediator of RNA polymerase II transcription subunit 20-like,20210420,-
130825,121167161,LOC121167161,-,-,-,Un,-,gastricsin,protein-coding,-,-,-,gastricsin,20210420,-
130825,121167162,LOC121167162,-,-,-,Un,-,myoD family inhibitor,protein-coding,-,-,-,myoD family inhibitor,20210420,-
130825,121167163,LOC121167163,-,-,-,Un,-,triggering receptor expressed on myeloid cells 1-like,protein-coding,-,-,-,triggering receptor expressed on myeloid cells 1-like,20210420,-
130825,121167164,LOC121167164,-,-,-,Un,-,C->U-editing enzyme APOBEC-2,protein-coding,-,-,-,C->U-editing enzyme APOBEC-2,20210420,-
130825,121167165,LOC121167165,-,-,-,Un,-,triggering receptor expressed on myeloid cells 3-like,pseudo,-,-,-,-,20210420,-
130825,121167166,LOC121167166,-,-,-,Un,-,adenylate cyclase type 10-like,protein-coding,-,-,-,adenylate cyclase type 10-like,20210420,-
130825,121167167,LOC121167167,-,-,-,Un,-,adenylate cyclase type 10-like,protein-coding,-,-,-,adenylate cyclase type 10-like,20210420,-
130825,121167168,LOC121167168,-,-,-,Un,-,U6 spliceosomal RNA,snRNA,-,-,-,-,20210420,-
130825,121167169,LOC121167169,-,-,-,Un,-,serine/threonine-protein kinase 38,protein-coding,-,-,-,serine/threonine-protein kinase 38,20210420,-
130825,121167170,RPP21,-,-,-,Un,-,ribonuclease P/MRP subunit p21,protein-coding,-,-,-,ribonuclease P protein subunit p21,20210420,-
130825,121167171,LOC121167171,-,-,-,Un,-,"HLA class II histocompatibility antigen, DP beta 1 chain-like",protein-coding,-,-,-,"HLA class II histocompatibility antigen, DP beta 1 chain-like",20210420,-
130825,121167172,LOC121167172,-,-,-,Un,-,"HLA class II histocompatibility antigen, DP alpha 1 chain-like",protein-coding,-,-,-,"HLA class II histocompatibility antigen, DP alpha 1 chain-like",20210420,-
130825,121167173,LOC121167173,-,-,-,Un,-,tripartite motif-containing protein 10-like,protein-coding,-,-,-,tripartite motif-containing protein 10-like,20210420,-
130825,121167174,LOC121167174,-,-,-,Un,-,integrin beta-2-like,protein-coding,-,-,-,integrin beta-2-like,20210420,-
130825,121167175,LOC121167175,-,-,-,Un,-,pituitary tumor-transforming gene 1 protein-interacting protein,protein-coding,-,-,-,pituitary tumor-transforming gene 1 protein-interacting protein,20210420,-
130825,121167176,LOC121167176,-,-,-,Un,-,uncharacterized LOC121167176,ncRNA,-,-,-,-,20210420,-
130825,121167177,LOC121167177,-,-,-,Un,-,uncharacterized LOC121167177,ncRNA,-,-,-,-,20210420,-
130825,121167178,LOC121167178,-,-,-,Un,-,"class I histocompatibility antigen, Gogo-B*0102 alpha chain-like",pseudo,-,-,-,-,20210420,-
130825,121167179,LOC121167179,-,-,-,Un,-,double-stranded RNA-specific editase 1-like,protein-coding,-,-,-,double-stranded RNA-specific editase 1-like,20210420,-
130825,121167180,LOC121167180,-,-,-,Un,-,tripartite motif-containing protein 26,protein-coding,-,-,-,tripartite motif-containing protein 26,20210420,-
130825,121167181,LOC121167181,-,-,-,Un,-,uncharacterized LOC121167181,ncRNA,-,-,-,-,20210420,-
130825,121167182,LOC121167182,-,-,-,Un,-,uncharacterized LOC121167182,ncRNA,-,-,-,-,20210420,-
130825,121167183,LOC121167183,-,-,-,Un,-,protein FAM207A-like,protein-coding,-,-,-,protein FAM207A-like,20210420,-
130825,121167184,LOC121167184,-,-,-,Un,-,tripartite motif-containing protein 26-like,protein-coding,-,-,-,tripartite motif-containing protein 26-like,20210420,-
130825,121167185,LOC121167185,-,-,-,Un,-,GDP-fucose protein O-fucosyltransferase 2,protein-coding,-,-,-,GDP-fucose protein O-fucosyltransferase 2,20210420,-
130825,121167186,LOC121167186,-,-,-,Un,-,uncharacterized LOC121167186,ncRNA,-,-,-,-,20210420,-
130825,121167187,LOC121167187,-,-,-,Un,-,tripartite motif-containing protein 15-like,protein-coding,-,-,-,tripartite motif-containing protein 15-like,20210420,-
130825,121167188,LOC121167188,-,-,-,Un,-,E3 ubiquitin ligase TRIM40-like,protein-coding,-,-,-,E3 ubiquitin ligase TRIM40-like,20210420,-
130825,121167189,LOC121167189,-,-,-,Un,-,E3 ubiquitin-protein ligase TRIM31-like,protein-coding,-,-,-,E3 ubiquitin-protein ligase TRIM31-like,20210420,-
130825,121167190,LOC121167190,-,-,-,Un,-,collagen alpha-1(XVIII) chain-like,protein-coding,-,-,-,collagen alpha-1(XVIII) chain-like,20210420,-
130825,121167191,LOC121167191,-,-,-,Un,-,reduced folate transporter-like,protein-coding,-,-,-,reduced folate transporter-like,20210420,-
130825,121167192,LOC121167192,-,-,-,Un,-,"patr class I histocompatibility antigen, A-2 alpha chain-like",protein-coding,-,-,-,"H-2 class I histocompatibility antigen, Q10 alpha chain-like|patr class I histocompatibility antigen, A-2 alpha chain-like",20210420,-
130825,121167193,LOC121167193,-,-,-,Un,-,uncharacterized LOC121167193,ncRNA,-,-,-,-,20210420,-
130825,121167194,LOC121167194,-,-,-,Un,-,"patr class I histocompatibility antigen, A-2 alpha chain-like",protein-coding,-,-,-,"class I histocompatibility antigen, Gogo-B*0101 alpha chain-like|patr class I histocompatibility antigen, A-2 alpha chain-like",20210420,-
130825,121167195,LOC121167195,-,-,-,Un,-,"class I histocompatibility antigen, Gogo-B*0103 alpha chain-like",pseudo,-,-,-,-,20210420,-
130825,121167196,LOC121167196,-,-,-,Un,-,"class I histocompatibility antigen, Gogo-B*0101 alpha chain-like",protein-coding,-,-,-,"class I histocompatibility antigen, Gogo-B*0101 alpha chain-like|class I histocompatibility antigen, Gogo-B*0201 alpha chain-like|patr class I histocompatibility antigen, B-2 alpha chain-like",20210420,-
130825,121167197,GNL1,-,-,-,Un,-,G protein nucleolar 1 (putative),protein-coding,-,-,-,guanine nucleotide-binding protein-like 1,20210420,-
130825,121167198,LOC121167198,-,-,-,Un,-,"patr class I histocompatibility antigen, A-2 alpha chain-like",protein-coding,-,-,-,"patr class I histocompatibility antigen, A-2 alpha chain-like",20210420,-
130825,121167199,LOC121167199,-,-,-,Un,-,"patr class I histocompatibility antigen, A-2 alpha chain-like",protein-coding,-,-,-,"patr class I histocompatibility antigen, A-2 alpha chain-like",20210420,-
130825,121167200,LOC121167200,-,-,-,Un,-,"patr class I histocompatibility antigen, A-2 alpha chain-like",pseudo,-,-,-,-,20210420,-
130825,121167201,LOC121167201,-,-,-,Un,-,"patr class I histocompatibility antigen, A-2 alpha chain-like",pseudo,-,-,-,-,20210420,-
130825,121167202,LOC121167202,-,-,-,Un,-,"HLA class I histocompatibility antigen, A alpha chain-like",protein-coding,-,-,-,"HLA class I histocompatibility antigen, A alpha chain-like",20210420,-
130825,121167203,LOC121167203,-,-,-,Un,-,"class I histocompatibility antigen, Gogo-C*0203 alpha chain-like",protein-coding,-,-,-,"H-2 class I histocompatibility antigen, Q10 alpha chain-like|class I histocompatibility antigen, Gogo-C*0203 alpha chain-like",20210420,-
130825,121167204,LOC121167204,-,-,-,Un,-,E3 ubiquitin-protein ligase TRIM39-like,protein-coding,-,-,-,E3 ubiquitin-protein ligase TRIM39-like,20210420,-
130825,121167205,PRR3,-,-,-,Un,-,proline rich 3,protein-coding,-,-,-,proline-rich protein 3,20210420,-
130825,121167206,LOC121167206,-,-,-,Un,-,"ATP synthase subunit f, mitochondrial-like",pseudo,-,-,-,-,20210420,-
130825,121167207,LOC121167207,-,-,-,Un,-,"ATP synthase subunit f, mitochondrial-like",pseudo,-,-,-,-,20210420,-
130825,121167208,LOC121167208,-,-,-,Un,-,"ATP synthase subunit f, mitochondrial-like",pseudo,-,-,-,-,20210420,-
130825,121167209,LOC121167209,-,-,-,Un,-,"DLA class I histocompatibility antigen, A9/A9 alpha chain-like",protein-coding,-,-,-,"DLA class I histocompatibility antigen, A9/A9 alpha chain-like",20210420,-
130825,121167210,LOC121167210,-,-,-,Un,-,uncharacterized LOC121167210,ncRNA,-,-,-,-,20210420,-
130825,121167211,LOC121167211,-,-,-,Un,-,uncharacterized LOC121167211,ncRNA,-,-,-,-,20210420,-
130825,121167212,LOC121167212,-,-,-,Un,-,keratin-associated protein 11-1-like,protein-coding,-,-,-,keratin-associated protein 11-1-like,20210420,-
130825,121167213,LOC121167213,-,-,-,Un,-,E3 ubiquitin-protein ligase listerin,protein-coding,-,-,-,E3 ubiquitin-protein ligase listerin,20210420,-
130825,121167214,LOC121167214,-,-,-,Un,-,RWD domain-containing protein 2B-like,protein-coding,-,-,-,RWD domain-containing protein 2B-like,20210420,-
130825,121167215,LOC121167215,-,-,-,Un,-,TBC1 domain family member 23,protein-coding,-,-,-,TBC1 domain family member 23,20210420,-
130825,121167216,LOC121167216,-,-,-,Un,-,cell cycle control protein 50C-like,protein-coding,-,-,-,cell cycle control protein 50C-like,20210420,-
130825,121167217,LOC121167217,-,-,-,Un,-,uncharacterized protein C3orf26 homolog,protein-coding,-,-,-,LOW QUALITY PROTEIN: uncharacterized protein C3orf26 homolog,20210420,-
130825,121167218,LOC121167218,-,-,-,Un,-,U6 spliceosomal RNA,snRNA,-,-,-,-,20210420,-
130825,121167219,LOC121167219,-,-,-,Un,-,"keratin, type II cytoskeletal 7-like",protein-coding,-,-,-,"keratin, type II cytoskeletal 7-like",20210420,-
130825,121167220,LOC121167220,-,-,-,Un,-,"keratin, type II cytoskeletal 80-like",protein-coding,-,-,-,"keratin, type II cytoskeletal 80-like",20210420,-
130825,121167221,LOC121167221,-,-,-,Un,-,sodium channel protein type 8 subunit alpha-like,protein-coding,-,-,-,sodium channel protein type 8 subunit alpha-like,20210420,-
130825,121167222,LOC121167222,-,-,-,Un,-,non-histone chromosomal protein HMG-14-like,pseudo,-,-,-,-,20210420,-
130825,121167223,LOC121167223,-,-,-,Un,-,"keratin, type II cuticular Hb1",protein-coding,-,-,-,"keratin, type II cuticular Hb1",20210420,-
130825,121167224,LOC121167224,-,-,-,Un,-,"keratin, type II cuticular Hb6",protein-coding,-,-,-,"keratin, type II cuticular Hb6",20210420,-
130825,121167225,LOC121167225,-,-,-,Un,-,"keratin, type II cuticular Hb4-like",protein-coding,-,-,-,"keratin, type II cuticular Hb4-like",20210420,-
130825,121167226,LOC121167226,-,-,-,Un,-,"keratin, type II cuticular Hb5",protein-coding,-,-,-,"keratin, type II cuticular Hb5",20210420,-
130825,121167227,LOC121167227,-,-,-,Un,-,polypeptide N-acetylgalactosaminyltransferase 6,protein-coding,-,-,-,polypeptide N-acetylgalactosaminyltransferase 6,20210420,-
130825,121167228,ABCF1,-,-,-,Un,-,ATP binding cassette subfamily F member 1,protein-coding,-,-,-,ATP-binding cassette sub-family F member 1,20210420,-
130825,121167229,LOC121167229,-,-,-,Un,-,chymotrypsin-like elastase family member 1,protein-coding,-,-,-,chymotrypsin-like elastase family member 1,20210420,-
130825,121167230,LOC121167230,-,-,-,Un,-,"keratin, type II cuticular Hb1-like",protein-coding,-,-,-,"keratin, type II cuticular Hb1-like",20210420,-
130825,121167231,TAMALIN,-,-,-,Un,-,trafficking regulator and scaffold protein tamalin,protein-coding,-,-,-,protein TAMALIN,20210420,-
130825,121167232,ACVR1B,-,-,-,Un,-,activin A receptor type 1B,protein-coding,-,-,-,activin receptor type-1B,20210420,-
130825,121167233,NR4A1,-,-,-,Un,-,nuclear receptor subfamily 4 group A member 1,protein-coding,-,-,-,nuclear receptor subfamily 4 group A member 1,20210420,-
130825,121167234,ATG101,-,-,-,Un,-,autophagy related 101,protein-coding,-,-,-,autophagy-related protein 101,20210420,-
130825,121167235,SMIM41,-,-,-,Un,-,small integral membrane protein 41,protein-coding,-,-,-,small integral membrane protein 41,20210420,-
130825,121167236,LOC121167236,-,-,-,Un,-,serine/threonine-protein kinase receptor R3,protein-coding,-,-,-,serine/threonine-protein kinase receptor R3,20210420,-
130825,121167237,LOC121167237,-,-,-,Un,-,fidgetin-like protein 2,protein-coding,-,-,-,fidgetin-like protein 2,20210420,-
130825,121167238,LOC121167238,-,-,-,Un,-,"keratin, type II cuticular Hb5-like",protein-coding,-,-,-,"keratin, type II cuticular Hb5-like",20210420,-
130825,121167239,LOC121167239,-,-,-,Un,-,"keratin, type II cuticular Hb6-like",protein-coding,-,-,-,"keratin, type II cuticular Hb6-like",20210420,-
130825,121167240,LOC121167240,-,-,-,Un,-,"keratin, type II microfibrillar, component 7C-like",protein-coding,-,-,-,"keratin, type II microfibrillar, component 7C-like",20210420,-
130825,121167241,LOC121167241,-,-,-,Un,-,photoreceptor ankyrin repeat protein-like,protein-coding,-,-,-,LOW QUALITY PROTEIN: photoreceptor ankyrin repeat protein-like,20210420,-
130825,121167242,LOC121167242,-,-,-,Un,-,transmembrane and death domain protein 1-like,protein-coding,-,-,-,transmembrane and death domain protein 1-like,20210420,-
130825,121167243,LOC121167243,-,-,-,Un,-,electroneutral sodium bicarbonate exchanger 1-like,protein-coding,-,-,-,electroneutral sodium bicarbonate exchanger 1-like,20210420,-
130825,121167244,LOC121167244,-,-,-,Un,-,U2 spliceosomal RNA,pseudo,-,-,-,-,20210420,-
130825,121167245,LOC121167245,-,-,-,Un,-,NXPE family member 3,protein-coding,-,-,-,NXPE family member 3,20210420,-
130825,121167246,LOC121167246,-,-,-,Un,-,HMG box transcription factor BBX,protein-coding,-,-,-,HMG box transcription factor BBX,20210420,-
130825,121167247,LOC121167247,-,-,-,Un,-,queuine tRNA-ribosyltransferase accessory subunit 2,protein-coding,-,-,-,queuine tRNA-ribosyltransferase accessory subunit 2,20210420,-
130825,121167248,LOC121167248,-,-,-,Un,-,coiled-coil domain-containing protein 191-like,protein-coding,-,-,-,coiled-coil domain-containing protein 191-like,20210420,-
130825,121167249,LOC121167249,-,-,-,Un,-,limbic system-associated membrane protein,protein-coding,-,-,-,limbic system-associated membrane protein,20210420,-
130825,121167250,LOC121167250,-,-,-,Un,-,T-lymphocyte activation antigen CD80-like,protein-coding,-,-,-,T-lymphocyte activation antigen CD80-like,20210420,-
130825,121167251,LOC121167251,-,-,-,Un,-,syntaxin-binding protein 5-like,protein-coding,-,-,-,syntaxin-binding protein 5-like,20210420,-
130825,121167252,PPP1R10,-,-,-,Un,-,protein phosphatase 1 regulatory subunit 10,protein-coding,-,-,-,serine/threonine-protein phosphatase 1 regulatory subunit 10,20210420,-
130825,121167253,LOC121167253,-,-,-,Un,-,uncharacterized LOC121167253,ncRNA,-,-,-,-,20210420,-
130825,121167254,LOC121167254,-,-,-,Un,-,serine/arginine-rich splicing factor 10-like,pseudo,-,-,-,-,20210420,-
130825,121167255,LOC121167255,-,-,-,Un,-,oxysterol-binding protein-related protein 11,protein-coding,-,-,-,oxysterol-binding protein-related protein 11,20210420,-
130825,121167256,LOC121167256,-,-,-,Un,-,uncharacterized LOC121167256,ncRNA,-,-,-,-,20210420,-
130825,121167257,LOC121167257,-,-,-,Un,-,UAP56-interacting factor,protein-coding,-,-,-,UAP56-interacting factor,20210420,-
130825,121167258,LOC121167258,-,-,-,Un,-,run domain Beclin-1-interacting and cysteine-rich domain-containing protein,protein-coding,-,-,-,run domain Beclin-1-interacting and cysteine-rich domain-containing protein,20210420,-
130825,121167259,LOC121167259,-,-,-,Un,-,uncharacterized LOC121167259,ncRNA,-,-,-,-,20210420,-
130825,121167260,LOC121167260,-,-,-,Un,-,uridine 5'-monophosphate synthase-like,protein-coding,-,-,-,uridine 5'-monophosphate synthase-like,20210420,-
130825,121167261,LOC121167261,-,-,-,Un,-,sorting nexin-4-like,protein-coding,-,-,-,sorting nexin-4-like,20210420,-
130825,121167262,LOC121167262,-,-,-,Un,-,solute carrier family 12 member 8-like,protein-coding,-,-,-,solute carrier family 12 member 8-like,20210420,-
130825,121167263,LOC121167263,-,-,-,Un,-,60S ribosomal protein L35a,protein-coding,-,-,-,60S ribosomal protein L35a,20210424,-
130825,121167264,LOC121167264,-,-,-,Un,-,integrin beta-5,protein-coding,-,-,-,integrin beta-5,20210420,-
130825,121167265,MRPS18B,-,-,-,Un,-,mitochondrial ribosomal protein S18B,protein-coding,-,-,-,"28S ribosomal protein S18b, mitochondrial",20210420,-
130825,121167266,LOC121167266,-,-,-,Un,-,leishmanolysin-like peptidase,protein-coding,-,-,-,leishmanolysin-like peptidase,20210420,-
130825,121167267,LOC121167267,-,-,-,Un,-,mucin-13-like,protein-coding,-,-,-,mucin-13-like,20210420,-
130825,121167268,MUC20,-,-,-,Un,-,"mucin 20, cell surface associated",protein-coding,-,-,-,mucin-20,20210420,-
130825,121167269,LOC121167269,-,-,-,Un,-,mucin-4-like,protein-coding,-,-,-,mucin-4-like,20210420,-
130825,121167270,LOC121167270,-,-,-,Un,-,proteasome subunit alpha type-1-like,pseudo,-,-,-,-,20210420,-
130825,121167271,LOC121167271,-,-,-,Un,-,zinc finger protein 148,protein-coding,-,-,-,zinc finger protein 148,20210420,-
130825,121167272,LOC121167272,-,-,-,Un,-,DISP complex protein LRCH3,protein-coding,-,-,-,DISP complex protein LRCH3,20210420,-
130825,121167273,LOC121167273,-,-,-,Un,-,dynein regulatory complex protein 9-like,protein-coding,-,-,-,dynein regulatory complex protein 9-like,20210420,-
130825,121167274,LOC121167274,-,-,-,Un,-,uncharacterized LOC121167274,ncRNA,-,-,-,-,20210420,-
130825,121167275,LOC121167275,-,-,-,Un,-,protein HEG homolog 1-like,protein-coding,-,-,-,protein HEG homolog 1-like,20210420,-
130825,121167276,LOC121167276,-,-,-,Un,-,lipoma-preferred partner,protein-coding,-,-,-,lipoma-preferred partner,20210420,-
130825,121167277,LOC121167277,-,-,-,Un,-,uncharacterized LOC121167277,ncRNA,-,-,-,-,20210420,-
130825,121167278,LOC121167278,-,-,-,Un,-,U6 spliceosomal RNA,pseudo,-,-,-,-,20210420,-
130825,121167279,LOC121167279,-,-,-,Un,-,ecotropic viral integration site 5 protein homolog,pseudo,-,-,-,-,20210420,-
130825,121167280,LOC121167280,-,-,-,Un,-,activator of basal transcription 1-like,protein-coding,-,-,-,activator of basal transcription 1-like,20210420,-
130825,121167281,LOC121167281,-,-,-,Un,-,olfactory receptor 2H1-like,protein-coding,-,-,-,olfactory receptor 2H1-like,20210420,-
130825,121167282,LOC121167282,-,-,-,Un,-,uncharacterized LOC121167282,protein-coding,-,-,-,uncharacterized protein LOC121167282,20210420,-
130825,121167283,LOC121167283,-,-,-,Un,-,histone H1.3,protein-coding,-,-,-,histone H1.3,20210420,-
130825,121167284,LOC121167284,-,-,-,Un,-,histone H3.1,protein-coding,-,-,-,histone H3.1,20210425,-
130825,121167285,LOC121167285,-,-,-,Un,-,histone H3.1,protein-coding,-,-,-,histone H3.1,20210424,-
130825,121167286,LOC121167286,-,-,-,Un,-,histone H2A type 1-D,protein-coding,-,-,-,histone H2A type 1-D,20210424,-
130825,121167287,LOC121167287,-,-,-,Un,-,histone H2A type 1-E,protein-coding,-,-,-,histone H2A type 1-E,20210424,-
130825,121167288,LOC121167288,-,-,-,Un,-,histone H2B type 1-C/E/F/G/I,protein-coding,-,-,-,histone H2B type 1-C/E/F/G/I,20210424,-
130825,121167289,LOC121167289,-,-,-,Un,-,histone H2B type 1-C/E/F/G/I,protein-coding,-,-,-,histone H2B type 1-C/E/F/G/I,20210425,-
130825,121167290,LOC121167290,-,-,-,Un,-,60S ribosomal protein L39,protein-coding,-,-,-,60S ribosomal protein L39,20210501,-
130825,121167291,LOC121167291,-,-,-,Un,-,butyrophilin subfamily 1 member A1-like,protein-coding,-,-,-,butyrophilin subfamily 1 member A1-like,20210420,-
130825,121167292,LOC121167292,-,-,-,Un,-,uncharacterized LOC121167292,ncRNA,-,-,-,-,20210420,-
130825,121167293,LOC121167293,-,-,-,Un,-,histone H1.4,protein-coding,-,-,-,histone H1.4,20210420,-
130825,121167294,LOC121167294,-,-,-,Un,-,histone H2B type 1-C/E/F/G/I,protein-coding,-,-,-,histone H2B type 1-C/E/F/G/I,20210424,-
130825,121167295,LOC121167295,-,-,-,Un,-,gamma-aminobutyric acid type B receptor subunit 1-like,protein-coding,-,-,-,gamma-aminobutyric acid type B receptor subunit 1-like,20210420,-
130825,121167296,LOC121167296,-,-,-,Un,-,zinc finger protein RFP,protein-coding,-,-,-,zinc finger protein RFP,20210420,-
130825,121167297,ATAT1,-,-,-,Un,-,alpha tubulin acetyltransferase 1,protein-coding,-,-,-,alpha-tubulin N-acetyltransferase 1,20210420,-
130825,121167298,LOC121167298,-,-,-,Un,-,olfactory receptor 2H2-like,protein-coding,-,-,-,olfactory receptor 2H2-like,20210420,-
130825,121167299,LOC121167299,-,-,-,Un,-,piggyBac transposable element-derived protein 1-like,protein-coding,-,-,-,piggyBac transposable element-derived protein 1-like,20210420,-
130825,121167300,LOC121167300,-,-,-,Un,-,zinc finger protein with KRAB and SCAN domains 3-like,protein-coding,-,-,-,zinc finger protein with KRAB and SCAN domains 3-like,20210420,-
130825,121167301,LOC121167301,-,-,-,Un,-,zinc finger and SCAN domain-containing protein 26-like,protein-coding,-,-,-,zinc finger and SCAN domain-containing protein 26-like,20210420,-
130825,121167302,LOC121167302,-,-,-,Un,-,olfactory receptor 10-like,protein-coding,-,-,-,olfactory receptor 10-like|putative olfactory receptor 2B8,20210420,-
130825,121167303,LOC121167303,-,-,-,Un,-,putative olfactory receptor 2B3,protein-coding,-,-,-,putative olfactory receptor 2B3,20210420,-
130825,121167304,LOC121167304,-,-,-,Un,-,olfactory receptor 2G3-like,protein-coding,-,-,-,olfactory receptor 2G3-like,20210420,-
130825,121167305,DTWD2,-,-,-,Un,-,DTW domain containing 2,protein-coding,-,-,-,tRNA-uridine aminocarboxypropyltransferase 2,20210420,-
130825,121167306,LOC121167306,-,-,-,Un,-,olfactory receptor 2J3-like,protein-coding,-,-,-,olfactory receptor 2J3-like,20210420,-
130825,121167307,LOC121167307,-,-,-,Un,-,olfactory receptor 2B11-like,protein-coding,-,-,-,olfactory receptor 2B11-like,20210420,-
130825,121167308,LOC121167308,-,-,-,Un,-,olfactory receptor 2B11-like,protein-coding,-,-,-,olfactory receptor 2B11-like,20210420,-
130825,121167309,LOC121167309,-,-,-,Un,-,olfactory receptor 2B11-like,protein-coding,-,-,-,olfactory receptor 2B11-like,20210420,-
130825,121167310,LOC121167310,-,-,-,Un,-,putative olfactory receptor 2B3,protein-coding,-,-,-,putative olfactory receptor 2B3,20210420,-
130825,121167311,LOC121167311,-,-,-,Un,-,olfactory receptor 2B11-like,protein-coding,-,-,-,olfactory receptor 2B11-like,20210420,-
130825,121167312,LOC121167312,-,-,-,Un,-,olfactory receptor 2B11-like,protein-coding,-,-,-,olfactory receptor 2B11-like,20210420,-
130825,121167313,LOC121167313,-,-,-,Un,-,olfactory receptor 2J3-like,protein-coding,-,-,-,LOW QUALITY PROTEIN: olfactory receptor 2J3-like,20210420,-
130825,121167314,LOC121167314,-,-,-,Un,-,epididymal secretory glutathione peroxidase-like,protein-coding,-,-,-,epididymal secretory glutathione peroxidase-like,20210420,-
130825,121167315,LOC121167315,-,-,-,Un,-,zinc finger protein with KRAB and SCAN domains 4-like,protein-coding,-,-,-,zinc finger protein with KRAB and SCAN domains 4-like,20210420,-
130825,121167316,LOC121167316,-,-,-,Un,-,olfactory receptor 2W1,protein-coding,-,-,-,olfactory receptor 2W1,20210420,-
130825,121167317,LOC121167317,-,-,-,Un,-,uncharacterized LOC121167317,ncRNA,-,-,-,-,20210420,-
130825,121167318,LOC121167318,-,-,-,Un,-,olfactory receptor 2B2-like,protein-coding,-,-,-,olfactory receptor 2B2-like,20210420,-
130825,121167319,LOC121167319,-,-,-,Un,-,olfactory receptor 2W1-like,protein-coding,-,-,-,olfactory receptor 2W1-like,20210420,-
130825,121167320,LOC121167320,-,-,-,Un,-,olfactory receptor 2H1-like,pseudo,-,-,-,-,20210420,-
130825,121167321,LOC121167321,-,-,-,Un,-,putative olfactory receptor 2I1,protein-coding,-,-,-,putative olfactory receptor 2I1,20210420,-
130825,121167322,LOC121167322,-,-,-,Un,-,olfactory receptor 10C1-like,protein-coding,-,-,-,olfactory receptor 10C1-like,20210420,-
130825,121167323,LOC121167323,-,-,-,Un,-,olfactory receptor 11A1-like,protein-coding,-,-,-,olfactory receptor 11A1-like,20210420,-
130825,121167324,LOC121167324,-,-,-,Un,-,olfactory receptor 1361-like,protein-coding,-,-,-,olfactory receptor 1361-like,20210420,-
130825,121167325,LOC121167325,-,-,-,Un,-,olfactory receptor 5V1-like,protein-coding,-,-,-,olfactory receptor 5V1-like,20210420,-
130825,121167326,LOC121167326,-,-,-,Un,-,olfactory receptor 14J1-like,protein-coding,-,-,-,olfactory receptor 14J1-like,20210420,-
130825,121167327,LOC121167327,-,-,-,Un,-,olfactory receptor 14J1-like,protein-coding,-,-,-,olfactory receptor 14J1-like,20210420,-
130825,121167328,LOC121167328,-,-,-,Un,-,olfactory receptor 14J1,protein-coding,-,-,-,olfactory receptor 14J1,20210420,-
130825,121167329,LOC121167329,-,-,-,Un,-,olfactory receptor 2G3-like,protein-coding,-,-,-,olfactory receptor 2G3-like,20210420,-
130825,121167330,LOC121167330,-,-,-,Un,-,olfactory receptor 2G3-like,protein-coding,-,-,-,olfactory receptor 2G3-like,20210420,-
130825,121167331,LOC121167331,-,-,-,Un,-,olfactory receptor 2G3-like,protein-coding,-,-,-,olfactory receptor 2G3-like,20210420,-
130825,121167332,LOC121167332,-,-,-,Un,-,olfactory receptor 10C1-like,protein-coding,-,-,-,olfactory receptor 10C1-like,20210420,-
130825,121167333,LOC121167333,-,-,-,Un,-,olfactory receptor 2G3-like,protein-coding,-,-,-,olfactory receptor 2G3-like,20210420,-
130825,121167334,LOC121167334,-,-,-,Un,-,olfactory receptor 2H2-like,protein-coding,-,-,-,olfactory receptor 2H2-like,20210420,-
130825,121167335,LOC121167335,-,-,-,Un,-,olfactory receptor 2B11-like,protein-coding,-,-,-,olfactory receptor 2B11-like,20210420,-
130825,121167336,LOC121167336,-,-,-,Un,-,olfactory receptor 2B11-like,protein-coding,-,-,-,olfactory receptor 2B11-like,20210420,-
130825,121167337,LOC121167337,-,-,-,Un,-,"class I histocompatibility antigen, Gogo-B*0101 alpha chain-like",protein-coding,-,-,-,"class I histocompatibility antigen, Gogo-B*0101 alpha chain-like",20210420,-
130825,121167338,LOC121167338,-,-,-,Un,-,olfactory receptor 2J3-like,pseudo,-,-,-,-,20210420,-
130825,121167339,DHX16,-,-,-,Un,-,DEAH-box helicase 16,protein-coding,-,-,-,pre-mRNA-splicing factor ATP-dependent RNA helicase DHX16,20210420,-
130825,121167340,LOC121167340,-,-,-,Un,-,olfactory receptor 2H2-like,protein-coding,-,-,-,olfactory receptor 2H2-like,20210420,-
130825,121167341,LOC121167341,-,-,-,Un,-,olfactory receptor 2B11-like,protein-coding,-,-,-,olfactory receptor 2B11-like,20210420,-
130825,121167342,LOC121167342,-,-,-,Un,-,olfactory receptor 2B11-like,protein-coding,-,-,-,olfactory receptor 2B11-like,20210420,-
130825,121167343,LOC121167343,-,-,-,Un,-,olfactory receptor 2B6-like,protein-coding,-,-,-,olfactory receptor 2B6-like,20210420,-
130825,121167344,LOC121167344,-,-,-,Un,-,olfactory receptor 2B6-like,protein-coding,-,-,-,olfactory receptor 2B6-like,20210420,-
130825,121167345,LOC121167345,-,-,-,Un,-,olfactory receptor 2W1-like,protein-coding,-,-,-,olfactory receptor 2W1-like,20210420,-
130825,121167346,LOC121167346,-,-,-,Un,-,olfactory receptor 2W1-like,protein-coding,-,-,-,olfactory receptor 2W1-like,20210420,-
130825,121167347,LOC121167347,-,-,-,Un,-,putative olfactory receptor 2W6,protein-coding,-,-,-,putative olfactory receptor 2W6,20210420,-
130825,121167348,LOC121167348,-,-,-,Un,-,putative olfactory receptor 2W6,protein-coding,-,-,-,putative olfactory receptor 2W6,20210420,-
130825,121167349,LOC121167349,-,-,-,Un,-,prefoldin subunit 4-like,pseudo,-,-,-,-,20210420,-
130825,121167350,LOC121167350,-,-,-,Un,-,glutathione peroxidase 6-like,protein-coding,-,-,-,glutathione peroxidase 6-like,20210420,-
130825,121167351,LOC121167351,-,-,-,Un,-,NKAP-like protein,protein-coding,-,-,-,NKAP-like protein,20210420,-
130825,121167352,LOC121167352,-,-,-,Un,-,60S ribosomal protein L21-like,pseudo,-,-,-,-,20210420,-
130825,121167353,LOC121167353,-,-,-,Un,-,serine/threonine/tyrosine-interacting protein-like,pseudo,-,-,-,-,20210420,-
130825,121167354,LOC121167354,-,-,-,Un,-,butyrophilin subfamily 2 member A2-like,protein-coding,-,-,-,butyrophilin subfamily 2 member A2-like,20210420,-
130825,121167355,LOC121167355,-,-,-,Un,-,uncharacterized LOC121167355,protein-coding,-,-,-,uncharacterized protein LOC121167355,20210420,-
130825,121167356,LOC121167356,-,-,-,Un,-,olfactory receptor 12D3-like,protein-coding,-,-,-,olfactory receptor 12D3-like,20210420,-
130825,121167357,CUNH6orf136,-,-,-,Un,-,chromosome unknown C6orf136 homolog,protein-coding,-,-,-,uncharacterized protein C6orf136 homolog,20210420,-
130825,121167358,LOC121167358,-,-,-,Un,-,olfactory receptor 12D2-like,protein-coding,-,-,-,olfactory receptor 12D2-like,20210420,-
130825,121167359,LOC121167359,-,-,-,Un,-,butyrophilin subfamily 1 member A1-like,protein-coding,-,-,-,butyrophilin subfamily 1 member A1-like,20210420,-
130825,121167360,LOC121167360,-,-,-,Un,-,histone H3.1,protein-coding,-,-,-,histone H3.1,20210424,-
130825,121167361,LOC121167361,-,-,-,Un,-,histone H2A type 1,protein-coding,-,-,-,histone H2A type 1,20210424,-
130825,121167362,LOC121167362,-,-,-,Un,-,histone H2B type 1-C/E/F/G/I-like,pseudo,-,-,-,-,20210420,-
130825,121167363,LOC121167363,-,-,-,Un,-,histone H2B type 2-E,protein-coding,-,-,-,histone H2B type 2-E,20210424,-
130825,121167364,LOC121167364,-,-,-,Un,-,ubiquitin D-like,protein-coding,-,-,-,ubiquitin D-like,20210420,-
130825,121167365,LOC121167365,-,-,-,Un,-,60S ribosomal protein L30-like,pseudo,-,-,-,-,20210420,-
130825,121167366,LOC121167366,-,-,-,Un,-,olfactory receptor 2B11-like,protein-coding,-,-,-,olfactory receptor 2B11-like,20210420,-
130825,121167367,LOC121167367,-,-,-,Un,-,uncharacterized LOC121167367,ncRNA,-,-,-,-,20210420,-
130825,121167368,LOC121167368,-,-,-,Un,-,MICOS complex subunit MIC27-like,pseudo,-,-,-,-,20210420,-
130825,121167369,LOC121167369,-,-,-,Un,-,U6 spliceosomal RNA,snRNA,-,-,-,-,20210420,-
130825,121167370,TRNAF-GAA,-,-,-,Un,-,transfer RNA phenylalanine (anticodon GAA),tRNA,-,-,-,-,20210420,-
130825,121167371,TRNAV-CAC,-,-,-,Un,-,transfer RNA valine (anticodon CAC),tRNA,-,-,-,-,20210420,-
130825,121167372,TRNAR-ACG,-,-,-,Un,-,transfer RNA arginine (anticodon ACG),tRNA,-,-,-,-,20210420,-
130825,121167373,TRNAL-CAG,-,-,-,Un,-,transfer RNA leucine (anticodon CAG),tRNA,-,-,-,-,20210420,-
130825,121167374,TRNAR-ACG,-,-,-,Un,-,transfer RNA arginine (anticodon ACG),tRNA,-,-,-,-,20210420,-
130825,121167375,TRNAS-AGA,-,-,-,Un,-,transfer RNA serine (anticodon AGA),tRNA,-,-,-,-,20210420,-
130825,121167376,MDC1,-,-,-,Un,-,mediator of DNA damage checkpoint 1,protein-coding,-,-,-,mediator of DNA damage checkpoint protein 1,20210420,-
130825,121167377,TRNAA-AGC,-,-,-,Un,-,transfer RNA alanine (anticodon AGC),tRNA,-,-,-,-,20210420,-
130825,121167378,TRNAR-UCG,-,-,-,Un,-,transfer RNA arginine (anticodon UCG),tRNA,-,-,-,-,20210420,-
130825,121167379,TRNAR-UCG,-,-,-,Un,-,transfer RNA arginine (anticodon UCG),tRNA,-,-,-,-,20210420,-
130825,121167380,TRNAM-CAU,-,-,-,Un,-,transfer RNA methionine (anticodon CAU),tRNA,-,-,-,-,20210420,-
130825,121167381,TRNAA-AGC,-,-,-,Un,-,transfer RNA alanine (anticodon AGC),tRNA,-,-,-,-,20210420,-
130825,121167382,TRNAA-UGC,-,-,-,Un,-,transfer RNA alanine (anticodon UGC),tRNA,-,-,-,-,20210420,-
130825,121167383,TRNAR-CCG,-,-,-,Un,-,transfer RNA arginine (anticodon CCG),tRNA,-,-,-,-,20210420,-
130825,121167384,TRNAA-AGC,-,-,-,Un,-,transfer RNA alanine (anticodon AGC),tRNA,-,-,-,-,20210420,-
130825,121167385,TRNAF-GAA,-,-,-,Un,-,transfer RNA phenylalanine (anticodon GAA),tRNA,-,-,-,-,20210420,-
130825,121167386,TRNAT-AGU,-,-,-,Un,-,transfer RNA threonine (anticodon AGU),tRNA,-,-,-,-,20210420,-
130825,121167387,TRNAA-AGC,-,-,-,Un,-,transfer RNA alanine (anticodon AGC),tRNA,-,-,-,-,20210420,-
130825,121167388,TRNAA-CGC,-,-,-,Un,-,transfer RNA alanine (anticodon CGC),tRNA,-,-,-,-,20210420,-
130825,121167389,TRNAA-AGC,-,-,-,Un,-,transfer RNA alanine (anticodon AGC),tRNA,-,-,-,-,20210420,-
130825,121167390,TRNAM-CAU,-,-,-,Un,-,transfer RNA methionine (anticodon CAU),tRNA,-,-,-,-,20210420,-
130825,121167391,TRNAT-CGU,-,-,-,Un,-,transfer RNA threonine (anticodon CGU),tRNA,-,-,-,-,20210420,-
130825,121167392,TRNAS-GCU,-,-,-,Un,-,transfer RNA serine (anticodon GCU),tRNA,-,-,-,-,20210420,-
130825,121167393,TRNAR-UCG,-,-,-,Un,-,transfer RNA arginine (anticodon UCG),tRNA,-,-,-,-,20210420,-
130825,121167394,TRNAT-CGU,-,-,-,Un,-,transfer RNA threonine (anticodon CGU),tRNA,-,-,-,-,20210420,-
130825,121167395,TRNAL-UAG,-,-,-,Un,-,transfer RNA leucine (anticodon UAG),tRNA,-,-,-,-,20210420,-
130825,121167396,TRNAT-UGU,-,-,-,Un,-,transfer RNA threonine (anticodon UGU),tRNA,-,-,-,-,20210420,-
130825,121167397,TRNAK-CUU,-,-,-,Un,-,transfer RNA lysine (anticodon CUU),tRNA,-,-,-,-,20210420,-
130825,121167398,TRNAT-AGU,-,-,-,Un,-,transfer RNA threonine (anticodon AGU),tRNA,-,-,-,-,20210420,-
130825,121167399,TRNAW-CCA,-,-,-,Un,-,transfer RNA tryptophan (anticodon CCA),tRNA,-,-,-,-,20210420,-
130825,121167400,TRNAM-CAU,-,-,-,Un,-,transfer RNA methionine (anticodon CAU),tRNA,-,-,-,-,20210420,-
130825,121167401,TRNAL-AAG,-,-,-,Un,-,transfer RNA leucine (anticodon AAG),tRNA,-,-,-,-,20210420,-
130825,121167402,TRNAG-GCC,-,-,-,Un,-,transfer RNA glycine (anticodon GCC),tRNA,-,-,-,-,20210420,-
130825,121167403,TRNAM-CAU,-,-,-,Un,-,transfer RNA methionine (anticodon CAU),tRNA,-,-,-,-,20210420,-
130825,121167404,TRNAS-UGA,-,-,-,Un,-,transfer RNA serine (anticodon UGA),tRNA,-,-,-,-,20210420,-
130825,121167405,TRNAQ-UUG,-,-,-,Un,-,transfer RNA glutamine (anticodon UUG),tRNA,-,-,-,-,20210420,-
130825,121167406,TRNAQ-UUG,-,-,-,Un,-,transfer RNA glutamine (anticodon UUG),tRNA,-,-,-,-,20210420,-
130825,121167407,TRNAS-GCU,-,-,-,Un,-,transfer RNA serine (anticodon GCU),tRNA,-,-,-,-,20210420,-
130825,121167408,TRNAM-CAU,-,-,-,Un,-,transfer RNA methionine (anticodon CAU),tRNA,-,-,-,-,20210420,-
130825,121167409,TRNAL-AAG,-,-,-,Un,-,transfer RNA leucine (anticodon AAG),tRNA,-,-,-,-,20210420,-
130825,121167410,TRNAE-CUC,-,-,-,Un,-,transfer RNA glutamic acid (anticodon CUC),tRNA,-,-,-,-,20210420,-
130825,121167411,TRNAK-UUU,-,-,-,Un,-,transfer RNA lysine (anticodon UUU),tRNA,-,-,-,-,20210420,-
130825,121167412,TRNAQ-CUG,-,-,-,Un,-,transfer RNA glutamine (anticodon CUG),tRNA,-,-,-,-,20210420,-
130825,121167413,TRNAM-CAU,-,-,-,Un,-,transfer RNA methionine (anticodon CAU),tRNA,-,-,-,-,20210420,-
130825,121167414,TRNAL-CAA,-,-,-,Un,-,transfer RNA leucine (anticodon CAA),tRNA,-,-,-,-,20210420,-
130825,121167415,TRNAR-CCG,-,-,-,Un,-,transfer RNA arginine (anticodon CCG),tRNA,-,-,-,-,20210420,-
130825,121167416,TRNAA-CGC,-,-,-,Un,-,transfer RNA alanine (anticodon CGC),tRNA,-,-,-,-,20210420,-
130825,121167417,TRNAA-UGC,-,-,-,Un,-,transfer RNA alanine (anticodon UGC),tRNA,-,-,-,-,20210420,-
130825,121167418,TRNAA-UGC,-,-,-,Un,-,transfer RNA alanine (anticodon UGC),tRNA,-,-,-,-,20210420,-
130825,121167419,TRNAA-AGC,-,-,-,Un,-,transfer RNA alanine (anticodon AGC),tRNA,-,-,-,-,20210420,-
130825,121167420,TRNAQ-UUG,-,-,-,Un,-,transfer RNA glutamine (anticodon UUG),tRNA,-,-,-,-,20210420,-
130825,121167421,TRNAI-UAU,-,-,-,Un,-,transfer RNA isoleucine (anticodon UAU),tRNA,-,-,-,-,20210420,-
130825,121167422,PPP1R18,-,-,-,Un,-,protein phosphatase 1 regulatory subunit 18,protein-coding,-,-,-,phostensin,20210420,-
130825,121167423,TRNAM-CAU,-,-,-,Un,-,transfer RNA methionine (anticodon CAU),tRNA,-,-,-,-,20210420,-
130825,121167424,TRNAL-CAA,-,-,-,Un,-,transfer RNA leucine (anticodon CAA),tRNA,-,-,-,-,20210420,-
130825,121167425,TRNAY-GUA,-,-,-,Un,-,transfer RNA tyrosine (anticodon GUA),tRNA,-,-,-,-,20210420,-
130825,121167426,TRNAY-GUA,-,-,-,Un,-,transfer RNA tyrosine (anticodon GUA),tRNA,-,-,-,-,20210420,-
130825,121167427,TRNAP-AGG,-,-,-,Un,-,transfer RNA proline (anticodon AGG),tRNA,-,-,-,-,20210420,-
130825,121167428,SEMA6A,-,-,-,Un,-,semaphorin 6A,protein-coding,-,-,-,semaphorin-6A,20210420,-
130825,121167429,TRNAI-AAU,-,-,-,Un,-,transfer RNA isoleucine (anticodon AAU),tRNA,-,-,-,-,20210420,-
130825,121167430,TRNAA-CGC,-,-,-,Un,-,transfer RNA alanine (anticodon CGC),tRNA,-,-,-,-,20210420,-
130825,121167431,LOC121167431,-,-,-,Un,-,uncharacterized protein C6orf62 homolog,protein-coding,-,-,-,uncharacterized protein C6orf62 homolog,20210420,-
130825,121167432,LOC121167432,-,-,-,Un,-,protein Jumonji-like,protein-coding,-,-,-,protein Jumonji-like,20210420,-
130825,121167433,LOC121167433,-,-,-,Un,-,dysbindin-like,protein-coding,-,-,-,dysbindin-like,20210420,-
130825,121167434,LOC121167434,-,-,-,Un,-,cullin-5-like,protein-coding,-,-,-,cullin-5-like,20210420,-
130825,121167435,NRM,-,-,-,Un,-,nurim,protein-coding,-,-,-,nurim,20210420,-
130825,121167436,LOC121167436,-,-,-,Un,-,transmembrane protease serine 13-like,protein-coding,-,-,-,transmembrane protease serine 13-like,20210420,-
130825,121167437,LOC121167437,-,-,-,Un,-,high mobility group protein B1-like,pseudo,-,-,-,-,20210420,-
130825,121167438,LOC121167438,-,-,-,Un,-,NADPH oxidase 4,protein-coding,-,-,-,NADPH oxidase 4,20210420,-
130825,121167439,LOC121167439,-,-,-,Un,-,elongation factor 1-beta-like,pseudo,-,-,-,-,20210420,-
130825,121167440,LOC121167440,-,-,-,Un,-,liprin-beta-2-like,protein-coding,-,-,-,liprin-beta-2-like,20210420,-
130825,121167441,LOC121167441,-,-,-,Un,-,NADH-cytochrome b5 reductase 2-like,protein-coding,-,-,-,NADH-cytochrome b5 reductase 2-like,20210420,-
130825,121167442,LOC121167442,-,-,-,Un,-,ubiquitin carboxyl-terminal hydrolase isozyme L1,protein-coding,-,-,-,ubiquitin carboxyl-terminal hydrolase isozyme L1,20210420,-
130825,121167443,LOC121167443,-,-,-,Un,-,COMM domain-containing protein 8-like,protein-coding,-,-,-,COMM domain-containing protein 8-like,20210420,-
130825,121167444,LOC121167444,-,-,-,Un,-,serine/threonine-protein kinase WNK1-like,protein-coding,-,-,-,serine/threonine-protein kinase WNK1-like,20210420,-
130825,121167445,LOC121167445,-,-,-,Un,-,DNA repair protein RAD52 homolog,protein-coding,-,-,-,DNA repair protein RAD52 homolog,20210420,-
130825,121167446,LOC121167446,-,-,-,Un,-,voltage-dependent L-type calcium channel subunit alpha-1C,protein-coding,-,-,-,voltage-dependent L-type calcium channel subunit alpha-1C,20210420,-
130825,121167447,TUBB,-,-,-,Un,-,tubulin beta class I,protein-coding,-,-,-,tubulin beta chain,20210424,-
130825,121167448,LOC121167448,-,-,-,Un,-,uncharacterized LOC121167448,ncRNA,-,-,-,-,20210420,-
130825,121167449,LOC121167449,-,-,-,Un,-,uncharacterized LOC121167449,ncRNA,-,-,-,-,20210420,-
130825,121167450,LOC121167450,-,-,-,Un,-,uncharacterized LOC121167450,ncRNA,-,-,-,-,20210420,-
130825,121167451,LOC121167451,-,-,-,Un,-,uncharacterized LOC121167451,ncRNA,-,-,-,-,20210420,-
130825,121167452,LOC121167452,-,-,-,Un,-,uncharacterized LOC121167452,ncRNA,-,-,-,-,20210420,-
130825,121167453,LOC121167453,-,-,-,Un,-,uncharacterized LOC121167453,ncRNA,-,-,-,-,20210420,-
130825,121167454,LOC121167454,-,-,-,Un,-,uncharacterized LOC121167454,ncRNA,-,-,-,-,20210420,-
130825,121167455,LOC121167455,-,-,-,Un,-,"dynein heavy chain 14, axonemal-like",protein-coding,-,-,-,"dynein heavy chain 14, axonemal-like",20210420,-
130825,121167456,LOC121167456,-,-,-,Un,-,delta(14)-sterol reductase LBR-like,protein-coding,-,-,-,delta(14)-sterol reductase LBR-like,20210420,-
130825,121167457,LOC121167457,-,-,-,Un,-,"dynein heavy chain 14, axonemal-like",protein-coding,-,-,-,"dynein heavy chain 14, axonemal-like",20210420,-
130825,121167458,LOC121167458,-,-,-,Un,-,"dynein heavy chain 6, axonemal-like",protein-coding,-,-,-,"dynein heavy chain 6, axonemal-like",20210420,-
130825,121167459,LOC121167459,-,-,-,Un,-,uncharacterized LOC121167459,ncRNA,-,-,-,-,20210420,-
130825,121167460,LOC121167460,-,-,-,Un,-,uncharacterized LOC121167460,ncRNA,-,-,-,-,20210420,-
130825,121167461,LOC121167461,-,-,-,Un,-,uncharacterized LOC121167461,ncRNA,-,-,-,-,20210420,-
130825,121167462,LOC121167462,-,-,-,Un,-,uncharacterized LOC121167462,ncRNA,-,-,-,-,20210420,-
130825,121167463,LOC121167463,-,-,-,Un,-,uncharacterized LOC121167463,ncRNA,-,-,-,-,20210420,-
130825,121167464,LOC121167464,-,-,-,Un,-,protein enabled homolog,protein-coding,-,-,-,protein enabled homolog,20210420,-
130825,121167465,LOC121167465,-,-,-,Un,-,uncharacterized LOC121167465,ncRNA,-,-,-,-,20210420,-
130825,121167466,LOC121167466,-,-,-,Un,-,uncharacterized LOC121167466,ncRNA,-,-,-,-,20210420,-
130825,121167467,LOC121167467,-,-,-,Un,-,U2 spliceosomal RNA,pseudo,-,-,-,-,20210420,-
130825,121167468,LOC121167468,-,-,-,Un,-,nebulette-like,protein-coding,-,-,-,LOW QUALITY PROTEIN: nebulette-like,20210420,-
130825,121167469,LOC121167469,-,-,-,Un,-,WD repeat-containing protein 37-like,protein-coding,-,-,-,WD repeat-containing protein 37-like,20210420,-
130825,121167470,LOC121167470,-,-,-,Un,-,nucleolar GTP-binding protein 1,protein-coding,-,-,-,nucleolar GTP-binding protein 1,20210420,-
130825,121167471,LOC121167471,-,-,-,Un,-,isopentenyl-diphosphate Delta-isomerase 1,protein-coding,-,-,-,isopentenyl-diphosphate Delta-isomerase 1,20210420,-
130825,121167472,LOC121167472,-,-,-,Un,-,prostaglandin-E(2) 9-reductase-like,protein-coding,-,-,-,aldo-keto reductase family 1 member C1-like|aldo-keto reductase family 1 member C15-like|prostaglandin-E(2) 9-reductase-like,20210420,-
130825,121167473,LOC121167473,-,-,-,Un,-,aldo-keto reductase family 1 member C15-like,protein-coding,-,-,-,aldo-keto reductase family 1 member C15-like,20210420,-
130825,121167474,FLOT1,-,-,-,Un,-,flotillin 1,protein-coding,-,-,-,flotillin-1,20210420,-
130825,121167475,LOC121167475,-,-,-,Un,-,prostaglandin-E(2) 9-reductase-like,protein-coding,-,-,-,prostaglandin-E(2) 9-reductase-like,20210420,-
130825,121167476,LOC121167476,-,-,-,Un,-,prostaglandin-E(2) 9-reductase-like,protein-coding,-,-,-,prostaglandin-E(2) 9-reductase-like,20210420,-
130825,121167477,LOC121167477,-,-,-,Un,-,prostaglandin-E(2) 9-reductase-like,protein-coding,-,-,-,prostaglandin-E(2) 9-reductase-like,20210420,-
130825,121167478,LOC121167478,-,-,-,Un,-,prostaglandin-E(2) 9-reductase-like,protein-coding,-,-,-,prostaglandin-E(2) 9-reductase-like,20210420,-
130825,121167479,LOC121167479,-,-,-,Un,-,prostaglandin-E(2) 9-reductase-like,protein-coding,-,-,-,prostaglandin-E(2) 9-reductase-like,20210420,-
130825,121167480,LOC121167480,-,-,-,Un,-,aldo-keto reductase family 1 member C1-like,protein-coding,-,-,-,aldo-keto reductase family 1 member C1-like,20210420,-
130825,121167481,LOC121167481,-,-,-,Un,-,estradiol 17 beta-dehydrogenase 5-like,protein-coding,-,-,-,estradiol 17 beta-dehydrogenase 5-like,20210420,-
130825,121167482,LOC121167482,-,-,-,Un,-,prostaglandin-E(2) 9-reductase-like,protein-coding,-,-,-,prostaglandin-E(2) 9-reductase-like,20210420,-
130825,121167483,LOC121167483,-,-,-,Un,-,prostaglandin-E(2) 9-reductase-like,protein-coding,-,-,-,prostaglandin-E(2) 9-reductase-like,20210420,-
130825,121167484,LOC121167484,-,-,-,Un,-,AN1-type zinc finger protein 5-like,pseudo,-,-,-,-,20210420,-
130825,121167485,LOC121167485,-,-,-,Un,-,adiponectin receptor protein 1-like,pseudo,-,-,-,-,20210420,-
130825,121167486,LOC121167486,-,-,-,Un,-,aldo-keto reductase family 1 member C15-like,protein-coding,-,-,-,aldo-keto reductase family 1 member C15-like,20210420,-
130825,121167487,LOC121167487,-,-,-,Un,-,ryanodine receptor 2-like,protein-coding,-,-,-,ryanodine receptor 2-like,20210420,-
130825,121167488,LOC121167488,-,-,-,Un,-,neuropilin-1,protein-coding,-,-,-,neuropilin-1,20210420,-
130825,121167489,LOC121167489,-,-,-,Un,-,ras-related protein Rab-18,protein-coding,-,-,-,ras-related protein Rab-18,20210420,-
130825,121167490,LOC121167490,-,-,-,Un,-,MAGUK p55 subfamily member 7-like,protein-coding,-,-,-,MAGUK p55 subfamily member 7-like,20210420,-
130825,121167491,LOC121167491,-,-,-,Un,-,uncharacterized LOC121167491,ncRNA,-,-,-,-,20210420,-
130825,121167492,LOC121167492,-,-,-,Un,-,translation machinery-associated protein 7-like,protein-coding,-,-,-,translation machinery-associated protein 7-like,20210420,-
130825,121167493,LOC121167493,-,-,-,Un,-,uncharacterized LOC121167493,ncRNA,-,-,-,-,20210420,-
130825,121167494,DDR1,-,-,-,Un,-,discoidin domain receptor tyrosine kinase 1,protein-coding,-,-,-,epithelial discoidin domain-containing receptor 1,20210420,-
130825,121167495,LOC121167495,-,-,-,Un,-,"ATP synthase membrane subunit K, mitochondrial-like",pseudo,-,-,-,-,20210420,-
130825,121167496,LOC121167496,-,-,-,Un,-,outer dynein arm-docking complex subunit 2-like,protein-coding,-,-,-,outer dynein arm-docking complex subunit 2-like,20210420,-
130825,121167497,LOC121167497,-,-,-,Un,-,homeobox protein Mohawk,protein-coding,-,-,-,homeobox protein Mohawk,20210420,-
130825,121167498,LOC121167498,-,-,-,Un,-,kelch-like ECH-associated protein 1,pseudo,-,-,-,-,20210420,-
130825,121167499,LOC121167499,-,-,-,Un,-,small Cajal body-specific RNA 23,ncRNA,-,-,-,-,20210420,-
130825,121167500,LOC121167500,-,-,-,Un,-,zinc finger protein 271-like,pseudo,-,-,-,-,20210420,-
130825,121167501,LOC121167501,-,-,-,Un,-,glutathione S-transferase alpha-3-like,protein-coding,-,-,-,glutathione S-transferase alpha-3-like,20210420,-
130825,121167502,LOC121167502,-,-,-,Un,-,glutathione S-transferase Yc-like,pseudo,-,-,-,-,20210420,-
130825,121167503,LOC121167503,-,-,-,Un,-,DNA repair protein RAD50-like,protein-coding,-,-,-,DNA repair protein RAD50-like,20210420,-
130825,121167504,LOC121167504,-,-,-,Un,-,long-chain-fatty-acid--CoA ligase 6,protein-coding,-,-,-,long-chain-fatty-acid--CoA ligase 6,20210420,-
130825,121167505,LOC121167505,-,-,-,Un,-,adiponectin receptor protein 1-like,pseudo,-,-,-,-,20210420,-
130825,121167506,LOC121167506,-,-,-,Un,-,cytochrome b-c1 complex subunit 8,protein-coding,-,-,-,cytochrome b-c1 complex subunit 8,20210420,-
130825,121167507,LOC121167507,-,-,-,Un,-,kinesin-like protein KIF3A,protein-coding,-,-,-,kinesin-like protein KIF3A,20210420,-
130825,121167508,LOC121167508,-,-,-,Un,-,granulocyte-macrophage colony-stimulating factor-like,protein-coding,-,-,-,granulocyte-macrophage colony-stimulating factor-like,20210420,-
130825,121167509,LOC121167509,-,-,-,Un,-,interleukin-4-like,protein-coding,-,-,-,interleukin-4-like,20210420,-
130825,121167510,LOC121167510,-,-,-,Un,-,septin-8,protein-coding,-,-,-,septin-8,20210420,-
130825,121167511,LOC121167511,-,-,-,Un,-,PDZ and LIM domain protein 4,protein-coding,-,-,-,PDZ and LIM domain protein 4,20210420,-
130825,121167512,LOC121167512,-,-,-,Un,-,liver-expressed antimicrobial peptide 2,protein-coding,-,-,-,liver-expressed antimicrobial peptide 2,20210420,-
130825,121167513,ZCCHC10,-,-,-,Un,-,zinc finger CCHC-type containing 10,protein-coding,-,-,-,zinc finger CCHC domain-containing protein 10,20210420,-
130825,121167514,LOC121167514,-,-,-,Un,-,solute carrier family 22 member 5,protein-coding,-,-,-,solute carrier family 22 member 5,20210420,-
130825,121167515,LOC121167515,-,-,-,Un,-,solute carrier family 22 member 4,protein-coding,-,-,-,solute carrier family 22 member 4,20210420,-
130825,121167516,LOC121167516,-,-,-,Un,-,interferon regulatory factor 1,protein-coding,-,-,-,interferon regulatory factor 1,20210420,-
130825,121167517,LOC121167517,-,-,-,Un,-,uncharacterized LOC121167517,ncRNA,-,-,-,-,20210420,-
130825,121167518,LOC121167518,-,-,-,Un,-,interleukin-13-like,protein-coding,-,-,-,interleukin-13-like,20210420,-
130825,121167519,LOC121167519,-,-,-,Un,-,prolyl 4-hydroxylase subunit alpha-2,protein-coding,-,-,-,prolyl 4-hydroxylase subunit alpha-2,20210420,-
130825,121167520,LOC121167520,-,-,-,Un,-,growth/differentiation factor 9-like,protein-coding,-,-,-,growth/differentiation factor 9-like,20210420,-
130825,121167521,LOC121167521,-,-,-,Un,-,protein Shroom1-like,protein-coding,-,-,-,protein Shroom1-like,20210420,-
130825,121167522,LOC121167522,-,-,-,Un,-,interleukin-5-like,protein-coding,-,-,-,interleukin-5-like,20210420,-
130825,121167523,LOC121167523,-,-,-,Un,-,AF4/FMR2 family member 4-like,protein-coding,-,-,-,AF4/FMR2 family member 4-like,20210420,-
130825,121167524,LOC121167524,-,-,-,Un,-,ankyrin repeat domain-containing protein SOWAHA-like,protein-coding,-,-,-,ankyrin repeat domain-containing protein SOWAHA-like,20210420,-
130825,121167525,LOC121167525,-,-,-,Un,-,U2 spliceosomal RNA,pseudo,-,-,-,-,20210420,-
130825,121167526,LOC121167526,-,-,-,Un,-,alpha-aminoadipic semialdehyde dehydrogenase,protein-coding,-,-,-,alpha-aminoadipic semialdehyde dehydrogenase,20210420,-
130825,121167527,LOC121167527,-,-,-,Un,-,phosphorylated adapter RNA export protein-like,protein-coding,-,-,-,phosphorylated adapter RNA export protein-like,20210420,-
130825,121167528,LOC121167528,-,-,-,Un,-,fibroblast growth factor receptor 4,protein-coding,-,-,-,fibroblast growth factor receptor 4,20210420,-
130825,121167529,LOC121167529,-,-,-,Un,-,"arginine--tRNA ligase, cytoplasmic",protein-coding,-,-,-,"arginine--tRNA ligase, cytoplasmic",20210420,-
130825,121167530,LOC121167530,-,-,-,Un,-,"histidine--tRNA ligase, cytoplasmic",protein-coding,-,-,-,"histidine--tRNA ligase, cytoplasmic",20210420,-
130825,121167531,VARS2,-,-,-,Un,-,"valyl-tRNA synthetase 2, mitochondrial",protein-coding,-,-,-,"valine--tRNA ligase, mitochondrial",20210420,-
130825,121167532,LOC121167532,-,-,-,Un,-,"histidine--tRNA ligase, mitochondrial",protein-coding,-,-,-,"histidine--tRNA ligase, mitochondrial",20210420,-
130825,121167533,LOC121167533,-,-,-,Un,-,zinc finger matrin-type protein 2,protein-coding,-,-,-,zinc finger matrin-type protein 2,20210420,-
130825,121167534,LOC121167534,-,-,-,Un,-,myosin phosphatase Rho-interacting protein-like,protein-coding,-,-,-,golgin subfamily A member 4-like|myosin phosphatase Rho-interacting protein-like,20210420,-
130825,121167535,LOC121167535,-,-,-,Un,-,60S ribosomal protein L32-like,pseudo,-,-,-,-,20210420,-
130825,121167536,LOC121167536,-,-,-,Un,-,dehydrogenase/reductase SDR family member 7B-like,protein-coding,-,-,-,dehydrogenase/reductase SDR family member 7B-like,20210420,-
130825,121167537,LOC121167537,-,-,-,Un,-,tumor necrosis factor receptor superfamily member 13B-like,protein-coding,-,-,-,tumor necrosis factor receptor superfamily member 13B-like,20210420,-
130825,121167538,LOC121167538,-,-,-,Un,-,mitochondrial cardiolipin hydrolase-like,protein-coding,-,-,-,mitochondrial cardiolipin hydrolase-like,20210420,-
130825,121167539,LOC121167539,-,-,-,Un,-,ubiquitin carboxyl-terminal hydrolase 22,protein-coding,-,-,-,ubiquitin carboxyl-terminal hydrolase 22,20210420,-
130825,121167540,LOC121167540,-,-,-,Un,-,ATP-sensitive inward rectifier potassium channel 12,protein-coding,-,-,-,ATP-sensitive inward rectifier potassium channel 12,20210420,-
130825,121167541,LOC121167541,-,-,-,Un,-,probable G-protein coupled receptor 27,pseudo,-,-,-,-,20210420,-
130825,121167542,LOC121167542,-,-,-,Un,-,probable G-protein coupled receptor 27,pseudo,-,-,-,-,20210420,-
130825,121167543,LOC121167543,-,-,-,Un,-,probable G-protein coupled receptor 27,pseudo,-,-,-,-,20210420,-
130825,121167544,LOC121167544,-,-,-,Un,-,probable G-protein coupled receptor 27,pseudo,-,-,-,-,20210420,-
130825,121167545,TEX51,-,-,-,Un,-,testis expressed 51,protein-coding,-,-,-,testis-expressed protein 51,20210420,-
130825,121167546,LOC121167546,-,-,-,Un,-,histo-blood group ABO system transferase-like,protein-coding,-,-,-,histo-blood group ABO system transferase-like,20210420,-
130825,121167547,LOC121167547,-,-,-,Un,-,probable G-protein coupled receptor 27,pseudo,-,-,-,-,20210420,-
130825,121167548,LOC121167548,-,-,-,Un,-,multidrug and toxin extrusion protein 2-like,protein-coding,-,-,-,multidrug and toxin extrusion protein 2-like,20210420,-
130825,121167549,LOC121167549,-,-,-,Un,-,dual specificity mitogen-activated protein kinase kinase 3-like,protein-coding,-,-,-,dual specificity mitogen-activated protein kinase kinase 3-like,20210420,-
130825,121167550,GTF2H4,-,-,-,Un,-,general transcription factor IIH subunit 4,protein-coding,-,-,-,general transcription factor IIH subunit 4,20210420,-
130825,121167551,LOC121167551,-,-,-,Un,-,"transmembrane protein 11, mitochondrial",protein-coding,-,-,-,"transmembrane protein 11, mitochondrial",20210420,-
130825,121167552,LOC121167552,-,-,-,Un,-,protein NATD1,protein-coding,-,-,-,protein NATD1,20210420,-
130825,121167553,LOC121167553,-,-,-,Un,-,small nucleolar RNA SNORA70,snoRNA,-,-,-,-,20210420,-
130825,121167554,LOC121167554,-,-,-,Un,-,"tetratricopeptide repeat protein 19, mitochondrial",protein-coding,-,-,-,"tetratricopeptide repeat protein 19, mitochondrial",20210420,-
130825,121167555,LOC121167555,-,-,-,Un,-,nuclear receptor corepressor 1-like,protein-coding,-,-,-,nuclear receptor corepressor 1-like,20210420,-
130825,121167556,LOC121167556,-,-,-,Un,-,period circadian protein homolog 1,protein-coding,-,-,-,period circadian protein homolog 1,20210420,-
130825,121167557,LOC121167557,-,-,-,Un,-,vesicle-associated membrane protein 2,protein-coding,-,-,-,vesicle-associated membrane protein 2,20210522,-
130825,121167558,CCHCR1,-,-,-,Un,-,coiled-coil alpha-helical rod protein 1,protein-coding,-,-,-,coiled-coil alpha-helical rod protein 1,20210420,-
130825,121167559,LOC121167559,-,-,-,Un,-,transcription factor HES-7,protein-coding,-,-,-,transcription factor HES-7,20210420,-
130825,121167560,TRNAT-AGU,-,-,-,Un,-,transfer RNA threonine (anticodon AGU),tRNA,-,-,-,-,20210420,-
130825,121167561,TRNAS-CGA,-,-,-,Un,-,transfer RNA serine (anticodon CGA),tRNA,-,-,-,-,20210420,-
130825,121167562,TRNAG-GCC,-,-,-,Un,-,transfer RNA glycine (anticodon GCC),tRNA,-,-,-,-,20210420,-
130825,121167563,LOC121167563,-,-,-,Un,-,misshapen-like kinase 1,protein-coding,-,-,-,misshapen-like kinase 1,20210420,-
130825,121167564,LOC121167564,-,-,-,Un,-,taste receptor type 1 member 3-like,protein-coding,-,-,-,taste receptor type 1 member 3-like,20210420,-
130825,121167565,LOC121167565,-,-,-,Un,-,ceramide-1-phosphate transfer protein-like,protein-coding,-,-,-,ceramide-1-phosphate transfer protein-like,20210420,-
130825,121167566,LOC121167566,-,-,-,Un,-,matrix remodeling-associated protein 8-like,protein-coding,-,-,-,matrix remodeling-associated protein 8-like,20210420,-
130825,121167567,LOC121167567,-,-,-,Un,-,segment polarity protein dishevelled homolog DVL-1,protein-coding,-,-,-,segment polarity protein dishevelled homolog DVL-1,20210420,-
130825,121167568,LOC121167568,-,-,-,Un,-,draxin-like,protein-coding,-,-,-,draxin-like,20210420,-
130825,121167569,LOC121167569,-,-,-,Un,-,uncharacterized LOC121167569,ncRNA,-,-,-,-,20210420,-
130825,121167570,LOC121167570,-,-,-,Un,-,protein FAM43B,protein-coding,-,-,-,protein FAM43B,20210420,-
130825,121167571,LOC121167571,-,-,-,Un,-,"serine/threonine-protein kinase PINK1, mitochondrial-like",protein-coding,-,-,-,"serine/threonine-protein kinase PINK1, mitochondrial-like",20210420,-
130825,121167572,LOC121167572,-,-,-,Un,-,calcium/calmodulin-dependent protein kinase II inhibitor 1,protein-coding,-,-,-,calcium/calmodulin-dependent protein kinase II inhibitor 1,20210420,-
130825,121167573,LOC121167573,-,-,-,Un,-,cytidine deaminase-like,protein-coding,-,-,-,cytidine deaminase-like,20210420,-
130825,121167574,LOC121167574,-,-,-,Un,-,UBX domain-containing protein 10-like,protein-coding,-,-,-,UBX domain-containing protein 10-like,20210420,-
130825,121167575,LOC121167575,-,-,-,Un,-,mitochondrial ubiquitin ligase activator of NFKB 1,protein-coding,-,-,-,mitochondrial ubiquitin ligase activator of NFKB 1,20210420,-
130825,121167576,LOC121167576,-,-,-,Un,-,kinesin-like protein KIF17,protein-coding,-,-,-,kinesin-like protein KIF17,20210420,-
130825,121167577,LOC121167577,-,-,-,Un,-,SH2 domain-containing protein 5,protein-coding,-,-,-,SH2 domain-containing protein 5,20210420,-
130825,121167578,LOC121167578,-,-,-,Un,-,eukaryotic translation initiation factor 4 gamma 3-like,protein-coding,-,-,-,eukaryotic translation initiation factor 4 gamma 3-like,20210420,-
130825,121167579,LOC121167579,-,-,-,Un,-,von Willebrand factor A domain-containing protein 5B1-like,protein-coding,-,-,-,von Willebrand factor A domain-containing protein 5B1-like,20210420,-
130825,121167580,LOC121167580,-,-,-,Un,-,dolichyl-diphosphooligosaccharide--protein glycosyltransferase 48 kDa subunit-like,protein-coding,-,-,-,dolichyl-diphosphooligosaccharide--protein glycosyltransferase 48 kDa subunit-like,20210420,-
130825,121167581,LOC121167581,-,-,-,Un,-,heterochromatin protein 1-binding protein 3,protein-coding,-,-,-,heterochromatin protein 1-binding protein 3,20210420,-
130825,121167582,LOC121167582,-,-,-,Un,-,"patr class I histocompatibility antigen, B-2 alpha chain-like",protein-coding,-,-,-,"patr class I histocompatibility antigen, B-2 alpha chain-like",20210420,-
130825,121167583,PTAFR,-,-,-,Un,-,platelet activating factor receptor,protein-coding,-,-,-,platelet-activating factor receptor,20210420,-
130825,121167584,LOC121167584,-,-,-,Un,-,U6 spliceosomal RNA,snRNA,-,-,-,-,20210420,-
130825,121167585,LOC121167585,-,-,-,Un,-,transcription initiation factor TFIID subunit 12,protein-coding,-,-,-,transcription initiation factor TFIID subunit 12,20210529,-
130825,121167586,LOC121167586,-,-,-,Un,-,exonuclease V-like,protein-coding,-,-,-,exonuclease V-like,20210420,-
130825,121167587,LOC121167587,-,-,-,Un,-,60S ribosomal protein L27a-like,pseudo,-,-,-,-,20210420,-
130825,121167588,LOC121167588,-,-,-,Un,-,zinc finger protein 69 homolog,protein-coding,-,-,-,zinc finger protein 69 homolog,20210420,-
130825,121167589,LOC121167589,-,-,-,Un,-,G-protein coupled receptor family C group 5 member B-like,protein-coding,-,-,-,LOW QUALITY PROTEIN: G-protein coupled receptor family C group 5 member B-like,20210420,-
130825,121167590,LOC121167590,-,-,-,Un,-,biliverdin reductase A-like,protein-coding,-,-,-,biliverdin reductase A-like,20210420,-
130825,121167591,LOC121167591,-,-,-,Un,-,adseverin-like,protein-coding,-,-,-,adseverin-like,20210420,-
130825,121167592,LOC121167592,-,-,-,Un,-,"POU domain, class 6, transcription factor 2-like",protein-coding,-,-,-,"POU domain, class 6, transcription factor 2-like",20210420,-
130825,121167593,LOC121167593,-,-,-,Un,-,V-type proton ATPase subunit C 1,protein-coding,-,-,-,V-type proton ATPase subunit C 1,20210420,-
130825,121167594,LOC121167594,-,-,-,Un,-,frizzled-6,protein-coding,-,-,-,frizzled-6,20210420,-
130825,121167595,LOC121167595,-,-,-,Un,-,DDB1- and CUL4-associated factor 13,protein-coding,-,-,-,DDB1- and CUL4-associated factor 13,20210420,-
130825,121167596,COMMD10,-,-,-,Un,-,COMM domain containing 10,protein-coding,-,-,-,COMM domain-containing protein 10,20210420,-
130825,121167597,LOC121167597,-,-,-,Un,-,"10 kDa heat shock protein, mitochondrial-like",protein-coding,-,-,-,"10 kDa heat shock protein, mitochondrial-like",20210420,-
130825,121167598,LOC121167598,-,-,-,Un,-,E3 ubiquitin-protein ligase UBR5,protein-coding,-,-,-,E3 ubiquitin-protein ligase UBR5,20210420,-
130825,121167599,LOC121167599,-,-,-,Un,-,Krueppel-like factor 10,protein-coding,-,-,-,Krueppel-like factor 10,20210420,-
130825,121167600,LOC121167600,-,-,-,Un,-,mitochondrial folate transporter/carrier,protein-coding,-,-,-,mitochondrial folate transporter/carrier,20210420,-
130825,121167601,LOC121167601,-,-,-,Un,-,brain and acute leukemia cytoplasmic protein,protein-coding,-,-,-,brain and acute leukemia cytoplasmic protein,20210420,-
130825,121167602,LOC121167602,-,-,-,Un,-,outer dense fiber protein 1,protein-coding,-,-,-,outer dense fiber protein 1,20210420,-
130825,121167603,LOC121167603,-,-,-,Un,-,collagen triple helix repeat-containing protein 1,protein-coding,-,-,-,collagen triple helix repeat-containing protein 1,20210420,-
130825,121167604,LOC121167604,-,-,-,Un,-,small nuclear ribonucleoprotein G-like,protein-coding,-,-,-,small nuclear ribonucleoprotein G-like,20210420,-
130825,121167605,LOC121167605,-,-,-,Un,-,regulating synaptic membrane exocytosis protein 2,protein-coding,-,-,-,regulating synaptic membrane exocytosis protein 2,20210420,-
130825,121167606,MUCL3,-,-,-,Un,-,mucin like 3,protein-coding,-,-,-,mucin-like protein 3,20210420,-
130825,121167607,MUC21,-,-,-,Un,-,"mucin 21, cell surface associated",protein-coding,-,-,-,mucin-21,20210420,-
130825,121167608,CUNH6orf15,-,-,-,Un,-,chromosome unknown C6orf15 homolog,protein-coding,-,-,-,uncharacterized protein C6orf15 homolog,20210420,-
130825,121167609,LOC121167609,-,-,-,Un,-,antizyme inhibitor 1,protein-coding,-,-,-,antizyme inhibitor 1,20210420,-
130825,121167610,LOC121167610,-,-,-,Un,-,U6 spliceosomal RNA,pseudo,-,-,-,-,20210420,-
130825,121167611,LOC121167611,-,-,-,Un,-,U6 spliceosomal RNA,snRNA,-,-,-,-,20210420,-
130825,121167612,LOC121167612,-,-,-,Un,-,terminal nucleotidyltransferase 4A-like,pseudo,-,-,-,-,20210420,-
130825,121167613,LOC121167613,-,-,-,Un,-,histone H2A.Z-like,pseudo,-,-,-,-,20210420,-
130825,121167614,LOC121167614,-,-,-,Un,-,zinc finger protein OZF-like,protein-coding,-,-,-,zinc finger protein OZF-like,20210420,-
130825,121167615,LOC121167615,-,-,-,Un,-,zinc finger protein 334-like,protein-coding,-,-,-,zinc finger protein 334-like,20210420,-
130825,121167616,LOC121167616,-,-,-,Un,-,small acidic protein,protein-coding,-,-,-,small acidic protein,20210420,-
130825,121167617,LOC121167617,-,-,-,Un,-,nucleobindin-2,protein-coding,-,-,-,nucleobindin-2,20210420,-
130825,121167618,LOC121167618,-,-,-,Un,-,transcription factor SOX-6-like,protein-coding,-,-,-,transcription factor SOX-6-like,20210420,-
130825,121167619,LOC121167619,-,-,-,Un,-,uncharacterized LOC121167619,ncRNA,-,-,-,-,20210420,-
130825,121167620,LOC121167620,-,-,-,Un,-,pleckstrin homology domain-containing family A member 7,protein-coding,-,-,-,pleckstrin homology domain-containing family A member 7,20210420,-
130825,121167621,LOC121167621,-,-,-,Un,-,uncharacterized LOC121167621,ncRNA,-,-,-,-,20210420,-
130825,121167622,LOC121167622,-,-,-,Un,-,uncharacterized LOC121167622,ncRNA,-,-,-,-,20210420,-
130825,121167623,LOC121167623,-,-,-,Un,-,uncharacterized LOC121167623,ncRNA,-,-,-,-,20210420,-
130825,121167624,LOC121167624,-,-,-,Un,-,40S ribosomal protein S13-like,protein-coding,-,-,-,40S ribosomal protein S13-like,20210420,-
130825,121167625,LOC121167625,-,-,-,Un,-,40S ribosomal protein S15a-like,pseudo,-,-,-,-,20210420,-
130825,121167626,LOC121167626,-,-,-,Un,-,dual specificity protein phosphatase 14-like,pseudo,-,-,-,-,20210420,-
130825,121167627,LOC121167627,-,-,-,Un,-,phosphatidylinositol 4-phosphate 3-kinase C2 domain-containing subunit alpha-like,protein-coding,-,-,-,phosphatidylinositol 4-phosphate 3-kinase C2 domain-containing subunit alpha-like,20210420,-
130825,121167628,IER3,-,-,-,Un,-,immediate early response 3,protein-coding,-,-,-,radiation-inducible immediate-early gene IEX-1,20210420,-
130825,121167629,LOC121167629,-,-,-,Un,-,small nucleolar RNA SNORD14,snoRNA,-,-,-,-,20210420,-
130825,121167630,LOC121167630,-,-,-,Un,-,small nucleolar RNA ACA64,snoRNA,-,-,-,-,20210420,-
130825,121167631,LOC121167631,-,-,-,Un,-,kinesin-like protein KIF18A,protein-coding,-,-,-,kinesin-like protein KIF18A,20210420,-
130825,121167632,LOC121167632,-,-,-,Un,-,UPF0606 protein KIAA1549L-like,pseudo,-,-,-,-,20210420,-
130825,121167633,LOC121167633,-,-,-,Un,-,U6 spliceosomal RNA,snRNA,-,-,-,-,20210420,-
130825,121167634,LOC121167634,-,-,-,Un,-,zinc finger protein 57 homolog,pseudo,-,-,-,-,20210420,-
130825,121167635,LOC121167635,-,-,-,Un,-,protein LSM14 homolog A-like,pseudo,-,-,-,-,20210420,-
130825,121167636,LOC121167636,-,-,-,Un,-,uncharacterized LOC121167636,ncRNA,-,-,-,-,20210420,-
130825,121167637,LOC121167637,-,-,-,Un,-,nucleolar protein 58-like,pseudo,-,-,-,-,20210420,-
130825,121167638,LOC121167638,-,-,-,Un,-,uncharacterized LOC121167638,ncRNA,-,-,-,-,20210420,-
130825,121167639,LOC121167639,-,-,-,Un,-,alpha-ketoglutarate-dependent dioxygenase alkB homolog 3,protein-coding,-,-,-,alpha-ketoglutarate-dependent dioxygenase alkB homolog 3,20210420,-
130825,121167640,LOC121167640,-,-,-,Un,-,glycine N-acyltransferase-like,protein-coding,-,-,-,glycine N-acyltransferase-like,20210420,-
130825,121167641,LOC121167641,-,-,-,Un,-,glycine N-acyltransferase-like,protein-coding,-,-,-,glycine N-acyltransferase-like,20210420,-
130825,121167642,LOC121167642,-,-,-,Un,-,guanine nucleotide exchange factor for Rab-3A,protein-coding,-,-,-,guanine nucleotide exchange factor for Rab-3A,20210420,-
130825,121167643,LOC121167643,-,-,-,Un,-,uncharacterized LOC121167643,ncRNA,-,-,-,-,20210420,-
130825,121167644,LOC121167644,-,-,-,Un,-,natural cytotoxicity triggering receptor 3 ligand 1-like,protein-coding,-,-,-,natural cytotoxicity triggering receptor 3 ligand 1-like,20210420,-
130825,121167645,LOC121167645,-,-,-,Un,-,SH2 domain-containing protein 3C-like,protein-coding,-,-,-,SH2 domain-containing protein 3C-like,20210420,-
130825,121167646,LOC121167646,-,-,-,Un,-,cyclin-dependent kinase 9,protein-coding,-,-,-,cyclin-dependent kinase 9,20210420,-
130825,121167647,LOC121167647,-,-,-,Un,-,uncharacterized LOC121167647,ncRNA,-,-,-,-,20210420,-
130825,121167648,LOC121167648,-,-,-,Un,-,toll-like receptor 4,protein-coding,-,-,-,toll-like receptor 4,20210420,-
130825,121167649,CDSN,-,-,-,Un,-,corneodesmosin,protein-coding,-,-,-,corneodesmosin,20210420,-
130825,121167650,LOC121167650,-,-,-,Un,-,regulator of G-protein signaling 3-like,protein-coding,-,-,-,regulator of G-protein signaling 3-like,20210420,-
130825,121167651,LOC121167651,-,-,-,Un,-,lysophosphatidic acid receptor 1-like,protein-coding,-,-,-,lysophosphatidic acid receptor 1-like,20210420,-
130825,121167652,LOC121167652,-,-,-,Un,-,ubiquitin-associated protein 2-like,protein-coding,-,-,-,ubiquitin-associated protein 2-like,20210420,-
130825,121167653,LOC121167653,-,-,-,Un,-,U6 spliceosomal RNA,snRNA,-,-,-,-,20210420,-
130825,121167654,LOC121167654,-,-,-,Un,-,small nucleolar RNA SNORA71,snoRNA,-,-,-,-,20210420,-
130825,121167655,PSORS1C2,-,-,-,Un,-,psoriasis susceptibility 1 candidate 2,protein-coding,-,-,-,psoriasis susceptibility 1 candidate gene 2 protein,20210420,-
130825,121167656,LOC121167656,-,-,-,Un,-,small nucleolar RNA SNORD121A,snoRNA,-,-,-,-,20210420,-
130825,121167657,LOC121167657,-,-,-,Un,-,small nucleolar RNA SNORD121A,snoRNA,-,-,-,-,20210420,-
130825,121167658,LOC121167658,-,-,-,Un,-,"isoleucine--tRNA ligase, cytoplasmic",protein-coding,-,-,-,"isoleucine--tRNA ligase, cytoplasmic",20210420,-
130825,121167659,LOC121167659,-,-,-,Un,-,nucleolar protein 8-like,protein-coding,-,-,-,nucleolar protein 8-like,20210420,-
130825,121167660,LOC121167660,-,-,-,Un,-,small nucleolar RNA SNORA84,snoRNA,-,-,-,-,20210420,-
130825,121167661,LOC121167661,-,-,-,Un,-,unconventional myosin-X-like,protein-coding,-,-,-,unconventional myosin-X-like,20210420,-
130825,121167662,LOC121167662,-,-,-,Un,-,uncharacterized LOC121167662,ncRNA,-,-,-,-,20210420,-
130825,121167663,TCF19,-,-,-,Un,-,transcription factor 19,protein-coding,-,-,-,transcription factor 19,20210420,-
130825,121167664,LOC121167664,-,-,-,Un,-,cytochrome P450 4A7-like,protein-coding,-,-,-,cytochrome P450 4A7-like,20210420,-
130825,121167665,LOC121167665,-,-,-,Un,-,cytochrome P450 4X1-like,protein-coding,-,-,-,cytochrome P450 4X1-like,20210420,-
130825,121167666,LOC121167666,-,-,-,Un,-,bromodomain-containing protein 2,protein-coding,-,-,-,bromodomain-containing protein 2,20210420,-
130825,121167667,LOC121167667,-,-,-,Un,-,pre-mRNA-splicing factor RBM22-like,pseudo,-,-,-,-,20210420,-
130825,121167668,LOC121167668,-,-,-,Un,-,protein YIPF1-like,protein-coding,-,-,-,protein YIPF1-like,20210420,-
130825,121167669,LOC121167669,-,-,-,Un,-,type I iodothyronine deiodinase-like,protein-coding,-,-,-,type I iodothyronine deiodinase-like,20210420,-
130825,121167670,LOC121167670,-,-,-,Un,-,WW domain-containing transcription regulator protein 1-like,protein-coding,-,-,-,WW domain-containing transcription regulator protein 1-like,20210420,-
130825,121167671,LOC121167671,-,-,-,Un,-,divergent protein kinase domain 2A,protein-coding,-,-,-,divergent protein kinase domain 2A,20210420,-
130825,121167672,LOC121167672,-,-,-,Un,-,uncharacterized LOC121167672,ncRNA,-,-,-,-,20210420,-
130825,121167673,LOC121167673,-,-,-,Un,-,uncharacterized LOC121167673,ncRNA,-,-,-,-,20210420,-
130825,121167674,LOC121167674,-,-,-,Un,-,carbohydrate sulfotransferase 2,protein-coding,-,-,-,carbohydrate sulfotransferase 2,20210420,-
130825,121167675,LOC121167675,-,-,-,Un,-,sodium/hydrogen exchanger 9-like,protein-coding,-,-,-,sodium/hydrogen exchanger 9-like,20210420,-
130825,121167676,LOC121167676,-,-,-,Un,-,uncharacterized LOC121167676,ncRNA,-,-,-,-,20210420,-
130825,121167677,LOC121167677,-,-,-,Un,-,uncharacterized LOC121167677,ncRNA,-,-,-,-,20210420,-
130825,121167678,LOC121167678,-,-,-,Un,-,U2 snRNP-associated SURP motif-containing protein,protein-coding,-,-,-,U2 snRNP-associated SURP motif-containing protein,20210420,-
130825,121167679,POU5F1,-,-,-,Un,-,POU class 5 homeobox 1,protein-coding,-,-,-,"POU domain, class 5, transcription factor 1",20210420,-
130825,121167680,LOC121167680,-,-,-,Un,-,U1 spliceosomal RNA,snRNA,-,-,-,-,20210420,-
130825,121167681,LOC121167681,-,-,-,Un,-,U1 spliceosomal RNA,pseudo,-,-,-,-,20210420,-
130825,121167682,LOC121167682,-,-,-,Un,-,U2 spliceosomal RNA,pseudo,-,-,-,-,20210420,-
130825,121167683,LOC121167683,-,-,-,Un,-,U6 spliceosomal RNA,snRNA,-,-,-,-,20210420,-
130825,121167684,LOC121167684,-,-,-,Un,-,core-binding factor subunit beta,protein-coding,-,-,-,core-binding factor subunit beta,20210529,-
130825,121167685,LOC121167685,-,-,-,Un,-,cytoplasmic dynein 1 light intermediate chain 2,protein-coding,-,-,-,cytoplasmic dynein 1 light intermediate chain 2,20210420,-
130825,121167686,LOC121167686,-,-,-,Un,-,cyclin-dependent kinase 1-like,pseudo,-,-,-,-,20210420,-
130825,121167687,LOC121167687,-,-,-,Un,-,UPF0183 protein C16orf70,protein-coding,-,-,-,UPF0183 protein C16orf70,20210529,-
130825,121167688,LOC121167688,-,-,-,Un,-,"UDP-GlcNAc:betaGal beta-1,3-N-acetylglucosaminyltransferase 9-like",protein-coding,-,-,-,"UDP-GlcNAc:betaGal beta-1,3-N-acetylglucosaminyltransferase 9-like",20210420,-
130825,121167689,LOC121167689,-,-,-,Un,-,tumor necrosis factor receptor type 1-associated DEATH domain protein-like,protein-coding,-,-,-,tumor necrosis factor receptor type 1-associated DEATH domain protein-like,20210420,-
130825,121167690,LOC121167690,-,-,-,Un,-,uncharacterized LOC121167690,ncRNA,-,-,-,-,20210420,-
130825,121167691,LOC121167691,-,-,-,Un,-,V-type proton ATPase subunit d 1,protein-coding,-,-,-,V-type proton ATPase subunit d 1,20210420,-
130825,121167692,LOC121167692,-,-,-,Un,-,corticosteroid 11-beta-dehydrogenase isozyme 2,protein-coding,-,-,-,corticosteroid 11-beta-dehydrogenase isozyme 2,20210420,-
130825,121167693,LOC121167693,-,-,-,Un,-,tubulin polymerization-promoting protein family member 3,protein-coding,-,-,-,tubulin polymerization-promoting protein family member 3,20210420,-
130825,121167694,LOC121167694,-,-,-,Un,-,cytosolic iron-sulfur assembly component 2B,protein-coding,-,-,-,cytosolic iron-sulfur assembly component 2B,20210420,-
130825,121167695,LOC121167695,-,-,-,Un,-,"class I histocompatibility antigen, Gogo-B*0103 alpha chain-like",pseudo,-,-,-,-,20210420,-
130825,121167696,LOC121167696,-,-,-,Un,-,telomere repeats-binding bouquet formation protein 1-like,protein-coding,-,-,-,telomere repeats-binding bouquet formation protein 1-like,20210420,-
130825,121167697,LOC121167697,-,-,-,Un,-,NEDD8-activating enzyme E1 regulatory subunit,protein-coding,-,-,-,NEDD8-activating enzyme E1 regulatory subunit,20210420,-
130825,121167698,LOC121167698,-,-,-,Un,-,FH1/FH2 domain-containing protein 1,protein-coding,-,-,-,FH1/FH2 domain-containing protein 1,20210420,-
130825,121167699,LOC121167699,-,-,-,Un,-,transmembrane protein 208,protein-coding,-,-,-,transmembrane protein 208,20210420,-
130825,121167700,LOC121167700,-,-,-,Un,-,cocaine esterase-like,protein-coding,-,-,-,cocaine esterase-like,20210420,-
130825,121167701,LOC121167701,-,-,-,Un,-,renin receptor-like,protein-coding,-,-,-,renin receptor-like,20210420,-
130825,121167702,LOC121167702,-,-,-,Un,-,"patr class I histocompatibility antigen, A-2 alpha chain-like",pseudo,-,-,-,-,20210420,-
130825,121167703,LOC121167703,-,-,-,Un,-,glucose-fructose oxidoreductase domain-containing protein 2,protein-coding,-,-,-,glucose-fructose oxidoreductase domain-containing protein 2,20210420,-
130825,121167704,LOC121167704,-,-,-,Un,-,"capping protein, Arp2/3 and myosin-I linker protein 2",protein-coding,-,-,-,"capping protein, Arp2/3 and myosin-I linker protein 2",20210420,-
130825,121167705,LOC121167705,-,-,-,Un,-,adrenocortical dysplasia protein homolog,protein-coding,-,-,-,adrenocortical dysplasia protein homolog,20210420,-
130825,121167706,LOC121167706,-,-,-,Un,-,partitioning defective 6 homolog alpha,protein-coding,-,-,-,partitioning defective 6 homolog alpha,20210420,-
130825,121167707,LOC121167707,-,-,-,Un,-,nuclear transport factor 2,protein-coding,-,-,-,nuclear transport factor 2,20210501,-
130825,121167708,LOC121167708,-,-,-,Un,-,engulfment and cell motility protein 3-like,protein-coding,-,-,-,engulfment and cell motility protein 3-like,20210420,-
130825,121167709,LOC121167709,-,-,-,Un,-,"DLA class I histocompatibility antigen, A9/A9 alpha chain-like",protein-coding,-,-,-,"DLA class I histocompatibility antigen, A9/A9 alpha chain-like",20210420,-
130825,121167710,LOC121167710,-,-,-,Un,-,F-box/LRR-repeat protein 20-like,protein-coding,-,-,-,F-box/LRR-repeat protein 20-like|F-box/LRR-repeat protein 7-like,20210420,-
130825,121167711,LOC121167711,-,-,-,Un,-,palmitoyltransferase ZDHHC1-like,protein-coding,-,-,-,palmitoyltransferase ZDHHC1-like,20210420,-
130825,121167712,LOC121167712,-,-,-,Un,-,sodium/hydrogen exchanger 5-like,protein-coding,-,-,-,sodium/hydrogen exchanger 5-like,20210420,-
130825,121167713,LOC121167713,-,-,-,Un,-,rho family-interacting cell polarization regulator 1-like,protein-coding,-,-,-,rho family-interacting cell polarization regulator 1-like,20210420,-
130825,121167714,LOC121167714,-,-,-,Un,-,exocyst complex component 3-like protein,protein-coding,-,-,-,exocyst complex component 3-like protein,20210420,-
130825,121167715,FBXO38,-,-,-,Un,-,F-box protein 38,protein-coding,-,-,-,F-box only protein 38,20210420,-
130825,121167716,LOC121167716,-,-,-,Un,-,uncharacterized LOC121167716,ncRNA,-,-,-,-,20210420,-
130825,121167717,LOC121167717,-,-,-,Un,-,carbonic anhydrase 7,protein-coding,-,-,-,carbonic anhydrase 7,20210420,-
130825,121167718,LOC121167718,-,-,-,Un,-,leucine-rich repeat-containing protein 36-like,protein-coding,-,-,-,leucine-rich repeat-containing protein 36-like,20210420,-
130825,121167719,LOC121167719,-,-,-,Un,-,transcription factor E2F4,protein-coding,-,-,-,transcription factor E2F4,20210420,-
130825,121167720,LOC121167720,-,-,-,Un,-,enhancer of mRNA-decapping protein 4-like,protein-coding,-,-,-,enhancer of mRNA-decapping protein 4-like,20210420,-
130825,121167721,LOC121167721,-,-,-,Un,-,enkurin domain-containing protein 1-like,protein-coding,-,-,-,enkurin domain-containing protein 1-like,20210420,-
130825,121167722,LOC121167722,-,-,-,Un,-,nucleolar protein 3-like,protein-coding,-,-,-,nucleolar protein 3-like|uncharacterized protein LOC121167722,20210420,-
130825,121167723,LOC121167723,-,-,-,Un,-,cellular retinoic acid-binding protein 2-like,protein-coding,-,-,-,cellular retinoic acid-binding protein 2-like,20210420,-
130825,121167724,LOC121167724,-,-,-,Un,-,carboxylesterase 4A-like,protein-coding,-,-,-,carboxylesterase 4A-like,20210420,-
130825,121167725,LOC121167725,-,-,-,Un,-,heat shock factor protein 4,protein-coding,-,-,-,heat shock factor protein 4,20210420,-
130825,121167726,LOC121167726,-,-,-,Un,-,F-box/LRR-repeat protein 8-like,protein-coding,-,-,-,F-box/LRR-repeat protein 8-like,20210420,-
130825,121167727,LOC121167727,-,-,-,Un,-,cadherin-16-like,protein-coding,-,-,-,cadherin-16-like,20210420,-
130825,121167728,LOC121167728,-,-,-,Un,-,THAP domain-containing protein 11,protein-coding,-,-,-,THAP domain-containing protein 11,20210420,-
130825,121167729,LOC121167729,-,-,-,Un,-,"pyruvate dehydrogenase [acetyl-transferring]-phosphatase 2, mitochondrial-like",protein-coding,-,-,-,"pyruvate dehydrogenase [acetyl-transferring]-phosphatase 2, mitochondrial-like",20210420,-
130825,121167730,LOC121167730,-,-,-,Un,-,GTP-binding protein RAD,protein-coding,-,-,-,GTP-binding protein RAD,20210420,-
130825,121167731,LOC121167731,-,-,-,Un,-,centromere protein T-like,protein-coding,-,-,-,centromere protein T-like,20210420,-
130825,121167732,LOC121167732,-,-,-,Un,-,uncharacterized protein C16orf86-like,protein-coding,-,-,-,uncharacterized protein C16orf86-like,20210420,-
130825,121167733,LOC121167733,-,-,-,Un,-,60S acidic ribosomal protein P1-like,protein-coding,-,-,-,60S acidic ribosomal protein P1-like,20210420,-
130825,121167734,LOC121167734,-,-,-,Un,-,BTB/POZ domain-containing protein KCTD19,protein-coding,-,-,-,BTB/POZ domain-containing protein KCTD19,20210420,-
130825,121167735,LOC121167735,-,-,-,Un,-,puratrophin-1-like,protein-coding,-,-,-,puratrophin-1-like,20210420,-
130825,121167736,LOC121167736,-,-,-,Un,-,carboxylesterase 3-like,protein-coding,-,-,-,LOW QUALITY PROTEIN: carboxylesterase 3-like,20210420,-
130825,121167737,LOC121167737,-,-,-,Un,-,uncharacterized LOC121167737,ncRNA,-,-,-,-,20210420,-
130825,121167738,LOC121167738,-,-,-,Un,-,cocaine esterase-like,protein-coding,-,-,-,cocaine esterase-like,20210420,-
130825,121167739,LOC121167739,-,-,-,Un,-,cocaine esterase-like,protein-coding,-,-,-,cocaine esterase-like,20210420,-
130825,121167740,LOC121167740,-,-,-,Un,-,uncharacterized protein KIAA0895-like,protein-coding,-,-,-,uncharacterized protein KIAA0895-like,20210420,-
130825,121167741,LOC121167741,-,-,-,Un,-,translin-associated factor X-interacting protein 1-like,protein-coding,-,-,-,translin-associated factor X-interacting protein 1-like,20210420,-
130825,121167742,LOC121167742,-,-,-,Un,-,ran-binding protein 10,protein-coding,-,-,-,ran-binding protein 10,20210420,-
130825,121167743,LOC121167743,-,-,-,Un,-,agouti-related protein-like,protein-coding,-,-,-,agouti-related protein-like,20210420,-
130825,121167744,LOC121167744,-,-,-,Un,-,actin-related protein T3-like,protein-coding,-,-,-,actin-related protein T3-like,20210420,-
130825,121167745,LOC121167745,-,-,-,Un,-,transcriptional repressor CTCF-like,protein-coding,-,-,-,transcriptional repressor CTCF-like,20210420,-
130825,121167746,LOC121167746,-,-,-,Un,-,cocaine esterase-like,protein-coding,-,-,-,cocaine esterase-like,20210420,-
130825,121167747,LOC121167747,-,-,-,Un,-,cocaine esterase-like,protein-coding,-,-,-,cocaine esterase-like,20210420,-
130825,121167748,LOC121167748,-,-,-,Un,-,cocaine esterase-like,protein-coding,-,-,-,cocaine esterase-like,20210420,-
130825,121167749,LOC121167749,-,-,-,Un,-,cocaine esterase-like,protein-coding,-,-,-,cocaine esterase-like,20210420,-
130825,121167750,LOC121167750,-,-,-,Un,-,ecotropic viral integration site 5 protein homolog,pseudo,-,-,-,-,20210420,-
130825,121167751,LOC121167751,-,-,-,Un,-,cocaine esterase-like,protein-coding,-,-,-,cocaine esterase-like,20210420,-
130825,121167752,LOC121167752,-,-,-,Un,-,cocaine esterase-like,pseudo,-,-,-,-,20210420,-
130825,121167753,LOC121167753,-,-,-,Un,-,cocaine esterase-like,protein-coding,-,-,-,cocaine esterase-like,20210420,-
130825,121167754,LOC121167754,-,-,-,Un,-,small nucleolar RNA U3,snoRNA,-,-,-,-,20210420,-
130825,121167755,LOC121167755,-,-,-,Un,-,U4 spliceosomal RNA,pseudo,-,-,-,-,20210420,-
130825,121167756,LOC121167756,-,-,-,Un,-,U6 spliceosomal RNA,pseudo,-,-,-,-,20210420,-
130825,121167757,LOC121167757,-,-,-,Un,-,dnaJ homolog subfamily A member 2,protein-coding,-,-,-,dnaJ homolog subfamily A member 2,20210420,-
130825,121167758,LOC121167758,-,-,-,Un,-,myosin light chain kinase 3-like,protein-coding,-,-,-,myosin light chain kinase 3-like,20210420,-
130825,121167759,LOC121167759,-,-,-,Un,-,origin recognition complex subunit 6-like,protein-coding,-,-,-,origin recognition complex subunit 6-like,20210420,-
130825,121167760,LOC121167760,-,-,-,Un,-,UPF0547 protein C16orf87 homolog,protein-coding,-,-,-,UPF0547 protein C16orf87 homolog,20210420,-
130825,121167761,LOC121167761,-,-,-,Un,-,uncharacterized LOC121167761,ncRNA,-,-,-,-,20210420,-
130825,121167762,LOC121167762,-,-,-,Un,-,neuropilin and tolloid-like protein 2,protein-coding,-,-,-,neuropilin and tolloid-like protein 2,20210420,-
130825,121167763,LOC121167763,-,-,-,Un,-,alanine aminotransferase 2,protein-coding,-,-,-,alanine aminotransferase 2,20210420,-
130825,121167764,LOC121167764,-,-,-,Un,-,selenoprotein F-like,pseudo,-,-,-,-,20210420,-
130825,121167765,LOC121167765,-,-,-,Un,-,serine/threonine-protein kinase PRP4 homolog,protein-coding,-,-,-,serine/threonine-protein kinase PRP4 homolog,20210420,-
130825,121167766,LOC121167766,-,-,-,Un,-,uncharacterized LOC121167766,ncRNA,-,-,-,-,20210420,-
130825,121167767,LOC121167767,-,-,-,Un,-,receptor-interacting serine/threonine-protein kinase 1-like,protein-coding,-,-,-,receptor-interacting serine/threonine-protein kinase 1-like,20210420,-
130825,121167768,LOC121167768,-,-,-,Un,-,leukocyte elastase inhibitor-like,protein-coding,-,-,-,leukocyte elastase inhibitor-like,20210420,-
130825,121167769,FANCB,-,-,-,Un,-,FA complementation group B,protein-coding,-,-,-,Fanconi anemia group B protein,20210420,-
130825,121167770,LOC121167770,-,-,-,Un,-,leukocyte elastase inhibitor-like,protein-coding,-,-,-,leukocyte elastase inhibitor-like,20210420,-
130825,121167771,LOC121167771,-,-,-,Un,-,leukocyte elastase inhibitor-like,protein-coding,-,-,-,leukocyte elastase inhibitor-like,20210420,-
130825,121167772,LOC121167772,-,-,-,Un,-,leukocyte elastase inhibitor-like,protein-coding,-,-,-,leukocyte elastase inhibitor-like,20210420,-
130825,121167773,LOC121167773,-,-,-,Un,-,leukocyte elastase inhibitor A-like,protein-coding,-,-,-,leukocyte elastase inhibitor A-like,20210420,-
130825,121167774,LOC121167774,-,-,-,Un,-,serpin B9-like,protein-coding,-,-,-,serpin B9-like,20210420,-
130825,121167775,LOC121167775,-,-,-,Un,-,proteasome assembly chaperone 4,protein-coding,-,-,-,proteasome assembly chaperone 4,20210420,-
130825,121167776,LOC121167776,-,-,-,Un,-,myosin light chain kinase family member 4-like,protein-coding,-,-,-,myosin light chain kinase family member 4-like,20210420,-
130825,121167777,LOC121167777,-,-,-,Un,-,ATPase WRNIP1,protein-coding,-,-,-,ATPase WRNIP1,20210420,-
130825,121167778,MOSPD2,-,-,-,Un,-,motile sperm domain containing 2,protein-coding,-,-,-,motile sperm domain-containing protein 2,20210420,-
130825,121167779,LOC121167779,-,-,-,Un,-,protein FAM217A-like,protein-coding,-,-,-,protein FAM217A-like,20210420,-
130825,121167780,LOC121167780,-,-,-,Un,-,serpin B6-like,protein-coding,-,-,-,serpin B6-like,20210420,-
130825,121167781,LOC121167781,-,-,-,Un,-,ribosyldihydronicotinamide dehydrogenase [quinone],protein-coding,-,-,-,ribosyldihydronicotinamide dehydrogenase [quinone],20210420,-
130825,121167782,LOC121167782,-,-,-,Un,-,solute carrier family 22 member 23,protein-coding,-,-,-,solute carrier family 22 member 23,20210420,-
130825,121167783,LOC121167783,-,-,-,Un,-,PX domain-containing protein 1,protein-coding,-,-,-,PX domain-containing protein 1,20210420,-
130825,121167784,LOC121167784,-,-,-,Un,-,protein FAM50B-like,protein-coding,-,-,-,protein FAM50B-like,20210420,-
130825,121167785,LOC121167785,-,-,-,Un,-,leukocyte elastase inhibitor-like,protein-coding,-,-,-,leukocyte elastase inhibitor-like,20210420,-
130825,121167786,LOC121167786,-,-,-,Un,-,tubulin beta-4B chain-like,protein-coding,-,-,-,tubulin beta-4B chain-like,20210420,-
130825,121167787,PIGA,-,-,-,Un,-,phosphatidylinositol glycan anchor biosynthesis class A,protein-coding,-,-,-,phosphatidylinositol N-acetylglucosaminyltransferase subunit A,20210420,-
130825,121167788,LOC121167788,-,-,-,Un,-,probable small intestine urate exporter,protein-coding,-,-,-,probable small intestine urate exporter,20210420,-
130825,121167789,LOC121167789,-,-,-,Un,-,activated RNA polymerase II transcriptional coactivator p15-like,pseudo,-,-,-,-,20210420,-
130825,121167790,LOC121167790,-,-,-,Un,-,tubulin beta-2A chain,protein-coding,-,-,-,tubulin beta chain|tubulin beta-2A chain,20210515,-
130825,121167791,LOC121167791,-,-,-,Un,-,tubulin beta-2B chain,protein-coding,-,-,-,tubulin beta chain|tubulin beta-2 chain|tubulin beta-2B chain,20210522,-
130825,121167792,VEGFD,-,-,-,Un,-,vascular endothelial growth factor D,protein-coding,-,-,-,vascular endothelial growth factor D,20210420,-
130825,121167793,LOC121167793,-,-,-,Un,-,valacyclovir hydrolase-like,protein-coding,-,-,-,valacyclovir hydrolase-like,20210420,-
130825,121167794,LOC121167794,-,-,-,Un,-,U6 spliceosomal RNA,snRNA,-,-,-,-,20210420,-
130825,121167795,LOC121167795,-,-,-,Un,-,SH2 domain-containing protein 1A,protein-coding,-,-,-,SH2 domain-containing protein 1A,20210420,-
130825,121167796,LOC121167796,-,-,-,Un,-,dystroglycan,protein-coding,-,-,-,dystroglycan,20210420,-
130825,121167797,LOC121167797,-,-,-,Un,-,"RLA class II histocompatibility antigen, DP beta chain-like",protein-coding,-,-,-,"RLA class II histocompatibility antigen, DP beta chain-like",20210420,-
130825,121167798,BMX,-,-,-,Un,-,BMX non-receptor tyrosine kinase,protein-coding,-,-,-,cytoplasmic tyrosine-protein kinase BMX,20210420,-
130825,121167799,LOC121167799,-,-,-,Un,-,sarcolemmal membrane-associated protein,protein-coding,-,-,-,sarcolemmal membrane-associated protein,20210420,-
130825,121167800,PIR,-,-,-,Un,-,pirin,protein-coding,-,-,-,pirin,20210420,-
130825,121167801,LOC121167801,-,-,-,Un,-,ribosome biogenesis protein WDR12-like,protein-coding,-,-,-,ribosome biogenesis protein WDR12-like,20210420,-
130825,121167802,LOC121167802,-,-,-,Un,-,uncharacterized LOC121167802,ncRNA,-,-,-,-,20210420,-
130825,121167803,LOC121167803,-,-,-,Un,-,uncharacterized LOC121167803,ncRNA,-,-,-,-,20210420,-
130825,121167804,LOC121167804,-,-,-,Un,-,guanine nucleotide-binding protein G(olf) subunit alpha,protein-coding,-,-,-,guanine nucleotide-binding protein G(olf) subunit alpha,20210605,-
130825,121167805,LOC121167805,-,-,-,Un,-,charged multivesicular body protein 1b,protein-coding,-,-,-,charged multivesicular body protein 1b,20210529,-
130825,121167806,LOC121167806,-,-,-,Un,-,metallophosphoesterase 1-like,protein-coding,-,-,-,metallophosphoesterase 1-like,20210420,-
130825,121167807,LOC121167807,-,-,-,Un,-,uncharacterized LOC121167807,ncRNA,-,-,-,-,20210420,-
130825,121167808,LOC121167808,-,-,-,Un,-,zinc finger protein 334-like,protein-coding,-,-,-,zinc finger protein 334-like,20210420,-
130825,121167809,LOC121167809,-,-,-,Un,-,casein kinase I-like,protein-coding,-,-,-,casein kinase I-like,20210420,-
130825,121167810,LOC121167810,-,-,-,Un,-,eukaryotic translation initiation factor 3 subunit F-like,pseudo,-,-,-,-,20210420,-
130825,121167811,LOC121167811,-,-,-,Un,-,BRD4-interacting chromatin-remodeling complex-associated protein-like,pseudo,-,-,-,-,20210420,-
130825,121167812,LOC121167812,-,-,-,Un,-,zinc finger protein 260-like,protein-coding,-,-,-,LOW QUALITY PROTEIN: zinc finger protein 260-like,20210420,-
130825,121167813,CA5B,-,-,-,Un,-,carbonic anhydrase 5B,protein-coding,-,-,-,"carbonic anhydrase 5B, mitochondrial",20210420,-
130825,121167814,LOC121167814,-,-,-,Un,-,U6 spliceosomal RNA,snRNA,-,-,-,-,20210420,-
130825,121167815,LOC121167815,-,-,-,Un,-,pentraxin-4-like,protein-coding,-,-,-,pentraxin-4-like,20210420,-
130825,121167816,LOC121167816,-,-,-,Un,-,transducin beta-like protein 3,protein-coding,-,-,-,transducin beta-like protein 3,20210420,-
130825,121167817,LOC121167817,-,-,-,Un,-,"heat shock protein 75 kDa, mitochondrial",protein-coding,-,-,-,"heat shock protein 75 kDa, mitochondrial",20210420,-
130825,121167818,LOC121167818,-,-,-,Un,-,deoxyribonuclease-1-like,protein-coding,-,-,-,deoxyribonuclease-1-like,20210420,-
130825,121167819,LOC121167819,-,-,-,Un,-,uncharacterized LOC121167819,ncRNA,-,-,-,-,20210420,-
130825,121167820,LOC121167820,-,-,-,Un,-,C-Jun-amino-terminal kinase-interacting protein 3,protein-coding,-,-,-,C-Jun-amino-terminal kinase-interacting protein 3,20210420,-
130825,121167821,LOC121167821,-,-,-,Un,-,"28S ribosomal protein S34, mitochondrial-like",protein-coding,-,-,-,"28S ribosomal protein S34, mitochondrial-like",20210420,-
130825,121167822,LOC121167822,-,-,-,Un,-,nucleoside diphosphate kinase 3,protein-coding,-,-,-,nucleoside diphosphate kinase 3,20210420,-
130825,121167823,LOC121167823,-,-,-,Un,-,zinc finger protein 597-like,protein-coding,-,-,-,zinc finger protein 597-like,20210420,-
130825,121167824,LOC121167824,-,-,-,Un,-,zinc finger protein 174-like,protein-coding,-,-,-,zinc finger protein 174-like,20210420,-
130825,121167825,LOC121167825,-,-,-,Un,-,N-acetylglucosamine-6-phosphate deacetylase,protein-coding,-,-,-,N-acetylglucosamine-6-phosphate deacetylase,20210420,-
130825,121167826,LOC121167826,-,-,-,Un,-,V-type proton ATPase 16 kDa proteolipid subunit,protein-coding,-,-,-,V-type proton ATPase 16 kDa proteolipid subunit,20210420,-
130825,121167827,LOC121167827,-,-,-,Un,-,FAD-linked sulfhydryl oxidase ALR-like,protein-coding,-,-,-,FAD-linked sulfhydryl oxidase ALR-like,20210420,-
130825,121167828,LOC121167828,-,-,-,Un,-,N-alpha-acetyltransferase 60,protein-coding,-,-,-,N-alpha-acetyltransferase 60,20210420,-
130825,121167829,LOC121167829,-,-,-,Un,-,matrix metalloproteinase-25-like,protein-coding,-,-,-,matrix metalloproteinase-25-like,20210420,-
130825,121167830,LOC121167830,-,-,-,Un,-,phospholipid-transporting ATPase ABCA3-like,protein-coding,-,-,-,phospholipid-transporting ATPase ABCA3-like,20210420,-
130825,121167831,ZRSR2,-,-,-,Un,-,"zinc finger CCCH-type, RNA binding motif and serine/arginine rich 2",protein-coding,-,-,-,U2 small nuclear ribonucleoprotein auxiliary factor 35 kDa subunit-related protein 2,20210420,-
130825,121167832,LOC121167832,-,-,-,Un,-,N-acetylglucosamine-1-phosphotransferase subunit gamma-like,protein-coding,-,-,-,N-acetylglucosamine-1-phosphotransferase subunit gamma-like,20210420,-
130825,121167833,LOC121167833,-,-,-,Un,-,ras-related protein Rab-26-like,protein-coding,-,-,-,ras-related protein Rab-26-like,20210420,-
130825,121167834,LOC121167834,-,-,-,Un,-,glycerol-3-phosphate phosphatase,protein-coding,-,-,-,glycerol-3-phosphate phosphatase,20210420,-
130825,121167835,LOC121167835,-,-,-,Un,-,TBC1 domain family member 24,protein-coding,-,-,-,TBC1 domain family member 24,20210420,-
130825,121167836,LOC121167836,-,-,-,Un,-,transcription factor E4F1,protein-coding,-,-,-,transcription factor E4F1,20210420,-
130825,121167837,LOC121167837,-,-,-,Un,-,deoxyribonuclease-1-like 2,protein-coding,-,-,-,deoxyribonuclease-1-like 2,20210420,-
130825,121167838,LOC121167838,-,-,-,Un,-,"enoyl-CoA delta isomerase 1, mitochondrial-like",protein-coding,-,-,-,"enoyl-CoA delta isomerase 1, mitochondrial-like",20210420,-
130825,121167839,AP1S2,-,-,-,Un,-,adaptor related protein complex 1 subunit sigma 2,protein-coding,-,-,-,AP-1 complex subunit sigma-2,20210515,-
130825,121167840,LOC121167840,-,-,-,Un,-,adenylate cyclase type 9-like,protein-coding,-,-,-,adenylate cyclase type 9-like,20210420,-
130825,121167841,LOC121167841,-,-,-,Un,-,kremen protein 2-like,protein-coding,-,-,-,kremen protein 2-like,20210420,-
130825,121167842,LOC121167842,-,-,-,Un,-,methionine-R-sulfoxide reductase B1-like,protein-coding,-,-,-,methionine-R-sulfoxide reductase B1-like,20210420,-
130825,121167843,LOC121167843,-,-,-,Un,-,protein CCSMST1-like,protein-coding,-,-,-,protein CCSMST1-like,20210420,-
130825,121167844,LOC121167844,-,-,-,Un,-,H(+)/Cl(-) exchange transporter 7,protein-coding,-,-,-,H(+)/Cl(-) exchange transporter 7,20210420,-
130825,121167845,LOC121167845,-,-,-,Un,-,coiled-coil domain-containing protein 154-like,protein-coding,-,-,-,coiled-coil domain-containing protein 154-like,20210420,-
130825,121167846,LOC121167846,-,-,-,Un,-,protein PERCC1-like,protein-coding,-,-,-,protein PERCC1-like,20210420,-
130825,121167847,LOC121167847,-,-,-,Un,-,SPRY domain-containing SOCS box protein 3-like,protein-coding,-,-,-,SPRY domain-containing SOCS box protein 3-like|uncharacterized protein LOC121167847,20210420,-
130825,121167848,LOC121167848,-,-,-,Un,-,cytosolic Fe-S cluster assembly factor NUBP2-like,protein-coding,-,-,-,cytosolic Fe-S cluster assembly factor NUBP2-like,20210420,-
130825,121167849,LOC121167849,-,-,-,Un,-,protein cramped-like,protein-coding,-,-,-,protein cramped-like,20210420,-
130825,121167850,LOC121167850,-,-,-,Un,-,olfactory receptor 1F1-like,protein-coding,-,-,-,olfactory receptor 1F1-like,20210420,-
130825,121167851,LOC121167851,-,-,-,Un,-,40S ribosomal protein S2,protein-coding,-,-,-,40S ribosomal protein S2,20210529,-
130825,121167852,LOC121167852,-,-,-,Un,-,NADH dehydrogenase [ubiquinone] 1 beta subcomplex subunit 10,protein-coding,-,-,-,NADH dehydrogenase [ubiquinone] 1 beta subcomplex subunit 10,20210420,-
130825,121167853,LOC121167853,-,-,-,Un,-,zinc finger protein 263,protein-coding,-,-,-,zinc finger protein 263,20210420,-
130825,121167854,LOC121167854,-,-,-,Un,-,putative zinc finger protein 75C,protein-coding,-,-,-,putative zinc finger protein 75C,20210420,-
130825,121167855,LOC121167855,-,-,-,Un,-,olfactory receptor 15-like,protein-coding,-,-,-,olfactory receptor 15-like,20210420,-
130825,121167856,LOC121167856,-,-,-,Un,-,zinc finger protein GLIS2,protein-coding,-,-,-,zinc finger protein GLIS2,20210420,-
130825,121167857,LOC121167857,-,-,-,Un,-,CREB-binding protein,protein-coding,-,-,-,CREB-binding protein,20210420,-
130825,121167858,LOC121167858,-,-,-,Un,-,uncharacterized LOC121167858,ncRNA,-,-,-,-,20210420,-
130825,121167859,LOC121167859,-,-,-,Un,-,RNA-binding protein with serine-rich domain 1,protein-coding,-,-,-,RNA-binding protein with serine-rich domain 1,20210420,-
130825,121167860,LOC121167860,-,-,-,Un,-,BTB/POZ domain-containing protein KCTD5,protein-coding,-,-,-,BTB/POZ domain-containing protein KCTD5,20210420,-
130825,121167861,LOC121167861,-,-,-,Un,-,E3 ubiquitin-protein ligase TRAF7,protein-coding,-,-,-,E3 ubiquitin-protein ligase TRAF7,20210420,-
130825,121167862,CTPS2,-,-,-,Un,-,CTP synthase 2,protein-coding,-,-,-,CTP synthase 2,20210420,-
130825,121167863,LOC121167863,-,-,-,Un,-,caskin-1,protein-coding,-,-,-,caskin-1,20210420,-
130825,121167864,LOC121167864,-,-,-,Un,-,uncharacterized LOC121167864,ncRNA,-,-,-,-,20210420,-
130825,121167865,LOC121167865,-,-,-,Un,-,pyrin-like,protein-coding,-,-,-,pyrin-like,20210420,-
130825,121167866,LOC121167866,-,-,-,Un,-,zinc finger protein 200-like,protein-coding,-,-,-,zinc finger protein 200-like,20210420,-
130825,121167867,LOC121167867,-,-,-,Un,-,olfactory receptor 1361-like,protein-coding,-,-,-,olfactory receptor 1361-like,20210420,-
130825,121167868,LOC121167868,-,-,-,Un,-,synaptogyrin-3,protein-coding,-,-,-,synaptogyrin-3,20210420,-
130825,121167869,LOC121167869,-,-,-,Un,-,Na(+)/H(+) exchange regulatory cofactor NHE-RF2,protein-coding,-,-,-,Na(+)/H(+) exchange regulatory cofactor NHE-RF2,20210420,-
130825,121167870,SYAP1,-,-,-,Un,-,synapse associated protein 1,protein-coding,-,-,-,synapse-associated protein 1,20210420,-
130825,121167871,LOC121167871,-,-,-,Un,-,endonuclease III-like protein 1,protein-coding,-,-,-,endonuclease III-like protein 1,20210420,-
130825,121167872,LOC121167872,-,-,-,Un,-,probable crossover junction endonuclease EME2,protein-coding,-,-,-,probable crossover junction endonuclease EME2,20210420,-
130825,121167873,LOC121167873,-,-,-,Un,-,insulin-like growth factor-binding protein complex acid labile subunit,protein-coding,-,-,-,insulin-like growth factor-binding protein complex acid labile subunit,20210420,-
130825,121167874,LOC121167874,-,-,-,Un,-,RING finger protein 151-like,protein-coding,-,-,-,RING finger protein 151-like,20210420,-
130825,121167875,LOC121167875,-,-,-,Un,-,NADPH oxidase organizer 1-like,protein-coding,-,-,-,NADPH oxidase organizer 1-like,20210420,-
130825,121167876,LOC121167876,-,-,-,Un,-,neuropeptide W-like,protein-coding,-,-,-,neuropeptide W-like,20210420,-
130825,121167877,LOC121167877,-,-,-,Un,-,BRICHOS domain-containing protein 5-like,protein-coding,-,-,-,BRICHOS domain-containing protein 5-like,20210420,-
130825,121167878,LOC121167878,-,-,-,Un,-,ATP-binding cassette sub-family A member 17-like,protein-coding,-,-,-,ATP-binding cassette sub-family A member 17-like,20210420,-
130825,121167879,LOC121167879,-,-,-,Un,-,serine protease 27-like,protein-coding,-,-,-,serine protease 27-like,20210420,-
130825,121167880,S100G,-,-,-,Un,-,S100 calcium binding protein G,protein-coding,-,-,-,protein S100-G,20210420,-
130825,121167881,LOC121167881,-,-,-,Un,-,brain-specific serine protease 4-like,protein-coding,-,-,-,brain-specific serine protease 4-like,20210420,-
130825,121167882,LOC121167882,-,-,-,Un,-,prostatic spermine-binding protein-like,protein-coding,-,-,-,prostatic spermine-binding protein-like,20210420,-
130825,121167883,LOC121167883,-,-,-,Un,-,serine protease 41-like,protein-coding,-,-,-,serine protease 41-like,20210420,-
130825,121167884,LOC121167884,-,-,-,Un,-,testisin-like,protein-coding,-,-,-,testisin-like,20210420,-
130825,121167885,LOC121167885,-,-,-,Un,-,serine protease 33-like,protein-coding,-,-,-,serine protease 33-like,20210420,-
130825,121167886,LOC121167886,-,-,-,Un,-,tumor necrosis factor receptor superfamily member 12A-like,protein-coding,-,-,-,tumor necrosis factor receptor superfamily member 12A-like,20210420,-
130825,121167887,LOC121167887,-,-,-,Un,-,zinc finger and SCAN domain-containing protein 10-like,protein-coding,-,-,-,zinc finger and SCAN domain-containing protein 10-like,20210420,-
130825,121167888,LOC121167888,-,-,-,Un,-,zinc finger protein 213-like,protein-coding,-,-,-,zinc finger protein 213-like,20210420,-
130825,121167889,LOC121167889,-,-,-,Un,-,putative caspase-16,protein-coding,-,-,-,putative caspase-16,20210420,-
130825,121167890,LOC121167890,-,-,-,Un,-,olfactory receptor 1F1-like,protein-coding,-,-,-,olfactory receptor 1F1-like,20210420,-
130825,121167891,TXLNG,-,-,-,Un,-,taxilin gamma,protein-coding,-,-,-,gamma-taxilin,20210420,-
130825,121167892,LOC121167892,-,-,-,Un,-,olfactory receptor 1361-like,protein-coding,-,-,-,olfactory receptor 1361-like,20210420,-
130825,121167893,LOC121167893,-,-,-,Un,-,uncharacterized protein C16orf90 homolog,protein-coding,-,-,-,uncharacterized protein C16orf90 homolog,20210420,-
130825,121167894,LOC121167894,-,-,-,Un,-,structure-specific endonuclease subunit SLX4-like,protein-coding,-,-,-,structure-specific endonuclease subunit SLX4-like,20210420,-
130825,121167895,LOC121167895,-,-,-,Un,-,meiosis-specific with OB domain-containing protein-like,protein-coding,-,-,-,meiosis-specific with OB domain-containing protein-like,20210420,-
130825,121167896,LOC121167896,-,-,-,Un,-,"acylpyruvase FAHD1, mitochondrial-like",protein-coding,-,-,-,"acylpyruvase FAHD1, mitochondrial-like",20210420,-
130825,121167897,LOC121167897,-,-,-,Un,-,claudin-9,protein-coding,-,-,-,claudin-9,20210420,-
130825,121167898,LOC121167898,-,-,-,Un,-,60S ribosomal protein L3-like,protein-coding,-,-,-,60S ribosomal protein L3-like,20210420,-
130825,121167899,LOC121167899,-,-,-,Un,-,membrane-associated tyrosine- and threonine-specific cdc2-inhibitory kinase,protein-coding,-,-,-,membrane-associated tyrosine- and threonine-specific cdc2-inhibitory kinase,20210420,-
130825,121167900,LOC121167900,-,-,-,Un,-,progestin and adipoQ receptor family member 4,protein-coding,-,-,-,progestin and adipoQ receptor family member 4,20210529,-
130825,121167901,LOC121167901,-,-,-,Un,-,jupiter microtubule associated homolog 2-like,protein-coding,-,-,-,jupiter microtubule associated homolog 2-like,20210420,-
130825,121167902,LOC121167902,-,-,-,Un,-,BICD family-like cargo adapter 2,protein-coding,-,-,-,BICD family-like cargo adapter 2,20210420,-
130825,121167903,LOC121167903,-,-,-,Un,-,THO complex subunit 6 homolog,protein-coding,-,-,-,THO complex subunit 6 homolog,20210420,-
130825,121167904,LOC121167904,-,-,-,Un,-,host cell factor C1 regulator 1-like,protein-coding,-,-,-,host cell factor C1 regulator 1-like,20210420,-
130825,121167905,RBBP7,-,-,-,Un,-,"RB binding protein 7, chromatin remodeling factor",protein-coding,-,-,-,histone-binding protein RBBP7,20210420,-
130825,121167906,LOC121167906,-,-,-,Un,-,E3 ubiquitin-protein ligase ZNF598-like,protein-coding,-,-,-,E3 ubiquitin-protein ligase ZNF598-like,20210420,-
130825,121167907,LOC121167907,-,-,-,Un,-,"hydroxyacylglutathione hydrolase, mitochondrial",protein-coding,-,-,-,"hydroxyacylglutathione hydrolase, mitochondrial",20210420,-
130825,121167908,LOC121167908,-,-,-,Un,-,target of rapamycin complex subunit LST8-like,protein-coding,-,-,-,target of rapamycin complex subunit LST8-like,20210420,-
130825,121167909,LOC121167909,-,-,-,Un,-,netrin-3,protein-coding,-,-,-,netrin-3,20210420,-
130825,121167910,LOC121167910,-,-,-,Un,-,transcription factor AP-4,protein-coding,-,-,-,transcription factor AP-4,20210420,-
130825,121167911,LOC121167911,-,-,-,Un,-,cyclin-F-like,protein-coding,-,-,-,cyclin-F-like,20210420,-
130825,121167912,LOC121167912,-,-,-,Un,-,sarcalumenin,protein-coding,-,-,-,sarcalumenin,20210420,-
130825,121167913,LOC121167913,-,-,-,Un,-,tubulin epsilon and delta complex protein 2-like,protein-coding,-,-,-,tubulin epsilon and delta complex protein 2-like,20210420,-
130825,121167914,REPS2,-,-,-,Un,-,RALBP1 associated Eps domain containing 2,protein-coding,-,-,-,ralBP1-associated Eps domain-containing protein 2,20210420,-
130825,121167915,LOC121167915,-,-,-,Un,-,zinc finger protein 205-like,protein-coding,-,-,-,zinc finger protein 205-like,20210420,-
130825,121167916,LOC121167916,-,-,-,Un,-,serine/arginine repetitive matrix protein 2-like,protein-coding,-,-,-,serine/arginine repetitive matrix protein 2-like,20210420,-
130825,121167917,LOC121167917,-,-,-,Un,-,FLYWCH-type zinc finger-containing protein 1-like,protein-coding,-,-,-,FLYWCH-type zinc finger-containing protein 1-like,20210420,-
130825,121167918,LOC121167918,-,-,-,Un,-,elongin-B,protein-coding,-,-,-,elongin-B,20210420,-
130825,121167919,LOC121167919,-,-,-,Un,-,FLYWCH family member 2-like,protein-coding,-,-,-,FLYWCH family member 2-like,20210420,-
130825,121167920,LOC121167920,-,-,-,Un,-,claudin-6,protein-coding,-,-,-,claudin-6,20210420,-
130825,121167921,LOC121167921,-,-,-,Un,-,zymogen granule protein 16 homolog B-like,protein-coding,-,-,-,zymogen granule protein 16 homolog B-like,20210420,-
130825,121167922,LOC121167922,-,-,-,Un,-,mitochondrial import inner membrane translocase subunit TIM14-like,pseudo,-,-,-,-,20210420,-
130825,121167923,LOC121167923,-,-,-,Un,-,intraflagellar transport protein 140 homolog,protein-coding,-,-,-,intraflagellar transport protein 140 homolog,20210420,-
130825,121167924,LOC121167924,-,-,-,Un,-,telomere length regulation protein TEL2 homolog,protein-coding,-,-,-,telomere length regulation protein TEL2 homolog,20210420,-
130825,121167925,LOC121167925,-,-,-,Un,-,transmembrane protein 204,protein-coding,-,-,-,transmembrane protein 204,20210420,-
130825,121167926,LOC121167926,-,-,-,Un,-,coronin-7,protein-coding,-,-,-,coronin-7,20210420,-
130825,121167927,LOC121167927,-,-,-,Un,-,vasorin-like,protein-coding,-,-,-,vasorin-like,20210420,-
130825,121167928,LOC121167928,-,-,-,Un,-,mitochondrial import inner membrane translocase subunit TIM16,protein-coding,-,-,-,mitochondrial import inner membrane translocase subunit TIM16,20210420,-
130825,121167929,LOC121167929,-,-,-,Un,-,NLR family CARD domain-containing protein 3-like,protein-coding,-,-,-,NLR family CARD domain-containing protein 3-like,20210420,-
130825,121167930,LOC121167930,-,-,-,Un,-,sperm-associated acrosin inhibitor-like,protein-coding,-,-,-,sperm-associated acrosin inhibitor-like,20210420,-
130825,121167931,LOC121167931,-,-,-,Un,-,clusterin-associated protein 1,protein-coding,-,-,-,clusterin-associated protein 1,20210420,-
130825,121167932,LOC121167932,-,-,-,Un,-,3-phosphoinositide-dependent protein kinase 1,protein-coding,-,-,-,3-phosphoinositide-dependent protein kinase 1,20210420,-
130825,121167933,LOC121167933,-,-,-,Un,-,uncharacterized LOC121167933,ncRNA,-,-,-,-,20210420,-
130825,121167934,LOC121167934,-,-,-,Un,-,polycystin-1-like,protein-coding,-,-,-,polycystin-1-like,20210420,-
130825,121167935,CDKL5,-,-,-,Un,-,cyclin dependent kinase like 5,protein-coding,-,-,-,cyclin-dependent kinase-like 5,20210420,-
130825,121167936,LOC121167936,-,-,-,Un,-,tuberin,protein-coding,-,-,-,tuberin,20210420,-
130825,121167937,LOC121167937,-,-,-,Un,-,U6 spliceosomal RNA,pseudo,-,-,-,-,20210420,-
130825,121167938,LOC121167938,-,-,-,Un,-,small nucleolar RNA ACA64,snoRNA,-,-,-,-,20210420,-
130825,121167939,LOC121167939,-,-,-,Un,-,small Cajal body-specific RNA 13,ncRNA,-,-,-,-,20210420,-
130825,121167940,LOC121167940,-,-,-,Un,-,small nucleolar RNA SNORA64/SNORA10 family,snoRNA,-,-,-,-,20210420,-
130825,121167941,LOC121167941,-,-,-,Un,-,small nucleolar RNA SNORA64/SNORA10 family,snoRNA,-,-,-,-,20210420,-
130825,121167942,RS1,-,-,-,Un,-,retinoschisin 1,protein-coding,-,-,-,retinoschisin,20210420,-
130825,121167943,LOC121167943,-,-,-,Un,-,small nucleolar RNA SNORD60,snoRNA,-,-,-,-,20210420,-
130825,121167944,TRNAR-CCG,-,-,-,Un,-,transfer RNA arginine (anticodon CCG),tRNA,-,-,-,-,20210420,-
130825,121167945,TRNAP-AGG,-,-,-,Un,-,transfer RNA proline (anticodon AGG),tRNA,-,-,-,-,20210420,-
130825,121167946,TRNAP-AGG,-,-,-,Un,-,transfer RNA proline (anticodon AGG),tRNA,-,-,-,-,20210420,-
130825,121167947,TRNAR-CCU,-,-,-,Un,-,transfer RNA arginine (anticodon CCU),tRNA,-,-,-,-,20210420,-
130825,121167948,TRNAK-CUU,-,-,-,Un,-,transfer RNA lysine (anticodon CUU),tRNA,-,-,-,-,20210420,-
130825,121167949,TRNAR-CCU,-,-,-,Un,-,transfer RNA arginine (anticodon CCU),tRNA,-,-,-,-,20210420,-
130825,121167950,TRNAP-UGG,-,-,-,Un,-,transfer RNA proline (anticodon UGG),tRNA,-,-,-,-,20210420,-
130825,121167951,TRNAP-AGG,-,-,-,Un,-,transfer RNA proline (anticodon AGG),tRNA,-,-,-,-,20210420,-
130825,121167952,TRNAP-CGG,-,-,-,Un,-,transfer RNA proline (anticodon CGG),tRNA,-,-,-,-,20210420,-
130825,121167953,LOC121167953,-,-,-,Un,-,uncharacterized protein C16orf52 homolog B,protein-coding,-,-,-,uncharacterized protein C16orf52 homolog B,20210420,-
130825,121167954,LOC121167954,-,-,-,Un,-,uncharacterized LOC121167954,ncRNA,-,-,-,-,20210420,-
130825,121167955,LOC121167955,-,-,-,Un,-,ERI1 exoribonuclease 2-like,protein-coding,-,-,-,ERI1 exoribonuclease 2-like,20210420,-
130825,121167956,PHKA2,-,-,-,Un,-,phosphorylase kinase regulatory subunit alpha 2,protein-coding,-,-,-,"phosphorylase b kinase regulatory subunit alpha, liver isoform",20210420,-
130825,121167957,LOC121167957,-,-,-,Un,-,"acyl-coenzyme A synthetase ACSM3, mitochondrial",protein-coding,-,-,-,"acyl-coenzyme A synthetase ACSM3, mitochondrial",20210420,-
130825,121167958,LOC121167958,-,-,-,Un,-,DCN1-like protein 3,protein-coding,-,-,-,DCN1-like protein 3,20210420,-
130825,121167959,LOC121167959,-,-,-,Un,-,LYR motif-containing protein 1,protein-coding,-,-,-,LYR motif-containing protein 1,20210420,-
130825,121167960,LOC121167960,-,-,-,Un,-,"dynein heavy chain 3, axonemal-like",protein-coding,-,-,-,"dynein heavy chain 3, axonemal-like",20210420,-
130825,121167961,LOC121167961,-,-,-,Un,-,zona pellucida sperm-binding protein 2-like,protein-coding,-,-,-,zona pellucida sperm-binding protein 2-like,20210420,-
130825,121167962,LOC121167962,-,-,-,Un,-,"cytochrome b-c1 complex subunit 2, mitochondrial",protein-coding,-,-,-,"cytochrome b-c1 complex subunit 2, mitochondrial",20210420,-
130825,121167963,LOC121167963,-,-,-,Un,-,ketimine reductase mu-crystallin,protein-coding,-,-,-,ketimine reductase mu-crystallin,20210420,-
130825,121167964,LOC121167964,-,-,-,Un,-,phospholipid-transporting ATPase ABCA3-like,protein-coding,-,-,-,phospholipid-transporting ATPase ABCA3-like,20210420,-
130825,121167965,LOC121167965,-,-,-,Un,-,ankyrin repeat and SAM domain-containing protein 4B-like,protein-coding,-,-,-,ankyrin repeat and SAM domain-containing protein 4B-like,20210420,-
130825,121167966,LOC121167966,-,-,-,Un,-,deubiquitinase OTUD6B-like,pseudo,-,-,-,-,20210420,-
130825,121167967,LOC121167967,-,-,-,Un,-,RNA exonuclease 5-like,protein-coding,-,-,-,RNA exonuclease 5-like,20210420,-
130825,121167968,LOC121167968,-,-,-,Un,-,lipid droplet assembly factor 1-like,protein-coding,-,-,-,lipid droplet assembly factor 1-like,20210420,-
130825,121167969,LOC121167969,-,-,-,Un,-,THUMP domain-containing protein 1-like,protein-coding,-,-,-,THUMP domain-containing protein 1-like,20210420,-
130825,121167970,LOC121167970,-,-,-,Un,-,phospholipid-transporting ATPase ABCA3-like,protein-coding,-,-,-,phospholipid-transporting ATPase ABCA3-like,20210420,-
130825,121167971,LOC121167971,-,-,-,Un,-,phospholipid-transporting ATPase ABCA3-like,protein-coding,-,-,-,phospholipid-transporting ATPase ABCA3-like,20210420,-
130825,121167972,LOC121167972,-,-,-,Un,-,U2 spliceosomal RNA,pseudo,-,-,-,-,20210420,-
130825,121167973,LOC121167973,-,-,-,Un,-,U6 spliceosomal RNA,snRNA,-,-,-,-,20210420,-
130825,121167974,LOC121167974,-,-,-,Un,-,U6 spliceosomal RNA,pseudo,-,-,-,-,20210420,-
130825,121167975,LOC121167975,-,-,-,Un,-,fertilization-influencing membrane protein-like,protein-coding,-,-,-,fertilization-influencing membrane protein-like,20210420,-
130825,121167976,LOC121167976,-,-,-,Un,-,ceramide synthase,protein-coding,-,-,-,ceramide synthase,20210420,-
130825,121167977,LOC121167977,-,-,-,Un,-,14-3-3 protein gamma,protein-coding,-,-,-,14-3-3 protein gamma,20210424,-
130825,121167978,LOC121167978,-,-,-,Un,-,heat shock protein beta-1,protein-coding,-,-,-,heat shock protein beta-1,20210420,-
130825,121167979,LOC121167979,-,-,-,Un,-,NADPH--cytochrome P450 reductase,protein-coding,-,-,-,NADPH--cytochrome P450 reductase,20210420,-
130825,121167980,LOC121167980,-,-,-,Un,-,ion channel TACAN,protein-coding,-,-,-,ion channel TACAN,20210420,-
130825,121167981,PDHA1,-,-,-,Un,-,pyruvate dehydrogenase E1 subunit alpha 1,protein-coding,-,-,-,"pyruvate dehydrogenase E1 component subunit alpha, somatic form, mitochondrial",20210420,-
130825,121167982,LOC121167982,-,-,-,Un,-,rhomboid domain-containing protein 2,protein-coding,-,-,-,rhomboid domain-containing protein 2,20210420,-
130825,121167983,LOC121167983,-,-,-,Un,-,claudin-3,protein-coding,-,-,-,claudin-3,20210420,-
130825,121167984,LOC121167984,-,-,-,Un,-,protein orai-2,protein-coding,-,-,-,protein orai-2,20210420,-
130825,121167985,LOC121167985,-,-,-,Un,-,alpha-ketoglutarate-dependent dioxygenase alkB homolog 4,protein-coding,-,-,-,alpha-ketoglutarate-dependent dioxygenase alkB homolog 4,20210420,-
130825,121167986,LOC121167986,-,-,-,Un,-,probable E3 ubiquitin-protein ligase DTX2,protein-coding,-,-,-,probable E3 ubiquitin-protein ligase DTX2,20210420,-
130825,121167987,LOC121167987,-,-,-,Un,-,syntaxin-1A,protein-coding,-,-,-,syntaxin-1A,20210529,-
130825,121167988,LOC121167988,-,-,-,Un,-,serine/threonine/tyrosine-interacting-like protein 1,protein-coding,-,-,-,serine/threonine/tyrosine-interacting-like protein 1,20210420,-
130825,121167989,LOC121167989,-,-,-,Un,-,C-C motif chemokine 24-like,protein-coding,-,-,-,C-C motif chemokine 24-like,20210420,-
130825,121167990,LOC121167990,-,-,-,Un,-,nuclear envelope pore membrane protein POM 121C-like,protein-coding,-,-,-,nuclear envelope pore membrane protein POM 121-like|nuclear envelope pore membrane protein POM 121C-like,20210420,-
130825,121167991,LOC121167991,-,-,-,Un,-,28S rRNA (cytosine-C(5))-methyltransferase-like,protein-coding,-,-,-,28S rRNA (cytosine-C(5))-methyltransferase-like,20210420,-
130825,121167992,SH3KBP1,-,-,-,Un,-,SH3 domain containing kinase binding protein 1,protein-coding,-,-,-,SH3 domain-containing kinase-binding protein 1,20210420,-
130825,121167993,LOC121167993,-,-,-,Un,-,uroplakin-3b-like,protein-coding,-,-,-,uroplakin-3b-like,20210420,-
130825,121167994,LOC121167994,-,-,-,Un,-,carbohydrate-responsive element-binding protein-like,protein-coding,-,-,-,carbohydrate-responsive element-binding protein-like,20210420,-
130825,121167995,LOC121167995,-,-,-,Un,-,protein ABHD11-like,protein-coding,-,-,-,protein ABHD11-like,20210420,-
130825,121167996,LOC121167996,-,-,-,Un,-,PRKR-interacting protein 1,protein-coding,-,-,-,PRKR-interacting protein 1,20210420,-
130825,121167997,LOC121167997,-,-,-,Un,-,leucine-rich repeat and WD repeat-containing protein 1-like,protein-coding,-,-,-,leucine-rich repeat and WD repeat-containing protein 1-like,20210420,-
130825,121167998,LOC121167998,-,-,-,Un,-,DNA-directed RNA polymerase II subunit RPB11-a,protein-coding,-,-,-,DNA-directed RNA polymerase II subunit RPB11-a,20210529,-
130825,121167999,LOC121167999,-,-,-,Un,-,ras GTPase-activating protein 4-like,protein-coding,-,-,-,ras GTPase-activating protein 4-like,20210420,-
130825,121168000,LOC121168000,-,-,-,Un,-,E3 ubiquitin-protein ligase TRIM50,protein-coding,-,-,-,E3 ubiquitin-protein ligase TRIM50,20210420,-
130825,121168001,LOC121168001,-,-,-,Un,-,serine/arginine repetitive matrix protein 3-like,protein-coding,-,-,-,serine/arginine repetitive matrix protein 3-like,20210420,-
130825,121168002,LOC121168002,-,-,-,Un,-,transducin beta-like protein 2,protein-coding,-,-,-,transducin beta-like protein 2,20210420,-
130825,121168003,LOC121168003,-,-,-,Un,-,"malate dehydrogenase, mitochondrial",protein-coding,-,-,-,"malate dehydrogenase, mitochondrial",20210420,-
130825,121168004,LOC121168004,-,-,-,Un,-,probable 18S rRNA (guanine-N(7))-methyltransferase,protein-coding,-,-,-,probable 18S rRNA (guanine-N(7))-methyltransferase,20210420,-
130825,121168005,LOC121168005,-,-,-,Un,-,zona pellucida sperm-binding protein 3-like,protein-coding,-,-,-,zona pellucida sperm-binding protein 3-like,20210420,-
130825,121168006,LOC121168006,-,-,-,Un,-,scavenger receptor cysteine-rich domain-containing group B protein-like,protein-coding,-,-,-,scavenger receptor cysteine-rich domain-containing group B protein-like,20210420,-
130825,121168007,LOC121168007,-,-,-,Un,-,inactive peptidyl-prolyl cis-trans isomerase FKBP6,protein-coding,-,-,-,inactive peptidyl-prolyl cis-trans isomerase FKBP6,20210420,-
130825,121168008,BCLAF3,-,-,-,Un,-,BCLAF1 and THRAP3 family member 3,protein-coding,-,-,-,BCLAF1 and THRAP3 family member 3,20210420,-
130825,121168009,LOC121168009,-,-,-,Un,-,"dnaJ homolog subfamily C member 30, mitochondrial-like",protein-coding,-,-,-,"dnaJ homolog subfamily C member 30, mitochondrial-like",20210420,-
130825,121168010,LOC121168010,-,-,-,Un,-,vacuolar protein sorting-associated protein 37D,protein-coding,-,-,-,vacuolar protein sorting-associated protein 37D,20210420,-
130825,121168011,LOC121168011,-,-,-,Un,-,frizzled-9,protein-coding,-,-,-,frizzled-9,20210420,-
130825,121168012,LOC121168012,-,-,-,Un,-,uncharacterized LOC121168012,ncRNA,-,-,-,-,20210420,-
130825,121168013,LOC121168013,-,-,-,Un,-,tyrosine-protein kinase BAZ1B,protein-coding,-,-,-,tyrosine-protein kinase BAZ1B,20210420,-
130825,121168014,LOC121168014,-,-,-,Un,-,B-cell CLL/lymphoma 7 protein family member B,protein-coding,-,-,-,B-cell CLL/lymphoma 7 protein family member B,20210420,-
130825,121168015,LOC121168015,-,-,-,Un,-,huntingtin-interacting protein 1,protein-coding,-,-,-,huntingtin-interacting protein 1,20210420,-
130825,121168016,LOC121168016,-,-,-,Un,-,small nucleolar RNA SNORA68,snoRNA,-,-,-,-,20210420,-
130825,121168017,LOC121168017,-,-,-,Un,-,small Cajal body-specific RNA 20,ncRNA,-,-,-,-,20210420,-
130825,121168018,LOC121168018,-,-,-,Un,-,vitamin K epoxide reductase complex subunit 1-like protein 1,protein-coding,-,-,-,vitamin K epoxide reductase complex subunit 1-like protein 1,20210420,-
130825,121168019,LOC121168019,-,-,-,Un,-,DNA-directed RNA polymerase III subunit RPC9,protein-coding,-,-,-,DNA-directed RNA polymerase III subunit RPC9,20210420,-
130825,121168020,LOC121168020,-,-,-,Un,-,U6 spliceosomal RNA,snRNA,-,-,-,-,20210420,-
130825,121168021,LOC121168021,-,-,-,Un,-,hepatocyte nuclear factor 1-alpha,protein-coding,-,-,-,hepatocyte nuclear factor 1-alpha,20210420,-
130825,121168022,LOC121168022,-,-,-,Un,-,protein CUSTOS-like,protein-coding,-,-,-,protein CUSTOS-like,20210420,-
130825,121168023,LOC121168023,-,-,-,Un,-,zinc finger X-linked protein ZXDB-like,protein-coding,-,-,-,zinc finger X-linked protein ZXDB-like,20210420,-
130825,121168024,LOC121168024,-,-,-,Un,-,"dynein heavy chain 6, axonemal-like",protein-coding,-,-,-,"dynein heavy chain 6, axonemal-like",20210420,-
130825,121168025,LOC121168025,-,-,-,Un,-,uncharacterized LOC121168025,ncRNA,-,-,-,-,20210420,-
130825,121168026,LOC121168026,-,-,-,Un,-,uncharacterized LOC121168026,ncRNA,-,-,-,-,20210420,-
130825,121168027,LOC121168027,-,-,-,Un,-,zinc finger X-linked protein ZXDB-like,protein-coding,-,-,-,zinc finger X-linked protein ZXDB-like,20210420,-
130825,121168028,LOC121168028,-,-,-,Un,-,uncharacterized LOC121168028,ncRNA,-,-,-,-,20210420,-
130825,121168029,LOC121168029,-,-,-,Un,-,actin-related protein 2/3 complex subunit 1A,protein-coding,-,-,-,actin-related protein 2/3 complex subunit 1A,20210420,-
130825,121168030,LOC121168030,-,-,-,Un,-,uncharacterized LOC121168030,ncRNA,-,-,-,-,20210420,-
130825,121168031,LOC121168031,-,-,-,Un,-,uncharacterized LOC121168031,ncRNA,-,-,-,-,20210420,-
130825,121168032,LOC121168032,-,-,-,Un,-,UL16-binding protein 2-like,protein-coding,-,-,-,UL16-binding protein 2-like,20210420,-
130825,121168033,LOC121168033,-,-,-,Un,-,"peptide chain release factor 1-like, mitochondrial",protein-coding,-,-,-,"peptide chain release factor 1-like, mitochondrial",20210420,-
130825,121168034,LOC121168034,-,-,-,Un,-,vacuolar protein-sorting-associated protein 36,protein-coding,-,-,-,vacuolar protein-sorting-associated protein 36,20210420,-
130825,121168035,FAAH2,-,-,-,Un,-,fatty acid amide hydrolase 2,protein-coding,-,-,-,fatty-acid amide hydrolase 2,20210420,-
130825,121168036,LOC121168036,-,-,-,Un,-,small EDRK-rich factor 2-like,pseudo,-,-,-,-,20210420,-
130825,121168037,LOC121168037,-,-,-,Un,-,conserved oligomeric Golgi complex subunit 6,protein-coding,-,-,-,conserved oligomeric Golgi complex subunit 6,20210420,-
130825,121168038,LOC121168038,-,-,-,Un,-,copper-transporting ATPase 2-like,protein-coding,-,-,-,copper-transporting ATPase 2-like,20210420,-
130825,121168039,LOC121168039,-,-,-,Un,-,forkhead box protein O1,protein-coding,-,-,-,forkhead box protein O1,20210420,-
130825,121168040,LOC121168040,-,-,-,Un,-,uncharacterized LOC121168040,ncRNA,-,-,-,-,20210420,-
130825,121168041,LOC121168041,-,-,-,Un,-,uncharacterized LOC121168041,ncRNA,-,-,-,-,20210420,-
130825,121168042,LOC121168042,-,-,-,Un,-,WD repeat and FYVE domain-containing protein 2,protein-coding,-,-,-,WD repeat and FYVE domain-containing protein 2,20210420,-
130825,121168043,LOC121168043,-,-,-,Un,-,serine/threonine-protein kinase Nek3-like,protein-coding,-,-,-,serine/threonine-protein kinase Nek3-like,20210420,-
130825,121168044,LOC121168044,-,-,-,Un,-,"28S ribosomal protein S31, mitochondrial-like",protein-coding,-,-,-,"28S ribosomal protein S31, mitochondrial-like",20210420,-
130825,121168045,LOC121168045,-,-,-,Un,-,"GDP-Man:Man(3)GlcNAc(2)-PP-Dol alpha-1,2-mannosyltransferase",protein-coding,-,-,-,"GDP-Man:Man(3)GlcNAc(2)-PP-Dol alpha-1,2-mannosyltransferase",20210420,-
130825,121168046,LOC121168046,-,-,-,Un,-,cytoskeleton-associated protein 2-like,protein-coding,-,-,-,cytoskeleton-associated protein 2-like,20210420,-
130825,121168047,LOC121168047,-,-,-,Un,-,thrombospondin type-1 domain-containing protein 1-like,protein-coding,-,-,-,thrombospondin type-1 domain-containing protein 1-like,20210420,-
130825,121168048,LOC121168048,-,-,-,Un,-,mitochondrial ornithine transporter 1-like,protein-coding,-,-,-,mitochondrial ornithine transporter 1-like,20210420,-
130825,121168049,LOC121168049,-,-,-,Un,-,"phosphatidylinositol 3,4,5-trisphosphate 3-phosphatase TPTE2-like",protein-coding,-,-,-,"phosphatidylinositol 3,4,5-trisphosphate 3-phosphatase TPTE2-like",20210420,-
130825,121168050,LOC121168050,-,-,-,Un,-,coiled-coil domain-containing protein 70-like,protein-coding,-,-,-,coiled-coil domain-containing protein 70-like,20210420,-
130825,121168051,LOC121168051,-,-,-,Un,-,U1 spliceosomal RNA,snRNA,-,-,-,-,20210420,-
130825,121168052,LOC121168052,-,-,-,Un,-,U2 spliceosomal RNA,pseudo,-,-,-,-,20210420,-
130825,121168053,LOC121168053,-,-,-,Un,-,U6 spliceosomal RNA,pseudo,-,-,-,-,20210420,-
130825,121168054,LOC121168054,-,-,-,Un,-,klotho-like,protein-coding,-,-,-,klotho-like,20210420,-
130825,121168055,LOC121168055,-,-,-,Un,-,stAR-related lipid transfer protein 13,protein-coding,-,-,-,stAR-related lipid transfer protein 13,20210420,-
130825,121168056,LOC121168056,-,-,-,Un,-,ribosome biogenesis protein NSA2 homolog,pseudo,-,-,-,-,20210420,-
130825,121168057,SPIN3,-,-,-,Un,-,spindlin family member 3,protein-coding,-,-,-,spindlin-3,20210420,-
130825,121168058,LOC121168058,-,-,-,Un,-,centromere protein J-like,protein-coding,-,-,-,centromere protein J-like,20210420,-
130825,121168059,LOC121168059,-,-,-,Un,-,uncharacterized LOC121168059,ncRNA,-,-,-,-,20210420,-
130825,121168060,LOC121168060,-,-,-,Un,-,"grpE protein homolog 2, mitochondrial-like",pseudo,-,-,-,-,20210420,-
130825,121168061,LOC121168061,-,-,-,Un,-,RING finger protein 17-like,protein-coding,-,-,-,RING finger protein 17-like,20210420,-
130825,121168062,LOC121168062,-,-,-,Un,-,M-phase phosphoprotein 8-like,protein-coding,-,-,-,M-phase phosphoprotein 8-like,20210420,-
130825,121168063,LOC121168063,-,-,-,Un,-,paraspeckle component 1,protein-coding,-,-,-,paraspeckle component 1,20210420,-
130825,121168064,LOC121168064,-,-,-,Un,-,uncharacterized LOC121168064,ncRNA,-,-,-,-,20210420,-
130825,121168065,LOC121168065,-,-,-,Un,-,zinc finger protein 883-like,protein-coding,-,-,-,zinc finger protein 883-like,20210420,-
130825,121168066,LOC121168066,-,-,-,Un,-,zinc finger MYM-type protein 5-like,protein-coding,-,-,-,zinc finger MYM-type protein 5-like,20210420,-
130825,121168067,LOC121168067,-,-,-,Un,-,potassium-transporting ATPase alpha chain 2-like,protein-coding,-,-,-,LOW QUALITY PROTEIN: potassium-transporting ATPase alpha chain 2-like,20210420,-
130825,121168068,LOC121168068,-,-,-,Un,-,putative vomeronasal receptor-like protein 4,protein-coding,-,-,-,putative vomeronasal receptor-like protein 4,20210420,-
130825,121168069,LOC121168069,-,-,-,Un,-,vomeronasal type-1 receptor 94-like,protein-coding,-,-,-,vomeronasal type-1 receptor 94-like,20210420,-
130825,121168070,LOC121168070,-,-,-,Un,-,putative vomeronasal receptor-like protein 4,protein-coding,-,-,-,putative vomeronasal receptor-like protein 4,20210420,-
130825,121168071,LOC121168071,-,-,-,Un,-,putative vomeronasal receptor-like protein 4,protein-coding,-,-,-,LOW QUALITY PROTEIN: putative vomeronasal receptor-like protein 4,20210420,-
130825,121168072,LOC121168072,-,-,-,Un,-,putative vomeronasal receptor-like protein 4,protein-coding,-,-,-,putative vomeronasal receptor-like protein 4,20210420,-
130825,121168073,NBDY,-,-,-,Un,-,negative regulator of P-body association,protein-coding,-,-,-,negative regulator of P-body association,20210420,-
130825,121168074,LOC121168074,-,-,-,Un,-,vomeronasal type-1 receptor 90-like,protein-coding,-,-,-,vomeronasal type-1 receptor 90-like,20210420,-
130825,121168075,LOC121168075,-,-,-,Un,-,putative vomeronasal receptor-like protein 4,protein-coding,-,-,-,putative vomeronasal receptor-like protein 4,20210420,-
130825,121168076,LOC121168076,-,-,-,Un,-,putative vomeronasal receptor-like protein 4,protein-coding,-,-,-,putative vomeronasal receptor-like protein 4,20210420,-
130825,121168077,LOC121168077,-,-,-,Un,-,"glutaminase kidney isoform, mitochondrial-like",pseudo,-,-,-,-,20210420,-
130825,121168078,LOC121168078,-,-,-,Un,-,uncharacterized LOC121168078,protein-coding,-,-,-,LOW QUALITY PROTEIN: uncharacterized protein LOC121168078,20210420,-
130825,121168079,LOC121168079,-,-,-,Un,-,terminal nucleotidyltransferase 4A-like,pseudo,-,-,-,-,20210420,-
130825,121168080,LOC121168080,-,-,-,Un,-,uncharacterized LOC121168080,protein-coding,-,-,-,uncharacterized protein LOC121168080,20210420,-
130825,121168081,LOC121168081,-,-,-,Un,-,protein mono-ADP-ribosyltransferase PARP4-like,protein-coding,-,-,-,protein mono-ADP-ribosyltransferase PARP4-like,20210420,-
130825,121168082,LOC121168082,-,-,-,Un,-,U6 spliceosomal RNA,snRNA,-,-,-,-,20210420,-
130825,121168083,LOC121168083,-,-,-,Un,-,U6 spliceosomal RNA,snRNA,-,-,-,-,20210420,-
130825,121168084,UBQLN2,-,-,-,Un,-,ubiquilin 2,protein-coding,-,-,-,ubiquilin-2,20210420,-
130825,121168085,LOC121168085,-,-,-,Un,-,tumor protein p53-inducible nuclear protein 1,protein-coding,-,-,-,tumor protein p53-inducible nuclear protein 1,20210420,-
130825,121168086,LOC121168086,-,-,-,Un,-,calpain-10-like,protein-coding,-,-,-,calpain-10-like,20210420,-
130825,121168087,LOC121168087,-,-,-,Un,-,delta and Notch-like epidermal growth factor-related receptor,protein-coding,-,-,-,delta and Notch-like epidermal growth factor-related receptor,20210420,-
130825,121168088,LOC121168088,-,-,-,Un,-,collagen alpha-4(IV) chain-like,protein-coding,-,-,-,collagen alpha-4(IV) chain-like,20210420,-
130825,121168089,LOC121168089,-,-,-,Un,-,AP-1 complex subunit sigma-3-like,protein-coding,-,-,-,AP-1 complex subunit sigma-3-like,20210420,-
130825,121168090,LOC121168090,-,-,-,Un,-,protein Wnt-10a-like,protein-coding,-,-,-,protein Wnt-10a-like,20210420,-
130825,121168091,LOC121168091,-,-,-,Un,-,H/ACA ribonucleoprotein complex subunit 2-like,pseudo,-,-,-,-,20210420,-
130825,121168092,LOC121168092,-,-,-,Un,-,protein Wnt-6,protein-coding,-,-,-,protein Wnt-6,20210420,-
130825,121168093,LOC121168093,-,-,-,Un,-,receptor tyrosine-protein kinase erbB-4,protein-coding,-,-,-,receptor tyrosine-protein kinase erbB-4,20210420,-
130825,121168094,LOC121168094,-,-,-,Un,-,60S ribosomal protein L36a-like,pseudo,-,-,-,-,20210420,-
130825,121168095,LOC121168095,-,-,-,Un,-,uncharacterized LOC121168095,ncRNA,-,-,-,-,20210420,-
130825,121168096,LOC121168096,-,-,-,Un,-,STE20-related kinase adapter protein beta,protein-coding,-,-,-,STE20-related kinase adapter protein beta,20210420,-
130825,121168097,LOC121168097,-,-,-,Un,-,trafficking kinesin-binding protein 2,protein-coding,-,-,-,trafficking kinesin-binding protein 2,20210420,-
130825,121168098,LOC121168098,-,-,-,Un,-,uncharacterized LOC121168098,ncRNA,-,-,-,-,20210420,-
130825,121168099,LOC121168099,-,-,-,Un,-,caspase-8-like,protein-coding,-,-,-,caspase-8-like,20210420,-
130825,121168100,LOC121168100,-,-,-,Un,-,flagellum-associated coiled-coil domain-containing protein 1-like,protein-coding,-,-,-,flagellum-associated coiled-coil domain-containing protein 1-like,20210420,-
130825,121168101,LOC121168101,-,-,-,Un,-,caspase-10-like,protein-coding,-,-,-,caspase-10-like,20210420,-
130825,121168102,LOC121168102,-,-,-,Un,-,40S ribosomal protein S6-like,pseudo,-,-,-,-,20210420,-
130825,121168103,LOC121168103,-,-,-,Un,-,alsin-like,protein-coding,-,-,-,alsin-like,20210420,-
130825,121168104,LOC121168104,-,-,-,Un,-,frizzled-7-like,protein-coding,-,-,-,frizzled-7-like,20210420,-
130825,121168105,LOC121168105,-,-,-,Un,-,small ubiquitin-related modifier 1,protein-coding,-,-,-,small ubiquitin-related modifier 1,20210424,-
130825,121168106,LOC121168106,-,-,-,Un,-,nucleolar protein 58,protein-coding,-,-,-,nucleolar protein 58,20210420,-
130825,121168107,LOC121168107,-,-,-,Un,-,cyclin-dependent kinase 15,protein-coding,-,-,-,cyclin-dependent kinase 15,20210420,-
130825,121168108,LOC121168108,-,-,-,Un,-,transmembrane protein 237-like,protein-coding,-,-,-,transmembrane protein 237-like,20210420,-
130825,121168109,LOC121168109,-,-,-,Un,-,NADH dehydrogenase [ubiquinone] 1 beta subcomplex subunit 3,protein-coding,-,-,-,NADH dehydrogenase [ubiquinone] 1 beta subcomplex subunit 3,20210420,-
130825,121168110,KLF8,-,-,-,Un,-,Kruppel like factor 8,protein-coding,-,-,-,Krueppel-like factor 8,20210420,-
130825,121168111,LOC121168111,-,-,-,Un,-,MAGUK p55 subfamily member 4,protein-coding,-,-,-,MAGUK p55 subfamily member 4,20210420,-
130825,121168112,LOC121168112,-,-,-,Un,-,islet cell autoantigen 1-like protein,protein-coding,-,-,-,islet cell autoantigen 1-like protein,20210420,-
130825,121168113,LOC121168113,-,-,-,Un,-,uncharacterized protein KIAA2012 homolog,protein-coding,-,-,-,uncharacterized protein KIAA2012 homolog,20210420,-
130825,121168114,LOC121168114,-,-,-,Un,-,uncharacterized LOC121168114,protein-coding,-,-,-,uncharacterized protein LOC121168114,20210420,-
130825,121168115,LOC121168115,-,-,-,Un,-,low molecular weight phosphotyrosine protein phosphatase-like,pseudo,-,-,-,-,20210420,-
130825,121168116,LOC121168116,-,-,-,Un,-,protein FAM117B,protein-coding,-,-,-,protein FAM117B,20210420,-
130825,121168117,LOC121168117,-,-,-,Un,-,"dynein light chain 1, cytoplasmic-like",pseudo,-,-,-,-,20210420,-
130825,121168118,LOC121168118,-,-,-,Un,-,bone morphogenetic protein receptor type-2-like,protein-coding,-,-,-,bone morphogenetic protein receptor type-2-like,20210420,-
130825,121168119,LOC121168119,-,-,-,Un,-,CASP8 and FADD-like apoptosis regulator,protein-coding,-,-,-,CASP8 and FADD-like apoptosis regulator,20210420,-
130825,121168120,RRAGB,-,-,-,Un,-,Ras related GTP binding B,protein-coding,-,-,-,ras-related GTP-binding protein B,20210420,-
130825,121168121,LOC121168121,-,-,-,Un,-,small nucleolar RNA SNORD70,snoRNA,-,-,-,-,20210420,-
130825,121168122,LOC121168122,-,-,-,Un,-,small nucleolar RNA SNORD70,snoRNA,-,-,-,-,20210420,-
130825,121168123,LOC121168123,-,-,-,Un,-,small nucleolar RNA SNORD11,snoRNA,-,-,-,-,20210420,-
130825,121168124,LOC121168124,-,-,-,Un,-,small nucleolar RNA SNORD11B,snoRNA,-,-,-,-,20210420,-
130825,121168125,LOC121168125,-,-,-,Un,-,nck-associated protein 1-like,protein-coding,-,-,-,nck-associated protein 1-like,20210420,-
130825,121168126,LOC121168126,-,-,-,Un,-,coiled-coil-helix-coiled-coil-helix domain-containing protein 7-like,protein-coding,-,-,-,coiled-coil-helix-coiled-coil-helix domain-containing protein 7-like,20210420,-
130825,121168127,LOC121168127,-,-,-,Un,-,40S ribosomal protein S6-like,pseudo,-,-,-,-,20210420,-
130825,121168128,LOC121168128,-,-,-,Un,-,oxysterol-binding protein-related protein 6,protein-coding,-,-,-,oxysterol-binding protein-related protein 6,20210420,-
130825,121168129,LOC121168129,-,-,-,Un,-,interferon-inducible double-stranded RNA-dependent protein kinase activator A,protein-coding,-,-,-,interferon-inducible double-stranded RNA-dependent protein kinase activator A,20210420,-
130825,121168130,LOC121168130,-,-,-,Un,-,coiled-coil domain-containing protein 141-like,protein-coding,-,-,-,coiled-coil domain-containing protein 141-like,20210420,-
130825,121168131,LOC121168131,-,-,-,Un,-,peptidyl-prolyl cis-trans isomerase FKBP7,protein-coding,-,-,-,peptidyl-prolyl cis-trans isomerase FKBP7,20210420,-
130825,121168132,LOC121168132,-,-,-,Un,-,pleckstrin homology domain-containing family A member 3,protein-coding,-,-,-,pleckstrin homology domain-containing family A member 3,20210420,-
130825,121168133,ALAS2,-,-,-,Un,-,5'-aminolevulinate synthase 2,protein-coding,-,-,-,"5-aminolevulinate synthase, erythroid-specific, mitochondrial",20210420,-
130825,121168134,LOC121168134,-,-,-,Un,-,RNA-binding protein 45-like,protein-coding,-,-,-,RNA-binding protein 45-like,20210420,-
130825,121168135,LOC121168135,-,-,-,Un,-,pejvakin,protein-coding,-,-,-,pejvakin,20210420,-
130825,121168136,LOC121168136,-,-,-,Un,-,ribose-5-phosphate isomerase-like,protein-coding,-,-,-,LOW QUALITY PROTEIN: ribose-5-phosphate isomerase-like,20210420,-
130825,121168137,LOC121168137,-,-,-,Un,-,titin,protein-coding,-,-,-,titin,20210420,-
130825,121168138,LOC121168138,-,-,-,Un,-,U4 spliceosomal RNA,snRNA,-,-,-,-,20210420,-
130825,121168139,LOC121168139,-,-,-,Un,-,U6 spliceosomal RNA,snRNA,-,-,-,-,20210420,-
130825,121168140,LOC121168140,-,-,-,Un,-,U6 spliceosomal RNA,pseudo,-,-,-,-,20210420,-
130825,121168141,LOC121168141,-,-,-,Un,-,cyclic AMP-dependent transcription factor ATF-2,protein-coding,-,-,-,cyclic AMP-dependent transcription factor ATF-2,20210420,-
130825,121168142,PPP2R2B,-,-,-,Un,-,protein phosphatase 2 regulatory subunit Bbeta,protein-coding,-,-,-,serine/threonine-protein phosphatase 2A 55 kDa regulatory subunit B beta isoform,20210420,-
130825,121168143,LOC121168143,-,-,-,Un,-,obg-like ATPase 1,protein-coding,-,-,-,obg-like ATPase 1,20210522,-
130825,121168144,LOC121168144,-,-,-,Un,-,peptidyl-prolyl cis-trans isomerase G,protein-coding,-,-,-,peptidyl-prolyl cis-trans isomerase G,20210420,-
130825,121168145,LOC121168145,-,-,-,Un,-,pyridoxal phosphate phosphatase PHOSPHO2,protein-coding,-,-,-,pyridoxal phosphate phosphatase PHOSPHO2,20210420,-
130825,121168146,LOC121168146,-,-,-,Un,-,coiled-coil domain-containing protein 173-like,protein-coding,-,-,-,coiled-coil domain-containing protein 173-like,20210420,-
130825,121168147,LOC121168147,-,-,-,Un,-,40S ribosomal protein S11-like,pseudo,-,-,-,-,20210420,-
130825,121168148,LOC121168148,-,-,-,Un,-,sodium channel protein type 9 subunit alpha-like,protein-coding,-,-,-,sodium channel protein type 9 subunit alpha-like,20210420,-
130825,121168149,LOC121168149,-,-,-,Un,-,sodium channel protein type 7 subunit alpha-like,protein-coding,-,-,-,sodium channel protein type 7 subunit alpha-like,20210420,-
130825,121168150,APEX2,-,-,-,Un,-,apurinic/apyrimidinic endodeoxyribonuclease 2,protein-coding,-,-,-,DNA-(apurinic or apyrimidinic site) endonuclease 2,20210420,-
130825,121168151,LOC121168151,-,-,-,Un,-,U6 spliceosomal RNA,snRNA,-,-,-,-,20210420,-
130825,121168152,LOC121168152,-,-,-,Un,-,growth factor receptor-bound protein 14-like,protein-coding,-,-,-,growth factor receptor-bound protein 14-like,20210420,-
130825,121168153,LOC121168153,-,-,-,Un,-,coiled-coil domain-containing protein 148-like,protein-coding,-,-,-,coiled-coil domain-containing protein 148-like,20210420,-
130825,121168154,LOC121168154,-,-,-,Un,-,U2 spliceosomal RNA,pseudo,-,-,-,-,20210420,-
130825,121168155,LOC121168155,-,-,-,Un,-,signal transducing adapter molecule 2,protein-coding,-,-,-,signal transducing adapter molecule 2,20210420,-
130825,121168156,LOC121168156,-,-,-,Un,-,uncharacterized LOC121168156,ncRNA,-,-,-,-,20210420,-
130825,121168157,LOC121168157,-,-,-,Un,-,pre-mRNA-processing factor 40 homolog A,protein-coding,-,-,-,pre-mRNA-processing factor 40 homolog A,20210420,-
130825,121168158,LOC121168158,-,-,-,Un,-,protein FAM104A-like,protein-coding,-,-,-,protein FAM104A-like,20210420,-
130825,121168159,LOC121168159,-,-,-,Un,-,formin-like protein 2,protein-coding,-,-,-,formin-like protein 2,20210420,-
130825,121168160,LOC121168160,-,-,-,Un,-,voltage-dependent L-type calcium channel subunit beta-4,protein-coding,-,-,-,voltage-dependent L-type calcium channel subunit beta-4,20210420,-
130825,121168161,LOC121168161,-,-,-,Un,-,ADP-ribosylation factor-like protein 6-interacting protein 6,protein-coding,-,-,-,ADP-ribosylation factor-like protein 6-interacting protein 6,20210420,-
130825,121168162,LOC121168162,-,-,-,Un,-,5S ribosomal RNA,pseudo,-,-,-,-,20210420,-
130825,121168163,LOC121168163,-,-,-,Un,-,U6 spliceosomal RNA,snRNA,-,-,-,-,20210420,-
130825,121168164,LOC121168164,-,-,-,Un,-,rho-related GTP-binding protein RhoE,protein-coding,-,-,-,rho-related GTP-binding protein RhoE,20210501,-
130825,121168165,LOC121168165,-,-,-,Un,-,probable E3 ubiquitin-protein ligase makorin-3,protein-coding,-,-,-,probable E3 ubiquitin-protein ligase makorin-3,20210420,-
130825,121168166,LOC121168166,-,-,-,Un,-,fermitin family homolog 2,protein-coding,-,-,-,fermitin family homolog 2,20210420,-
130825,121168167,LOC121168167,-,-,-,Un,-,glucosamine 6-phosphate N-acetyltransferase-like,pseudo,-,-,-,-,20210420,-
130825,121168168,LOC121168168,-,-,-,Un,-,phospholipase DDHD1,protein-coding,-,-,-,phospholipase DDHD1,20210420,-
130825,121168169,PFKFB1,-,-,-,Un,-,"6-phosphofructo-2-kinase/fructose-2,6-biphosphatase 1",protein-coding,-,-,-,"6-phosphofructo-2-kinase/fructose-2,6-bisphosphatase 1",20210420,-
130825,121168170,LOC121168170,-,-,-,Un,-,60S ribosomal protein L9-like,pseudo,-,-,-,-,20210420,-
130825,121168171,LOC121168171,-,-,-,Un,-,E3 ubiquitin-protein ligase TRIM9-like,protein-coding,-,-,-,E3 ubiquitin-protein ligase TRIM9-like,20210420,-
130825,121168172,LOC121168172,-,-,-,Un,-,mitogen-activated protein kinase kinase kinase kinase 5,protein-coding,-,-,-,mitogen-activated protein kinase kinase kinase kinase 5,20210420,-
130825,121168173,LOC121168173,-,-,-,Un,-,atlastin-1,protein-coding,-,-,-,atlastin-1,20210420,-
130825,121168174,LOC121168174,-,-,-,Un,-,protein salvador homolog 1,protein-coding,-,-,-,protein salvador homolog 1,20210420,-
130825,121168175,LOC121168175,-,-,-,Un,-,ninein-like,protein-coding,-,-,-,ninein-like,20210420,-
130825,121168176,LOC121168176,-,-,-,Un,-,"glycogen phosphorylase, liver form",protein-coding,-,-,-,"glycogen phosphorylase, liver form",20210420,-
130825,121168177,LOC121168177,-,-,-,Un,-,protein ABHD12B-like,protein-coding,-,-,-,protein ABHD12B-like,20210420,-
130825,121168178,LOC121168178,-,-,-,Un,-,U6 spliceosomal RNA,pseudo,-,-,-,-,20210420,-
130825,121168179,LOC121168179,-,-,-,Un,-,dehydrogenase/reductase SDR family member 1-like,protein-coding,-,-,-,dehydrogenase/reductase SDR family member 1-like,20210420,-
130825,121168180,MAGED2,-,-,-,Un,-,MAGE family member D2,protein-coding,-,-,-,melanoma-associated antigen D2,20210420,-
130825,121168181,LOC121168181,-,-,-,Un,-,nucleolar protein 9-like,protein-coding,-,-,-,nucleolar protein 9-like,20210420,-
130825,121168182,LOC121168182,-,-,-,Un,-,KATNB1-like protein 1,protein-coding,-,-,-,KATNB1-like protein 1,20210420,-
130825,121168183,LOC121168183,-,-,-,Un,-,vam6/Vps39-like protein,protein-coding,-,-,-,vam6/Vps39-like protein,20210420,-
130825,121168184,LOC121168184,-,-,-,Un,-,RNA polymerase-associated protein RTF1 homolog,protein-coding,-,-,-,RNA polymerase-associated protein RTF1 homolog,20210420,-
130825,121168185,LOC121168185,-,-,-,Un,-,inositol-trisphosphate 3-kinase A,protein-coding,-,-,-,inositol-trisphosphate 3-kinase A,20210420,-
130825,121168186,LOC121168186,-,-,-,Un,-,protein Mis18-beta-like,protein-coding,-,-,-,protein Mis18-beta-like,20210420,-
130825,121168187,LOC121168187,-,-,-,Un,-,leukocyte tyrosine kinase receptor-like,protein-coding,-,-,-,leukocyte tyrosine kinase receptor-like,20210420,-
130825,121168188,LOC121168188,-,-,-,Un,-,tyrosine-protein kinase receptor TYRO3,protein-coding,-,-,-,tyrosine-protein kinase receptor TYRO3,20210420,-
130825,121168189,LOC121168189,-,-,-,Un,-,cytosolic phospholipase A2 beta-like,protein-coding,-,-,-,cytosolic phospholipase A2 beta-like,20210420,-
130825,121168190,LOC121168190,-,-,-,Un,-,bifunctional peptidase and (3S)-lysyl hydroxylase JMJD7,protein-coding,-,-,-,bifunctional peptidase and (3S)-lysyl hydroxylase JMJD7,20210420,-
130825,121168191,LOC121168191,-,-,-,Un,-,calcineurin B homologous protein 1-like,protein-coding,-,-,-,calcineurin B homologous protein 1-like,20210420,-
130825,121168192,LOC121168192,-,-,-,Un,-,mitogen-activated protein kinase-binding protein 1,protein-coding,-,-,-,mitogen-activated protein kinase-binding protein 1,20210420,-
130825,121168193,LOC121168193,-,-,-,Un,-,cytosolic phospholipase A2 epsilon-like,protein-coding,-,-,-,cytosolic phospholipase A2 epsilon-like,20210420,-
130825,121168194,LOC121168194,-,-,-,Un,-,nucleolar and spindle-associated protein 1-like,protein-coding,-,-,-,nucleolar and spindle-associated protein 1-like,20210420,-
130825,121168195,LOC121168195,-,-,-,Un,-,"complex I intermediate-associated protein 30, mitochondrial-like",protein-coding,-,-,-,"complex I intermediate-associated protein 30, mitochondrial-like",20210420,-
130825,121168196,LOC121168196,-,-,-,Un,-,RNA polymerase II-associated protein 1-like,protein-coding,-,-,-,RNA polymerase II-associated protein 1-like,20210420,-
130825,121168197,LOC121168197,-,-,-,Un,-,synaptosomal-associated protein 23-like,protein-coding,-,-,-,synaptosomal-associated protein 23-like,20210420,-
130825,121168198,LOC121168198,-,-,-,Un,-,phenylalanine--tRNA ligase beta subunit-like,pseudo,-,-,-,-,20210420,-
130825,121168199,LOC121168199,-,-,-,Un,-,"spectrin beta chain, non-erythrocytic 5-like",protein-coding,-,-,-,"spectrin beta chain, non-erythrocytic 5-like",20210420,-
130825,121168200,GNL3L,-,-,-,Un,-,G protein nucleolar 3 like,protein-coding,-,-,-,guanine nucleotide-binding protein-like 3-like protein,20210420,-
130825,121168201,LOC121168201,-,-,-,Un,-,cytosolic phospholipase A2 delta-like,protein-coding,-,-,-,cytosolic phospholipase A2 delta-like,20210420,-
130825,121168202,LOC121168202,-,-,-,Un,-,cytosolic phospholipase A2 zeta-like,protein-coding,-,-,-,cytosolic phospholipase A2 zeta-like,20210420,-
130825,121168203,LOC121168203,-,-,-,Un,-,MAX gene-associated protein-like,protein-coding,-,-,-,MAX gene-associated protein-like,20210420,-
130825,121168204,LOC121168204,-,-,-,Un,-,EH domain-containing protein 4,protein-coding,-,-,-,EH domain-containing protein 4,20210420,-
130825,121168205,LOC121168205,-,-,-,Un,-,zinc finger protein 106-like,protein-coding,-,-,-,zinc finger protein 106-like,20210420,-
130825,121168206,LOC121168206,-,-,-,Un,-,calpain-3,protein-coding,-,-,-,calpain-3,20210420,-
130825,121168207,LOC121168207,-,-,-,Un,-,neutral alpha-glucosidase C,protein-coding,-,-,-,neutral alpha-glucosidase C,20210420,-
130825,121168208,LOC121168208,-,-,-,Un,-,transmembrane protein 87A,protein-coding,-,-,-,transmembrane protein 87A,20210420,-
130825,121168209,LOC121168209,-,-,-,Un,-,uncharacterized LOC121168209,ncRNA,-,-,-,-,20210420,-
130825,121168210,LOC121168210,-,-,-,Un,-,U6 spliceosomal RNA,snRNA,-,-,-,-,20210420,-
130825,121168211,LOC121168211,-,-,-,Un,-,U6 spliceosomal RNA,pseudo,-,-,-,-,20210420,-
130825,121168212,LOC121168212,-,-,-,Un,-,small nucleolar RNA SNORA29,snoRNA,-,-,-,-,20210420,-
130825,121168213,LOC121168213,-,-,-,Un,-,spermatogenesis-associated protein 5-like protein 1,protein-coding,-,-,-,spermatogenesis-associated protein 5-like protein 1,20210420,-
130825,121168214,FGD1,-,-,-,Un,-,"FYVE, RhoGEF and PH domain containing 1",protein-coding,-,-,-,"FYVE, RhoGEF and PH domain-containing protein 1",20210420,-
130825,121168215,LOC121168215,-,-,-,Un,-,normal mucosa of esophagus-specific gene 1 protein-like,protein-coding,-,-,-,normal mucosa of esophagus-specific gene 1 protein-like,20210420,-
130825,121168216,LOC121168216,-,-,-,Un,-,transcription initiation factor IIA subunit 2,protein-coding,-,-,-,transcription initiation factor IIA subunit 2,20210420,-
130825,121168217,LOC121168217,-,-,-,Un,-,E3 ubiquitin-protein ligase Arkadia,protein-coding,-,-,-,E3 ubiquitin-protein ligase Arkadia,20210420,-
130825,121168218,LOC121168218,-,-,-,Un,-,unconventional myosin-Ie,protein-coding,-,-,-,unconventional myosin-Ie,20210420,-
130825,121168219,LOC121168219,-,-,-,Un,-,uncharacterized LOC121168219,ncRNA,-,-,-,-,20210420,-
130825,121168220,LOC121168220,-,-,-,Un,-,"beta-1,3-galactosyl-O-glycosyl-glycoprotein beta-1,6-N-acetylglucosaminyltransferase 3-like",protein-coding,-,-,-,"beta-1,3-galactosyl-O-glycosyl-glycoprotein beta-1,6-N-acetylglucosaminyltransferase 3-like",20210420,-
130825,121168221,LOC121168221,-,-,-,Un,-,transmembrane protein 14C-like,pseudo,-,-,-,-,20210420,-
130825,121168222,TSR2,-,-,-,Un,-,TSR2 ribosome maturation factor,protein-coding,-,-,-,pre-rRNA-processing protein TSR2 homolog,20210420,-
130825,121168223,LOC121168223,-,-,-,Un,-,protein FAM81A,protein-coding,-,-,-,protein FAM81A,20210420,-
130825,121168224,LOC121168224,-,-,-,Un,-,G2/mitotic-specific cyclin-B2,protein-coding,-,-,-,G2/mitotic-specific cyclin-B2,20210420,-
130825,121168225,LOC121168225,-,-,-,Un,-,kelch repeat and BTB domain-containing protein 13,protein-coding,-,-,-,kelch repeat and BTB domain-containing protein 13,20210420,-
130825,121168226,LOC121168226,-,-,-,Un,-,"ATP-dependent Clp protease ATP-binding subunit clpX-like, mitochondrial",protein-coding,-,-,-,"ATP-dependent Clp protease ATP-binding subunit clpX-like, mitochondrial",20210420,-
130825,121168227,LOC121168227,-,-,-,Un,-,maspardin,protein-coding,-,-,-,maspardin,20210420,-
130825,121168228,LOC121168228,-,-,-,Un,-,RNA-binding protein with multiple splicing 2,protein-coding,-,-,-,RNA-binding protein with multiple splicing 2,20210420,-
130825,121168229,LOC121168229,-,-,-,Un,-,programmed cell death protein 7,protein-coding,-,-,-,programmed cell death protein 7,20210420,-
130825,121168230,LOC121168230,-,-,-,Un,-,uncharacterized LOC121168230,ncRNA,-,-,-,-,20210420,-
130825,121168231,LOC121168231,-,-,-,Un,-,zinc finger protein 609-like,protein-coding,-,-,-,zinc finger protein 609-like,20210420,-
130825,121168232,LOC121168232,-,-,-,Un,-,protein mono-ADP-ribosyltransferase PARP16,protein-coding,-,-,-,protein mono-ADP-ribosyltransferase PARP16,20210420,-
130825,121168233,LOC121168233,-,-,-,Un,-,ATP-dependent DNA helicase PIF1-like,protein-coding,-,-,-,ATP-dependent DNA helicase PIF1-like,20210420,-
130825,121168234,LOC121168234,-,-,-,Un,-,ornithine decarboxylase antizyme 2-like,protein-coding,-,-,-,LOW QUALITY PROTEIN: ornithine decarboxylase antizyme 2-like,20210420,-
130825,121168235,LOC121168235,-,-,-,Un,-,ankyrin repeat and death domain-containing protein 1A-like,protein-coding,-,-,-,ankyrin repeat and death domain-containing protein 1A-like,20210420,-
130825,121168236,LOC121168236,-,-,-,Un,-,"methionyl-tRNA formyltransferase, mitochondrial-like",protein-coding,-,-,-,"methionyl-tRNA formyltransferase, mitochondrial-like",20210420,-
130825,121168237,LOC121168237,-,-,-,Un,-,EEF1A lysine methyltransferase 2-like,pseudo,-,-,-,-,20210420,-
130825,121168238,LOC121168238,-,-,-,Un,-,ubiquitin-associated protein 1-like,protein-coding,-,-,-,ubiquitin-associated protein 1-like,20210420,-
130825,121168239,LOC121168239,-,-,-,Un,-,cartilage intermediate layer protein 1,protein-coding,-,-,-,cartilage intermediate layer protein 1,20210420,-
130825,121168240,LOC121168240,-,-,-,Un,-,ras-like protein family member 12,protein-coding,-,-,-,ras-like protein family member 12,20210420,-
130825,121168241,LOC121168241,-,-,-,Un,-,organic solute transporter subunit beta-like,protein-coding,-,-,-,organic solute transporter subunit beta-like,20210420,-
130825,121168242,LOC121168242,-,-,-,Un,-,immunoglobulin superfamily DCC subclass member 3-like,protein-coding,-,-,-,immunoglobulin superfamily DCC subclass member 3-like,20210420,-
130825,121168243,LOC121168243,-,-,-,Un,-,immunoglobulin superfamily DCC subclass member 4,protein-coding,-,-,-,immunoglobulin superfamily DCC subclass member 4,20210420,-
130825,121168244,LOC121168244,-,-,-,Un,-,"DNA-directed RNA polymerases I, II, and III subunit RPABC4-like",protein-coding,-,-,-,"DNA-directed RNA polymerases I, II, and III subunit RPABC4-like",20210420,-
130825,121168245,LOC121168245,-,-,-,Un,-,pleckstrin homology domain-containing family O member 2-like,protein-coding,-,-,-,pleckstrin homology domain-containing family O member 2-like,20210420,-
130825,121168246,LOC121168246,-,-,-,Un,-,small nucleolar RNA SNORA40,snoRNA,-,-,-,-,20210420,-
130825,121168247,LOC121168247,-,-,-,Un,-,U5 spliceosomal RNA,snRNA,-,-,-,-,20210420,-
130825,121168248,LOC121168248,-,-,-,Un,-,U5 spliceosomal RNA,snRNA,-,-,-,-,20210420,-
130825,121168249,LOC121168249,-,-,-,Un,-,U5 spliceosomal RNA,snRNA,-,-,-,-,20210420,-
130825,121168250,LOC121168250,-,-,-,Un,-,dnaJ homolog subfamily C member 5B-like,protein-coding,-,-,-,dnaJ homolog subfamily C member 5B-like,20210420,-
130825,121168251,LOC121168251,-,-,-,Un,-,Fanconi anemia group I protein-like,protein-coding,-,-,-,Fanconi anemia group I protein-like,20210420,-
130825,121168252,LOC121168252,-,-,-,Un,-,DNA polymerase subunit gamma-1,protein-coding,-,-,-,DNA polymerase subunit gamma-1,20210420,-
130825,121168253,LOC121168253,-,-,-,Un,-,peroxisomal membrane protein 11A-like,protein-coding,-,-,-,peroxisomal membrane protein 11A-like,20210420,-
130825,121168254,FAM120C,-,-,-,Un,-,family with sequence similarity 120C,protein-coding,-,-,-,constitutive coactivator of PPAR-gamma-like protein 2,20210420,-
130825,121168255,LOC121168255,-,-,-,Un,-,aminopeptidase N-like,protein-coding,-,-,-,aminopeptidase N-like,20210420,-
130825,121168256,LOC121168256,-,-,-,Un,-,aminopeptidase N-like,protein-coding,-,-,-,aminopeptidase N-like,20210420,-
130825,121168257,LOC121168257,-,-,-,Un,-,treslin-like,protein-coding,-,-,-,treslin-like,20210420,-
130825,121168258,LOC121168258,-,-,-,Un,-,kinesin-like protein KIF7,protein-coding,-,-,-,kinesin-like protein KIF7,20210420,-
130825,121168259,LOC121168259,-,-,-,Un,-,holocytochrome c-type synthase-like,protein-coding,-,-,-,holocytochrome c-type synthase-like,20210420,-
130825,121168260,LOC121168260,-,-,-,Un,-,perilipin-1-like,protein-coding,-,-,-,perilipin-1-like,20210420,-
130825,121168261,LOC121168261,-,-,-,Un,-,monoacylglycerol lipase ABHD2,protein-coding,-,-,-,monoacylglycerol lipase ABHD2,20210420,-
130825,121168262,LOC121168262,-,-,-,Un,-,40S ribosomal protein S27-like,pseudo,-,-,-,-,20210420,-
130825,121168263,LOC121168263,-,-,-,Un,-,retinaldehyde-binding protein 1,protein-coding,-,-,-,retinaldehyde-binding protein 1,20210420,-
130825,121168264,LOC121168264,-,-,-,Un,-,ammonium transporter Rh type C-like,protein-coding,-,-,-,ammonium transporter Rh type C-like,20210420,-
130825,121168265,LOC121168265,-,-,-,Un,-,WD repeat-containing protein 93-like,protein-coding,-,-,-,WD repeat-containing protein 93-like,20210420,-
130825,121168266,PHF8,-,-,-,Un,-,PHD finger protein 8,protein-coding,-,-,-,histone lysine demethylase PHF8,20210420,-
130825,121168267,LOC121168267,-,-,-,Un,-,mesoderm posterior protein 2-like,protein-coding,-,-,-,mesoderm posterior protein 2-like,20210420,-
130825,121168268,TRNAR-UCG,-,-,-,Un,-,transfer RNA arginine (anticodon UCG),tRNA,-,-,-,-,20210420,-
130825,121168269,LOC121168269,-,-,-,Un,-,ADAMTS-like protein 3,protein-coding,-,-,-,ADAMTS-like protein 3,20210420,-
130825,121168270,LOC121168270,-,-,-,Un,-,stabilizer of axonemal microtubules 2-like,protein-coding,-,-,-,stabilizer of axonemal microtubules 2-like,20210420,-
130825,121168271,LOC121168271,-,-,-,Un,-,zinc finger protein 260-like,protein-coding,-,-,-,zinc finger protein 260-like|zinc finger protein 268-like,20210420,-
130825,121168272,LOC121168272,-,-,-,Un,-,zinc finger protein 2 homolog,protein-coding,-,-,-,zinc finger protein 2 homolog,20210420,-
130825,121168273,LOC121168273,-,-,-,Un,-,E3 ubiquitin-protein ligase TRIM41-like,pseudo,-,-,-,-,20210420,-
130825,121168274,LOC121168274,-,-,-,Un,-,AP-3 complex subunit mu-1,protein-coding,-,-,-,AP-3 complex subunit mu-1,20210522,-
130825,121168275,LOC121168275,-,-,-,Un,-,vinculin,protein-coding,-,-,-,vinculin,20210420,-
130825,121168276,LOC121168276,-,-,-,Un,-,heterogeneous nuclear ribonucleoprotein H3,protein-coding,-,-,-,heterogeneous nuclear ribonucleoprotein H3,20210522,-
130825,121168277,LOC121168277,-,-,-,Un,-,RUN and FYVE domain-containing protein 2-like,protein-coding,-,-,-,RUN and FYVE domain-containing protein 2-like,20210420,-
130825,121168278,LOC121168278,-,-,-,Un,-,DNA replication ATP-dependent helicase/nuclease DNA2-like,protein-coding,-,-,-,DNA replication ATP-dependent helicase/nuclease DNA2-like,20210420,-
130825,121168279,LOC121168279,-,-,-,Un,-,probable JmjC domain-containing histone demethylation protein 2C,protein-coding,-,-,-,probable JmjC domain-containing histone demethylation protein 2C,20210420,-
130825,121168280,LOC121168280,-,-,-,Un,-,interferon-induced protein with tetratricopeptide repeats 1B-like,protein-coding,-,-,-,LOW QUALITY PROTEIN: interferon-induced protein with tetratricopeptide repeats 1B-like,20210420,-
130825,121168281,LOC121168281,-,-,-,Un,-,interferon-induced protein with tetratricopeptide repeats 1B-like,protein-coding,-,-,-,interferon-induced protein with tetratricopeptide repeats 1B-like,20210420,-
130825,121168282,LOC121168282,-,-,-,Un,-,interferon-induced protein with tetratricopeptide repeats 1-like,protein-coding,-,-,-,interferon-induced protein with tetratricopeptide repeats 1-like,20210420,-
130825,121168283,LOC121168283,-,-,-,Un,-,interferon-induced protein with tetratricopeptide repeats 1-like,protein-coding,-,-,-,interferon-induced protein with tetratricopeptide repeats 1-like,20210420,-
130825,121168284,LOC121168284,-,-,-,Un,-,interferon-induced protein with tetratricopeptide repeats 1B-like,protein-coding,-,-,-,interferon-induced protein with tetratricopeptide repeats 1B-like,20210420,-
130825,121168285,LOC121168285,-,-,-,Un,-,XK-related protein 9-like,protein-coding,-,-,-,XK-related protein 9-like,20210420,-
130825,121168286,LOC121168286,-,-,-,Un,-,E3 ubiquitin-protein ligase MARCHF5,protein-coding,-,-,-,E3 ubiquitin-protein ligase MARCHF5,20210501,-
130825,121168287,LOC121168287,-,-,-,Un,-,growth/differentiation factor 10-like,protein-coding,-,-,-,growth/differentiation factor 10-like,20210420,-
130825,121168288,LOC121168288,-,-,-,Un,-,growth/differentiation factor 2-like,protein-coding,-,-,-,growth/differentiation factor 2-like,20210420,-
130825,121168289,LOC121168289,-,-,-,Un,-,WD repeat- and FYVE domain-containing protein 4-like,protein-coding,-,-,-,WD repeat- and FYVE domain-containing protein 4-like,20210420,-
130825,121168290,LOC121168290,-,-,-,Un,-,uncharacterized LOC121168290,ncRNA,-,-,-,-,20210420,-
130825,121168291,HUWE1,-,-,-,Un,-,"HECT, UBA and WWE domain containing E3 ubiquitin protein ligase 1",protein-coding,-,-,-,E3 ubiquitin-protein ligase HUWE1,20210420,-
130825,121168292,LOC121168292,-,-,-,Un,-,nuclear body protein SP140-like protein,protein-coding,-,-,-,nuclear body protein SP140-like protein,20210420,-
130825,121168293,LOC121168293,-,-,-,Un,-,armadillo-like helical domain-containing protein 4,protein-coding,-,-,-,armadillo-like helical domain-containing protein 4,20210420,-
130825,121168294,LOC121168294,-,-,-,Un,-,U6 spliceosomal RNA,snRNA,-,-,-,-,20210420,-
130825,121168295,LOC121168295,-,-,-,Un,-,actin-related protein 10,protein-coding,-,-,-,actin-related protein 10,20210420,-
130825,121168296,TRNAK-CUU,-,-,-,Un,-,transfer RNA lysine (anticodon CUU),tRNA,-,-,-,-,20210420,-
130825,121168297,ABCD3,-,-,-,Un,-,ATP binding cassette subfamily D member 3,protein-coding,-,-,-,ATP-binding cassette sub-family D member 3,20210420,-
130825,121168298,TCERG1,-,-,-,Un,-,transcription elongation regulator 1,protein-coding,-,-,-,transcription elongation regulator 1,20210420,-
130825,121168299,SMG5,-,-,-,Un,-,SMG5 nonsense mediated mRNA decay factor,protein-coding,-,-,-,protein SMG5,20210420,-
130825,121168300,PAQR6,-,-,-,Un,-,progestin and adipoQ receptor family member 6,protein-coding,-,-,-,membrane progestin receptor delta,20210420,-
130825,121168301,LOC121168301,-,-,-,Un,-,bone gamma-carboxyglutamate protein,protein-coding,-,-,-,osteocalcin,20210420,-
130825,121168302,LOC121168302,-,-,-,Un,-,chromatin target of PRMT1,protein-coding,-,-,-,chromatin target of PRMT1 protein,20210529,-
130825,121168303,RIBC1,-,-,-,Un,-,RIB43A domain with coiled-coils 1,protein-coding,-,-,-,RIB43A-like with coiled-coils protein 1,20210420,-
130825,121168304,LOC121168304,-,-,-,Un,-,ribose-phosphate pyrophosphokinase 1,protein-coding,-,-,-,ribose-phosphate pyrophosphokinase 1,20210420,-
130825,121168305,LOC121168305,-,-,-,Un,-,histone H2A type 2-B,protein-coding,-,-,-,histone H2A type 2-B,20210420,-
130825,121168306,LOC121168306,-,-,-,Un,-,histone H2A type 2-C,protein-coding,-,-,-,histone H2A type 2-C,20210522,-
130825,121168307,LOC121168307,-,-,-,Un,-,histone H2B type 2-E,protein-coding,-,-,-,histone H2B type 2-E,20210424,-
130825,121168308,LOC121168308,-,-,-,Un,-,adenosine receptor A3-like,protein-coding,-,-,-,adenosine receptor A3-like|transmembrane domain-containing protein TMIGD3-like,20210420,-
130825,121168309,LOC121168309,-,-,-,Un,-,uncharacterized LOC121168309,ncRNA,-,-,-,-,20210420,-
130825,121168310,CUNH1orf68,-,-,-,Un,-,chromosome unknown C1orf68 homolog,protein-coding,-,-,-,skin-specific protein 32,20210420,-
130825,121168311,ZBTB7B,-,-,-,Un,-,zinc finger and BTB domain containing 7B,protein-coding,-,-,-,zinc finger and BTB domain-containing protein 7B,20210420,-
130825,121168312,PRPF38B,-,-,-,Un,-,pre-mRNA processing factor 38B,protein-coding,-,-,-,pre-mRNA-splicing factor 38B,20210420,-
130825,121168313,LOC121168313,-,-,-,Un,-,protein S100-A15A,protein-coding,-,-,-,protein S100-A15A,20210420,-
130825,121168314,HSD17B10,-,-,-,Un,-,hydroxysteroid 17-beta dehydrogenase 10,protein-coding,-,-,-,3-hydroxyacyl-CoA dehydrogenase type-2,20210420,-
130825,121168315,GTF2B,-,-,-,Un,-,general transcription factor IIB,protein-coding,-,-,-,transcription initiation factor IIB,20210420,-
130825,121168316,ARHGEF2,-,-,-,Un,-,Rho/Rac guanine nucleotide exchange factor 2,protein-coding,-,-,-,rho guanine nucleotide exchange factor 2,20210420,-
130825,121168317,CCDC18,-,-,-,Un,-,coiled-coil domain containing 18,protein-coding,-,-,-,coiled-coil domain-containing protein 18,20210420,-
130825,121168318,TMED5,-,-,-,Un,-,transmembrane p24 trafficking protein 5,protein-coding,-,-,-,transmembrane emp24 domain-containing protein 5,20210420,-
130825,121168319,LOC121168319,-,-,-,Un,-,DBIRD complex subunit ZNF326-like,protein-coding,-,-,-,DBIRD complex subunit ZNF326-like,20210420,-
130825,121168320,LOC121168320,-,-,-,Un,-,DBIRD complex subunit ZNF326-like,protein-coding,-,-,-,DBIRD complex subunit ZNF326-like,20210420,-
130825,121168321,LRIG2,-,-,-,Un,-,leucine rich repeats and immunoglobulin like domains 2,protein-coding,-,-,-,leucine-rich repeats and immunoglobulin-like domains protein 2,20210420,-
130825,121168322,COL11A1,-,-,-,Un,-,collagen type XI alpha 1 chain,protein-coding,-,-,-,collagen alpha-1(XI) chain,20210420,-
130825,121168323,LOC121168323,-,-,-,Un,-,uncharacterized LOC121168323,ncRNA,-,-,-,-,20210420,-
130825,121168324,LOC121168324,-,-,-,Un,-,olfactory receptor 6N2-like,protein-coding,-,-,-,olfactory receptor 6N2-like,20210420,-
130825,121168325,PTPN22,-,-,-,Un,-,protein tyrosine phosphatase non-receptor type 22,protein-coding,-,-,-,tyrosine-protein phosphatase non-receptor type 22,20210420,-
130825,121168326,CHD1L,-,-,-,Un,-,chromodomain helicase DNA binding protein 1 like,protein-coding,-,-,-,chromodomain-helicase-DNA-binding protein 1-like,20210420,-
130825,121168327,VPS45,-,-,-,Un,-,vacuolar protein sorting 45 homolog,protein-coding,-,-,-,vacuolar protein sorting-associated protein 45,20210420,-
130825,121168328,SLC25A44,-,-,-,Un,-,solute carrier family 25 member 44,protein-coding,-,-,-,solute carrier family 25 member 44,20210420,-
130825,121168329,SMC1A,-,-,-,Un,-,structural maintenance of chromosomes 1A,protein-coding,-,-,-,structural maintenance of chromosomes protein 1A,20210420,-
130825,121168330,LOC121168330,-,-,-,Un,-,polyamine-modulated factor 1-like,protein-coding,-,-,-,polyamine-modulated factor 1-like,20210420,-
130825,121168331,CD2,-,-,-,Un,-,CD2 molecule,protein-coding,-,-,-,T-cell surface antigen CD2,20210420,-
130825,121168332,LOC121168332,-,-,-,Un,-,thioredoxin interacting protein,protein-coding,-,-,-,thioredoxin-interacting protein,20210420,-
130825,121168333,LRRC8D,-,-,-,Un,-,leucine rich repeat containing 8 VRAC subunit D,protein-coding,-,-,-,volume-regulated anion channel subunit LRRC8D,20210420,-
130825,121168334,PBXIP1,-,-,-,Un,-,PBX homeobox interacting protein 1,protein-coding,-,-,-,pre-B-cell leukemia transcription factor-interacting protein 1,20210420,-
130825,121168335,PYGO2,-,-,-,Un,-,pygopus family PHD finger 2,protein-coding,-,-,-,pygopus homolog 2,20210420,-
130825,121168336,LOC121168336,-,-,-,Un,-,pancreatic alpha-amylase,protein-coding,-,-,-,pancreatic alpha-amylase,20210420,-
130825,121168337,MINDY1,-,-,-,Un,-,MINDY lysine 48 deubiquitinase 1,protein-coding,-,-,-,ubiquitin carboxyl-terminal hydrolase MINDY-1,20210420,-
130825,121168338,PRUNE1,-,-,-,Un,-,prune exopolyphosphatase 1,protein-coding,-,-,-,exopolyphosphatase PRUNE1,20210420,-
130825,121168339,IQSEC2,-,-,-,Un,-,IQ motif and Sec7 domain ArfGEF 2,protein-coding,-,-,-,IQ motif and SEC7 domain-containing protein 2,20210420,-
130825,121168340,ANXA9,-,-,-,Un,-,annexin A9,protein-coding,-,-,-,annexin A9,20210420,-
130825,121168341,RPAP2,-,-,-,Un,-,RNA polymerase II associated protein 2,protein-coding,-,-,-,putative RNA polymerase II subunit B1 CTD phosphatase RPAP2,20210420,-
130825,121168342,SLC25A24,-,-,-,Un,-,solute carrier family 25 member 24,protein-coding,-,-,-,calcium-binding mitochondrial carrier protein SCaMC-1,20210420,-
130825,121168343,LOC121168343,-,-,-,Un,-,histone H2B type 2-F-like,protein-coding,-,-,-,histone H2B type 2-F-like,20210420,-
130825,121168344,LOC121168344,-,-,-,Un,-,histone H4,protein-coding,-,-,-,histone H4,20210424,-
130825,121168345,LOC121168345,-,-,-,Un,-,myomegalin-like,protein-coding,-,-,-,myomegalin-like,20210420,-
130825,121168346,OTUD7B,-,-,-,Un,-,OTU deubiquitinase 7B,protein-coding,-,-,-,OTU domain-containing protein 7B,20210420,-
130825,121168347,UBL4B,-,-,-,Un,-,ubiquitin like 4B,protein-coding,-,-,-,ubiquitin-like protein 4B,20210420,-
130825,121168348,SPAG17,-,-,-,Un,-,sperm associated antigen 17,protein-coding,-,-,-,sperm-associated antigen 17,20210420,-
130825,121168349,WDR3,-,-,-,Un,-,WD repeat domain 3,protein-coding,-,-,-,WD repeat-containing protein 3,20210420,-
130825,121168350,THBS3,-,-,-,Un,-,thrombospondin 3,protein-coding,-,-,-,thrombospondin-3,20210420,-
130825,121168351,PDZK1,-,-,-,Un,-,PDZ domain containing 1,protein-coding,-,-,-,Na(+)/H(+) exchange regulatory cofactor NHE-RF3,20210420,-
130825,121168352,LOC121168352,-,-,-,Un,-,Golgi pH regulator,protein-coding,-,-,-,Golgi pH regulator,20210420,-
130825,121168353,DBT,-,-,-,Un,-,dihydrolipoamide branched chain transacylase E2,protein-coding,-,-,-,"lipoamide acyltransferase component of branched-chain alpha-keto acid dehydrogenase complex, mitochondrial",20210420,-
130825,121168354,DPH5,-,-,-,Un,-,diphthamide biosynthesis 5,protein-coding,-,-,-,diphthine methyl ester synthase,20210420,-
130825,121168355,CCT3,-,-,-,Un,-,chaperonin containing TCP1 subunit 3,protein-coding,-,-,-,T-complex protein 1 subunit gamma,20210420,-
130825,121168356,RHBG,-,-,-,Un,-,Rh family B glycoprotein,protein-coding,-,-,-,ammonium transporter Rh type B,20210420,-
130825,121168357,KDM5C,-,-,-,Un,-,lysine demethylase 5C,protein-coding,-,-,-,lysine-specific demethylase 5C,20210420,-
130825,121168358,TSACC,-,-,-,Un,-,TSSK6 activating cochaperone,protein-coding,-,-,-,TSSK6-activating co-chaperone protein,20210420,-
130825,121168359,RNPC3,-,-,-,Un,-,"RNA binding region (RNP1, RRM) containing 3",protein-coding,-,-,-,RNA-binding region-containing protein 3,20210420,-
130825,121168360,MTMR11,-,-,-,Un,-,myotubularin related protein 11,protein-coding,-,-,-,myotubularin-related protein 11,20210420,-
130825,121168361,MOV10,-,-,-,Un,-,Mov10 RISC complex RNA helicase,protein-coding,-,-,-,helicase MOV-10,20210420,-
130825,121168362,RHOC,-,-,-,Un,-,ras homolog family member C,protein-coding,-,-,-,rho-related GTP-binding protein RhoC,20210424,-
130825,121168363,SARS1,-,-,-,Un,-,seryl-tRNA synthetase 1,protein-coding,-,-,-,"serine--tRNA ligase, cytoplasmic",20210420,-
130825,121168364,ANP32E,-,-,-,Un,-,acidic nuclear phosphoprotein 32 family member E,protein-coding,-,-,-,acidic leucine-rich nuclear phosphoprotein 32 family member E,20210420,-
130825,121168365,GABPB2,-,-,-,Un,-,GA binding protein transcription factor subunit beta 2,protein-coding,-,-,-,GA-binding protein subunit beta-2,20210420,-
130825,121168366,GCLM,-,-,-,Un,-,glutamate-cysteine ligase modifier subunit,protein-coding,-,-,-,glutamate--cysteine ligase regulatory subunit,20210420,-
130825,121168367,LOC121168367,-,-,-,Un,-,protein S100-A4,protein-coding,-,-,-,protein S100-A4,20210420,-
130825,121168368,LOC121168368,-,-,-,Un,-,glycosylated lysosomal membrane protein,protein-coding,-,-,-,glycosylated lysosomal membrane protein,20210420,-
130825,121168369,LOC121168369,-,-,-,Un,-,transmembrane protein 208-like,pseudo,-,-,-,-,20210420,-
130825,121168370,TRMT13,-,-,-,Un,-,tRNA methyltransferase 13 homolog,protein-coding,-,-,-,tRNA:m(4)X modification enzyme TRM13 homolog,20210420,-
130825,121168371,LRRC39,-,-,-,Un,-,leucine rich repeat containing 39,protein-coding,-,-,-,leucine-rich repeat-containing protein 39,20210420,-
130825,121168372,LOC121168372,-,-,-,Un,-,cellular nucleic acid-binding protein-like,pseudo,-,-,-,-,20210420,-
130825,121168373,CDC14A,-,-,-,Un,-,cell division cycle 14A,protein-coding,-,-,-,dual specificity protein phosphatase CDC14A,20210420,-
130825,121168374,LOC121168374,-,-,-,Un,-,uncharacterized LOC121168374,ncRNA,-,-,-,-,20210420,-
130825,121168375,LOC121168375,-,-,-,Un,-,uncharacterized LOC121168375,ncRNA,-,-,-,-,20210420,-
130825,121168376,CSF1,-,-,-,Un,-,colony stimulating factor 1,protein-coding,-,-,-,macrophage colony-stimulating factor 1,20210420,-
130825,121168377,LOC121168377,-,-,-,Un,-,cysteine protease ATG4A-like,pseudo,-,-,-,-,20210420,-
130825,121168378,LOC121168378,-,-,-,Un,-,late cornified envelope protein 3B-like,protein-coding,-,-,-,late cornified envelope protein 3B-like,20210420,-
130825,121168379,DR1,-,-,-,Un,-,down-regulator of transcription 1,protein-coding,-,-,-,protein Dr1,20210522,-
130825,121168380,PLPPR4,-,-,-,Un,-,phospholipid phosphatase related 4,protein-coding,-,-,-,2-lysophosphatidate phosphatase PLPPR4,20210420,-
130825,121168381,S100A6,-,-,-,Un,-,S100 calcium binding protein A6,protein-coding,-,-,-,protein S100-A6,20210420,-
130825,121168382,TRIM46,-,-,-,Un,-,tripartite motif containing 46,protein-coding,-,-,-,tripartite motif-containing protein 46,20210420,-
130825,121168383,ZNF644,-,-,-,Un,-,zinc finger protein 644,protein-coding,-,-,-,zinc finger protein 644,20210420,-
130825,121168384,LOC121168384,-,-,-,Un,-,uncharacterized LOC121168384,ncRNA,-,-,-,-,20210420,-
130825,121168385,DENND4B,-,-,-,Un,-,DENN domain containing 4B,protein-coding,-,-,-,DENN domain-containing protein 4B,20210420,-
130825,121168386,LOC121168386,-,-,-,Un,-,myomegalin-like,protein-coding,-,-,-,myomegalin-like,20210420,-
130825,121168387,KRTCAP2,-,-,-,Un,-,keratinocyte associated protein 2,protein-coding,-,-,-,keratinocyte-associated protein 2,20210522,-
130825,121168388,LOC121168388,-,-,-,Un,-,"eukaryotic translation initiation factor 1A, X-chromosomal-like",protein-coding,-,-,-,"eukaryotic translation initiation factor 1A, X-chromosomal-like",20210529,-
130825,121168389,GNAT2,-,-,-,Un,-,G protein subunit alpha transducin 2,protein-coding,-,-,-,guanine nucleotide-binding protein G(t) subunit alpha-2,20210420,-
130825,121168390,S1PR1,-,-,-,Un,-,sphingosine-1-phosphate receptor 1,protein-coding,-,-,-,sphingosine 1-phosphate receptor 1,20210420,-
130825,121168391,LRIF1,-,-,-,Un,-,ligand dependent nuclear receptor interacting factor 1,protein-coding,-,-,-,ligand-dependent nuclear receptor-interacting factor 1,20210420,-
130825,121168392,LOC121168392,-,-,-,Un,-,histone H3,protein-coding,-,-,-,histone H3,20210522,-
130825,121168393,LOC121168393,-,-,-,Un,-,histone H2A type 2-A,protein-coding,-,-,-,histone H2A type 1|histone H2A type 2-A,20210425,-
130825,121168394,CLK2,-,-,-,Un,-,CDC like kinase 2,protein-coding,-,-,-,dual specificity protein kinase CLK2,20210420,-
130825,121168395,SCAMP3,-,-,-,Un,-,secretory carrier membrane protein 3,protein-coding,-,-,-,secretory carrier-associated membrane protein 3,20210420,-
130825,121168396,LOC121168396,-,-,-,Un,-,protein S100-A4-like,protein-coding,-,-,-,protein S100-A4-like,20210420,-
130825,121168397,CTSS,-,-,-,Un,-,cathepsin S,protein-coding,-,-,-,cathepsin S,20210420,-
130825,121168398,IQGAP3,-,-,-,Un,-,IQ motif containing GTPase activating protein 3,protein-coding,-,-,-,ras GTPase-activating-like protein IQGAP3,20210420,-
130825,121168399,ELAPOR1,-,-,-,Un,-,endosome-lysosome associated apoptosis and autophagy regulator 1,protein-coding,-,-,-,endosome/lysosome-associated apoptosis and autophagy regulator 1,20210420,-
130825,121168400,ADAMTSL4,-,-,-,Un,-,ADAMTS like 4,protein-coding,-,-,-,ADAMTS-like protein 4,20210420,-
130825,121168401,TSPYL2,-,-,-,Un,-,TSPY like 2,protein-coding,-,-,-,testis-specific Y-encoded-like protein 2,20210420,-
130825,121168402,NTNG1,-,-,-,Un,-,netrin G1,protein-coding,-,-,-,netrin-G1,20210420,-
130825,121168403,KCND3,-,-,-,Un,-,potassium voltage-gated channel subfamily D member 3,protein-coding,-,-,-,potassium voltage-gated channel subfamily D member 3,20210420,-
130825,121168404,BOLA1,-,-,-,Un,-,bolA family member 1,protein-coding,-,-,-,bolA-like protein 1,20210420,-
130825,121168405,SHC1,-,-,-,Un,-,SHC adaptor protein 1,protein-coding,-,-,-,SHC-transforming protein 1,20210420,-
130825,121168406,PRPF3,-,-,-,Un,-,pre-mRNA processing factor 3,protein-coding,-,-,-,U4/U6 small nuclear ribonucleoprotein Prp3,20210420,-
130825,121168407,INTS3,-,-,-,Un,-,integrator complex subunit 3,protein-coding,-,-,-,integrator complex subunit 3,20210420,-
130825,121168408,ITGA10,-,-,-,Un,-,integrin subunit alpha 10,protein-coding,-,-,-,integrin alpha-10,20210420,-
130825,121168409,CRTC2,-,-,-,Un,-,CREB regulated transcription coactivator 2,protein-coding,-,-,-,CREB-regulated transcription coactivator 2,20210420,-
130825,121168410,SLC39A1,-,-,-,Un,-,solute carrier family 39 member 1,protein-coding,-,-,-,zinc transporter ZIP1,20210420,-
130825,121168411,LOC121168411,-,-,-,Un,-,translation machinery-associated protein 7-like,protein-coding,-,-,-,translation machinery-associated protein 7-like,20210420,-
130825,121168412,AMPD1,-,-,-,Un,-,adenosine monophosphate deaminase 1,protein-coding,-,-,-,AMP deaminase 1,20210420,-
130825,121168413,FAM156A,-,-,-,Un,-,family with sequence similarity 156 member A,protein-coding,-,-,-,protein FAM156A/FAM156B,20210420,-
130825,121168414,LOC121168414,-,-,-,Un,-,cytochrome b561 domain-containing protein 1,protein-coding,-,-,-,cytochrome b561 domain-containing protein 1,20210420,-
130825,121168415,LOC121168415,-,-,-,Un,-,small proline-rich protein 2I-like,protein-coding,-,-,-,small proline-rich protein 2I-like,20210420,-
130825,121168416,SLC22A15,-,-,-,Un,-,solute carrier family 22 member 15,protein-coding,-,-,-,solute carrier family 22 member 15,20210420,-
130825,121168417,WARS2,-,-,-,Un,-,"tryptophanyl tRNA synthetase 2, mitochondrial",protein-coding,-,-,-,"tryptophan--tRNA ligase, mitochondrial",20210420,-
130825,121168418,LOC121168418,-,-,-,Un,-,uncharacterized LOC121168418,ncRNA,-,-,-,-,20210420,-
130825,121168419,BRDT,-,-,-,Un,-,bromodomain testis associated,protein-coding,-,-,-,bromodomain testis-specific protein,20210420,-
130825,121168420,TDRKH,-,-,-,Un,-,tudor and KH domain containing,protein-coding,-,-,-,tudor and KH domain-containing protein,20210420,-
130825,121168421,LOC121168421,-,-,-,Un,-,protein FAM156A/FAM156B-like,protein-coding,-,-,-,protein FAM156A/FAM156B-like,20210420,-
130825,121168422,ANKRD35,-,-,-,Un,-,ankyrin repeat domain 35,protein-coding,-,-,-,ankyrin repeat domain-containing protein 35,20210420,-
130825,121168423,MAGI3,-,-,-,Un,-,"membrane associated guanylate kinase, WW and PDZ domain containing 3",protein-coding,-,-,-,"membrane-associated guanylate kinase, WW and PDZ domain-containing protein 3",20210420,-
130825,121168424,UBE2Q1,-,-,-,Un,-,ubiquitin conjugating enzyme E2 Q1,protein-coding,-,-,-,ubiquitin-conjugating enzyme E2 Q1,20210420,-
130825,121168425,LOC121168425,-,-,-,Un,-,guanylate-binding protein 1-like,protein-coding,-,-,-,guanylate-binding protein 1-like,20210420,-
130825,121168426,SYCP1,-,-,-,Un,-,synaptonemal complex protein 1,protein-coding,-,-,-,synaptonemal complex protein 1,20210420,-
130825,121168427,NPR1,-,-,-,Un,-,natriuretic peptide receptor 1,protein-coding,-,-,-,atrial natriuretic peptide receptor 1,20210420,-
130825,121168428,SEC22B,-,-,-,Un,-,"SEC22 homolog B, vesicle trafficking protein",protein-coding,-,-,-,vesicle-trafficking protein SEC22b,20210522,-
130825,121168429,LOC121168429,-,-,-,Un,-,nectin-3-like,protein-coding,-,-,-,nectin-3-like,20210420,-
130825,121168430,LOC121168430,-,-,-,Un,-,E3 SUMO-protein ligase ZBED1-like,protein-coding,-,-,-,E3 SUMO-protein ligase ZBED1-like,20210420,-
130825,121168431,STRIP1,-,-,-,Un,-,striatin interacting protein 1,protein-coding,-,-,-,striatin-interacting protein 1,20210420,-
130825,121168432,CGN,-,-,-,Un,-,cingulin,protein-coding,-,-,-,cingulin,20210420,-
130825,121168433,BCL9,-,-,-,Un,-,BCL9 transcription coactivator,protein-coding,-,-,-,B-cell CLL/lymphoma 9 protein,20210420,-
130825,121168434,RPS27,-,-,-,Un,-,ribosomal protein S27,protein-coding,-,-,-,40S ribosomal protein S27,20210501,-
130825,121168435,VCAM1,-,-,-,Un,-,vascular cell adhesion molecule 1,protein-coding,-,-,-,vascular cell adhesion protein 1,20210420,-
130825,121168436,CKS1B,-,-,-,Un,-,CDC28 protein kinase regulatory subunit 1B,protein-coding,-,-,-,cyclin-dependent kinases regulatory subunit 1,20210420,-
130825,121168437,KCNN3,-,-,-,Un,-,potassium calcium-activated channel subfamily N member 3,protein-coding,-,-,-,small conductance calcium-activated potassium channel protein 3,20210420,-
130825,121168438,ATP8B2,-,-,-,Un,-,ATPase phospholipid transporting 8B2,protein-coding,-,-,-,phospholipid-transporting ATPase ID,20210420,-
130825,121168439,LOC121168439,-,-,-,Un,-,uncharacterized LOC121168439,ncRNA,-,-,-,-,20210420,-
130825,121168440,LOC121168440,-,-,-,Un,-,guanylate-binding protein 7-like,protein-coding,-,-,-,guanylate-binding protein 7-like,20210420,-
130825,121168441,SEMA6C,-,-,-,Un,-,semaphorin 6C,protein-coding,-,-,-,semaphorin-6C,20210420,-
130825,121168442,SEMA4A,-,-,-,Un,-,semaphorin 4A,protein-coding,-,-,-,semaphorin-4A,20210420,-
130825,121168443,LOC121168443,-,-,-,Un,-,dehydrogenase/reductase SDR family member on chromosome X-like,protein-coding,-,-,-,dehydrogenase/reductase SDR family member on chromosome X-like,20210420,-
130825,121168444,GLMN,-,-,-,Un,-,"glomulin, FKBP associated protein",protein-coding,-,-,-,glomulin,20210420,-
130825,121168445,ENSA,-,-,-,Un,-,endosulfine alpha,protein-coding,-,-,-,alpha-endosulfine,20210522,-
130825,121168446,LOC121168446,-,-,-,Un,-,uncharacterized LOC121168446,ncRNA,-,-,-,-,20210420,-
130825,121168447,RAB13,-,-,-,Un,-,"RAB13, member RAS oncogene family",protein-coding,-,-,-,ras-related protein Rab-13,20210420,-
130825,121168448,SV2A,-,-,-,Un,-,synaptic vesicle glycoprotein 2A,protein-coding,-,-,-,synaptic vesicle glycoprotein 2A,20210420,-
130825,121168449,RTCA,-,-,-,Un,-,RNA 3'-terminal phosphate cyclase,protein-coding,-,-,-,RNA 3'-terminal phosphate cyclase,20210420,-
130825,121168450,MAB21L3,-,-,-,Un,-,mab-21 like 3,protein-coding,-,-,-,protein mab-21-like 3,20210420,-
130825,121168451,SELENBP1,-,-,-,Un,-,selenium binding protein 1,protein-coding,-,-,-,methanethiol oxidase,20210420,-
130825,121168452,PKLR,-,-,-,Un,-,pyruvate kinase L/R,protein-coding,-,-,-,pyruvate kinase PKLR,20210420,-
130825,121168453,LOC121168453,-,-,-,Un,-,cytochrome c oxidase assembly factor 5-like,pseudo,-,-,-,-,20210420,-
130825,121168454,LOC121168454,-,-,-,Un,-,3 beta-hydroxysteroid dehydrogenase/Delta 5-->4-isomerase-like,protein-coding,-,-,-,3 beta-hydroxysteroid dehydrogenase/Delta 5-->4-isomerase-like,20210420,-
130825,121168455,PIAS3,-,-,-,Un,-,protein inhibitor of activated STAT 3,protein-coding,-,-,-,E3 SUMO-protein ligase PIAS3,20210420,-
130825,121168456,LOC121168456,-,-,-,Un,-,E3 SUMO-protein ligase ZBED1-like,protein-coding,-,-,-,E3 SUMO-protein ligase ZBED1-like,20210420,-
130825,121168457,NUDT17,-,-,-,Un,-,nudix hydrolase 17,protein-coding,-,-,-,nucleoside diphosphate-linked moiety X motif 17,20210420,-
130825,121168458,OLFM3,-,-,-,Un,-,olfactomedin 3,protein-coding,-,-,-,noelin-3,20210420,-
130825,121168459,SYT6,-,-,-,Un,-,synaptotagmin 6,protein-coding,-,-,-,synaptotagmin-6,20210420,-
130825,121168460,GBA,-,-,-,Un,-,glucosylceramidase beta,protein-coding,-,-,-,lysosomal acid glucosylceramidase,20210420,-
130825,121168461,MTX1,-,-,-,Un,-,metaxin 1,protein-coding,-,-,-,metaxin-1,20210420,-
130825,121168462,LOC121168462,-,-,-,Un,-,uncharacterized LOC121168462,ncRNA,-,-,-,-,20210420,-
130825,121168463,CUNH1orf54,-,-,-,Un,-,chromosome unknown C1orf54 homolog,protein-coding,-,-,-,uncharacterized protein C1orf54 homolog,20210420,-
130825,121168464,ALG14,-,-,-,Un,-,ALG14 UDP-N-acetylglucosaminyltransferase subunit,protein-coding,-,-,-,UDP-N-acetylglucosamine transferase subunit ALG14 homolog,20210420,-
130825,121168465,OVGP1,-,-,-,Un,-,oviductal glycoprotein 1,protein-coding,-,-,-,oviduct-specific glycoprotein,20210420,-
130825,121168466,LOC121168466,-,-,-,Un,-,dehydrogenase/reductase SDR family member on chromosome X-like,protein-coding,-,-,-,dehydrogenase/reductase SDR family member on chromosome X-like,20210420,-
130825,121168467,TMEM167B,-,-,-,Un,-,transmembrane protein 167B,protein-coding,-,-,-,protein kish-B,20210501,-
130825,121168468,DENND2C,-,-,-,Un,-,DENN domain containing 2C,protein-coding,-,-,-,DENN domain-containing protein 2C,20210420,-
130825,121168469,LOC121168469,-,-,-,Un,-,60S ribosomal protein L34-like,pseudo,-,-,-,-,20210420,-
130825,121168470,LOC121168470,-,-,-,Un,-,glutathione S-transferase Mu 3,protein-coding,-,-,-,glutathione S-transferase Mu 1|glutathione S-transferase Mu 2|glutathione S-transferase Mu 3,20210420,-
130825,121168471,LOC121168471,-,-,-,Un,-,glutathione S-transferase Mu 1-like,protein-coding,-,-,-,glutathione S-transferase Mu 1-like|glutathione S-transferase Mu 2-like,20210420,-
130825,121168472,LOC121168472,-,-,-,Un,-,glutathione S-transferase Mu 2,protein-coding,-,-,-,glutathione S-transferase Mu 1|glutathione S-transferase Mu 2|glutathione S-transferase Mu 7,20210420,-
130825,121168473,SHROOM4,-,-,-,Un,-,shroom family member 4,protein-coding,-,-,-,protein Shroom4,20210420,-
130825,121168474,LOC121168474,-,-,-,Un,-,glutathione S-transferase Mu 1,protein-coding,-,-,-,glutathione S-transferase Mu 1|glutathione S-transferase Mu 4,20210420,-
130825,121168475,LOC121168475,-,-,-,Un,-,uncharacterized LOC121168475,ncRNA,-,-,-,-,20210420,-
130825,121168476,LOC121168476,-,-,-,Un,-,non-histone chromosomal protein HMG-14-like,protein-coding,-,-,-,non-histone chromosomal protein HMG-14-like,20210420,-
130825,121168477,LOC121168477,-,-,-,Un,-,glutathione S-transferase Mu 1-like,protein-coding,-,-,-,glutathione S-transferase Mu 1-like|glutathione S-transferase Mu 2-like|glutathione S-transferase Mu 7-like|glutathione S-transferase-like,20210420,-
130825,121168478,LOC121168478,-,-,-,Un,-,glutathione S-transferase Mu 1-like,protein-coding,-,-,-,glutathione S-transferase Mu 1-like,20210420,-
130825,121168479,CLCN5,-,-,-,Un,-,chloride voltage-gated channel 5,protein-coding,-,-,-,H(+)/Cl(-) exchange transporter 5,20210420,-
130825,121168480,LOC121168480,-,-,-,Un,-,glutathione S-transferase Mu 1-like,protein-coding,-,-,-,glutathione S-transferase Mu 1-like,20210420,-
130825,121168481,LOC121168481,-,-,-,Un,-,glutathione S-transferase Mu 1-like,protein-coding,-,-,-,glutathione S-transferase Mu 1-like,20210420,-
130825,121168482,LOC121168482,-,-,-,Un,-,glutathione S-transferase Mu 1,protein-coding,-,-,-,glutathione S-transferase Mu 1|glutathione S-transferase,20210420,-
130825,121168483,PPP1R3F,-,-,-,Un,-,protein phosphatase 1 regulatory subunit 3F,protein-coding,-,-,-,protein phosphatase 1 regulatory subunit 3F,20210420,-
130825,121168484,LOC121168484,-,-,-,Un,-,glutathione S-transferase Mu 2-like,protein-coding,-,-,-,glutathione S-transferase Mu 1-like|glutathione S-transferase Mu 2-like,20210420,-
130825,121168485,LOC121168485,-,-,-,Un,-,glutathione S-transferase Mu 1-like,protein-coding,-,-,-,glutathione S-transferase Mu 1-like,20210420,-
130825,121168486,EFNA4,-,-,-,Un,-,ephrin A4,protein-coding,-,-,-,ephrin-A4,20210420,-
130825,121168487,TBX15,-,-,-,Un,-,T-box transcription factor 15,protein-coding,-,-,-,T-box transcription factor TBX15,20210420,-
130825,121168488,TRIM45,-,-,-,Un,-,tripartite motif containing 45,protein-coding,-,-,-,tripartite motif-containing protein 45,20210420,-
130825,121168489,CCDC22,-,-,-,Un,-,coiled-coil domain containing 22,protein-coding,-,-,-,coiled-coil domain-containing protein 22,20210420,-
130825,121168490,EXTL2,-,-,-,Un,-,exostosin like glycosyltransferase 2,protein-coding,-,-,-,exostosin-like 2,20210420,-
130825,121168491,BCL2L15,-,-,-,Un,-,BCL2 like 15,protein-coding,-,-,-,bcl-2-like protein 15,20210420,-
130825,121168492,CUNH1orf43,-,-,-,Un,-,chromosome unknown C1orf43 homolog,protein-coding,-,-,-,protein C1orf43 homolog,20210420,-
130825,121168493,RBM27,-,-,-,Un,-,RNA binding motif protein 27,protein-coding,-,-,-,RNA-binding protein 27,20210420,-
130825,121168494,CUNH1orf189,-,-,-,Un,-,chromosome unknown C1orf189 homolog,protein-coding,-,-,-,uncharacterized protein C1orf189 homolog,20210420,-
130825,121168495,FNBP1L,-,-,-,Un,-,formin binding protein 1 like,protein-coding,-,-,-,formin-binding protein 1-like,20210420,-
130825,121168496,SLC44A3,-,-,-,Un,-,solute carrier family 44 member 3,protein-coding,-,-,-,choline transporter-like protein 3,20210420,-
130825,121168497,FOXP3,-,-,-,Un,-,forkhead box P3,protein-coding,-,-,-,forkhead box protein P3,20210420,-
130825,121168498,HMGCS2,-,-,-,Un,-,3-hydroxy-3-methylglutaryl-CoA synthase 2,protein-coding,-,-,-,"hydroxymethylglutaryl-CoA synthase, mitochondrial",20210420,-
130825,121168499,SNX7,-,-,-,Un,-,sorting nexin 7,protein-coding,-,-,-,sorting nexin-7,20210420,-
130825,121168500,ATP5PB,-,-,-,Un,-,ATP synthase peripheral stalk-membrane subunit b,protein-coding,-,-,-,"ATP synthase F(0) complex subunit B1, mitochondrial",20210420,-
130825,121168501,RWDD3,-,-,-,Un,-,RWD domain containing 3,protein-coding,-,-,-,RWD domain-containing protein 3,20210420,-
130825,121168502,KCNA2,-,-,-,Un,-,potassium voltage-gated channel subfamily A member 2,protein-coding,-,-,-,potassium voltage-gated channel subfamily A member 2,20210420,-
130825,121168503,AMPD2,-,-,-,Un,-,adenosine monophosphate deaminase 2,protein-coding,-,-,-,AMP deaminase 2,20210420,-
130825,121168504,VAV3,-,-,-,Un,-,vav guanine nucleotide exchange factor 3,protein-coding,-,-,-,guanine nucleotide exchange factor VAV3,20210420,-
130825,121168505,CDC7,-,-,-,Un,-,cell division cycle 7,protein-coding,-,-,-,cell division cycle 7-related protein kinase,20210420,-
130825,121168506,RAP1A,-,-,-,Un,-,"RAP1A, member of RAS oncogene family",protein-coding,-,-,-,ras-related protein Rap-1A,20210501,-
130825,121168507,LOC121168507,-,-,-,Un,-,uncharacterized LOC121168507,ncRNA,-,-,-,-,20210420,-
130825,121168508,BCAS2,-,-,-,Un,-,BCAS2 pre-mRNA processing factor,protein-coding,-,-,-,pre-mRNA-splicing factor SPF27,20210420,-
130825,121168509,CUNH1orf162,-,-,-,Un,-,chromosome unknown C1orf162 homolog,protein-coding,-,-,-,transmembrane protein C1orf162 homolog,20210420,-
130825,121168510,LOC121168510,-,-,-,Un,-,3 beta-hydroxysteroid dehydrogenase/Delta 5-->4-isomerase-like,protein-coding,-,-,-,3 beta-hydroxysteroid dehydrogenase/Delta 5-->4-isomerase-like,20210420,-
130825,121168511,S100A10,-,-,-,Un,-,S100 calcium binding protein A10,protein-coding,-,-,-,protein S100-A10,20210420,-
130825,121168512,CA14,-,-,-,Un,-,carbonic anhydrase 14,protein-coding,-,-,-,carbonic anhydrase 14,20210420,-
130825,121168513,APH1A,-,-,-,Un,-,"aph-1 homolog A, gamma-secretase subunit",protein-coding,-,-,-,gamma-secretase subunit APH-1A,20210420,-
130825,121168514,SLC6A17,-,-,-,Un,-,solute carrier family 6 member 17,protein-coding,-,-,-,sodium-dependent neutral amino acid transporter SLC6A17,20210420,-
130825,121168515,PHGDH,-,-,-,Un,-,phosphoglycerate dehydrogenase,protein-coding,-,-,-,D-3-phosphoglycerate dehydrogenase,20210420,-
130825,121168516,TMOD4,-,-,-,Un,-,tropomodulin 4,protein-coding,-,-,-,tropomodulin-4,20210420,-
130825,121168517,SCNM1,-,-,-,Un,-,sodium channel modifier 1,protein-coding,-,-,-,sodium channel modifier 1,20210420,-
130825,121168518,LYSMD1,-,-,-,Un,-,LysM domain containing 1,protein-coding,-,-,-,lysM and putative peptidoglycan-binding domain-containing protein 1,20210420,-
130825,121168519,PALMD,-,-,-,Un,-,palmdelphin,protein-coding,-,-,-,palmdelphin,20210420,-
130825,121168520,S100A9,-,-,-,Un,-,S100 calcium binding protein A9,protein-coding,-,-,-,protein S100-A9,20210420,-
130825,121168521,POLR3C,-,-,-,Un,-,RNA polymerase III subunit C,protein-coding,-,-,-,DNA-directed RNA polymerase III subunit RPC3,20210420,-
130825,121168522,LOC121168522,-,-,-,Un,-,"pyruvate dehydrogenase [acetyl-transferring]-phosphatase 2, mitochondrial-like",pseudo,-,-,-,-,20210420,-
130825,121168523,PLPPR5,-,-,-,Un,-,phospholipid phosphatase related 5,protein-coding,-,-,-,phospholipid phosphatase-related protein type 5,20210420,-
130825,121168524,PRICKLE3,-,-,-,Un,-,prickle planar cell polarity protein 3,protein-coding,-,-,-,prickle planar cell polarity protein 3,20210420,-
130825,121168525,PLEKHO1,-,-,-,Un,-,pleckstrin homology domain containing O1,protein-coding,-,-,-,pleckstrin homology domain-containing family O member 1,20210420,-
130825,121168526,ILF2,-,-,-,Un,-,interleukin enhancer binding factor 2,protein-coding,-,-,-,interleukin enhancer-binding factor 2,20210420,-
130825,121168527,SNAPIN,-,-,-,Un,-,SNAP associated protein,protein-coding,-,-,-,SNARE-associated protein Snapin,20210420,-
130825,121168528,LMNA,-,-,-,Un,-,lamin A/C,protein-coding,-,-,-,lamin,20210420,-
130825,121168529,TAFA3,-,-,-,Un,-,TAFA chemokine like family member 3,protein-coding,-,-,-,chemokine-like protein TAFA-3,20210420,-
130825,121168530,RAB25,-,-,-,Un,-,"RAB25, member RAS oncogene family",protein-coding,-,-,-,ras-related protein Rab-25,20210420,-
130825,121168531,FAM189B,-,-,-,Un,-,family with sequence similarity 189 member B,protein-coding,-,-,-,protein FAM189B,20210420,-
130825,121168532,LOC121168532,-,-,-,Un,-,ubiquitin-conjugating enzyme E2 D3-like,pseudo,-,-,-,-,20210420,-
130825,121168533,MYBPHL,-,-,-,Un,-,myosin binding protein H like,protein-coding,-,-,-,myosin-binding protein H-like,20210420,-
130825,121168534,LOC121168534,-,-,-,Un,-,uncharacterized LOC121168534,ncRNA,-,-,-,-,20210420,-
130825,121168535,ANKRD34A,-,-,-,Un,-,ankyrin repeat domain 34A,protein-coding,-,-,-,ankyrin repeat domain-containing protein 34A,20210420,-
130825,121168536,POLR3GL,-,-,-,Un,-,RNA polymerase III subunit GL,protein-coding,-,-,-,DNA-directed RNA polymerase III subunit RPC7-like,20210420,-
130825,121168537,PLP2,-,-,-,Un,-,proteolipid protein 2,protein-coding,-,-,-,proteolipid protein 2,20210420,-
130825,121168538,WDR77,-,-,-,Un,-,WD repeat domain 77,protein-coding,-,-,-,methylosome protein 50,20210420,-
130825,121168539,PSMA5,-,-,-,Un,-,proteasome 20S subunit alpha 5,protein-coding,-,-,-,proteasome subunit alpha type-5,20210420,-
130825,121168540,DPM3,-,-,-,Un,-,"dolichyl-phosphate mannosyltransferase subunit 3, regulatory",protein-coding,-,-,-,dolichol-phosphate mannosyltransferase subunit 3,20210420,-
130825,121168541,WNT2B,-,-,-,Un,-,Wnt family member 2B,protein-coding,-,-,-,protein Wnt-2b,20210420,-
130825,121168542,AMIGO1,-,-,-,Un,-,adhesion molecule with Ig like domain 1,protein-coding,-,-,-,amphoterin-induced protein 1,20210420,-
130825,121168543,FNDC7,-,-,-,Un,-,fibronectin type III domain containing 7,protein-coding,-,-,-,fibronectin type III domain-containing protein 7,20210420,-
130825,121168544,CIART,-,-,-,Un,-,circadian associated repressor of transcription,protein-coding,-,-,-,circadian-associated transcriptional repressor,20210420,-
130825,121168545,DNTTIP2,-,-,-,Un,-,deoxynucleotidyltransferase terminal interacting protein 2,protein-coding,-,-,-,deoxynucleotidyltransferase terminal-interacting protein 2,20210420,-
130825,121168546,GPKOW,-,-,-,Un,-,G-patch domain and KOW motifs,protein-coding,-,-,-,G-patch domain and KOW motifs-containing protein,20210420,-
130825,121168547,S100A13,-,-,-,Un,-,S100 calcium binding protein A13,protein-coding,-,-,-,protein S100-A13,20210420,-
130825,121168548,KYAT3,-,-,-,Un,-,kynurenine aminotransferase 3,protein-coding,-,-,-,kynurenine--oxoglutarate transaminase 3,20210420,-
130825,121168549,KCNC4,-,-,-,Un,-,potassium voltage-gated channel subfamily C member 4,protein-coding,-,-,-,potassium voltage-gated channel subfamily C member 4,20210420,-
130825,121168550,LOC121168550,-,-,-,Un,-,probable bifunctional dTTP/UTP pyrophosphatase/methyltransferase protein,protein-coding,-,-,-,probable bifunctional dTTP/UTP pyrophosphatase/methyltransferase protein,20210420,-
130825,121168551,LOC121168551,-,-,-,Un,-,serine/threonine-protein phosphatase 2A regulatory subunit B'' subunit beta-like,protein-coding,-,-,-,serine/threonine-protein phosphatase 2A regulatory subunit B'' subunit beta-like,20210420,-
130825,121168552,FLAD1,-,-,-,Un,-,flavin adenine dinucleotide synthetase 1,protein-coding,-,-,-,FAD synthase,20210420,-
130825,121168553,GATA1,-,-,-,Un,-,GATA binding protein 1,protein-coding,-,-,-,erythroid transcription factor,20210420,-
130825,121168554,LOC121168554,-,-,-,Un,-,lens epithelial protein,protein-coding,-,-,-,lens epithelial cell protein LEP503,20210420,-
130825,121168555,TNFAIP8L2,-,-,-,Un,-,TNF alpha induced protein 8 like 2,protein-coding,-,-,-,tumor necrosis factor alpha-induced protein 8-like protein 2,20210420,-
130825,121168556,LOC121168556,-,-,-,Un,-,ADP-ribosylation factor 1,protein-coding,-,-,-,ADP-ribosylation factor 1,20210424,-
130825,121168557,GFI1,-,-,-,Un,-,growth factor independent 1 transcriptional repressor,protein-coding,-,-,-,zinc finger protein Gfi-1,20210420,-
130825,121168558,MRPL9,-,-,-,Un,-,mitochondrial ribosomal protein L9,protein-coding,-,-,-,"39S ribosomal protein L9, mitochondrial",20210420,-
130825,121168559,CUNH1orf146,-,-,-,Un,-,chromosome unknown C1orf146 homolog,protein-coding,-,-,-,protein SPO16 homolog,20210420,-
130825,121168560,GLOD5,-,-,-,Un,-,glyoxalase domain containing 5,protein-coding,-,-,-,glyoxalase domain-containing protein 5,20210420,-
130825,121168561,CHRNB2,-,-,-,Un,-,cholinergic receptor nicotinic beta 2 subunit,protein-coding,-,-,-,neuronal acetylcholine receptor subunit beta-2,20210420,-
130825,121168562,FRRS1,-,-,-,Un,-,ferric chelate reductase 1,protein-coding,-,-,-,ferric-chelate reductase 1,20210420,-
130825,121168563,GPATCH4,-,-,-,Un,-,G-patch domain containing 4,protein-coding,-,-,-,G patch domain-containing protein 4,20210420,-
130825,121168564,NAXE,-,-,-,Un,-,NAD(P)HX epimerase,protein-coding,-,-,-,NAD(P)H-hydrate epimerase,20210420,-
130825,121168565,CLCC1,-,-,-,Un,-,chloride channel CLIC like 1,protein-coding,-,-,-,chloride channel CLIC-like protein 1,20210420,-
130825,121168566,HCN3,-,-,-,Un,-,hyperpolarization activated cyclic nucleotide gated potassium channel 3,protein-coding,-,-,-,potassium/sodium hyperpolarization-activated cyclic nucleotide-gated channel 3,20210420,-
130825,121168567,S100A11,-,-,-,Un,-,S100 calcium binding protein A11,protein-coding,-,-,-,protein S100-A11,20210420,-
130825,121168568,RFX5,-,-,-,Un,-,regulatory factor X5,protein-coding,-,-,-,DNA-binding protein RFX5,20210420,-
130825,121168569,LOC121168569,-,-,-,Un,-,uncharacterized LOC121168569,ncRNA,-,-,-,-,20210420,-
130825,121168570,LOC121168570,-,-,-,Un,-,chymosin-like,protein-coding,-,-,-,chymosin-like,20210420,-
130825,121168571,LMO4,-,-,-,Un,-,LIM domain only 4,protein-coding,-,-,-,LIM domain transcription factor LMO4,20210501,-
130825,121168572,TCHH,-,-,-,Un,-,trichohyalin,protein-coding,-,-,-,trichohyalin,20210420,-
130825,121168573,GOLPH3L,-,-,-,Un,-,golgi phosphoprotein 3 like,protein-coding,-,-,-,Golgi phosphoprotein 3-like,20210420,-
130825,121168574,PSRC1,-,-,-,Un,-,proline and serine rich coiled-coil 1,protein-coding,-,-,-,proline/serine-rich coiled-coil protein 1,20210420,-
130825,121168575,HDAC6,-,-,-,Un,-,histone deacetylase 6,protein-coding,-,-,-,histone deacetylase 6,20210420,-
130825,121168576,LAMTOR5,-,-,-,Un,-,"late endosomal/lysosomal adaptor, MAPK and MTOR activator 5",protein-coding,-,-,-,ragulator complex protein LAMTOR5,20210501,-
130825,121168577,LOC121168577,-,-,-,Un,-,guanylate-binding protein 4-like,protein-coding,-,-,-,guanylate-binding protein 4-like,20210420,-
130825,121168578,LOC121168578,-,-,-,Un,-,guanylate-binding protein 4-like,protein-coding,-,-,-,guanylate-binding protein 4-like,20210420,-
130825,121168579,PIFO,-,-,-,Un,-,primary cilia formation,protein-coding,-,-,-,protein pitchfork,20210420,-
130825,121168580,BCAR3,-,-,-,Un,-,"BCAR3 adaptor protein, NSP family member",protein-coding,-,-,-,breast cancer anti-estrogen resistance protein 3,20210420,-
130825,121168581,CTXND2,-,-,-,Un,-,cortexin domain containing 2,protein-coding,-,-,-,cortexin domain containing 2,20210420,-
130825,121168582,HAPLN2,-,-,-,Un,-,hyaluronan and proteoglycan link protein 2,protein-coding,-,-,-,hyaluronan and proteoglycan link protein 2,20210420,-
130825,121168583,BCAN,-,-,-,Un,-,brevican,protein-coding,-,-,-,brevican core protein,20210420,-
130825,121168584,PQBP1,-,-,-,Un,-,polyglutamine binding protein 1,protein-coding,-,-,-,polyglutamine-binding protein 1,20210420,-
130825,121168585,LOC121168585,-,-,-,Un,-,uncharacterized LOC121168585,ncRNA,-,-,-,-,20210420,-
130825,121168586,LOC121168586,-,-,-,Un,-,uncharacterized LOC121168586,ncRNA,-,-,-,-,20210420,-
130825,121168587,SHE,-,-,-,Un,-,Src homology 2 domain containing E,protein-coding,-,-,-,SH2 domain-containing adapter protein E,20210420,-
130825,121168588,VPS72,-,-,-,Un,-,vacuolar protein sorting 72 homolog,protein-coding,-,-,-,vacuolar protein sorting-associated protein 72 homolog,20210420,-
130825,121168589,FMO5,-,-,-,Un,-,flavin containing dimethylaniline monoxygenase 5,protein-coding,-,-,-,flavin-containing monooxygenase 5,20210420,-
130825,121168590,PRR9,-,-,-,Un,-,proline rich 9,protein-coding,-,-,-,proline-rich protein 9,20210420,-
130825,121168591,CTTNBP2NL,-,-,-,Un,-,CTTNBP2 N-terminal like,protein-coding,-,-,-,CTTNBP2 N-terminal-like protein,20210420,-
130825,121168592,UBQLN4,-,-,-,Un,-,ubiquilin 4,protein-coding,-,-,-,ubiquilin-4,20210420,-
130825,121168593,S100A16,-,-,-,Un,-,S100 calcium binding protein A16,protein-coding,-,-,-,protein S100-A16,20210529,-
130825,121168594,SSR2,-,-,-,Un,-,signal sequence receptor subunit 2,protein-coding,-,-,-,translocon-associated protein subunit beta,20210420,-
130825,121168595,ADAM15,-,-,-,Un,-,ADAM metallopeptidase domain 15,protein-coding,-,-,-,disintegrin and metalloproteinase domain-containing protein 15,20210420,-
130825,121168596,DDX20,-,-,-,Un,-,DEAD-box helicase 20,protein-coding,-,-,-,probable ATP-dependent RNA helicase DDX20,20210420,-
130825,121168597,CSDE1,-,-,-,Un,-,cold shock domain containing E1,protein-coding,-,-,-,cold shock domain-containing protein E1,20210420,-
130825,121168598,NRAS,-,-,-,Un,-,"NRAS proto-oncogene, GTPase",protein-coding,-,-,-,GTPase NRas,20210522,-
130825,121168599,S100A1,-,-,-,Un,-,S100 calcium binding protein A1,protein-coding,-,-,-,protein S100-A1,20210420,-
130825,121168600,PTBP2,-,-,-,Un,-,polypyrimidine tract binding protein 2,protein-coding,-,-,-,polypyrimidine tract-binding protein 2,20210420,-
130825,121168601,TIMM17B,-,-,-,Un,-,translocase of inner mitochondrial membrane 17B,protein-coding,-,-,-,mitochondrial import inner membrane translocase subunit Tim17-B,20210420,-
130825,121168602,LOC121168602,-,-,-,Un,-,uncharacterized LOC121168602,ncRNA,-,-,-,-,20210420,-
130825,121168603,PEX11B,-,-,-,Un,-,peroxisomal biogenesis factor 11 beta,protein-coding,-,-,-,peroxisomal membrane protein 11B,20210420,-
130825,121168604,LOC121168604,-,-,-,Un,-,uncharacterized LOC121168604,ncRNA,-,-,-,-,20210420,-
130825,121168605,GJA8,-,-,-,Un,-,gap junction protein alpha 8,protein-coding,-,-,-,gap junction alpha-8 protein,20210420,-
130825,121168606,LOC121168606,-,-,-,Un,-,40S ribosomal protein S23-like,protein-coding,-,-,-,40S ribosomal protein S23-like,20210420,-
130825,121168607,EPHX4,-,-,-,Un,-,epoxide hydrolase 4,protein-coding,-,-,-,epoxide hydrolase 4,20210420,-
130825,121168608,EFNA3,-,-,-,Un,-,ephrin A3,protein-coding,-,-,-,ephrin-A3,20210420,-
130825,121168609,SLC35A2,-,-,-,Un,-,solute carrier family 35 member A2,protein-coding,-,-,-,UDP-galactose translocator,20210420,-
130825,121168610,PSMB4,-,-,-,Un,-,proteasome 20S subunit beta 4,protein-coding,-,-,-,proteasome subunit beta type-4,20210420,-
130825,121168611,GPSM2,-,-,-,Un,-,G protein signaling modulator 2,protein-coding,-,-,-,G-protein-signaling modulator 2,20210420,-
130825,121168612,HJV,-,-,-,Un,-,hemojuvelin BMP co-receptor,protein-coding,-,-,-,hemojuvelin,20210420,-
130825,121168613,KCNA10,-,-,-,Un,-,potassium voltage-gated channel subfamily A member 10,protein-coding,-,-,-,potassium voltage-gated channel subfamily A member 10,20210420,-
130825,121168614,LOC121168614,-,-,-,Un,-,sperm mitochondria associated cysteine rich protein,protein-coding,-,-,-,sperm mitochondrial-associated cysteine-rich protein,20210420,-
130825,121168615,NGF,-,-,-,Un,-,nerve growth factor,protein-coding,-,-,-,beta-nerve growth factor,20210420,-
130825,121168616,SIKE1,-,-,-,Un,-,suppressor of IKBKE 1,protein-coding,-,-,-,suppressor of IKBKE 1,20210420,-
130825,121168617,ACP6,-,-,-,Un,-,"acid phosphatase 6, lysophosphatidic",protein-coding,-,-,-,lysophosphatidic acid phosphatase type 6,20210420,-
130825,121168618,LOC121168618,-,-,-,Un,-,60S ribosomal protein L9-like,pseudo,-,-,-,-,20210420,-
130825,121168619,CNN3,-,-,-,Un,-,calponin 3,protein-coding,-,-,-,calponin-3,20210420,-
130825,121168620,CELSR2,-,-,-,Un,-,cadherin EGF LAG seven-pass G-type receptor 2,protein-coding,-,-,-,cadherin EGF LAG seven-pass G-type receptor 2,20210420,-
130825,121168621,LRRC8C,-,-,-,Un,-,leucine rich repeat containing 8 VRAC subunit C,protein-coding,-,-,-,volume-regulated anion channel subunit LRRC8C,20210420,-
130825,121168622,LOC121168622,-,-,-,Un,-,NADH dehydrogenase [ubiquinone] 1 alpha subcomplex subunit 6-like,pseudo,-,-,-,-,20210420,-
130825,121168623,GBP1,-,-,-,Un,-,guanylate binding protein 1,protein-coding,-,-,-,guanylate-binding protein 1,20210420,-
130825,121168624,SPRR1B,-,-,-,Un,-,small proline rich protein 1B,protein-coding,-,-,-,cornifin-B,20210420,-
130825,121168625,LOC121168625,-,-,-,Un,-,high affinity immunoglobulin gamma Fc receptor I-like,protein-coding,-,-,-,high affinity immunoglobulin gamma Fc receptor I-like,20210420,-
130825,121168626,SF3B4,-,-,-,Un,-,splicing factor 3b subunit 4,protein-coding,-,-,-,splicing factor 3B subunit 4,20210522,-
130825,121168627,TSPAN2,-,-,-,Un,-,tetraspanin 2,protein-coding,-,-,-,tetraspanin-2,20210420,-
130825,121168628,LOC121168628,-,-,-,Un,-,histone H2A type 2-A,protein-coding,-,-,-,histone H2A type 1|histone H2A type 2-A,20210425,-
130825,121168629,LOC121168629,-,-,-,Un,-,cornifin-B-like,protein-coding,-,-,-,cornifin-B-like,20210420,-
130825,121168630,TRIM33,-,-,-,Un,-,tripartite motif containing 33,protein-coding,-,-,-,E3 ubiquitin-protein ligase TRIM33,20210420,-
130825,121168631,LOC121168631,-,-,-,Un,-,protein S100-A12,protein-coding,-,-,-,protein S100-A12,20210420,-
130825,121168632,THEM4,-,-,-,Un,-,thioesterase superfamily member 4,protein-coding,-,-,-,acyl-coenzyme A thioesterase THEM4,20210420,-
130825,121168633,PIM2,-,-,-,Un,-,"Pim-2 proto-oncogene, serine/threonine kinase",protein-coding,-,-,-,serine/threonine-protein kinase pim-2,20210420,-
130825,121168634,MRPS21,-,-,-,Un,-,mitochondrial ribosomal protein S21,protein-coding,-,-,-,"28S ribosomal protein S21, mitochondrial",20210420,-
130825,121168635,PROK1,-,-,-,Un,-,prokineticin 1,protein-coding,-,-,-,prokineticin-1,20210420,-
130825,121168636,VANGL1,-,-,-,Un,-,VANGL planar cell polarity protein 1,protein-coding,-,-,-,vang-like protein 1,20210420,-
130825,121168637,TMEM79,-,-,-,Un,-,transmembrane protein 79,protein-coding,-,-,-,transmembrane protein 79,20210420,-
130825,121168638,RUSC1,-,-,-,Un,-,RUN and SH3 domain containing 1,protein-coding,-,-,-,RUN and SH3 domain-containing protein 1,20210420,-
130825,121168639,S100A8,-,-,-,Un,-,S100 calcium binding protein A8,protein-coding,-,-,-,protein S100-A8,20210420,-
130825,121168640,CREB3L4,-,-,-,Un,-,cAMP responsive element binding protein 3 like 4,protein-coding,-,-,-,cyclic AMP-responsive element-binding protein 3-like protein 4,20210420,-
130825,121168641,OTUD5,-,-,-,Un,-,OTU deubiquitinase 5,protein-coding,-,-,-,OTU domain-containing protein 5,20210420,-
130825,121168642,JTB,-,-,-,Un,-,jumping translocation breakpoint,protein-coding,-,-,-,protein JTB,20210420,-
130825,121168643,ATXN7L2,-,-,-,Un,-,ataxin 7 like 2,protein-coding,-,-,-,ataxin-7-like protein 2,20210420,-
130825,121168644,IGSF3,-,-,-,Un,-,immunoglobulin superfamily member 3,protein-coding,-,-,-,immunoglobulin superfamily member 3,20210420,-
130825,121168645,S100A14,-,-,-,Un,-,S100 calcium binding protein A14,protein-coding,-,-,-,protein S100-A14,20210420,-
130825,121168646,NUP210L,-,-,-,Un,-,nucleoporin 210 like,protein-coding,-,-,-,nuclear pore membrane glycoprotein 210-like,20210420,-
130825,121168647,GPR61,-,-,-,Un,-,G protein-coupled receptor 61,protein-coding,-,-,-,G-protein coupled receptor 61,20210420,-
130825,121168648,FDPS,-,-,-,Un,-,farnesyl diphosphate synthase,protein-coding,-,-,-,farnesyl pyrophosphate synthase,20210420,-
130825,121168649,SYT11,-,-,-,Un,-,synaptotagmin 11,protein-coding,-,-,-,synaptotagmin-11,20210420,-
130825,121168650,PRMT6,-,-,-,Un,-,protein arginine methyltransferase 6,protein-coding,-,-,-,protein arginine N-methyltransferase 6,20210420,-
130825,121168651,CUNH1orf194,-,-,-,Un,-,chromosome unknown C1orf194 homolog,protein-coding,-,-,-,protein C1orf194 homolog,20210420,-
130825,121168652,PPM1J,-,-,-,Un,-,"protein phosphatase, Mg2+/Mn2+ dependent 1J",protein-coding,-,-,-,protein phosphatase 1J,20210420,-
130825,121168653,BTBD8,-,-,-,Un,-,BTB domain containing 8,protein-coding,-,-,-,BTB/POZ domain-containing protein 8,20210420,-
130825,121168654,SLC50A1,-,-,-,Un,-,solute carrier family 50 member 1,protein-coding,-,-,-,sugar transporter SWEET1,20210420,-
130825,121168655,EFNA1,-,-,-,Un,-,ephrin A1,protein-coding,-,-,-,ephrin-A1,20210420,-
130825,121168656,ARHGAP29,-,-,-,Un,-,Rho GTPase activating protein 29,protein-coding,-,-,-,rho GTPase-activating protein 29,20210420,-
130825,121168657,PHTF1,-,-,-,Un,-,putative homeodomain transcription factor 1,protein-coding,-,-,-,protein PHTF1,20210420,-
130825,121168658,RSBN1,-,-,-,Un,-,round spermatid basic protein 1,protein-coding,-,-,-,lysine-specific demethylase 9,20210420,-
130825,121168659,GRIPAP1,-,-,-,Un,-,GRIP1 associated protein 1,protein-coding,-,-,-,GRIP1-associated protein 1,20210420,-
130825,121168660,NOTCH2,-,-,-,Un,-,notch receptor 2,protein-coding,-,-,-,neurogenic locus notch homolog protein 2,20210420,-
130825,121168661,ALX3,-,-,-,Un,-,ALX homeobox 3,protein-coding,-,-,-,homeobox protein aristaless-like 3,20210420,-
130825,121168662,RBM8A,-,-,-,Un,-,RNA binding motif protein 8A,protein-coding,-,-,-,RNA-binding protein 8A,20210522,-
130825,121168663,SLC27A3,-,-,-,Un,-,solute carrier family 27 member 3,protein-coding,-,-,-,solute carrier family 27 member 3,20210420,-
130825,121168664,LAMTOR2,-,-,-,Un,-,"late endosomal/lysosomal adaptor, MAPK and MTOR activator 2",protein-coding,-,-,-,ragulator complex protein LAMTOR2,20210529,-
130825,121168665,ECM1,-,-,-,Un,-,extracellular matrix protein 1,protein-coding,-,-,-,extracellular matrix protein 1,20210420,-
130825,121168666,LOC121168666,-,-,-,Un,-,40S ribosomal protein SA-like,pseudo,-,-,-,-,20210420,-
130825,121168667,LOC121168667,-,-,-,Un,-,uncharacterized LOC121168667,ncRNA,-,-,-,-,20210420,-
130825,121168668,LOC121168668,-,-,-,Un,-,uncharacterized LOC121168668,ncRNA,-,-,-,-,20210420,-
130825,121168669,LOC121168669,-,-,-,Un,-,guanylate-binding protein 5-like,protein-coding,-,-,-,guanylate-binding protein 5-like,20210420,-
130825,121168670,ST7L,-,-,-,Un,-,suppression of tumorigenicity 7 like,protein-coding,-,-,-,suppressor of tumorigenicity 7 protein-like,20210420,-
130825,121168671,CAPZA1,-,-,-,Un,-,capping actin protein of muscle Z-line subunit alpha 1,protein-coding,-,-,-,F-actin-capping protein subunit alpha-1,20210420,-
130825,121168672,PRKAB2,-,-,-,Un,-,protein kinase AMP-activated non-catalytic subunit beta 2,protein-coding,-,-,-,5'-AMP-activated protein kinase subunit beta-2,20210420,-
130825,121168673,PKN2,-,-,-,Un,-,protein kinase N2,protein-coding,-,-,-,serine/threonine-protein kinase N2,20210420,-
130825,121168674,TGFBR3,-,-,-,Un,-,transforming growth factor beta receptor 3,protein-coding,-,-,-,transforming growth factor beta receptor type 3,20210420,-
130825,121168675,IL6R,-,-,-,Un,-,interleukin 6 receptor,protein-coding,-,-,-,interleukin-6 receptor subunit alpha,20210420,-
130825,121168676,PMVK,-,-,-,Un,-,phosphomevalonate kinase,protein-coding,-,-,-,phosphomevalonate kinase,20210420,-
130825,121168677,CRNN,-,-,-,Un,-,cornulin,protein-coding,-,-,-,cornulin,20210420,-
130825,121168678,SLC16A1,-,-,-,Un,-,solute carrier family 16 member 1,protein-coding,-,-,-,monocarboxylate transporter 1,20210420,-
130825,121168679,LOC121168679,-,-,-,Un,-,tRNA 2'-phosphotransferase 1-like,pseudo,-,-,-,-,20210420,-
130825,121168680,LOC121168680,-,-,-,Un,-,"POU domain, class 5, transcription factor 1-like",pseudo,-,-,-,-,20210420,-
130825,121168681,LOC121168681,-,-,-,Un,-,protein sprouty homolog 2-like,pseudo,-,-,-,-,20210420,-
130825,121168682,LOC121168682,-,-,-,Un,-,60S acidic ribosomal protein P1-like,pseudo,-,-,-,-,20210420,-
130825,121168683,LOC121168683,-,-,-,Un,-,translation machinery-associated protein 7-like,pseudo,-,-,-,-,20210420,-
130825,121168684,LOC121168684,-,-,-,Un,-,carnosine N-methyltransferase-like,pseudo,-,-,-,-,20210420,-
130825,121168685,LIX1L,-,-,-,Un,-,limb and CNS expressed 1 like,protein-coding,-,-,-,LIX1-like protein,20210420,-
130825,121168686,LOC121168686,-,-,-,Un,-,nibrin-like,protein-coding,-,-,-,nibrin-like,20210420,-
130825,121168687,LOC121168687,-,-,-,Un,-,neuroblastoma breakpoint family member 6-like protein,protein-coding,-,-,-,neuroblastoma breakpoint family member 6-like protein,20210420,-
130825,121168688,S100A5,-,-,-,Un,-,S100 calcium binding protein A5,protein-coding,-,-,-,protein S100-A5,20210420,-
130825,121168689,LOC121168689,-,-,-,Un,-,ORM1-like protein 2,pseudo,-,-,-,-,20210420,-
130825,121168690,LOC121168690,-,-,-,Un,-,40S ribosomal protein SA-like,pseudo,-,-,-,-,20210420,-
130825,121168691,HFM1,-,-,-,Un,-,helicase for meiosis 1,protein-coding,-,-,-,LOW QUALITY PROTEIN: probable ATP-dependent DNA helicase HFM1,20210420,-
130825,121168692,LOC121168692,-,-,-,Un,-,proline-rich protein 2-like,protein-coding,-,-,-,proline-rich protein 2-like,20210420,-
130825,121168693,LOC121168693,-,-,-,Un,-,uncharacterized LOC121168693,ncRNA,-,-,-,-,20210420,-
130825,121168694,LOC121168694,-,-,-,Un,-,40S ribosomal protein S29-like,pseudo,-,-,-,-,20210420,-
130825,121168695,LOC121168695,-,-,-,Un,-,serine/threonine-protein phosphatase PP1-gamma catalytic subunit-like,pseudo,-,-,-,-,20210420,-
130825,121168696,ABCA4,-,-,-,Un,-,ATP binding cassette subfamily A member 4,protein-coding,-,-,-,retinal-specific phospholipid-transporting ATPase ABCA4,20210420,-
130825,121168697,LOC121168697,-,-,-,Un,-,E3 ubiquitin-protein ligase RNF144B-like,pseudo,-,-,-,-,20210420,-
130825,121168698,LOC121168698,-,-,-,Un,-,zinc finger CW-type PWWP domain protein 1-like,pseudo,-,-,-,-,20210420,-
130825,121168699,LOC121168699,-,-,-,Un,-,dnaJ homolog subfamily B member 6-like,pseudo,-,-,-,-,20210420,-
130825,121168700,MAN1A2,-,-,-,Un,-,mannosidase alpha class 1A member 2,protein-coding,-,-,-,"mannosyl-oligosaccharide 1,2-alpha-mannosidase IB",20210420,-
130825,121168701,CASQ2,-,-,-,Un,-,calsequestrin 2,protein-coding,-,-,-,calsequestrin-2,20210420,-
130825,121168702,TFE3,-,-,-,Un,-,transcription factor binding to IGHM enhancer 3,protein-coding,-,-,-,transcription factor E3,20210420,-
130825,121168703,BNIPL,-,-,-,Un,-,BCL2 interacting protein like,protein-coding,-,-,-,bcl-2/adenovirus E1B 19 kDa-interacting protein 2-like protein,20210420,-
130825,121168704,LOC121168704,-,-,-,Un,-,ATP-dependent RNA helicase DDX18-like,pseudo,-,-,-,-,20210420,-
130825,121168705,TUFT1,-,-,-,Un,-,tuftelin 1,protein-coding,-,-,-,tuftelin,20210420,-
130825,121168706,BARHL2,-,-,-,Un,-,BarH like homeobox 2,protein-coding,-,-,-,barH-like 2 homeobox protein,20210420,-
130825,121168707,LOC121168707,-,-,-,Un,-,60S ribosomal protein L31-like,pseudo,-,-,-,-,20210420,-
130825,121168708,TENT5C,-,-,-,Un,-,terminal nucleotidyltransferase 5C,protein-coding,-,-,-,terminal nucleotidyltransferase 5C,20210420,-
130825,121168709,LOC121168709,-,-,-,Un,-,calcium-binding mitochondrial carrier protein SCaMC-1-like,protein-coding,-,-,-,calcium-binding mitochondrial carrier protein SCaMC-1-like,20210420,-
130825,121168710,HENMT1,-,-,-,Un,-,HEN methyltransferase 1,protein-coding,-,-,-,small RNA 2'-O-methyltransferase,20210420,-
130825,121168711,AKNAD1,-,-,-,Un,-,AKNA domain containing 1,protein-coding,-,-,-,protein AKNAD1,20210420,-
130825,121168712,ASH1L,-,-,-,Un,-,ASH1 like histone lysine methyltransferase,protein-coding,-,-,-,histone-lysine N-methyltransferase ASH1L,20210420,-
130825,121168713,GON4L,-,-,-,Un,-,gon-4 like,protein-coding,-,-,-,GON-4-like protein,20210420,-
130825,121168714,CCDC120,-,-,-,Un,-,coiled-coil domain containing 120,protein-coding,-,-,-,coiled-coil domain-containing protein 120,20210420,-
130825,121168715,YY1AP1,-,-,-,Un,-,YY1 associated protein 1,protein-coding,-,-,-,LOW QUALITY PROTEIN: YY1-associated protein 1,20210420,-
130825,121168716,MSTO1,-,-,-,Un,-,misato mitochondrial distribution and morphology regulator 1,protein-coding,-,-,-,protein misato homolog 1,20210420,-
130825,121168717,DAP3,-,-,-,Un,-,death associated protein 3,protein-coding,-,-,-,"28S ribosomal protein S29, mitochondrial",20210420,-
130825,121168718,LOC121168718,-,-,-,Un,-,uncharacterized LOC121168718,ncRNA,-,-,-,-,20210420,-
130825,121168719,LOC121168719,-,-,-,Un,-,calmodulin-1-like,pseudo,-,-,-,-,20210420,-
130825,121168720,EPS8L3,-,-,-,Un,-,EPS8 like 3,protein-coding,-,-,-,epidermal growth factor receptor kinase substrate 8-like protein 3,20210420,-
130825,121168721,LOC121168721,-,-,-,Un,-,nascent polypeptide-associated complex subunit alpha-like,pseudo,-,-,-,-,20210420,-
130825,121168722,SLC16A4,-,-,-,Un,-,solute carrier family 16 member 4,protein-coding,-,-,-,LOW QUALITY PROTEIN: monocarboxylate transporter 5,20210420,-
130825,121168723,LOC121168723,-,-,-,Un,-,protein phosphatase 1 regulatory subunit 14B-like,pseudo,-,-,-,-,20210420,-
130825,121168724,LOC121168724,-,-,-,Un,-,elongation factor 1-alpha 1-like,pseudo,-,-,-,-,20210420,-
130825,121168725,LOC121168725,-,-,-,Un,-,uncharacterized LOC121168725,ncRNA,-,-,-,-,20210420,-
130825,121168726,LOC121168726,-,-,-,Un,-,polycomb protein EED-like,pseudo,-,-,-,-,20210420,-
130825,121168727,LOC121168727,-,-,-,Un,-,transcription factor Spi-C-like,pseudo,-,-,-,-,20210420,-
130825,121168728,LOC121168728,-,-,-,Un,-,bile acid receptor-like,protein-coding,-,-,-,bile acid receptor-like,20210420,-
130825,121168729,LOC121168729,-,-,-,Un,-,vasculin-like protein 1,pseudo,-,-,-,-,20210420,-
130825,121168730,LOC121168730,-,-,-,Un,-,small nuclear ribonucleoprotein-associated protein B-like,pseudo,-,-,-,-,20210420,-
130825,121168731,WDR45,-,-,-,Un,-,WD repeat domain 45,protein-coding,-,-,-,WD repeat domain phosphoinositide-interacting protein 4,20210420,-
130825,121168732,GJA5,-,-,-,Un,-,gap junction protein alpha 5,protein-coding,-,-,-,gap junction alpha-5 protein,20210420,-
130825,121168733,PTGFRN,-,-,-,Un,-,prostaglandin F2 receptor inhibitor,protein-coding,-,-,-,prostaglandin F2 receptor negative regulator,20210420,-
130825,121168734,CD101,-,-,-,Un,-,CD101 molecule,protein-coding,-,-,-,immunoglobulin superfamily member 2,20210420,-
130825,121168735,LOC121168735,-,-,-,Un,-,N-alpha-acetyltransferase 50-like,pseudo,-,-,-,-,20210420,-
130825,121168736,LOC121168736,-,-,-,Un,-,60S ribosomal protein L31-like,pseudo,-,-,-,-,20210420,-
130825,121168737,CRABP2,-,-,-,Un,-,cellular retinoic acid binding protein 2,protein-coding,-,-,-,cellular retinoic acid-binding protein 2,20210420,-
130825,121168738,LOC121168738,-,-,-,Un,-,"ATP synthase F(0) complex subunit B1, mitochondrial-like",pseudo,-,-,-,-,20210420,-
130825,121168739,REG4,-,-,-,Un,-,regenerating family member 4,protein-coding,-,-,-,regenerating islet-derived protein 4,20210420,-
130825,121168740,ADAM30,-,-,-,Un,-,ADAM metallopeptidase domain 30,protein-coding,-,-,-,disintegrin and metalloproteinase domain-containing protein 30,20210420,-
130825,121168741,LOC121168741,-,-,-,Un,-,melanoma antigen preferentially expressed in tumors-like,pseudo,-,-,-,-,20210420,-
130825,121168742,LOC121168742,-,-,-,Un,-,olfactory receptor-like protein COR9,pseudo,-,-,-,-,20210420,-
130825,121168743,THEM5,-,-,-,Un,-,thioesterase superfamily member 5,protein-coding,-,-,-,acyl-coenzyme A thioesterase THEM5,20210420,-
130825,121168744,LOC121168744,-,-,-,Un,-,olfactory receptor 1052-like,protein-coding,-,-,-,olfactory receptor 1052-like,20210420,-
130825,121168745,LOC121168745,-,-,-,Un,-,olfactory receptor 5V1-like,protein-coding,-,-,-,olfactory receptor 5V1-like,20210420,-
130825,121168746,CD160,-,-,-,Un,-,CD160 molecule,protein-coding,-,-,-,CD160 antigen,20210420,-
130825,121168747,LOC121168747,-,-,-,Un,-,"adenylate kinase 4, mitochondrial-like",pseudo,-,-,-,-,20210420,-
130825,121168748,LOC121168748,-,-,-,Un,-,E3 SUMO-protein ligase PIAS3-like,protein-coding,-,-,-,E3 SUMO-protein ligase PIAS3-like,20210420,-
130825,121168749,LOC121168749,-,-,-,Un,-,serine/threonine-protein kinase VRK1-like,pseudo,-,-,-,-,20210420,-
130825,121168750,LOC121168750,-,-,-,Un,-,translin-associated protein X-like,pseudo,-,-,-,-,20210420,-
130825,121168751,LOC121168751,-,-,-,Un,-,translin-associated protein X-like,pseudo,-,-,-,-,20210420,-
130825,121168752,LOC121168752,-,-,-,Un,-,high affinity immunoglobulin gamma Fc receptor I-like,protein-coding,-,-,-,high affinity immunoglobulin gamma Fc receptor I-like,20210420,-
130825,121168753,LOC121168753,-,-,-,Un,-,uncharacterized LOC121168753,protein-coding,-,-,-,uncharacterized protein LOC121168753,20210420,-
130825,121168754,LOC121168754,-,-,-,Un,-,ubiquitin-like protein FUBI,pseudo,-,-,-,-,20210420,-
130825,121168755,PRAF2,-,-,-,Un,-,PRA1 domain family member 2,protein-coding,-,-,-,PRA1 family protein 2,20210420,-
130825,121168756,HORMAD1,-,-,-,Un,-,HORMA domain containing 1,protein-coding,-,-,-,HORMA domain-containing protein 1,20210420,-
130825,121168757,RIIAD1,-,-,-,Un,-,regulatory subunit of type II PKA R-subunit domain containing 1,protein-coding,-,-,-,RIIa domain-containing protein 1,20210420,-
130825,121168758,CUNH1orf56,-,-,-,Un,-,chromosome unknown C1orf56 homolog,protein-coding,-,-,-,protein MENT,20210420,-
130825,121168759,OAZ3,-,-,-,Un,-,ornithine decarboxylase antizyme 3,protein-coding,-,-,-,LOW QUALITY PROTEIN: ornithine decarboxylase antizyme 3,20210420,-
130825,121168760,SYPL2,-,-,-,Un,-,synaptophysin like 2,protein-coding,-,-,-,synaptophysin-like protein 2,20210420,-
130825,121168761,RORC,-,-,-,Un,-,RAR related orphan receptor C,protein-coding,-,-,-,nuclear receptor ROR-gamma,20210420,-
130825,121168762,LOC121168762,-,-,-,Un,-,density-regulated protein-like,pseudo,-,-,-,-,20210420,-
130825,121168763,TCHHL1,-,-,-,Un,-,trichohyalin like 1,protein-coding,-,-,-,trichohyalin-like protein 1,20210420,-
130825,121168764,RPTN,-,-,-,Un,-,repetin,protein-coding,-,-,-,repetin,20210420,-
130825,121168765,FLG,-,-,-,Un,-,filaggrin,protein-coding,-,-,-,filaggrin,20210420,-
130825,121168766,WAS,-,-,-,Un,-,WASP actin nucleation promoting factor,protein-coding,-,-,-,wiskott-Aldrich syndrome protein,20210420,-
130825,121168767,VTCN1,-,-,-,Un,-,V-set domain containing T cell activation inhibitor 1,protein-coding,-,-,-,V-set domain-containing T-cell activation inhibitor 1,20210420,-
130825,121168768,LOC121168768,-,-,-,Un,-,uncharacterized LOC121168768,ncRNA,-,-,-,-,20210420,-
130825,121168769,EVI5,-,-,-,Un,-,ecotropic viral integration site 5,protein-coding,-,-,-,ecotropic viral integration site 5 protein homolog,20210420,-
130825,121168770,DIPK1A,-,-,-,Un,-,divergent protein kinase domain 1A,protein-coding,-,-,-,divergent protein kinase domain 1A,20210420,-
130825,121168771,RPL5,-,-,-,Un,-,ribosomal protein L5,protein-coding,-,-,-,60S ribosomal protein L5,20210420,-
130825,121168772,LOC121168772,-,-,-,Un,-,60S ribosomal protein L27-like,pseudo,-,-,-,-,20210420,-
130825,121168773,DPYD,-,-,-,Un,-,dihydropyrimidine dehydrogenase,protein-coding,-,-,-,dihydropyrimidine dehydrogenase [NADP(+)],20210420,-
130825,121168774,LOC121168774,-,-,-,Un,-,WD repeat-containing protein 13,protein-coding,-,-,-,WD repeat-containing protein 13,20210420,-
130825,121168775,LOC121168775,-,-,-,Un,-,heterogeneous nuclear ribonucleoprotein H2-like,pseudo,-,-,-,-,20210420,-
130825,121168776,F3,-,-,-,Un,-,"coagulation factor III, tissue factor",protein-coding,-,-,-,tissue factor,20210420,-
130825,121168777,HAO2,-,-,-,Un,-,hydroxyacid oxidase 2,protein-coding,-,-,-,hydroxyacid oxidase 2,20210420,-
130825,121168778,SLC30A7,-,-,-,Un,-,solute carrier family 30 member 7,protein-coding,-,-,-,zinc transporter 7,20210420,-
130825,121168779,RPRD2,-,-,-,Un,-,regulation of nuclear pre-mRNA domain containing 2,protein-coding,-,-,-,regulation of nuclear pre-mRNA domain-containing protein 2,20210420,-
130825,121168780,TARS2,-,-,-,Un,-,"threonyl-tRNA synthetase 2, mitochondrial",protein-coding,-,-,-,"threonine--tRNA ligase, mitochondrial",20210420,-
130825,121168781,LARS1,-,-,-,Un,-,leucyl-tRNA synthetase 1,protein-coding,-,-,-,"leucine--tRNA ligase, cytoplasmic",20210420,-
130825,121168782,LOC121168782,-,-,-,Un,-,60S ribosomal protein L23a-like,pseudo,-,-,-,-,20210420,-
130825,121168783,LOC121168783,-,-,-,Un,-,uncharacterized LOC121168783,ncRNA,-,-,-,-,20210420,-
130825,121168784,LOC121168784,-,-,-,Un,-,RNA-binding protein 3,protein-coding,-,-,-,RNA-binding protein 3,20210420,-
130825,121168785,STXBP3,-,-,-,Un,-,syntaxin binding protein 3,protein-coding,-,-,-,syntaxin-binding protein 3,20210420,-
130825,121168786,LOC121168786,-,-,-,Un,-,uncharacterized LOC121168786,ncRNA,-,-,-,-,20210420,-
130825,121168787,INKA2,-,-,-,Un,-,inka box actin regulator 2,protein-coding,-,-,-,PAK4-inhibitor INKA2,20210420,-
130825,121168788,LOC121168788,-,-,-,Un,-,protein lin-7 homolog C-like,protein-coding,-,-,-,protein lin-7 homolog C-like,20210420,-
130825,121168789,RBM15,-,-,-,Un,-,RNA binding motif protein 15,protein-coding,-,-,-,RNA-binding protein 15,20210420,-
130825,121168790,TPM3,-,-,-,Un,-,tropomyosin 3,protein-coding,-,-,-,tropomyosin alpha-3 chain,20210529,-
130825,121168791,GATAD2B,-,-,-,Un,-,GATA zinc finger domain containing 2B,protein-coding,-,-,-,transcriptional repressor p66-beta,20210420,-
130825,121168792,SORT1,-,-,-,Un,-,sortilin 1,protein-coding,-,-,-,sortilin,20210420,-
130825,121168793,UBAP2L,-,-,-,Un,-,ubiquitin associated protein 2 like,protein-coding,-,-,-,ubiquitin-associated protein 2-like,20210420,-
130825,121168794,LOC121168794,-,-,-,Un,-,TBC1 domain family member 25,protein-coding,-,-,-,TBC1 domain family member 25,20210420,-
130825,121168795,HAX1,-,-,-,Un,-,HCLS1 associated protein X-1,protein-coding,-,-,-,HCLS1-associated protein X-1,20210420,-
130825,121168796,SPRR4,-,-,-,Un,-,small proline rich protein 4,protein-coding,-,-,-,small proline-rich protein 4,20210420,-
130825,121168797,ARNT,-,-,-,Un,-,aryl hydrocarbon receptor nuclear translocator,protein-coding,-,-,-,aryl hydrocarbon receptor nuclear translocator,20210420,-
130825,121168798,CTSK,-,-,-,Un,-,cathepsin K,protein-coding,-,-,-,cathepsin K,20210420,-
130825,121168799,LOC121168799,-,-,-,Un,-,"3-beta-hydroxysteroid-Delta(8),Delta(7)-isomerase",protein-coding,-,-,-,"3-beta-hydroxysteroid-Delta(8),Delta(7)-isomerase",20210420,-
130825,121168800,GPR88,-,-,-,Un,-,G protein-coupled receptor 88,protein-coding,-,-,-,probable G-protein coupled receptor 88,20210420,-
130825,121168801,LOC121168801,-,-,-,Un,-,TLC domain-containing protein 4-like,protein-coding,-,-,-,TLC domain-containing protein 4-like,20210420,-
130825,121168802,LOC121168802,-,-,-,Un,-,uncharacterized LOC121168802,ncRNA,-,-,-,-,20210420,-
130825,121168803,RNF115,-,-,-,Un,-,ring finger protein 115,protein-coding,-,-,-,E3 ubiquitin-protein ligase RNF115,20210420,-
130825,121168804,AGL,-,-,-,Un,-,"amylo-alpha-1, 6-glucosidase, 4-alpha-glucanotransferase",protein-coding,-,-,-,glycogen debranching enzyme,20210420,-
130825,121168805,NHLH2,-,-,-,Un,-,nescient helix-loop-helix 2,protein-coding,-,-,-,helix-loop-helix protein 2,20210420,-
130825,121168806,TSHB,-,-,-,Un,-,thyroid stimulating hormone subunit beta,protein-coding,-,-,-,thyrotropin subunit beta,20210420,-
130825,121168807,ZNF697,-,-,-,Un,-,zinc finger protein 697,protein-coding,-,-,-,zinc finger protein 697,20210420,-
130825,121168808,LOC121168808,-,-,-,Un,-,uncharacterized LOC121168808,ncRNA,-,-,-,-,20210420,-
130825,121168809,LELP1,-,-,-,Un,-,late cornified envelope like proline rich 1,protein-coding,-,-,-,late cornified envelope-like proline-rich protein 1,20210420,-
130825,121168810,LOC121168810,-,-,-,Un,-,protein S100-A3,protein-coding,-,-,-,protein S100-A3,20210420,-
130825,121168811,MEX3A,-,-,-,Un,-,mex-3 RNA binding family member A,protein-coding,-,-,-,RNA-binding protein MEX3A,20210420,-
130825,121168812,LOC121168812,-,-,-,Un,-,uncharacterized LOC121168812,ncRNA,-,-,-,-,20210420,-
130825,121168813,SASS6,-,-,-,Un,-,SAS-6 centriolar assembly protein,protein-coding,-,-,-,spindle assembly abnormal protein 6 homolog,20210420,-
130825,121168814,LOC121168814,-,-,-,Un,-,putative tRNA (cytidine(32)/guanosine(34)-2'-O)-methyltransferase,protein-coding,-,-,-,putative tRNA (cytidine(32)/guanosine(34)-2'-O)-methyltransferase,20210420,-
130825,121168815,MFSD14A,-,-,-,Un,-,major facilitator superfamily domain containing 14A,protein-coding,-,-,-,hippocampus abundant transcript 1 protein,20210522,-
130825,121168816,KHDC4,-,-,-,Un,-,"KH domain containing 4, pre-mRNA splicing factor",protein-coding,-,-,-,KH homology domain-containing protein 4,20210420,-
130825,121168817,RIT1,-,-,-,Un,-,Ras like without CAAX 1,protein-coding,-,-,-,GTP-binding protein Rit1,20210420,-
130825,121168818,GNAI3,-,-,-,Un,-,G protein subunit alpha i3,protein-coding,-,-,-,guanine nucleotide-binding protein G(i) subunit alpha-3,20210420,-
130825,121168819,LRRC8B,-,-,-,Un,-,leucine rich repeat containing 8 VRAC subunit B,protein-coding,-,-,-,volume-regulated anion channel subunit LRRC8B,20210420,-
130825,121168820,LOC121168820,-,-,-,Un,-,uncharacterized LOC121168820,ncRNA,-,-,-,-,20210420,-
130825,121168821,MTF2,-,-,-,Un,-,metal response element binding transcription factor 2,protein-coding,-,-,-,metal-response element-binding transcription factor 2,20210420,-
130825,121168822,PIP5K1A,-,-,-,Un,-,phosphatidylinositol-4-phosphate 5-kinase type 1 alpha,protein-coding,-,-,-,phosphatidylinositol 4-phosphate 5-kinase type-1 alpha,20210420,-
130825,121168823,PSMD4,-,-,-,Un,-,"proteasome 26S subunit ubiquitin receptor, non-ATPase 4",protein-coding,-,-,-,26S proteasome non-ATPase regulatory subunit 4,20210420,-
130825,121168824,LOC121168824,-,-,-,Un,-,chitinase-3-like protein 2,protein-coding,-,-,-,chitinase-3-like protein 2,20210420,-
130825,121168825,DENND2D,-,-,-,Un,-,DENN domain containing 2D,protein-coding,-,-,-,DENN domain-containing protein 2D,20210420,-
130825,121168826,CEPT1,-,-,-,Un,-,choline/ethanolamine phosphotransferase 1,protein-coding,-,-,-,choline/ethanolaminephosphotransferase 1,20210420,-
130825,121168827,LINGO4,-,-,-,Un,-,leucine rich repeat and Ig domain containing 4,protein-coding,-,-,-,leucine-rich repeat and immunoglobulin-like domain-containing nogo receptor-interacting protein 4,20210420,-
130825,121168828,CD53,-,-,-,Un,-,CD53 molecule,protein-coding,-,-,-,leukocyte surface antigen CD53,20210420,-
130825,121168829,ADAR,-,-,-,Un,-,adenosine deaminase RNA specific,protein-coding,-,-,-,double-stranded RNA-specific adenosine deaminase,20210420,-
130825,121168830,DRAM2,-,-,-,Un,-,DNA damage regulated autophagy modulator 2,protein-coding,-,-,-,DNA damage-regulated autophagy modulator protein 2,20210420,-
130825,121168831,LOC121168831,-,-,-,Un,-,zinc finger protein 182,protein-coding,-,-,-,zinc finger protein 182,20210420,-
130825,121168832,AHCYL1,-,-,-,Un,-,adenosylhomocysteinase like 1,protein-coding,-,-,-,S-adenosylhomocysteine hydrolase-like protein 1,20210420,-
130825,121168833,LOC121168833,-,-,-,Un,-,protein S100-A3-like,protein-coding,-,-,-,protein S100-A3-like,20210420,-
130825,121168834,SH3RF2,-,-,-,Un,-,SH3 domain containing ring finger 2,protein-coding,-,-,-,E3 ubiquitin-protein ligase SH3RF2,20210420,-
130825,121168835,ZNF687,-,-,-,Un,-,zinc finger protein 687,protein-coding,-,-,-,zinc finger protein 687,20210420,-
130825,121168836,PI4KB,-,-,-,Un,-,phosphatidylinositol 4-kinase beta,protein-coding,-,-,-,phosphatidylinositol 4-kinase beta,20210420,-
130825,121168837,GDAP2,-,-,-,Un,-,ganglioside induced differentiation associated protein 2,protein-coding,-,-,-,ganglioside-induced differentiation-associated protein 2,20210420,-
130825,121168838,ATP1A1,-,-,-,Un,-,ATPase Na+/K+ transporting subunit alpha 1,protein-coding,-,-,-,sodium/potassium-transporting ATPase subunit alpha-1,20210420,-
130825,121168839,TTF2,-,-,-,Un,-,transcription termination factor 2,protein-coding,-,-,-,transcription termination factor 2,20210420,-
130825,121168840,CELF3,-,-,-,Un,-,CUGBP Elav-like family member 3,protein-coding,-,-,-,CUGBP Elav-like family member 3,20210529,-
130825,121168841,LOC121168841,-,-,-,Un,-,zinc finger protein 81-like,protein-coding,-,-,-,zinc finger protein 81-like,20210420,-
130825,121168842,LOC121168842,-,-,-,Un,-,protein UXT,protein-coding,-,-,-,protein UXT,20210420,-
130825,121168843,LOC121168843,-,-,-,Un,-,ETS domain-containing protein Elk-1,protein-coding,-,-,-,ETS domain-containing protein Elk-1,20210420,-
130825,121168844,MLLT11,-,-,-,Un,-,MLLT11 transcription factor 7 cofactor,protein-coding,-,-,-,protein AF1q,20210420,-
130825,121168845,CDC42SE1,-,-,-,Un,-,CDC42 small effector 1,protein-coding,-,-,-,CDC42 small effector protein 1,20210420,-
130825,121168846,WDR47,-,-,-,Un,-,WD repeat domain 47,protein-coding,-,-,-,WD repeat-containing protein 47,20210420,-
130825,121168847,TAF13,-,-,-,Un,-,TATA-box binding protein associated factor 13,protein-coding,-,-,-,transcription initiation factor TFIID subunit 13,20210501,-
130825,121168848,C2CD4D,-,-,-,Un,-,C2 calcium dependent domain containing 4D,protein-coding,-,-,-,C2 calcium-dependent domain-containing protein 4D,20210420,-
130825,121168849,LOC121168849,-,-,-,Un,-,properdin-like,protein-coding,-,-,-,properdin-like,20210420,-
130825,121168850,MCL1,-,-,-,Un,-,"MCL1 apoptosis regulator, BCL2 family member",protein-coding,-,-,-,induced myeloid leukemia cell differentiation protein Mcl-1,20210420,-
130825,121168851,HIPK1,-,-,-,Un,-,homeodomain interacting protein kinase 1,protein-coding,-,-,-,homeodomain-interacting protein kinase 1,20210420,-
130825,121168852,LOC121168852,-,-,-,Un,-,synapsin-1,protein-coding,-,-,-,synapsin-1,20210420,-
130825,121168853,AP4B1,-,-,-,Un,-,adaptor related protein complex 4 subunit beta 1,protein-coding,-,-,-,AP-4 complex subunit beta-1,20210420,-
130825,121168854,DCLRE1B,-,-,-,Un,-,DNA cross-link repair 1B,protein-coding,-,-,-,5' exonuclease Apollo,20210420,-
130825,121168855,OLFML3,-,-,-,Un,-,olfactomedin like 3,protein-coding,-,-,-,olfactomedin-like protein 3,20210420,-
130825,121168856,LOC121168856,-,-,-,Un,-,uncharacterized LOC121168856,ncRNA,-,-,-,-,20210420,-
130825,121168857,POGZ,-,-,-,Un,-,pogo transposable element derived with ZNF domain,protein-coding,-,-,-,pogo transposable element with ZNF domain,20210420,-
130825,121168858,LORICRIN,-,-,-,Un,-,loricrin cornified envelope precursor protein,protein-coding,-,-,-,loricrin,20210420,-
130825,121168859,FAM102B,-,-,-,Un,-,family with sequence similarity 102 member B,protein-coding,-,-,-,protein FAM102B,20210420,-
130825,121168860,SETDB1,-,-,-,Un,-,SET domain bifurcated histone lysine methyltransferase 1,protein-coding,-,-,-,histone-lysine N-methyltransferase SETDB1,20210420,-
130825,121168861,CERS2,-,-,-,Un,-,ceramide synthase 2,protein-coding,-,-,-,ceramide synthase 2,20210420,-
130825,121168862,ARAF,-,-,-,Un,-,"A-Raf proto-oncogene, serine/threonine kinase",protein-coding,-,-,-,serine/threonine-protein kinase A-Raf,20210420,-
130825,121168863,LOC121168863,-,-,-,Un,-,ras-related protein Ral-B-like,pseudo,-,-,-,-,20210420,-
130825,121168864,LOC121168864,-,-,-,Un,-,filaggrin-2-like,protein-coding,-,-,-,filaggrin-2-like,20210420,-
130825,121168865,LOC121168865,-,-,-,Un,-,late cornified envelope protein 3D-like,protein-coding,-,-,-,late cornified envelope protein 3D-like,20210420,-
130825,121168866,LOC121168866,-,-,-,Un,-,late cornified envelope protein 3B-like,protein-coding,-,-,-,late cornified envelope protein 3B-like,20210420,-
130825,121168867,LOC121168867,-,-,-,Un,-,keratinocyte proline rich protein,protein-coding,-,-,-,keratinocyte proline-rich protein,20210420,-
130825,121168868,LOC121168868,-,-,-,Un,-,serine/threonine-protein phosphatase PP1-gamma catalytic subunit-like,pseudo,-,-,-,-,20210420,-
130825,121168869,IVL,-,-,-,Un,-,involucrin,protein-coding,-,-,-,involucrin,20210420,-
130825,121168870,LOC121168870,-,-,-,Un,-,small proline-rich protein 3-like,protein-coding,-,-,-,small proline-rich protein 3-like,20210420,-
130825,121168871,LOC121168871,-,-,-,Un,-,small proline-rich protein 3-like,protein-coding,-,-,-,small proline-rich protein 3-like,20210420,-
130825,121168872,LOC121168872,-,-,-,Un,-,metalloproteinase inhibitor 1,protein-coding,-,-,-,metalloproteinase inhibitor 1,20210420,-
130825,121168873,AQP10,-,-,-,Un,-,aquaporin 10,protein-coding,-,-,-,aquaporin-10,20210420,-
130825,121168874,DCST2,-,-,-,Un,-,DC-STAMP domain containing 2,protein-coding,-,-,-,DC-STAMP domain-containing protein 2,20210420,-
130825,121168875,DCST1,-,-,-,Un,-,DC-STAMP domain containing 1,protein-coding,-,-,-,E3 ubiquitin-protein ligase DCST1,20210420,-
130825,121168876,MUC1,-,-,-,Un,-,"mucin 1, cell surface associated",protein-coding,-,-,-,mucin-1,20210420,-
130825,121168877,RXFP4,-,-,-,Un,-,relaxin family peptide/INSL5 receptor 4,protein-coding,-,-,-,LOW QUALITY PROTEIN: relaxin-3 receptor 2,20210420,-
130825,121168878,TTC24,-,-,-,Un,-,tetratricopeptide repeat domain 24,protein-coding,-,-,-,tetratricopeptide repeat protein 24,20210420,-
130825,121168879,NES,-,-,-,Un,-,nestin,protein-coding,-,-,-,nestin,20210420,-
130825,121168880,PRELID2,-,-,-,Un,-,PRELI domain containing 2,protein-coding,-,-,-,PRELI domain-containing protein 2,20210420,-
130825,121168881,MEF2D,-,-,-,Un,-,myocyte enhancer factor 2D,protein-coding,-,-,-,myocyte-specific enhancer factor 2D,20210420,-
130825,121168882,USP11,-,-,-,Un,-,ubiquitin specific peptidase 11,protein-coding,-,-,-,ubiquitin carboxyl-terminal hydrolase 11,20210420,-
130825,121168883,LOC121168883,-,-,-,Un,-,late cornified envelope protein 5A-like,protein-coding,-,-,-,late cornified envelope protein 5A-like,20210420,-
130825,121168884,LOC121168884,-,-,-,Un,-,uncharacterized LOC121168884,protein-coding,-,-,-,uncharacterized protein LOC121168884,20210420,-
130825,121168885,KCNA3,-,-,-,Un,-,potassium voltage-gated channel subfamily A member 3,protein-coding,-,-,-,potassium voltage-gated channel subfamily A member 3,20210420,-
130825,121168886,SLC35A3,-,-,-,Un,-,solute carrier family 35 member A3,protein-coding,-,-,-,UDP-N-acetylglucosamine transporter,20210420,-
130825,121168887,SNX27,-,-,-,Un,-,sorting nexin 27,protein-coding,-,-,-,sorting nexin-27,20210420,-
130825,121168888,LOC121168888,-,-,-,Un,-,40S ribosomal protein S27-like,protein-coding,-,-,-,40S ribosomal protein S27-like,20210420,-
130825,121168889,LOC121168889,-,-,-,Un,-,uncharacterized LOC121168889,ncRNA,-,-,-,-,20210420,-
130825,121168890,LOC121168890,-,-,-,Un,-,U6 spliceosomal RNA,snRNA,-,-,-,-,20210420,-
130825,121168891,CDK16,-,-,-,Un,-,cyclin dependent kinase 16,protein-coding,-,-,-,cyclin-dependent kinase 16,20210420,-
130825,121168892,LOC121168892,-,-,-,Un,-,U6 spliceosomal RNA,snRNA,-,-,-,-,20210420,-
130825,121168893,LOC121168893,-,-,-,Un,-,U6 spliceosomal RNA,pseudo,-,-,-,-,20210420,-
130825,121168894,LOC121168894,-,-,-,Un,-,U6 spliceosomal RNA,pseudo,-,-,-,-,20210420,-
130825,121168895,LOC121168895,-,-,-,Un,-,U6 spliceosomal RNA,snRNA,-,-,-,-,20210420,-
130825,121168896,LOC121168896,-,-,-,Un,-,U6 spliceosomal RNA,snRNA,-,-,-,-,20210420,-
130825,121168897,LOC121168897,-,-,-,Un,-,U6 spliceosomal RNA,snRNA,-,-,-,-,20210420,-
130825,121168898,LOC121168898,-,-,-,Un,-,U6 spliceosomal RNA,snRNA,-,-,-,-,20210420,-
130825,121168899,LOC121168899,-,-,-,Un,-,U6 spliceosomal RNA,snRNA,-,-,-,-,20210420,-
130825,121168900,LOC121168900,-,-,-,Un,-,U6 spliceosomal RNA,snRNA,-,-,-,-,20210420,-
130825,121168901,LOC121168901,-,-,-,Un,-,U6 spliceosomal RNA,snRNA,-,-,-,-,20210420,-
130825,121168902,LOC121168902,-,-,-,Un,-,U6 spliceosomal RNA,pseudo,-,-,-,-,20210420,-
130825,121168903,LOC121168903,-,-,-,Un,-,U6 spliceosomal RNA,pseudo,-,-,-,-,20210420,-
130825,121168904,LOC121168904,-,-,-,Un,-,U6 spliceosomal RNA,pseudo,-,-,-,-,20210420,-
130825,121168905,LOC121168905,-,-,-,Un,-,small nucleolar RNA SNORA73 family,snoRNA,-,-,-,-,20210420,-
130825,121168906,LOC121168906,-,-,-,Un,-,small nucleolar RNA SNORD21,snoRNA,-,-,-,-,20210420,-
130825,121168907,LOC121168907,-,-,-,Un,-,U8 small nucleolar RNA,snoRNA,-,-,-,-,20210420,-
130825,121168908,LOC121168908,-,-,-,Un,-,small nucleolar RNA SNORD62,snoRNA,-,-,-,-,20210420,-
130825,121168909,LOC121168909,-,-,-,Un,-,small nucleolar RNA SNORA66,snoRNA,-,-,-,-,20210420,-
130825,121168910,LOC121168910,-,-,-,Un,-,small nucleolar RNA SNORA70,pseudo,-,-,-,-,20210420,-
130825,121168911,LOC121168911,-,-,-,Un,-,small nucleolar RNA SNORD104,snoRNA,-,-,-,-,20210420,-
130825,121168912,LOC121168912,-,-,-,Un,-,small nucleolar RNA SNORA42/SNORA80 family,snoRNA,-,-,-,-,20210420,-
130825,121168913,LOC121168913,-,-,-,Un,-,small nucleolar RNA SNORA2/SNORA34 family,snoRNA,-,-,-,-,20210420,-
130825,121168914,LOC121168914,-,-,-,Un,-,small nucleolar RNA SNORA58,snoRNA,-,-,-,-,20210420,-
130825,121168915,LOC121168915,-,-,-,Un,-,small Cajal body-specific RNA 4,ncRNA,-,-,-,-,20210420,-
130825,121168916,LOC121168916,-,-,-,Un,-,small nucleolar RNA SNORA33,snoRNA,-,-,-,-,20210420,-
130825,121168917,LOC121168917,-,-,-,Un,-,small Cajal body-specific RNA 11,ncRNA,-,-,-,-,20210420,-
130825,121168918,LOC121168918,-,-,-,Un,-,small nucleolar RNA SNORA26,snoRNA,-,-,-,-,20210420,-
130825,121168919,LOC121168919,-,-,-,Un,-,small nucleolar RNA SNORD86,snoRNA,-,-,-,-,20210420,-
130825,121168920,LOC121168920,-,-,-,Un,-,small nucleolar RNA ACA64,snoRNA,-,-,-,-,20210420,-
130825,121168921,LOC121168921,-,-,-,Un,-,small nucleolar RNA ACA64,snoRNA,-,-,-,-,20210420,-
130825,121168922,LOC121168922,-,-,-,Un,-,small nucleolar RNA ACA64,pseudo,-,-,-,-,20210420,-
130825,121168923,LOC121168923,-,-,-,Un,-,small Cajal body-specific RNA 2,ncRNA,-,-,-,-,20210420,-
130825,121168924,LOC121168924,-,-,-,Un,-,U1 spliceosomal RNA,snRNA,-,-,-,-,20210420,-
130825,121168925,LOC121168925,-,-,-,Un,-,U1 spliceosomal RNA,snRNA,-,-,-,-,20210420,-
130825,121168926,LOC121168926,-,-,-,Un,-,U1 spliceosomal RNA,snRNA,-,-,-,-,20210420,-
130825,121168927,LOC121168927,-,-,-,Un,-,U1 spliceosomal RNA,snRNA,-,-,-,-,20210420,-
130825,121168928,LOC121168928,-,-,-,Un,-,U1 spliceosomal RNA,snRNA,-,-,-,-,20210420,-
130825,121168929,LOC121168929,-,-,-,Un,-,U1 spliceosomal RNA,snRNA,-,-,-,-,20210420,-
130825,121168930,LOC121168930,-,-,-,Un,-,U1 spliceosomal RNA,snRNA,-,-,-,-,20210420,-
130825,121168931,LOC121168931,-,-,-,Un,-,U1 spliceosomal RNA,snRNA,-,-,-,-,20210420,-
130825,121168932,LOC121168932,-,-,-,Un,-,U1 spliceosomal RNA,snRNA,-,-,-,-,20210420,-
130825,121168933,LOC121168933,-,-,-,Un,-,U1 spliceosomal RNA,snRNA,-,-,-,-,20210420,-
130825,121168934,LOC121168934,-,-,-,Un,-,U1 spliceosomal RNA,snRNA,-,-,-,-,20210420,-
130825,121168935,LOC121168935,-,-,-,Un,-,U1 spliceosomal RNA,snRNA,-,-,-,-,20210420,-
130825,121168936,LOC121168936,-,-,-,Un,-,U1 spliceosomal RNA,snRNA,-,-,-,-,20210420,-
130825,121168937,UBA1,-,-,-,Un,-,ubiquitin like modifier activating enzyme 1,protein-coding,-,-,-,ubiquitin-like modifier-activating enzyme 1,20210420,-
130825,121168938,LOC121168938,-,-,-,Un,-,U1 spliceosomal RNA,snRNA,-,-,-,-,20210420,-
130825,121168939,LOC121168939,-,-,-,Un,-,U1 spliceosomal RNA,pseudo,-,-,-,-,20210420,-
130825,121168940,LOC121168940,-,-,-,Un,-,U2 spliceosomal RNA,pseudo,-,-,-,-,20210420,-
130825,121168941,LOC121168941,-,-,-,Un,-,U2 spliceosomal RNA,pseudo,-,-,-,-,20210420,-
130825,121168942,LOC121168942,-,-,-,Un,-,U2 spliceosomal RNA,pseudo,-,-,-,-,20210420,-
130825,121168943,LOC121168943,-,-,-,Un,-,U2 spliceosomal RNA,pseudo,-,-,-,-,20210420,-
130825,121168944,LOC121168944,-,-,-,Un,-,U2 spliceosomal RNA,pseudo,-,-,-,-,20210420,-
130825,121168945,LOC121168945,-,-,-,Un,-,U2 spliceosomal RNA,pseudo,-,-,-,-,20210420,-
130825,121168946,LOC121168946,-,-,-,Un,-,U2 spliceosomal RNA,pseudo,-,-,-,-,20210420,-
130825,121168947,LOC121168947,-,-,-,Un,-,small nucleolar RNA U3,pseudo,-,-,-,-,20210420,-
130825,121168948,LOC121168948,-,-,-,Un,-,U4 spliceosomal RNA,pseudo,-,-,-,-,20210420,-
130825,121168949,LOC121168949,-,-,-,Un,-,U6 spliceosomal RNA,snRNA,-,-,-,-,20210420,-
130825,121168950,LOC121168950,-,-,-,Un,-,U6 spliceosomal RNA,snRNA,-,-,-,-,20210420,-
130825,121168951,LOC121168951,-,-,-,Un,-,U6 spliceosomal RNA,snRNA,-,-,-,-,20210420,-
130825,121168952,LOC121168952,-,-,-,Un,-,U6 spliceosomal RNA,snRNA,-,-,-,-,20210420,-
130825,121168953,LOC121168953,-,-,-,Un,-,U6 spliceosomal RNA,snRNA,-,-,-,-,20210420,-
130825,121168954,LOC121168954,-,-,-,Un,-,U6 spliceosomal RNA,snRNA,-,-,-,-,20210420,-
130825,121168955,LOC121168955,-,-,-,Un,-,U6 spliceosomal RNA,pseudo,-,-,-,-,20210420,-
130825,121168956,LOC121168956,-,-,-,Un,-,U6 spliceosomal RNA,snRNA,-,-,-,-,20210420,-
130825,121168957,LOC121168957,-,-,-,Un,-,U6 spliceosomal RNA,snRNA,-,-,-,-,20210420,-
130825,121168958,LOC121168958,-,-,-,Un,-,U6 spliceosomal RNA,snRNA,-,-,-,-,20210420,-
130825,121168959,LOC121168959,-,-,-,Un,-,U6 spliceosomal RNA,snRNA,-,-,-,-,20210420,-
130825,121168960,LOC121168960,-,-,-,Un,-,U6 spliceosomal RNA,snRNA,-,-,-,-,20210420,-
130825,121168961,LOC121168961,-,-,-,Un,-,U6 spliceosomal RNA,snRNA,-,-,-,-,20210420,-
130825,121168962,TRNAR-UCU,-,-,-,Un,-,transfer RNA arginine (anticodon UCU),tRNA,-,-,-,-,20210420,-
130825,121168963,TRNAQ-CUG,-,-,-,Un,-,transfer RNA glutamine (anticodon CUG),tRNA,-,-,-,-,20210420,-
130825,121168964,TRNAN-GUU,-,-,-,Un,-,transfer RNA asparagine (anticodon GUU),tRNA,-,-,-,-,20210420,-
130825,121168965,TRNAG-CCC,-,-,-,Un,-,transfer RNA glycine (anticodon CCC),tRNA,-,-,-,-,20210420,-
130825,121168966,TRNAN-GUU,-,-,-,Un,-,transfer RNA asparagine (anticodon GUU),tRNA,-,-,-,-,20210420,-
130825,121168967,TRNAE-UUC,-,-,-,Un,-,transfer RNA glutamic acid (anticodon UUC),tRNA,-,-,-,-,20210420,-
130825,121168968,TRNAK-CUU,-,-,-,Un,-,transfer RNA lysine (anticodon CUU),tRNA,-,-,-,-,20210420,-
130825,121168969,TRNAV-CAC,-,-,-,Un,-,transfer RNA valine (anticodon CAC),tRNA,-,-,-,-,20210420,-
130825,121168970,TRNAH-GUG,-,-,-,Un,-,transfer RNA histidin (anticodon GUG),tRNA,-,-,-,-,20210420,-
130825,121168971,TRNAG-CCC,-,-,-,Un,-,transfer RNA glycine (anticodon CCC),tRNA,-,-,-,-,20210420,-
130825,121168972,TRNAE-UUC,-,-,-,Un,-,transfer RNA glutamic acid (anticodon UUC),tRNA,-,-,-,-,20210420,-
130825,121168973,LOC121168973,-,-,-,Un,-,protocadherin gamma-A8-like,protein-coding,-,-,-,protocadherin gamma-A8-like,20210420,-
130825,121168974,TRNAE-CUC,-,-,-,Un,-,transfer RNA glutamic acid (anticodon CUC),tRNA,-,-,-,-,20210420,-
130825,121168975,TRNAQ-CUG,-,-,-,Un,-,transfer RNA glutamine (anticodon CUG),tRNA,-,-,-,-,20210420,-
130825,121168976,TRNAG-CCC,-,-,-,Un,-,transfer RNA glycine (anticodon CCC),tRNA,-,-,-,-,20210420,-
130825,121168977,TRNAE-CUC,-,-,-,Un,-,transfer RNA glutamic acid (anticodon CUC),tRNA,-,-,-,-,20210420,-
130825,121168978,TRNAH-GUG,-,-,-,Un,-,transfer RNA histidin (anticodon GUG),tRNA,-,-,-,-,20210420,-
130825,121168979,TRNAK-CUU,-,-,-,Un,-,transfer RNA lysine (anticodon CUU),tRNA,-,-,-,-,20210420,-
130825,121168980,TRNAV-CAC,-,-,-,Un,-,transfer RNA valine (anticodon CAC),tRNA,-,-,-,-,20210420,-
130825,121168981,TRNAQ-CUG,-,-,-,Un,-,transfer RNA glutamine (anticodon CUG),tRNA,-,-,-,-,20210420,-
130825,121168982,TRNAN-GUU,-,-,-,Un,-,transfer RNA asparagine (anticodon GUU),tRNA,-,-,-,-,20210420,-
130825,121168983,TRNAE-CUC,-,-,-,Un,-,transfer RNA glutamic acid (anticodon CUC),tRNA,-,-,-,-,20210420,-
130825,121168984,TRNAM-CAU,-,-,-,Un,-,transfer RNA methionine (anticodon CAU),tRNA,-,-,-,-,20210420,-
130825,121168985,TRNAG-UCC,-,-,-,Un,-,transfer RNA glycine (anticodon UCC),tRNA,-,-,-,-,20210420,-
130825,121168986,TRNAN-GUU,-,-,-,Un,-,transfer RNA asparagine (anticodon GUU),tRNA,-,-,-,-,20210420,-
130825,121168987,TRNAQ-CUG,-,-,-,Un,-,transfer RNA glutamine (anticodon CUG),tRNA,-,-,-,-,20210420,-
130825,121168988,TRNAV-CAC,-,-,-,Un,-,transfer RNA valine (anticodon CAC),tRNA,-,-,-,-,20210420,-
130825,121168989,TRNAN-GUU,-,-,-,Un,-,transfer RNA asparagine (anticodon GUU),tRNA,-,-,-,-,20210420,-
130825,121168990,TRNAQ-CUG,-,-,-,Un,-,transfer RNA glutamine (anticodon CUG),tRNA,-,-,-,-,20210420,-
130825,121168991,TRNAK-CUU,-,-,-,Un,-,transfer RNA lysine (anticodon CUU),tRNA,-,-,-,-,20210420,-
130825,121168992,TRNAK-CUU,-,-,-,Un,-,transfer RNA lysine (anticodon CUU),tRNA,-,-,-,-,20210420,-
130825,121168993,TRNAE-UUC,-,-,-,Un,-,transfer RNA glutamic acid (anticodon UUC),tRNA,-,-,-,-,20210420,-
130825,121168994,TRNAG-CCC,-,-,-,Un,-,transfer RNA glycine (anticodon CCC),tRNA,-,-,-,-,20210420,-
130825,121168995,TRNAH-GUG,-,-,-,Un,-,transfer RNA histidin (anticodon GUG),tRNA,-,-,-,-,20210420,-
130825,121168996,TRNAH-GUG,-,-,-,Un,-,transfer RNA histidin (anticodon GUG),tRNA,-,-,-,-,20210420,-
130825,121168997,TRNAN-GUU,-,-,-,Un,-,transfer RNA asparagine (anticodon GUU),tRNA,-,-,-,-,20210420,-
130825,121168998,TRNAV-CAC,-,-,-,Un,-,transfer RNA valine (anticodon CAC),tRNA,-,-,-,-,20210420,-
130825,121168999,TRNAK-CUU,-,-,-,Un,-,transfer RNA lysine (anticodon CUU),tRNA,-,-,-,-,20210420,-
130825,121169000,TRNAH-GUG,-,-,-,Un,-,transfer RNA histidin (anticodon GUG),tRNA,-,-,-,-,20210420,-
130825,121169001,TRNAE-CUC,-,-,-,Un,-,transfer RNA glutamic acid (anticodon CUC),tRNA,-,-,-,-,20210420,-
130825,121169002,TRNAG-CCC,-,-,-,Un,-,transfer RNA glycine (anticodon CCC),tRNA,-,-,-,-,20210420,-
130825,121169003,TRNAK-CUU,-,-,-,Un,-,transfer RNA lysine (anticodon CUU),tRNA,-,-,-,-,20210420,-
130825,121169004,LOC121169004,-,-,-,Un,-,uncharacterized LOC121169004,ncRNA,-,-,-,-,20210420,-
130825,121169005,LOC121169005,-,-,-,Un,-,"heat shock transcription factor, Y-linked-like",protein-coding,-,-,-,"heat shock transcription factor, Y-linked-like",20210420,-
130825,121169006,XKR3,-,-,-,Un,-,XK related 3,protein-coding,-,-,-,XK-related protein 3,20210420,-
130825,121169007,LOC121169007,-,-,-,Un,-,non-histone chromosomal protein HMG-14-like,pseudo,-,-,-,-,20210420,-
130825,121169008,FMR1,-,-,-,Un,-,FMRP translational regulator 1,protein-coding,-,-,-,synaptic functional regulator FMR1,20210420,-
130825,121169009,RBM10,-,-,-,Un,-,RNA binding motif protein 10,protein-coding,-,-,-,RNA-binding protein 10,20210420,-
130825,121169010,SASH3,-,-,-,Un,-,SAM and SH3 domain containing 3,protein-coding,-,-,-,SAM and SH3 domain-containing protein 3,20210420,-
130825,121169011,RTL4,-,-,-,Un,-,retrotransposon Gag like 4,protein-coding,-,-,-,retrotransposon Gag-like protein 4,20210420,-
130825,121169012,IDS,-,-,-,Un,-,iduronate 2-sulfatase,protein-coding,-,-,-,iduronate 2-sulfatase,20210420,-
130825,121169013,KCTD16,-,-,-,Un,-,potassium channel tetramerization domain containing 16,protein-coding,-,-,-,BTB/POZ domain-containing protein KCTD16,20210420,-
130825,121169014,TSC22D3,-,-,-,Un,-,TSC22 domain family member 3,protein-coding,-,-,-,TSC22 domain family protein 3,20210420,-
130825,121169015,ARHGEF6,-,-,-,Un,-,Rac/Cdc42 guanine nucleotide exchange factor 6,protein-coding,-,-,-,rho guanine nucleotide exchange factor 6,20210420,-
130825,121169016,CD40LG,-,-,-,Un,-,CD40 ligand,protein-coding,-,-,-,CD40 ligand,20210420,-
130825,121169017,BTK,-,-,-,Un,-,Bruton tyrosine kinase,protein-coding,-,-,-,tyrosine-protein kinase BTK,20210420,-
130825,121169018,RBMX,-,-,-,Un,-,RNA binding motif protein X-linked,protein-coding,-,-,-,"RNA-binding motif protein, X chromosome",20210420,-
130825,121169019,ATRX,-,-,-,Un,-,ATRX chromatin remodeler,protein-coding,-,-,-,transcriptional regulator ATRX,20210420,-
130825,121169020,LOC121169020,-,-,-,Un,-,transcription factor BTF3 homolog 4-like,pseudo,-,-,-,-,20210420,-
130825,121169021,LOC121169021,-,-,-,Un,-,60S ribosomal protein L35a-like,pseudo,-,-,-,-,20210420,-
130825,121169022,MBNL3,-,-,-,Un,-,muscleblind like splicing regulator 3,protein-coding,-,-,-,muscleblind-like protein 3,20210420,-
130825,121169023,PGK1,-,-,-,Un,-,phosphoglycerate kinase 1,protein-coding,-,-,-,phosphoglycerate kinase 1,20210420,-
130825,121169024,HMGN5,-,-,-,Un,-,high mobility group nucleosome binding domain 5,protein-coding,-,-,-,high mobility group nucleosome-binding domain-containing protein 5,20210420,-
130825,121169025,SH3BGRL,-,-,-,Un,-,SH3 domain binding glutamate rich protein like,protein-coding,-,-,-,SH3 domain-binding glutamic acid-rich-like protein,20210420,-
130825,121169026,LOC121169026,-,-,-,Un,-,uncharacterized LOC121169026,ncRNA,-,-,-,-,20210420,-
130825,121169027,LOC121169027,-,-,-,Un,-,RNA polymerase II subunit A C-terminal domain phosphatase SSU72-like,protein-coding,-,-,-,RNA polymerase II subunit A C-terminal domain phosphatase SSU72-like,20210420,-
130825,121169028,LOC121169028,-,-,-,Un,-,UPF0729 protein C18orf32 homolog,pseudo,-,-,-,-,20210420,-
130825,121169029,GPR101,-,-,-,Un,-,G protein-coupled receptor 101,protein-coding,-,-,-,probable G-protein coupled receptor 101,20210420,-
130825,121169030,GPC3,-,-,-,Un,-,glypican 3,protein-coding,-,-,-,glypican-3,20210420,-
130825,121169031,PHF6,-,-,-,Un,-,PHD finger protein 6,protein-coding,-,-,-,PHD finger protein 6,20210420,-
130825,121169032,SMARCA1,-,-,-,Un,-,"SWI/SNF related, matrix associated, actin dependent regulator of chromatin, subfamily a, member 1",protein-coding,-,-,-,probable global transcription activator SNF2L1,20210420,-
130825,121169033,JADE3,-,-,-,Un,-,jade family PHD finger 3,protein-coding,-,-,-,protein Jade-3,20210420,-
130825,121169034,PCDH11X,-,-,-,Un,-,protocadherin 11 X-linked,protein-coding,-,-,-,protocadherin-11 X-linked,20210420,-
130825,121169035,LOC121169035,-,-,-,Un,-,uncharacterized LOC121169035,ncRNA,-,-,-,-,20210420,-
130825,121169036,PAK3,-,-,-,Un,-,p21 (RAC1) activated kinase 3,protein-coding,-,-,-,serine/threonine-protein kinase PAK 3,20210420,-
130825,121169037,RGN,-,-,-,Un,-,regucalcin,protein-coding,-,-,-,regucalcin,20210420,-
130825,121169038,ZBTB33,-,-,-,Un,-,zinc finger and BTB domain containing 33,protein-coding,-,-,-,transcriptional regulator Kaiso,20210420,-
130825,121169039,TMEM255A,-,-,-,Un,-,transmembrane protein 255A,protein-coding,-,-,-,transmembrane protein 255A,20210420,-
130825,121169040,LOC121169040,-,-,-,Un,-,protein FAM114A2-like,pseudo,-,-,-,-,20210420,-
130825,121169041,KLHL13,-,-,-,Un,-,kelch like family member 13,protein-coding,-,-,-,kelch-like protein 13,20210420,-
130825,121169042,LOC121169042,-,-,-,Un,-,uncharacterized LOC121169042,ncRNA,-,-,-,-,20210420,-
130825,121169043,MAGT1,-,-,-,Un,-,magnesium transporter 1,protein-coding,-,-,-,magnesium transporter protein 1,20210420,-
130825,121169044,LOC121169044,-,-,-,Un,-,40S ribosomal protein S12-like,pseudo,-,-,-,-,20210420,-
130825,121169045,MCF2,-,-,-,Un,-,MCF.2 cell line derived transforming sequence,protein-coding,-,-,-,proto-oncogene DBL,20210420,-
130825,121169046,RNF113A,-,-,-,Un,-,ring finger protein 113A,protein-coding,-,-,-,E3 ubiquitin-protein ligase RNF113A,20210420,-
130825,121169047,RAB9B,-,-,-,Un,-,"RAB9B, member RAS oncogene family",protein-coding,-,-,-,ras-related protein Rab-9B,20210529,-
130825,121169048,IL1RAPL2,-,-,-,Un,-,interleukin 1 receptor accessory protein like 2,protein-coding,-,-,-,X-linked interleukin-1 receptor accessory protein-like 2,20210420,-
130825,121169049,FGF13,-,-,-,Un,-,fibroblast growth factor 13,protein-coding,-,-,-,fibroblast growth factor 13,20210420,-
130825,121169050,RP2,-,-,-,Un,-,RP2 activator of ARL3 GTPase,protein-coding,-,-,-,protein XRP2,20210420,-
130825,121169051,DRP2,-,-,-,Un,-,dystrophin related protein 2,protein-coding,-,-,-,dystrophin-related protein 2,20210420,-
130825,121169052,ITM2A,-,-,-,Un,-,integral membrane protein 2A,protein-coding,-,-,-,integral membrane protein 2A,20210420,-
130825,121169053,CHIC1,-,-,-,Un,-,cysteine rich hydrophobic domain 1,protein-coding,-,-,-,cysteine-rich hydrophobic domain-containing protein 1,20210420,-
130825,121169054,ZNF449,-,-,-,Un,-,zinc finger protein 449,protein-coding,-,-,-,zinc finger protein 449,20210420,-
130825,121169055,LOC121169055,-,-,-,Un,-,protein FAM104A-like,pseudo,-,-,-,-,20210420,-
130825,121169056,CYSLTR1,-,-,-,Un,-,cysteinyl leukotriene receptor 1,protein-coding,-,-,-,cysteinyl leukotriene receptor 1,20210420,-
130825,121169057,SLC9A7,-,-,-,Un,-,solute carrier family 9 member A7,protein-coding,-,-,-,sodium/hydrogen exchanger 7,20210420,-
130825,121169058,LOC121169058,-,-,-,Un,-,integrator complex subunit 6-like,protein-coding,-,-,-,integrator complex subunit 6-like,20210420,-
130825,121169059,LOC121169059,-,-,-,Un,-,tropomyosin alpha-3 chain-like,pseudo,-,-,-,-,20210420,-
130825,121169060,RPS6KA6,-,-,-,Un,-,ribosomal protein S6 kinase A6,protein-coding,-,-,-,ribosomal protein S6 kinase alpha-6,20210420,-
130825,121169061,DACH2,-,-,-,Un,-,dachshund family transcription factor 2,protein-coding,-,-,-,dachshund homolog 2,20210420,-
130825,121169062,AMOT,-,-,-,Un,-,angiomotin,protein-coding,-,-,-,angiomotin,20210420,-
130825,121169063,LOC121169063,-,-,-,Un,-,protein phosphatase inhibitor 2-like,protein-coding,-,-,-,protein phosphatase inhibitor 2-like,20210420,-
130825,121169064,LOC121169064,-,-,-,Un,-,histone H2B-like,protein-coding,-,-,-,histone H2B-like,20210420,-
130825,121169065,LOC121169065,-,-,-,Un,-,late histone H2B.L4-like,protein-coding,-,-,-,late histone H2B.L4-like,20210420,-
130825,121169066,LOC121169066,-,-,-,Un,-,histone H2B type F-M-like,protein-coding,-,-,-,histone H2B type F-M-like,20210420,-
130825,121169067,LOC121169067,-,-,-,Un,-,histone H2B-like,protein-coding,-,-,-,histone H2B-like,20210420,-
130825,121169068,ZCCHC18,-,-,-,Un,-,zinc finger CCHC-type containing 18,protein-coding,-,-,-,LOW QUALITY PROTEIN: zinc finger CCHC domain-containing protein 18,20210420,-
130825,121169069,LOC121169069,-,-,-,Un,-,late histone H2B.L4-like,protein-coding,-,-,-,late histone H2B.L4-like,20210420,-
130825,121169070,LOC121169070,-,-,-,Un,-,histone H2B type F-M-like,protein-coding,-,-,-,histone H2B type F-M-like,20210420,-
130825,121169071,LOC121169071,-,-,-,Un,-,casein kinase I-like,protein-coding,-,-,-,casein kinase I-like,20210420,-
130825,121169072,LOC121169072,-,-,-,Un,-,nuclear RNA export factor 2-like,protein-coding,-,-,-,nuclear RNA export factor 2-like,20210420,-
130825,121169073,LOC121169073,-,-,-,Un,-,nuclear RNA export factor 1-like,protein-coding,-,-,-,nuclear RNA export factor 1-like,20210420,-
130825,121169074,YIPF5,-,-,-,Un,-,Yip1 domain family member 5,protein-coding,-,-,-,protein YIPF5,20210420,-
130825,121169075,LOC121169075,-,-,-,Un,-,T-complex protein 11 X-linked protein 1-like,protein-coding,-,-,-,T-complex protein 11 X-linked protein 1-like,20210420,-
130825,121169076,LOC121169076,-,-,-,Un,-,nuclear RNA export factor 2-like,protein-coding,-,-,-,nuclear RNA export factor 2-like,20210420,-
130825,121169077,LOC121169077,-,-,-,Un,-,nuclear RNA export factor 2-like,protein-coding,-,-,-,nuclear RNA export factor 2-like,20210420,-
130825,121169078,LOC121169078,-,-,-,Un,-,casein kinase I-like,protein-coding,-,-,-,casein kinase I-like,20210420,-
130825,121169079,LOC121169079,-,-,-,Un,-,nuclear RNA export factor 5-like,protein-coding,-,-,-,nuclear RNA export factor 5-like,20210420,-
130825,121169080,LOC121169080,-,-,-,Un,-,nuclear RNA export factor 5-like,protein-coding,-,-,-,nuclear RNA export factor 5-like,20210420,-
130825,121169081,LOC121169081,-,-,-,Un,-,serine/threonine-protein phosphatase 2A 56 kDa regulatory subunit delta isoform-like,pseudo,-,-,-,-,20210420,-
130825,121169082,NXF5,-,-,-,Un,-,nuclear RNA export factor 5,protein-coding,-,-,-,nuclear RNA export factor 5,20210420,-
130825,121169083,TRMT2B,-,-,-,Un,-,tRNA methyltransferase 2 homolog B,protein-coding,-,-,-,LOW QUALITY PROTEIN: tRNA (uracil(54)-C(5))-methyltransferase homolog,20210420,-
130825,121169084,LOC121169084,-,-,-,Un,-,histone H2A.Z-like,pseudo,-,-,-,-,20210420,-
130825,121169085,LOC121169085,-,-,-,Un,-,general transcription factor IIF subunit 1-like,pseudo,-,-,-,-,20210420,-
130825,121169086,LOC121169086,-,-,-,Un,-,selenoprotein K-like,pseudo,-,-,-,-,20210420,-
130825,121169087,LOC121169087,-,-,-,Un,-,actin-related protein 2/3 complex subunit 5-like,pseudo,-,-,-,-,20210420,-
130825,121169088,LOC121169088,-,-,-,Un,-,DDB1- and CUL4-associated factor 12-like protein 2,protein-coding,-,-,-,DDB1- and CUL4-associated factor 12-like protein 2,20210420,-
130825,121169089,CHST7,-,-,-,Un,-,carbohydrate sulfotransferase 7,protein-coding,-,-,-,carbohydrate sulfotransferase 7,20210420,-
130825,121169090,LOC121169090,-,-,-,Un,-,DDB1- and CUL4-associated factor 12-like protein 2,protein-coding,-,-,-,DDB1- and CUL4-associated factor 12-like protein 2,20210420,-
130825,121169091,LOC121169091,-,-,-,Un,-,DDB1- and CUL4-associated factor 12-like protein 2,protein-coding,-,-,-,DDB1- and CUL4-associated factor 12-like protein 2,20210420,-
130825,121169092,LOC121169092,-,-,-,Un,-,DDB1- and CUL4-associated factor 12-like protein 2,protein-coding,-,-,-,DDB1- and CUL4-associated factor 12-like protein 2,20210420,-
130825,121169093,LOC121169093,-,-,-,Un,-,DDB1- and CUL4-associated factor 12-like protein 2,protein-coding,-,-,-,DDB1- and CUL4-associated factor 12-like protein 2,20210420,-
130825,121169094,LOC121169094,-,-,-,Un,-,DDB1- and CUL4-associated factor 12-like protein 2,protein-coding,-,-,-,DDB1- and CUL4-associated factor 12-like protein 2,20210420,-
130825,121169095,LOC121169095,-,-,-,Un,-,DDB1- and CUL4-associated factor 12-like protein 2,protein-coding,-,-,-,DDB1- and CUL4-associated factor 12-like protein 2,20210420,-
130825,121169096,LOC121169096,-,-,-,Un,-,DDB1- and CUL4-associated factor 12-like protein 2,protein-coding,-,-,-,DDB1- and CUL4-associated factor 12-like protein 2,20210420,-
130825,121169097,LOC121169097,-,-,-,Un,-,60S ribosomal protein L23-like,pseudo,-,-,-,-,20210420,-
130825,121169098,FAM133A,-,-,-,Un,-,family with sequence similarity 133 member A,protein-coding,-,-,-,protein FAM133A,20210420,-
130825,121169099,LOC121169099,-,-,-,Un,-,putative elongation factor 1-alpha-like 3,pseudo,-,-,-,-,20210420,-
130825,121169100,LOC121169100,-,-,-,Un,-,uncharacterized LOC121169100,ncRNA,-,-,-,-,20210420,-
130825,121169101,LOC121169101,-,-,-,Un,-,splicing factor 3B subunit 2-like,pseudo,-,-,-,-,20210420,-
130825,121169102,LOC121169102,-,-,-,Un,-,peptidyl-prolyl cis-trans isomerase A-like,protein-coding,-,-,-,peptidyl-prolyl cis-trans isomerase A-like,20210420,-
130825,121169103,TGIF2LX,-,-,-,Un,-,TGFB induced factor homeobox 2 like X-linked,protein-coding,-,-,-,homeobox protein TGIF2LX,20210420,-
130825,121169104,LOC121169104,-,-,-,Un,-,peroxisomal targeting signal 2 receptor-like,pseudo,-,-,-,-,20210420,-
130825,121169105,LOC121169105,-,-,-,Un,-,DNA-dependent metalloprotease SPRTN-like,pseudo,-,-,-,-,20210420,-
130825,121169106,LOC121169106,-,-,-,Un,-,"NADH dehydrogenase [ubiquinone] 1 beta subcomplex subunit 11, mitochondrial-like",pseudo,-,-,-,-,20210420,-
130825,121169107,KDM6A,-,-,-,Un,-,lysine demethylase 6A,protein-coding,-,-,-,lysine-specific demethylase 6A,20210420,-
130825,121169108,CPXCR1,-,-,-,Un,-,CPX chromosome region candidate 1,protein-coding,-,-,-,CPX chromosomal region candidate gene 1 protein,20210420,-
130825,121169109,LOC121169109,-,-,-,Un,-,josephin-2-like,pseudo,-,-,-,-,20210420,-
130825,121169110,LOC121169110,-,-,-,Un,-,calcyclin-binding protein-like,pseudo,-,-,-,-,20210420,-
130825,121169111,LOC121169111,-,-,-,Un,-,late histone H2B.L4-like,protein-coding,-,-,-,late histone H2B.L4-like,20210420,-
130825,121169112,LOC121169112,-,-,-,Un,-,late histone H2B.L4-like,protein-coding,-,-,-,late histone H2B.L4-like,20210420,-
130825,121169113,LOC121169113,-,-,-,Un,-,late histone H2B.L4-like,protein-coding,-,-,-,late histone H2B.L4-like,20210420,-
130825,121169114,LOC121169114,-,-,-,Un,-,late histone H2B.L4-like,protein-coding,-,-,-,late histone H2B.L4-like,20210420,-
130825,121169115,LOC121169115,-,-,-,Un,-,late histone H2B.L4-like,protein-coding,-,-,-,late histone H2B.L4-like,20210420,-
130825,121169116,LOC121169116,-,-,-,Un,-,late histone H2B.L4-like,protein-coding,-,-,-,late histone H2B.L4-like,20210420,-
130825,121169117,LOC121169117,-,-,-,Un,-,late histone H2B.L4-like,protein-coding,-,-,-,late histone H2B.L4-like,20210420,-
130825,121169118,LOC121169118,-,-,-,Un,-,late histone H2B.L4-like,protein-coding,-,-,-,late histone H2B.L4-like,20210420,-
130825,121169119,LOC121169119,-,-,-,Un,-,late histone H2B.L4-like,protein-coding,-,-,-,late histone H2B.L4-like,20210420,-
130825,121169120,LOC121169120,-,-,-,Un,-,late histone H2B.L4-like,protein-coding,-,-,-,late histone H2B.L4-like,20210420,-
130825,121169121,LOC121169121,-,-,-,Un,-,histone H2B type 1-B-like,protein-coding,-,-,-,histone H2B type 1-B-like,20210420,-
130825,121169122,LOC121169122,-,-,-,Un,-,late histone H2B.L4-like,protein-coding,-,-,-,late histone H2B.L4-like,20210420,-
130825,121169123,LOC121169123,-,-,-,Un,-,protein tyrosine phosphatase type IVA 1-like,pseudo,-,-,-,-,20210420,-
130825,121169124,KLHL4,-,-,-,Un,-,kelch like family member 4,protein-coding,-,-,-,kelch-like protein 4,20210420,-
130825,121169125,SATL1,-,-,-,Un,-,spermidine/spermine N1-acetyl transferase like 1,protein-coding,-,-,-,spermidine/spermine N(1)-acetyltransferase-like protein 1,20210420,-
130825,121169126,LOC121169126,-,-,-,Un,-,uncharacterized LOC121169126,protein-coding,-,-,-,uncharacterized protein LOC121169126,20210420,-
130825,121169127,CYLC1,-,-,-,Un,-,cylicin 1,protein-coding,-,-,-,cylicin-1,20210420,-
130825,121169128,LOC121169128,-,-,-,Un,-,ubiquitin carboxyl-terminal hydrolase 36-like,pseudo,-,-,-,-,20210420,-
130825,121169129,LOC121169129,-,-,-,Un,-,melanoma-associated antigen 8-like,protein-coding,-,-,-,melanoma-associated antigen 8-like,20210420,-
130825,121169130,LOC121169130,-,-,-,Un,-,26S proteasome non-ATPase regulatory subunit 11-like,pseudo,-,-,-,-,20210420,-
130825,121169131,LOC121169131,-,-,-,Un,-,E3 ubiquitin-protein ligase TRIM41-like,protein-coding,-,-,-,E3 ubiquitin-protein ligase TRIM41-like,20210420,-
130825,121169132,LOC121169132,-,-,-,Un,-,sodium/hydrogen exchanger 2-like,protein-coding,-,-,-,sodium/hydrogen exchanger 2-like,20210420,-
130825,121169133,LOC121169133,-,-,-,Un,-,syntaxin-3-like,protein-coding,-,-,-,syntaxin-3-like,20210420,-
130825,121169134,LOC121169134,-,-,-,Un,-,melanoma-associated antigen 8-like,protein-coding,-,-,-,melanoma-associated antigen 8-like,20210420,-
130825,121169135,LOC121169135,-,-,-,Un,-,serine/threonine-protein phosphatase 2A regulatory subunit B'' subunit gamma-like,pseudo,-,-,-,-,20210420,-
130825,121169136,TENT5D,-,-,-,Un,-,terminal nucleotidyltransferase 5D,protein-coding,-,-,-,terminal nucleotidyltransferase 5D,20210420,-
130825,121169137,LOC121169137,-,-,-,Un,-,charged multivesicular body protein 1b-2-like,protein-coding,-,-,-,charged multivesicular body protein 1b-2-like,20210420,-
130825,121169138,LOC121169138,-,-,-,Un,-,integral membrane protein GPR137-like,pseudo,-,-,-,-,20210420,-
130825,121169139,LOC121169139,-,-,-,Un,-,26S proteasome regulatory subunit 7-like,pseudo,-,-,-,-,20210420,-
130825,121169140,LOC121169140,-,-,-,Un,-,uncharacterized LOC121169140,pseudo,-,-,-,-,20210420,-
130825,121169141,LOC121169141,-,-,-,Un,-,"acylglycerol kinase, mitochondrial-like",pseudo,-,-,-,-,20210420,-
130825,121169142,LOC121169142,-,-,-,Un,-,breast cancer metastasis-suppressor 1-like protein,pseudo,-,-,-,-,20210420,-
130825,121169143,LOC121169143,-,-,-,Un,-,fibronectin type III domain containing protein 3C1-like,protein-coding,-,-,-,fibronectin type III domain containing protein 3C1-like,20210420,-
130825,121169144,LOC121169144,-,-,-,Un,-,small nuclear ribonucleoprotein Sm D1-like,pseudo,-,-,-,-,20210420,-
130825,121169145,LOC121169145,-,-,-,Un,-,ferritin heavy chain-like,pseudo,-,-,-,-,20210420,-
130825,121169146,LOC121169146,-,-,-,Un,-,BRO1 domain-containing protein BROX-like,pseudo,-,-,-,-,20210420,-
130825,121169147,MAGEE1,-,-,-,Un,-,MAGE family member E1,protein-coding,-,-,-,melanoma-associated antigen E1,20210420,-
130825,121169148,LOC121169148,-,-,-,Un,-,40S ribosomal protein S20-like,pseudo,-,-,-,-,20210420,-
130825,121169149,LOC121169149,-,-,-,Un,-,60S ribosomal protein L21-like,pseudo,-,-,-,-,20210420,-
130825,121169150,LOC121169150,-,-,-,Un,-,40S ribosomal protein S25-like,pseudo,-,-,-,-,20210420,-
130825,121169151,LOC121169151,-,-,-,Un,-,ribosomal protein L18-like,pseudo,-,-,-,-,20210420,-
130825,121169152,LOC121169152,-,-,-,Un,-,"glycine, alanine and asparagine-rich protein-like",protein-coding,-,-,-,"glycine, alanine and asparagine-rich protein-like",20210420,-
130825,121169153,LOC121169153,-,-,-,Un,-,tubulin alpha chain-like,pseudo,-,-,-,-,20210420,-
130825,121169154,IGSF1,-,-,-,Un,-,immunoglobulin superfamily member 1,protein-coding,-,-,-,immunoglobulin superfamily member 1,20210420,-
130825,121169155,LOC121169155,-,-,-,Un,-,casein kinase I-like,protein-coding,-,-,-,LOW QUALITY PROTEIN: casein kinase I-like,20210420,-
130825,121169156,TMEM164,-,-,-,Un,-,transmembrane protein 164,protein-coding,-,-,-,transmembrane protein 164,20210420,-
130825,121169157,LOC121169157,-,-,-,Un,-,uncharacterized LOC121169157,ncRNA,-,-,-,-,20210420,-
130825,121169158,RAP2C,-,-,-,Un,-,"RAP2C, member of RAS oncogene family",protein-coding,-,-,-,ras-related protein Rap-2c,20210420,-
130825,121169159,VMA21,-,-,-,Un,-,vacuolar ATPase assembly factor VMA21,protein-coding,-,-,-,vacuolar ATPase assembly integral membrane protein VMA21,20210420,-
130825,121169160,PBDC1,-,-,-,Un,-,polysaccharide biosynthesis domain containing 1,protein-coding,-,-,-,protein PBDC1,20210420,-
130825,121169161,SOWAHD,-,-,-,Un,-,sosondowah ankyrin repeat domain family member D,protein-coding,-,-,-,ankyrin repeat domain-containing protein SOWAHD,20210420,-
130825,121169162,LONRF3,-,-,-,Un,-,LON peptidase N-terminal domain and ring finger 3,protein-coding,-,-,-,LON peptidase N-terminal domain and RING finger protein 3,20210420,-
130825,121169163,PABPC1L2B,-,-,-,Un,-,poly(A) binding protein cytoplasmic 1 like 2B,protein-coding,-,-,-,polyadenylate-binding protein 1-like 2,20210522,-
130825,121169164,PRR32,-,-,-,Un,-,proline rich 32,protein-coding,-,-,-,proline-rich protein 32,20210420,-
130825,121169165,SLC25A53,-,-,-,Un,-,solute carrier family 25 member 53,protein-coding,-,-,-,solute carrier family 25 member 53,20210420,-
130825,121169166,LOC121169166,-,-,-,Un,-,casein kinase I-like,protein-coding,-,-,-,casein kinase I-like,20210420,-
130825,121169167,SH2D1A,-,-,-,Un,-,SH2 domain containing 1A,protein-coding,-,-,-,SH2 domain-containing protein 1A,20210420,-
130825,121169168,TSPAN6,-,-,-,Un,-,tetraspanin 6,protein-coding,-,-,-,tetraspanin-6,20210420,-
130825,121169169,FUNDC1,-,-,-,Un,-,FUN14 domain containing 1,protein-coding,-,-,-,FUN14 domain-containing protein 1,20210529,-
130825,121169170,FAM199X,-,-,-,Un,-,"family with sequence similarity 199, X-linked",protein-coding,-,-,-,protein FAM199X,20210420,-
130825,121169171,FHL1,-,-,-,Un,-,four and a half LIM domains 1,protein-coding,-,-,-,four and a half LIM domains protein 1,20210420,-
130825,121169172,ZDHHC9,-,-,-,Un,-,zinc finger DHHC-type palmitoyltransferase 9,protein-coding,-,-,-,palmitoyltransferase ZDHHC9,20210420,-
130825,121169173,ZDHHC15,-,-,-,Un,-,zinc finger DHHC-type palmitoyltransferase 15,protein-coding,-,-,-,palmitoyltransferase ZDHHC15,20210420,-
130825,121169174,LOC121169174,-,-,-,Un,-,uncharacterized LOC121169174,ncRNA,-,-,-,-,20210420,-
130825,121169175,CNGA2,-,-,-,Un,-,cyclic nucleotide gated channel subunit alpha 2,protein-coding,-,-,-,cyclic nucleotide-gated olfactory channel,20210420,-
130825,121169176,PRRG3,-,-,-,Un,-,proline rich and Gla domain 3,protein-coding,-,-,-,transmembrane gamma-carboxyglutamic acid protein 3,20210420,-
130825,121169177,MORF4L2,-,-,-,Un,-,mortality factor 4 like 2,protein-coding,-,-,-,mortality factor 4-like protein 2,20210420,-
130825,121169178,PHKA1,-,-,-,Un,-,phosphorylase kinase regulatory subunit alpha 1,protein-coding,-,-,-,"phosphorylase b kinase regulatory subunit alpha, skeletal muscle isoform",20210420,-
130825,121169179,HMGB3,-,-,-,Un,-,high mobility group box 3,protein-coding,-,-,-,high mobility group protein B3,20210420,-
130825,121169180,CASK,-,-,-,Un,-,calcium/calmodulin dependent serine protein kinase,protein-coding,-,-,-,peripheral plasma membrane protein CASK,20210605,-
130825,121169181,LOC121169181,-,-,-,Un,-,uncharacterized LOC121169181,ncRNA,-,-,-,-,20210420,-
130825,121169182,LOC121169182,-,-,-,Un,-,UPF0669 protein C6orf120 homolog,protein-coding,-,-,-,UPF0669 protein C6orf120 homolog,20210420,-
130825,121169183,ARMCX2,-,-,-,Un,-,armadillo repeat containing X-linked 2,protein-coding,-,-,-,armadillo repeat-containing X-linked protein 2,20210420,-
130825,121169184,SLC9A6,-,-,-,Un,-,solute carrier family 9 member A6,protein-coding,-,-,-,sodium/hydrogen exchanger 6,20210420,-
130825,121169185,DCX,-,-,-,Un,-,doublecortin,protein-coding,-,-,-,neuronal migration protein doublecortin,20210529,-
130825,121169186,LOC121169186,-,-,-,Un,-,uncharacterized LOC121169186,ncRNA,-,-,-,-,20210420,-
130825,121169187,LOC121169187,-,-,-,Un,-,polypeptide N-acetylgalactosaminyltransferase 1-like,pseudo,-,-,-,-,20210420,-
130825,121169188,LRCH2,-,-,-,Un,-,leucine rich repeats and calponin homology domain containing 2,protein-coding,-,-,-,leucine-rich repeat and calponin homology domain-containing protein 2,20210420,-
130825,121169189,UPF3B,-,-,-,Un,-,UPF3B regulator of nonsense mediated mRNA decay,protein-coding,-,-,-,regulator of nonsense transcripts 3B,20210420,-
130825,121169190,NDUFA1,-,-,-,Un,-,NADH:ubiquinone oxidoreductase subunit A1,protein-coding,-,-,-,NADH dehydrogenase [ubiquinone] 1 alpha subcomplex subunit 1,20210420,-
130825,121169191,UBE2A,-,-,-,Un,-,ubiquitin conjugating enzyme E2 A,protein-coding,-,-,-,ubiquitin-conjugating enzyme E2 A,20210522,-
130825,121169192,TCEAL1,-,-,-,Un,-,transcription elongation factor A like 1,protein-coding,-,-,-,transcription elongation factor A protein-like 1,20210420,-
130825,121169193,LOC121169193,-,-,-,Un,-,cAMP-dependent protein kinase catalytic subunit alpha-like,protein-coding,-,-,-,cAMP-dependent protein kinase catalytic subunit alpha-like,20210420,-
130825,121169194,HNRNPH2,-,-,-,Un,-,heterogeneous nuclear ribonucleoprotein H2,protein-coding,-,-,-,heterogeneous nuclear ribonucleoprotein H2,20210529,-
130825,121169195,ARMCX6,-,-,-,Un,-,armadillo repeat containing X-linked 6,protein-coding,-,-,-,protein ARMCX6,20210420,-
130825,121169196,CSTF2,-,-,-,Un,-,cleavage stimulation factor subunit 2,protein-coding,-,-,-,cleavage stimulation factor subunit 2,20210420,-
130825,121169197,NOX1,-,-,-,Un,-,NADPH oxidase 1,protein-coding,-,-,-,NADPH oxidase 1,20210420,-
130825,121169198,ATP1B4,-,-,-,Un,-,ATPase Na+/K+ transporting family member beta 4,protein-coding,-,-,-,protein ATP1B4,20210420,-
130825,121169199,LOC121169199,-,-,-,Un,-,40S ribosomal protein SA-like,protein-coding,-,-,-,LOW QUALITY PROTEIN: 40S ribosomal protein SA-like,20210420,-
130825,121169200,TENM1,-,-,-,Un,-,teneurin transmembrane protein 1,protein-coding,-,-,-,teneurin-1,20210420,-
130825,121169201,LOC121169201,-,-,-,Un,-,uncharacterized LOC121169201,ncRNA,-,-,-,-,20210420,-
130825,121169202,APOOL,-,-,-,Un,-,apolipoprotein O like,protein-coding,-,-,-,MICOS complex subunit MIC27,20210420,-
130825,121169203,ZNF711,-,-,-,Un,-,zinc finger protein 711,protein-coding,-,-,-,zinc finger protein 711,20210420,-
130825,121169204,ARHGAP36,-,-,-,Un,-,Rho GTPase activating protein 36,protein-coding,-,-,-,rho GTPase-activating protein 36,20210420,-
130825,121169205,LOC121169205,-,-,-,Un,-,sodium- and chloride-dependent neutral and basic amino acid transporter B(0+),protein-coding,-,-,-,sodium- and chloride-dependent neutral and basic amino acid transporter B(0+),20210420,-
130825,121169206,CHRDL1,-,-,-,Un,-,chordin like 1,protein-coding,-,-,-,chordin-like protein 1,20210420,-
130825,121169207,GPR34,-,-,-,Un,-,G protein-coupled receptor 34,protein-coding,-,-,-,probable G-protein coupled receptor 34,20210420,-
130825,121169208,VSIG1,-,-,-,Un,-,V-set and immunoglobulin domain containing 1,protein-coding,-,-,-,V-set and immunoglobulin domain-containing protein 1,20210420,-
130825,121169209,GPC4,-,-,-,Un,-,glypican 4,protein-coding,-,-,-,glypican-4,20210420,-
130825,121169210,LOC121169210,-,-,-,Un,-,fructose-bisphosphate aldolase A-like,protein-coding,-,-,-,fructose-bisphosphate aldolase A-like,20210420,-
130825,121169211,RBM41,-,-,-,Un,-,RNA binding motif protein 41,protein-coding,-,-,-,RNA-binding protein 41,20210420,-
130825,121169212,NR3C1,-,-,-,Un,-,nuclear receptor subfamily 3 group C member 1,protein-coding,-,-,-,glucocorticoid receptor,20210420,-
130825,121169213,LOC121169213,-,-,-,Un,-,PABIR family member 2-like,pseudo,-,-,-,-,20210420,-
130825,121169214,PRPS1,-,-,-,Un,-,phosphoribosyl pyrophosphate synthetase 1,protein-coding,-,-,-,ribose-phosphate pyrophosphokinase 1,20210420,-
130825,121169215,HTATSF1,-,-,-,Un,-,HIV-1 Tat specific factor 1,protein-coding,-,-,-,HIV Tat-specific factor 1,20210420,-
130825,121169216,GPR82,-,-,-,Un,-,G protein-coupled receptor 82,protein-coding,-,-,-,probable G-protein coupled receptor 82,20210420,-
130825,121169217,LOC121169217,-,-,-,Un,-,TLR adapter interacting with SLC15A4 on the lysosome-like,protein-coding,-,-,-,TLR adapter interacting with SLC15A4 on the lysosome-like,20210420,-
130825,121169218,LOC121169218,-,-,-,Un,-,SH3 domain-binding glutamic acid-rich-like protein 3,protein-coding,-,-,-,SH3 domain-binding glutamic acid-rich-like protein 3,20210420,-
130825,121169219,POF1B,-,-,-,Un,-,POF1B actin binding protein,protein-coding,-,-,-,protein POF1B,20210420,-
130825,121169220,TNMD,-,-,-,Un,-,tenomodulin,protein-coding,-,-,-,tenomodulin,20210420,-
130825,121169221,AMMECR1,-,-,-,Un,-,AMMECR nuclear protein 1,protein-coding,-,-,-,AMME syndrome candidate gene 1 protein,20210420,-
130825,121169222,LOC121169222,-,-,-,Un,-,putative P2Y purinoceptor 10,protein-coding,-,-,-,putative P2Y purinoceptor 10,20210420,-
130825,121169223,DDX3X,-,-,-,Un,-,DEAD-box helicase 3 X-linked,protein-coding,-,-,-,ATP-dependent RNA helicase DDX3X,20210420,-
130825,121169224,HTR2C,-,-,-,Un,-,5-hydroxytryptamine receptor 2C,protein-coding,-,-,-,5-hydroxytryptamine receptor 2C,20210420,-
130825,121169225,UPRT,-,-,-,Un,-,uracil phosphoribosyltransferase homolog,protein-coding,-,-,-,uracil phosphoribosyltransferase homolog,20210420,-
130825,121169226,LOC121169226,-,-,-,Un,-,uncharacterized LOC121169226,ncRNA,-,-,-,-,20210420,-
130825,121169227,CCDC160,-,-,-,Un,-,coiled-coil domain containing 160,protein-coding,-,-,-,coiled-coil domain-containing protein 160,20210420,-
130825,121169228,RPS4X,-,-,-,Un,-,ribosomal protein S4 X-linked,protein-coding,-,-,-,"40S ribosomal protein S4, X isoform",20210424,-
130825,121169229,HPRT1,-,-,-,Un,-,hypoxanthine phosphoribosyltransferase 1,protein-coding,-,-,-,hypoxanthine-guanine phosphoribosyltransferase,20210420,-
130825,121169230,LOC121169230,-,-,-,Un,-,"selenide, water dikinase 1-like",protein-coding,-,-,-,"selenide, water dikinase 1-like",20210420,-
130825,121169231,TAF9B,-,-,-,Un,-,TATA-box binding protein associated factor 9b,protein-coding,-,-,-,transcription initiation factor TFIID subunit 9B,20210420,-
130825,121169232,F9,-,-,-,Un,-,coagulation factor IX,protein-coding,-,-,-,coagulation factor IX,20210420,-
130825,121169233,XPNPEP2,-,-,-,Un,-,X-prolyl aminopeptidase 2,protein-coding,-,-,-,xaa-Pro aminopeptidase 2,20210420,-
130825,121169234,ZCCHC12,-,-,-,Un,-,zinc finger CCHC-type containing 12,protein-coding,-,-,-,zinc finger CCHC domain-containing protein 12,20210420,-
130825,121169235,LOC121169235,-,-,-,Un,-,uncharacterized LOC121169235,ncRNA,-,-,-,-,20210420,-
130825,121169236,OCRL,-,-,-,Un,-,OCRL inositol polyphosphate-5-phosphatase,protein-coding,-,-,-,inositol polyphosphate 5-phosphatase OCRL,20210420,-
130825,121169237,MAGEE2,-,-,-,Un,-,MAGE family member E2,protein-coding,-,-,-,melanoma-associated antigen E2,20210420,-
130825,121169238,NAP1L3,-,-,-,Un,-,nucleosome assembly protein 1 like 3,protein-coding,-,-,-,nucleosome assembly protein 1-like 3,20210420,-
130825,121169239,ARMCX1,-,-,-,Un,-,armadillo repeat containing X-linked 1,protein-coding,-,-,-,armadillo repeat-containing X-linked protein 1,20210420,-
130825,121169240,HS6ST2,-,-,-,Un,-,heparan sulfate 6-O-sulfotransferase 2,protein-coding,-,-,-,heparan-sulfate 6-O-sulfotransferase 2,20210420,-
130825,121169241,LOC121169241,-,-,-,Un,-,NFKB activating protein,protein-coding,-,-,-,NF-kappa-B-activating protein,20210420,-
130825,121169242,HDX,-,-,-,Un,-,highly divergent homeobox,protein-coding,-,-,-,highly divergent homeobox,20210420,-
130825,121169243,SLITRK2,-,-,-,Un,-,SLIT and NTRK like family member 2,protein-coding,-,-,-,SLIT and NTRK-like protein 2,20210420,-
130825,121169244,PCDH19,-,-,-,Un,-,protocadherin 19,protein-coding,-,-,-,protocadherin-19,20210420,-
130825,121169245,SRPX2,-,-,-,Un,-,sushi repeat containing protein X-linked 2,protein-coding,-,-,-,sushi repeat-containing protein SRPX2,20210420,-
130825,121169246,LOC121169246,-,-,-,Un,-,ubiquinol-cytochrome-c reductase complex assembly factor 2-like,protein-coding,-,-,-,ubiquinol-cytochrome-c reductase complex assembly factor 2-like,20210420,-
130825,121169247,SLITRK4,-,-,-,Un,-,SLIT and NTRK like family member 4,protein-coding,-,-,-,SLIT and NTRK-like protein 4,20210420,-
130825,121169248,LOC121169248,-,-,-,Un,-,uncharacterized LOC121169248,ncRNA,-,-,-,-,20210420,-
130825,121169249,LOC121169249,-,-,-,Un,-,uncharacterized LOC121169249,ncRNA,-,-,-,-,20210420,-
130825,121169250,LOC121169250,-,-,-,Un,-,uncharacterized LOC121169250,ncRNA,-,-,-,-,20210420,-
130825,121169251,USP9X,-,-,-,Un,-,ubiquitin specific peptidase 9 X-linked,protein-coding,-,-,-,probable ubiquitin carboxyl-terminal hydrolase FAF-X,20210420,-
130825,121169252,LOC121169252,-,-,-,Un,-,40S ribosomal protein S18-like,protein-coding,-,-,-,40S ribosomal protein S18-like,20210420,-
130825,121169253,AFF2,-,-,-,Un,-,AF4/FMR2 family member 2,protein-coding,-,-,-,AF4/FMR2 family member 2,20210420,-
130825,121169254,GUCY2F,-,-,-,Un,-,"guanylate cyclase 2F, retinal",protein-coding,-,-,-,retinal guanylyl cyclase 2,20210420,-
130825,121169255,CAPN6,-,-,-,Un,-,calpain 6,protein-coding,-,-,-,calpain-6,20210420,-
130825,121169256,LOC121169256,-,-,-,Un,-,uncharacterized LOC121169256,ncRNA,-,-,-,-,20210420,-
130825,121169257,SLC25A5,-,-,-,Un,-,solute carrier family 25 member 5,protein-coding,-,-,-,ADP/ATP translocase 2,20210420,-
130825,121169258,NAP1L2,-,-,-,Un,-,nucleosome assembly protein 1 like 2,protein-coding,-,-,-,nucleosome assembly protein 1-like 2,20210420,-
130825,121169259,MMGT1,-,-,-,Un,-,membrane magnesium transporter 1,protein-coding,-,-,-,ER membrane protein complex subunit 5,20210420,-
130825,121169260,NSDHL,-,-,-,Un,-,NAD(P) dependent steroid dehydrogenase-like,protein-coding,-,-,-,"sterol-4-alpha-carboxylate 3-dehydrogenase, decarboxylating",20210420,-
130825,121169261,ZCCHC13,-,-,-,Un,-,zinc finger CCHC-type containing 13,protein-coding,-,-,-,zinc finger CCHC domain-containing protein 13,20210420,-
130825,121169262,LOC121169262,-,-,-,Un,-,ferritin heavy chain-like,pseudo,-,-,-,-,20210420,-
130825,121169263,AIFM1,-,-,-,Un,-,apoptosis inducing factor mitochondria associated 1,protein-coding,-,-,-,"apoptosis-inducing factor 1, mitochondrial",20210420,-
130825,121169264,LOC121169264,-,-,-,Un,-,uncharacterized LOC121169264,ncRNA,-,-,-,-,20210420,-
130825,121169265,LOC121169265,-,-,-,Un,-,gamma-glutamylcyclotransferase-like,pseudo,-,-,-,-,20210420,-
130825,121169266,ERCC6L,-,-,-,Un,-,"ERCC excision repair 6 like, spindle assembly checkpoint helicase",protein-coding,-,-,-,DNA excision repair protein ERCC-6-like,20210420,-
130825,121169267,PIN4,-,-,-,Un,-,"peptidylprolyl cis/trans isomerase, NIMA-interacting 4",protein-coding,-,-,-,peptidyl-prolyl cis-trans isomerase NIMA-interacting 4,20210420,-
130825,121169268,COL4A5,-,-,-,Un,-,collagen type IV alpha 5 chain,protein-coding,-,-,-,collagen alpha-5(IV) chain,20210420,-
130825,121169269,LOC121169269,-,-,-,Un,-,mitotic spindle assembly checkpoint protein MAD2A-like,pseudo,-,-,-,-,20210420,-
130825,121169270,LOC121169270,-,-,-,Un,-,60S ribosomal protein L27-like,pseudo,-,-,-,-,20210420,-
130825,121169271,LOC121169271,-,-,-,Un,-,ubiquitin-conjugating enzyme E2 D2-like,protein-coding,-,-,-,ubiquitin-conjugating enzyme E2 D2-like,20210420,-
130825,121169272,SLC25A14,-,-,-,Un,-,solute carrier family 25 member 14,protein-coding,-,-,-,brain mitochondrial carrier protein 1,20210420,-
130825,121169273,LOC121169273,-,-,-,Un,-,sodium- and chloride-dependent neutral and basic amino acid transporter B(0+)-like,protein-coding,-,-,-,sodium- and chloride-dependent neutral and basic amino acid transporter B(0+)-like,20210420,-
130825,121169274,LOC121169274,-,-,-,Un,-,glycine receptor subunit alpha-4,protein-coding,-,-,-,glycine receptor subunit alpha-4,20210420,-
130825,121169275,TBC1D8B,-,-,-,Un,-,TBC1 domain family member 8B,protein-coding,-,-,-,TBC1 domain family member 8B,20210420,-
130825,121169276,LOC121169276,-,-,-,Un,-,C-terminal-binding protein 2-like,pseudo,-,-,-,-,20210420,-
130825,121169277,FRMPD3,-,-,-,Un,-,FERM and PDZ domain containing 3,protein-coding,-,-,-,FERM and PDZ domain-containing protein 3,20210420,-
130825,121169278,ZIC3,-,-,-,Un,-,Zic family member 3,protein-coding,-,-,-,zinc finger protein ZIC 3,20210420,-
130825,121169279,LOC121169279,-,-,-,Un,-,ubiquitin-conjugating enzyme E2 D2-like,protein-coding,-,-,-,ubiquitin-conjugating enzyme E2 D2-like,20210529,-
130825,121169280,DIAPH2,-,-,-,Un,-,diaphanous related formin 2,protein-coding,-,-,-,protein diaphanous homolog 2,20210420,-
130825,121169281,LOC121169281,-,-,-,Un,-,dual specificity protein phosphatase 12-like,protein-coding,-,-,-,dual specificity protein phosphatase 12-like,20210420,-
130825,121169282,LOC121169282,-,-,-,Un,-,uncharacterized LOC121169282,ncRNA,-,-,-,-,20210420,-
130825,121169283,LOC121169283,-,-,-,Un,-,eukaryotic translation initiation factor 3 subunit H-like,protein-coding,-,-,-,eukaryotic translation initiation factor 3 subunit H-like,20210420,-
130825,121169284,CDR1,-,-,-,Un,-,cerebellar degeneration related protein 1,protein-coding,-,-,-,LOW QUALITY PROTEIN: cerebellar degeneration-related antigen 1,20210420,-
130825,121169285,LOC121169285,-,-,-,Un,-,elongation factor 1-alpha 1-like,pseudo,-,-,-,-,20210420,-
130825,121169286,RNF128,-,-,-,Un,-,ring finger protein 128,protein-coding,-,-,-,E3 ubiquitin-protein ligase RNF128,20210420,-
130825,121169287,GLA,-,-,-,Un,-,galactosidase alpha,protein-coding,-,-,-,alpha-galactosidase A,20210420,-
130825,121169288,RAB33A,-,-,-,Un,-,"RAB33A, member RAS oncogene family",protein-coding,-,-,-,ras-related protein Rab-33A,20210420,-
130825,121169289,LOC121169289,-,-,-,Un,-,tubulin alpha-1C chain-like,protein-coding,-,-,-,tubulin alpha-1C chain-like,20210420,-
130825,121169290,CENPI,-,-,-,Un,-,centromere protein I,protein-coding,-,-,-,centromere protein I,20210420,-
130825,121169291,UTP14A,-,-,-,Un,-,UTP14A small subunit processome component,protein-coding,-,-,-,U3 small nucleolar RNA-associated protein 14 homolog A,20210420,-
130825,121169292,GPRASP1,-,-,-,Un,-,G protein-coupled receptor associated sorting protein 1,protein-coding,-,-,-,G-protein coupled receptor-associated sorting protein 1,20210420,-
130825,121169293,LOC121169293,-,-,-,Un,-,G-protein coupled receptor-associated sorting protein 2-like,protein-coding,-,-,-,G-protein coupled receptor-associated sorting protein 2-like,20210420,-
130825,121169294,ARMCX5,-,-,-,Un,-,armadillo repeat containing X-linked 5,protein-coding,-,-,-,armadillo repeat-containing X-linked protein 5,20210420,-
130825,121169295,LOC121169295,-,-,-,Un,-,protein BHLHb9-like,protein-coding,-,-,-,protein BHLHb9-like,20210420,-
130825,121169296,TCEAL4,-,-,-,Un,-,transcription elongation factor A like 4,protein-coding,-,-,-,transcription elongation factor A protein-like 4,20210420,-
130825,121169297,TCEAL5,-,-,-,Un,-,transcription elongation factor A like 5,protein-coding,-,-,-,transcription elongation factor A protein-like 5,20210420,-
130825,121169298,TCEAL6,-,-,-,Un,-,transcription elongation factor A like 6,protein-coding,-,-,-,transcription elongation factor A protein-like 6,20210420,-
130825,121169299,TCEAL2,-,-,-,Un,-,transcription elongation factor A like 2,protein-coding,-,-,-,transcription elongation factor A protein-like 2,20210420,-
130825,121169300,LOC121169300,-,-,-,Un,-,signal peptidase complex subunit 3-like,protein-coding,-,-,-,signal peptidase complex subunit 3-like,20210420,-
130825,121169301,LOC121169301,-,-,-,Un,-,protein BEX2-like,protein-coding,-,-,-,protein BEX2-like,20210420,-
130825,121169302,BEX1,-,-,-,Un,-,brain expressed X-linked 1,protein-coding,-,-,-,protein BEX1,20210420,-
130825,121169303,BEX4,-,-,-,Un,-,brain expressed X-linked 4,protein-coding,-,-,-,protein BEX4,20210420,-
130825,121169304,TCEAL8,-,-,-,Un,-,transcription elongation factor A like 8,protein-coding,-,-,-,transcription elongation factor A protein-like 8,20210420,-
130825,121169305,BEX5,-,-,-,Un,-,brain expressed X-linked 5,protein-coding,-,-,-,protein BEX5,20210420,-
130825,121169306,TCEAL9,-,-,-,Un,-,transcription elongation factor A like 9,protein-coding,-,-,-,transcription elongation factor A protein-like 9,20210420,-
130825,121169307,BEX3,-,-,-,Un,-,brain expressed X-linked 3,protein-coding,-,-,-,protein BEX3,20210420,-
130825,121169308,TCEAL7,-,-,-,Un,-,transcription elongation factor A like 7,protein-coding,-,-,-,transcription elongation factor A protein-like 7,20210420,-
130825,121169309,LOC121169309,-,-,-,Un,-,60S ribosomal protein L37-like,pseudo,-,-,-,-,20210420,-
130825,121169310,LOC121169310,-,-,-,Un,-,protein dpy-30 homolog,pseudo,-,-,-,-,20210420,-
130825,121169311,TMSB15A,-,-,-,Un,-,thymosin beta 15A,protein-coding,-,-,-,thymosin beta-15A,20210420,-
130825,121169312,RPL36A,-,-,-,Un,-,ribosomal protein L36a,protein-coding,-,-,-,60S ribosomal protein L36a,20210501,-
130825,121169313,MED14,-,-,-,Un,-,mediator complex subunit 14,protein-coding,-,-,-,mediator of RNA polymerase II transcription subunit 14,20210420,-
130825,121169314,PGRMC1,-,-,-,Un,-,progesterone receptor membrane component 1,protein-coding,-,-,-,membrane-associated progesterone receptor component 1,20210420,-
130825,121169315,LOC121169315,-,-,-,Un,-,uncharacterized LOC121169315,protein-coding,-,-,-,uncharacterized protein LOC121169315,20210420,-
130825,121169316,TMSB15B,-,-,-,Un,-,thymosin beta 15B,protein-coding,-,-,-,thymosin beta-15B,20210420,-
130825,121169317,NKRF,-,-,-,Un,-,NFKB repressing factor,protein-coding,-,-,-,NF-kappa-B-repressing factor,20210420,-
130825,121169318,LOC121169318,-,-,-,Un,-,polyadenylate-binding protein 1-like 2,protein-coding,-,-,-,polyadenylate-binding protein 1-like 2,20210522,-
130825,121169319,PLP1,-,-,-,Un,-,proteolipid protein 1,protein-coding,-,-,-,myelin proteolipid protein,20210420,-
130825,121169320,LOC121169320,-,-,-,Un,-,uncharacterized LOC121169320,ncRNA,-,-,-,-,20210420,-
130825,121169321,LOC121169321,-,-,-,Un,-,alpha-enolase-like,protein-coding,-,-,-,LOW QUALITY PROTEIN: alpha-enolase-like,20210420,-
130825,121169322,SYTL4,-,-,-,Un,-,synaptotagmin like 4,protein-coding,-,-,-,synaptotagmin-like protein 4,20210420,-
130825,121169323,CUNHXorf38,-,-,-,Un,-,chromosome unknown CXorf38 homolog,protein-coding,-,-,-,uncharacterized protein CXorf38 homolog,20210420,-
130825,121169324,ARMCX3,-,-,-,Un,-,armadillo repeat containing X-linked 3,protein-coding,-,-,-,armadillo repeat-containing X-linked protein 3,20210420,-
130825,121169325,TMEM35A,-,-,-,Un,-,transmembrane protein 35A,protein-coding,-,-,-,transmembrane protein 35A,20210420,-
130825,121169326,PABPC5,-,-,-,Un,-,poly(A) binding protein cytoplasmic 5,protein-coding,-,-,-,polyadenylate-binding protein 5,20210420,-
130825,121169327,NHSL2,-,-,-,Un,-,NHS like 2,protein-coding,-,-,-,NHS-like protein 2,20210420,-
130825,121169328,RTL5,-,-,-,Un,-,retrotransposon Gag like 5,protein-coding,-,-,-,retrotransposon Gag-like protein 5,20210420,-
130825,121169329,CETN2,-,-,-,Un,-,centrin 2,protein-coding,-,-,-,centrin-2,20210420,-
130825,121169330,GRIA3,-,-,-,Un,-,glutamate ionotropic receptor AMPA type subunit 3,protein-coding,-,-,-,glutamate receptor 3,20210420,-
130825,121169331,LOC121169331,-,-,-,Un,-,integrator complex subunit 6-like,pseudo,-,-,-,-,20210420,-
130825,121169332,GABRA3,-,-,-,Un,-,gamma-aminobutyric acid type A receptor subunit alpha3,protein-coding,-,-,-,gamma-aminobutyric acid receptor subunit alpha-3,20210420,-
130825,121169333,PLS3,-,-,-,Un,-,plastin 3,protein-coding,-,-,-,plastin-3,20210420,-
130825,121169334,LDOC1,-,-,-,Un,-,LDOC1 regulator of NFKB signaling,protein-coding,-,-,-,protein LDOC1,20210420,-
130825,121169335,LOC121169335,-,-,-,Un,-,transcription initiation factor IIA subunit 2-like,pseudo,-,-,-,-,20210420,-
130825,121169336,XKRX,-,-,-,Un,-,XK related X-linked,protein-coding,-,-,-,XK-related protein 2,20210420,-
130825,121169337,NEXMIF,-,-,-,Un,-,neurite extension and migration factor,protein-coding,-,-,-,neurite extension and migration factor,20210420,-
130825,121169338,LOC121169338,-,-,-,Un,-,protein TFG-like,pseudo,-,-,-,-,20210420,-
130825,121169339,C1GALT1C1,-,-,-,Un,-,C1GALT1 specific chaperone 1,protein-coding,-,-,-,C1GALT1-specific chaperone 1,20210420,-
130825,121169340,MOSPD1,-,-,-,Un,-,motile sperm domain containing 1,protein-coding,-,-,-,motile sperm domain-containing protein 1,20210420,-
130825,121169341,IL13RA2,-,-,-,Un,-,interleukin 13 receptor subunit alpha 2,protein-coding,-,-,-,interleukin-13 receptor subunit alpha-2,20210420,-
130825,121169342,LOC121169342,-,-,-,Un,-,EOLA-like protein,protein-coding,-,-,-,EOLA-like protein,20210420,-
130825,121169343,ATP6AP2,-,-,-,Un,-,ATPase H+ transporting accessory protein 2,protein-coding,-,-,-,renin receptor,20210420,-
130825,121169344,FGF16,-,-,-,Un,-,fibroblast growth factor 16,protein-coding,-,-,-,fibroblast growth factor 16,20210420,-
130825,121169345,LOC121169345,-,-,-,Un,-,high mobility group protein B1-like,protein-coding,-,-,-,LOW QUALITY PROTEIN: high mobility group protein B1-like,20210420,-
130825,121169346,LOC121169346,-,-,-,Un,-,actin-related protein T1-like,protein-coding,-,-,-,actin-related protein T1-like,20210420,-
130825,121169347,RPL39,-,-,-,Un,-,ribosomal protein L39,protein-coding,-,-,-,60S ribosomal protein L39,20210501,-
130825,121169348,SOX3,-,-,-,Un,-,SRY-box transcription factor 3,protein-coding,-,-,-,transcription factor SOX-3,20210420,-
130825,121169349,STEEP1,-,-,-,Un,-,STING1 ER exit protein 1,protein-coding,-,-,-,STING ER exit protein,20210420,-
130825,121169350,TBX22,-,-,-,Un,-,T-box transcription factor 22,protein-coding,-,-,-,T-box transcription factor TBX22,20210420,-
130825,121169351,MORC4,-,-,-,Un,-,MORC family CW-type zinc finger 4,protein-coding,-,-,-,MORC family CW-type zinc finger protein 4,20210420,-
130825,121169352,BCOR,-,-,-,Un,-,BCL6 corepressor,protein-coding,-,-,-,BCL-6 corepressor,20210420,-
130825,121169353,BRS3,-,-,-,Un,-,bombesin receptor subtype 3,protein-coding,-,-,-,bombesin receptor subtype-3,20210420,-
130825,121169354,LOC121169354,-,-,-,Un,-,"NACHT, LRR and PYD domains-containing protein 12-like",protein-coding,-,-,-,"NACHT, LRR and PYD domains-containing protein 12-like",20210420,-
130825,121169355,LOC121169355,-,-,-,Un,-,ATM interactor-like,protein-coding,-,-,-,LOW QUALITY PROTEIN: ATM interactor-like,20210420,-
130825,121169356,LOC121169356,-,-,-,Un,-,"cytochrome c oxidase subunit 7B, mitochondrial",protein-coding,-,-,-,"cytochrome c oxidase subunit 7B, mitochondrial",20210420,-
130825,121169357,LOC121169357,-,-,-,Un,-,vacuolar protein sorting-associated protein 28 homolog,pseudo,-,-,-,-,20210420,-
130825,121169358,LOC121169358,-,-,-,Un,-,uncharacterized LOC121169358,ncRNA,-,-,-,-,20210420,-
130825,121169359,LOC121169359,-,-,-,Un,-,uncharacterized LOC121169359,ncRNA,-,-,-,-,20210420,-
130825,121169360,LPAR4,-,-,-,Un,-,lysophosphatidic acid receptor 4,protein-coding,-,-,-,lysophosphatidic acid receptor 4,20210420,-
130825,121169361,LOC121169361,-,-,-,Un,-,uncharacterized LOC121169361,ncRNA,-,-,-,-,20210420,-
130825,121169362,POU3F4,-,-,-,Un,-,POU class 3 homeobox 4,protein-coding,-,-,-,"POU domain, class 3, transcription factor 4",20210420,-
130825,121169363,MID1IP1,-,-,-,Un,-,MID1 interacting protein 1,protein-coding,-,-,-,mid1-interacting protein 1,20210420,-
130825,121169364,SLC25A43,-,-,-,Un,-,solute carrier family 25 member 43,protein-coding,-,-,-,solute carrier family 25 member 43,20210420,-
130825,121169365,LOC121169365,-,-,-,Un,-,uncharacterized LOC121169365,ncRNA,-,-,-,-,20210420,-
130825,121169366,SLC16A2,-,-,-,Un,-,solute carrier family 16 member 2,protein-coding,-,-,-,monocarboxylate transporter 8,20210420,-
130825,121169367,TRPC5,-,-,-,Un,-,transient receptor potential cation channel subfamily C member 5,protein-coding,-,-,-,short transient receptor potential channel 5,20210420,-
130825,121169368,AGTR2,-,-,-,Un,-,angiotensin II receptor type 2,protein-coding,-,-,-,type-2 angiotensin II receptor,20210420,-
130825,121169369,GPR119,-,-,-,Un,-,G protein-coupled receptor 119,protein-coding,-,-,-,glucose-dependent insulinotropic receptor,20210420,-
130825,121169370,CLDN2,-,-,-,Un,-,claudin 2,protein-coding,-,-,-,claudin-2,20210420,-
130825,121169371,RBMX2,-,-,-,Un,-,RNA binding motif protein X-linked 2,protein-coding,-,-,-,"RNA-binding motif protein, X-linked 2",20210420,-
130825,121169372,LOC121169372,-,-,-,Un,-,protein WWC2-like,protein-coding,-,-,-,LOW QUALITY PROTEIN: protein WWC2-like,20210420,-
130825,121169373,LOC121169373,-,-,-,Un,-,40S ribosomal protein S18-like,pseudo,-,-,-,-,20210420,-
130825,121169374,FRMD7,-,-,-,Un,-,FERM domain containing 7,protein-coding,-,-,-,FERM domain-containing protein 7,20210420,-
130825,121169375,STK26,-,-,-,Un,-,serine/threonine kinase 26,protein-coding,-,-,-,serine/threonine-protein kinase 26,20210420,-
130825,121169376,LOC121169376,-,-,-,Un,-,UV excision repair protein RAD23 homolog A-like,protein-coding,-,-,-,UV excision repair protein RAD23 homolog A-like,20210420,-
130825,121169377,ACSL4,-,-,-,Un,-,acyl-CoA synthetase long chain family member 4,protein-coding,-,-,-,long-chain-fatty-acid--CoA ligase 4,20210420,-
130825,121169378,TSPAN7,-,-,-,Un,-,tetraspanin 7,protein-coding,-,-,-,tetraspanin-7,20210420,-
130825,121169379,LOC121169379,-,-,-,Un,-,WD repeat-containing protein 20-like,pseudo,-,-,-,-,20210420,-
130825,121169380,LOC121169380,-,-,-,Un,-,toll-like receptor 13,protein-coding,-,-,-,toll-like receptor 13,20210420,-
130825,121169381,LHFPL1,-,-,-,Un,-,LHFPL tetraspan subfamily member 1,protein-coding,-,-,-,LHFPL tetraspan subfamily member 1 protein,20210420,-
130825,121169382,ATP11C,-,-,-,Un,-,ATPase phospholipid transporting 11C,protein-coding,-,-,-,phospholipid-transporting ATPase IG,20210420,-
130825,121169383,LOC121169383,-,-,-,Un,-,26S proteasome complex subunit SEM1-like,pseudo,-,-,-,-,20210420,-
130825,121169384,ZMAT1,-,-,-,Un,-,zinc finger matrin-type 1,protein-coding,-,-,-,zinc finger matrin-type protein 1,20210420,-
130825,121169385,ARL13A,-,-,-,Un,-,ADP ribosylation factor like GTPase 13A,protein-coding,-,-,-,ADP-ribosylation factor-like protein 13A,20210420,-
130825,121169386,ENOX2,-,-,-,Un,-,ecto-NOX disulfide-thiol exchanger 2,protein-coding,-,-,-,ecto-NOX disulfide-thiol exchanger 2,20210420,-
130825,121169387,RPGR,-,-,-,Un,-,retinitis pigmentosa GTPase regulator,protein-coding,-,-,-,X-linked retinitis pigmentosa GTPase regulator,20210420,-
130825,121169388,NXT2,-,-,-,Un,-,nuclear transport factor 2 like export factor 2,protein-coding,-,-,-,NTF2-related export protein 2,20210420,-
130825,121169389,TIMM8A,-,-,-,Un,-,translocase of inner mitochondrial membrane 8A,protein-coding,-,-,-,mitochondrial import inner membrane translocase subunit Tim8 A,20210420,-
130825,121169390,LOC121169390,-,-,-,Un,-,integrator complex subunit 6-like,protein-coding,-,-,-,integrator complex subunit 6-like,20210420,-
130825,121169391,CUL4B,-,-,-,Un,-,cullin 4B,protein-coding,-,-,-,cullin-4B,20210529,-
130825,121169392,MCTS1,-,-,-,Un,-,MCTS1 re-initiation and release factor,protein-coding,-,-,-,malignant T-cell-amplified sequence 1,20210420,-
130825,121169393,LOC121169393,-,-,-,Un,-,uncharacterized LOC121169393,ncRNA,-,-,-,-,20210420,-
130825,121169394,GABRE,-,-,-,Un,-,gamma-aminobutyric acid type A receptor subunit epsilon,protein-coding,-,-,-,gamma-aminobutyric acid receptor subunit epsilon,20210420,-
130825,121169395,ARMCX4,-,-,-,Un,-,armadillo repeat containing X-linked 4,protein-coding,-,-,-,armadillo repeat-containing X-linked protein 4,20210420,-
130825,121169396,LOC121169396,-,-,-,Un,-,actin-related protein T1-like,protein-coding,-,-,-,actin-related protein T1-like,20210420,-
130825,121169397,LOC121169397,-,-,-,Un,-,NADH dehydrogenase [ubiquinone] 1 alpha subcomplex subunit 1-like,pseudo,-,-,-,-,20210420,-
130825,121169398,DYNLT3,-,-,-,Un,-,dynein light chain Tctex-type 3,protein-coding,-,-,-,dynein light chain Tctex-type 3,20210420,-
130825,121169399,LOC121169399,-,-,-,Un,-,ubiquitin-like protein 5,pseudo,-,-,-,-,20210420,-
130825,121169400,LOC121169400,-,-,-,Un,-,COP9 signalosome complex subunit 7b-like,pseudo,-,-,-,-,20210420,-
130825,121169401,LOC121169401,-,-,-,Un,-,nucleoside diphosphate kinase 6-like,pseudo,-,-,-,-,20210420,-
130825,121169402,LOC121169402,-,-,-,Un,-,general transcription factor IIH subunit 3-like,pseudo,-,-,-,-,20210420,-
130825,121169403,LOC121169403,-,-,-,Un,-,PEST proteolytic signal-containing nuclear protein-like,pseudo,-,-,-,-,20210420,-
130825,121169404,TCEAL3,-,-,-,Un,-,transcription elongation factor A like 3,protein-coding,-,-,-,transcription elongation factor A protein-like 3,20210420,-
130825,121169405,LOC121169405,-,-,-,Un,-,60S ribosomal protein L39-like,protein-coding,-,-,-,60S ribosomal protein L39-like,20210420,-
130825,121169406,LOC121169406,-,-,-,Un,-,60S ribosomal protein L21-like,pseudo,-,-,-,-,20210420,-
130825,121169407,LOC121169407,-,-,-,Un,-,melanoma-associated antigen 10-like,protein-coding,-,-,-,melanoma-associated antigen 10-like,20210420,-
130825,121169408,HDAC8,-,-,-,Un,-,histone deacetylase 8,protein-coding,-,-,-,histone deacetylase 8,20210420,-
130825,121169409,LOC121169409,-,-,-,Un,-,cytochrome b-245 heavy chain,protein-coding,-,-,-,cytochrome b-245 heavy chain,20210420,-
130825,121169410,APLN,-,-,-,Un,-,apelin,protein-coding,-,-,-,apelin,20210420,-
130825,121169411,LOC121169411,-,-,-,Un,-,BTB/POZ domain-containing protein KCTD1-like,protein-coding,-,-,-,BTB/POZ domain-containing protein KCTD1-like,20210420,-
130825,121169412,SEPTIN6,-,-,-,Un,-,septin 6,protein-coding,-,-,-,septin-6,20210529,-
130825,121169413,CHM,-,-,-,Un,-,CHM Rab escort protein,protein-coding,-,-,-,rab proteins geranylgeranyltransferase component A 1,20210420,-
130825,121169414,BRWD3,-,-,-,Un,-,bromodomain and WD repeat domain containing 3,protein-coding,-,-,-,bromodomain and WD repeat-containing protein 3,20210420,-
130825,121169415,XK,-,-,-,Un,-,X-linked Kx blood group,protein-coding,-,-,-,membrane transport protein XK,20210420,-
130825,121169416,LAMP2,-,-,-,Un,-,lysosomal associated membrane protein 2,protein-coding,-,-,-,lysosome-associated membrane glycoprotein 2,20210420,-
130825,121169417,LOC121169417,-,-,-,Un,-,60S acidic ribosomal protein P2-like,pseudo,-,-,-,-,20210420,-
130825,121169418,LOC121169418,-,-,-,Un,-,MICOS complex subunit MIC13-like,pseudo,-,-,-,-,20210420,-
130825,121169419,THOC2,-,-,-,Un,-,THO complex 2,protein-coding,-,-,-,THO complex subunit 2,20210420,-
130825,121169420,BCORL1,-,-,-,Un,-,BCL6 corepressor like 1,protein-coding,-,-,-,BCL-6 corepressor-like protein 1,20210420,-
130825,121169421,DMD,-,-,-,Un,-,dystrophin,protein-coding,-,-,-,dystrophin,20210420,-
130825,121169422,ELF4,-,-,-,Un,-,E74 like ETS transcription factor 4,protein-coding,-,-,-,ETS-related transcription factor Elf-4,20210420,-
130825,121169423,GABRQ,-,-,-,Un,-,gamma-aminobutyric acid type A receptor subunit theta,protein-coding,-,-,-,gamma-aminobutyric acid receptor subunit theta,20210420,-
130825,121169424,ATP7A,-,-,-,Un,-,ATPase copper transporting alpha,protein-coding,-,-,-,copper-transporting ATPase 1,20210420,-
130825,121169425,LOC121169425,-,-,-,Un,-,X-linked inhibitor of apoptosis,protein-coding,-,-,-,E3 ubiquitin-protein ligase XIAP,20210420,-
130825,121169426,LOC121169426,-,-,-,Un,-,BTB/POZ domain-containing protein 10-like,pseudo,-,-,-,-,20210420,-
130825,121169427,IL13RA1,-,-,-,Un,-,interleukin 13 receptor subunit alpha 1,protein-coding,-,-,-,interleukin-13 receptor subunit alpha-1,20210420,-
130825,121169428,SMIM10,-,-,-,Un,-,small integral membrane protein 10,protein-coding,-,-,-,small integral membrane protein 10,20210420,-
130825,121169429,LOC121169429,-,-,-,Un,-,thioredoxin-like protein 4A,pseudo,-,-,-,-,20210420,-
130825,121169430,LOC121169430,-,-,-,Un,-,dnaJ homolog subfamily A member 1-like,pseudo,-,-,-,-,20210420,-
130825,121169431,LOC121169431,-,-,-,Un,-,NADH dehydrogenase [ubiquinone] 1 beta subcomplex subunit 4-like,pseudo,-,-,-,-,20210420,-
130825,121169432,LOC121169432,-,-,-,Un,-,40S ribosomal protein S8-like,pseudo,-,-,-,-,20210420,-
130825,121169433,LOC121169433,-,-,-,Un,-,small integral membrane protein 10-like protein 2A,protein-coding,-,-,-,small integral membrane protein 10-like protein 2A,20210420,-
130825,121169434,LOC121169434,-,-,-,Un,-,40S ribosomal protein S2-like,pseudo,-,-,-,-,20210420,-
130825,121169435,LOC121169435,-,-,-,Un,-,vacuolar fusion protein MON1 homolog B-like,pseudo,-,-,-,-,20210420,-
130825,121169436,LOC121169436,-,-,-,Un,-,caspase-6-like,pseudo,-,-,-,-,20210420,-
130825,121169437,ZNF185,-,-,-,Un,-,zinc finger protein 185 with LIM domain,protein-coding,-,-,-,zinc finger protein 185,20210420,-
130825,121169438,LOC121169438,-,-,-,Un,-,melanoma-associated antigen 10-like,protein-coding,-,-,-,melanoma-associated antigen 10-like,20210420,-
130825,121169439,PASD1,-,-,-,Un,-,PAS domain containing repressor 1,protein-coding,-,-,-,circadian clock protein PASD1,20210420,-
130825,121169440,GPR50,-,-,-,Un,-,G protein-coupled receptor 50,protein-coding,-,-,-,melatonin-related receptor,20210420,-
130825,121169441,LOC121169441,-,-,-,Un,-,extensin-like,protein-coding,-,-,-,extensin-like,20210420,-
130825,121169442,LOC121169442,-,-,-,Un,-,"heat shock transcription factor, X-linked member 3-like",protein-coding,-,-,-,"heat shock transcription factor, X-linked member 3-like",20210420,-
130825,121169443,LOC121169443,-,-,-,Un,-,melanoma-associated antigen 8-like,protein-coding,-,-,-,melanoma-associated antigen 8-like,20210420,-
130825,121169444,LOC121169444,-,-,-,Un,-,60S acidic ribosomal protein P1-like,pseudo,-,-,-,-,20210420,-
130825,121169445,LOC121169445,-,-,-,Un,-,melanoma-associated antigen 10-like,protein-coding,-,-,-,melanoma-associated antigen 10-like,20210420,-
130825,121169446,FMR1NB,-,-,-,Un,-,FMR1 neighbor,protein-coding,-,-,-,fragile X mental retardation 1 neighbor protein,20210420,-
130825,121169447,LOC121169447,-,-,-,Un,-,RNA polymerase II elongation factor ELL2-like,protein-coding,-,-,-,RNA polymerase II elongation factor ELL2-like,20210420,-
130825,121169448,LOC121169448,-,-,-,Un,-,casein kinase I-like,protein-coding,-,-,-,casein kinase I-like,20210420,-
130825,121169449,LOC121169449,-,-,-,Un,-,casein kinase I-like,protein-coding,-,-,-,casein kinase I-like,20210420,-
130825,121169450,LOC121169450,-,-,-,Un,-,casein kinase I-like,protein-coding,-,-,-,casein kinase I-like,20210420,-
130825,121169451,LOC121169451,-,-,-,Un,-,protein phosphatase inhibitor 2-like,pseudo,-,-,-,-,20210420,-
130825,121169452,LOC121169452,-,-,-,Un,-,ubiquitin-conjugating enzyme E2 variant 1-like,pseudo,-,-,-,-,20210420,-
130825,121169453,LOC121169453,-,-,-,Un,-,E3 ubiquitin-protein ligase RNF4-like,pseudo,-,-,-,-,20210420,-
130825,121169454,LOC121169454,-,-,-,Un,-,UPF0472 protein C16orf72,protein-coding,-,-,-,UPF0472 protein C16orf72,20210420,-
130825,121169455,LOC121169455,-,-,-,Un,-,pseudouridine-5'-phosphatase-like,pseudo,-,-,-,-,20210420,-
130825,121169456,VGLL1,-,-,-,Un,-,vestigial like family member 1,protein-coding,-,-,-,transcription cofactor vestigial-like protein 1,20210420,-
130825,121169457,ADGRG4,-,-,-,Un,-,adhesion G protein-coupled receptor G4,protein-coding,-,-,-,LOW QUALITY PROTEIN: adhesion G-protein coupled receptor G4,20210420,-
130825,121169458,MAP7D3,-,-,-,Un,-,MAP7 domain containing 3,protein-coding,-,-,-,MAP7 domain-containing protein 3,20210420,-
130825,121169459,LOC121169459,-,-,-,Un,-,uncharacterized LOC121169459,ncRNA,-,-,-,-,20210420,-
130825,121169460,LOC121169460,-,-,-,Un,-,cancer/testis antigen 55-like,protein-coding,-,-,-,cancer/testis antigen 55-like,20210420,-
130825,121169461,LOC121169461,-,-,-,Un,-,embryonic testis differentiation protein homolog B-like,protein-coding,-,-,-,embryonic testis differentiation protein homolog B-like,20210420,-
130825,121169462,LOC121169462,-,-,-,Un,-,probable tubulin polyglutamylase TTLL1,pseudo,-,-,-,-,20210420,-
130825,121169463,LOC121169463,-,-,-,Un,-,P2R1A-PPP2R2A-interacting phosphatase regulator 1-like,protein-coding,-,-,-,P2R1A-PPP2R2A-interacting phosphatase regulator 1-like,20210420,-
130825,121169464,PLAC1,-,-,-,Un,-,placenta enriched 1,protein-coding,-,-,-,placenta-specific protein 1,20210420,-
130825,121169465,USP26,-,-,-,Un,-,ubiquitin specific peptidase 26,protein-coding,-,-,-,ubiquitin carboxyl-terminal hydrolase 26,20210420,-
130825,121169466,LOC121169466,-,-,-,Un,-,RING finger protein 214-like,pseudo,-,-,-,-,20210420,-
130825,121169467,LOC121169467,-,-,-,Un,-,olfactory receptor 13H1,protein-coding,-,-,-,LOW QUALITY PROTEIN: olfactory receptor 13H1,20210420,-
130825,121169468,LOC121169468,-,-,-,Un,-,olfactory receptor 1052-like,protein-coding,-,-,-,olfactory receptor 1052-like,20210420,-
130825,121169469,LOC121169469,-,-,-,Un,-,olfactory receptor 10A4-like,protein-coding,-,-,-,olfactory receptor 10A4-like,20210420,-
130825,121169470,ZNF280C,-,-,-,Un,-,zinc finger protein 280C,protein-coding,-,-,-,LOW QUALITY PROTEIN: zinc finger protein 280C,20210420,-
130825,121169471,LOC121169471,-,-,-,Un,-,TM2 domain-containing protein 2-like,pseudo,-,-,-,-,20210420,-
130825,121169472,LOC121169472,-,-,-,Un,-,WW domain-binding protein 4-like,pseudo,-,-,-,-,20210420,-
130825,121169473,LOC121169473,-,-,-,Un,-,elongation factor 1-alpha 1-like,pseudo,-,-,-,-,20210420,-
130825,121169474,LOC121169474,-,-,-,Un,-,DDB1- and CUL4-associated factor 12-like protein 2,protein-coding,-,-,-,DDB1- and CUL4-associated factor 12-like protein 2,20210420,-
130825,121169475,TAB3,-,-,-,Un,-,TGF-beta activated kinase 1 (MAP3K7) binding protein 3,protein-coding,-,-,-,TGF-beta-activated kinase 1 and MAP3K7-binding protein 3,20210420,-
130825,121169476,LOC121169476,-,-,-,Un,-,DDB1- and CUL4-associated factor 12-like protein 2,protein-coding,-,-,-,DDB1- and CUL4-associated factor 12-like protein 2,20210420,-
130825,121169477,LOC121169477,-,-,-,Un,-,casein kinase I-like,protein-coding,-,-,-,casein kinase I-like,20210420,-
130825,121169478,LOC121169478,-,-,-,Un,-,40S ribosomal protein S3a-like,pseudo,-,-,-,-,20210420,-
130825,121169479,LOC121169479,-,-,-,Un,-,elongation factor 1-alpha 1-like,pseudo,-,-,-,-,20210420,-
130825,121169480,TEX13C,-,-,-,Un,-,TEX13 family member C,protein-coding,-,-,-,putative testis-expressed protein 13C,20210420,-
130825,121169481,KCNE5,-,-,-,Un,-,potassium voltage-gated channel subfamily E regulatory subunit 5,protein-coding,-,-,-,potassium voltage-gated channel subfamily E regulatory beta subunit 5,20210420,-
130825,121169482,LOC121169482,-,-,-,Un,-,ribosome biogenesis protein NSA2 homolog,pseudo,-,-,-,-,20210420,-
130825,121169483,LOC121169483,-,-,-,Un,-,zinc finger protein 511-like,pseudo,-,-,-,-,20210420,-
130825,121169484,LOC121169484,-,-,-,Un,-,40S ribosomal protein S2-like,pseudo,-,-,-,-,20210420,-
130825,121169485,LOC121169485,-,-,-,Un,-,"adenylate kinase 4, mitochondrial-like",pseudo,-,-,-,-,20210420,-
130825,121169486,LOC121169486,-,-,-,Un,-,prolyl endopeptidase-like,pseudo,-,-,-,-,20210420,-
130825,121169487,AKAP14,-,-,-,Un,-,A-kinase anchoring protein 14,protein-coding,-,-,-,A-kinase anchor protein 14,20210420,-
130825,121169488,LOC121169488,-,-,-,Un,-,"NADH dehydrogenase [ubiquinone] iron-sulfur protein 8, mitochondrial-like",pseudo,-,-,-,-,20210420,-
130825,121169489,LOC121169489,-,-,-,Un,-,A-kinase anchor protein 17B-like,protein-coding,-,-,-,LOW QUALITY PROTEIN: A-kinase anchor protein 17B-like,20210420,-
130825,121169490,LOC121169490,-,-,-,Un,-,60S ribosomal protein L32-like,pseudo,-,-,-,-,20210420,-
130825,121169491,KIAA1210,-,-,-,Un,-,KIAA1210 ortholog,protein-coding,-,-,-,acrosomal protein KIAA1210 homolog,20210420,-
130825,121169492,LOC121169492,-,-,-,Un,-,60S acidic ribosomal protein P2-like,pseudo,-,-,-,-,20210420,-
130825,121169493,CT83,-,-,-,Un,-,cancer/testis antigen 83,protein-coding,-,-,-,kita-kyushu lung cancer antigen 1,20210420,-
130825,121169494,LOC121169494,-,-,-,Un,-,40S ribosomal protein S24-like,pseudo,-,-,-,-,20210420,-
130825,121169495,LOC121169495,-,-,-,Un,-,meiotic nuclear division protein 1 homolog,pseudo,-,-,-,-,20210420,-
130825,121169496,LOC121169496,-,-,-,Un,-,dnaJ homolog subfamily A member 1-like,pseudo,-,-,-,-,20210420,-
130825,121169497,LOC121169497,-,-,-,Un,-,40S ribosomal protein S3a-like,pseudo,-,-,-,-,20210420,-
130825,121169498,LOC121169498,-,-,-,Un,-,eukaryotic translation initiation factor 1-like,protein-coding,-,-,-,eukaryotic translation initiation factor 1-like,20210420,-
130825,121169499,GK,-,-,-,Un,-,glycerol kinase,protein-coding,-,-,-,glycerol kinase,20210420,-
130825,121169500,LOC121169500,-,-,-,Un,-,geranylgeranyl transferase type-2 subunit beta-like,pseudo,-,-,-,-,20210420,-
130825,121169501,LOC121169501,-,-,-,Un,-,UBX domain-containing protein 2A-like,pseudo,-,-,-,-,20210420,-
130825,121169502,RTL9,-,-,-,Un,-,retrotransposon Gag like 9,protein-coding,-,-,-,retrotransposon Gag-like protein 9,20210420,-
130825,121169503,LOC121169503,-,-,-,Un,-,N-alpha-acetyltransferase 20-like,pseudo,-,-,-,-,20210420,-
130825,121169504,IRS4,-,-,-,Un,-,insulin receptor substrate 4,protein-coding,-,-,-,LOW QUALITY PROTEIN: insulin receptor substrate 4,20210420,-
130825,121169505,COL4A6,-,-,-,Un,-,collagen type IV alpha 6 chain,protein-coding,-,-,-,collagen alpha-6(IV) chain,20210420,-
130825,121169506,LOC121169506,-,-,-,Un,-,S-phase kinase-associated protein 1-like,pseudo,-,-,-,-,20210420,-
130825,121169507,DNAAF6,-,-,-,Un,-,dynein axonemal assembly factor 6,protein-coding,-,-,-,"dynein assembly factor 6, axonemal",20210420,-
130825,121169508,NUP62CL,-,-,-,Un,-,nucleoporin 62 C-terminal like,protein-coding,-,-,-,nucleoporin-62 C-terminal-like protein,20210420,-
130825,121169509,RIPPLY1,-,-,-,Un,-,ripply transcriptional repressor 1,protein-coding,-,-,-,protein ripply1,20210420,-
130825,121169510,RADX,-,-,-,Un,-,"RPA1 related single stranded DNA binding protein, X-linked",protein-coding,-,-,-,RPA-related protein RADX,20210420,-
130825,121169511,SERPINA7,-,-,-,Un,-,serpin family A member 7,protein-coding,-,-,-,LOW QUALITY PROTEIN: thyroxine-binding globulin,20210420,-
130825,121169512,NRK,-,-,-,Un,-,Nik related kinase,protein-coding,-,-,-,nik-related protein kinase,20210420,-
130825,121169513,CDX4,-,-,-,Un,-,caudal type homeobox 4,protein-coding,-,-,-,homeobox protein CDX-4,20210420,-
130825,121169514,ATG4A,-,-,-,Un,-,autophagy related 4A cysteine peptidase,protein-coding,-,-,-,cysteine protease ATG4A,20210420,-
130825,121169515,PSMD10,-,-,-,Un,-,"proteasome 26S subunit, non-ATPase 10",protein-coding,-,-,-,26S proteasome non-ATPase regulatory subunit 10,20210420,-
130825,121169516,LOC121169516,-,-,-,Un,-,non-histone chromosomal protein HMG-14-like,protein-coding,-,-,-,non-histone chromosomal protein HMG-14-like,20210420,-
130825,121169517,LOC121169517,-,-,-,Un,-,uncharacterized LOC121169517,ncRNA,-,-,-,-,20210420,-
130825,121169518,CITED1,-,-,-,Un,-,Cbp/p300 interacting transactivator with Glu/Asp rich carboxy-terminal domain 1,protein-coding,-,-,-,cbp/p300-interacting transactivator 1,20210420,-
130825,121169519,RTL3,-,-,-,Un,-,retrotransposon Gag like 3,protein-coding,-,-,-,retrotransposon Gag-like protein 3,20210420,-
130825,121169520,ALG13,-,-,-,Un,-,ALG13 UDP-N-acetylglucosaminyltransferase subunit,protein-coding,-,-,-,LOW QUALITY PROTEIN: putative bifunctional UDP-N-acetylglucosamine transferase and deubiquitinase ALG13,20210420,-
130825,121169521,LOC121169521,-,-,-,Un,-,uncharacterized LOC121169521,ncRNA,-,-,-,-,20210420,-
130825,121169522,SERTM2,-,-,-,Un,-,serine rich and transmembrane domain containing 2,protein-coding,-,-,-,serine-rich and transmembrane domain-containing 2,20210420,-
130825,121169523,LOC121169523,-,-,-,Un,-,protein phosphatase inhibitor 2-like,protein-coding,-,-,-,protein phosphatase inhibitor 2-like,20210420,-
130825,121169524,TASL,-,-,-,Un,-,TLR adaptor interacting with endolysosomal SLC15A4,protein-coding,-,-,-,TLR adapter interacting with SLC15A4 on the lysosome,20210420,-
130825,121169525,DOCK11,-,-,-,Un,-,dedicator of cytokinesis 11,protein-coding,-,-,-,dedicator of cytokinesis protein 11,20210420,-
130825,121169526,LOC121169526,-,-,-,Un,-,uncharacterized LOC121169526,ncRNA,-,-,-,-,20210420,-
130825,121169527,LOC121169527,-,-,-,Un,-,uncharacterized LOC121169527,ncRNA,-,-,-,-,20210420,-
130825,121169528,LOC121169528,-,-,-,Un,-,uncharacterized protein CXorf51A-like,protein-coding,-,-,-,uncharacterized protein CXorf51A-like,20210420,-
130825,121169529,PWWP3B,-,-,-,Un,-,PWWP domain containing 3B,protein-coding,-,-,-,PWWP domain-containing DNA repair factor 3B,20210420,-
130825,121169530,MID2,-,-,-,Un,-,midline 2,protein-coding,-,-,-,probable E3 ubiquitin-protein ligase MID2,20210420,-
130825,121169531,ABCB7,-,-,-,Un,-,ATP binding cassette subfamily B member 7,protein-coding,-,-,-,"ATP-binding cassette sub-family B member 7, mitochondrial",20210420,-
130825,121169532,RLIM,-,-,-,Un,-,"ring finger protein, LIM domain interacting",protein-coding,-,-,-,E3 ubiquitin-protein ligase RLIM,20210420,-
130825,121169533,IL1RAPL1,-,-,-,Un,-,interleukin 1 receptor accessory protein like 1,protein-coding,-,-,-,interleukin-1 receptor accessory protein-like 1,20210420,-
130825,121169534,MAMLD1,-,-,-,Un,-,mastermind like domain containing 1,protein-coding,-,-,-,mastermind-like domain-containing protein 1,20210420,-
130825,121169535,MTMR1,-,-,-,Un,-,myotubularin related protein 1,protein-coding,-,-,-,myotubularin-related protein 1,20210420,-
130825,121169536,MTM1,-,-,-,Un,-,myotubularin 1,protein-coding,-,-,-,myotubularin,20210420,-
130825,121169537,TMEM185A,-,-,-,Un,-,transmembrane protein 185A,protein-coding,-,-,-,transmembrane protein 185A,20210420,-
130825,121169538,POLA1,-,-,-,Un,-,"DNA polymerase alpha 1, catalytic subunit",protein-coding,-,-,-,DNA polymerase alpha catalytic subunit,20210420,-
130825,121169539,CD99L2,-,-,-,Un,-,CD99 molecule like 2,protein-coding,-,-,-,CD99 antigen-like protein 2,20210420,-
130825,121169540,EOLA2,-,-,-,Un,-,endothelium and lymphocyte associated ASCH domain 2,protein-coding,-,-,-,protein EOLA2,20210420,-
130825,121169541,LOC121169541,-,-,-,Un,-,nucleolar protein of 40 kDa-like,pseudo,-,-,-,-,20210420,-
130825,121169542,LOC121169542,-,-,-,Un,-,uncharacterized LOC121169542,ncRNA,-,-,-,-,20210420,-
130825,121169543,LOC121169543,-,-,-,Un,-,uncharacterized LOC121169543,ncRNA,-,-,-,-,20210420,-
130825,121169544,LOC121169544,-,-,-,Un,-,cancer/testis antigen 55-like,protein-coding,-,-,-,cancer/testis antigen 55-like,20210420,-
130825,121169545,GPR174,-,-,-,Un,-,G protein-coupled receptor 174,protein-coding,-,-,-,probable G-protein coupled receptor 174,20210420,-
130825,121169546,LOC121169546,-,-,-,Un,-,putative P2Y purinoceptor 10,protein-coding,-,-,-,putative P2Y purinoceptor 10,20210420,-
130825,121169547,WDR44,-,-,-,Un,-,WD repeat domain 44,protein-coding,-,-,-,WD repeat-containing protein 44,20210420,-
130825,121169548,PCYT1B,-,-,-,Un,-,"phosphate cytidylyltransferase 1B, choline",protein-coding,-,-,-,choline-phosphate cytidylyltransferase B,20210420,-
130825,121169549,STAG2,-,-,-,Un,-,stromal antigen 2,protein-coding,-,-,-,cohesin subunit SA-2,20210420,-
130825,121169550,LOC121169550,-,-,-,Un,-,obg-like ATPase 1,pseudo,-,-,-,-,20210420,-
130825,121169551,LOC121169551,-,-,-,Un,-,U6 spliceosomal RNA,snRNA,-,-,-,-,20210420,-
130825,121169552,LOC121169552,-,-,-,Un,-,U6 spliceosomal RNA,snRNA,-,-,-,-,20210420,-
130825,121169553,LOC121169553,-,-,-,Un,-,U6 spliceosomal RNA,snRNA,-,-,-,-,20210420,-
130825,121169554,LOC121169554,-,-,-,Un,-,U6 spliceosomal RNA,snRNA,-,-,-,-,20210420,-
130825,121169555,LOC121169555,-,-,-,Un,-,U6 spliceosomal RNA,snRNA,-,-,-,-,20210420,-
130825,121169556,LOC121169556,-,-,-,Un,-,U6 spliceosomal RNA,snRNA,-,-,-,-,20210420,-
130825,121169557,LOC121169557,-,-,-,Un,-,U6 spliceosomal RNA,snRNA,-,-,-,-,20210420,-
130825,121169558,LOC121169558,-,-,-,Un,-,high mobility group protein B1-like,pseudo,-,-,-,-,20210420,-
130825,121169559,LOC121169559,-,-,-,Un,-,U6 spliceosomal RNA,snRNA,-,-,-,-,20210420,-
130825,121169560,LOC121169560,-,-,-,Un,-,U6 spliceosomal RNA,pseudo,-,-,-,-,20210420,-
130825,121169561,LOC121169561,-,-,-,Un,-,U6 spliceosomal RNA,snRNA,-,-,-,-,20210420,-
130825,121169562,LOC121169562,-,-,-,Un,-,U6 spliceosomal RNA,snRNA,-,-,-,-,20210420,-
130825,121169563,LOC121169563,-,-,-,Un,-,U6 spliceosomal RNA,snRNA,-,-,-,-,20210420,-
130825,121169564,LOC121169564,-,-,-,Un,-,U6 spliceosomal RNA,snRNA,-,-,-,-,20210420,-
130825,121169565,LOC121169565,-,-,-,Un,-,U6 spliceosomal RNA,snRNA,-,-,-,-,20210420,-
130825,121169566,LOC121169566,-,-,-,Un,-,U6 spliceosomal RNA,snRNA,-,-,-,-,20210420,-
130825,121169567,LOC121169567,-,-,-,Un,-,U6 spliceosomal RNA,pseudo,-,-,-,-,20210420,-
130825,121169568,LOC121169568,-,-,-,Un,-,U6 spliceosomal RNA,pseudo,-,-,-,-,20210420,-
130825,121169569,LOC121169569,-,-,-,Un,-,U6 spliceosomal RNA,snRNA,-,-,-,-,20210420,-
130825,121169570,LOC121169570,-,-,-,Un,-,U6 spliceosomal RNA,snRNA,-,-,-,-,20210420,-
130825,121169571,LOC121169571,-,-,-,Un,-,U6 spliceosomal RNA,pseudo,-,-,-,-,20210420,-
130825,121169572,LOC121169572,-,-,-,Un,-,U6 spliceosomal RNA,snRNA,-,-,-,-,20210420,-
130825,121169573,LOC121169573,-,-,-,Un,-,U6 spliceosomal RNA,snRNA,-,-,-,-,20210420,-
130825,121169574,PDK3,-,-,-,Un,-,pyruvate dehydrogenase kinase 3,protein-coding,-,-,-,"pyruvate dehydrogenase kinase, isozyme 3",20210420,-
130825,121169575,LOC121169575,-,-,-,Un,-,U6 spliceosomal RNA,snRNA,-,-,-,-,20210420,-
130825,121169576,LOC121169576,-,-,-,Un,-,U6 spliceosomal RNA,snRNA,-,-,-,-,20210420,-
130825,121169577,LOC121169577,-,-,-,Un,-,U6 spliceosomal RNA,snRNA,-,-,-,-,20210420,-
130825,121169578,LOC121169578,-,-,-,Un,-,U6 spliceosomal RNA,snRNA,-,-,-,-,20210420,-
130825,121169579,LOC121169579,-,-,-,Un,-,U6 spliceosomal RNA,snRNA,-,-,-,-,20210420,-
130825,121169580,LOC121169580,-,-,-,Un,-,U6 spliceosomal RNA,snRNA,-,-,-,-,20210420,-
130825,121169581,LOC121169581,-,-,-,Un,-,U6 spliceosomal RNA,pseudo,-,-,-,-,20210420,-
130825,121169582,LOC121169582,-,-,-,Un,-,U6 spliceosomal RNA,pseudo,-,-,-,-,20210420,-
130825,121169583,LOC121169583,-,-,-,Un,-,U6 spliceosomal RNA,pseudo,-,-,-,-,20210420,-
130825,121169584,LOC121169584,-,-,-,Un,-,U6 spliceosomal RNA,pseudo,-,-,-,-,20210420,-
130825,121169585,LOC121169585,-,-,-,Un,-,small nucleolar RNA SNORA69,snoRNA,-,-,-,-,20210420,-
130825,121169586,LOC121169586,-,-,-,Un,-,small nucleolar RNA SNORD61,snoRNA,-,-,-,-,20210420,-
130825,121169587,LOC121169587,-,-,-,Un,-,small nucleolar RNA SNORD49,snoRNA,-,-,-,-,20210420,-
130825,121169588,LOC121169588,-,-,-,Un,-,small nucleolar RNA SNORA35,snoRNA,-,-,-,-,20210420,-
130825,121169589,LOC121169589,-,-,-,Un,-,small nucleolar RNA SNORA35,snoRNA,-,-,-,-,20210420,-
130825,121169590,LOC121169590,-,-,-,Un,-,small nucleolar RNA SNORD72,snoRNA,-,-,-,-,20210420,-
130825,121169591,LOC121169591,-,-,-,Un,-,U6atac minor spliceosomal RNA,snRNA,-,-,-,-,20210420,-
130825,121169592,LOC121169592,-,-,-,Un,-,U6atac minor spliceosomal RNA,snRNA,-,-,-,-,20210420,-
130825,121169593,LOC121169593,-,-,-,Un,-,small nucleolar RNA ACA64,snoRNA,-,-,-,-,20210420,-
130825,121169594,LOC121169594,-,-,-,Un,-,small nucleolar RNA ACA64,snoRNA,-,-,-,-,20210420,-
130825,121169595,LOC121169595,-,-,-,Un,-,small nucleolar RNA ACA64,snoRNA,-,-,-,-,20210420,-
130825,121169596,LOC121169596,-,-,-,Un,-,small nucleolar RNA SNORA81,snoRNA,-,-,-,-,20210420,-
130825,121169597,LOC121169597,-,-,-,Un,-,U1 spliceosomal RNA,snRNA,-,-,-,-,20210420,-
130825,121169598,LOC121169598,-,-,-,Un,-,U1 spliceosomal RNA,snRNA,-,-,-,-,20210420,-
130825,121169599,LOC121169599,-,-,-,Un,-,U1 spliceosomal RNA,snRNA,-,-,-,-,20210420,-
130825,121169600,ZFX,-,-,-,Un,-,zinc finger protein X-linked,protein-coding,-,-,-,zinc finger X-chromosomal protein,20210420,-
130825,121169601,LOC121169601,-,-,-,Un,-,U1 spliceosomal RNA,pseudo,-,-,-,-,20210420,-
130825,121169602,LOC121169602,-,-,-,Un,-,U1 spliceosomal RNA,pseudo,-,-,-,-,20210420,-
130825,121169603,LOC121169603,-,-,-,Un,-,U1 spliceosomal RNA,snRNA,-,-,-,-,20210420,-
130825,121169604,LOC121169604,-,-,-,Un,-,U2 spliceosomal RNA,pseudo,-,-,-,-,20210420,-
130825,121169605,LOC121169605,-,-,-,Un,-,U2 spliceosomal RNA,pseudo,-,-,-,-,20210420,-
130825,121169606,LOC121169606,-,-,-,Un,-,U2 spliceosomal RNA,pseudo,-,-,-,-,20210420,-
130825,121169607,LOC121169607,-,-,-,Un,-,U2 spliceosomal RNA,snRNA,-,-,-,-,20210420,-
130825,121169608,LOC121169608,-,-,-,Un,-,U2 spliceosomal RNA,pseudo,-,-,-,-,20210420,-
130825,121169609,LOC121169609,-,-,-,Un,-,U2 spliceosomal RNA,snRNA,-,-,-,-,20210420,-
130825,121169610,LOC121169610,-,-,-,Un,-,U2 spliceosomal RNA,pseudo,-,-,-,-,20210420,-
130825,121169611,LOC121169611,-,-,-,Un,-,U2 spliceosomal RNA,pseudo,-,-,-,-,20210420,-
130825,121169612,LOC121169612,-,-,-,Un,-,U2 spliceosomal RNA,pseudo,-,-,-,-,20210420,-
130825,121169613,LOC121169613,-,-,-,Un,-,U2 spliceosomal RNA,pseudo,-,-,-,-,20210420,-
130825,121169614,LOC121169614,-,-,-,Un,-,U2 spliceosomal RNA,pseudo,-,-,-,-,20210420,-
130825,121169615,LOC121169615,-,-,-,Un,-,U2 spliceosomal RNA,pseudo,-,-,-,-,20210420,-
130825,121169616,LOC121169616,-,-,-,Un,-,small nucleolar RNA U3,pseudo,-,-,-,-,20210420,-
130825,121169617,LOC121169617,-,-,-,Un,-,U4 spliceosomal RNA,pseudo,-,-,-,-,20210420,-
130825,121169618,LOC121169618,-,-,-,Un,-,U4 spliceosomal RNA,pseudo,-,-,-,-,20210420,-
130825,121169619,LOC121169619,-,-,-,Un,-,U4 spliceosomal RNA,snRNA,-,-,-,-,20210420,-
130825,121169620,LOC121169620,-,-,-,Un,-,U4 spliceosomal RNA,pseudo,-,-,-,-,20210420,-
130825,121169621,LOC121169621,-,-,-,Un,-,U4 spliceosomal RNA,pseudo,-,-,-,-,20210420,-
130825,121169622,LOC121169622,-,-,-,Un,-,U6 spliceosomal RNA,snRNA,-,-,-,-,20210420,-
130825,121169623,TRNAV-UAC,-,-,-,Un,-,transfer RNA valine (anticodon UAC),tRNA,-,-,-,-,20210420,-
130825,121169624,CLASP1,-,-,-,Un,-,cytoplasmic linker associated protein 1,protein-coding,-,-,-,CLIP-associating protein 1,20210420,-
130825,121169625,LOC121169625,-,-,-,Un,-,zinc finger protein 84-like,protein-coding,-,-,-,zinc finger protein 84-like,20210420,-
130825,121169626,LOC121169626,-,-,-,Un,-,zinc finger protein 248-like,protein-coding,-,-,-,zinc finger protein 248-like,20210420,-
130825,121169627,GYPC,-,-,-,Un,-,glycophorin C (Gerbich blood group),protein-coding,-,-,-,glycophorin-C,20210420,-
130825,121169628,LOC121169628,-,-,-,Un,-,melanoma inhibitory activity protein 2-like,protein-coding,-,-,-,melanoma inhibitory activity protein 2-like,20210420,-
130825,121169629,LOC121169629,-,-,-,Un,-,transmembrane channel-like protein 1,protein-coding,-,-,-,transmembrane channel-like protein 1,20210420,-
130825,121169630,TSN,-,-,-,Un,-,translin,protein-coding,-,-,-,translin,20210420,-
130825,121169631,TFCP2L1,-,-,-,Un,-,transcription factor CP2 like 1,protein-coding,-,-,-,transcription factor CP2-like protein 1,20210420,-
130825,121169632,NIFK,-,-,-,Un,-,nucleolar protein interacting with the FHA domain of MKI67,protein-coding,-,-,-,MKI67 FHA domain-interacting nucleolar phosphoprotein,20210420,-
130825,121169633,LOC121169633,-,-,-,Un,-,uncharacterized LOC121169633,ncRNA,-,-,-,-,20210420,-
130825,121169634,LOC121169634,-,-,-,Un,-,translation initiation factor IF-2-like,protein-coding,-,-,-,translation initiation factor IF-2-like,20210420,-
130825,121169635,EIF2S3,-,-,-,Un,-,eukaryotic translation initiation factor 2 subunit gamma,protein-coding,-,-,-,eukaryotic translation initiation factor 2 subunit 3,20210420,-
130825,121169636,LOC121169636,-,-,-,Un,-,E3 SUMO-protein ligase PIAS2-like,pseudo,-,-,-,-,20210420,-
130825,121169637,LOC121169637,-,-,-,Un,-,programmed cell death protein 2-like,protein-coding,-,-,-,programmed cell death protein 2-like,20210420,-
130825,121169638,LOC121169638,-,-,-,Un,-,U4atac minor spliceosomal RNA,snRNA,-,-,-,-,20210420,-
130825,121169639,LOC121169639,-,-,-,Un,-,testis-specific Y-encoded protein 4-like,protein-coding,-,-,-,testis-specific Y-encoded protein 4-like,20210420,-
130825,121169640,LOC121169640,-,-,-,Un,-,testis-specific Y-encoded protein 4-like,protein-coding,-,-,-,testis-specific Y-encoded protein 4-like,20210420,-
130825,121169641,LOC121169641,-,-,-,Un,-,testis-specific Y-encoded protein 4-like,protein-coding,-,-,-,testis-specific Y-encoded protein 4-like,20210420,-
130825,121169642,LOC121169642,-,-,-,Un,-,testis-specific Y-encoded protein 4-like,protein-coding,-,-,-,testis-specific Y-encoded protein 4-like,20210420,-
130825,121169643,LOC121169643,-,-,-,Un,-,testis-specific Y-encoded protein 3-like,protein-coding,-,-,-,testis-specific Y-encoded protein 3-like,20210420,-
130825,121169644,VPS53,-,-,-,Un,-,VPS53 subunit of GARP complex,protein-coding,-,-,-,vacuolar protein sorting-associated protein 53 homolog,20210420,-
130825,121169645,KLHL15,-,-,-,Un,-,kelch like family member 15,protein-coding,-,-,-,kelch-like protein 15,20210420,-
130825,121169646,ULK2,-,-,-,Un,-,unc-51 like autophagy activating kinase 2,protein-coding,-,-,-,serine/threonine-protein kinase ULK2,20210420,-
130825,121169647,CCR7,-,-,-,Un,-,C-C motif chemokine receptor 7,protein-coding,-,-,-,C-C chemokine receptor type 7,20210420,-
130825,121169648,LOC121169648,-,-,-,Un,-,myosin-4,protein-coding,-,-,-,myosin-4,20210420,-
130825,121169649,LOC121169649,-,-,-,Un,-,myosin-2,protein-coding,-,-,-,myosin-2,20210420,-
130825,121169650,MYH3,-,-,-,Un,-,myosin heavy chain 3,protein-coding,-,-,-,myosin-3,20210420,-
130825,121169651,WIPF2,-,-,-,Un,-,WAS/WASL interacting protein family member 2,protein-coding,-,-,-,WAS/WASL-interacting protein family member 2,20210420,-
130825,121169652,APOO,-,-,-,Un,-,apolipoprotein O,protein-coding,-,-,-,MICOS complex subunit MIC26,20210420,-
130825,121169653,SSH2,-,-,-,Un,-,slingshot protein phosphatase 2,protein-coding,-,-,-,protein phosphatase Slingshot homolog 2,20210420,-
130825,121169654,CORO6,-,-,-,Un,-,coronin 6,protein-coding,-,-,-,coronin-6,20210420,-
130825,121169655,SUZ12,-,-,-,Un,-,SUZ12 polycomb repressive complex 2 subunit,protein-coding,-,-,-,polycomb protein SUZ12,20210420,-
130825,121169656,EFCAB5,-,-,-,Un,-,EF-hand calcium binding domain 5,protein-coding,-,-,-,EF-hand calcium-binding domain-containing protein 5,20210420,-
130825,121169657,NSRP1,-,-,-,Un,-,nuclear speckle splicing regulatory protein 1,protein-coding,-,-,-,nuclear speckle splicing regulatory protein 1,20210420,-
130825,121169658,LOC121169658,-,-,-,Un,-,uncharacterized LOC121169658,ncRNA,-,-,-,-,20210420,-
130825,121169659,SAT1,-,-,-,Un,-,spermidine/spermine N1-acetyltransferase 1,protein-coding,-,-,-,diamine acetyltransferase 1,20210420,-
130825,121169660,SEPTIN4,-,-,-,Un,-,septin 4,protein-coding,-,-,-,septin-4,20210420,-
130825,121169661,GGNBP2,-,-,-,Un,-,gametogenetin binding protein 2,protein-coding,-,-,-,gametogenetin-binding protein 2,20210420,-
130825,121169662,LOC121169662,-,-,-,Un,-,"keratin, type I cytoskeletal 19",protein-coding,-,-,-,"keratin, type I cytoskeletal 15|keratin, type I cytoskeletal 19",20210420,-
130825,121169663,LOC121169663,-,-,-,Un,-,"keratin, type I cytoskeletal 14",protein-coding,-,-,-,"keratin, type I cytoskeletal 14",20210420,-
130825,121169664,KRT17,-,-,-,Un,-,keratin 17,protein-coding,-,-,-,"keratin, type I cytoskeletal 17",20210529,-
130825,121169665,LOC121169665,-,-,-,Un,-,"keratin, type I cytoskeletal 13",protein-coding,-,-,-,"keratin, type I cytoskeletal 13",20210420,-
130825,121169666,LOC121169666,-,-,-,Un,-,"keratin, type I cytoskeletal 16",protein-coding,-,-,-,"keratin, type I cytoskeletal 16",20210420,-
130825,121169667,ACOT9,-,-,-,Un,-,acyl-CoA thioesterase 9,protein-coding,-,-,-,"acyl-coenzyme A thioesterase 9, mitochondrial",20210420,-
130825,121169668,PITPNA,-,-,-,Un,-,phosphatidylinositol transfer protein alpha,protein-coding,-,-,-,phosphatidylinositol transfer protein alpha isoform,20210420,-
130825,121169669,FLOT2,-,-,-,Un,-,flotillin 2,protein-coding,-,-,-,flotillin-2,20210529,-
130825,121169670,DHRS13,-,-,-,Un,-,dehydrogenase/reductase 13,protein-coding,-,-,-,dehydrogenase/reductase SDR family member 13,20210420,-
130825,121169671,MTMR4,-,-,-,Un,-,myotubularin related protein 4,protein-coding,-,-,-,myotubularin-related protein 4,20210420,-
130825,121169672,CACNB1,-,-,-,Un,-,calcium voltage-gated channel auxiliary subunit beta 1,protein-coding,-,-,-,voltage-dependent L-type calcium channel subunit beta-1,20210420,-
130825,121169673,SLC6A4,-,-,-,Un,-,solute carrier family 6 member 4,protein-coding,-,-,-,sodium-dependent serotonin transporter,20210420,-
130825,121169674,LOC121169674,-,-,-,Un,-,uncharacterized LOC121169674,ncRNA,-,-,-,-,20210420,-
130825,121169675,LOC121169675,-,-,-,Un,-,uncharacterized LOC121169675,ncRNA,-,-,-,-,20210420,-
130825,121169676,LOC121169676,-,-,-,Un,-,uncharacterized LOC121169676,ncRNA,-,-,-,-,20210420,-
130825,121169677,RPA1,-,-,-,Un,-,replication protein A1,protein-coding,-,-,-,replication protein A 70 kDa DNA-binding subunit,20210420,-
130825,121169678,LOC121169678,-,-,-,Un,-,"keratin, type I cuticular Ha3-I",protein-coding,-,-,-,"keratin, type I cuticular Ha3-I",20210420,-
130825,121169679,LOC121169679,-,-,-,Un,-,"keratin, type I cuticular Ha3-I-like",protein-coding,-,-,-,"keratin, type I cuticular Ha3-I-like",20210420,-
130825,121169680,AATF,-,-,-,Un,-,apoptosis antagonizing transcription factor,protein-coding,-,-,-,protein AATF,20210420,-
130825,121169681,TRIM25,-,-,-,Un,-,tripartite motif containing 25,protein-coding,-,-,-,E3 ubiquitin/ISG15 ligase TRIM25,20210420,-
130825,121169682,GOSR1,-,-,-,Un,-,golgi SNAP receptor complex member 1,protein-coding,-,-,-,Golgi SNAP receptor complex member 1,20210420,-
130825,121169683,PRDX4,-,-,-,Un,-,peroxiredoxin 4,protein-coding,-,-,-,peroxiredoxin-4,20210420,-
130825,121169684,STXBP4,-,-,-,Un,-,syntaxin binding protein 4,protein-coding,-,-,-,syntaxin-binding protein 4,20210420,-
130825,121169685,TOM1L1,-,-,-,Un,-,target of myb1 like 1 membrane trafficking protein,protein-coding,-,-,-,TOM1-like protein 1,20210420,-
130825,121169686,LOC121169686,-,-,-,Un,-,"cytochrome c oxidase assembly protein COX11, mitochondrial",protein-coding,-,-,-,"cytochrome c oxidase assembly protein COX11, mitochondrial",20210420,-
130825,121169687,RAP1GAP2,-,-,-,Un,-,RAP1 GTPase activating protein 2,protein-coding,-,-,-,rap1 GTPase-activating protein 2,20210420,-
130825,121169688,LOC121169688,-,-,-,Un,-,uncharacterized LOC121169688,ncRNA,-,-,-,-,20210420,-
130825,121169689,TRIM37,-,-,-,Un,-,tripartite motif containing 37,protein-coding,-,-,-,E3 ubiquitin-protein ligase TRIM37,20210420,-
130825,121169690,SMS,-,-,-,Un,-,spermine synthase,protein-coding,-,-,-,spermine synthase,20210420,-
130825,121169691,PRR11,-,-,-,Un,-,proline rich 11,protein-coding,-,-,-,proline-rich protein 11,20210420,-
130825,121169692,SKA2,-,-,-,Un,-,spindle and kinetochore associated complex subunit 2,protein-coding,-,-,-,spindle and kinetochore-associated protein 2,20210420,-
130825,121169693,PIK3R6,-,-,-,Un,-,phosphoinositide-3-kinase regulatory subunit 6,protein-coding,-,-,-,phosphoinositide 3-kinase regulatory subunit 6,20210420,-
130825,121169694,MFSD6L,-,-,-,Un,-,major facilitator superfamily domain containing 6 like,protein-coding,-,-,-,major facilitator superfamily domain-containing protein 6-like,20210420,-
130825,121169695,POLR2A,-,-,-,Un,-,RNA polymerase II subunit A,protein-coding,-,-,-,DNA-directed RNA polymerase II subunit RPB1,20210522,-
130825,121169696,DLG4,-,-,-,Un,-,discs large MAGUK scaffold protein 4,protein-coding,-,-,-,disks large homolog 4,20210605,-
130825,121169697,MBTPS2,-,-,-,Un,-,"membrane bound transcription factor peptidase, site 2",protein-coding,-,-,-,membrane-bound transcription factor site-2 protease,20210420,-
130825,121169698,DVL2,-,-,-,Un,-,dishevelled segment polarity protein 2,protein-coding,-,-,-,segment polarity protein dishevelled homolog DVL-2,20210420,-
130825,121169699,ACADVL,-,-,-,Un,-,acyl-CoA dehydrogenase very long chain,protein-coding,-,-,-,"very long-chain specific acyl-CoA dehydrogenase, mitochondrial",20210420,-
130825,121169700,PSMB6,-,-,-,Un,-,proteasome 20S subunit beta 6,protein-coding,-,-,-,proteasome subunit beta type-6,20210420,-
130825,121169701,MYH4,-,-,-,Un,-,myosin heavy chain 4,protein-coding,-,-,-,myosin-4,20210420,-
130825,121169702,LOC121169702,-,-,-,Un,-,myosin-8,protein-coding,-,-,-,myosin-8,20210420,-
130825,121169703,YY2,-,-,-,Un,-,YY2 transcription factor,protein-coding,-,-,-,transcription factor YY2,20210420,-
130825,121169704,LOC121169704,-,-,-,Un,-,RUN domain-containing protein 1,protein-coding,-,-,-,RUN domain-containing protein 1,20210420,-
130825,121169705,LOC121169705,-,-,-,Un,-,synaptic vesicle membrane protein VAT-1 homolog,protein-coding,-,-,-,synaptic vesicle membrane protein VAT-1 homolog,20210420,-
130825,121169706,LOC121169706,-,-,-,Un,-,interferon-induced 35 kDa protein-like,protein-coding,-,-,-,interferon-induced 35 kDa protein-like,20210420,-
130825,121169707,LOC121169707,-,-,-,Un,-,60S ribosomal protein L27,protein-coding,-,-,-,60S ribosomal protein L27,20210529,-
130825,121169708,SPEM2,-,-,-,Un,-,SPEM family member 2,protein-coding,-,-,-,uncharacterized protein SPEM2,20210420,-
130825,121169709,CNKSR2,-,-,-,Un,-,connector enhancer of kinase suppressor of Ras 2,protein-coding,-,-,-,connector enhancer of kinase suppressor of ras 2,20210420,-
130825,121169710,HOXB8,-,-,-,Un,-,homeobox B8,protein-coding,-,-,-,homeobox protein Hox-B8,20210420,-
130825,121169711,COL1A1,-,-,-,Un,-,collagen type I alpha 1 chain,protein-coding,-,-,-,collagen alpha-1(I) chain,20210420,-
130825,121169712,SPEM1,-,-,-,Un,-,spermatid maturation 1,protein-coding,-,-,-,spermatid maturation protein 1,20210420,-
130825,121169713,ASIC2,-,-,-,Un,-,acid sensing ion channel subunit 2,protein-coding,-,-,-,acid-sensing ion channel 2,20210420,-
130825,121169714,LOC121169714,-,-,-,Un,-,phosphatidylinositol N-acetylglucosaminyltransferase subunit C-like,pseudo,-,-,-,-,20210420,-
130825,121169715,LOC121169715,-,-,-,Un,-,60S acidic ribosomal protein P2-like,pseudo,-,-,-,-,20210420,-
130825,121169716,PPM1D,-,-,-,Un,-,"protein phosphatase, Mg2+/Mn2+ dependent 1D",protein-coding,-,-,-,protein phosphatase 1D,20210420,-
130825,121169717,CALCOCO2,-,-,-,Un,-,calcium binding and coiled-coil domain 2,protein-coding,-,-,-,calcium-binding and coiled-coil domain-containing protein 2,20210420,-
130825,121169718,CUNH17orf49,-,-,-,Un,-,chromosome unknown C17orf49 homolog,protein-coding,-,-,-,chromatin complexes subunit BAP18,20210420,-
130825,121169719,LOC121169719,-,-,-,Un,-,histone-lysine N-methyltransferase EZH1,protein-coding,-,-,-,histone-lysine N-methyltransferase EZH1,20210420,-
130825,121169720,LOC121169720,-,-,-,Un,-,C-C motif chemokine 2-like,protein-coding,-,-,-,C-C motif chemokine 2-like,20210420,-
130825,121169721,LOC121169721,-,-,-,Un,-,C-C motif chemokine 8-like,protein-coding,-,-,-,C-C motif chemokine 8-like,20210420,-
130825,121169722,LOC121169722,-,-,-,Un,-,eotaxin-like,protein-coding,-,-,-,C-C motif chemokine 8-like|eotaxin-like,20210420,-
130825,121169723,BLMH,-,-,-,Un,-,bleomycin hydrolase,protein-coding,-,-,-,bleomycin hydrolase,20210420,-
130825,121169724,RNASEK,-,-,-,Un,-,ribonuclease K,protein-coding,-,-,-,ribonuclease kappa,20210420,-
130825,121169725,RNF222,-,-,-,Un,-,ring finger protein 222,protein-coding,-,-,-,RING finger protein 222,20210420,-
130825,121169726,LOC121169726,-,-,-,Un,-,"transmembrane protein 11, mitochondrial",protein-coding,-,-,-,"transmembrane protein 11, mitochondrial",20210420,-
130825,121169727,LOC121169727,-,-,-,Un,-,protein NATD1,protein-coding,-,-,-,protein NATD1,20210420,-
130825,121169728,LOC121169728,-,-,-,Un,-,uncharacterized LOC121169728,ncRNA,-,-,-,-,20210420,-
130825,121169729,ACAP1,-,-,-,Un,-,"ArfGAP with coiled-coil, ankyrin repeat and PH domains 1",protein-coding,-,-,-,"arf-GAP with coiled-coil, ANK repeat and PH domain-containing protein 1",20210420,-
130825,121169730,LOC121169730,-,-,-,Un,-,uncharacterized LOC121169730,protein-coding,-,-,-,uncharacterized protein LOC121169730,20210420,-
130825,121169731,DNAH9,-,-,-,Un,-,dynein axonemal heavy chain 9,protein-coding,-,-,-,"dynein heavy chain 9, axonemal",20210420,-
130825,121169732,LOC121169732,-,-,-,Un,-,"protoheme IX farnesyltransferase, mitochondrial",protein-coding,-,-,-,"protoheme IX farnesyltransferase, mitochondrial",20210420,-
130825,121169733,DHX40,-,-,-,Un,-,DEAH-box helicase 40,protein-coding,-,-,-,probable ATP-dependent RNA helicase DHX40,20210420,-
130825,121169734,TRAPPC1,-,-,-,Un,-,trafficking protein particle complex subunit 1,protein-coding,-,-,-,trafficking protein particle complex subunit 1,20210420,-
130825,121169735,POLDIP2,-,-,-,Un,-,DNA polymerase delta interacting protein 2,protein-coding,-,-,-,polymerase delta-interacting protein 2,20210420,-
130825,121169736,TNFAIP1,-,-,-,Un,-,TNF alpha induced protein 1,protein-coding,-,-,-,BTB/POZ domain-containing adapter for CUL3-mediated RhoA degradation protein 2,20210420,-
130825,121169737,STX8,-,-,-,Un,-,syntaxin 8,protein-coding,-,-,-,syntaxin-8,20210420,-
130825,121169738,LOC121169738,-,-,-,Un,-,uncharacterized LOC121169738,ncRNA,-,-,-,-,20210420,-
130825,121169739,ATAD5,-,-,-,Un,-,ATPase family AAA domain containing 5,protein-coding,-,-,-,ATPase family AAA domain-containing protein 5,20210420,-
130825,121169740,TEFM,-,-,-,Un,-,"transcription elongation factor, mitochondrial",protein-coding,-,-,-,"transcription elongation factor, mitochondrial",20210420,-
130825,121169741,RPS6KA3,-,-,-,Un,-,ribosomal protein S6 kinase A3,protein-coding,-,-,-,ribosomal protein S6 kinase alpha-3,20210420,-
130825,121169742,SCARF1,-,-,-,Un,-,scavenger receptor class F member 1,protein-coding,-,-,-,scavenger receptor class F member 1,20210420,-
130825,121169743,SOCS7,-,-,-,Un,-,suppressor of cytokine signaling 7,protein-coding,-,-,-,suppressor of cytokine signaling 7,20210420,-
130825,121169744,CFAP52,-,-,-,Un,-,cilia and flagella associated protein 52,protein-coding,-,-,-,cilia- and flagella-associated protein 52,20210420,-
130825,121169745,ZNF830,-,-,-,Un,-,zinc finger protein 830,protein-coding,-,-,-,zinc finger protein 830,20210420,-
130825,121169746,BORCS6,-,-,-,Un,-,BLOC-1 related complex subunit 6,protein-coding,-,-,-,BLOC-1-related complex subunit 6,20210420,-
130825,121169747,ARHGAP44,-,-,-,Un,-,Rho GTPase activating protein 44,protein-coding,-,-,-,rho GTPase-activating protein 44,20210420,-
130825,121169748,CDC6,-,-,-,Un,-,cell division cycle 6,protein-coding,-,-,-,cell division control protein 6 homolog,20210420,-
130825,121169749,CAMTA2,-,-,-,Un,-,calmodulin binding transcription activator 2,protein-coding,-,-,-,calmodulin-binding transcription activator 2,20210420,-
130825,121169750,ARHGAP26,-,-,-,Un,-,Rho GTPase activating protein 26,protein-coding,-,-,-,rho GTPase-activating protein 26,20210420,-
130825,121169751,SPAG7,-,-,-,Un,-,sperm associated antigen 7,protein-coding,-,-,-,sperm-associated antigen 7,20210420,-
130825,121169752,LOC121169752,-,-,-,Un,-,leucine-rich repeat-containing protein 37B-like,protein-coding,-,-,-,leucine-rich repeat-containing protein 37B-like,20210420,-
130825,121169753,SMARCE1,-,-,-,Un,-,"SWI/SNF related, matrix associated, actin dependent regulator of chromatin, subfamily e, member 1",protein-coding,-,-,-,SWI/SNF-related matrix-associated actin-dependent regulator of chromatin subfamily E member 1,20210420,-
130825,121169754,LOC121169754,-,-,-,Un,-,uncharacterized LOC121169754,ncRNA,-,-,-,-,20210420,-
130825,121169755,LOC121169755,-,-,-,Un,-,uncharacterized LOC121169755,ncRNA,-,-,-,-,20210420,-
130825,121169756,EIF1AX,-,-,-,Un,-,eukaryotic translation initiation factor 1A X-linked,protein-coding,-,-,-,"eukaryotic translation initiation factor 1A, X-chromosomal",20210501,-
130825,121169757,SP2,-,-,-,Un,-,Sp2 transcription factor,protein-coding,-,-,-,transcription factor Sp2,20210420,-
130825,121169758,LOC121169758,-,-,-,Un,-,uncharacterized LOC121169758,ncRNA,-,-,-,-,20210420,-
130825,121169759,EMC6,-,-,-,Un,-,ER membrane protein complex subunit 6,protein-coding,-,-,-,ER membrane protein complex subunit 6,20210420,-
130825,121169760,GSG1L2,-,-,-,Un,-,GSG1 like 2,protein-coding,-,-,-,germ cell-specific gene 1-like protein 2,20210420,-
130825,121169761,LOC121169761,-,-,-,Un,-,"keratin, type I cuticular Ha1",protein-coding,-,-,-,"keratin, type I cuticular Ha1",20210420,-
130825,121169762,LOC121169762,-,-,-,Un,-,C-C motif chemokine 3-like,protein-coding,-,-,-,C-C motif chemokine 3-like,20210420,-
130825,121169763,LOC121169763,-,-,-,Un,-,uncharacterized LOC121169763,ncRNA,-,-,-,-,20210420,-
130825,121169764,THRA,-,-,-,Un,-,thyroid hormone receptor alpha,protein-coding,-,-,-,thyroid hormone receptor alpha,20210420,-
130825,121169765,NR1D1,-,-,-,Un,-,nuclear receptor subfamily 1 group D member 1,protein-coding,-,-,-,nuclear receptor subfamily 1 group D member 1,20210420,-
130825,121169766,OGT,-,-,-,Un,-,O-linked N-acetylglucosamine (GlcNAc) transferase,protein-coding,-,-,-,UDP-N-acetylglucosamine--peptide N-acetylglucosaminyltransferase 110 kDa subunit,20210605,-
130825,121169767,WDR81,-,-,-,Un,-,WD repeat domain 81,protein-coding,-,-,-,WD repeat-containing protein 81,20210420,-
130825,121169768,TMEM98,-,-,-,Un,-,transmembrane protein 98,protein-coding,-,-,-,transmembrane protein 98,20210420,-
130825,121169769,SLC2A4,-,-,-,Un,-,solute carrier family 2 member 4,protein-coding,-,-,-,"solute carrier family 2, facilitated glucose transporter member 4",20210420,-
130825,121169770,HEATR6,-,-,-,Un,-,HEAT repeat containing 6,protein-coding,-,-,-,HEAT repeat-containing protein 6,20210420,-
130825,121169771,WRAP53,-,-,-,Un,-,WD repeat containing antisense to TP53,protein-coding,-,-,-,telomerase Cajal body protein 1,20210420,-
130825,121169772,TP53,-,-,-,Un,-,tumor protein p53,protein-coding,-,-,-,cellular tumor antigen p53,20210420,-
130825,121169773,RNF135,-,-,-,Un,-,ring finger protein 135,protein-coding,-,-,-,E3 ubiquitin-protein ligase RNF135,20210420,-
130825,121169774,PCDHGA1,-,-,-,Un,-,"protocadherin gamma subfamily A, 1",protein-coding,-,-,-,protocadherin gamma-A1,20210420,-
130825,121169775,SLC47A1,-,-,-,Un,-,solute carrier family 47 member 1,protein-coding,-,-,-,multidrug and toxin extrusion protein 1,20210420,-
130825,121169776,BCAS3,-,-,-,Un,-,BCAS3 microtubule associated cell migration factor,protein-coding,-,-,-,breast carcinoma-amplified sequence 3,20210420,-
130825,121169777,LOC121169777,-,-,-,Un,-,40S ribosomal protein S29-like,protein-coding,-,-,-,40S ribosomal protein S29-like,20210420,-
130825,121169778,LOC121169778,-,-,-,Un,-,uncharacterized LOC121169778,ncRNA,-,-,-,-,20210420,-
130825,121169779,LOC121169779,-,-,-,Un,-,"keratin, type I cuticular Ha4",protein-coding,-,-,-,"keratin, type I cuticular Ha4",20210420,-
130825,121169780,LOC121169780,-,-,-,Un,-,"cytochrome c oxidase assembly factor 3 homolog, mitochondrial",protein-coding,-,-,-,"cytochrome c oxidase assembly factor 3 homolog, mitochondrial",20210420,-
130825,121169781,TAF1,-,-,-,Un,-,TATA-box binding protein associated factor 1,protein-coding,-,-,-,transcription initiation factor TFIID subunit 1,20210420,-
130825,121169782,LOC121169782,-,-,-,Un,-,keratin-associated protein 4-6-like,protein-coding,-,-,-,keratin-associated protein 4-11-like|keratin-associated protein 4-2-like|keratin-associated protein 4-5-like|keratin-associated protein 4-6-like,20210420,-
130825,121169783,LOC121169783,-,-,-,Un,-,keratin-associated protein 4-4-like,protein-coding,-,-,-,keratin-associated protein 4-2-like|keratin-associated protein 4-4-like|keratin-associated protein 4-6-like|keratin-associated protein 4-7-like,20210420,-
130825,121169784,LOC121169784,-,-,-,Un,-,keratin-associated protein 4-4-like,protein-coding,-,-,-,keratin-associated protein 4-4-like,20210420,-
130825,121169785,LOC121169785,-,-,-,Un,-,keratin-associated protein 4-3-like,pseudo,-,-,-,-,20210420,-
130825,121169786,LOC121169786,-,-,-,Un,-,keratin-associated protein 4-4-like,protein-coding,-,-,-,keratin-associated protein 4-3-like|keratin-associated protein 4-4-like,20210420,-
130825,121169787,LOC121169787,-,-,-,Un,-,keratin-associated protein 4-4-like,protein-coding,-,-,-,keratin-associated protein 4-3-like|keratin-associated protein 4-4-like,20210420,-
130825,121169788,LOC121169788,-,-,-,Un,-,keratin-associated protein 4-4-like,protein-coding,-,-,-,keratin-associated protein 4-3-like|keratin-associated protein 4-4-like,20210420,-
130825,121169789,LOC121169789,-,-,-,Un,-,keratin-associated protein 4-2-like,protein-coding,-,-,-,keratin-associated protein 4-2-like,20210420,-
130825,121169790,LOC121169790,-,-,-,Un,-,keratin-associated protein 4-9-like,protein-coding,-,-,-,keratin-associated protein 4-9-like,20210420,-
130825,121169791,NONO,-,-,-,Un,-,non-POU domain containing octamer binding,protein-coding,-,-,-,non-POU domain-containing octamer-binding protein,20210420,-
130825,121169792,LOC121169792,-,-,-,Un,-,keratin-associated protein 4-12-like,protein-coding,-,-,-,keratin-associated protein 4-12-like,20210420,-
130825,121169793,LOC121169793,-,-,-,Un,-,keratin-associated protein 4-12-like,protein-coding,-,-,-,keratin-associated protein 4-12-like,20210420,-
130825,121169794,LOC121169794,-,-,-,Un,-,keratin-associated protein 9-2-like,protein-coding,-,-,-,keratin-associated protein 9-2-like,20210420,-
130825,121169795,LOC121169795,-,-,-,Un,-,keratin-associated protein 9-2-like,protein-coding,-,-,-,keratin-associated protein 9-2-like,20210420,-
130825,121169796,LOC121169796,-,-,-,Un,-,keratin-associated protein 9-2-like,protein-coding,-,-,-,keratin-associated protein 9-2-like,20210420,-
130825,121169797,LOC121169797,-,-,-,Un,-,keratin-associated protein 9-2-like,protein-coding,-,-,-,keratin-associated protein 9-2-like,20210420,-
130825,121169798,ZBTB4,-,-,-,Un,-,zinc finger and BTB domain containing 4,protein-coding,-,-,-,zinc finger and BTB domain-containing protein 4,20210420,-
130825,121169799,IGF2BP1,-,-,-,Un,-,insulin like growth factor 2 mRNA binding protein 1,protein-coding,-,-,-,insulin-like growth factor 2 mRNA-binding protein 1,20210420,-
130825,121169800,ITGB1BP2,-,-,-,Un,-,integrin subunit beta 1 binding protein 2,protein-coding,-,-,-,integrin beta-1-binding protein 2,20210420,-
130825,121169801,SCPEP1,-,-,-,Un,-,serine carboxypeptidase 1,protein-coding,-,-,-,retinoid-inducible serine carboxypeptidase,20210420,-
130825,121169802,ZMYND15,-,-,-,Un,-,zinc finger MYND-type containing 15,protein-coding,-,-,-,zinc finger MYND domain-containing protein 15,20210420,-
130825,121169803,LOC121169803,-,-,-,Un,-,C-X-C motif chemokine 16-like,protein-coding,-,-,-,C-X-C motif chemokine 16-like,20210420,-
130825,121169804,KIAA0753,-,-,-,Un,-,KIAA0753 ortholog,protein-coding,-,-,-,protein moonraker,20210420,-
130825,121169805,LOC121169805,-,-,-,Un,-,uncharacterized LOC121169805,ncRNA,-,-,-,-,20210420,-
130825,121169806,LOC121169806,-,-,-,Un,-,olfactory receptor 1468-like,protein-coding,-,-,-,olfactory receptor 1468-like,20210420,-
130825,121169807,LOC121169807,-,-,-,Un,-,olfactory receptor 1E5-like,protein-coding,-,-,-,olfactory receptor 1468-like|olfactory receptor 1E5-like,20210420,-
130825,121169808,ZMYM3,-,-,-,Un,-,zinc finger MYM-type containing 3,protein-coding,-,-,-,zinc finger MYM-type protein 3,20210420,-
130825,121169809,CPD,-,-,-,Un,-,carboxypeptidase D,protein-coding,-,-,-,carboxypeptidase D,20210420,-
130825,121169810,DNAH2,-,-,-,Un,-,dynein axonemal heavy chain 2,protein-coding,-,-,-,"dynein heavy chain 2, axonemal",20210420,-
130825,121169811,LOC121169811,-,-,-,Un,-,beclin-1,protein-coding,-,-,-,beclin-1,20210529,-
130825,121169812,LOC121169812,-,-,-,Un,-,cyclin N-terminal domain-containing protein 1-like,protein-coding,-,-,-,cyclin N-terminal domain-containing protein 1-like,20210420,-
130825,121169813,SCRN2,-,-,-,Un,-,secernin 2,protein-coding,-,-,-,secernin-2,20210420,-
130825,121169814,CASC3,-,-,-,Un,-,CASC3 exon junction complex subunit,protein-coding,-,-,-,protein CASC3,20210420,-
130825,121169815,UNC45B,-,-,-,Un,-,unc-45 myosin chaperone B,protein-coding,-,-,-,protein unc-45 homolog B,20210420,-
130825,121169816,ARRB2,-,-,-,Un,-,arrestin beta 2,protein-coding,-,-,-,beta-arrestin-2,20210420,-
130825,121169817,AP2B1,-,-,-,Un,-,adaptor related protein complex 2 subunit beta 1,protein-coding,-,-,-,AP-2 complex subunit beta,20210522,-
130825,121169818,HNF1B,-,-,-,Un,-,HNF1 homeobox B,protein-coding,-,-,-,hepatocyte nuclear factor 1-beta,20210420,-
130825,121169819,LOC121169819,-,-,-,Un,-,olfactory receptor 1468-like,protein-coding,-,-,-,olfactory receptor 1468-like,20210420,-
130825,121169820,PITPNM3,-,-,-,Un,-,PITPNM family member 3,protein-coding,-,-,-,membrane-associated phosphatidylinositol transfer protein 3,20210420,-
130825,121169821,CUEDC1,-,-,-,Un,-,CUE domain containing 1,protein-coding,-,-,-,CUE domain-containing protein 1,20210420,-
130825,121169822,METTL16,-,-,-,Un,-,"methyltransferase 16, N6-methyladenosine",protein-coding,-,-,-,RNA N6-adenosine-methyltransferase METTL16|methyltransferase like 16,20210519,-
130825,121169823,MED12,-,-,-,Un,-,mediator complex subunit 12,protein-coding,-,-,-,mediator of RNA polymerase II transcription subunit 12,20210420,-
130825,121169824,KLHL11,-,-,-,Un,-,kelch like family member 11,protein-coding,-,-,-,kelch-like protein 11,20210420,-
130825,121169825,KLHL10,-,-,-,Un,-,kelch like family member 10,protein-coding,-,-,-,kelch-like protein 10,20210420,-
130825,121169826,TMEM256,-,-,-,Un,-,transmembrane protein 256,protein-coding,-,-,-,transmembrane protein 256,20210420,-
130825,121169827,KRT12,-,-,-,Un,-,keratin 12,protein-coding,-,-,-,"keratin, type I cytoskeletal 12",20210420,-
130825,121169828,TSPOAP1,-,-,-,Un,-,TSPO associated protein 1,protein-coding,-,-,-,peripheral-type benzodiazepine receptor-associated protein 1,20210420,-
130825,121169829,LOC121169829,-,-,-,Un,-,uncharacterized LOC121169829,ncRNA,-,-,-,-,20210420,-
130825,121169830,MPO,-,-,-,Un,-,myeloperoxidase,protein-coding,-,-,-,myeloperoxidase,20210420,-
130825,121169831,SEZ6,-,-,-,Un,-,seizure related 6 homolog,protein-coding,-,-,-,seizure protein 6 homolog,20210420,-
130825,121169832,ALOXE3,-,-,-,Un,-,arachidonate lipoxygenase 3,protein-coding,-,-,-,hydroperoxide isomerase ALOXE3,20210420,-
130825,121169833,MIS12,-,-,-,Un,-,MIS12 kinetochore complex component,protein-coding,-,-,-,protein MIS12 homolog,20210420,-
130825,121169834,RFLNB,-,-,-,Un,-,refilin B,protein-coding,-,-,-,refilin-B,20210420,-
130825,121169835,CCT6B,-,-,-,Un,-,chaperonin containing TCP1 subunit 6B,protein-coding,-,-,-,T-complex protein 1 subunit zeta-2,20210420,-
130825,121169836,WSCD1,-,-,-,Un,-,WSC domain containing 1,protein-coding,-,-,-,WSC domain-containing protein 1,20210420,-
130825,121169837,ATP1B2,-,NKA1b2,-,Un,-,ATPase Na+/K+ transporting subunit beta 2,protein-coding,-,-,-,sodium/potassium-transporting ATPase subunit beta-2|Na+-K+-ATPase beta 2 subunit|Sodium/potassium-dependent ATPase subunit beta-2|Sodium/potassium-transporting ATPase subunit beta-2,20210425,-
130825,121169838,GRB7,-,-,-,Un,-,growth factor receptor bound protein 7,protein-coding,-,-,-,growth factor receptor-bound protein 7,20210420,-
130825,121169839,TM4SF5,-,-,-,Un,-,transmembrane 4 L six family member 5,protein-coding,-,-,-,transmembrane 4 L6 family member 5,20210420,-
130825,121169840,PMP22,-,-,-,Un,-,peripheral myelin protein 22,protein-coding,-,-,-,peripheral myelin protein 22,20210420,-
130825,121169841,ZNF287,-,-,-,Un,-,zinc finger protein 287,protein-coding,-,-,-,zinc finger protein 287,20210420,-
130825,121169842,ITGA3,-,-,-,Un,-,integrin subunit alpha 3,protein-coding,-,-,-,integrin alpha-3,20210420,-
130825,121169843,TLCD3A,-,-,-,Un,-,TLC domain containing 3A,protein-coding,-,-,-,TLC domain-containing protein 3A,20210420,-
130825,121169844,LOC121169844,-,-,-,Un,-,keratin-associated protein 4-11-like,protein-coding,-,-,-,keratin-associated protein 4-11-like,20210420,-
130825,121169845,LOC121169845,-,-,-,Un,-,keratin-associated protein 4-11-like,protein-coding,-,-,-,keratin-associated protein 4-11-like,20210420,-
130825,121169846,SLC46A1,-,-,-,Un,-,solute carrier family 46 member 1,protein-coding,-,-,-,proton-coupled folate transporter,20210420,-
130825,121169847,LOC121169847,-,-,-,Un,-,MYCBP associated protein,protein-coding,-,-,-,LOW QUALITY PROTEIN: MYCBP-associated protein,20210420,-
130825,121169848,RAB34,-,-,-,Un,-,"RAB34, member RAS oncogene family",protein-coding,-,-,-,LOW QUALITY PROTEIN: ras-related protein Rab-34,20210420,-
130825,121169849,KRT10,-,-,-,Un,-,keratin 10,protein-coding,-,-,-,"LOW QUALITY PROTEIN: keratin, type I cytoskeletal 10",20210420,-
130825,121169850,FOXO4,-,-,-,Un,-,forkhead box O4,protein-coding,-,-,-,forkhead box protein O4,20210420,-
130825,121169851,TRPV3,-,-,-,Un,-,transient receptor potential cation channel subfamily V member 3,protein-coding,-,-,-,transient receptor potential cation channel subfamily V member 3,20210420,-
130825,121169852,TADA2A,-,-,-,Un,-,transcriptional adaptor 2A,protein-coding,-,-,-,transcriptional adapter 2-alpha,20210420,-
130825,121169853,COPRS,-,-,-,Un,-,coordinator of PRMT5 and differentiation stimulator,protein-coding,-,-,-,coordinator of PRMT5 and differentiation stimulator,20210420,-
130825,121169854,RAB5C,-,-,-,Un,-,"RAB5C, member RAS oncogene family",protein-coding,-,-,-,ras-related protein Rab-5C,20210420,-
130825,121169855,NOS2,-,-,-,Un,-,nitric oxide synthase 2,protein-coding,-,-,-,"nitric oxide synthase, inducible|inducible nitric oxide synthase 2",20210420,-
130825,121169856,LGALS9,-,-,-,Un,-,galectin 9,protein-coding,-,-,-,galectin-9,20210420,-
130825,121169857,IL2RG,-,-,-,Un,-,interleukin 2 receptor subunit gamma,protein-coding,-,-,-,cytokine receptor common subunit gamma,20210420,-
130825,121169858,STARD3,-,-,-,Un,-,StAR related lipid transfer domain containing 3,protein-coding,-,-,-,stAR-related lipid transfer protein 3,20210420,-
130825,121169859,LOC121169859,-,-,-,Un,-,titin-cap,protein-coding,-,-,-,telethonin,20210420,-
130825,121169860,ZNF385C,-,-,-,Un,-,zinc finger protein 385C,protein-coding,-,-,-,zinc finger protein 385C,20210420,-
130825,121169861,LOC121169861,-,-,-,Un,-,uncharacterized LOC121169861,ncRNA,-,-,-,-,20210420,-
130825,121169862,TRPV1,-,-,-,Un,-,transient receptor potential cation channel subfamily V member 1,protein-coding,-,-,-,transient receptor potential cation channel subfamily V member 1,20210420,-
130825,121169863,CUNHXorf65,-,-,-,Un,-,chromosome unknown CXorf65 homolog,protein-coding,-,-,-,uncharacterized protein CXorf65 homolog,20210420,-
130825,121169864,HLF,-,-,-,Un,-,"HLF transcription factor, PAR bZIP family member",protein-coding,-,-,-,hepatic leukemia factor,20210420,-
130825,121169865,MMD,-,-,-,Un,-,monocyte to macrophage differentiation associated,protein-coding,-,-,-,monocyte to macrophage differentiation factor,20210420,-
130825,121169866,ASPA,-,-,-,Un,-,aspartoacylase,protein-coding,-,-,-,aspartoacylase,20210420,-
130825,121169867,ORMDL3,-,-,-,Un,-,ORMDL sphingolipid biosynthesis regulator 3,protein-coding,-,-,-,ORM1-like protein 3,20210424,-
130825,121169868,DGKE,-,-,-,Un,-,diacylglycerol kinase epsilon,protein-coding,-,-,-,diacylglycerol kinase epsilon,20210420,-
130825,121169869,SNX12,-,-,-,Un,-,sorting nexin 12,protein-coding,-,-,-,sorting nexin-12,20210529,-
130825,121169870,EME1,-,-,-,Un,-,essential meiotic structure-specific endonuclease 1,protein-coding,-,-,-,crossover junction endonuclease EME1,20210420,-
130825,121169871,LRRC59,-,-,-,Un,-,leucine rich repeat containing 59,protein-coding,-,-,-,leucine-rich repeat-containing protein 59,20210420,-
130825,121169872,LIG3,-,-,-,Un,-,DNA ligase 3,protein-coding,-,-,-,DNA ligase 3,20210420,-
130825,121169873,RFFL,-,-,-,Un,-,ring finger and FYVE like domain containing E3 ubiquitin protein ligase,protein-coding,-,-,-,E3 ubiquitin-protein ligase rififylin,20210420,-
130825,121169874,LOC121169874,-,-,-,Un,-,40S ribosomal protein SA-like,pseudo,-,-,-,-,20210420,-
130825,121169875,LOC121169875,-,-,-,Un,-,uncharacterized LOC121169875,ncRNA,-,-,-,-,20210420,-
130825,121169876,HSF5,-,-,-,Un,-,heat shock transcription factor 5,protein-coding,-,-,-,heat shock factor protein 5,20210420,-
130825,121169877,LOC121169877,-,-,-,Un,-,keratin-associated protein 17-1,protein-coding,-,-,-,keratin-associated protein 17-1,20210420,-
130825,121169878,RNF43,-,-,-,Un,-,ring finger protein 43,protein-coding,-,-,-,E3 ubiquitin-protein ligase RNF43,20210420,-
130825,121169879,SUPT4H1,-,-,-,Un,-,"SPT4 homolog, DSIF elongation factor subunit",protein-coding,-,-,-,transcription elongation factor SPT4,20210501,-
130825,121169880,SERPINF1,-,-,-,Un,-,serpin family F member 1,protein-coding,-,-,-,pigment epithelium-derived factor,20210420,-
130825,121169881,INTS2,-,-,-,Un,-,integrator complex subunit 2,protein-coding,-,-,-,integrator complex subunit 2,20210420,-
130825,121169882,ANKRD13B,-,-,-,Un,-,ankyrin repeat domain 13B,protein-coding,-,-,-,ankyrin repeat domain-containing protein 13B,20210420,-
130825,121169883,ALOX12,-,-,-,Un,-,"arachidonate 12-lipoxygenase, 12S type",protein-coding,-,-,-,polyunsaturated fatty acid lipoxygenase ALOX12,20210420,-
130825,121169884,NAA38,-,-,-,Un,-,"N-alpha-acetyltransferase 38, NatC auxiliary subunit",protein-coding,-,-,-,"N-alpha-acetyltransferase 38, NatC auxiliary subunit",20210420,-
130825,121169885,LOC121169885,-,-,-,Un,-,nucleoside diphosphate kinase B,protein-coding,-,-,-,nucleoside diphosphate kinase B,20210420,-
130825,121169886,LOC121169886,-,-,-,Un,-,nucleoside diphosphate kinase A,protein-coding,-,-,-,nucleoside diphosphate kinase A,20210420,-
130825,121169887,ABCC3,-,-,-,Un,-,ATP binding cassette subfamily C member 3,protein-coding,-,-,-,ATP-binding cassette sub-family C member 3,20210420,-
130825,121169888,PSMD3,-,-,-,Un,-,"proteasome 26S subunit, non-ATPase 3",protein-coding,-,-,-,26S proteasome non-ATPase regulatory subunit 3,20210420,-
130825,121169889,LOC121169889,-,-,-,Un,-,heparan sulfate glucosamine 3-O-sulfotransferase 3A1,protein-coding,-,-,-,heparan sulfate glucosamine 3-O-sulfotransferase 3A1,20210420,-
130825,121169890,KCNAB3,-,-,-,Un,-,potassium voltage-gated channel subfamily A regulatory beta subunit 3,protein-coding,-,-,-,voltage-gated potassium channel subunit beta-3,20210420,-
130825,121169891,NFE2L1,-,-,-,Un,-,"nuclear factor, erythroid 2 like 1",protein-coding,-,-,-,endoplasmic reticulum membrane sensor NFE2L1,20210420,-
130825,121169892,MYOCD,-,-,-,Un,-,myocardin,protein-coding,-,-,-,myocardin,20210420,-
130825,121169893,LOC121169893,-,-,-,Un,-,dehydrogenase/reductase SDR family member 7B-like,protein-coding,-,-,-,dehydrogenase/reductase SDR family member 7B-like,20210420,-
130825,121169894,TSR1,-,-,-,Un,-,TSR1 ribosome maturation factor,protein-coding,-,-,-,pre-rRNA-processing protein TSR1 homolog,20210420,-
130825,121169895,SRR,-,-,-,Un,-,serine racemase,protein-coding,-,-,-,serine racemase,20210420,-
130825,121169896,SHPK,-,-,-,Un,-,sedoheptulokinase,protein-coding,-,-,-,sedoheptulokinase,20210420,-
130825,121169897,TRPV2,-,-,-,Un,-,transient receptor potential cation channel subfamily V member 2,protein-coding,-,-,-,transient receptor potential cation channel subfamily V member 2,20210420,-
130825,121169898,DLG3,-,-,-,Un,-,discs large MAGUK scaffold protein 3,protein-coding,-,-,-,disks large homolog 3,20210529,-
130825,121169899,ABR,-,-,-,Un,-,ABR activator of RhoGEF and GTPase,protein-coding,-,-,-,active breakpoint cluster region-related protein,20210420,-
130825,121169900,TIMM22,-,-,-,Un,-,translocase of inner mitochondrial membrane 22,protein-coding,-,-,-,mitochondrial import inner membrane translocase subunit Tim22,20210420,-
130825,121169901,MYBBP1A,-,-,-,Un,-,MYB binding protein 1a,protein-coding,-,-,-,myb-binding protein 1A,20210420,-
130825,121169902,SPNS2,-,-,-,Un,-,sphingolipid transporter 2,protein-coding,-,-,-,protein spinster homolog 2,20210420,-
130825,121169903,GPS2,-,-,-,Un,-,G protein pathway suppressor 2,protein-coding,-,-,-,G protein pathway suppressor 2,20210420,-
130825,121169904,EIF5A,-,-,-,Un,-,eukaryotic translation initiation factor 5A,protein-coding,-,-,-,eukaryotic translation initiation factor 5A-1,20210515,-
130825,121169905,MED11,-,-,-,Un,-,mediator complex subunit 11,protein-coding,-,-,-,mediator of RNA polymerase II transcription subunit 11,20210420,-
130825,121169906,PELP1,-,-,-,Un,-,"proline, glutamate and leucine rich protein 1",protein-coding,-,-,-,"proline-, glutamic acid- and leucine-rich protein 1",20210420,-
130825,121169907,ACSF2,-,-,-,Un,-,acyl-CoA synthetase family member 2,protein-coding,-,-,-,"medium-chain acyl-CoA ligase ACSF2, mitochondrial",20210420,-
130825,121169908,CHAD,-,-,-,Un,-,chondroadherin,protein-coding,-,-,-,chondroadherin,20210420,-
130825,121169909,KRT23,-,-,-,Un,-,keratin 23,protein-coding,-,-,-,"keratin, type I cytoskeletal 23",20210420,-
130825,121169910,LOC121169910,-,-,-,Un,-,keratin-associated protein 9-3-like,protein-coding,-,-,-,keratin-associated protein 9-3-like,20210420,-
130825,121169911,LOC121169911,-,-,-,Un,-,keratin-associated protein 9-3-like,protein-coding,-,-,-,keratin-associated protein 9-3-like,20210420,-
130825,121169912,TRIM16,-,-,-,Un,-,tripartite motif containing 16,protein-coding,-,-,-,tripartite motif-containing protein 16,20210420,-
130825,121169913,TMEM107,-,-,-,Un,-,transmembrane protein 107,protein-coding,-,-,-,transmembrane protein 107,20210420,-
130825,121169914,GIT1,-,-,-,Un,-,GIT ArfGAP 1,protein-coding,-,-,-,ARF GTPase-activating protein GIT1,20210420,-
130825,121169915,HOXB9,-,-,-,Un,-,homeobox B9,protein-coding,-,-,-,homeobox protein Hox-B9,20210420,-
130825,121169916,ZPBP2,-,-,-,Un,-,zona pellucida binding protein 2,protein-coding,-,-,-,zona pellucida-binding protein 2,20210420,-
130825,121169917,TOP2A,-,-,-,Un,-,DNA topoisomerase II alpha,protein-coding,-,-,-,DNA topoisomerase 2-alpha,20210420,-
130825,121169918,GJD3,-,-,-,Un,-,gap junction protein delta 3,protein-coding,-,-,-,gap junction delta-3 protein,20210420,-
130825,121169919,LOC121169919,-,-,-,Un,-,calcyclin-binding protein-like,pseudo,-,-,-,-,20210420,-
130825,121169920,NGFR,-,-,-,Un,-,nerve growth factor receptor,protein-coding,-,-,-,tumor necrosis factor receptor superfamily member 16,20210420,-
130825,121169921,LOC121169921,-,-,-,Un,-,cytochrome b5 domain-containing protein 1,protein-coding,-,-,-,cytochrome b5 domain-containing protein 1,20210420,-
130825,121169922,LOC121169922,-,-,-,Un,-,ubiquitin-conjugating enzyme E2 C-like,protein-coding,-,-,-,ubiquitin-conjugating enzyme E2 C-like,20210420,-
130825,121169923,LOC121169923,-,-,-,Un,-,"39S ribosomal protein L41, mitochondrial-like",pseudo,-,-,-,-,20210420,-
130825,121169924,CUNH17orf107,-,-,-,Un,-,chromosome unknown C17orf107 homolog,protein-coding,-,-,-,uncharacterized protein C17orf107 homolog,20210420,-
130825,121169925,KDM6B,-,-,-,Un,-,lysine demethylase 6B,protein-coding,-,-,-,lysine-specific demethylase 6B,20210420,-
130825,121169926,LOC121169926,-,-,-,Un,-,transmembrane protein 126A-like,pseudo,-,-,-,-,20210420,-
130825,121169927,LOC121169927,-,-,-,Un,-,"cytochrome b-c1 complex subunit Rieske, mitochondrial-like",pseudo,-,-,-,-,20210420,-
130825,121169928,VTN,-,-,-,Un,-,vitronectin,protein-coding,-,-,-,vitronectin,20210420,-
130825,121169929,LOC121169929,-,-,-,Un,-,calcyclin-binding protein-like,pseudo,-,-,-,-,20210420,-
130825,121169930,LOC121169930,-,-,-,Un,-,40S ribosomal protein S11-like,pseudo,-,-,-,-,20210420,-
130825,121169931,LOC121169931,-,-,-,Un,-,tumor necrosis factor receptor superfamily member 13B-like,protein-coding,-,-,-,tumor necrosis factor receptor superfamily member 13B-like,20210420,-
130825,121169932,LOC121169932,-,-,-,Un,-,probable G-protein coupled receptor 27,pseudo,-,-,-,-,20210420,-
130825,121169933,LOC121169933,-,-,-,Un,-,histo-blood group ABO system transferase-like,protein-coding,-,-,-,histo-blood group ABO system transferase-like,20210420,-
130825,121169934,LOC121169934,-,-,-,Un,-,probable G-protein coupled receptor 27,pseudo,-,-,-,-,20210420,-
130825,121169935,SAT2,-,-,-,Un,-,spermidine/spermine N1-acetyltransferase family member 2,protein-coding,-,-,-,thialysine N-epsilon-acetyltransferase,20210420,-
130825,121169936,LOC121169936,-,-,-,Un,-,adaptin ear-binding coat-associated protein 1-like,pseudo,-,-,-,-,20210420,-
130825,121169937,TMEM100,-,-,-,Un,-,transmembrane protein 100,protein-coding,-,-,-,transmembrane protein 100,20210420,-
130825,121169938,LOC121169938,-,-,-,Un,-,multidrug and toxin extrusion protein 2-like,pseudo,-,-,-,-,20210420,-
130825,121169939,KIF4A,-,-,-,Un,-,kinesin family member 4A,protein-coding,-,-,-,chromosome-associated kinesin KIF4A,20210420,-
130825,121169940,HOXB2,-,-,-,Un,-,homeobox B2,protein-coding,-,-,-,homeobox protein Hox-B2,20210420,-
130825,121169941,LOC121169941,-,-,-,Un,-,multidrug and toxin extrusion protein 2-like,protein-coding,-,-,-,multidrug and toxin extrusion protein 2-like,20210420,-
130825,121169942,ALOX12B,-,-,-,Un,-,"arachidonate 12-lipoxygenase, 12R type",protein-coding,-,-,-,"arachidonate 12-lipoxygenase, 12R-type",20210420,-
130825,121169943,CDRT1,-,-,-,Un,-,CMT1A duplicated region transcript 1,protein-coding,-,-,-,CMT1A duplicated region transcript 1 protein,20210420,-
130825,121169944,LOC121169944,-,-,-,Un,-,ras-related protein Rab-9A-like,pseudo,-,-,-,-,20210420,-
130825,121169945,LOC121169945,-,-,-,Un,-,diacylglycerol O-acyltransferase 1-like,pseudo,-,-,-,-,20210420,-
130825,121169946,CLUH,-,-,-,Un,-,clustered mitochondria homolog,protein-coding,-,-,-,clustered mitochondria protein homolog,20210420,-
130825,121169947,KCTD11,-,-,-,Un,-,potassium channel tetramerization domain containing 11,protein-coding,-,-,-,BTB/POZ domain-containing protein KCTD11,20210420,-
130825,121169948,PIRT,-,-,-,Un,-,phosphoinositide interacting regulator of transient receptor potential channels,protein-coding,-,-,-,phosphoinositide-interacting protein,20210420,-
130825,121169949,PDZD11,-,-,-,Un,-,PDZ domain containing 11,protein-coding,-,-,-,PDZ domain-containing protein 11,20210522,-
130825,121169950,TMEM238L,-,-,-,Un,-,transmembrane protein 238 like,protein-coding,-,-,-,transmembrane protein 238-like,20210420,-
130825,121169951,KRT39,-,-,-,Un,-,keratin 39,protein-coding,-,-,-,"keratin, type I cytoskeletal 39",20210420,-
130825,121169952,ZFP3,-,-,-,Un,-,ZFP3 zinc finger protein,protein-coding,-,-,-,zinc finger protein 3 homolog,20210420,-
130825,121169953,LOC121169953,-,-,-,Un,-,"protein SCO1 homolog, mitochondrial",protein-coding,-,-,-,"protein SCO1 homolog, mitochondrial",20210420,-
130825,121169954,LOC121169954,-,-,-,Un,-,myosin-13,protein-coding,-,-,-,myosin-13,20210420,-
130825,121169955,GLP2R,-,-,-,Un,-,glucagon like peptide 2 receptor,protein-coding,-,-,-,glucagon-like peptide 2 receptor,20210420,-
130825,121169956,DYNLL2,-,-,-,Un,-,dynein light chain LC8-type 2,protein-coding,-,-,-,"dynein light chain 2, cytoplasmic",20210522,-
130825,121169957,CUNH17orf67,-,-,-,Un,-,chromosome unknown C17orf67 homolog,protein-coding,-,-,-,uncharacterized protein C17orf67 homolog,20210420,-
130825,121169958,ODF4,-,-,-,Un,-,outer dense fiber of sperm tails 4,protein-coding,-,-,-,outer dense fiber protein 4,20210420,-
130825,121169959,CTC1,-,-,-,Un,-,CST telomere replication complex component 1,protein-coding,-,-,-,CST complex subunit CTC1,20210420,-
130825,121169960,IGBP1,-,-,-,Un,-,immunoglobulin binding protein 1,protein-coding,-,-,-,immunoglobulin-binding protein 1,20210420,-
130825,121169961,PIPOX,-,-,-,Un,-,pipecolic acid and sarcosine oxidase,protein-coding,-,-,-,peroxisomal sarcosine oxidase,20210420,-
130825,121169962,MED13,-,-,-,Un,-,mediator complex subunit 13,protein-coding,-,-,-,mediator of RNA polymerase II transcription subunit 13,20210420,-
130825,121169963,PER1,-,-,-,Un,-,period circadian regulator 1,protein-coding,-,-,-,period circadian protein homolog 1,20210420,-
130825,121169964,DDX52,-,-,-,Un,-,DExD-box helicase 52,protein-coding,-,-,-,probable ATP-dependent RNA helicase DDX52,20210420,-
130825,121169965,SHBG,-,-,-,Un,-,sex hormone binding globulin,protein-coding,-,-,-,sex hormone-binding globulin,20210420,-
130825,121169966,SLC35G6,-,-,-,Un,-,solute carrier family 35 member G6,protein-coding,-,-,-,solute carrier family 35 member G6,20210420,-
130825,121169967,FKBP10,-,-,-,Un,-,FKBP prolyl isomerase 10,protein-coding,-,-,-,peptidyl-prolyl cis-trans isomerase FKBP10,20210420,-
130825,121169968,SPEM3,-,-,-,Un,-,SPEM family member 3,protein-coding,-,-,-,uncharacterized protein SPEM3,20210420,-
130825,121169969,ANKRD40,-,-,-,Un,-,ankyrin repeat domain 40,protein-coding,-,-,-,ankyrin repeat domain-containing protein 40,20210420,-
130825,121169970,LOC121169970,-,-,-,Un,-,asialoglycoprotein receptor 1-like,protein-coding,-,-,-,asialoglycoprotein receptor 1-like,20210420,-
130825,121169971,LOC121169971,-,-,-,Un,-,C-X-C motif chemokine 16-like,protein-coding,-,-,-,C-X-C motif chemokine 16-like,20210420,-
130825,121169972,GLTPD2,-,-,-,Un,-,glycolipid transfer protein domain containing 2,protein-coding,-,-,-,glycolipid transfer protein domain-containing protein 2,20210420,-
130825,121169973,USP32,-,-,-,Un,-,ubiquitin specific peptidase 32,protein-coding,-,-,-,ubiquitin carboxyl-terminal hydrolase 32,20210420,-
130825,121169974,NEURL4,-,-,-,Un,-,neuralized E3 ubiquitin protein ligase 4,protein-coding,-,-,-,neuralized-like protein 4,20210420,-
130825,121169975,LOC121169975,-,-,-,Un,-,ADP-ribosylation factor-like protein 4D,protein-coding,-,-,-,ADP-ribosylation factor-like protein 4D,20210420,-
130825,121169976,LOC121169976,-,-,-,Un,-,Golgi apparatus membrane protein TVP23 homolog B,protein-coding,-,-,-,Golgi apparatus membrane protein TVP23 homolog B,20210420,-
130825,121169977,SPNS3,-,-,-,Un,-,sphingolipid transporter 3 (putative),protein-coding,-,-,-,protein spinster homolog 3,20210420,-
130825,121169978,UTP18,-,-,-,Un,-,UTP18 small subunit processome component,protein-coding,-,-,-,U3 small nucleolar RNA-associated protein 18 homolog,20210420,-
130825,121169979,MNT,-,-,-,Un,-,MAX network transcriptional repressor,protein-coding,-,-,-,max-binding protein MNT,20210420,-
130825,121169980,CTNS,-,-,-,Un,-,"cystinosin, lysosomal cystine transporter",protein-coding,-,-,-,cystinosin,20210420,-
130825,121169981,TAX1BP3,-,-,-,Un,-,Tax1 binding protein 3,protein-coding,-,-,-,tax1-binding protein 3,20210424,-
130825,121169982,LOC121169982,-,-,-,Un,-,olfactory receptor 1-like,protein-coding,-,-,-,olfactory receptor 1-like,20210420,-
130825,121169983,LOC121169983,-,-,-,Un,-,olfactory receptor 1E2-like,protein-coding,-,-,-,olfactory receptor 1E2-like,20210420,-
130825,121169984,LOC121169984,-,-,-,Un,-,glucose-6-phosphatase catalytic subunit 1,protein-coding,-,-,-,glucose-6-phosphatase catalytic subunit 1,20210420,-
130825,121169985,EDA,-,-,-,Un,-,ectodysplasin A,protein-coding,-,-,-,ectodysplasin-A,20210420,-
130825,121169986,LOC121169986,-,-,-,Un,-,olfactory receptor 1-like,protein-coding,-,-,-,olfactory receptor 1-like,20210420,-
130825,121169987,LOC121169987,-,-,-,Un,-,olfactory receptor 1468-like,protein-coding,-,-,-,olfactory receptor 1468-like,20210420,-
130825,121169988,LOC121169988,-,-,-,Un,-,olfactory receptor 1E5-like,protein-coding,-,-,-,olfactory receptor 1E5-like,20210420,-
130825,121169989,LOC121169989,-,-,-,Un,-,olfactory receptor 1468-like,protein-coding,-,-,-,olfactory receptor 1468-like,20210420,-
130825,121169990,LOC121169990,-,-,-,Un,-,olfactory receptor 1E5-like,protein-coding,-,-,-,olfactory receptor 1E5-like,20210420,-
130825,121169991,LOC121169991,-,-,-,Un,-,proteasome activator complex subunit 3,protein-coding,-,-,-,proteasome activator complex subunit 3,20210515,-
130825,121169992,LOC121169992,-,-,-,Un,-,olfactory receptor 1L6-like,protein-coding,-,-,-,olfactory receptor 1L6-like,20210420,-
130825,121169993,LOC121169993,-,-,-,Un,-,olfactory receptor 3A2-like,protein-coding,-,-,-,olfactory receptor 3A2-like,20210420,-
130825,121169994,LOC121169994,-,-,-,Un,-,olfactory receptor 3A2-like,protein-coding,-,-,-,olfactory receptor 3A2-like,20210420,-
130825,121169995,TBX4,-,-,-,Un,-,T-box transcription factor 4,protein-coding,-,-,-,T-box transcription factor TBX4,20210420,-
130825,121169996,LOC121169996,-,-,-,Un,-,olfactory receptor 1P1-like,protein-coding,-,-,-,olfactory receptor 1P1-like,20210420,-
130825,121169997,LOC121169997,-,-,-,Un,-,olfactory receptor 1A1,protein-coding,-,-,-,olfactory receptor 1A1,20210420,-
130825,121169998,CCDC92B,-,-,-,Un,-,coiled-coil domain containing 92B,protein-coding,-,-,-,coiled-coil domain containing 92B,20210420,-
130825,121169999,MED24,-,-,-,Un,-,mediator complex subunit 24,protein-coding,-,-,-,LOW QUALITY PROTEIN: mediator of RNA polymerase II transcription subunit 24,20210420,-
130825,121170000,RTN4RL1,-,-,-,Un,-,reticulon 4 receptor like 1,protein-coding,-,-,-,reticulon-4 receptor-like 1,20210420,-
130825,121170001,CUNH17orf97,-,-,-,Un,-,chromosome unknown C17orf97 homolog,protein-coding,-,-,-,protein LIAT1,20210420,-
130825,121170002,AKAP1,-,-,-,Un,-,A-kinase anchoring protein 1,protein-coding,-,-,-,"A-kinase anchor protein 1, mitochondrial",20210420,-
130825,121170003,DERL2,-,-,-,Un,-,derlin 2,protein-coding,-,-,-,derlin-2,20210529,-
130825,121170004,LOC121170004,-,-,-,Un,-,SLP adaptor and CSK interacting membrane protein,protein-coding,-,-,-,SLP adapter and CSK-interacting membrane protein,20210420,-
130825,121170005,BHLHA9,-,-,-,Un,-,basic helix-loop-helix family member a9,protein-coding,-,-,-,class A basic helix-loop-helix protein 9,20210420,-
130825,121170006,TRARG1,-,-,-,Un,-,trafficking regulator of GLUT4 (SLC2A4) 1,protein-coding,-,-,-,trafficking regulator of GLUT4 1,20210420,-
130825,121170007,KRT40,-,-,-,Un,-,keratin 40,protein-coding,-,-,-,"keratin, type I cytoskeletal 40",20210420,-
130825,121170008,FGF11,-,-,-,Un,-,fibroblast growth factor 11,protein-coding,-,-,-,fibroblast growth factor 11,20210420,-
130825,121170009,ALOX15,-,-,-,Un,-,arachidonate 15-lipoxygenase,protein-coding,-,-,-,polyunsaturated fatty acid lipoxygenase ALOX15,20210420,-
130825,121170010,FGF1,-,-,-,Un,-,fibroblast growth factor 1,protein-coding,-,-,-,fibroblast growth factor 1,20210420,-
130825,121170011,TP53I13,-,-,-,Un,-,tumor protein p53 inducible protein 13,protein-coding,-,-,-,tumor protein p53-inducible protein 13,20210420,-
130825,121170012,TEX14,-,-,-,Un,-,"testis expressed 14, intercellular bridge forming factor",protein-coding,-,-,-,inactive serine/threonine-protein kinase TEX14,20210420,-
130825,121170013,RAD51C,-,-,-,Un,-,RAD51 paralog C,protein-coding,-,-,-,DNA repair protein RAD51 homolog 3,20210420,-
130825,121170014,LOC121170014,-,-,-,Un,-,U1 small nuclear ribonucleoprotein C-like,pseudo,-,-,-,-,20210420,-
130825,121170015,LOC121170015,-,-,-,Un,-,rho-related GTP-binding protein RhoN,protein-coding,-,-,-,rho-related GTP-binding protein RhoN,20210424,-
130825,121170016,LOC121170016,-,-,-,Un,-,adenylate kinase isoenzyme 6-like,pseudo,-,-,-,-,20210420,-
130825,121170017,RNFT1,-,-,-,Un,-,"ring finger protein, transmembrane 1",protein-coding,-,-,-,E3 ubiquitin-protein ligase RNFT1,20210420,-
130825,121170018,LOC121170018,-,-,-,Un,-,60S ribosomal protein L35-like,pseudo,-,-,-,-,20210420,-
130825,121170019,LOC121170019,-,-,-,Un,-,pleckstrin homology domain-containing family H member 3-like,protein-coding,-,-,-,pleckstrin homology domain-containing family H member 3-like,20210420,-
130825,121170020,LOC121170020,-,-,-,Un,-,translation initiation factor IF-2-like,protein-coding,-,-,-,translation initiation factor IF-2-like,20210420,-
130825,121170021,ALOX15B,-,-,-,Un,-,arachidonate 15-lipoxygenase type B,protein-coding,-,-,-,polyunsaturated fatty acid lipoxygenase ALOX15B,20210420,-
130825,121170022,ALDH3A2,-,-,-,Un,-,aldehyde dehydrogenase 3 family member A2,protein-coding,-,-,-,aldehyde dehydrogenase family 3 member A2,20210420,-
130825,121170023,LOC121170023,-,-,-,Un,-,C-C motif chemokine 8-like,protein-coding,-,-,-,C-C motif chemokine 8-like,20210420,-
130825,121170024,NALF2,-,-,-,Un,-,NALCN channel auxiliary factor 2,protein-coding,-,-,-,transmembrane protein FAM155B,20210420,-
130825,121170025,CCL1,-,-,-,Un,-,C-C motif chemokine ligand 1,protein-coding,-,-,-,C-C motif chemokine 1,20210420,-
130825,121170026,LOC121170026,-,-,-,Un,-,uncharacterized LOC121170026,ncRNA,-,-,-,-,20210420,-
130825,121170027,PPP1R1B,-,-,-,Un,-,protein phosphatase 1 regulatory inhibitor subunit 1B,protein-coding,-,-,-,protein phosphatase 1 regulatory subunit 1B,20210420,-
130825,121170028,LOC121170028,-,-,-,Un,-,complement C1q binding protein,protein-coding,-,-,-,"complement component 1 Q subcomponent-binding protein, mitochondrial",20210420,-
130825,121170029,RPAIN,-,-,-,Un,-,RPA interacting protein,protein-coding,-,-,-,RPA-interacting protein,20210420,-
130825,121170030,GAS2L2,-,-,-,Un,-,growth arrest specific 2 like 2,protein-coding,-,-,-,GAS2-like protein 2,20210420,-
130825,121170031,SERPINF2,-,-,-,Un,-,serpin family F member 2,protein-coding,-,-,-,alpha-2-antiplasmin,20210420,-
130825,121170032,CUNH17orf50,-,-,-,Un,-,chromosome unknown C17orf50 homolog,protein-coding,-,-,-,uncharacterized protein C17orf50 homolog,20210420,-
130825,121170033,HEATR9,-,-,-,Un,-,HEAT repeat containing 9,protein-coding,-,-,-,protein HEATR9,20210420,-
130825,121170034,PJA1,-,-,-,Un,-,praja ring finger ubiquitin ligase 1,protein-coding,-,-,-,E3 ubiquitin-protein ligase Praja-1,20210420,-
130825,121170035,USP43,-,-,-,Un,-,ubiquitin specific peptidase 43,protein-coding,-,-,-,ubiquitin carboxyl-terminal hydrolase 43,20210420,-
130825,121170036,SLC13A5,-,-,-,Un,-,solute carrier family 13 member 5,protein-coding,-,-,-,solute carrier family 13 member 5,20210420,-
130825,121170037,LOC121170037,-,-,-,Un,-,dual specificity mitogen-activated protein kinase kinase 3,protein-coding,-,-,-,dual specificity mitogen-activated protein kinase kinase 3,20210420,-
130825,121170038,LOC121170038,-,-,-,Un,-,60S ribosomal protein L6-like,pseudo,-,-,-,-,20210420,-
130825,121170039,LOC121170039,-,-,-,Un,-,unconventional myosin-XIX-like,protein-coding,-,-,-,unconventional myosin-XIX-like,20210420,-
130825,121170040,LOC121170040,-,-,-,Un,-,reactive oxygen species modulator 1-like,pseudo,-,-,-,-,20210420,-
130825,121170041,NLGN2,-,-,-,Un,-,neuroligin 2,protein-coding,-,-,-,neuroligin-2,20210420,-
130825,121170042,CA4,-,-,-,Un,-,carbonic anhydrase 4,protein-coding,-,-,-,carbonic anhydrase 4|carbonic anhydrase IV,20210420,-
130825,121170043,PNPO,-,-,-,Un,-,pyridoxamine 5'-phosphate oxidase,protein-coding,-,-,-,pyridoxine-5'-phosphate oxidase,20210420,-
130825,121170044,CUNH17orf64,-,-,-,Un,-,chromosome unknown C17orf64 homolog,protein-coding,-,-,-,LOW QUALITY PROTEIN: uncharacterized protein C17orf64 homolog,20210420,-
130825,121170045,PIGL,-,-,-,Un,-,phosphatidylinositol glycan anchor biosynthesis class L,protein-coding,-,-,-,N-acetylglucosaminyl-phosphatidylinositol de-N-acetylase,20210420,-
130825,121170046,PIGS,-,-,-,Un,-,phosphatidylinositol glycan anchor biosynthesis class S,protein-coding,-,-,-,GPI transamidase component PIG-S,20210420,-
130825,121170047,STARD8,-,-,-,Un,-,StAR related lipid transfer domain containing 8,protein-coding,-,-,-,stAR-related lipid transfer protein 8,20210420,-
130825,121170048,FBXO39,-,-,-,Un,-,F-box protein 39,protein-coding,-,-,-,F-box only protein 39,20210420,-
130825,121170049,LOC121170049,-,-,-,Un,-,signal transducer and activator of transcription 5A,protein-coding,-,-,-,signal transducer and activator of transcription 5A,20210420,-
130825,121170050,LOC121170050,-,-,-,Un,-,signal transducer and activator of transcription 3,protein-coding,-,-,-,signal transducer and activator of transcription 3,20210529,-
130825,121170051,TMEM97,-,-,-,Un,-,transmembrane protein 97,protein-coding,-,-,-,sigma intracellular receptor 2,20210420,-
130825,121170052,IFT20,-,-,-,Un,-,intraflagellar transport 20,protein-coding,-,-,-,intraflagellar transport protein 20 homolog,20210420,-
130825,121170053,YIPF6,-,-,-,Un,-,Yip1 domain family member 6,protein-coding,-,-,-,protein YIPF6,20210420,-
130825,121170054,LOC121170054,-,-,-,Un,-,olfactory receptor 4D1-like,protein-coding,-,-,-,olfactory receptor 4D1-like,20210420,-
130825,121170055,CCDC182,-,-,-,Un,-,coiled-coil domain containing 182,protein-coding,-,-,-,coiled-coil domain-containing protein 182,20210420,-
130825,121170056,EPX,-,-,-,Un,-,eosinophil peroxidase,protein-coding,-,-,-,eosinophil peroxidase,20210420,-
130825,121170057,HIC1,-,-,-,Un,-,HIC ZBTB transcriptional repressor 1,protein-coding,-,-,-,hypermethylated in cancer 1 protein,20210420,-
130825,121170058,LOC121170058,-,-,-,Un,-,small nuclear ribonucleoprotein F-like,pseudo,-,-,-,-,20210420,-
130825,121170059,KRT25,-,-,-,Un,-,keratin 25,protein-coding,-,-,-,"keratin, type I cytoskeletal 25",20210420,-
130825,121170060,LOC121170060,-,-,-,Un,-,"keratin, type I cytoskeletal 26-like",protein-coding,-,-,-,"keratin, type I cytoskeletal 26-like",20210420,-
130825,121170061,KRT28,-,-,-,Un,-,keratin 28,protein-coding,-,-,-,"keratin, type I cytoskeletal 28",20210420,-
130825,121170062,LOC121170062,-,-,-,Un,-,"keratin, type I cytoskeletal 27",protein-coding,-,-,-,"keratin, type I cytoskeletal 27",20210420,-
130825,121170063,OPHN1,-,-,-,Un,-,oligophrenin 1,protein-coding,-,-,-,oligophrenin-1,20210420,-
130825,121170064,SRCIN1,-,-,-,Un,-,SRC kinase signaling inhibitor 1,protein-coding,-,-,-,SRC kinase signaling inhibitor 1,20210420,-
130825,121170065,LOC121170065,-,-,-,Un,-,membrane primary amine oxidase-like,protein-coding,-,-,-,membrane primary amine oxidase-like,20210420,-
130825,121170066,CLTC,-,-,-,Un,-,clathrin heavy chain,protein-coding,-,-,-,clathrin heavy chain 1,20210529,-
130825,121170067,LOC121170067,-,-,-,Un,-,elongin BC and polycomb repressive complex 2 associated protein,protein-coding,-,-,-,elongin BC and Polycomb repressive complex 2-associated protein,20210420,-
130825,121170068,CA10,-,-,-,Un,-,carbonic anhydrase 10,protein-coding,-,-,-,carbonic anhydrase-related protein 10,20210420,-
130825,121170069,LOC121170069,-,-,-,Un,-,asialoglycoprotein receptor 2-like,protein-coding,-,-,-,asialoglycoprotein receptor 2-like,20210420,-
130825,121170070,TBX2,-,-,-,Un,-,T-box transcription factor 2,protein-coding,-,-,-,T-box transcription factor TBX2,20210420,-
130825,121170071,TMEM92,-,-,-,Un,-,transmembrane protein 92,protein-coding,-,-,-,transmembrane protein 92,20210420,-
130825,121170072,AR,-,-,-,Un,-,androgen receptor,protein-coding,-,-,-,androgen receptor,20210420,-
130825,121170073,LOC121170073,-,-,-,Un,-,GTP-binding nuclear protein Ran-like,pseudo,-,-,-,-,20210420,-
130825,121170074,SGCA,-,-,-,Un,-,sarcoglycan alpha,protein-coding,-,-,-,alpha-sarcoglycan,20210420,-
130825,121170075,TAC4,-,-,-,Un,-,tachykinin precursor 4,protein-coding,-,-,-,tachykinin-4,20210420,-
130825,121170076,GAST,-,-,-,Un,-,gastrin,protein-coding,-,-,-,gastrin,20210420,-
130825,121170077,UTP6,-,-,-,Un,-,UTP6 small subunit processome component,protein-coding,-,-,-,U3 small nucleolar RNA-associated protein 6 homolog,20210420,-
130825,121170078,B4GALNT2,-,-,-,Un,-,"beta-1,4-N-acetyl-galactosaminyltransferase 2",protein-coding,-,-,-,"beta-1,4 N-acetylgalactosaminyltransferase 2",20210420,-
130825,121170079,TTLL6,-,-,-,Un,-,tubulin tyrosine ligase like 6,protein-coding,-,-,-,LOW QUALITY PROTEIN: tubulin polyglutamylase TTLL6,20210420,-
130825,121170080,ADPRM,-,-,-,Un,-,"ADP-ribose/CDP-alcohol diphosphatase, manganese dependent",protein-coding,-,-,-,manganese-dependent ADP-ribose/CDP-alcohol diphosphatase,20210420,-
130825,121170081,ELAC2,-,-,-,Un,-,elaC ribonuclease Z 2,protein-coding,-,-,-,zinc phosphodiesterase ELAC protein 2,20210420,-
130825,121170082,TMIGD1,-,-,-,Un,-,transmembrane and immunoglobulin domain containing 1,protein-coding,-,-,-,transmembrane and immunoglobulin domain-containing protein 1,20210420,-
130825,121170083,LOC121170083,-,-,-,Un,-,"keratin, type I cuticular Ha5",protein-coding,-,-,-,"keratin, type I cuticular Ha5",20210420,-
130825,121170084,KRT36,-,-,-,Un,-,keratin 36,protein-coding,-,-,-,"keratin, type I cuticular Ha6",20210420,-
130825,121170085,CWC25,-,-,-,Un,-,CWC25 spliceosome associated protein homolog,protein-coding,-,-,-,pre-mRNA-splicing factor CWC25 homolog,20210420,-
130825,121170086,LRRC46,-,-,-,Un,-,leucine rich repeat containing 46,protein-coding,-,-,-,leucine-rich repeat-containing protein 46,20210420,-
130825,121170087,VSIG4,-,-,-,Un,-,V-set and immunoglobulin domain containing 4,protein-coding,-,-,-,V-set and immunoglobulin domain-containing protein 4,20210420,-
130825,121170088,TLCD1,-,-,-,Un,-,TLC domain containing 1,protein-coding,-,-,-,TLC domain-containing protein 1,20210420,-
130825,121170089,RPL23A,-,-,-,Un,-,ribosomal protein L23a,protein-coding,-,-,-,60S ribosomal protein L23a,20210420,-
130825,121170090,SARM1,-,-,-,Un,-,sterile alpha and TIR motif containing 1,protein-coding,-,-,-,NAD(+) hydrolase SARM1,20210420,-
130825,121170091,YBX2,-,-,-,Un,-,Y-box binding protein 2,protein-coding,-,-,-,Y-box-binding protein 2,20210420,-
130825,121170092,SPAG9,-,-,-,Un,-,sperm associated antigen 9,protein-coding,-,-,-,C-Jun-amino-terminal kinase-interacting protein 4,20210420,-
130825,121170093,LOC121170093,-,-,-,Un,-,uncharacterized LOC121170093,ncRNA,-,-,-,-,20210420,-
130825,121170094,MMP28,-,-,-,Un,-,matrix metallopeptidase 28,protein-coding,-,-,-,matrix metalloproteinase-28,20210420,-
130825,121170095,LRRC3C,-,-,-,Un,-,leucine rich repeat containing 3C,protein-coding,-,-,-,leucine-rich repeat-containing protein 3C,20210420,-
130825,121170096,ERBB2,-,-,-,Un,-,erb-b2 receptor tyrosine kinase 2,protein-coding,-,-,-,receptor tyrosine-protein kinase erbB-2,20210420,-
130825,121170097,MSN,-,-,-,Un,-,moesin,protein-coding,-,-,-,moesin,20210420,-
130825,121170098,LAS1L,-,-,-,Un,-,LAS1 like ribosome biogenesis factor,protein-coding,-,-,-,ribosomal biogenesis protein LAS1L,20210420,-
130825,121170099,MIEN1,-,-,-,Un,-,migration and invasion enhancer 1,protein-coding,-,-,-,migration and invasion enhancer 1,20210420,-
130825,121170100,PHF23,-,-,-,Un,-,PHD finger protein 23,protein-coding,-,-,-,PHD finger protein 23,20210420,-
130825,121170101,MED31,-,-,-,Un,-,mediator complex subunit 31,protein-coding,-,-,-,mediator of RNA polymerase II transcription subunit 31,20210420,-
130825,121170102,TXNDC17,-,-,-,Un,-,thioredoxin domain containing 17,protein-coding,-,-,-,thioredoxin domain-containing protein 17,20210420,-
130825,121170103,ZNF18,-,-,-,Un,-,zinc finger protein 18,protein-coding,-,-,-,zinc finger protein 18,20210420,-
130825,121170104,RPL19,-,-,-,Un,-,ribosomal protein L19,protein-coding,-,-,-,60S ribosomal protein L19,20210501,-
130825,121170105,LOC121170105,-,-,-,Un,-,receptor activity-modifying protein 2-like,protein-coding,-,-,-,receptor activity-modifying protein 2-like,20210420,-
130825,121170106,AMER1,-,-,-,Un,-,APC membrane recruitment protein 1,protein-coding,-,-,-,APC membrane recruitment protein 1,20210420,-
130825,121170107,CBX1,-,-,-,Un,-,chromobox 1,protein-coding,-,-,-,chromobox protein homolog 1,20210612,-
130825,121170108,NTN1,-,-,-,Un,-,netrin 1,protein-coding,-,-,-,netrin-1,20210420,-
130825,121170109,MSI2,-,-,-,Un,-,musashi RNA binding protein 2,protein-coding,-,-,-,RNA-binding protein Musashi homolog 2,20210529,-
130825,121170110,RAB11FIP4,-,-,-,Un,-,RAB11 family interacting protein 4,protein-coding,-,-,-,rab11 family-interacting protein 4,20210420,-
130825,121170111,TMEM199,-,-,-,Un,-,transmembrane protein 199,protein-coding,-,-,-,transmembrane protein 199,20210420,-
130825,121170112,SEBOX,-,-,-,Un,-,SEBOX homeobox,protein-coding,-,-,-,homeobox protein SEBOX,20210420,-
130825,121170113,KIF2B,-,-,-,Un,-,kinesin family member 2B,protein-coding,-,-,-,kinesin-like protein KIF2B,20210420,-
130825,121170114,ADAP2,-,-,-,Un,-,ArfGAP with dual PH domains 2,protein-coding,-,-,-,arf-GAP with dual PH domain-containing protein 2,20210420,-
130825,121170115,CUNH17orf75,-,-,-,Un,-,chromosome unknown C17orf75 homolog,protein-coding,-,-,-,protein Njmu-R1,20210420,-
130825,121170116,EIF1,-,-,-,Un,-,eukaryotic translation initiation factor 1,protein-coding,-,-,-,eukaryotic translation initiation factor 1,20210522,-
130825,121170117,GAS7,-,-,-,Un,-,growth arrest specific 7,protein-coding,-,-,-,growth arrest-specific protein 7,20210420,-
130825,121170118,LOC121170118,-,-,-,Un,-,vascular endothelial growth factor receptor kdr-like,protein-coding,-,-,-,vascular endothelial growth factor receptor kdr-like,20210420,-
130825,121170119,LOC121170119,-,-,-,Un,-,olfactory receptor 3A2-like,protein-coding,-,-,-,olfactory receptor 3A2-like,20210420,-
130825,121170120,LOC121170120,-,-,-,Un,-,olfactory receptor 3A1,protein-coding,-,-,-,olfactory receptor 3A1,20210420,-
130825,121170121,NXPH3,-,-,-,Un,-,neurexophilin 3,protein-coding,-,-,-,neurexophilin-3,20210420,-
130825,121170122,LOC121170122,-,-,-,Un,-,putative olfactory receptor 3A4,protein-coding,-,-,-,putative olfactory receptor 3A4,20210420,-
130825,121170123,LOC121170123,-,-,-,Un,-,retina-specific copper amine oxidase-like,protein-coding,-,-,-,retina-specific copper amine oxidase-like,20210420,-
130825,121170124,RASL10B,-,-,-,Un,-,RAS like family 10 member B,protein-coding,-,-,-,ras-like protein family member 10B,20210522,-
130825,121170125,GDPD1,-,-,-,Un,-,glycerophosphodiester phosphodiesterase domain containing 1,protein-coding,-,-,-,lysophospholipase D GDPD1,20210420,-
130825,121170126,LOC121170126,-,-,-,Un,-,"39S ribosomal protein L13, mitochondrial-like",pseudo,-,-,-,-,20210420,-
130825,121170127,OSBPL7,-,-,-,Un,-,oxysterol binding protein like 7,protein-coding,-,-,-,oxysterol-binding protein-related protein 7,20210420,-
130825,121170128,LOC121170128,-,-,-,Un,-,germ cell-less protein-like 1,protein-coding,-,-,-,germ cell-less protein-like 1,20210420,-
130825,121170129,RPL26,-,-,-,Un,-,ribosomal protein L26,protein-coding,-,-,-,60S ribosomal protein L26,20210529,-
130825,121170130,MRPL27,-,-,-,Un,-,mitochondrial ribosomal protein L27,protein-coding,-,-,-,"39S ribosomal protein L27, mitochondrial",20210420,-
130825,121170131,VAMP2,-,-,-,Un,-,vesicle associated membrane protein 2,protein-coding,-,-,-,vesicle-associated membrane protein 2,20210522,-
130825,121170132,TLCD2,-,-,-,Un,-,TLC domain containing 2,protein-coding,-,-,-,TLC domain-containing protein 2,20210420,-
130825,121170133,LOC121170133,-,-,-,Un,-,uncharacterized LOC121170133,ncRNA,-,-,-,-,20210420,-
130825,121170134,NDFIP1,-,-,-,Un,-,Nedd4 family interacting protein 1,protein-coding,-,-,-,NEDD4 family-interacting protein 1,20210420,-
130825,121170135,TBX21,-,-,-,Un,-,T-box transcription factor 21,protein-coding,-,-,-,T-box transcription factor TBX21,20210420,-
130825,121170136,COIL,-,-,-,Un,-,coilin,protein-coding,-,-,-,coilin,20210420,-
130825,121170137,FNDC8,-,-,-,Un,-,fibronectin type III domain containing 8,protein-coding,-,-,-,fibronectin type III domain-containing protein 8,20210420,-
130825,121170138,LOC121170138,-,-,-,Un,-,alpha-protein kinase 3-like,pseudo,-,-,-,-,20210420,-
130825,121170139,EPN3,-,-,-,Un,-,epsin 3,protein-coding,-,-,-,epsin-3,20210420,-
130825,121170140,MKS1,-,-,-,Un,-,MKS transition zone complex subunit 1,protein-coding,-,-,-,Meckel syndrome type 1 protein,20210420,-
130825,121170141,LOC121170141,-,-,-,Un,-,alpha-N-acetylglucosaminidase-like,protein-coding,-,-,-,alpha-N-acetylglucosaminidase-like,20210420,-
130825,121170142,UNC119,-,-,-,Un,-,unc-119 lipid binding chaperone,protein-coding,-,-,-,protein unc-119 homolog A,20210420,-
130825,121170143,HOXB1,-,-,-,Un,-,homeobox B1,protein-coding,-,-,-,homeobox protein Hox-B1,20210420,-
130825,121170144,TNK1,-,-,-,Un,-,tyrosine kinase non receptor 1,protein-coding,-,-,-,non-receptor tyrosine-protein kinase TNK1,20210420,-
130825,121170145,LOC121170145,-,-,-,Un,-,calcineurin B homologous protein 1-like,pseudo,-,-,-,-,20210420,-
130825,121170146,PLSCR3,-,-,-,Un,-,phospholipid scramblase 3,protein-coding,-,-,-,phospholipid scramblase 3,20210420,-
130825,121170147,AIPL1,-,-,-,Un,-,aryl hydrocarbon receptor interacting protein like 1,protein-coding,-,-,-,aryl-hydrocarbon-interacting protein-like 1,20210420,-
130825,121170148,ZNF232,-,-,-,Un,-,zinc finger protein 232,protein-coding,-,-,-,LOW QUALITY PROTEIN: zinc finger protein 232,20210420,-
130825,121170149,GUCY2D,-,-,-,Un,-,"guanylate cyclase 2D, retinal",protein-coding,-,-,-,retinal guanylyl cyclase 1,20210420,-
130825,121170150,CDRT4,-,-,-,Un,-,CMT1A duplicated region transcript 4,protein-coding,-,-,-,CMT1A duplicated region transcript 4 protein,20210420,-
130825,121170151,SLC35B1,-,-,-,Un,-,solute carrier family 35 member B1,protein-coding,-,-,-,solute carrier family 35 member B1,20210420,-
130825,121170152,SLC13A2,-,-,-,Un,-,solute carrier family 13 member 2,protein-coding,-,-,-,solute carrier family 13 member 2,20210420,-
130825,121170153,MFAP4,-,-,-,Un,-,microfibril associated protein 4,protein-coding,-,-,-,microfibril-associated glycoprotein 4,20210420,-
130825,121170154,GLRA2,-,-,-,Un,-,glycine receptor alpha 2,protein-coding,-,-,-,glycine receptor subunit alpha-2,20210420,-
130825,121170155,INCA1,-,-,-,Un,-,"inhibitor of CDK, cyclin A1 interacting protein 1",protein-coding,-,-,-,protein INCA1,20210420,-
130825,121170156,COPZ2,-,-,-,Un,-,COPI coat complex subunit zeta 2,protein-coding,-,-,-,coatomer subunit zeta-2,20210420,-
130825,121170157,SENP3,-,-,-,Un,-,SUMO specific peptidase 3,protein-coding,-,-,-,sentrin-specific protease 3,20210420,-
130825,121170158,LHX1,-,-,-,Un,-,LIM homeobox 1,protein-coding,-,-,-,LIM/homeobox protein Lhx1,20210420,-
130825,121170159,LOC121170159,-,-,-,Un,-,ubiquitin carboxyl-terminal hydrolase 22,protein-coding,-,-,-,ubiquitin carboxyl-terminal hydrolase 22,20210420,-
130825,121170160,LOC121170160,-,-,-,Un,-,tumor necrosis factor ligand superfamily member 13-like,protein-coding,-,-,-,tumor necrosis factor ligand superfamily member 13-like,20210420,-
130825,121170161,TNFSF12,-,-,-,Un,-,TNF superfamily member 12,protein-coding,-,-,-,tumor necrosis factor ligand superfamily member 12,20210420,-
130825,121170162,DHRS11,-,-,-,Un,-,dehydrogenase/reductase 11,protein-coding,-,-,-,dehydrogenase/reductase SDR family member 11,20210420,-
130825,121170163,GLOD4,-,-,-,Un,-,glyoxalase domain containing 4,protein-coding,-,-,-,glyoxalase domain-containing protein 4,20210420,-
130825,121170164,MRM1,-,-,-,Un,-,mitochondrial rRNA methyltransferase 1,protein-coding,-,-,-,"rRNA methyltransferase 1, mitochondrial",20210420,-
130825,121170165,LOC121170165,-,-,-,Un,-,serine/threonine-protein kinase WNK4-like,protein-coding,-,-,-,serine/threonine-protein kinase WNK4-like,20210420,-
130825,121170166,LOC121170166,-,-,-,Un,-,vacuolar protein-sorting-associated protein 25,protein-coding,-,-,-,vacuolar protein-sorting-associated protein 25,20210420,-
130825,121170167,CDK5RAP3,-,-,-,Un,-,CDK5 regulatory subunit associated protein 3,protein-coding,-,-,-,CDK5 regulatory subunit-associated protein 3,20210420,-
130825,121170168,LOC121170168,-,-,-,Un,-,olfactory receptor 4D2,protein-coding,-,-,-,olfactory receptor 4D2,20210420,-
130825,121170169,LOC121170169,-,-,-,Un,-,olfactory receptor 4D2-like,protein-coding,-,-,-,olfactory receptor 4D2-like,20210420,-
130825,121170170,PSMB3,-,-,-,Un,-,proteasome 20S subunit beta 3,protein-coding,-,-,-,proteasome subunit beta type-3,20210420,-
130825,121170171,ASB9,-,-,-,Un,-,ankyrin repeat and SOCS box containing 9,protein-coding,-,-,-,ankyrin repeat and SOCS box protein 9,20210420,-
130825,121170172,PLD2,-,-,-,Un,-,phospholipase D2,protein-coding,-,-,-,phospholipase D2,20210420,-
130825,121170173,RHBDL3,-,-,-,Un,-,rhomboid like 3,protein-coding,-,-,-,rhomboid-related protein 3,20210420,-
130825,121170174,BRIP1,-,-,-,Un,-,BRCA1 interacting helicase 1,protein-coding,-,-,-,Fanconi anemia group J protein,20210420,-
130825,121170175,ANKFN1,-,-,-,Un,-,ankyrin repeat and fibronectin type III domain containing 1,protein-coding,-,-,-,ankyrin repeat and fibronectin type-III domain-containing protein 1,20210420,-
130825,121170176,SHISA6,-,-,-,Un,-,shisa family member 6,protein-coding,-,-,-,protein shisa-6,20210420,-
130825,121170177,TOB1,-,-,-,Un,-,"transducer of ERBB2, 1",protein-coding,-,-,-,protein Tob1,20210420,-
130825,121170178,CUNH17orf98,-,-,-,Un,-,chromosome unknown C17orf98 homolog,protein-coding,-,-,-,uncharacterized protein C17orf98 homolog,20210420,-
130825,121170179,ACLY,-,-,-,Un,-,ATP citrate lyase,protein-coding,-,-,-,ATP-citrate synthase,20210420,-
130825,121170180,ODAD4,-,-,-,Un,-,outer dynein arm docking complex subunit 4,protein-coding,-,-,-,outer dynein arm-docking complex subunit 4,20210420,-
130825,121170181,DNAJC7,-,-,-,Un,-,DnaJ heat shock protein family (Hsp40) member C7,protein-coding,-,-,-,dnaJ homolog subfamily C member 7,20210420,-
130825,121170182,ASB11,-,-,-,Un,-,ankyrin repeat and SOCS box containing 11,protein-coding,-,-,-,ankyrin repeat and SOCS box protein 11,20210420,-
130825,121170183,LOC121170183,-,-,-,Un,-,"2',3'-cyclic nucleotide 3' phosphodiesterase",protein-coding,-,-,-,"2',3'-cyclic-nucleotide 3'-phosphodiesterase",20210420,-
130825,121170184,NKIRAS2,-,-,-,Un,-,NFKB inhibitor interacting Ras like 2,protein-coding,-,-,-,NF-kappa-B inhibitor-interacting Ras-like protein 2,20210420,-
130825,121170185,PHB,-,-,-,Un,-,prohibitin,protein-coding,-,-,-,prohibitin,20210420,-
130825,121170186,XAF1,-,-,-,Un,-,XIAP associated factor 1,protein-coding,-,-,-,XIAP-associated factor 1,20210420,-
130825,121170187,MRPS23,-,-,-,Un,-,mitochondrial ribosomal protein S23,protein-coding,-,-,-,"28S ribosomal protein S23, mitochondrial",20210420,-
130825,121170188,CCDC42,-,-,-,Un,-,coiled-coil domain containing 42,protein-coding,-,-,-,coiled-coil domain-containing protein 42,20210420,-
130825,121170189,OVCA2,-,-,-,Un,-,OVCA2 serine hydrolase domain containing,protein-coding,-,-,-,esterase OVCA2,20210420,-
130825,121170190,DPH1,-,-,-,Un,-,diphthamide biosynthesis 1,protein-coding,-,-,-,2-(3-amino-3-carboxypropyl)histidine synthase subunit 1,20210420,-
130825,121170191,XYLT2,-,-,-,Un,-,xylosyltransferase 2,protein-coding,-,-,-,xylosyltransferase 2,20210420,-
130825,121170192,RAPGEFL1,-,-,-,Un,-,Rap guanine nucleotide exchange factor like 1,protein-coding,-,-,-,rap guanine nucleotide exchange factor-like 1,20210420,-
130825,121170193,GEMIN4,-,-,-,Un,-,gem nuclear organelle associated protein 4,protein-coding,-,-,-,gem-associated protein 4,20210420,-
130825,121170194,LRRC75A,-,-,-,Un,-,leucine rich repeat containing 75A,protein-coding,-,-,-,leucine-rich repeat-containing protein 75A,20210420,-
130825,121170195,LOC121170195,-,-,-,Un,-,uncharacterized LOC121170195,ncRNA,-,-,-,-,20210420,-
130825,121170196,LOC121170196,-,-,-,Un,-,ATP-sensitive inward rectifier potassium channel 12,protein-coding,-,-,-,ATP-sensitive inward rectifier potassium channel 12,20210420,-
130825,121170197,KAT2A,-,-,-,Un,-,lysine acetyltransferase 2A,protein-coding,-,-,-,histone acetyltransferase KAT2A,20210420,-
130825,121170198,ACE2,-,-,-,Un,-,angiotensin converting enzyme 2,protein-coding,-,-,-,angiotensin-converting enzyme 2,20210420,-
130825,121170199,SPATA20,-,-,-,Un,-,spermatogenesis associated 20,protein-coding,-,-,-,spermatogenesis-associated protein 20,20210420,-
130825,121170200,PGAP3,-,-,-,Un,-,post-GPI attachment to proteins phospholipase 3,protein-coding,-,-,-,post-GPI attachment to proteins factor 3,20210420,-
130825,121170201,TBKBP1,-,-,-,Un,-,TBK1 binding protein 1,protein-coding,-,-,-,TANK-binding kinase 1-binding protein 1,20210420,-
130825,121170202,MRPL10,-,-,-,Un,-,mitochondrial ribosomal protein L10,protein-coding,-,-,-,"39S ribosomal protein L10, mitochondrial",20210420,-
130825,121170203,GNPDA1,-,-,-,Un,-,glucosamine-6-phosphate deaminase 1,protein-coding,-,-,-,glucosamine-6-phosphate isomerase 1,20210420,-
130825,121170204,CLTRN,-,-,-,Un,-,"collectrin, amino acid transport regulator",protein-coding,-,-,-,collectrin,20210420,-
130825,121170205,RSAD1,-,-,-,Un,-,radical S-adenosyl methionine domain containing 1,protein-coding,-,-,-,"radical S-adenosyl methionine domain-containing protein 1, mitochondrial",20210420,-
130825,121170206,VMO1,-,-,-,Un,-,vitelline membrane outer layer 1 homolog,protein-coding,-,-,-,vitelline membrane outer layer protein 1 homolog,20210420,-
130825,121170207,LOC121170207,-,-,-,Un,-,uncharacterized LOC121170207,protein-coding,-,-,-,uncharacterized protein LOC121170207,20210420,-
130825,121170208,AURKB,-,-,-,Un,-,aurora kinase B,protein-coding,-,-,-,aurora kinase B,20210420,-
130825,121170209,LOC121170209,-,-,-,Un,-,tubulin gamma-1 chain,protein-coding,-,-,-,tubulin gamma-1 chain,20210420,-
130825,121170210,LOC121170210,-,-,-,Un,-,tubulin gamma-2 chain,protein-coding,-,-,-,tubulin gamma-2 chain,20210420,-
130825,121170211,HOXB3,-,-,-,Un,-,homeobox B3,protein-coding,-,-,-,homeobox protein Hox-B3,20210420,-
130825,121170212,LOC121170212,-,-,-,Un,-,uncharacterized LOC121170212,ncRNA,-,-,-,-,20210420,-
130825,121170213,HOXB4,-,-,-,Un,-,homeobox B4,protein-coding,-,-,-,homeobox protein Hox-B4,20210420,-
130825,121170214,SMG8,-,-,-,Un,-,SMG8 nonsense mediated mRNA decay factor,protein-coding,-,-,-,protein SMG8,20210420,-
130825,121170215,TMEM220,-,-,-,Un,-,transmembrane protein 220,protein-coding,-,-,-,transmembrane protein 220,20210420,-
130825,121170216,PLXDC1,-,-,-,Un,-,plexin domain containing 1,protein-coding,-,-,-,plexin domain-containing protein 1,20210420,-
130825,121170217,GRPR,-,-,-,Un,-,gastrin releasing peptide receptor,protein-coding,-,-,-,gastrin-releasing peptide receptor,20210420,-
130825,121170218,RPL23,-,-,-,Un,-,ribosomal protein L23,protein-coding,-,-,-,60S ribosomal protein L23,20210501,-
130825,121170219,KCNH4,-,-,-,Un,-,potassium voltage-gated channel subfamily H member 4,protein-coding,-,-,-,potassium voltage-gated channel subfamily H member 4,20210420,-
130825,121170220,SKAP1,-,-,-,Un,-,src kinase associated phosphoprotein 1,protein-coding,-,-,-,src kinase-associated phosphoprotein 1,20210420,-
130825,121170221,SNX11,-,-,-,Un,-,sorting nexin 11,protein-coding,-,-,-,sorting nexin-11,20210420,-
130825,121170222,LOC121170222,-,-,-,Un,-,"adenylate kinase 4, mitochondrial-like",pseudo,-,-,-,-,20210420,-
130825,121170223,LOC121170223,-,-,-,Un,-,uncharacterized LOC121170223,ncRNA,-,-,-,-,20210420,-
130825,121170224,PIP4K2B,-,-,-,Un,-,phosphatidylinositol-5-phosphate 4-kinase type 2 beta,protein-coding,-,-,-,phosphatidylinositol 5-phosphate 4-kinase type-2 beta,20210420,-
130825,121170225,NHS,-,-,-,Un,-,NHS actin remodeling regulator,protein-coding,-,-,-,Nance-Horan syndrome protein,20210420,-
130825,121170226,GSDMA,-,-,-,Un,-,gasdermin A,protein-coding,-,-,-,gasdermin-A,20210420,-
130825,121170227,NOG,-,-,-,Un,-,noggin,protein-coding,-,-,-,noggin,20210420,-
130825,121170228,GP1BA,-,-,-,Un,-,glycoprotein Ib platelet subunit alpha,protein-coding,-,-,-,platelet glycoprotein Ib alpha chain,20210420,-
130825,121170229,SP6,-,-,-,Un,-,Sp6 transcription factor,protein-coding,-,-,-,transcription factor Sp6,20210420,-
130825,121170230,ENO3,-,-,-,Un,-,enolase 3,protein-coding,-,-,-,beta-enolase,20210529,-
130825,121170231,NEK8,-,-,-,Un,-,NIMA related kinase 8,protein-coding,-,-,-,serine/threonine-protein kinase Nek8,20210420,-
130825,121170232,SMTNL2,-,-,-,Un,-,smoothelin like 2,protein-coding,-,-,-,smoothelin-like protein 2,20210420,-
130825,121170233,NXN,-,-,-,Un,-,nucleoredoxin,protein-coding,-,-,-,nucleoredoxin,20210420,-
130825,121170234,KIF1C,-,-,-,Un,-,kinesin family member 1C,protein-coding,-,-,-,kinesin-like protein KIF1C,20210420,-
130825,121170235,ATP5MC1,-,-,-,Un,-,ATP synthase membrane subunit c locus 1,protein-coding,-,-,-,"ATP synthase F(0) complex subunit C1, mitochondrial",20210420,-
130825,121170236,RAI2,-,-,-,Un,-,retinoic acid induced 2,protein-coding,-,-,-,retinoic acid-induced protein 2,20210420,-
130825,121170237,DHRS7C,-,-,-,Un,-,dehydrogenase/reductase 7C,protein-coding,-,-,-,dehydrogenase/reductase SDR family member 7C,20210420,-
130825,121170238,BCL6B,-,-,-,Un,-,BCL6B transcription repressor,protein-coding,-,-,-,B-cell CLL/lymphoma 6 member B protein,20210420,-
130825,121170239,LPO,-,-,-,Un,-,lactoperoxidase,protein-coding,-,-,-,lactoperoxidase,20210420,-
130825,121170240,PFAS,-,-,-,Un,-,phosphoribosylformylglycinamidine synthase,protein-coding,-,-,-,phosphoribosylformylglycinamidine synthase,20210420,-
130825,121170241,ARHGEF15,-,-,-,Un,-,Rho guanine nucleotide exchange factor 15,protein-coding,-,-,-,rho guanine nucleotide exchange factor 15,20210420,-
130825,121170242,TAOK1,-,-,-,Un,-,TAO kinase 1,protein-coding,-,-,-,serine/threonine-protein kinase TAO1,20210420,-
130825,121170243,SGSM2,-,-,-,Un,-,small G protein signaling modulator 2,protein-coding,-,-,-,small G protein signaling modulator 2,20210420,-
130825,121170244,HOXB5,-,-,-,Un,-,homeobox B5,protein-coding,-,-,-,homeobox protein Hox-B5,20210424,-
130825,121170245,HOXB6,-,-,-,Un,-,homeobox B6,protein-coding,-,-,-,homeobox protein Hox-B6,20210420,-
130825,121170246,LOC121170246,-,-,-,Un,-,junction plakoglobin,protein-coding,-,-,-,junction plakoglobin,20210420,-
130825,121170247,NLE1,-,-,-,Un,-,notchless homolog 1,protein-coding,-,-,-,notchless protein homolog 1,20210420,-
130825,121170248,RCVRN,-,-,-,Un,-,recoverin,protein-coding,-,-,-,recoverin,20210420,-
130825,121170249,LOC121170249,-,-,-,Un,-,spermatid-specific linker histone H1-like protein,protein-coding,-,-,-,spermatid-specific linker histone H1-like protein,20210420,-
130825,121170250,HOXB13,-,-,-,Un,-,homeobox B13,protein-coding,-,-,-,homeobox protein Hox-B13,20210420,-
130825,121170251,CNTROB,-,-,-,Un,-,"centrobin, centriole duplication and spindle assembly protein",protein-coding,-,-,-,centrobin,20210420,-
130825,121170252,MAP7D2,-,-,-,Un,-,MAP7 domain containing 2,protein-coding,-,-,-,MAP7 domain-containing protein 2,20210420,-
130825,121170253,SPATA22,-,-,-,Un,-,spermatogenesis associated 22,protein-coding,-,-,-,spermatogenesis-associated protein 22,20210420,-
130825,121170254,LOC121170254,-,-,-,Un,-,alanyl-tRNA editing protein Aarsd1,protein-coding,-,-,-,alanyl-tRNA editing protein Aarsd1,20210420,-
130825,121170255,LOC121170255,-,-,-,Un,-,putative protein PTGES3L,protein-coding,-,-,-,putative protein PTGES3L,20210420,-
130825,121170256,HOXB7,-,-,-,Un,-,homeobox B7,protein-coding,-,-,-,homeobox protein Hox-B7,20210420,-
130825,121170257,EFNB3,-,-,-,Un,-,ephrin B3,protein-coding,-,-,-,ephrin-B3,20210420,-
130825,121170258,LOC121170258,-,-,-,Un,-,C-C motif chemokine 4-like,protein-coding,-,-,-,C-C motif chemokine 4-like,20210420,-
130825,121170259,MYH10,-,-,-,Un,-,myosin heavy chain 10,protein-coding,-,-,-,myosin-10,20210420,-
130825,121170260,NDEL1,-,-,-,Un,-,nudE neurodevelopment protein 1 like 1,protein-coding,-,-,-,nuclear distribution protein nudE-like 1,20210420,-
130825,121170261,LOC121170261,-,-,-,Un,-,C-C chemokine receptor type 10,protein-coding,-,-,-,C-C chemokine receptor type 10,20210420,-
130825,121170262,PPM1E,-,-,-,Un,-,"protein phosphatase, Mg2+/Mn2+ dependent 1E",protein-coding,-,-,-,protein phosphatase 1E,20210420,-
130825,121170263,SLC25A35,-,-,-,Un,-,solute carrier family 25 member 35,protein-coding,-,-,-,solute carrier family 25 member 35,20210420,-
130825,121170264,RANGRF,-,-,-,Un,-,RAN guanine nucleotide release factor,protein-coding,-,-,-,ran guanine nucleotide release factor,20210420,-
130825,121170265,SMYD4,-,-,-,Un,-,SET and MYND domain containing 4,protein-coding,-,-,-,SET and MYND domain-containing protein 4,20210420,-
130825,121170266,MRM3,-,-,-,Un,-,mitochondrial rRNA methyltransferase 3,protein-coding,-,-,-,"rRNA methyltransferase 3, mitochondrial",20210420,-
130825,121170267,NT5C3B,-,-,-,Un,-,"5'-nucleotidase, cytosolic IIIB",protein-coding,-,-,-,7-methylguanosine phosphate-specific 5'-nucleotidase,20210420,-
130825,121170268,LYRM9,-,-,-,Un,-,LYR motif containing 9,protein-coding,-,-,-,LYR motif-containing protein 9,20210529,-
130825,121170269,MRPL45,-,-,-,Un,-,mitochondrial ribosomal protein L45,protein-coding,-,-,-,"39S ribosomal protein L45, mitochondrial",20210420,-
130825,121170270,GGT6,-,-,-,Un,-,gamma-glutamyltransferase 6,protein-coding,-,-,-,glutathione hydrolase 6,20210420,-
130825,121170271,LOC121170271,-,-,-,Un,-,spindlin-2,protein-coding,-,-,-,spindlin-2,20210420,-
130825,121170272,LOC121170272,-,-,-,Un,-,uncharacterized LOC121170272,ncRNA,-,-,-,-,20210420,-
130825,121170273,PAFAH1B1,-,-,-,Un,-,platelet activating factor acetylhydrolase 1b regulatory subunit 1,protein-coding,-,-,-,platelet-activating factor acetylhydrolase IB subunit beta,20210420,-
130825,121170274,B4GALT7,-,-,-,Un,-,"beta-1,4-galactosyltransferase 7",protein-coding,-,-,-,"beta-1,4-galactosyltransferase 7",20210420,-
130825,121170275,RAD51D,-,-,-,Un,-,RAD51 paralog D,protein-coding,-,-,-,DNA repair protein RAD51 homolog 4,20210420,-
130825,121170276,KRT20,-,-,-,Un,-,keratin 20,protein-coding,-,-,-,"LOW QUALITY PROTEIN: keratin, type I cytoskeletal 20",20210420,-
130825,121170277,NEUROD2,-,-,-,Un,-,neuronal differentiation 2,protein-coding,-,-,-,neurogenic differentiation factor 2,20210420,-
130825,121170278,KSR1,-,-,-,Un,-,kinase suppressor of ras 1,protein-coding,-,-,-,kinase suppressor of Ras 1,20210420,-
130825,121170279,LOC121170279,-,-,-,Un,-,BTB/POZ domain-containing protein KCTD12-like,protein-coding,-,-,-,BTB/POZ domain-containing protein KCTD12-like,20210420,-
130825,121170280,DHX33,-,-,-,Un,-,DEAH-box helicase 33,protein-coding,-,-,-,ATP-dependent RNA helicase DHX33,20210420,-
130825,121170281,DHX58,-,-,-,Un,-,DExH-box helicase 58,protein-coding,-,-,-,probable ATP-dependent RNA helicase DHX58,20210420,-
130825,121170282,ZZEF1,-,-,-,Un,-,zinc finger ZZ-type and EF-hand domain containing 1,protein-coding,-,-,-,zinc finger ZZ-type and EF-hand domain-containing protein 1,20210420,-
130825,121170283,LOC121170283,-,-,-,Un,-,40S ribosomal protein S6-like,pseudo,-,-,-,-,20210420,-
130825,121170284,LOC121170284,-,-,-,Un,-,E3 ubiquitin-protein ligase RNF138-like,protein-coding,-,-,-,E3 ubiquitin-protein ligase RNF138-like,20210420,-
130825,121170285,CHRNB1,-,-,-,Un,-,cholinergic receptor nicotinic beta 1 subunit,protein-coding,-,-,-,acetylcholine receptor subunit beta,20210420,-
130825,121170286,TEKT3,-,-,-,Un,-,tektin 3,protein-coding,-,-,-,tektin-3,20210420,-
130825,121170287,ZSWIM7,-,-,-,Un,-,zinc finger SWIM-type containing 7,protein-coding,-,-,-,zinc finger SWIM domain-containing protein 7,20210420,-
130825,121170288,MAGEH1,-,-,-,Un,-,MAGE family member H1,protein-coding,-,-,-,melanoma-associated antigen H1,20210420,-
130825,121170289,LOC121170289,-,-,-,Un,-,uncharacterized LOC121170289,ncRNA,-,-,-,-,20210420,-
130825,121170290,KRT222,-,-,-,Un,-,keratin 222,protein-coding,-,-,-,keratin-like protein KRT222,20210420,-
130825,121170291,LOC121170291,-,-,-,Un,-,uncharacterized LOC121170291,ncRNA,-,-,-,-,20210420,-
130825,121170292,ARHGAP23,-,-,-,Un,-,Rho GTPase activating protein 23,protein-coding,-,-,-,rho GTPase-activating protein 23,20210420,-
130825,121170293,LOC121170293,-,-,-,Un,-,phosphatidylcholine transfer protein,protein-coding,-,-,-,phosphatidylcholine transfer protein,20210420,-
130825,121170294,IGFBP4,-,-,-,Un,-,insulin like growth factor binding protein 4,protein-coding,-,-,-,insulin-like growth factor-binding protein 4,20210420,-
130825,121170295,LOC121170295,-,-,-,Un,-,caveolae-associated protein 1,protein-coding,-,-,-,caveolae-associated protein 1,20210420,-
130825,121170296,PEX12,-,-,-,Un,-,peroxisomal biogenesis factor 12,protein-coding,-,-,-,peroxisome assembly protein 12,20210420,-
130825,121170297,P3H4,-,-,-,Un,-,prolyl 3-hydroxylase family member 4 (inactive),protein-coding,-,-,-,endoplasmic reticulum protein SC65,20210420,-
130825,121170298,ITGAE,-,-,-,Un,-,integrin subunit alpha E,protein-coding,-,-,-,integrin alpha-E,20210420,-
130825,121170299,USP51,-,-,-,Un,-,ubiquitin specific peptidase 51,protein-coding,-,-,-,ubiquitin carboxyl-terminal hydrolase 51,20210420,-
130825,121170300,HASPIN,-,-,-,Un,-,histone H3 associated protein kinase,protein-coding,-,-,-,serine/threonine-protein kinase haspin,20210420,-
130825,121170301,NCBP3,-,-,-,Un,-,nuclear cap binding subunit 3,protein-coding,-,-,-,nuclear cap-binding protein subunit 3,20210420,-
130825,121170302,CAMKK1,-,-,-,Un,-,calcium/calmodulin dependent protein kinase kinase 1,protein-coding,-,-,-,calcium/calmodulin-dependent protein kinase kinase 1,20210420,-
130825,121170303,P2RX5,-,-,-,Un,-,purinergic receptor P2X 5,protein-coding,-,-,-,P2X purinoceptor 5,20210420,-
130825,121170304,P2RX1,-,-,-,Un,-,purinergic receptor P2X 1,protein-coding,-,-,-,P2X purinoceptor 1,20210420,-
130825,121170305,LOC121170305,-,-,-,Un,-,schlafen family member 13-like,protein-coding,-,-,-,schlafen family member 13-like,20210420,-
130825,121170306,RNF112,-,-,-,Un,-,ring finger protein 112,protein-coding,-,-,-,RING finger protein 112,20210420,-
130825,121170307,LOC121170307,-,-,-,Un,-,uncharacterized LOC121170307,ncRNA,-,-,-,-,20210420,-
130825,121170308,DOC2B,-,-,-,Un,-,double C2 domain beta,protein-coding,-,-,-,double C2-like domain-containing protein beta,20210420,-
130825,121170309,RPH3AL,-,-,-,Un,-,rabphilin 3A like (without C2 domains),protein-coding,-,-,-,rab effector Noc2,20210420,-
130825,121170310,LOC121170310,-,-,-,Un,-,60S ribosomal protein L22-like,protein-coding,-,-,-,60S ribosomal protein L22-like,20210420,-
130825,121170311,WFIKKN2,-,-,-,Un,-,"WAP, follistatin/kazal, immunoglobulin, kunitz and netrin domain containing 2",protein-coding,-,-,-,"WAP, Kazal, immunoglobulin, Kunitz and NTR domain-containing protein 2",20210420,-
130825,121170312,GNGT2,-,-,-,Un,-,G protein subunit gamma transducin 2,protein-coding,-,-,-,guanine nucleotide-binding protein G(I)/G(S)/G(O) subunit gamma-T2,20210420,-
130825,121170313,FAM104B,-,-,-,Un,-,family with sequence similarity 104 member B,protein-coding,-,-,-,protein FAM104B,20210420,-
130825,121170314,FBXO47,-,-,-,Un,-,F-box protein 47,protein-coding,-,-,-,F-box only protein 47,20210420,-
130825,121170315,FBXL20,-,-,-,Un,-,F-box and leucine rich repeat protein 20,protein-coding,-,-,-,F-box/LRR-repeat protein 20,20210529,-
130825,121170316,ADORA2B,-,-,-,Un,-,adenosine A2b receptor,protein-coding,-,-,-,adenosine receptor A2b,20210420,-
130825,121170317,HES7,-,-,-,Un,-,hes family bHLH transcription factor 7,protein-coding,-,-,-,transcription factor HES-7,20210420,-
130825,121170318,SLC16A13,-,-,-,Un,-,solute carrier family 16 member 13,protein-coding,-,-,-,monocarboxylate transporter 13,20210420,-
130825,121170319,SLC16A11,-,-,-,Un,-,solute carrier family 16 member 11,protein-coding,-,-,-,monocarboxylate transporter 11,20210420,-
130825,121170320,LOC121170320,-,-,-,Un,-,keratin-associated protein 3-2-like,protein-coding,-,-,-,keratin-associated protein 3-2-like,20210420,-
130825,121170321,ABHD15,-,-,-,Un,-,abhydrolase domain containing 15,protein-coding,-,-,-,protein ABHD15,20210420,-
130825,121170322,TMEM88,-,-,-,Un,-,transmembrane protein 88,protein-coding,-,-,-,transmembrane protein 88,20210420,-
130825,121170323,LOC121170323,-,-,-,Un,-,uncharacterized LOC121170323,ncRNA,-,-,-,-,20210420,-
130825,121170324,LOC121170324,-,-,-,Un,-,uncharacterized LOC121170324,ncRNA,-,-,-,-,20210420,-
130825,121170325,FOXN1,-,-,-,Un,-,forkhead box N1,protein-coding,-,-,-,forkhead box protein N1,20210420,-
130825,121170326,IKZF3,-,-,-,Un,-,IKAROS family zinc finger 3,protein-coding,-,-,-,zinc finger protein Aiolos,20210420,-
130825,121170327,TRO,-,-,-,Un,-,trophinin,protein-coding,-,-,-,trophinin,20210420,-
130825,121170328,NUFIP2,-,-,-,Un,-,nuclear FMR1 interacting protein 2,protein-coding,-,-,-,nuclear fragile X mental retardation-interacting protein 2,20210420,-
130825,121170329,CRYBA1,-,-,-,Un,-,crystallin beta A1,protein-coding,-,-,-,beta-crystallin A3,20210420,-
130825,121170330,LOC121170330,-,-,-,Un,-,signal transducer and activator of transcription 5B,protein-coding,-,-,-,signal transducer and activator of transcription 5B,20210420,-
130825,121170331,GHDC,-,-,-,Un,-,GH3 domain containing,protein-coding,-,-,-,GH3 domain-containing protein,20210420,-
130825,121170332,LOC121170332,-,-,-,Un,-,40S ribosomal protein SA-like,pseudo,-,-,-,-,20210420,-
130825,121170333,VMP1,-,-,-,Un,-,vacuole membrane protein 1,protein-coding,-,-,-,vacuole membrane protein 1,20210420,-
130825,121170334,PTRH2,-,-,-,Un,-,peptidyl-tRNA hydrolase 2,protein-coding,-,-,-,"peptidyl-tRNA hydrolase 2, mitochondrial",20210420,-
130825,121170335,VEZF1,-,-,-,Un,-,vascular endothelial zinc finger 1,protein-coding,-,-,-,vascular endothelial zinc finger 1,20210420,-
130825,121170336,SRSF1,-,-,-,Un,-,serine and arginine rich splicing factor 1,protein-coding,-,-,-,serine/arginine-rich splicing factor 1,20210424,-
130825,121170337,ZNF286A,-,-,-,Un,-,zinc finger protein 286A,protein-coding,-,-,-,zinc finger protein 286A,20210420,-
130825,121170338,TMEM132E,-,-,-,Un,-,transmembrane protein 132E,protein-coding,-,-,-,transmembrane protein 132E,20210420,-
130825,121170339,SPACA3,-,-,-,Un,-,sperm acrosome associated 3,protein-coding,-,-,-,sperm acrosome membrane-associated protein 3,20210420,-
130825,121170340,RARA,-,-,-,Un,-,retinoic acid receptor alpha,protein-coding,-,-,-,retinoic acid receptor alpha,20210420,-
130825,121170341,LOC121170341,-,-,-,Un,-,uncharacterized LOC121170341,ncRNA,-,-,-,-,20210420,-
130825,121170342,LOC121170342,-,-,-,Un,-,keratin-associated protein 3-1,protein-coding,-,-,-,keratin-associated protein 3-1,20210420,-
130825,121170343,STAC2,-,-,-,Un,-,SH3 and cysteine rich domain 2,protein-coding,-,-,-,SH3 and cysteine-rich domain-containing protein 2,20210420,-
130825,121170344,LOC121170344,-,-,-,Un,-,speckle type BTB/POZ protein,protein-coding,-,-,-,speckle-type POZ protein,20210522,-
130825,121170345,ITIH6,-,-,-,Un,-,inter-alpha-trypsin inhibitor heavy chain family member 6,protein-coding,-,-,-,inter-alpha-trypsin inhibitor heavy chain H6,20210420,-
130825,121170346,PRR15L,-,-,-,Un,-,proline rich 15 like,protein-coding,-,-,-,proline-rich protein 15-like protein,20210420,-
130825,121170347,LOC121170347,-,-,-,Un,-,keratin-associated protein 3-2-like,protein-coding,-,-,-,keratin-associated protein 3-2-like,20210420,-
130825,121170348,PIK3R5,-,-,-,Un,-,phosphoinositide-3-kinase regulatory subunit 5,protein-coding,-,-,-,phosphoinositide 3-kinase regulatory subunit 5,20210420,-
130825,121170349,LOC121170349,-,-,-,Un,-,uncharacterized protein C17orf114-like,protein-coding,-,-,-,uncharacterized protein C17orf114-like,20210420,-
130825,121170350,SMG6,-,-,-,Un,-,SMG6 nonsense mediated mRNA decay factor,protein-coding,-,-,-,telomerase-binding protein EST1A,20210420,-
130825,121170351,WNK3,-,-,-,Un,-,WNK lysine deficient protein kinase 3,protein-coding,-,-,-,serine/threonine-protein kinase WNK3,20210420,-
130825,121170352,RABEP1,-,-,-,Un,-,"rabaptin, RAB GTPase binding effector protein 1",protein-coding,-,-,-,rab GTPase-binding effector protein 1,20210420,-
130825,121170353,NUP88,-,-,-,Un,-,nucleoporin 88,protein-coding,-,-,-,nuclear pore complex protein Nup88,20210420,-
130825,121170354,TMEM102,-,-,-,Un,-,transmembrane protein 102,protein-coding,-,-,-,transmembrane protein 102,20210420,-
130825,121170355,LOC121170355,-,-,-,Un,-,protein Wfdc21-like,protein-coding,-,-,-,protein Wfdc21-like,20210420,-
130825,121170356,ZNF207,-,-,-,Un,-,zinc finger protein 207,protein-coding,-,-,-,BUB3-interacting and GLEBS motif-containing protein ZNF207,20210522,-
130825,121170357,GPR173,-,-,-,Un,-,G protein-coupled receptor 173,protein-coding,-,-,-,probable G-protein coupled receptor 173,20210420,-
130825,121170358,HSPB9,-,-,-,Un,-,heat shock protein family B (small) member 9,protein-coding,-,-,-,heat shock protein beta-9,20210420,-
130825,121170359,LOC121170359,-,-,-,Un,-,60S ribosomal protein L21-like,pseudo,-,-,-,-,20210420,-
130825,121170360,LOC121170360,-,-,-,Un,-,melanoma-associated antigen D4-like,protein-coding,-,-,-,melanoma-associated antigen D4-like,20210420,-
130825,121170361,FAM117A,-,-,-,Un,-,family with sequence similarity 117 member A,protein-coding,-,-,-,protein FAM117A,20210420,-
130825,121170362,RPS6KB1,-,-,-,Un,-,ribosomal protein S6 kinase B1,protein-coding,-,-,-,ribosomal protein S6 kinase beta-1,20210529,-
130825,121170363,TUBD1,-,-,-,Un,-,tubulin delta 1,protein-coding,-,-,-,tubulin delta chain,20210420,-
130825,121170364,LOC121170364,-,-,-,Un,-,heparan sulfate glucosamine 3-O-sulfotransferase 3B1,protein-coding,-,-,-,heparan sulfate glucosamine 3-O-sulfotransferase 3B1,20210420,-
130825,121170365,LOC121170365,-,-,-,Un,-,melanoma-associated antigen D4-like,protein-coding,-,-,-,melanoma-associated antigen D4-like,20210420,-
130825,121170366,GPR179,-,-,-,Un,-,G protein-coupled receptor 179,protein-coding,-,-,-,probable G-protein coupled receptor 179,20210420,-
130825,121170367,PNMT,-,-,-,Un,-,phenylethanolamine N-methyltransferase,protein-coding,-,-,-,phenylethanolamine N-methyltransferase,20210420,-
130825,121170368,CSF3,-,-,-,Un,-,colony stimulating factor 3,protein-coding,-,-,-,granulocyte colony-stimulating factor,20210420,-
130825,121170369,TNS4,-,-,-,Un,-,tensin 4,protein-coding,-,-,-,tensin-4,20210420,-
130825,121170370,KRT24,-,-,-,Un,-,keratin 24,protein-coding,-,-,-,"keratin, type I cytoskeletal 24",20210420,-
130825,121170371,LOC121170371,-,-,-,Un,-,keratin-associated protein 9-3-like,protein-coding,-,-,-,keratin-associated protein 9-3-like,20210420,-
130825,121170372,LOC121170372,-,-,-,Un,-,keratin-associated protein 2-1-like,protein-coding,-,-,-,keratin-associated protein 2-1-like,20210420,-
130825,121170373,LOC121170373,-,-,-,Un,-,keratin-associated protein 2-1-like,protein-coding,-,-,-,keratin-associated protein 2-1-like,20210420,-
130825,121170374,LOC121170374,-,-,-,Un,-,keratin-associated protein 2-1-like,protein-coding,-,-,-,keratin-associated protein 2-1-like,20210420,-
130825,121170375,LOC121170375,-,-,-,Un,-,keratin-associated protein 2-1-like,protein-coding,-,-,-,keratin-associated protein 2-1-like,20210420,-
130825,121170376,MAGED1,-,-,-,Un,-,MAGE family member D1,protein-coding,-,-,-,melanoma-associated antigen D1,20210420,-
130825,121170377,KRTAP29-1,-,-,-,Un,-,keratin associated like protein 29-1,protein-coding,-,-,-,keratin-associated protein 29-1,20210420,-
130825,121170378,LOC121170378,-,-,-,Un,-,keratin-associated protein 16-1,protein-coding,-,-,-,keratin-associated protein 16-1,20210420,-
130825,121170379,LOC121170379,-,-,-,Un,-,"keratin, type I cuticular Ha8-like",protein-coding,-,-,-,"keratin, type I cuticular Ha8-like",20210420,-
130825,121170380,LOC121170380,-,-,-,Un,-,"keratin, type I cuticular Ha8-like",protein-coding,-,-,-,"keratin, type I cuticular Ha8-like",20210420,-
130825,121170381,LOC121170381,-,-,-,Un,-,"keratin, type I cuticular Ha8-like",protein-coding,-,-,-,"keratin, type I cuticular Ha8-like",20210420,-
130825,121170382,LOC121170382,-,-,-,Un,-,"keratin, type I cuticular Ha2-like",protein-coding,-,-,-,"keratin, type I cuticular Ha2-like",20210420,-
130825,121170383,HAP1,-,-,-,Un,-,huntingtin associated protein 1,protein-coding,-,-,-,huntingtin-associated protein 1,20210420,-
130825,121170384,LOC121170384,-,-,-,Un,-,estradiol 17-beta-dehydrogenase 1-like,protein-coding,-,-,-,estradiol 17-beta-dehydrogenase 1-like,20210420,-
130825,121170385,LOC121170385,-,-,-,Un,-,contactin-associated protein 1-like,protein-coding,-,-,-,contactin-associated protein 1-like,20210420,-
130825,121170386,LOC121170386,-,-,-,Un,-,membrane primary amine oxidase-like,pseudo,-,-,-,-,20210420,-
130825,121170387,LOC121170387,-,-,-,Un,-,breast cancer type 1 susceptibility protein homolog,protein-coding,-,-,-,breast cancer type 1 susceptibility protein homolog,20210420,-
130825,121170388,LOC121170388,-,-,-,Un,-,coiled-coil domain-containing protein 200-like,protein-coding,-,-,-,coiled-coil domain-containing protein 200-like,20210420,-
130825,121170389,CHD3,-,-,-,Un,-,chromodomain helicase DNA binding protein 3,protein-coding,-,-,-,chromodomain-helicase-DNA-binding protein 3,20210420,-
130825,121170390,RNF227,-,-,-,Un,-,ring finger protein 227,protein-coding,-,-,-,RING finger protein 227,20210420,-
130825,121170391,GSPT2,-,-,-,Un,-,G1 to S phase transition 2,protein-coding,-,-,-,eukaryotic peptide chain release factor GTP-binding subunit ERF3B,20210420,-
130825,121170392,LOC121170392,-,-,-,Un,-,uncharacterized LOC121170392,ncRNA,-,-,-,-,20210420,-
130825,121170393,KIAA0100,-,-,-,Un,-,KIAA0100 ortholog,protein-coding,-,-,-,protein KIAA0100 homolog,20210420,-
130825,121170394,SPAG5,-,-,-,Un,-,sperm associated antigen 5,protein-coding,-,-,-,sperm-associated antigen 5,20210420,-
130825,121170395,RSKR,-,-,-,Un,-,ribosomal protein S6 kinase related,protein-coding,-,-,-,ribosomal protein S6 kinase-related protein,20210420,-
130825,121170396,ALDOC,-,-,-,Un,-,"aldolase, fructose-bisphosphate C",protein-coding,-,-,-,fructose-bisphosphate aldolase C,20210420,-
130825,121170397,BMP15,-,-,-,Un,-,bone morphogenetic protein 15,protein-coding,-,-,-,bone morphogenetic protein 15,20210420,-
130825,121170398,LOC121170398,-,-,-,Un,-,uncharacterized LOC121170398,ncRNA,-,-,-,-,20210420,-
130825,121170399,LOC121170399,-,-,-,Un,-,uncharacterized LOC121170399,ncRNA,-,-,-,-,20210420,-
130825,121170400,AKAP10,-,-,-,Un,-,A-kinase anchoring protein 10,protein-coding,-,-,-,"A-kinase anchor protein 10, mitochondrial",20210420,-
130825,121170401,RHOT1,-,-,-,Un,-,ras homolog family member T1,protein-coding,-,-,-,mitochondrial Rho GTPase 1,20210420,-
130825,121170402,SPECC1,-,-,-,Un,-,sperm antigen with calponin homology and coiled-coil domains 1,protein-coding,-,-,-,cytospin-B,20210420,-
130825,121170403,FXR2,-,-,-,Un,-,FMR1 autosomal homolog 2,protein-coding,-,-,-,fragile X mental retardation syndrome-related protein 2,20210420,-
130825,121170404,EIF4A1,-,-,-,Un,-,eukaryotic translation initiation factor 4A1,protein-coding,-,-,-,eukaryotic initiation factor 4A-I,20210501,-
130825,121170405,DGKK,-,-,-,Un,-,diacylglycerol kinase kappa,protein-coding,-,-,-,diacylglycerol kinase kappa,20210420,-
130825,121170406,CD68,-,-,-,Un,-,CD68 molecule,protein-coding,-,-,-,macrosialin,20210420,-
130825,121170407,MPDU1,-,-,-,Un,-,mannose-P-dolichol utilization defect 1,protein-coding,-,-,-,mannose-P-dolichol utilization defect 1 protein,20210420,-
130825,121170408,SOX15,-,-,-,Un,-,SRY-box transcription factor 15,protein-coding,-,-,-,protein SOX-15,20210420,-
130825,121170409,PIMREG,-,-,-,Un,-,PICALM interacting mitotic regulator,protein-coding,-,-,-,protein PIMREG,20210420,-
130825,121170410,YPEL2,-,-,-,Un,-,yippee like 2,protein-coding,-,-,-,protein yippee-like 2,20210424,-
130825,121170411,ANKFY1,-,-,-,Un,-,ankyrin repeat and FYVE domain containing 1,protein-coding,-,-,-,rabankyrin-5,20210420,-
130825,121170412,AKAP4,-,-,-,Un,-,A-kinase anchoring protein 4,protein-coding,-,-,-,A-kinase anchor protein 4,20210420,-
130825,121170413,LOC121170413,-,-,-,Un,-,neuferricin,protein-coding,-,-,-,neuferricin,20210420,-
130825,121170414,LOC121170414,-,-,-,Un,-,bifunctional coenzyme A synthase,protein-coding,-,-,-,bifunctional coenzyme A synthase,20210420,-
130825,121170415,LOC121170415,-,-,-,Un,-,reticulophagy regulator 3,protein-coding,-,-,-,reticulophagy regulator 3,20210420,-
130825,121170416,LOC121170416,-,-,-,Un,-,max-like protein X,protein-coding,-,-,-,max-like protein X,20210420,-
130825,121170417,CACNA1F,-,-,-,Un,-,calcium voltage-gated channel subunit alpha1 F,protein-coding,-,-,-,voltage-dependent L-type calcium channel subunit alpha-1F,20210420,-
130825,121170418,LOC121170418,-,-,-,Un,-,homologous-pairing protein 2 homolog,protein-coding,-,-,-,homologous-pairing protein 2 homolog,20210420,-
130825,121170419,TTC19,-,-,-,Un,-,tetratricopeptide repeat domain 19,protein-coding,-,-,-,"tetratricopeptide repeat protein 19, mitochondrial",20210420,-
130825,121170420,NCOR1,-,-,-,Un,-,nuclear receptor corepressor 1,protein-coding,-,-,-,nuclear receptor corepressor 1,20210420,-
130825,121170421,MYO1D,-,-,-,Un,-,myosin ID,protein-coding,-,-,-,unconventional myosin-Id,20210420,-
130825,121170422,PSMD11,-,-,-,Un,-,"proteasome 26S subunit, non-ATPase 11",protein-coding,-,-,-,26S proteasome non-ATPase regulatory subunit 11,20210501,-
130825,121170423,CDK5R1,-,-,-,Un,-,cyclin dependent kinase 5 regulatory subunit 1,protein-coding,-,-,-,cyclin-dependent kinase 5 activator 1,20210420,-
130825,121170424,LOC121170424,-,-,-,Un,-,60S ribosomal protein L38-like,pseudo,-,-,-,-,20210420,-
130825,121170425,DLX3,-,-,-,Un,-,distal-less homeobox 3,protein-coding,-,-,-,homeobox protein DLX-3,20210420,-
130825,121170426,MINK1,-,-,-,Un,-,misshapen like kinase 1,protein-coding,-,-,-,misshapen-like kinase 1,20210420,-
130825,121170427,CHRNE,-,-,-,Un,-,cholinergic receptor nicotinic epsilon subunit,protein-coding,-,-,-,acetylcholine receptor subunit epsilon,20210420,-
130825,121170428,SYNRG,-,-,-,Un,-,synergin gamma,protein-coding,-,-,-,synergin gamma,20210420,-
130825,121170429,DUSP14,-,-,-,Un,-,dual specificity phosphatase 14,protein-coding,-,-,-,dual specificity protein phosphatase 14,20210420,-
130825,121170430,CCL14,-,-,-,Un,-,C-C motif chemokine ligand 14,protein-coding,-,-,-,C-C motif chemokine 14,20210420,-
130825,121170431,CCL15,-,-,-,Un,-,C-C motif chemokine ligand 15,protein-coding,-,-,-,C-C motif chemokine 15,20210420,-
130825,121170432,CCL5,-,-,-,Un,-,C-C motif chemokine ligand 5,protein-coding,-,-,-,C-C motif chemokine 5,20210420,-
130825,121170433,LOC121170433,-,-,-,Un,-,synaptophysin,protein-coding,-,-,-,synaptophysin,20210420,-
130825,121170434,LOC121170434,-,-,-,Un,-,C-C motif chemokine 3-like,protein-coding,-,-,-,C-C motif chemokine 3-like,20210420,-
130825,121170435,LOC121170435,-,-,-,Un,-,uncharacterized LOC121170435,ncRNA,-,-,-,-,20210420,-
130825,121170436,LOC121170436,-,-,-,Un,-,uncharacterized LOC121170436,ncRNA,-,-,-,-,20210420,-
130825,121170437,LOC121170437,-,-,-,Un,-,uncharacterized LOC121170437,ncRNA,-,-,-,-,20210420,-
130825,121170438,LOC121170438,-,-,-,Un,-,uncharacterized LOC121170438,ncRNA,-,-,-,-,20210420,-
130825,121170439,CDK12,-,-,-,Un,-,cyclin dependent kinase 12,protein-coding,-,-,-,cyclin-dependent kinase 12,20210420,-
130825,121170440,TMED9,-,-,-,Un,-,transmembrane p24 trafficking protein 9,protein-coding,-,-,-,transmembrane emp24 domain-containing protein 9,20210420,-
130825,121170441,SLC43A2,-,-,-,Un,-,solute carrier family 43 member 2,protein-coding,-,-,-,large neutral amino acids transporter small subunit 4,20210420,-
130825,121170442,PHF12,-,-,-,Un,-,PHD finger protein 12,protein-coding,-,-,-,PHD finger protein 12,20210420,-
130825,121170443,NLK,-,-,-,Un,-,nemo like kinase,protein-coding,-,-,-,serine/threonine-protein kinase NLK,20210420,-
130825,121170444,MAGIX,-,-,-,Un,-,"MAGI family member, X-linked",protein-coding,-,-,-,PDZ domain-containing protein MAGIX,20210420,-
130825,121170445,LOC121170445,-,-,-,Un,-,V-type proton ATPase 116 kDa subunit a1,protein-coding,-,-,-,V-type proton ATPase 116 kDa subunit a1,20210529,-
130825,121170446,LASP1,-,-,-,Un,-,LIM and SH3 protein 1,protein-coding,-,-,-,LIM and SH3 domain protein 1,20210420,-
130825,121170447,WSB1,-,-,-,Un,-,WD repeat and SOCS box containing 1,protein-coding,-,-,-,WD repeat and SOCS box-containing protein 1,20210420,-
130825,121170448,ERAS,-,-,-,Un,-,ES cell expressed Ras,protein-coding,-,-,-,GTPase ERas,20210420,-
130825,121170449,LOC121170449,-,-,-,Un,-,uncharacterized LOC121170449,ncRNA,-,-,-,-,20210420,-
130825,121170450,MAPK7,-,-,-,Un,-,mitogen-activated protein kinase 7,protein-coding,-,-,-,mitogen-activated protein kinase 7,20210420,-
130825,121170451,EPN2,-,-,-,Un,-,epsin 2,protein-coding,-,-,-,epsin-2,20210420,-
130825,121170452,B9D1,-,-,-,Un,-,B9 domain containing 1,protein-coding,-,-,-,B9 domain-containing protein 1,20210420,-
130825,121170453,MED1,-,-,-,Un,-,mediator complex subunit 1,protein-coding,-,-,-,mediator of RNA polymerase II transcription subunit 1,20210420,-
130825,121170454,LOC121170454,-,-,-,Un,-,dynein light chain Tctex-type protein 2B-like,pseudo,-,-,-,-,20210420,-
130825,121170455,MYO1C,-,-,-,Un,-,myosin IC,protein-coding,-,-,-,unconventional myosin-Ic,20210420,-
130825,121170456,PCSK1N,-,-,-,Un,-,proprotein convertase subtilisin/kexin type 1 inhibitor,protein-coding,-,-,-,proSAAS,20210420,-
130825,121170457,INPP5K,-,-,-,Un,-,inositol polyphosphate-5-phosphatase K,protein-coding,-,-,-,inositol polyphosphate 5-phosphatase K,20210420,-
130825,121170458,SUPT6H,-,-,-,Un,-,"SPT6 homolog, histone chaperone and transcription elongation factor",protein-coding,-,-,-,transcription elongation factor SPT6,20210420,-
130825,121170459,PROCA1,-,-,-,Un,-,protein interacting with cyclin A1,protein-coding,-,-,-,protein PROCA1,20210420,-
130825,121170460,SDF2,-,-,-,Un,-,stromal cell derived factor 2,protein-coding,-,-,-,stromal cell-derived factor 2,20210420,-
130825,121170461,HCRT,-,-,-,Un,-,hypocretin neuropeptide precursor,protein-coding,-,-,-,orexin,20210420,-
130825,121170462,KCND1,-,-,-,Un,-,potassium voltage-gated channel subfamily D member 1,protein-coding,-,-,-,potassium voltage-gated channel subfamily D member 1,20210420,-
130825,121170463,LOC121170463,-,-,-,Un,-,diazepam-binding inhibitor-like 5,protein-coding,-,-,-,diazepam-binding inhibitor-like 5,20210420,-
130825,121170464,KPNB1,-,-,-,Un,-,karyopherin subunit beta 1,protein-coding,-,-,-,importin subunit beta-1,20210420,-
130825,121170465,MAP2K4,-,-,-,Un,-,mitogen-activated protein kinase kinase 4,protein-coding,-,-,-,dual specificity mitogen-activated protein kinase kinase 4,20210420,-
130825,121170466,UBB,-,-,-,Un,-,ubiquitin B,protein-coding,-,-,-,polyubiquitin-B,20210424,-
130825,121170467,CENPV,-,-,-,Un,-,centromere protein V,protein-coding,-,-,-,centromere protein V,20210420,-
130825,121170468,LOC121170468,-,-,-,Un,-,uncharacterized LOC121170468,ncRNA,-,-,-,-,20210420,-
130825,121170469,TEKT1,-,-,-,Un,-,tektin 1,protein-coding,-,-,-,tektin-1,20210420,-
130825,121170470,ACACA,-,-,-,Un,-,acetyl-CoA carboxylase alpha,protein-coding,-,-,-,acetyl-CoA carboxylase 1,20210420,-
130825,121170471,CRLF3,-,-,-,Un,-,cytokine receptor like factor 3,protein-coding,-,-,-,cytokine receptor-like factor 3,20210420,-
130825,121170472,LOC121170472,-,-,-,Un,-,protein-serine O-palmitoleoyltransferase porcupine,protein-coding,-,-,-,protein-serine O-palmitoleoyltransferase porcupine,20210420,-
130825,121170473,NPEPPS,-,-,-,Un,-,aminopeptidase puromycin sensitive,protein-coding,-,-,-,puromycin-sensitive aminopeptidase,20210420,-
130825,121170474,TAF7,-,-,-,Un,-,TATA-box binding protein associated factor 7,protein-coding,-,-,-,transcription initiation factor TFIID subunit 7,20210420,-
130825,121170475,MLLT6,-,-,-,Un,-,"MLLT6, PHD finger containing",protein-coding,-,-,-,protein AF-17,20210420,-
130825,121170476,PCGF2,-,-,-,Un,-,polycomb group ring finger 2,protein-coding,-,-,-,polycomb group RING finger protein 2,20210420,-
130825,121170477,CISD3,-,-,-,Un,-,CDGSH iron sulfur domain 3,protein-coding,-,-,-,"CDGSH iron-sulfur domain-containing protein 3, mitochondrial",20210420,-
130825,121170478,LOC121170478,-,-,-,Un,-,uncharacterized LOC121170478,ncRNA,-,-,-,-,20210420,-
130825,121170479,TMEM95,-,-,-,Un,-,transmembrane protein 95,protein-coding,-,-,-,sperm-egg fusion protein TMEM95,20210420,-
130825,121170480,LUC7L3,-,-,-,Un,-,LUC7 like 3 pre-mRNA splicing factor,protein-coding,-,-,-,luc7-like protein 3,20210420,-
130825,121170481,LOC121170481,-,-,-,Un,-,next to BRCA1 gene 1 protein-like,protein-coding,-,-,-,next to BRCA1 gene 1 protein-like,20210420,-
130825,121170482,LOC121170482,-,-,-,Un,-,transmembrane protein 106A-like,protein-coding,-,-,-,transmembrane protein 106A-like,20210420,-
130825,121170483,ATP2A3,-,-,-,Un,-,ATPase sarcoplasmic/endoplasmic reticulum Ca2+ transporting 3,protein-coding,-,-,-,sarcoplasmic/endoplasmic reticulum calcium ATPase 3,20210420,-
130825,121170484,FAM222B,-,-,-,Un,-,family with sequence similarity 222 member B,protein-coding,-,-,-,protein FAM222B,20210420,-
130825,121170485,TRAF4,-,-,-,Un,-,TNF receptor associated factor 4,protein-coding,-,-,-,TNF receptor-associated factor 4,20210420,-
130825,121170486,ERAL1,-,-,-,Un,-,Era like 12S mitochondrial rRNA chaperone 1,protein-coding,-,-,-,"GTPase Era, mitochondrial",20210420,-
130825,121170487,UBE2G1,-,-,-,Un,-,ubiquitin conjugating enzyme E2 G1,protein-coding,-,-,-,ubiquitin-conjugating enzyme E2 G1,20210522,-
130825,121170488,LOC121170488,-,-,-,Un,-,transmembrane protein 14C-like,pseudo,-,-,-,-,20210420,-
130825,121170489,MYO18A,-,-,-,Un,-,myosin XVIIIA,protein-coding,-,-,-,unconventional myosin-XVIIIa,20210420,-
130825,121170490,MBTD1,-,-,-,Un,-,mbt domain containing 1,protein-coding,-,-,-,MBT domain-containing protein 1,20210420,-
130825,121170491,LOC121170491,-,-,-,Un,-,ADP-ribosylation factor 1-like,pseudo,-,-,-,-,20210420,-
130825,121170492,PPP1R9B,-,-,-,Un,-,protein phosphatase 1 regulatory subunit 9B,protein-coding,-,-,-,neurabin-2,20210420,-
130825,121170493,SAMD14,-,-,-,Un,-,sterile alpha motif domain containing 14,protein-coding,-,-,-,sterile alpha motif domain-containing protein 14,20210420,-
130825,121170494,PDK2,-,-,-,Un,-,pyruvate dehydrogenase kinase 2,protein-coding,-,-,-,"pyruvate dehydrogenase kinase, isozyme 2",20210420,-
130825,121170495,ZNF652,-,-,-,Un,-,zinc finger protein 652,protein-coding,-,-,-,zinc finger protein 652,20210420,-
130825,121170496,KAT7,-,-,-,Un,-,lysine acetyltransferase 7,protein-coding,-,-,-,histone acetyltransferase KAT7,20210529,-
130825,121170497,LOC121170497,-,-,-,Un,-,sperm acrosome-associated protein 5-like,protein-coding,-,-,-,sperm acrosome-associated protein 5-like,20210420,-
130825,121170498,NF1,-,-,-,Un,-,neurofibromin 1,protein-coding,-,-,-,neurofibromin,20210420,-
130825,121170499,OMG,-,-,-,Un,-,oligodendrocyte myelin glycoprotein,protein-coding,-,-,-,oligodendrocyte-myelin glycoprotein,20210420,-
130825,121170500,EVI2B,-,-,-,Un,-,ecotropic viral integration site 2B,protein-coding,-,-,-,protein EVI2B,20210420,-
130825,121170501,LOC121170501,-,-,-,Un,-,fructose-bisphosphate aldolase A-like,protein-coding,-,-,-,LOW QUALITY PROTEIN: fructose-bisphosphate aldolase A-like,20210420,-
130825,121170502,EVI2A,-,-,-,Un,-,ecotropic viral integration site 2A,protein-coding,-,-,-,protein EVI2A,20210420,-
130825,121170503,LOC121170503,-,-,-,Un,-,uncharacterized LOC121170503,ncRNA,-,-,-,-,20210420,-
130825,121170504,CRK,-,-,-,Un,-,"CRK proto-oncogene, adaptor protein",protein-coding,-,-,-,adapter molecule crk,20210420,-
130825,121170505,APPBP2,-,-,-,Un,-,amyloid beta precursor protein binding protein 2,protein-coding,-,-,-,amyloid protein-binding protein 2,20210420,-
130825,121170506,LOC121170506,-,-,-,Un,-,protein SLFN14-like,protein-coding,-,-,-,protein SLFN14-like,20210420,-
130825,121170507,NDUFB11,-,-,-,Un,-,NADH:ubiquinone oxidoreductase subunit B11,protein-coding,-,-,-,"NADH dehydrogenase [ubiquinone] 1 beta subcomplex subunit 11, mitochondrial",20210420,-
130825,121170508,ELP5,-,-,-,Un,-,elongator acetyltransferase complex subunit 5,protein-coding,-,-,-,elongator complex protein 5,20210420,-
130825,121170509,CTDNEP1,-,-,-,Un,-,CTD nuclear envelope phosphatase 1,protein-coding,-,-,-,CTD nuclear envelope phosphatase 1,20210501,-
130825,121170510,CLDN7,-,-,-,Un,-,claudin 7,protein-coding,-,-,-,claudin-7,20210420,-
130825,121170511,LOC121170511,-,-,-,Un,-,GABA type A receptor-associated protein,protein-coding,-,-,-,gamma-aminobutyric acid receptor-associated protein,20210501,-
130825,121170512,LOC121170512,-,-,-,Un,-,uncharacterized LOC121170512,ncRNA,-,-,-,-,20210420,-
130825,121170513,LOC121170513,-,-,-,Un,-,ATP-dependent RNA helicase DHX8,protein-coding,-,-,-,ATP-dependent RNA helicase DHX8,20210420,-
130825,121170514,PRPF8,-,-,-,Un,-,pre-mRNA processing factor 8,protein-coding,-,-,-,pre-mRNA-processing-splicing factor 8,20210529,-
130825,121170515,LOC121170515,-,-,-,Un,-,Rab interacting lysosomal protein,protein-coding,-,-,-,rab-interacting lysosomal protein,20210420,-
130825,121170516,DLX4,-,-,-,Un,-,distal-less homeobox 4,protein-coding,-,-,-,homeobox protein DLX-4,20210420,-
130825,121170517,CACNA1G,-,-,-,Un,-,calcium voltage-gated channel subunit alpha1 G,protein-coding,-,-,-,voltage-dependent T-type calcium channel subunit alpha-1G,20210420,-
130825,121170518,LOC121170518,-,-,-,Un,-,mitochondrial fission factor-like,pseudo,-,-,-,-,20210420,-
130825,121170519,LOC121170519,-,-,-,Un,-,60S ribosomal protein L23a-like,pseudo,-,-,-,-,20210420,-
130825,121170520,LOC121170520,-,-,-,Un,-,uncharacterized LOC121170520,ncRNA,-,-,-,-,20210420,-
130825,121170521,RNF167,-,-,-,Un,-,ring finger protein 167,protein-coding,-,-,-,E3 ubiquitin-protein ligase RNF167,20210420,-
130825,121170522,SLC25A11,-,-,-,Un,-,solute carrier family 25 member 11,protein-coding,-,-,-,mitochondrial 2-oxoglutarate/malate carrier protein,20210420,-
130825,121170523,PFN1,-,-,-,Un,-,profilin 1,protein-coding,-,-,-,profilin-1,20210420,-
130825,121170524,ABI3,-,-,-,Un,-,ABI family member 3,protein-coding,-,-,-,ABI gene family member 3,20210420,-
130825,121170525,FAM193B,-,-,-,Un,-,family with sequence similarity 193 member B,protein-coding,-,-,-,protein FAM193B,20210420,-
130825,121170526,DIPK2B,-,-,-,Un,-,divergent protein kinase domain 2B,protein-coding,-,-,-,divergent protein kinase domain 2B,20210420,-
130825,121170527,PHOSPHO1,-,-,-,Un,-,phosphoethanolamine/phosphocholine phosphatase 1,protein-coding,-,-,-,phosphoethanolamine/phosphocholine phosphatase,20210420,-
130825,121170528,TAF15,-,-,-,Un,-,TATA-box binding protein associated factor 15,protein-coding,-,-,-,TATA-binding protein-associated factor 2N,20210420,-
130825,121170529,YWHAE,-,-,-,Un,-,tyrosine 3-monooxygenase/tryptophan 5-monooxygenase activation protein epsilon,protein-coding,-,-,-,14-3-3 protein epsilon,20210420,-
130825,121170530,LOC121170530,-,-,-,Un,-,dual specificity protein phosphatase 18-like,protein-coding,-,-,-,dual specificity protein phosphatase 18-like,20210420,-
130825,121170531,UBE2Z,-,-,-,Un,-,ubiquitin conjugating enzyme E2 Z,protein-coding,-,-,-,ubiquitin-conjugating enzyme E2 Z,20210420,-
130825,121170532,SNF8,-,-,-,Un,-,SNF8 subunit of ESCRT-II,protein-coding,-,-,-,vacuolar-sorting protein SNF8,20210424,-
130825,121170533,MSL1,-,-,-,Un,-,MSL complex subunit 1,protein-coding,-,-,-,male-specific lethal 1 homolog,20210420,-
130825,121170534,LOC121170534,-,-,-,Un,-,unconventional myosin-XIX-like,protein-coding,-,-,-,unconventional myosin-XIX-like,20210420,-
130825,121170535,PIGW,-,-,-,Un,-,phosphatidylinositol glycan anchor biosynthesis class W,protein-coding,-,-,-,phosphatidylinositol-glycan biosynthesis class W protein,20210420,-
130825,121170536,ZNHIT3,-,-,-,Un,-,zinc finger HIT-type containing 3,protein-coding,-,-,-,zinc finger HIT domain-containing protein 3,20210420,-
130825,121170537,LOC121170537,-,-,-,Un,-,5S ribosomal RNA,pseudo,-,-,-,-,20210420,-
130825,121170538,LOC121170538,-,-,-,Un,-,40S ribosomal protein S29-like,pseudo,-,-,-,-,20210420,-
130825,121170539,LOC121170539,-,-,-,Un,-,U6 spliceosomal RNA,snRNA,-,-,-,-,20210420,-
130825,121170540,LOC121170540,-,-,-,Un,-,U6 spliceosomal RNA,snRNA,-,-,-,-,20210420,-
130825,121170541,LOC121170541,-,-,-,Un,-,U6 spliceosomal RNA,snRNA,-,-,-,-,20210420,-
130825,121170542,LOC121170542,-,-,-,Un,-,U6 spliceosomal RNA,snRNA,-,-,-,-,20210420,-
130825,121170543,LOC121170543,-,-,-,Un,-,U6 spliceosomal RNA,pseudo,-,-,-,-,20210420,-
130825,121170544,LOC121170544,-,-,-,Un,-,U6 spliceosomal RNA,snRNA,-,-,-,-,20210420,-
130825,121170545,LOC121170545,-,-,-,Un,-,U6 spliceosomal RNA,snRNA,-,-,-,-,20210420,-
130825,121170546,LOC121170546,-,-,-,Un,-,U6 spliceosomal RNA,pseudo,-,-,-,-,20210420,-
130825,121170547,LOC121170547,-,-,-,Un,-,U6 spliceosomal RNA,snRNA,-,-,-,-,20210420,-
130825,121170548,LOC121170548,-,-,-,Un,-,U6 spliceosomal RNA,snRNA,-,-,-,-,20210420,-
130825,121170549,LOC121170549,-,-,-,Un,-,U6 spliceosomal RNA,snRNA,-,-,-,-,20210420,-
130825,121170550,LOC121170550,-,-,-,Un,-,U6 spliceosomal RNA,snRNA,-,-,-,-,20210420,-
130825,121170551,LOC121170551,-,-,-,Un,-,U6 spliceosomal RNA,pseudo,-,-,-,-,20210420,-
130825,121170552,LOC121170552,-,-,-,Un,-,U6 spliceosomal RNA,pseudo,-,-,-,-,20210420,-
130825,121170553,LOC121170553,-,-,-,Un,-,U6 spliceosomal RNA,snRNA,-,-,-,-,20210420,-
130825,121170554,LOC121170554,-,-,-,Un,-,norrin cystine knot growth factor NDP,protein-coding,-,-,-,norrin,20210420,-
130825,121170555,LOC121170555,-,-,-,Un,-,U6 spliceosomal RNA,snRNA,-,-,-,-,20210420,-
130825,121170556,LOC121170556,-,-,-,Un,-,U6 spliceosomal RNA,snRNA,-,-,-,-,20210420,-
130825,121170557,LOC121170557,-,-,-,Un,-,U6 spliceosomal RNA,pseudo,-,-,-,-,20210420,-
130825,121170558,LOC121170558,-,-,-,Un,-,U8 small nucleolar RNA,snoRNA,-,-,-,-,20210420,-
130825,121170559,LOC121170559,-,-,-,Un,-,small nucleolar RNA SNORD42,snoRNA,-,-,-,-,20210420,-
130825,121170560,LOC121170560,-,-,-,Un,-,small nucleolar RNA SNORD42,snoRNA,-,-,-,-,20210420,-
130825,121170561,LOC121170561,-,-,-,Un,-,small nucleolar RNA SNORA70,snoRNA,-,-,-,-,20210420,-
130825,121170562,LOC121170562,-,-,-,Un,-,small nucleolar RNA SNORA70,snoRNA,-,-,-,-,20210420,-
130825,121170563,LOC121170563,-,-,-,Un,-,small nucleolar RNA SNORA70,snoRNA,-,-,-,-,20210420,-
130825,121170564,LOC121170564,-,-,-,Un,-,small nucleolar RNA Z17,snoRNA,-,-,-,-,20210420,-
130825,121170565,LOC121170565,-,-,-,Un,-,small nucleolar RNA Z17,snoRNA,-,-,-,-,20210420,-
130825,121170566,LOC121170566,-,-,-,Un,-,small nucleolar RNA SNORA67,snoRNA,-,-,-,-,20210420,-
130825,121170567,LOC121170567,-,-,-,Un,-,small nucleolar RNA SNORD49,snoRNA,-,-,-,-,20210420,-
130825,121170568,LOC121170568,-,-,-,Un,-,small nucleolar RNA SNORD49,snoRNA,-,-,-,-,20210420,-
130825,121170569,LOC121170569,-,-,-,Un,-,Z30 small nucleolar RNA,snoRNA,-,-,-,-,20210420,-
130825,121170570,OTC,-,-,-,Un,-,ornithine transcarbamylase,protein-coding,-,-,-,"ornithine transcarbamylase, mitochondrial",20210420,-
130825,121170571,LOC121170571,-,-,-,Un,-,small nucleolar RNA SNORA44,snoRNA,-,-,-,-,20210420,-
130825,121170572,LOC121170572,-,-,-,Un,-,small nucleolar RNA SNORA21,snoRNA,-,-,-,-,20210420,-
130825,121170573,LOC121170573,-,-,-,Un,-,small nucleolar RNA SNORA54,snoRNA,-,-,-,-,20210420,-
130825,121170574,LOC121170574,-,-,-,Un,-,small nucleolar RNA SNORA48,snoRNA,-,-,-,-,20210420,-
130825,121170575,LOC121170575,-,-,-,Un,-,small nucleolar RNA SNORA40,snoRNA,-,-,-,-,20210420,-
130825,121170576,LOC121170576,-,-,-,Un,-,small nucleolar RNA SNORA26,snoRNA,-,-,-,-,20210420,-
130825,121170577,LOC121170577,-,-,-,Un,-,small nucleolar RNA SNORD65,snoRNA,-,-,-,-,20210420,-
130825,121170578,LOC121170578,-,-,-,Un,-,small nucleolar RNA SNORD91 family,snoRNA,-,-,-,-,20210420,-
130825,121170579,LOC121170579,-,-,-,Un,-,small nucleolar RNA SNORD91 family,snoRNA,-,-,-,-,20210420,-
130825,121170580,LOC121170580,-,-,-,Un,-,small Cajal body-specific RNA 21,ncRNA,-,-,-,-,20210420,-
130825,121170581,LOC121170581,-,-,-,Un,-,small nucleolar RNA SNORD93,snoRNA,-,-,-,-,20210420,-
130825,121170582,LOC121170582,-,-,-,Un,-,U6atac minor spliceosomal RNA,snRNA,-,-,-,-,20210420,-
130825,121170583,LOC121170583,-,-,-,Un,-,small nucleolar RNA SNORD124,snoRNA,-,-,-,-,20210420,-
130825,121170584,LOC121170584,-,-,-,Un,-,small nucleolar RNA ACA64,snoRNA,-,-,-,-,20210420,-
130825,121170585,LOC121170585,-,-,-,Un,-,small nucleolar RNA SNORD10,snoRNA,-,-,-,-,20210420,-
130825,121170586,SRPX,-,-,-,Un,-,sushi repeat containing protein X-linked,protein-coding,-,-,-,sushi repeat-containing protein SRPX,20210420,-
130825,121170587,LOC121170587,-,-,-,Un,-,U1 spliceosomal RNA,snRNA,-,-,-,-,20210420,-
130825,121170588,LOC121170588,-,-,-,Un,-,U1 spliceosomal RNA,snRNA,-,-,-,-,20210420,-
130825,121170589,LOC121170589,-,-,-,Un,-,U1 spliceosomal RNA,snRNA,-,-,-,-,20210420,-
130825,121170590,LOC121170590,-,-,-,Un,-,U1 spliceosomal RNA,snRNA,-,-,-,-,20210420,-
130825,121170591,LOC121170591,-,-,-,Un,-,U1 spliceosomal RNA,snRNA,-,-,-,-,20210420,-
130825,121170592,LOC121170592,-,-,-,Un,-,U2 spliceosomal RNA,snRNA,-,-,-,-,20210420,-
130825,121170593,LOC121170593,-,-,-,Un,-,U2 spliceosomal RNA,snRNA,-,-,-,-,20210420,-
130825,121170594,LOC121170594,-,-,-,Un,-,U2 spliceosomal RNA,snRNA,-,-,-,-,20210420,-
130825,121170595,LOC121170595,-,-,-,Un,-,U2 spliceosomal RNA,snRNA,-,-,-,-,20210420,-
130825,121170596,LOC121170596,-,-,-,Un,-,U2 spliceosomal RNA,snRNA,-,-,-,-,20210420,-
130825,121170597,LOC121170597,-,-,-,Un,-,U2 spliceosomal RNA,snRNA,-,-,-,-,20210420,-
130825,121170598,LOC121170598,-,-,-,Un,-,U2 spliceosomal RNA,snRNA,-,-,-,-,20210420,-
130825,121170599,LOC121170599,-,-,-,Un,-,U2 spliceosomal RNA,snRNA,-,-,-,-,20210420,-
130825,121170600,LOC121170600,-,-,-,Un,-,U2 spliceosomal RNA,snRNA,-,-,-,-,20210420,-
130825,121170601,LOC121170601,-,-,-,Un,-,U2 spliceosomal RNA,snRNA,-,-,-,-,20210420,-
130825,121170602,SYTL5,-,-,-,Un,-,synaptotagmin like 5,protein-coding,-,-,-,synaptotagmin-like protein 5,20210420,-
130825,121170603,LOC121170603,-,-,-,Un,-,U2 spliceosomal RNA,snRNA,-,-,-,-,20210420,-
130825,121170604,LOC121170604,-,-,-,Un,-,U2 spliceosomal RNA,snRNA,-,-,-,-,20210420,-
130825,121170605,LOC121170605,-,-,-,Un,-,U2 spliceosomal RNA,snRNA,-,-,-,-,20210420,-
130825,121170606,LOC121170606,-,-,-,Un,-,U2 spliceosomal RNA,snRNA,-,-,-,-,20210420,-
130825,121170607,LOC121170607,-,-,-,Un,-,U2 spliceosomal RNA,snRNA,-,-,-,-,20210420,-
130825,121170608,LOC121170608,-,-,-,Un,-,U2 spliceosomal RNA,snRNA,-,-,-,-,20210420,-
130825,121170609,LOC121170609,-,-,-,Un,-,U2 spliceosomal RNA,pseudo,-,-,-,-,20210420,-
130825,121170610,LOC121170610,-,-,-,Un,-,U2 spliceosomal RNA,pseudo,-,-,-,-,20210420,-
130825,121170611,LOC121170611,-,-,-,Un,-,U2 spliceosomal RNA,pseudo,-,-,-,-,20210420,-
130825,121170612,LOC121170612,-,-,-,Un,-,U2 spliceosomal RNA,pseudo,-,-,-,-,20210420,-
130825,121170613,LOC121170613,-,-,-,Un,-,U2 spliceosomal RNA,pseudo,-,-,-,-,20210420,-
130825,121170614,LOC121170614,-,-,-,Un,-,U2 spliceosomal RNA,snRNA,-,-,-,-,20210420,-
130825,121170615,LOC121170615,-,-,-,Un,-,U2 spliceosomal RNA,snRNA,-,-,-,-,20210420,-
130825,121170616,LOC121170616,-,-,-,Un,-,small nucleolar RNA U3,snoRNA,-,-,-,-,20210420,-
130825,121170617,LOC121170617,-,-,-,Un,-,small nucleolar RNA U3,snoRNA,-,-,-,-,20210420,-
130825,121170618,LOC121170618,-,-,-,Un,-,small nucleolar RNA U3,snoRNA,-,-,-,-,20210420,-
130825,121170619,LOC121170619,-,-,-,Un,-,U4 spliceosomal RNA,snRNA,-,-,-,-,20210420,-
130825,121170620,LOC121170620,-,-,-,Un,-,U4 spliceosomal RNA,snRNA,-,-,-,-,20210420,-
130825,121170621,LOC121170621,-,-,-,Un,-,U4 spliceosomal RNA,pseudo,-,-,-,-,20210420,-
130825,121170622,LOC121170622,-,-,-,Un,-,U4 spliceosomal RNA,pseudo,-,-,-,-,20210420,-
130825,121170623,LOC121170623,-,-,-,Un,-,U6 spliceosomal RNA,snRNA,-,-,-,-,20210420,-
130825,121170624,LOC121170624,-,-,-,Un,-,U6 spliceosomal RNA,snRNA,-,-,-,-,20210420,-
130825,121170625,LOC121170625,-,-,-,Un,-,U6 spliceosomal RNA,snRNA,-,-,-,-,20210420,-
130825,121170626,LOC121170626,-,-,-,Un,-,U6 spliceosomal RNA,snRNA,-,-,-,-,20210420,-
130825,121170627,TRNAI-AAU,-,-,-,Un,-,transfer RNA isoleucine (anticodon AAU),tRNA,-,-,-,-,20210420,-
130825,121170628,TRNAW-CCA,-,-,-,Un,-,transfer RNA tryptophan (anticodon CCA),tRNA,-,-,-,-,20210420,-
130825,121170629,TRNAT-AGU,-,-,-,Un,-,transfer RNA threonine (anticodon AGU),tRNA,-,-,-,-,20210420,-
130825,121170630,TRNAS-CGA,-,-,-,Un,-,transfer RNA serine (anticodon CGA),tRNA,-,-,-,-,20210420,-
130825,121170631,TRNAL-UAG,-,-,-,Un,-,transfer RNA leucine (anticodon UAG),tRNA,-,-,-,-,20210420,-
130825,121170632,TRNAT-CGU,-,-,-,Un,-,transfer RNA threonine (anticodon CGU),tRNA,-,-,-,-,20210420,-
130825,121170633,TRNAC-GCA,-,-,-,Un,-,transfer RNA cysteine (anticodon GCA),tRNA,-,-,-,-,20210420,-
130825,121170634,TRNAW-CCA,-,-,-,Un,-,transfer RNA tryptophan (anticodon CCA),tRNA,-,-,-,-,20210420,-
130825,121170635,TRNAG-UCC,-,-,-,Un,-,transfer RNA glycine (anticodon UCC),tRNA,-,-,-,-,20210420,-
130825,121170636,TRNAI-AAU,-,-,-,Un,-,transfer RNA isoleucine (anticodon AAU),tRNA,-,-,-,-,20210420,-
130825,121170637,TRNAT-AGU,-,-,-,Un,-,transfer RNA threonine (anticodon AGU),tRNA,-,-,-,-,20210420,-
130825,121170638,TRNAS-AGA,-,-,-,Un,-,transfer RNA serine (anticodon AGA),tRNA,-,-,-,-,20210420,-
130825,121170639,TRNAS-GCU,-,-,-,Un,-,transfer RNA serine (anticodon GCU),tRNA,-,-,-,-,20210420,-
130825,121170640,TRNAW-CCA,-,-,-,Un,-,transfer RNA tryptophan (anticodon CCA),tRNA,-,-,-,-,20210420,-
130825,121170641,TRNAG-GCC,-,-,-,Un,-,transfer RNA glycine (anticodon GCC),tRNA,-,-,-,-,20210420,-
130825,121170642,TRNAR-UCU,-,-,-,Un,-,transfer RNA arginine (anticodon UCU),tRNA,-,-,-,-,20210420,-
130825,121170643,TRNAQ-CUG,-,-,-,Un,-,transfer RNA glutamine (anticodon CUG),tRNA,-,-,-,-,20210420,-
130825,121170644,TRNAK-UUU,-,-,-,Un,-,transfer RNA lysine (anticodon UUU),tRNA,-,-,-,-,20210420,-
130825,121170645,TRNAQ-UUG,-,-,-,Un,-,transfer RNA glutamine (anticodon UUG),tRNA,-,-,-,-,20210420,-
130825,121170646,TRNAN-GUU,-,-,-,Un,-,transfer RNA asparagine (anticodon GUU),tRNA,-,-,-,-,20210420,-
130825,121170647,TRNAC-GCA,-,-,-,Un,-,transfer RNA cysteine (anticodon GCA),tRNA,-,-,-,-,20210420,-
130825,121170648,LOC121170648,-,-,-,Un,-,histone H2A-Bbd type 1-like,protein-coding,-,-,-,histone H2A-Bbd type 1-like,20210420,-
130825,121170649,TRNAC-GCA,-,-,-,Un,-,transfer RNA cysteine (anticodon GCA),tRNA,-,-,-,-,20210420,-
130825,121170650,TRNAT-AGU,-,-,-,Un,-,transfer RNA threonine (anticodon AGU),tRNA,-,-,-,-,20210420,-
130825,121170651,TRNAC-GCA,-,-,-,Un,-,transfer RNA cysteine (anticodon GCA),tRNA,-,-,-,-,20210420,-
130825,121170652,TRNAC-GCA,-,-,-,Un,-,transfer RNA cysteine (anticodon GCA),tRNA,-,-,-,-,20210420,-
130825,121170653,TRNAP-CGG,-,-,-,Un,-,transfer RNA proline (anticodon CGG),tRNA,-,-,-,-,20210420,-
130825,121170654,TRNAD-GUC,-,-,-,Un,-,transfer RNA aspartic acid (anticodon GUC),tRNA,-,-,-,-,20210420,-
130825,121170655,TES,-,-,-,Un,-,testin LIM domain protein,protein-coding,-,-,-,testin,20210420,-
130825,121170656,TMEM140,-,-,-,Un,-,transmembrane protein 140,protein-coding,-,-,-,transmembrane protein 140,20210420,-
130825,121170657,CYREN,-,-,-,Un,-,cell cycle regulator of NHEJ,protein-coding,-,-,-,cell cycle regulator of non-homologous end joining,20210420,-
130825,121170658,LOC121170658,-,-,-,Un,-,huntingtin-interacting protein M,protein-coding,-,-,-,huntingtin-interacting protein M,20210420,-
130825,121170659,ZNF777,-,-,-,Un,-,zinc finger protein 777,protein-coding,-,-,-,zinc finger protein 777,20210420,-
130825,121170660,ZNF746,-,-,-,Un,-,zinc finger protein 746,protein-coding,-,-,-,zinc finger protein 746,20210420,-
130825,121170661,LOC121170661,-,-,-,Un,-,"NADH dehydrogenase [ubiquinone] 1 beta subcomplex subunit 11, mitochondrial-like",protein-coding,-,-,-,"NADH dehydrogenase [ubiquinone] 1 beta subcomplex subunit 11, mitochondrial-like",20210420,-
130825,121170662,LOC121170662,-,-,-,Un,-,60S acidic ribosomal protein P0-like,pseudo,-,-,-,-,20210420,-
130825,121170663,LOC121170663,-,-,-,Un,-,S-phase kinase-associated protein 1-like,pseudo,-,-,-,-,20210420,-
130825,121170664,LANCL3,-,-,-,Un,-,LanC like 3,protein-coding,-,-,-,lanC-like protein 3,20210420,-
130825,121170665,KLF14,-,-,-,Un,-,Kruppel like factor 14,protein-coding,-,-,-,Krueppel-like factor 14,20210420,-
130825,121170666,TSGA13,-,-,-,Un,-,testis specific 13,protein-coding,-,-,-,testis-specific gene 13 protein,20210420,-
130825,121170667,CPA4,-,-,-,Un,-,carboxypeptidase A4,protein-coding,-,-,-,carboxypeptidase A4,20210420,-
130825,121170668,FAM71F1,-,-,-,Un,-,family with sequence similarity 71 member F1,protein-coding,-,-,-,protein FAM71F1,20210420,-
130825,121170669,LOC121170669,-,-,-,Un,-,hyaluronidase-4-like,protein-coding,-,-,-,hyaluronidase-4-like,20210420,-
130825,121170670,IQUB,-,-,-,Un,-,IQ motif and ubiquitin domain containing,protein-coding,-,-,-,IQ and ubiquitin-like domain-containing protein,20210420,-
130825,121170671,SLC13A1,-,-,-,Un,-,solute carrier family 13 member 1,protein-coding,-,-,-,solute carrier family 13 member 1,20210420,-
130825,121170672,PTPRZ1,-,-,-,Un,-,protein tyrosine phosphatase receptor type Z1,protein-coding,-,-,-,receptor-type tyrosine-protein phosphatase zeta,20210420,-
130825,121170673,MDFIC,-,-,-,Un,-,MyoD family inhibitor domain containing,protein-coding,-,-,-,LOW QUALITY PROTEIN: myoD family inhibitor domain-containing protein,20210420,-
130825,121170674,LOC121170674,-,-,-,Un,-,spermine synthase-like,pseudo,-,-,-,-,20210420,-
130825,121170675,PRRG1,-,-,-,Un,-,proline rich and Gla domain 1,protein-coding,-,-,-,transmembrane gamma-carboxyglutamic acid protein 1,20210420,-
130825,121170676,LOC121170676,-,-,-,Un,-,basic proline-rich protein-like,protein-coding,-,-,-,basic proline-rich protein-like,20210420,-
130825,121170677,SLC26A3,-,-,-,Un,-,solute carrier family 26 member 3,protein-coding,-,-,-,chloride anion exchanger,20210420,-
130825,121170678,CDHR3,-,-,-,Un,-,cadherin related family member 3,protein-coding,-,-,-,cadherin-related family member 3,20210420,-
130825,121170679,LOC121170679,-,-,-,Un,-,60S ribosomal protein L21-like,pseudo,-,-,-,-,20210420,-
130825,121170680,LOC121170680,-,-,-,Un,-,TRPM8 channel-associated factor 3-like,protein-coding,-,-,-,TRPM8 channel-associated factor 3-like,20210420,-
130825,121170681,LOC121170681,-,-,-,Un,-,TRPM8 channel-associated factor 3-like,protein-coding,-,-,-,TRPM8 channel-associated factor 3-like,20210420,-
130825,121170682,LOC121170682,-,-,-,Un,-,TRPM8 channel-associated factor 3-like,protein-coding,-,-,-,TRPM8 channel-associated factor 3-like,20210420,-
130825,121170683,LOC121170683,-,-,-,Un,-,olfactory receptor-like protein OLF3,protein-coding,-,-,-,olfactory receptor-like protein OLF3,20210420,-
130825,121170684,TAS2R41,-,-,-,Un,-,taste 2 receptor member 41,protein-coding,-,-,-,taste receptor type 2 member 41,20210420,-
130825,121170685,TAS2R60,-,-,-,Un,-,taste 2 receptor member 60,protein-coding,-,-,-,taste receptor type 2 member 60,20210420,-
130825,121170686,TMEM47,-,-,-,Un,-,transmembrane protein 47,protein-coding,-,-,-,transmembrane protein 47,20210425,-
130825,121170687,LOC121170687,-,-,-,Un,-,taste receptor type 2 member 62-like,protein-coding,-,-,-,taste receptor type 2 member 62-like,20210420,-
130825,121170688,TAS2R40,-,-,-,Un,-,taste 2 receptor member 40,protein-coding,-,-,-,taste receptor type 2 member 40,20210420,-
130825,121170689,TAS2R39,-,-,-,Un,-,taste 2 receptor member 39,protein-coding,-,-,-,taste receptor type 2 member 39,20210420,-
130825,121170690,LOC121170690,-,-,-,Un,-,mitochondrial thiamine pyrophosphate carrier-like,pseudo,-,-,-,-,20210420,-
130825,121170691,LOC121170691,-,-,-,Un,-,T cell receptor beta variable 30-like,other,-,-,-,-,20210420,-
130825,121170692,LOC121170692,-,-,-,Un,-,T cell receptor beta variable 7-2-like,other,-,-,-,-,20210420,-
130825,121170693,LOC121170693,-,-,-,Un,-,T cell receptor beta variable 3-1-like,other,-,-,-,-,20210420,-
130825,121170694,LOC121170694,-,-,-,Un,-,probable maltase-glucoamylase 2,protein-coding,-,-,-,probable maltase-glucoamylase 2,20210420,-
130825,121170695,WEE2,-,-,-,Un,-,WEE2 oocyte meiosis inhibiting kinase,protein-coding,-,-,-,wee1-like protein kinase 2,20210420,-
130825,121170696,LOC121170696,-,-,-,Un,-,60S ribosomal protein L37-like,pseudo,-,-,-,-,20210420,-
130825,121170697,LOC121170697,-,-,-,Un,-,40S ribosomal protein S6-like,pseudo,-,-,-,-,20210420,-
130825,121170698,CLEC2L,-,-,-,Un,-,C-type lectin domain family 2 member L,protein-coding,-,-,-,C-type lectin domain family 2 member L,20210420,-
130825,121170699,ZC3HAV1L,-,-,-,Un,-,"zinc finger CCCH-type containing, antiviral 1 like",protein-coding,-,-,-,zinc finger CCCH-type antiviral protein 1-like,20210420,-
130825,121170700,FAM180A,-,-,-,Un,-,family with sequence similarity 180 member A,protein-coding,-,-,-,protein FAM180A,20210420,-
130825,121170701,LOC121170701,-,-,-,Un,-,solute carrier family 23 member 1-like,protein-coding,-,-,-,solute carrier family 23 member 1-like,20210420,-
130825,121170702,STRA8,-,-,-,Un,-,stimulated by retinoic acid 8,protein-coding,-,-,-,stimulated by retinoic acid gene 8 protein homolog,20210420,-
130825,121170703,CCT8L2,-,-,-,Un,-,chaperonin containing TCP1 subunit 8 like 2,protein-coding,-,-,-,T-complex protein 1 subunit theta-like 2,20210420,-
130825,121170704,LOC121170704,-,-,-,Un,-,basic proline-rich protein-like,protein-coding,-,-,-,basic proline-rich protein-like,20210420,-
130825,121170705,PARP12,-,-,-,Un,-,poly(ADP-ribose) polymerase family member 12,protein-coding,-,-,-,protein mono-ADP-ribosyltransferase PARP12,20210420,-
130825,121170706,ATG9B,-,-,-,Un,-,autophagy related 9B,protein-coding,-,-,-,autophagy-related protein 9B,20210420,-
130825,121170707,LOC121170707,-,-,-,Un,-,uncharacterized LOC121170707,protein-coding,-,-,-,uncharacterized protein LOC121170707,20210420,-
130825,121170708,LOC121170708,-,-,-,Un,-,26S proteasome complex subunit SEM1-like,protein-coding,-,-,-,LOW QUALITY PROTEIN: 26S proteasome complex subunit SEM1-like,20210420,-
130825,121170709,ZNF775,-,-,-,Un,-,zinc finger protein 775,protein-coding,-,-,-,zinc finger protein 775,20210420,-
130825,121170710,LOC121170710,-,-,-,Un,-,SCO-spondin-like,protein-coding,-,-,-,SCO-spondin-like,20210420,-
130825,121170711,PRKAR2B,-,-,-,Un,-,protein kinase cAMP-dependent type II regulatory subunit beta,protein-coding,-,-,-,cAMP-dependent protein kinase type II-beta regulatory subunit,20210420,-
130825,121170712,ZNF425,-,-,-,Un,-,zinc finger protein 425,protein-coding,-,-,-,LOW QUALITY PROTEIN: zinc finger protein 425,20210420,-
130825,121170713,LOC121170713,-,-,-,Un,-,uncharacterized LOC121170713,protein-coding,-,-,-,uncharacterized protein LOC121170713,20210420,-
130825,121170714,NOBOX,-,-,-,Un,-,NOBOX oogenesis homeobox,protein-coding,-,-,-,LOW QUALITY PROTEIN: homeobox protein NOBOX,20210420,-
130825,121170715,ARHGEF5,-,-,-,Un,-,Rho guanine nucleotide exchange factor 5,protein-coding,-,-,-,rho guanine nucleotide exchange factor 5,20210420,-
130825,121170716,LOC121170716,-,-,-,Un,-,methyl-CpG-binding domain protein 3-like 2,protein-coding,-,-,-,methyl-CpG-binding domain protein 3-like 2,20210420,-
130825,121170717,LOC121170717,-,-,-,Un,-,methyl-CpG-binding domain protein 3-like 2,protein-coding,-,-,-,methyl-CpG-binding domain protein 3-like 2,20210420,-
130825,121170718,NR0B1,-,-,-,Un,-,nuclear receptor subfamily 0 group B member 1,protein-coding,-,-,-,nuclear receptor subfamily 0 group B member 1,20210420,-
130825,121170719,LOC121170719,-,-,-,Un,-,coiled-coil domain-containing protein 7-like,protein-coding,-,-,-,coiled-coil domain-containing protein 7-like,20210420,-
130825,121170720,LOC121170720,-,-,-,Un,-,coiled-coil domain-containing protein 7-like,protein-coding,-,-,-,coiled-coil domain-containing protein 7-like,20210420,-
130825,121170721,LOC121170721,-,-,-,Un,-,"ATP synthase membrane subunit K, mitochondrial-like",pseudo,-,-,-,-,20210420,-
130825,121170722,TMEM213,-,-,-,Un,-,transmembrane protein 213,protein-coding,-,-,-,transmembrane protein 213,20210420,-
130825,121170723,SLC4A2,-,-,-,Un,-,solute carrier family 4 member 2,protein-coding,-,-,-,anion exchange protein 2,20210420,-
130825,121170724,FASTK,-,-,-,Un,-,Fas activated serine/threonine kinase,protein-coding,-,-,-,fas-activated serine/threonine kinase,20210420,-
130825,121170725,TMUB1,-,-,-,Un,-,transmembrane and ubiquitin like domain containing 1,protein-coding,-,-,-,transmembrane and ubiquitin-like domain-containing protein 1,20210420,-
130825,121170726,PPP4R3C,-,-,-,Un,-,protein phosphatase 4 regulatory subunit 3C,protein-coding,-,-,-,protein PPP4R3C,20210420,-
130825,121170727,FLNC,-,-,-,Un,-,filamin C,protein-coding,-,-,-,filamin-C,20210420,-
130825,121170728,LOC121170728,-,-,-,Un,-,uncharacterized LOC121170728,ncRNA,-,-,-,-,20210420,-
130825,121170729,RHEB,-,-,-,Un,-,"Ras homolog, mTORC1 binding",protein-coding,-,-,-,GTP-binding protein Rheb,20210522,-
130825,121170730,FOXP2,-,-,-,Un,-,forkhead box P2,protein-coding,-,-,-,forkhead box protein P2,20210420,-
130825,121170731,GRM8,-,-,-,Un,-,glutamate metabotropic receptor 8,protein-coding,-,-,-,metabotropic glutamate receptor 8,20210420,-
130825,121170732,NOS3,-,-,-,Un,-,nitric oxide synthase 3,protein-coding,-,-,-,"nitric oxide synthase, endothelial|endothelial cell nitric oxide synthase 3",20210420,-
130825,121170733,KLHDC10,-,-,-,Un,-,kelch domain containing 10,protein-coding,-,-,-,kelch domain-containing protein 10,20210420,-
130825,121170734,LOC121170734,-,-,-,Un,-,uncharacterized LOC121170734,ncRNA,-,-,-,-,20210420,-
130825,121170735,NUB1,-,-,-,Un,-,negative regulator of ubiquitin like proteins 1,protein-coding,-,-,-,NEDD8 ultimate buster 1,20210420,-
130825,121170736,ZNF800,-,-,-,Un,-,zinc finger protein 800,protein-coding,-,-,-,zinc finger protein 800,20210420,-
130825,121170737,DOCK4,-,-,-,Un,-,dedicator of cytokinesis 4,protein-coding,-,-,-,dedicator of cytokinesis protein 4,20210420,-
130825,121170738,LOC121170738,-,-,-,Un,-,uncharacterized LOC121170738,ncRNA,-,-,-,-,20210420,-
130825,121170739,NAMPT,-,-,-,Un,-,nicotinamide phosphoribosyltransferase,protein-coding,-,-,-,nicotinamide phosphoribosyltransferase,20210420,-
130825,121170740,COPG2,-,-,-,Un,-,COPI coat complex subunit gamma 2,protein-coding,-,-,-,coatomer subunit gamma-2,20210420,-
130825,121170741,MEST,-,-,-,Un,-,mesoderm specific transcript,protein-coding,-,-,-,mesoderm-specific transcript homolog protein,20210420,-
130825,121170742,TSPAN33,-,-,-,Un,-,tetraspanin 33,protein-coding,-,-,-,tetraspanin-33,20210420,-
130825,121170743,ARX,-,-,-,Un,-,aristaless related homeobox,protein-coding,-,-,-,homeobox protein ARX,20210420,-
130825,121170744,TAS2R38,-,-,-,Un,-,taste 2 receptor member 38,protein-coding,-,-,-,taste receptor type 2 member 38,20210420,-
130825,121170745,CLEC5A,-,-,-,Un,-,C-type lectin domain containing 5A,protein-coding,-,-,-,C-type lectin domain family 5 member A,20210420,-
130825,121170746,TTC26,-,-,-,Un,-,tetratricopeptide repeat domain 26,protein-coding,-,-,-,intraflagellar transport protein 56,20210420,-
130825,121170747,RBM28,-,-,-,Un,-,RNA binding motif protein 28,protein-coding,-,-,-,RNA-binding protein 28,20210420,-
130825,121170748,DGKI,-,-,-,Un,-,diacylglycerol kinase iota,protein-coding,-,-,-,diacylglycerol kinase iota,20210420,-
130825,121170749,PNPLA8,-,-,-,Un,-,patatin like phospholipase domain containing 8,protein-coding,-,-,-,calcium-independent phospholipase A2-gamma,20210420,-
130825,121170750,ATP6V0A4,-,-,-,Un,-,ATPase H+ transporting V0 subunit a4,protein-coding,-,-,-,V-type proton ATPase 116 kDa subunit a,20210420,-
130825,121170751,LOC121170751,-,-,-,Un,-,high mobility group protein B1-like,pseudo,-,-,-,-,20210420,-
130825,121170752,BMT2,-,-,-,Un,-,base methyltransferase of 25S rRNA 2 homolog,protein-coding,-,-,-,S-adenosylmethionine sensor upstream of mTORC1,20210420,-
130825,121170753,THAP5,-,-,-,Un,-,THAP domain containing 5,protein-coding,-,-,-,THAP domain-containing protein 5,20210420,-
130825,121170754,DNAJB9,-,-,-,Un,-,DnaJ heat shock protein family (Hsp40) member B9,protein-coding,-,-,-,dnaJ homolog subfamily B member 9,20210420,-
130825,121170755,FAM3C,-,-,-,Un,-,FAM3 metabolism regulating signaling molecule C,protein-coding,-,-,-,protein FAM3C,20210420,-
130825,121170756,LOC121170756,-,-,-,Un,-,uncharacterized LOC121170756,ncRNA,-,-,-,-,20210420,-
130825,121170757,SLC37A3,-,-,-,Un,-,solute carrier family 37 member 3,protein-coding,-,-,-,sugar phosphate exchanger 3,20210420,-
130825,121170758,ING3,-,-,-,Un,-,inhibitor of growth family member 3,protein-coding,-,-,-,inhibitor of growth protein 3,20210420,-
130825,121170759,PTCHD1,-,-,-,Un,-,patched domain containing 1,protein-coding,-,-,-,patched domain-containing protein 1,20210420,-
130825,121170760,TRPV5,-,-,-,Un,-,transient receptor potential cation channel subfamily V member 5,protein-coding,-,-,-,transient receptor potential cation channel subfamily V member 5,20210420,-
130825,121170761,LOC121170761,-,-,-,Un,-,uncharacterized LOC121170761,ncRNA,-,-,-,-,20210420,-
130825,121170762,LOC121170762,-,-,-,Un,-,glutathione S-transferase kappa 1-like,protein-coding,-,-,-,glutathione S-transferase kappa 1-like,20210420,-
130825,121170763,CCDC71L,-,-,-,Un,-,coiled-coil domain containing 71 like,protein-coding,-,-,-,coiled-coil domain-containing protein 71L,20210420,-
130825,121170764,LOC121170764,-,-,-,Un,-,TRPM8 channel-associated factor 1,protein-coding,-,-,-,TRPM8 channel-associated factor 1,20210420,-
130825,121170765,LOC121170765,-,-,-,Un,-,uncharacterized LOC121170765,ncRNA,-,-,-,-,20210420,-
130825,121170766,LOC121170766,-,-,-,Un,-,uncharacterized LOC121170766,ncRNA,-,-,-,-,20210420,-
130825,121170767,SMO,-,-,-,Un,-,"smoothened, frizzled class receptor",protein-coding,-,-,-,smoothened homolog,20210420,-
130825,121170768,KCNH2,-,-,-,Un,-,potassium voltage-gated channel subfamily H member 2,protein-coding,-,-,-,potassium voltage-gated channel subfamily H member 2,20210420,-
130825,121170769,PHEX,-,-,-,Un,-,phosphate regulating endopeptidase homolog X-linked,protein-coding,-,-,-,phosphate-regulating neutral endopeptidase PHEX,20210420,-
130825,121170770,IMPDH1,-,-,-,Un,-,inosine monophosphate dehydrogenase 1,protein-coding,-,-,-,inosine-5'-monophosphate dehydrogenase 1,20210420,-
130825,121170771,NUP205,-,-,-,Un,-,nucleoporin 205,protein-coding,-,-,-,nuclear pore complex protein Nup205,20210420,-
130825,121170772,LOC121170772,-,-,-,Un,-,uncharacterized LOC121170772,ncRNA,-,-,-,-,20210420,-
130825,121170773,CLCN1,-,-,-,Un,-,chloride voltage-gated channel 1,protein-coding,-,-,-,chloride channel protein 1,20210420,-
130825,121170774,KCND2,-,-,-,Un,-,potassium voltage-gated channel subfamily D member 2,protein-coding,-,-,-,potassium voltage-gated channel subfamily D member 2,20210420,-
130825,121170775,CALU,-,-,-,Un,-,calumenin,protein-coding,-,-,-,calumenin,20210424,-
130825,121170776,SMPX,-,-,-,Un,-,small muscle protein X-linked,protein-coding,-,-,-,small muscular protein,20210420,-
130825,121170777,ZYX,-,-,-,Un,-,zyxin,protein-coding,-,-,-,zyxin,20210420,-
130825,121170778,SLC13A4,-,-,-,Un,-,solute carrier family 13 member 4,protein-coding,-,-,-,solute carrier family 13 member 4,20210420,-
130825,121170779,SYPL1,-,-,-,Un,-,synaptophysin like 1,protein-coding,-,-,-,synaptophysin-like protein 1,20210420,-
130825,121170780,ASB15,-,-,-,Un,-,ankyrin repeat and SOCS box containing 15,protein-coding,-,-,-,ankyrin repeat and SOCS box protein 15,20210420,-
130825,121170781,DLD,-,-,-,Un,-,dihydrolipoamide dehydrogenase,protein-coding,-,-,-,"dihydrolipoyl dehydrogenase, mitochondrial",20210420,-
130825,121170782,KLHL34,-,-,-,Un,-,kelch like family member 34,protein-coding,-,-,-,kelch-like protein 34,20210420,-
130825,121170783,LOC121170783,-,-,-,Un,-,GTPase IMAP family member 5-like,protein-coding,-,-,-,GTPase IMAP family member 5-like,20210420,-
130825,121170784,CALD1,-,-,-,Un,-,caldesmon 1,protein-coding,-,-,-,caldesmon,20210420,-
130825,121170785,LOC121170785,-,-,-,Un,-,uncharacterized LOC121170785,ncRNA,-,-,-,-,20210420,-
130825,121170786,KEL,-,-,-,Un,-,Kell metallo-endopeptidase (Kell blood group),protein-coding,-,-,-,kell blood group glycoprotein,20210420,-
130825,121170787,CASP2,-,-,-,Un,-,caspase 2,protein-coding,-,-,-,caspase-2,20210420,-
130825,121170788,ZNF282,-,-,-,Un,-,zinc finger protein 282,protein-coding,-,-,-,zinc finger protein 282,20210420,-
130825,121170789,LOC121170789,-,-,-,Un,-,uncharacterized LOC121170789,ncRNA,-,-,-,-,20210420,-
130825,121170790,ZNF212,-,-,-,Un,-,zinc finger protein 212,protein-coding,-,-,-,zinc finger protein 212,20210420,-
130825,121170791,LOC121170791,-,-,-,Un,-,putative RNA-binding protein Luc7-like 2,protein-coding,-,-,-,putative RNA-binding protein Luc7-like 2,20210420,-
130825,121170792,CXCR3,-,-,-,Un,-,C-X-C motif chemokine receptor 3,protein-coding,-,-,-,C-X-C chemokine receptor type 3,20210420,-
130825,121170793,KLRG2,-,-,-,Un,-,killer cell lectin like receptor G2,protein-coding,-,-,-,killer cell lectin-like receptor subfamily G member 2,20210420,-
130825,121170794,FMC1,-,-,-,Un,-,formation of mitochondrial complex V assembly factor 1 homolog,protein-coding,-,-,-,protein FMC1 homolog,20210420,-
130825,121170795,TMEM168,-,-,-,Un,-,transmembrane protein 168,protein-coding,-,-,-,transmembrane protein 168,20210420,-
130825,121170796,KIAA1549,-,-,-,Un,-,KIAA1549 ortholog,protein-coding,-,-,-,UPF0606 protein KIAA1549 homolog,20210420,-
130825,121170797,TAS2R3,-,-,-,Un,-,taste 2 receptor member 3,protein-coding,-,-,-,taste receptor type 2 member 3,20210420,-
130825,121170798,LOC121170798,-,-,-,Un,-,olfactory receptor 2A1/2A42-like,protein-coding,-,-,-,LOW QUALITY PROTEIN: olfactory receptor 2A1/2A42-like,20210420,-
130825,121170799,LOC121170799,-,-,-,Un,-,uncharacterized LOC121170799,ncRNA,-,-,-,-,20210420,-
130825,121170800,SSBP1,-,-,-,Un,-,single stranded DNA binding protein 1,protein-coding,-,-,-,"single-stranded DNA-binding protein, mitochondrial",20210420,-
130825,121170801,OPN1SW,-,-,-,Un,-,"opsin 1, short wave sensitive",protein-coding,-,-,-,short-wave-sensitive opsin 1,20210420,-
130825,121170802,ACTR3B,-,-,-,Un,-,actin related protein 3B,protein-coding,-,-,-,actin-related protein 3B,20210420,-
130825,121170803,CPA5,-,-,-,Un,-,carboxypeptidase A5,protein-coding,-,-,-,carboxypeptidase A5,20210420,-
130825,121170804,LOC121170804,-,-,-,Un,-,ribosomal biogenesis factor-like,pseudo,-,-,-,-,20210420,-
130825,121170805,HILPDA,-,-,-,Un,-,hypoxia inducible lipid droplet associated,protein-coding,-,-,-,hypoxia-inducible lipid droplet-associated protein,20210420,-
130825,121170806,PTN,-,-,-,Un,-,pleiotrophin,protein-coding,-,-,-,pleiotrophin,20210420,-
130825,121170807,AGBL3,-,-,-,Un,-,AGBL carboxypeptidase 3,protein-coding,-,-,-,cytosolic carboxypeptidase 3,20210420,-
130825,121170808,LOC121170808,-,-,-,Un,-,occludin-like,pseudo,-,-,-,-,20210420,-
130825,121170809,CADPS2,-,-,-,Un,-,calcium dependent secretion activator 2,protein-coding,-,-,-,calcium-dependent secretion activator 2,20210420,-
130825,121170810,GJB1,-,-,-,Un,-,gap junction protein beta 1,protein-coding,-,-,-,gap junction beta-1 protein,20210420,-
130825,121170811,RNF133,-,-,-,Un,-,ring finger protein 133,protein-coding,-,-,-,E3 ubiquitin-protein ligase RNF133,20210420,-
130825,121170812,RNF148,-,-,-,Un,-,ring finger protein 148,protein-coding,-,-,-,RING finger protein 148,20210420,-
130825,121170813,AASS,-,-,-,Un,-,aminoadipate-semialdehyde synthase,protein-coding,-,-,-,"alpha-aminoadipic semialdehyde synthase, mitochondrial",20210420,-
130825,121170814,EZH2,-,-,-,Un,-,enhancer of zeste 2 polycomb repressive complex 2 subunit,protein-coding,-,-,-,histone-lysine N-methyltransferase EZH2,20210420,-
130825,121170815,CFTR,-,-,-,Un,-,CF transmembrane conductance regulator,protein-coding,-,-,-,cystic fibrosis transmembrane conductance regulator,20210420,-
130825,121170816,GALNTL5,-,-,-,Un,-,polypeptide N-acetylgalactosaminyltransferase like 5,protein-coding,-,-,-,inactive polypeptide N-acetylgalactosaminyltransferase-like protein 5,20210420,-
130825,121170817,CNTNAP2,-,-,-,Un,-,contactin associated protein 2,protein-coding,-,-,-,contactin-associated protein-like 2,20210420,-
130825,121170818,CHPF2,-,-,-,Un,-,chondroitin polymerizing factor 2,protein-coding,-,-,-,chondroitin sulfate glucuronyltransferase,20210420,-
130825,121170819,SMARCD3,-,-,-,Un,-,"SWI/SNF related, matrix associated, actin dependent regulator of chromatin, subfamily d, member 3",protein-coding,-,-,-,SWI/SNF-related matrix-associated actin-dependent regulator of chromatin subfamily D member 3,20210522,-
130825,121170820,NLGN3,-,-,-,Un,-,neuroligin 3,protein-coding,-,-,-,neuroligin-3,20210420,-
130825,121170821,LOC121170821,-,-,-,Un,-,uncharacterized LOC121170821,ncRNA,-,-,-,-,20210420,-
130825,121170822,LOC121170822,-,-,-,Un,-,uncharacterized LOC121170822,ncRNA,-,-,-,-,20210420,-
130825,121170823,LMOD2,-,-,-,Un,-,leiomodin 2,protein-coding,-,-,-,leiomodin-2,20210420,-
130825,121170824,CTTNBP2,-,-,-,Un,-,cortactin binding protein 2,protein-coding,-,-,-,cortactin-binding protein 2,20210420,-
130825,121170825,HIPK2,-,-,-,Un,-,homeodomain interacting protein kinase 2,protein-coding,-,-,-,homeodomain-interacting protein kinase 2,20210420,-
130825,121170826,LOC121170826,-,-,-,Un,-,uncharacterized LOC121170826,ncRNA,-,-,-,-,20210420,-
130825,121170827,LOC121170827,-,-,-,Un,-,uncharacterized LOC121170827,ncRNA,-,-,-,-,20210420,-
130825,121170828,WDR91,-,-,-,Un,-,WD repeat domain 91,protein-coding,-,-,-,WD repeat-containing protein 91,20210420,-
130825,121170829,ASZ1,-,-,-,Un,-,"ankyrin repeat, SAM and basic leucine zipper domain containing 1",protein-coding,-,-,-,"ankyrin repeat, SAM and basic leucine zipper domain-containing protein 1",20210420,-
130825,121170830,EPHB6,-,-,-,Un,-,EPH receptor B6,protein-coding,-,-,-,ephrin type-B receptor 6,20210420,-
130825,121170831,TRPV6,-,-,-,Un,-,transient receptor potential cation channel subfamily V member 6,protein-coding,-,-,-,transient receptor potential cation channel subfamily V member 6,20210420,-
130825,121170832,KDM7A,-,-,-,Un,-,lysine demethylase 7A,protein-coding,-,-,-,lysine-specific demethylase 7A,20210420,-
130825,121170833,AGAP3,-,-,-,Un,-,"ArfGAP with GTPase domain, ankyrin repeat and PH domain 3",protein-coding,-,-,-,"arf-GAP with GTPase, ANK repeat and PH domain-containing protein 3",20210420,-
130825,121170834,UBE2H,-,-,-,Un,-,ubiquitin conjugating enzyme E2 H,protein-coding,-,-,-,ubiquitin-conjugating enzyme E2 H,20210522,-
130825,121170835,SLC7A3,-,-,-,Un,-,solute carrier family 7 member 3,protein-coding,-,-,-,cationic amino acid transporter 3,20210420,-
130825,121170836,KRBA1,-,-,-,Un,-,KRAB-A domain containing 1,protein-coding,-,-,-,protein KRBA1,20210420,-
130825,121170837,LOC121170837,-,-,-,Un,-,aldo-keto reductase family 1 member D1,protein-coding,-,-,-,aldo-keto reductase family 1 member D1,20210420,-
130825,121170838,PDIA4,-,-,-,Un,-,protein disulfide isomerase family A member 4,protein-coding,-,-,-,protein disulfide-isomerase A4,20210420,-
130825,121170839,LOC121170839,-,-,-,Un,-,TRPM8 channel-associated factor 2-like,protein-coding,-,-,-,TRPM8 channel-associated factor 2-like,20210420,-
130825,121170840,GCC1,-,-,-,Un,-,GRIP and coiled-coil domain containing 1,protein-coding,-,-,-,GRIP and coiled-coil domain-containing protein 1,20210420,-
130825,121170841,GDPD2,-,-,-,Un,-,glycerophosphodiester phosphodiesterase domain containing 2,protein-coding,-,-,-,glycerophosphoinositol inositolphosphodiesterase GDPD2,20210420,-
130825,121170842,ARF5,-,-,-,Un,-,ADP ribosylation factor 5,protein-coding,-,-,-,ADP-ribosylation factor 5,20210522,-
130825,121170843,PUS7,-,-,-,Un,-,pseudouridine synthase 7,protein-coding,-,-,-,pseudouridylate synthase 7 homolog,20210420,-
130825,121170844,TAS2R4,-,-,-,Un,-,taste 2 receptor member 4,protein-coding,-,-,-,taste receptor type 2 member 4,20210420,-
130825,121170845,TMEM209,-,-,-,Un,-,transmembrane protein 209,protein-coding,-,-,-,transmembrane protein 209,20210420,-
130825,121170846,GPR85,-,-,-,Un,-,G protein-coupled receptor 85,protein-coding,-,-,-,probable G-protein coupled receptor 85,20210501,-
130825,121170847,LOC121170847,-,-,-,Un,-,uncharacterized LOC121170847,ncRNA,-,-,-,-,20210420,-
130825,121170848,TMEM178B,-,-,-,Un,-,transmembrane protein 178B,protein-coding,-,-,-,transmembrane protein 178B,20210420,-
130825,121170849,NRCAM,-,-,-,Un,-,neuronal cell adhesion molecule,protein-coding,-,-,-,neuronal cell adhesion molecule,20210420,-
130825,121170850,AWAT1,-,-,-,Un,-,acyl-CoA wax alcohol acyltransferase 1,protein-coding,-,-,-,acyl-CoA wax alcohol acyltransferase 1,20210420,-
130825,121170851,DGAT2L6,-,-,-,Un,-,diacylglycerol O-acyltransferase 2 like 6,protein-coding,-,-,-,diacylglycerol O-acyltransferase 2-like protein 6,20210420,-
130825,121170852,AWAT2,-,-,-,Un,-,acyl-CoA wax alcohol acyltransferase 2,protein-coding,-,-,-,acyl-CoA wax alcohol acyltransferase 2,20210420,-
130825,121170853,CPA1,-,-,-,Un,-,carboxypeptidase A1,protein-coding,-,-,-,carboxypeptidase A1,20210420,-
130825,121170854,FAM131B,-,-,-,Un,-,family with sequence similarity 131 member B,protein-coding,-,-,-,protein FAM131B,20210420,-
130825,121170855,RINT1,-,-,-,Un,-,RAD50 interactor 1,protein-coding,-,-,-,RAD50-interacting protein 1,20210420,-
130825,121170856,EFCAB10,-,-,-,Un,-,EF-hand calcium binding domain 10,protein-coding,-,-,-,EF-hand calcium-binding domain-containing protein 10,20210420,-
130825,121170857,TAS2R5,-,-,-,Un,-,taste 2 receptor member 5,protein-coding,-,-,-,taste receptor type 2 member 5,20210420,-
130825,121170858,LOC121170858,-,-,-,Un,-,trypsin-like,protein-coding,-,-,-,probable inactive serine protease 58|serine protease 58-like|trypsin-like,20210420,-
130825,121170859,EFNB1,-,-,-,Un,-,ephrin B1,protein-coding,-,-,-,ephrin-B1,20210420,-
130825,121170860,PRSS37,-,-,-,Un,-,serine protease 37,protein-coding,-,-,-,probable inactive serine protease 37,20210420,-
130825,121170861,LOC121170861,-,-,-,Un,-,uncharacterized LOC121170861,ncRNA,-,-,-,-,20210420,-
130825,121170862,MET,-,-,-,Un,-,"MET proto-oncogene, receptor tyrosine kinase",protein-coding,-,-,-,hepatocyte growth factor receptor,20210420,-
130825,121170863,ABCB8,-,-,-,Un,-,ATP binding cassette subfamily B member 8,protein-coding,-,-,-,mitochondrial potassium channel ATP-binding subunit,20210420,-
130825,121170864,CBLL1,-,-,-,Un,-,Cbl proto-oncogene like 1,protein-coding,-,-,-,E3 ubiquitin-protein ligase Hakai,20210420,-
130825,121170865,LOC121170865,-,-,-,Un,-,olfactory receptor 13-like,protein-coding,-,-,-,olfactory receptor 13-like,20210420,-
130825,121170866,CHRM2,-,-,-,Un,-,cholinergic receptor muscarinic 2,protein-coding,-,-,-,muscarinic acetylcholine receptor M2,20210420,-
130825,121170867,FEZF1,-,-,-,Un,-,FEZ family zinc finger 1,protein-coding,-,-,-,fez family zinc finger protein 1,20210420,-
130825,121170868,ZNF862,-,-,-,Un,-,zinc finger protein 862,protein-coding,-,-,-,zinc finger protein 862,20210420,-
130825,121170869,LOC121170869,-,-,-,Un,-,uncharacterized LOC121170869,ncRNA,-,-,-,-,20210420,-
130825,121170870,CNOT4,-,-,-,Un,-,CCR4-NOT transcription complex subunit 4,protein-coding,-,-,-,CCR4-NOT transcription complex subunit 4,20210420,-
130825,121170871,EDA2R,-,-,-,Un,-,ectodysplasin A2 receptor,protein-coding,-,-,-,tumor necrosis factor receptor superfamily member 27,20210420,-
130825,121170872,LOC121170872,-,-,-,Un,-,uncharacterized LOC121170872,ncRNA,-,-,-,-,20210420,-
130825,121170873,ZBED6CL,-,-,-,Un,-,ZBED6 C-terminal like,protein-coding,-,-,-,ZBED6 C-terminal-like protein,20210420,-
130825,121170874,GPR37,-,-,-,Un,-,G protein-coupled receptor 37,protein-coding,-,-,-,prosaposin receptor GPR37,20210420,-
130825,121170875,STMP1,-,-,-,Un,-,short transmembrane mitochondrial protein 1,protein-coding,-,-,-,short transmembrane mitochondrial protein 1,20210420,-
130825,121170876,FAM71F2,-,-,-,Un,-,family with sequence similarity 71 member F2,protein-coding,-,-,-,protein FAM71F2,20210420,-
130825,121170877,ANKRD7,-,-,-,Un,-,ankyrin repeat domain 7,protein-coding,-,-,-,ankyrin repeat domain-containing protein 7,20210420,-
130825,121170878,ASIC3,-,-,-,Un,-,acid sensing ion channel subunit 3,protein-coding,-,-,-,acid-sensing ion channel 3,20210420,-
130825,121170879,LOC121170879,-,-,-,Un,-,ras-related protein Rab-18-like,pseudo,-,-,-,-,20210420,-
130825,121170880,LOC121170880,-,-,-,Un,-,probable inactive serine protease 58,protein-coding,-,-,-,probable inactive serine protease 58,20210420,-
130825,121170881,LOC121170881,-,-,-,Un,-,cationic trypsin-like,protein-coding,-,-,-,cationic trypsin-like|trypsin-like,20210420,-
130825,121170882,LOC121170882,-,-,-,Un,-,cationic trypsin-3-like,protein-coding,-,-,-,cationic trypsin-3-like,20210420,-
130825,121170883,ZNF467,-,-,-,Un,-,zinc finger protein 467,protein-coding,-,-,-,zinc finger protein 467,20210420,-
130825,121170884,LOC121170884,-,-,-,Un,-,prolactin induced protein,protein-coding,-,-,-,prolactin-inducible protein,20210420,-
130825,121170885,WNT2,-,-,-,Un,-,Wnt family member 2,protein-coding,-,-,-,protein Wnt-2,20210420,-
130825,121170886,WDR86,-,-,-,Un,-,WD repeat domain 86,protein-coding,-,-,-,WD repeat-containing protein 86,20210420,-
130825,121170887,HEPH,-,-,-,Un,-,hephaestin,protein-coding,-,-,-,hephaestin,20210420,-
130825,121170888,ZC3HC1,-,-,-,Un,-,zinc finger C3HC-type containing 1,protein-coding,-,-,-,nuclear-interacting partner of ALK,20210420,-
130825,121170889,MRPS33,-,-,-,Un,-,mitochondrial ribosomal protein S33,protein-coding,-,-,-,"28S ribosomal protein S33, mitochondrial",20210420,-
130825,121170890,LOC121170890,-,-,-,Un,-,ATP-binding cassette sub-family F member 2-like,protein-coding,-,-,-,ATP-binding cassette sub-family F member 2-like,20210420,-
130825,121170891,KMT2C,-,-,-,Un,-,lysine methyltransferase 2C,protein-coding,-,-,-,histone-lysine N-methyltransferase 2C,20210420,-
130825,121170892,DENND2A,-,-,-,Un,-,DENN domain containing 2A,protein-coding,-,-,-,DENN domain-containing protein 2A,20210420,-
130825,121170893,LOC121170893,-,-,-,Un,-,kielin cysteine rich BMP regulator,protein-coding,-,-,-,kielin/chordin-like protein,20210420,-
130825,121170894,LOC121170894,-,-,-,Un,-,olfactory receptor 2A25-like,protein-coding,-,-,-,olfactory receptor 2A25-like,20210420,-
130825,121170895,LOC121170895,-,-,-,Un,-,hyaluronidase PH-20-like,protein-coding,-,-,-,hyaluronidase PH-20-like,20210420,-
130825,121170896,EPHA1,-,-,-,Un,-,EPH receptor A1,protein-coding,-,-,-,ephrin type-A receptor 1,20210420,-
130825,121170897,ATP6V1FNB,-,-,-,Un,-,ATP6V1F neighbor,protein-coding,-,-,-,protein ATP6V1FNB,20210420,-
130825,121170898,ATP6V1F,-,-,-,Un,-,ATPase H+ transporting V1 subunit F,protein-coding,-,-,-,V-type proton ATPase subunit F,20210420,-
130825,121170899,LOC121170899,-,-,-,Un,-,potassium voltage-gated channel subfamily C member 1-like,protein-coding,-,-,-,potassium voltage-gated channel subfamily C member 1-like,20210420,-
130825,121170900,LLCFC1,-,-,-,Un,-,LLLL and CFNLAS motif containing 1,protein-coding,-,-,-,sperm-egg fusion protein LLCFC1,20210420,-
130825,121170901,LAMB1,-,-,-,Un,-,laminin subunit beta 1,protein-coding,-,-,-,laminin subunit beta-1,20210420,-
130825,121170902,LOC121170902,-,-,-,Un,-,hyaluronidase PH-20-like,protein-coding,-,-,-,hyaluronidase PH-20-like,20210420,-
130825,121170903,SMIM30,-,-,-,Un,-,small integral membrane protein 30,protein-coding,-,-,-,small integral membrane protein 30,20210420,-
130825,121170904,LOC121170904,-,-,-,Un,-,nucleophosmin-like,pseudo,-,-,-,-,20210420,-
130825,121170905,RAB19,-,-,-,Un,-,"RAB19, member RAS oncogene family",protein-coding,-,-,-,ras-related protein Rab-19,20210420,-
130825,121170906,DENND11,-,-,-,Un,-,DENN domain containing 11,protein-coding,-,-,-,DENN domain-containing protein 11,20210420,-
130825,121170907,AGK,-,-,-,Un,-,acylglycerol kinase,protein-coding,-,-,-,"acylglycerol kinase, mitochondrial",20210420,-
130825,121170908,ZC3H12B,-,-,-,Un,-,zinc finger CCCH-type containing 12B,protein-coding,-,-,-,probable ribonuclease ZC3H12B,20210420,-
130825,121170909,CDK5,-,-,-,Un,-,cyclin dependent kinase 5,protein-coding,-,-,-,cyclin-dependent-like kinase 5,20210522,-
130825,121170910,PRKAG2,-,-,-,Un,-,protein kinase AMP-activated non-catalytic subunit gamma 2,protein-coding,-,-,-,5'-AMP-activated protein kinase subunit gamma-2,20210420,-
130825,121170911,LSM8,-,-,-,Un,-,"LSM8 homolog, U6 small nuclear RNA associated",protein-coding,-,-,-,"LSM8 homolog, U6 small nuclear RNA associated",20210501,-
130825,121170912,NDUFA5,-,-,-,Un,-,NADH:ubiquinone oxidoreductase subunit A5,protein-coding,-,-,-,NADH dehydrogenase [ubiquinone] 1 alpha subcomplex subunit 5,20210420,-
130825,121170913,LOC121170913,-,-,-,Un,-,thymosin beta-4,protein-coding,-,-,-,thymosin beta-4,20210420,-
130825,121170914,CEP41,-,-,-,Un,-,centrosomal protein 41,protein-coding,-,-,-,centrosomal protein of 41 kDa,20210420,-
130825,121170915,ASB10,-,-,-,Un,-,ankyrin repeat and SOCS box containing 10,protein-coding,-,-,-,ankyrin repeat and SOCS box protein 10,20210420,-
130825,121170916,TBXAS1,-,-,-,Un,-,thromboxane A synthase 1,protein-coding,-,-,-,thromboxane-A synthase,20210420,-
130825,121170917,POT1,-,-,-,Un,-,protection of telomeres 1,protein-coding,-,-,-,protection of telomeres protein 1,20210420,-
130825,121170918,CAV1,-,-,-,Un,-,caveolin 1,protein-coding,-,-,-,caveolin-1,20210420,-
130825,121170919,STRIP2,-,-,-,Un,-,striatin interacting protein 2,protein-coding,-,-,-,striatin-interacting protein 2,20210420,-
130825,121170920,ZC4H2,-,-,-,Un,-,zinc finger C4H2-type containing,protein-coding,-,-,-,zinc finger C4H2 domain-containing protein,20210522,-
130825,121170921,WNT16,-,-,-,Un,-,Wnt family member 16,protein-coding,-,-,-,protein Wnt-16,20210420,-
130825,121170922,BRAF,-,-,-,Un,-,"B-Raf proto-oncogene, serine/threonine kinase",protein-coding,-,-,-,serine/threonine-protein kinase B-raf,20210420,-
130825,121170923,REPIN1,-,-,-,Un,-,replication initiator 1,protein-coding,-,-,-,replication initiator 1,20210420,-
130825,121170924,SVOPL,-,-,-,Un,-,SVOP like,protein-coding,-,-,-,putative transporter SVOPL,20210420,-
130825,121170925,ZNF783,-,-,-,Un,-,zinc finger family member 783,protein-coding,-,-,-,protein ZNF783,20210420,-
130825,121170926,LOC121170926,-,-,-,Un,-,glutathione S-transferase kappa 1-like,protein-coding,-,-,-,glutathione S-transferase kappa 1-like,20210420,-
130825,121170927,ST7,-,-,-,Un,-,suppression of tumorigenicity 7,protein-coding,-,-,-,suppressor of tumorigenicity 7 protein,20210522,-
130825,121170928,NDUFB2,-,-,-,Un,-,NADH:ubiquinone oxidoreductase subunit B2,protein-coding,-,-,-,"NADH dehydrogenase [ubiquinone] 1 beta subcomplex subunit 2, mitochondrial",20210420,-
130825,121170929,CCDC136,-,-,-,Un,-,coiled-coil domain containing 136,protein-coding,-,-,-,coiled-coil domain-containing protein 136,20210420,-
130825,121170930,ATP6V0E2,-,-,-,Un,-,ATPase H+ transporting V0 subunit e2,protein-coding,-,-,-,V-type proton ATPase subunit e 2,20210420,-
130825,121170931,TMEM139,-,-,-,Un,-,transmembrane protein 139,protein-coding,-,-,-,transmembrane protein 139,20210420,-
130825,121170932,CAV2,-,-,-,Un,-,caveolin 2,protein-coding,-,-,-,caveolin-2,20210420,-
130825,121170933,AHCYL2,-,-,-,Un,-,adenosylhomocysteinase like 2,protein-coding,-,-,-,adenosylhomocysteinase 3,20210420,-
130825,121170934,LOC121170934,-,-,-,Un,-,uncharacterized LOC121170934,ncRNA,-,-,-,-,20210420,-
130825,121170935,ASB12,-,-,-,Un,-,ankyrin repeat and SOCS box containing 12,protein-coding,-,-,-,ankyrin repeat and SOCS box protein 12,20210420,-
130825,121170936,SSMEM1,-,-,-,Un,-,serine rich single-pass membrane protein 1,protein-coding,-,-,-,serine-rich single-pass membrane protein 1,20210420,-
130825,121170937,LRRC61,-,-,-,Un,-,leucine rich repeat containing 61,protein-coding,-,-,-,leucine-rich repeat-containing protein 61,20210420,-
130825,121170938,RARRES2,-,-,-,Un,-,retinoic acid receptor responder 2,protein-coding,-,-,-,retinoic acid receptor responder protein 2,20210420,-
130825,121170939,LOC121170939,-,-,-,Un,-,zinc finger protein with KRAB and SCAN domains 1-like,protein-coding,-,-,-,zinc finger protein with KRAB and SCAN domains 1-like,20210420,-
130825,121170940,AOC1,-,-,-,Un,-,amine oxidase copper containing 1,protein-coding,-,-,-,amiloride-sensitive amine oxidase [copper-containing],20210420,-
130825,121170941,LOC121170941,-,-,-,Un,-,olfactory receptor 6B1,protein-coding,-,-,-,olfactory receptor 6B1,20210420,-
130825,121170942,ADCK2,-,-,-,Un,-,aarF domain containing kinase 2,protein-coding,-,-,-,uncharacterized aarF domain-containing protein kinase 2,20210420,-
130825,121170943,PPP1R3A,-,-,-,Un,-,protein phosphatase 1 regulatory subunit 3A,protein-coding,-,-,-,protein phosphatase 1 regulatory subunit 3A,20210420,-
130825,121170944,ZC3HAV1,-,-,-,Un,-,"zinc finger CCCH-type containing, antiviral 1",protein-coding,-,-,-,zinc finger CCCH-type antiviral protein 1,20210420,-
130825,121170945,ARHGEF9,-,-,-,Un,-,Cdc42 guanine nucleotide exchange factor 9,protein-coding,-,-,-,rho guanine nucleotide exchange factor 9,20210529,-
130825,121170946,CPA2,-,-,-,Un,-,carboxypeptidase A2,protein-coding,-,-,-,carboxypeptidase A2,20210420,-
130825,121170947,LOC121170947,-,-,-,Un,-,T-cell receptor beta chain C region-like,other,-,-,-,-,20210420,-
130825,121170948,LOC121170948,-,-,-,Un,-,cationic trypsin-like,protein-coding,-,-,-,cationic trypsin-like,20210420,-
130825,121170949,LOC121170949,-,-,-,Un,-,anionic trypsin,protein-coding,-,-,-,anionic trypsin,20210420,-
130825,121170950,LOC121170950,-,-,-,Un,-,T-cell receptor beta chain C region-like,other,-,-,-,-,20210420,-
130825,121170951,LOC121170951,-,-,-,Un,-,T cell receptor beta variable 5-1-like,other,-,-,-,-,20210420,-
130825,121170952,LOC121170952,-,-,-,Un,-,T cell receptor beta variable 6-2-like,other,-,-,-,-,20210420,-
130825,121170953,LOC121170953,-,-,-,Un,-,T cell receptor beta variable 5-1-like,other,-,-,-,-,20210420,-
130825,121170954,LOC121170954,-,-,-,Un,-,T cell receptor beta variable 12-3-like,other,-,-,-,-,20210420,-
130825,121170955,LOC121170955,-,-,-,Un,-,T cell receptor beta variable 6-6-like,other,-,-,-,-,20210420,-
130825,121170956,LOC121170956,-,-,-,Un,-,probable non-functional T cell receptor beta variable 7-3,other,-,-,-,-,20210420,-
130825,121170957,LOC121170957,-,-,-,Un,-,T cell receptor beta variable 7-9-like,other,-,-,-,-,20210420,-
130825,121170958,LOC121170958,-,-,-,Un,-,uncharacterized LOC121170958,ncRNA,-,-,-,-,20210420,-
130825,121170959,TNPO3,-,-,-,Un,-,transportin 3,protein-coding,-,-,-,transportin-3,20210420,-
130825,121170960,IRF5,-,-,-,Un,-,interferon regulatory factor 5,protein-coding,-,-,-,interferon regulatory factor 5,20210420,-
130825,121170961,LRRN3,-,-,-,Un,-,leucine rich repeat neuronal 3,protein-coding,-,-,-,leucine-rich repeat neuronal protein 3,20210420,-
130825,121170962,IMMP2L,-,-,-,Un,-,inner mitochondrial membrane peptidase subunit 2,protein-coding,-,-,-,mitochondrial inner membrane protease subunit 2,20210420,-
130825,121170963,LOC121170963,-,-,-,Un,-,uncharacterized LOC121170963,ncRNA,-,-,-,-,20210420,-
130825,121170964,LOC121170964,-,-,-,Un,-,olfactory receptor-like protein OLF3,protein-coding,-,-,-,olfactory receptor-like protein OLF3,20210420,-
130825,121170965,TSPAN12,-,-,-,Un,-,tetraspanin 12,protein-coding,-,-,-,tetraspanin-12,20210420,-
130825,121170966,LOC121170966,-,-,-,Un,-,aldo-keto reductase family 1 member D1-like,protein-coding,-,-,-,aldo-keto reductase family 1 member D1-like,20210420,-
130825,121170967,LSMEM1,-,-,-,Un,-,leucine rich single-pass membrane protein 1,protein-coding,-,-,-,leucine-rich single-pass membrane protein 1,20210420,-
130825,121170968,PRSS58,-,-,-,Un,-,serine protease 58,protein-coding,-,-,-,serine protease 58,20210420,-
130825,121170969,ZNF398,-,-,-,Un,-,zinc finger protein 398,protein-coding,-,-,-,zinc finger protein 398,20210420,-
130825,121170970,XRCC2,-,-,-,Un,-,X-ray repair cross complementing 2,protein-coding,-,-,-,DNA repair protein XRCC2,20210420,-
130825,121170971,LOC121170971,-,-,-,Un,-,putative DBH-like monooxygenase protein 2,protein-coding,-,-,-,putative DBH-like monooxygenase protein 2,20210420,-
130825,121170972,CPED1,-,-,-,Un,-,cadherin like and PC-esterase domain containing 1,protein-coding,-,-,-,cadherin-like and PC-esterase domain-containing protein 1,20210420,-
130825,121170973,ZNF786,-,-,-,Un,-,zinc finger protein 786,protein-coding,-,-,-,zinc finger protein 786,20210420,-
130825,121170974,LOC121170974,-,-,-,Un,-,cytochrome c-like,pseudo,-,-,-,-,20210420,-
130825,121170975,LOC121170975,-,-,-,Un,-,uncharacterized LOC121170975,ncRNA,-,-,-,-,20210420,-
130825,121170976,TAS2R16,-,-,-,Un,-,taste 2 receptor member 16,protein-coding,-,-,-,taste receptor type 2 member 16,20210420,-
130825,121170977,LOC121170977,-,-,-,Un,-,60S ribosomal protein L22-like 1,pseudo,-,-,-,-,20210420,-
130825,121170978,PAX4,-,-,-,Un,-,paired box 4,protein-coding,-,-,-,paired box protein Pax-4,20210420,-
130825,121170979,LOC121170979,-,-,-,Un,-,pendrin-like,protein-coding,-,-,-,pendrin-like|uncharacterized protein LOC121170979,20210420,-
130825,121170980,COG5,-,-,-,Un,-,component of oligomeric golgi complex 5,protein-coding,-,-,-,conserved oligomeric Golgi complex subunit 5,20210420,-
130825,121170981,DDX41,-,-,-,Un,-,DEAD-box helicase 41,protein-coding,-,-,-,probable ATP-dependent RNA helicase DDX41,20210420,-
130825,121170982,HBP1,-,-,-,Un,-,HMG-box transcription factor 1,protein-coding,-,-,-,HMG box-containing protein 1,20210420,-
130825,121170983,GPR22,-,-,-,Un,-,G protein-coupled receptor 22,protein-coding,-,-,-,G-protein coupled receptor 22,20210420,-
130825,121170984,LOC121170984,-,-,-,Un,-,60S ribosomal protein L9-like,pseudo,-,-,-,-,20210420,-
130825,121170985,FSCN3,-,-,-,Un,-,fascin actin-bundling protein 3,protein-coding,-,-,-,fascin-3,20210420,-
130825,121170986,LOC121170986,-,LEP|OB,-,Un,-,leptin,protein-coding,-,-,-,leptin,20210420,-
130825,121170987,HYAL4,-,-,-,Un,-,hyaluronidase 4,protein-coding,-,-,-,hyaluronidase-4,20210420,-
130825,121170988,LOC121170988,-,-,-,Un,-,uncharacterized LOC121170988,ncRNA,-,-,-,-,20210420,-
130825,121170989,CAPZA2,-,-,-,Un,-,capping actin protein of muscle Z-line subunit alpha 2,protein-coding,-,-,-,F-actin-capping protein subunit alpha-2,20210420,-
130825,121170990,TFEC,-,-,-,Un,-,transcription factor EC,protein-coding,-,-,-,transcription factor EC,20210420,-
130825,121170991,LOC121170991,-,-,-,Un,-,uncharacterized LOC121170991,ncRNA,-,-,-,-,20210420,-
130825,121170992,MKRN1,-,-,-,Un,-,makorin ring finger protein 1,protein-coding,-,-,-,E3 ubiquitin-protein ligase makorin-1,20210420,-
130825,121170993,LOC121170993,-,-,-,Un,-,uncharacterized LOC121170993,protein-coding,-,-,-,uncharacterized protein LOC121170993,20210420,-
130825,121170994,CRYGN,-,-,-,Un,-,crystallin gamma N,protein-coding,-,-,-,gamma-crystallin N,20210420,-
130825,121170995,GBX1,-,-,-,Un,-,gastrulation brain homeobox 1,protein-coding,-,-,-,homeobox protein GBX-1,20210420,-
130825,121170996,TMEM229A,-,-,-,Un,-,transmembrane protein 229A,protein-coding,-,-,-,transmembrane protein 229A,20210420,-
130825,121170997,SND1,-,-,-,Un,-,staphylococcal nuclease and tudor domain containing 1,protein-coding,-,-,-,staphylococcal nuclease domain-containing protein 1,20210420,-
130825,121170998,LRRC4,-,-,-,Un,-,leucine rich repeat containing 4,protein-coding,-,-,-,leucine-rich repeat-containing protein 4,20210420,-
130825,121170999,UBN2,-,-,-,Un,-,ubinuclein 2,protein-coding,-,-,-,ubinuclein-2,20210420,-
130825,121171000,CREB3L2,-,-,-,Un,-,cAMP responsive element binding protein 3 like 2,protein-coding,-,-,-,cyclic AMP-responsive element-binding protein 3-like protein 2,20210420,-
130825,121171001,TPK1,-,-,-,Un,-,thiamin pyrophosphokinase 1,protein-coding,-,-,-,thiamin pyrophosphokinase 1,20210420,-
130825,121171002,LOC121171002,-,-,-,Un,-,uncharacterized LOC121171002,ncRNA,-,-,-,-,20210420,-
130825,121171003,ATXN7L1,-,-,-,Un,-,ataxin 7 like 1,protein-coding,-,-,-,ataxin-7-like protein 1,20210420,-
130825,121171004,SPIN4,-,-,-,Un,-,spindlin family member 4,protein-coding,-,-,-,spindlin-4,20210420,-
130825,121171005,LOC121171005,-,-,-,Un,-,uncharacterized LOC121171005,ncRNA,-,-,-,-,20210420,-
130825,121171006,PIK3CG,-,-,-,Un,-,"phosphatidylinositol-4,5-bisphosphate 3-kinase catalytic subunit gamma",protein-coding,-,-,-,"phosphatidylinositol 4,5-bisphosphate 3-kinase catalytic subunit gamma isoform",20210420,-
130825,121171007,GALNT11,-,-,-,Un,-,polypeptide N-acetylgalactosaminyltransferase 11,protein-coding,-,-,-,polypeptide N-acetylgalactosaminyltransferase 11,20210420,-
130825,121171008,LOC121171008,-,-,-,Un,-,septin-1-like,pseudo,-,-,-,-,20210420,-
130825,121171009,MTPN,-,-,-,Un,-,myotrophin,protein-coding,-,-,-,myotrophin,20210501,-
130825,121171010,NRF1,-,-,-,Un,-,nuclear respiratory factor 1,protein-coding,-,-,-,nuclear respiratory factor 1,20210420,-
130825,121171011,PRRT4,-,-,-,Un,-,proline rich transmembrane protein 4,protein-coding,-,-,-,proline-rich transmembrane protein 4,20210420,-
130825,121171012,TRIM24,-,-,-,Un,-,tripartite motif containing 24,protein-coding,-,-,-,transcription intermediary factor 1-alpha,20210420,-
130825,121171013,ZNF277,-,-,-,Un,-,zinc finger protein 277,protein-coding,-,-,-,zinc finger protein 277,20210420,-
130825,121171014,GIMAP6,-,-,-,Un,-,"GTPase, IMAP family member 6",protein-coding,-,-,-,GTPase IMAP family member 6,20210420,-
130825,121171015,GIMAP2,-,-,-,Un,-,"GTPase, IMAP family member 2",protein-coding,-,-,-,GTPase IMAP family member 2,20210420,-
130825,121171016,LOC121171016,-,-,-,Un,-,ubiquitin carboxyl-terminal hydrolase 21-like,pseudo,-,-,-,-,20210420,-
130825,121171017,GIMAP4,-,-,-,Un,-,"GTPase, IMAP family member 4",protein-coding,-,-,-,GTPase IMAP family member 4,20210420,-
130825,121171018,LOC121171018,-,-,-,Un,-,GTPase IMAP family member 5-like,protein-coding,-,-,-,GTPase IMAP family member 5-like,20210420,-
130825,121171019,LOC121171019,-,-,-,Un,-,uncharacterized LOC121171019,ncRNA,-,-,-,-,20210420,-
130825,121171020,IFRD1,-,-,-,Un,-,interferon related developmental regulator 1,protein-coding,-,-,-,interferon-related developmental regulator 1,20210420,-
130825,121171021,WASL,-,-,-,Un,-,WASP like actin nucleation promoting factor,protein-coding,-,-,-,neural Wiskott-Aldrich syndrome protein,20210420,-
130825,121171022,LOC121171022,-,-,-,Un,-,cyclin-dependent kinase 1-like,pseudo,-,-,-,-,20210420,-
130825,121171023,LOC121171023,-,-,-,Un,-,olfactory receptor 10AC1,protein-coding,-,-,-,olfactory receptor 10AC1,20210420,-
130825,121171024,IQCA1L,-,-,-,Un,-,IQ motif containing with AAA domain 1 like,protein-coding,-,-,-,IQ and AAA domain-containing protein 1-like,20210420,-
130825,121171025,LOC121171025,-,-,-,Un,-,uncharacterized LOC121171025,ncRNA,-,-,-,-,20210420,-
130825,121171026,CUL1,-,-,-,Un,-,cullin 1,protein-coding,-,-,-,cullin-1,20210420,-
130825,121171027,LOC121171027,-,-,-,Un,-,5S ribosomal RNA,pseudo,-,-,-,-,20210420,-
130825,121171028,LOC121171028,-,-,-,Un,-,U2 spliceosomal RNA,snRNA,-,-,-,-,20210420,-
130825,121171029,LOC121171029,-,-,-,Un,-,U2 spliceosomal RNA,snRNA,-,-,-,-,20210420,-
130825,121171030,LOC121171030,-,-,-,Un,-,U2 spliceosomal RNA,pseudo,-,-,-,-,20210420,-
130825,121171031,LOC121171031,-,-,-,Un,-,U2 spliceosomal RNA,pseudo,-,-,-,-,20210420,-
130825,121171032,LOC121171032,-,-,-,Un,-,U2 spliceosomal RNA,pseudo,-,-,-,-,20210420,-
130825,121171033,LOC121171033,-,-,-,Un,-,U4 spliceosomal RNA,pseudo,-,-,-,-,20210420,-
130825,121171034,LOC121171034,-,-,-,Un,-,spermine synthase-like,pseudo,-,-,-,-,20210420,-
130825,121171035,LOC121171035,-,-,-,Un,-,U4 spliceosomal RNA,pseudo,-,-,-,-,20210420,-
130825,121171036,LOC121171036,-,-,-,Un,-,U6 spliceosomal RNA,snRNA,-,-,-,-,20210420,-
130825,121171037,LOC121171037,-,-,-,Un,-,U6 spliceosomal RNA,snRNA,-,-,-,-,20210420,-
130825,121171038,LOC121171038,-,-,-,Un,-,U6 spliceosomal RNA,snRNA,-,-,-,-,20210420,-
130825,121171039,LOC121171039,-,-,-,Un,-,U6 spliceosomal RNA,snRNA,-,-,-,-,20210420,-
130825,121171040,LOC121171040,-,-,-,Un,-,U6 spliceosomal RNA,pseudo,-,-,-,-,20210420,-
130825,121171041,LOC121171041,-,-,-,Un,-,U6 spliceosomal RNA,snRNA,-,-,-,-,20210420,-
130825,121171042,LOC121171042,-,-,-,Un,-,U6 spliceosomal RNA,snRNA,-,-,-,-,20210420,-
130825,121171043,LOC121171043,-,-,-,Un,-,U6 spliceosomal RNA,snRNA,-,-,-,-,20210420,-
130825,121171044,LOC121171044,-,-,-,Un,-,U6 spliceosomal RNA,snRNA,-,-,-,-,20210420,-
130825,121171045,LOC121171045,-,-,-,Un,-,U6 spliceosomal RNA,pseudo,-,-,-,-,20210420,-
130825,121171046,LOC121171046,-,-,-,Un,-,U6 spliceosomal RNA,pseudo,-,-,-,-,20210420,-
130825,121171047,LOC121171047,-,-,-,Un,-,U6 spliceosomal RNA,snRNA,-,-,-,-,20210420,-
130825,121171048,LOC121171048,-,-,-,Un,-,small nucleolar RNA SNORA63,snoRNA,-,-,-,-,20210420,-
130825,121171049,LOC121171049,-,-,-,Un,-,U6atac minor spliceosomal RNA,pseudo,-,-,-,-,20210420,-
130825,121171050,LOC121171050,-,-,-,Un,-,syntaxin-5-like,pseudo,-,-,-,-,20210420,-
130825,121171051,LOC121171051,-,-,-,Un,-,small nucleolar RNA U13,snoRNA,-,-,-,-,20210420,-
130825,121171052,LOC121171052,-,-,-,Un,-,small nucleolar RNA ACA64,snoRNA,-,-,-,-,20210420,-
130825,121171053,LOC121171053,-,-,-,Un,-,small nucleolar RNA ACA64,snoRNA,-,-,-,-,20210420,-
130825,121171054,TRNAC-GCA,-,-,-,Un,-,transfer RNA cysteine (anticodon GCA),tRNA,-,-,-,-,20210420,-
130825,121171055,TRNAC-GCA,-,-,-,Un,-,transfer RNA cysteine (anticodon GCA),tRNA,-,-,-,-,20210420,-
130825,121171056,TRNAC-GCA,-,-,-,Un,-,transfer RNA cysteine (anticodon GCA),tRNA,-,-,-,-,20210420,-
130825,121171057,TRNAC-GCA,-,-,-,Un,-,transfer RNA cysteine (anticodon GCA),tRNA,-,-,-,-,20210420,-
130825,121171058,TRNAC-GCA,-,-,-,Un,-,transfer RNA cysteine (anticodon GCA),tRNA,-,-,-,-,20210420,-
130825,121171059,TRNAC-GCA,-,-,-,Un,-,transfer RNA cysteine (anticodon GCA),tRNA,-,-,-,-,20210420,-
130825,121171060,TRNAC-GCA,-,-,-,Un,-,transfer RNA cysteine (anticodon GCA),tRNA,-,-,-,-,20210420,-
130825,121171061,TRNAC-GCA,-,-,-,Un,-,transfer RNA cysteine (anticodon GCA),tRNA,-,-,-,-,20210420,-
130825,121171062,TRNAC-GCA,-,-,-,Un,-,transfer RNA cysteine (anticodon GCA),tRNA,-,-,-,-,20210420,-
130825,121171063,TRNAC-GCA,-,-,-,Un,-,transfer RNA cysteine (anticodon GCA),tRNA,-,-,-,-,20210420,-
130825,121171064,TRNAP-AGG,-,-,-,Un,-,transfer RNA proline (anticodon AGG),tRNA,-,-,-,-,20210420,-
130825,121171065,TRNAR-CCU,-,-,-,Un,-,transfer RNA arginine (anticodon CCU),tRNA,-,-,-,-,20210420,-
130825,121171066,LOC121171066,-,-,-,Un,-,60S acidic ribosomal protein P1-like,pseudo,-,-,-,-,20210420,-
130825,121171067,TRNAC-GCA,-,-,-,Un,-,transfer RNA cysteine (anticodon GCA),tRNA,-,-,-,-,20210420,-
130825,121171068,TRNAC-GCA,-,-,-,Un,-,transfer RNA cysteine (anticodon GCA),tRNA,-,-,-,-,20210420,-
130825,121171069,LOC121171069,-,-,-,Un,-,serine/arginine-rich splicing factor 10-like,pseudo,-,-,-,-,20210420,-
130825,121171070,LOC121171070,-,-,-,Un,-,ubiquitin-60S ribosomal protein L40-like,pseudo,-,-,-,-,20210420,-
130825,121171071,DOK3,-,-,-,Un,-,docking protein 3,protein-coding,-,-,-,docking protein 3,20210420,-
130825,121171072,LOC121171072,-,-,-,Un,-,GA-binding protein alpha chain-like,pseudo,-,-,-,-,20210420,-
130825,121171073,LOC121171073,-,-,-,Un,-,G protein pathway suppressor 2-like,pseudo,-,-,-,-,20210420,-
130825,121171074,LOC121171074,-,-,-,Un,-,butyrophilin subfamily 2 member A2-like,protein-coding,-,-,-,butyrophilin subfamily 2 member A2-like,20210420,-
130825,121171075,ARGFX,-,-,-,Un,-,arginine-fifty homeobox,protein-coding,-,-,-,LOW QUALITY PROTEIN: arginine-fifty homeobox,20210420,-
130825,121171076,FBXO40,-,-,-,Un,-,F-box protein 40,protein-coding,-,-,-,F-box only protein 40,20210420,-
130825,121171077,ILDR1,-,-,-,Un,-,immunoglobulin like domain containing receptor 1,protein-coding,-,-,-,immunoglobulin-like domain-containing receptor 1,20210420,-
130825,121171078,LOC121171078,-,-,-,Un,-,ubiquitin-60S ribosomal protein L40-like,pseudo,-,-,-,-,20210420,-
130825,121171079,MAGEB17,-,-,-,Un,-,MAGE family member B17,protein-coding,-,-,-,melanoma-associated antigen B17,20210420,-
130825,121171080,MUC13,-,-,-,Un,-,"mucin 13, cell surface associated",protein-coding,-,-,-,mucin-13,20210420,-
130825,121171081,LOC121171081,-,-,-,Un,-,protein HEG homolog 1-like,protein-coding,-,-,-,protein HEG homolog 1-like,20210420,-
130825,121171082,LOC121171082,-,-,-,Un,-,proteoglycan 4-like,protein-coding,-,-,-,proteoglycan 4-like,20210420,-
130825,121171083,LOC121171083,-,-,-,Un,-,mucin-4-like,protein-coding,-,-,-,mucin-4-like,20210420,-
130825,121171084,LOC121171084,-,-,-,Un,-,proteasome subunit alpha type-1-like,pseudo,-,-,-,-,20210420,-
130825,121171085,ZDHHC19,-,-,-,Un,-,zinc finger DHHC-type palmitoyltransferase 19,protein-coding,-,-,-,palmitoyltransferase ZDHHC19,20210420,-
130825,121171086,LOC121171086,-,-,-,Un,-,small ubiquitin-related modifier 2-like,pseudo,-,-,-,-,20210420,-
130825,121171087,PIGX,-,-,-,Un,-,phosphatidylinositol glycan anchor biosynthesis class X,protein-coding,-,-,-,phosphatidylinositol-glycan biosynthesis class X protein,20210420,-
130825,121171088,PIGZ,-,-,-,Un,-,phosphatidylinositol glycan anchor biosynthesis class Z,protein-coding,-,-,-,GPI mannosyltransferase 4,20210420,-
130825,121171089,LOC121171089,-,-,-,Un,-,xaa-Pro dipeptidase-like,pseudo,-,-,-,-,20210420,-
130825,121171090,SCML1,-,-,-,Un,-,Scm polycomb group protein like 1,protein-coding,-,-,-,sex comb on midleg-like protein 1,20210420,-
130825,121171091,LOC121171091,-,-,-,Un,-,BTB/POZ domain-containing protein 10-like,pseudo,-,-,-,-,20210420,-
130825,121171092,LOC121171092,-,-,-,Un,-,60S ribosomal protein L27a-like,pseudo,-,-,-,-,20210420,-
130825,121171093,CPN2,-,-,-,Un,-,carboxypeptidase N subunit 2,protein-coding,-,-,-,carboxypeptidase N subunit 2,20210420,-
130825,121171094,LOC121171094,-,-,-,Un,-,programmed cell death protein 10-like,pseudo,-,-,-,-,20210420,-
130825,121171095,LOC121171095,-,-,-,Un,-,archaemetzincin-2-like,pseudo,-,-,-,-,20210420,-
130825,121171096,GMNC,-,-,-,Un,-,geminin coiled-coil domain containing,protein-coding,-,-,-,geminin coiled-coil domain-containing protein 1,20210420,-
130825,121171097,TMEM207,-,-,-,Un,-,transmembrane protein 207,protein-coding,-,-,-,transmembrane protein 207,20210420,-
130825,121171098,LOC121171098,-,-,-,Un,-,V-set and immunoglobulin domain-containing protein 1-like,pseudo,-,-,-,-,20210420,-
130825,121171099,MCF2L2,-,-,-,Un,-,MCF.2 cell line derived transforming sequence-like 2,protein-coding,-,-,-,probable guanine nucleotide exchange factor MCF2L2,20210420,-
130825,121171100,LOC121171100,-,-,-,Un,-,cytochrome P450 2J5-like,protein-coding,-,-,-,cytochrome P450 2J5-like,20210420,-
130825,121171101,SCML2,-,-,-,Un,-,Scm polycomb group protein like 2,protein-coding,-,-,-,sex comb on midleg-like protein 2,20210420,-
130825,121171102,LOC121171102,-,-,-,Un,-,5-hydroxytryptamine receptor 3C-like,protein-coding,-,-,-,5-hydroxytryptamine receptor 3C-like,20210420,-
130825,121171103,LOC121171103,-,-,-,Un,-,5-hydroxytryptamine receptor 3C-like,protein-coding,-,-,-,5-hydroxytryptamine receptor 3C-like,20210420,-
130825,121171104,ATP11B,-,-,-,Un,-,ATPase phospholipid transporting 11B (putative),protein-coding,-,-,-,phospholipid-transporting ATPase IF,20210420,-
130825,121171105,VWA5B2,-,-,-,Un,-,von Willebrand factor A domain containing 5B2,protein-coding,-,-,-,von Willebrand factor A domain-containing protein 5B2,20210420,-
130825,121171106,THPO,-,-,-,Un,-,thrombopoietin,protein-coding,-,-,-,thrombopoietin,20210420,-
130825,121171107,LOC121171107,-,-,-,Un,-,cyclin-dependent kinase 1-like,pseudo,-,-,-,-,20210420,-
130825,121171108,LOC121171108,-,-,-,Un,-,nmrA-like family domain-containing protein 1,pseudo,-,-,-,-,20210420,-
130825,121171109,LOC121171109,-,-,-,Un,-,nmrA-like family domain-containing protein 1,protein-coding,-,-,-,nmrA-like family domain-containing protein 1,20210420,-
130825,121171110,LOC121171110,-,-,-,Un,-,nmrA-like family domain-containing protein 1,protein-coding,-,-,-,nmrA-like family domain-containing protein 1,20210420,-
130825,121171111,PPEF1,-,-,-,Un,-,protein phosphatase with EF-hand domain 1,protein-coding,-,-,-,serine/threonine-protein phosphatase with EF-hands 1,20210420,-
130825,121171112,LOC121171112,-,-,-,Un,-,nmrA-like family domain-containing protein 1,protein-coding,-,-,-,nmrA-like family domain-containing protein 1,20210420,-
130825,121171113,LOC121171113,-,-,-,Un,-,nmrA-like family domain-containing protein 1,protein-coding,-,-,-,nmrA-like family domain-containing protein 1,20210420,-
130825,121171114,LOC121171114,-,-,-,Un,-,mortality factor 4-like protein 1,pseudo,-,-,-,-,20210420,-
130825,121171115,LOC121171115,-,-,-,Un,-,"adenylate kinase 4, mitochondrial-like",pseudo,-,-,-,-,20210420,-
130825,121171116,LOC121171116,-,-,-,Un,-,pre-mRNA-splicing factor ISY1 homolog,pseudo,-,-,-,-,20210420,-
130825,121171117,LOC121171117,-,-,-,Un,-,60S ribosomal protein L13a-like,pseudo,-,-,-,-,20210420,-
130825,121171118,NAALADL2,-,-,-,Un,-,N-acetylated alpha-linked acidic dipeptidase like 2,protein-coding,-,-,-,inactive N-acetylated-alpha-linked acidic dipeptidase-like protein 2,20210420,-
130825,121171119,LOC121171119,-,-,-,Un,-,Y-box-binding protein 1-like,pseudo,-,-,-,-,20210420,-
130825,121171120,SPATA16,-,-,-,Un,-,spermatogenesis associated 16,protein-coding,-,-,-,spermatogenesis-associated protein 16,20210420,-
130825,121171121,TMEM212,-,-,-,Un,-,transmembrane protein 212,protein-coding,-,-,-,transmembrane protein 212,20210420,-
130825,121171122,ADGRG2,-,-,-,Un,-,adhesion G protein-coupled receptor G2,protein-coding,-,-,-,adhesion G-protein coupled receptor G2,20210420,-
130825,121171123,LOC121171123,-,-,-,Un,-,40S ribosomal protein S20-like,pseudo,-,-,-,-,20210420,-
130825,121171124,LOC121171124,-,-,-,Un,-,ecotropic viral integration site 5 protein homolog,pseudo,-,-,-,-,20210420,-
130825,121171125,GOLGB1,-,-,-,Un,-,golgin B1,protein-coding,-,-,-,golgin subfamily B member 1,20210420,-
130825,121171126,YEATS2,-,-,-,Un,-,YEATS domain containing 2,protein-coding,-,-,-,YEATS domain-containing protein 2,20210420,-
130825,121171127,GNB4,-,-,-,Un,-,G protein subunit beta 4,protein-coding,-,-,-,guanine nucleotide-binding protein subunit beta-4,20210420,-
130825,121171128,LOC121171128,-,-,-,Un,-,40S ribosomal protein S12-like,pseudo,-,-,-,-,20210420,-
130825,121171129,STXBP5L,-,-,-,Un,-,syntaxin binding protein 5L,protein-coding,-,-,-,syntaxin-binding protein 5-like,20210420,-
130825,121171130,MAP3K15,-,-,-,Un,-,mitogen-activated protein kinase kinase kinase 15,protein-coding,-,-,-,mitogen-activated protein kinase kinase kinase 15,20210420,-
130825,121171131,MFN1,-,-,-,Un,-,mitofusin 1,protein-coding,-,-,-,mitofusin-1,20210420,-
130825,121171132,MCCC1,-,-,-,Un,-,methylcrotonyl-CoA carboxylase subunit 1,protein-coding,-,-,-,"methylcrotonoyl-CoA carboxylase subunit alpha, mitochondrial",20210420,-
130825,121171133,PEX5L,-,-,-,Un,-,peroxisomal biogenesis factor 5 like,protein-coding,-,-,-,PEX5-related protein,20210420,-
130825,121171134,LOC121171134,-,-,-,Un,-,germ cell-less protein-like 2,protein-coding,-,-,-,germ cell-less protein-like 2,20210420,-
130825,121171135,TNK2,-,-,-,Un,-,tyrosine kinase non receptor 2,protein-coding,-,-,-,activated CDC42 kinase 1,20210420,-
130825,121171136,LOC121171136,-,-,-,Un,-,germ cell-less protein-like 2,protein-coding,-,-,-,germ cell-less protein-like 2,20210420,-
130825,121171137,MYLK,-,-,-,Un,-,myosin light chain kinase,protein-coding,-,-,-,"myosin light chain kinase, smooth muscle",20210420,-
130825,121171138,LOC121171138,-,-,-,Un,-,transmembrane epididymal protein 1A-like,protein-coding,-,-,-,transmembrane epididymal protein 1A-like,20210420,-
130825,121171139,PSMD2,-,-,-,Un,-,"proteasome 26S subunit ubiquitin receptor, non-ATPase 2",protein-coding,-,-,-,26S proteasome non-ATPase regulatory subunit 2,20210420,-
130825,121171140,LOC121171140,-,-,-,Un,-,"methionine--tRNA ligase, cytoplasmic-like",pseudo,-,-,-,-,20210420,-
130825,121171141,LOC121171141,-,-,-,Un,-,oxysterol-binding protein-related protein 11,protein-coding,-,-,-,oxysterol-binding protein-related protein 11,20210420,-
130825,121171142,LOC121171142,-,-,-,Un,-,uncharacterized LOC121171142,ncRNA,-,-,-,-,20210420,-
130825,121171143,PCYT1A,-,-,-,Un,-,"phosphate cytidylyltransferase 1A, choline",protein-coding,-,-,-,choline-phosphate cytidylyltransferase A,20210420,-
130825,121171144,SLC51A,-,-,-,Un,-,solute carrier family 51 subunit alpha,protein-coding,-,-,-,organic solute transporter subunit alpha,20210420,-
130825,121171145,AP2M1,-,-,-,Un,-,adaptor related protein complex 2 subunit mu 1,protein-coding,-,-,-,AP-2 complex subunit mu,20210501,-
130825,121171146,SENP2,-,-,-,Un,-,SUMO specific peptidase 2,protein-coding,-,-,-,sentrin-specific protease 2,20210420,-
130825,121171147,PARP9,-,-,-,Un,-,poly(ADP-ribose) polymerase family member 9,protein-coding,-,-,-,protein mono-ADP-ribosyltransferase PARP9,20210420,-
130825,121171148,LOC121171148,-,-,-,Un,-,kinetochore protein Spc25-like,pseudo,-,-,-,-,20210420,-
130825,121171149,GSK3B,-,-,-,Un,-,glycogen synthase kinase 3 beta,protein-coding,-,-,-,glycogen synthase kinase-3 beta,20210424,-
130825,121171150,PRKCI,-,-,-,Un,-,protein kinase C iota,protein-coding,-,-,-,protein kinase C iota type,20210420,-
130825,121171151,RPL22L1,-,-,-,Un,-,ribosomal protein L22 like 1,protein-coding,-,-,-,60S ribosomal protein L22-like 1,20210529,-
130825,121171152,CUNH3orf70,-,-,-,Un,-,chromosome unknown C3orf70 homolog,protein-coding,-,-,-,UPF0524 protein C3orf70 homolog,20210420,-
130825,121171153,HACD2,-,-,-,Un,-,3-hydroxyacyl-CoA dehydratase 2,protein-coding,-,-,-,very-long-chain (3R)-3-hydroxyacyl-CoA dehydratase 2,20210420,-
130825,121171154,MAP3K13,-,-,-,Un,-,mitogen-activated protein kinase kinase kinase 13,protein-coding,-,-,-,mitogen-activated protein kinase kinase kinase 13,20210420,-
130825,121171155,LOC121171155,-,-,-,Un,-,protein FAM156A/FAM156B-like,protein-coding,-,-,-,protein FAM156A/FAM156B-like,20210420,-
130825,121171156,SKIL,-,-,-,Un,-,SKI like proto-oncogene,protein-coding,-,-,-,ski-like protein,20210420,-
130825,121171157,IGF2BP2,-,-,-,Un,-,insulin like growth factor 2 mRNA binding protein 2,protein-coding,-,-,-,insulin-like growth factor 2 mRNA-binding protein 2,20210420,-
130825,121171158,WDR5B,-,-,-,Un,-,WD repeat domain 5B,protein-coding,-,-,-,WD repeat-containing protein 5B,20210420,-
130825,121171159,DNAJB11,-,-,-,Un,-,DnaJ heat shock protein family (Hsp40) member B11,protein-coding,-,-,-,dnaJ homolog subfamily B member 11,20210529,-
130825,121171160,MYNN,-,-,-,Un,-,myoneurin,protein-coding,-,-,-,myoneurin,20210420,-
130825,121171161,LOC121171161,-,-,-,Un,-,dystroglycan-like,protein-coding,-,-,-,dystroglycan-like,20210420,-
130825,121171162,EPHB3,-,-,-,Un,-,EPH receptor B3,protein-coding,-,-,-,ephrin type-B receptor 3,20210420,-
130825,121171163,ADCY5,-,-,-,Un,-,adenylate cyclase 5,protein-coding,-,-,-,adenylate cyclase type 5,20210420,-
130825,121171164,HGD,-,-,-,Un,-,"homogentisate 1,2-dioxygenase",protein-coding,-,-,-,"homogentisate 1,2-dioxygenase",20210420,-
130825,121171165,PPP1R2,-,-,-,Un,-,protein phosphatase 1 regulatory inhibitor subunit 2,protein-coding,-,-,-,protein phosphatase inhibitor 2,20210420,-
130825,121171166,LOC121171166,-,-,-,Un,-,UAP56-interacting factor,protein-coding,-,-,-,UAP56-interacting factor,20210420,-
130825,121171167,LOC121171167,-,-,-,Un,-,E3 ubiquitin-protein ligase TRIM41-like,protein-coding,-,-,-,E3 ubiquitin-protein ligase TRIM41-like,20210420,-
130825,121171168,LOC121171168,-,-,-,Un,-,run domain Beclin-1-interacting and cysteine-rich domain-containing protein,protein-coding,-,-,-,run domain Beclin-1-interacting and cysteine-rich domain-containing protein,20210420,-
130825,121171169,DLG1,-,-,-,Un,-,discs large MAGUK scaffold protein 1,protein-coding,-,-,-,disks large homolog 1,20210420,-
130825,121171170,LOC121171170,-,-,-,Un,-,E3 ubiquitin-protein ligase TRIM41-like,protein-coding,-,-,-,E3 ubiquitin-protein ligase TRIM41-like,20210420,-
130825,121171171,LOC121171171,-,-,-,Un,-,E3 ubiquitin-protein ligase TRIM41-like,protein-coding,-,-,-,E3 ubiquitin-protein ligase TRIM41-like,20210420,-
130825,121171172,PARL,-,-,-,Un,-,presenilin associated rhomboid like,protein-coding,-,-,-,"presenilins-associated rhomboid-like protein, mitochondrial",20210420,-
130825,121171173,DGKG,-,-,-,Un,-,diacylglycerol kinase gamma,protein-coding,-,-,-,diacylglycerol kinase gamma,20210420,-
130825,121171174,CCDC39,-,-,-,Un,-,coiled-coil domain containing 39,protein-coding,-,-,-,coiled-coil domain-containing protein 39,20210420,-
130825,121171175,ATP13A4,-,-,-,Un,-,ATPase 13A4,protein-coding,-,-,-,probable cation-transporting ATPase 13A4,20210420,-
130825,121171176,SLC15A2,-,-,-,Un,-,solute carrier family 15 member 2,protein-coding,-,-,-,solute carrier family 15 member 2,20210420,-
130825,121171177,LOC121171177,-,-,-,Un,-,centromere protein V-like protein 1,protein-coding,-,-,-,centromere protein V-like protein 1,20210420,-
130825,121171178,ABCF3,-,-,-,Un,-,ATP binding cassette subfamily F member 3,protein-coding,-,-,-,ATP-binding cassette sub-family F member 3,20210420,-
130825,121171179,MASP1,-,-,-,Un,-,MBL associated serine protease 1,protein-coding,-,-,-,mannan-binding lectin serine protease 1,20210420,-
130825,121171180,TMEM44,-,-,-,Un,-,transmembrane protein 44,protein-coding,-,-,-,transmembrane protein 44,20210420,-
130825,121171181,TNIK,-,-,-,Un,-,TRAF2 and NCK interacting kinase,protein-coding,-,-,-,TRAF2 and NCK-interacting protein kinase,20210420,-
130825,121171182,PDLIM7,-,-,-,Un,-,PDZ and LIM domain 7,protein-coding,-,-,-,PDZ and LIM domain protein 7,20210420,-
130825,121171183,LOC121171183,-,-,-,Un,-,diphosphoinositol polyphosphate phosphohydrolase 3-alpha-like,protein-coding,-,-,-,diphosphoinositol polyphosphate phosphohydrolase 3-alpha-like,20210420,-
130825,121171184,MAP6D1,-,-,-,Un,-,MAP6 domain containing 1,protein-coding,-,-,-,MAP6 domain-containing protein 1,20210420,-
130825,121171185,LOC121171185,-,-,-,Un,-,sorting nexin-4,protein-coding,-,-,-,sorting nexin-4,20210420,-
130825,121171186,CHRD,-,-,-,Un,-,chordin,protein-coding,-,-,-,chordin,20210420,-
130825,121171187,PIK3CA,-,-,-,Un,-,"phosphatidylinositol-4,5-bisphosphate 3-kinase catalytic subunit alpha",protein-coding,-,-,-,"phosphatidylinositol 4,5-bisphosphate 3-kinase catalytic subunit alpha isoform",20210420,-
130825,121171188,KCNMB3,-,-,-,Un,-,potassium calcium-activated channel subfamily M regulatory beta subunit 3,protein-coding,-,-,-,calcium-activated potassium channel subunit beta-3,20210420,-
130825,121171189,LOC121171189,-,-,-,Un,-,uncharacterized LOC121171189,ncRNA,-,-,-,-,20210420,-
130825,121171190,P3H2,-,-,-,Un,-,prolyl 3-hydroxylase 2,protein-coding,-,-,-,prolyl 3-hydroxylase 2,20210420,-
130825,121171191,LOC121171191,-,-,-,Un,-,EZH inhibitory protein,protein-coding,-,-,-,EZH inhibitory protein,20210420,-
130825,121171192,LRRC58,-,-,-,Un,-,leucine rich repeat containing 58,protein-coding,-,-,-,leucine-rich repeat-containing protein 58,20210420,-
130825,121171193,GPR160,-,-,-,Un,-,G protein-coupled receptor 160,protein-coding,-,-,-,probable G-protein coupled receptor 160,20210420,-
130825,121171194,B3GNT5,-,-,-,Un,-,"UDP-GlcNAc:betaGal beta-1,3-N-acetylglucosaminyltransferase 5",protein-coding,-,-,-,"lactosylceramide 1,3-N-acetyl-beta-D-glucosaminyltransferase",20210420,-
130825,121171195,CEP19,-,-,-,Un,-,centrosomal protein 19,protein-coding,-,-,-,centrosomal protein of 19 kDa,20210420,-
130825,121171196,LRRC34,-,-,-,Un,-,leucine rich repeat containing 34,protein-coding,-,-,-,leucine-rich repeat-containing protein 34,20210420,-
130825,121171197,EIF2B5,-,-,-,Un,-,eukaryotic translation initiation factor 2B subunit epsilon,protein-coding,-,-,-,translation initiation factor eIF-2B subunit epsilon,20210420,-
130825,121171198,CFAP91,-,-,-,Un,-,cilia and flagella associated protein 91,protein-coding,-,-,-,cilia- and flagella-associated protein 91,20210420,-
130825,121171199,LOC121171199,-,-,-,Un,-,diphosphoinositol polyphosphate phosphohydrolase 3-alpha-like,protein-coding,-,-,-,diphosphoinositol polyphosphate phosphohydrolase 3-alpha-like,20210420,-
130825,121171200,LOC121171200,-,-,-,Un,-,uncharacterized LOC121171200,ncRNA,-,-,-,-,20210420,-
130825,121171201,LOC121171201,-,-,-,Un,-,uncharacterized LOC121171201,ncRNA,-,-,-,-,20210420,-
130825,121171202,HES1,-,-,-,Un,-,hes family bHLH transcription factor 1,protein-coding,-,-,-,transcription factor HES-1,20210420,-
130825,121171203,DYNLT2B,-,-,-,Un,-,dynein light chain Tctex-type 2B,protein-coding,-,-,-,dynein light chain Tctex-type protein 2B,20210420,-
130825,121171204,KALRN,-,-,-,Un,-,kalirin RhoGEF kinase,protein-coding,-,-,-,kalirin,20210420,-
130825,121171205,CCNB3,-,-,-,Un,-,cyclin B3,protein-coding,-,-,-,G2/mitotic-specific cyclin-B3,20210420,-
130825,121171206,DVL3,-,-,-,Un,-,dishevelled segment polarity protein 3,protein-coding,-,-,-,segment polarity protein dishevelled homolog DVL-3,20210420,-
130825,121171207,SEC22A,-,-,-,Un,-,"SEC22 homolog A, vesicle trafficking protein",protein-coding,-,-,-,vesicle-trafficking protein SEC22a,20210420,-
130825,121171208,CASR,-,-,-,Un,-,calcium sensing receptor,protein-coding,-,-,-,extracellular calcium-sensing receptor,20210420,-
130825,121171209,USP27X,-,-,-,Un,-,ubiquitin specific peptidase 27 X-linked,protein-coding,-,-,-,ubiquitin carboxyl-terminal hydrolase 27,20210420,-
130825,121171210,TTC14,-,-,-,Un,-,tetratricopeptide repeat domain 14,protein-coding,-,-,-,tetratricopeptide repeat protein 14,20210420,-
130825,121171211,ECT2,-,-,-,Un,-,epithelial cell transforming 2,protein-coding,-,-,-,protein ECT2,20210420,-
130825,121171212,TNFSF10,-,-,-,Un,-,TNF superfamily member 10,protein-coding,-,-,-,tumor necrosis factor ligand superfamily member 10,20210420,-
130825,121171213,LOC121171213,-,-,-,Un,-,uncharacterized LOC121171213,ncRNA,-,-,-,-,20210420,-
130825,121171214,CRYGS,-,-,-,Un,-,crystallin gamma S,protein-coding,-,-,-,gamma-crystallin S,20210420,-
130825,121171215,MB21D2,-,-,-,Un,-,Mab-21 domain containing 2,protein-coding,-,-,-,protein MB21D2,20210420,-
130825,121171216,ATP13A5,-,-,-,Un,-,ATPase 13A5,protein-coding,-,-,-,probable cation-transporting ATPase 13A5,20210420,-
130825,121171217,SEMA5B,-,-,-,Un,-,semaphorin 5B,protein-coding,-,-,-,semaphorin-5B,20210420,-
130825,121171218,SUV39H1,-,-,-,Un,-,suppressor of variegation 3-9 homolog 1,protein-coding,-,-,-,histone-lysine N-methyltransferase SUV39H1,20210420,-
130825,121171219,NCBP2AS2,-,-,-,Un,-,NCBP2 antisense 2 (head to head),protein-coding,-,-,-,protein NCBP2AS2,20210420,-
130825,121171220,SLC12A8,-,-,-,Un,-,solute carrier family 12 member 8,protein-coding,-,-,-,solute carrier family 12 member 8,20210420,-
130825,121171221,NDUFB5,-,-,-,Un,-,NADH:ubiquinone oxidoreductase subunit B5,protein-coding,-,-,-,"NADH dehydrogenase [ubiquinone] 1 beta subcomplex subunit 5, mitochondrial",20210420,-
130825,121171222,MRPL47,-,-,-,Un,-,mitochondrial ribosomal protein L47,protein-coding,-,-,-,"39S ribosomal protein L47, mitochondrial",20210420,-
130825,121171223,ACTL6A,-,-,-,Un,-,actin like 6A,protein-coding,-,-,-,actin-like protein 6A,20210420,-
130825,121171224,LOC121171224,-,-,-,Un,-,sodium-coupled neutral amino acid transporter 5-like,protein-coding,-,-,-,sodium-coupled neutral amino acid transporter 5-like,20210420,-
130825,121171225,LOC121171225,-,-,-,Un,-,zinc finger protein 148,protein-coding,-,-,-,zinc finger protein 148,20210420,-
130825,121171226,LOC121171226,-,-,-,Un,-,uncharacterized LOC121171226,ncRNA,-,-,-,-,20210420,-
130825,121171227,LOC121171227,-,-,-,Un,-,mitochondrial ornithine transporter 2-like,protein-coding,-,-,-,mitochondrial ornithine transporter 2-like,20210420,-
130825,121171228,APOD,-,-,-,Un,-,apolipoprotein D,protein-coding,-,-,-,apolipoprotein D,20210420,-
130825,121171229,LOC121171229,-,-,-,Un,-,TATA-binding protein-associated factor 2N-like,pseudo,-,-,-,-,20210420,-
130825,121171230,LOC121171230,-,-,-,Un,-,tubulin beta chain-like,pseudo,-,-,-,-,20210420,-
130825,121171231,LOC121171231,-,-,-,Un,-,UV excision repair protein RAD23 homolog A-like,protein-coding,-,-,-,UV excision repair protein RAD23 homolog A-like,20210420,-
130825,121171232,LOC121171232,-,-,-,Un,-,UPF0524 protein C3orf70 homolog,protein-coding,-,-,-,UPF0524 protein C3orf70 homolog,20210420,-
130825,121171233,GTF2E1,-,-,-,Un,-,general transcription factor IIE subunit 1,protein-coding,-,-,-,general transcription factor IIE subunit 1,20210420,-
130825,121171234,DTX3L,-,-,-,Un,-,deltex E3 ubiquitin ligase 3L,protein-coding,-,-,-,E3 ubiquitin-protein ligase DTX3L,20210420,-
130825,121171235,KCNMB2,-,-,-,Un,-,potassium calcium-activated channel subfamily M regulatory beta subunit 2,protein-coding,-,-,-,calcium-activated potassium channel subunit beta-2,20210420,-
130825,121171236,BDH1,-,-,-,Un,-,3-hydroxybutyrate dehydrogenase 1,protein-coding,-,-,-,"D-beta-hydroxybutyrate dehydrogenase, mitochondrial",20210420,-
130825,121171237,LOC121171237,-,-,-,Un,-,cx9C motif-containing protein 4,protein-coding,-,-,-,cx9C motif-containing protein 4,20210420,-
130825,121171238,TP63,-,-,-,Un,-,tumor protein p63,protein-coding,-,-,-,tumor protein 63,20210420,-
130825,121171239,LOC121171239,-,-,-,Un,-,UV excision repair protein RAD23 homolog A-like,protein-coding,-,-,-,UV excision repair protein RAD23 homolog A-like,20210420,-
130825,121171240,ZNF639,-,-,-,Un,-,zinc finger protein 639,protein-coding,-,-,-,zinc finger protein 639,20210420,-
130825,121171241,TBCCD1,-,-,-,Un,-,TBCC domain containing 1,protein-coding,-,-,-,TBCC domain-containing protein 1,20210420,-
130825,121171242,ALG3,-,-,-,Un,-,"ALG3 alpha-1,3- mannosyltransferase",protein-coding,-,-,-,"dol-P-Man:Man(5)GlcNAc(2)-PP-Dol alpha-1,3-mannosyltransferase",20210420,-
130825,121171243,POPDC2,-,-,-,Un,-,popeye domain containing 2,protein-coding,-,-,-,popeye domain-containing protein 2,20210420,-
130825,121171244,LOC121171244,-,-,-,Un,-,ADP-ribosylation factor-like protein 6-interacting protein 1,pseudo,-,-,-,-,20210420,-
130825,121171245,LOC121171245,-,-,-,Un,-,cytochrome c oxidase copper chaperone,protein-coding,-,-,-,cytochrome c oxidase copper chaperone,20210420,-
130825,121171246,LOC121171246,-,-,-,Un,-,ubiquitin-like modifier-activating enzyme 5,pseudo,-,-,-,-,20210420,-
130825,121171247,LOC121171247,-,-,-,Un,-,nmrA-like family domain-containing protein 1,protein-coding,-,-,-,nmrA-like family domain-containing protein 1,20210420,-
130825,121171248,LOC121171248,-,-,-,Un,-,nmrA-like family domain-containing protein 1,protein-coding,-,-,-,nmrA-like family domain-containing protein 1,20210420,-
130825,121171249,ADIPOQ,-,-,-,Un,-,"adiponectin, C1Q and collagen domain containing",protein-coding,-,-,-,adiponectin,20210420,-
130825,121171250,FETUB,-,-,-,Un,-,fetuin B,protein-coding,-,-,-,fetuin-B,20210420,-
130825,121171251,VPS8,-,-,-,Un,-,VPS8 subunit of CORVET complex,protein-coding,-,-,-,vacuolar protein sorting-associated protein 8 homolog,20210420,-
130825,121171252,LOC121171252,-,-,-,Un,-,"28S ribosomal protein S35, mitochondrial-like",pseudo,-,-,-,-,20210420,-
130825,121171253,POLQ,-,-,-,Un,-,DNA polymerase theta,protein-coding,-,-,-,DNA polymerase theta,20210420,-
130825,121171254,GPR156,-,-,-,Un,-,G protein-coupled receptor 156,protein-coding,-,-,-,probable G-protein coupled receptor 156,20210420,-
130825,121171255,TM4SF19,-,-,-,Un,-,transmembrane 4 L six family member 19,protein-coding,-,-,-,transmembrane 4 L6 family member 19,20210420,-
130825,121171256,SAMD7,-,-,-,Un,-,sterile alpha motif domain containing 7,protein-coding,-,-,-,sterile alpha motif domain-containing protein 7,20210420,-
130825,121171257,LOC121171257,-,-,-,Un,-,uncharacterized LOC121171257,ncRNA,-,-,-,-,20210420,-
130825,121171258,UMPS,-,-,-,Un,-,uridine monophosphate synthetase,protein-coding,-,-,-,uridine 5'-monophosphate synthase,20210420,-
130825,121171259,FBXO45,-,-,-,Un,-,F-box protein 45,protein-coding,-,-,-,F-box/SPRY domain-containing protein 1,20210420,-
130825,121171260,FSTL1,-,-,-,Un,-,follistatin like 1,protein-coding,-,-,-,follistatin-related protein 1,20210420,-
130825,121171261,LOC121171261,-,-,-,Un,-,RNA polymerase II subunit A C-terminal domain phosphatase SSU72-like,protein-coding,-,-,-,RNA polymerase II subunit A C-terminal domain phosphatase SSU72-like,20210420,-
130825,121171262,PLA1A,-,-,-,Un,-,phospholipase A1 member A,protein-coding,-,-,-,phospholipase A1 member A,20210420,-
130825,121171263,HRG,-,-,-,Un,-,histidine rich glycoprotein,protein-coding,-,-,-,histidine-rich glycoprotein,20210420,-
130825,121171264,SLC7A14,-,-,-,Un,-,solute carrier family 7 member 14,protein-coding,-,-,-,probable cationic amino acid transporter,20210420,-
130825,121171265,LOC121171265,-,-,-,Un,-,60S ribosomal protein L35a,protein-coding,-,-,-,60S ribosomal protein L35a,20210424,-
130825,121171266,RNF168,-,-,-,Un,-,ring finger protein 168,protein-coding,-,-,-,E3 ubiquitin-protein ligase RNF168,20210420,-
130825,121171267,USP13,-,-,-,Un,-,ubiquitin specific peptidase 13,protein-coding,-,-,-,ubiquitin carboxyl-terminal hydrolase 13,20210420,-
130825,121171268,GHSR,-,-,-,Un,-,growth hormone secretagogue receptor,protein-coding,-,-,-,growth hormone secretagogue receptor type 1,20210420,-
130825,121171269,FAM162A,-,-,-,Un,-,family with sequence similarity 162 member A,protein-coding,-,-,-,protein FAM162A,20210420,-
130825,121171270,LOC121171270,-,-,-,Un,-,"28S ribosomal protein S2, mitochondrial-like",pseudo,-,-,-,-,20210420,-
130825,121171271,PDIA5,-,-,-,Un,-,protein disulfide isomerase family A member 5,protein-coding,-,-,-,protein disulfide-isomerase A5,20210420,-
130825,121171272,ROPN1,-,-,-,Un,-,rhophilin associated tail protein 1,protein-coding,-,-,-,ropporin-1A,20210420,-
130825,121171273,NCBP2,-,-,-,Un,-,nuclear cap binding protein subunit 2,protein-coding,-,-,-,nuclear cap-binding protein subunit 2,20210424,-
130825,121171274,LOC121171274,-,-,-,Un,-,interleukin 1 receptor accessory protein,protein-coding,-,-,-,interleukin-1 receptor accessory protein,20210420,-
130825,121171275,RABL3,-,-,-,Un,-,"RAB, member of RAS oncogene family like 3",protein-coding,-,-,-,rab-like protein 3,20210420,-
130825,121171276,LSG1,-,-,-,Un,-,large 60S subunit nuclear export GTPase 1,protein-coding,-,-,-,large subunit GTPase 1 homolog,20210420,-
130825,121171277,MELTF,-,-,-,Un,-,melanotransferrin,protein-coding,-,-,-,melanotransferrin,20210420,-
130825,121171278,ECE2,-,-,-,Un,-,endothelin converting enzyme 2,protein-coding,-,-,-,LOW QUALITY PROTEIN: endothelin-converting enzyme 2,20210420,-
130825,121171279,LOC121171279,-,-,-,Un,-,"NADH dehydrogenase [ubiquinone] iron-sulfur protein 4, mitochondrial-like",pseudo,-,-,-,-,20210420,-
130825,121171280,EEF1AKMT4,-,-,-,Un,-,EEF1A lysine methyltransferase 4,protein-coding,-,-,-,EEF1A lysine methyltransferase 4,20210420,-
130825,121171281,CAMK2N2,-,-,-,Un,-,calcium/calmodulin dependent protein kinase II inhibitor 2,protein-coding,-,-,-,calcium/calmodulin-dependent protein kinase II inhibitor 2,20210427,-
130825,121171282,IQCB1,-,-,-,Un,-,IQ motif containing B1,protein-coding,-,-,-,IQ calmodulin-binding motif-containing protein 1,20210420,-
130825,121171283,LOC121171283,-,-,-,Un,-,ras-related protein Rab-18-like,pseudo,-,-,-,-,20210420,-
130825,121171284,EAF2,-,-,-,Un,-,ELL associated factor 2,protein-coding,-,-,-,ELL-associated factor 2,20210420,-
130825,121171285,SLC2A2,-,-,-,Un,-,solute carrier family 2 member 2,protein-coding,-,-,-,"solute carrier family 2, facilitated glucose transporter member 2",20210420,-
130825,121171286,CLCN2,-,-,-,Un,-,chloride voltage-gated channel 2,protein-coding,-,-,-,chloride channel protein 2,20210420,-
130825,121171287,FAM131A,-,-,-,Un,-,family with sequence similarity 131 member A,protein-coding,-,-,-,protein FAM131A,20210420,-
130825,121171288,LOC121171288,-,-,-,Un,-,dual specificity protein phosphatase 18-like,protein-coding,-,-,-,dual specificity protein phosphatase 18-like,20210420,-
130825,121171289,FGF12,-,-,-,Un,-,fibroblast growth factor 12,protein-coding,-,-,-,fibroblast growth factor 12,20210522,-
130825,121171290,LRRIQ4,-,-,-,Un,-,leucine rich repeats and IQ motif containing 4,protein-coding,-,-,-,leucine-rich repeat and IQ domain-containing protein 4,20210420,-
130825,121171291,PLD1,-,-,-,Un,-,phospholipase D1,protein-coding,-,-,-,phospholipase D1,20210420,-
130825,121171292,LOC121171292,-,-,-,Un,-,uncharacterized LOC121171292,ncRNA,-,-,-,-,20210420,-
130825,121171293,NDUFB4,-,-,-,Un,-,NADH:ubiquinone oxidoreductase subunit B4,protein-coding,-,-,-,NADH dehydrogenase [ubiquinone] 1 beta subcomplex subunit 4,20210420,-
130825,121171294,AHSG,-,-,-,Un,-,alpha 2-HS glycoprotein,protein-coding,-,-,-,alpha-2-HS-glycoprotein,20210420,-
130825,121171295,POLR2H,-,-,-,Un,-,"RNA polymerase II, I and III subunit H",protein-coding,-,-,-,"DNA-directed RNA polymerases I, II, and III subunit RPABC3",20210522,-
130825,121171296,EFHC2,-,-,-,Un,-,EF-hand domain containing 2,protein-coding,-,-,-,EF-hand domain-containing family member C2,20210420,-
130825,121171297,MIX23,-,-,-,Un,-,mitochondrial matrix import factor 23,protein-coding,-,-,-,protein MIX23,20210420,-
130825,121171298,TMEM41A,-,-,-,Un,-,transmembrane protein 41A,protein-coding,-,-,-,transmembrane protein 41A,20210420,-
130825,121171299,EIF5A2,-,-,-,Un,-,eukaryotic translation initiation factor 5A2,protein-coding,-,-,-,eukaryotic translation initiation factor 5A-2,20210501,-
130825,121171300,ITGB5,-,-,-,Un,-,integrin subunit beta 5,protein-coding,-,-,-,integrin beta-5,20210420,-
130825,121171301,NLGN1,-,-,-,Un,-,neuroligin 1,protein-coding,-,-,-,neuroligin-1,20210420,-
130825,121171302,MAOB,-,-,-,Un,-,monoamine oxidase B,protein-coding,-,-,-,amine oxidase [flavin-containing] B,20210420,-
130825,121171303,CLDN11,-,-,-,Un,-,claudin 11,protein-coding,-,-,-,claudin-11,20210420,-
130825,121171304,LAMP3,-,-,-,Un,-,lysosomal associated membrane protein 3,protein-coding,-,-,-,lysosome-associated membrane glycoprotein 3,20210420,-
130825,121171305,ACTRT3,-,-,-,Un,-,actin related protein T3,protein-coding,-,-,-,actin-related protein T3,20210420,-
130825,121171306,LOC121171306,-,-,-,Un,-,uncharacterized LOC121171306,ncRNA,-,-,-,-,20210420,-
130825,121171307,LOC121171307,-,-,-,Un,-,uncharacterized LOC121171307,ncRNA,-,-,-,-,20210420,-
130825,121171308,LOC121171308,-,-,-,Un,-,40S ribosomal protein S12-like,pseudo,-,-,-,-,20210420,-
130825,121171309,RTP4,-,-,-,Un,-,receptor transporter protein 4,protein-coding,-,-,-,receptor-transporting protein 4,20210420,-
130825,121171310,LOC121171310,-,-,-,Un,-,uncharacterized LOC121171310,ncRNA,-,-,-,-,20210420,-
130825,121171311,CLDN1,-,-,-,Un,-,claudin 1,protein-coding,-,-,-,claudin-1,20210420,-
130825,121171312,SOX2,-,-,-,Un,-,SRY-box transcription factor 2,protein-coding,-,-,-,transcription factor SOX-2,20210420,-
130825,121171313,LOC121171313,-,-,-,Un,-,amine oxidase [flavin-containing] A,protein-coding,-,-,-,amine oxidase [flavin-containing] A,20210420,-
130825,121171314,FNDC3B,-,-,-,Un,-,fibronectin type III domain containing 3B,protein-coding,-,-,-,fibronectin type III domain-containing protein 3B,20210420,-
130825,121171315,LOC121171315,-,-,-,Un,-,uncharacterized LOC121171315,ncRNA,-,-,-,-,20210420,-
130825,121171316,LOC121171316,-,-,-,Un,-,leishmanolysin-like peptidase,protein-coding,-,-,-,leishmanolysin-like peptidase,20210420,-
130825,121171317,WDR53,-,-,-,Un,-,WD repeat domain 53,protein-coding,-,-,-,WD repeat-containing protein 53,20210420,-
130825,121171318,PARP14,-,-,-,Un,-,poly(ADP-ribose) polymerase family member 14,protein-coding,-,-,-,protein mono-ADP-ribosyltransferase PARP14,20210420,-
130825,121171319,HSPBAP1,-,-,-,Un,-,HSPB1 associated protein 1,protein-coding,-,-,-,HSPB1-associated protein 1,20210420,-
130825,121171320,LOC121171320,-,-,-,Un,-,UV excision repair protein RAD23 homolog A-like,protein-coding,-,-,-,UV excision repair protein RAD23 homolog A-like,20210420,-
130825,121171321,KNG1,-,-,-,Un,-,kininogen 1,protein-coding,-,-,-,kininogen-1,20210420,-
130825,121171322,LIPH,-,-,-,Un,-,lipase H,protein-coding,-,-,-,lipase member H,20210420,-
130825,121171323,ADPRH,-,-,-,Un,-,ADP-ribosylarginine hydrolase,protein-coding,-,-,-,ADP-ribosylarginine hydrolase,20210420,-
130825,121171324,TBL1XR1,-,-,-,Un,-,TBL1X receptor 1,protein-coding,-,-,-,F-box-like/WD repeat-containing protein TBL1XR1,20210420,-
130825,121171325,FAM43A,-,-,-,Un,-,family with sequence similarity 43 member A,protein-coding,-,-,-,protein FAM43A,20210420,-
130825,121171326,ETV5,-,-,-,Un,-,ETS variant transcription factor 5,protein-coding,-,-,-,ETS translocation variant 5,20210420,-
130825,121171327,LOC121171327,-,-,-,Un,-,T-lymphocyte activation antigen CD80-like,protein-coding,-,-,-,T-lymphocyte activation antigen CD80-like,20210420,-
130825,121171328,LOC121171328,-,-,-,Un,-,high affinity copper uptake protein 1-like,pseudo,-,-,-,-,20210420,-
130825,121171329,LOC121171329,-,-,-,Un,-,ras GTPase-activating protein-binding protein 1-like,pseudo,-,-,-,-,20210420,-
130825,121171330,FXR1,-,-,-,Un,-,FMR1 autosomal homolog 1,protein-coding,-,-,-,fragile X mental retardation syndrome-related protein 1,20210529,-
130825,121171331,DNAJC19,-,-,-,Un,-,DnaJ heat shock protein family (Hsp40) member C19,protein-coding,-,-,-,mitochondrial import inner membrane translocase subunit TIM14,20210420,-
130825,121171332,HCLS1,-,-,-,Un,-,hematopoietic cell-specific Lyn substrate 1,protein-coding,-,-,-,hematopoietic lineage cell-specific protein,20210420,-
130825,121171333,PPP1R2C,-,-,-,Un,-,PPP1R2C family member C,protein-coding,-,-,-,protein phosphatase inhibitor 2 family member C,20210420,-
130825,121171334,EHHADH,-,-,-,Un,-,enoyl-CoA hydratase and 3-hydroxyacyl CoA dehydrogenase,protein-coding,-,-,-,peroxisomal bifunctional enzyme,20210420,-
130825,121171335,CSTA,-,-,-,Un,-,cystatin A,protein-coding,-,-,-,cystatin-A,20210420,-
130825,121171336,LOC121171336,-,-,-,Un,-,mitogen-activated protein kinase 6-like,pseudo,-,-,-,-,20210420,-
130825,121171337,CCDC14,-,-,-,Un,-,coiled-coil domain containing 14,protein-coding,-,-,-,coiled-coil domain-containing protein 14,20210420,-
130825,121171338,LOC121171338,-,-,-,Un,-,small nuclear ribonucleoprotein G-like,pseudo,-,-,-,-,20210420,-
130825,121171339,SST,-,-,-,Un,-,somatostatin,protein-coding,-,-,-,somatostatin,20210420,-
130825,121171340,NR1I2,-,-,-,Un,-,nuclear receptor subfamily 1 group I member 2,protein-coding,-,-,-,nuclear receptor subfamily 1 group I member 2,20210420,-
130825,121171341,TPRG1,-,-,-,Un,-,tumor protein p63 regulated 1,protein-coding,-,-,-,tumor protein p63-regulated gene 1 protein,20210420,-
130825,121171342,KLHL24,-,-,-,Un,-,kelch like family member 24,protein-coding,-,-,-,kelch-like protein 24,20210420,-
130825,121171343,LOC121171343,-,-,-,Un,-,casein kinase I-like,protein-coding,-,-,-,casein kinase I-like,20210420,-
130825,121171344,PAK2,-,-,-,Un,-,p21 (RAC1) activated kinase 2,protein-coding,-,-,-,serine/threonine-protein kinase PAK 2,20210420,-
130825,121171345,CCDC50,-,-,-,Un,-,coiled-coil domain containing 50,protein-coding,-,-,-,coiled-coil domain-containing protein 50,20210420,-
130825,121171346,RTP1,-,-,-,Un,-,receptor transporter protein 1,protein-coding,-,-,-,receptor-transporting protein 1,20210420,-
130825,121171347,CLDN16,-,-,-,Un,-,claudin 16,protein-coding,-,-,-,LOW QUALITY PROTEIN: claudin-16,20210420,-
130825,121171348,ATP13A3,-,-,-,Un,-,ATPase 13A3,protein-coding,-,-,-,probable cation-transporting ATPase 13A3,20210420,-
130825,121171349,LOC121171349,-,-,-,Un,-,casein kinase I-like,protein-coding,-,-,-,casein kinase I-like,20210420,-
130825,121171350,LOC121171350,-,-,-,Un,-,40S ribosomal protein S23-like,pseudo,-,-,-,-,20210420,-
130825,121171351,PHC3,-,-,-,Un,-,polyhomeotic homolog 3,protein-coding,-,-,-,polyhomeotic-like protein 3,20210420,-
130825,121171352,NYX,-,-,-,Un,-,nyctalopin,protein-coding,-,-,-,nyctalopin,20210420,-
130825,121171353,OPA1,-,-,-,Un,-,OPA1 mitochondrial dynamin like GTPase,protein-coding,-,-,-,"dynamin-like 120 kDa protein, mitochondrial",20210420,-
130825,121171354,ABCC5,-,-,-,Un,-,ATP binding cassette subfamily C member 5,protein-coding,-,-,-,multidrug resistance-associated protein 5,20210420,-
130825,121171355,MPC1L,-,-,-,Un,-,mitochondrial pyruvate carrier 1 like,protein-coding,-,-,-,mitochondrial pyruvate carrier 1-like protein,20210420,-
130825,121171356,PLAAT1,-,-,-,Un,-,phospholipase A and acyltransferase 1,protein-coding,-,-,-,phospholipase A and acyltransferase 1,20210420,-
130825,121171357,LOC121171357,-,-,-,Un,-,gamma-aminobutyric acid receptor-associated protein-like 2,pseudo,-,-,-,-,20210420,-
130825,121171358,LOC121171358,-,-,-,Un,-,DISP complex protein LRCH3-like,protein-coding,-,-,-,DISP complex protein LRCH3-like,20210420,-
130825,121171359,LOC121171359,-,-,-,Un,-,dynein regulatory complex protein 9-like,protein-coding,-,-,-,dynein regulatory complex protein 9-like,20210420,-
130825,121171360,LOC121171360,-,-,-,Un,-,uncharacterized LOC121171360,ncRNA,-,-,-,-,20210420,-
130825,121171361,SLC49A4,-,-,-,Un,-,solute carrier family 49 member 4,protein-coding,-,-,-,solute carrier family 49 member 4,20210420,-
130825,121171362,LOC121171362,-,-,-,Un,-,ubiquitin-60S ribosomal protein L40-like,pseudo,-,-,-,-,20210420,-
130825,121171363,LOC121171363,-,-,-,Un,-,ATP-dependent RNA helicase DDX50-like,pseudo,-,-,-,-,20210420,-
130825,121171364,RPL39L,-,-,-,Un,-,ribosomal protein L39 like,protein-coding,-,-,-,LOW QUALITY PROTEIN: 60S ribosomal protein L39-like,20210420,-
130825,121171365,RTP2,-,-,-,Un,-,receptor transporter protein 2,protein-coding,-,-,-,receptor-transporting protein 2,20210420,-
130825,121171366,KPNA1,-,-,-,Un,-,karyopherin subunit alpha 1,protein-coding,-,-,-,importin subunit alpha-5,20210420,-
130825,121171367,LOC121171367,-,-,-,Un,-,"ferritin heavy chain, oocyte isoform-like",protein-coding,-,-,-,"ferritin heavy chain, oocyte isoform-like",20210420,-
130825,121171368,SEC62,-,-,-,Un,-,"SEC62 homolog, preprotein translocation factor",protein-coding,-,-,-,translocation protein SEC62,20210420,-
130825,121171369,TRA2B,-,-,-,Un,-,transformer 2 beta homolog,protein-coding,-,-,-,transformer-2 protein homolog beta,20210529,-
130825,121171370,DCUN1D1,-,-,-,Un,-,defective in cullin neddylation 1 domain containing 1,protein-coding,-,-,-,DCN1-like protein 1,20210420,-
130825,121171371,LOC121171371,-,-,-,Un,-,nucleolar protein of 40 kDa-like,pseudo,-,-,-,-,20210420,-
130825,121171372,KLHL6,-,-,-,Un,-,kelch like family member 6,protein-coding,-,-,-,kelch-like protein 6,20210420,-
130825,121171373,LOC121171373,-,-,-,Un,-,protein HEG homolog 1-like,protein-coding,-,-,-,protein HEG homolog 1-like,20210420,-
130825,121171374,LOC121171374,-,-,-,Un,-,putative protein FAM47D,protein-coding,-,-,-,putative protein FAM47D,20210420,-
130825,121171375,LOC121171375,-,-,-,Un,-,uncharacterized LOC121171375,ncRNA,-,-,-,-,20210420,-
130825,121171376,LOC121171376,-,-,-,Un,-,ganglioside GM2 activator-like,protein-coding,-,-,-,ganglioside GM2 activator-like,20210420,-
130825,121171377,LOC121171377,-,-,-,Un,-,uncharacterized LOC121171377,ncRNA,-,-,-,-,20210420,-
130825,121171378,ST6GAL1,-,-,-,Un,-,"ST6 beta-galactoside alpha-2,6-sialyltransferase 1",protein-coding,-,-,-,"beta-galactoside alpha-2,6-sialyltransferase 1",20210420,-
130825,121171379,UBXN7,-,-,-,Un,-,UBX domain protein 7,protein-coding,-,-,-,UBX domain-containing protein 7,20210420,-
130825,121171380,BCL6,-,-,-,Un,-,BCL6 transcription repressor,protein-coding,-,-,-,B-cell lymphoma 6 protein,20210420,-
130825,121171381,LOC121171381,-,-,-,Un,-,histone H2A-Bbd type 1-like,protein-coding,-,-,-,histone H2A-Bbd type 1-like,20210420,-
130825,121171382,LOC121171382,-,-,-,Un,-,leucine-rich repeat-containing protein 15,protein-coding,-,-,-,leucine-rich repeat-containing protein 15,20210420,-
130825,121171383,ZMAT3,-,-,-,Un,-,zinc finger matrin-type 3,protein-coding,-,-,-,zinc finger matrin-type protein 3,20210420,-
130825,121171384,EIF4A2,-,-,-,Un,-,eukaryotic translation initiation factor 4A2,protein-coding,-,-,-,eukaryotic initiation factor 4A-II,20210501,-
130825,121171385,RFC4,-,-,-,Un,-,replication factor C subunit 4,protein-coding,-,-,-,replication factor C subunit 4,20210420,-
130825,121171386,XXYLT1,-,-,-,Un,-,xyloside xylosyltransferase 1,protein-coding,-,-,-,xyloside xylosyltransferase 1,20210420,-
130825,121171387,CD86,-,-,-,Un,-,CD86 molecule,protein-coding,-,-,-,T-lymphocyte activation antigen CD86,20210420,-
130825,121171388,LOC121171388,-,-,-,Un,-,histone H2A-Bbd type 1-like,protein-coding,-,-,-,histone H2A-Bbd type 1-like,20210420,-
130825,121171389,SENP5,-,-,-,Un,-,SUMO specific peptidase 5,protein-coding,-,-,-,sentrin-specific protease 5,20210420,-
130825,121171390,LOC121171390,-,-,-,Un,-,uncharacterized LOC121171390,ncRNA,-,-,-,-,20210420,-
130825,121171391,ACAP2,-,-,-,Un,-,"ArfGAP with coiled-coil, ankyrin repeat and PH domains 2",protein-coding,-,-,-,"arf-GAP with coiled-coil, ANK repeat and PH domain-containing protein 2",20210420,-
130825,121171392,NRROS,-,-,-,Un,-,negative regulator of reactive oxygen species,protein-coding,-,-,-,transforming growth factor beta activator LRRC33,20210420,-
130825,121171393,SMCO1,-,-,-,Un,-,single-pass membrane protein with coiled-coil domains 1,protein-coding,-,-,-,single-pass membrane and coiled-coil domain-containing protein 1,20210420,-
130825,121171394,OSTN,-,-,-,Un,-,osteocrin,protein-coding,-,-,-,osteocrin,20210420,-
130825,121171395,TFRC,-,-,-,Un,-,transferrin receptor,protein-coding,-,-,-,transferrin receptor protein 1,20210420,-
130825,121171396,GRK6,-,-,-,Un,-,G protein-coupled receptor kinase 6,protein-coding,-,-,-,G protein-coupled receptor kinase 6,20210420,-
130825,121171397,CFAP47,-,-,-,Un,-,cilia and flagella associated protein 47,protein-coding,-,-,-,cilia- and flagella-associated protein 47,20210420,-
130825,121171398,NCEH1,-,-,-,Un,-,neutral cholesterol ester hydrolase 1,protein-coding,-,-,-,neutral cholesterol ester hydrolase 1,20210420,-
130825,121171399,LOC121171399,-,-,-,Un,-,LIM domain containing preferred translocation partner in lipoma,protein-coding,-,-,-,lipoma-preferred partner,20210420,-
130825,121171400,LOC121171400,-,-,-,Un,-,uncharacterized LOC121171400,ncRNA,-,-,-,-,20210420,-
130825,121171401,EIF4G1,-,-,-,Un,-,eukaryotic translation initiation factor 4 gamma 1,protein-coding,-,-,-,eukaryotic translation initiation factor 4 gamma 1,20210420,-
130825,121171402,LOC121171402,-,-,-,Un,-,60S ribosomal protein L13-like,pseudo,-,-,-,-,20210420,-
130825,121171403,LOC121171403,-,-,-,Un,-,5S ribosomal RNA,pseudo,-,-,-,-,20210420,-
130825,121171404,LOC121171404,-,-,-,Un,-,U1 spliceosomal RNA,pseudo,-,-,-,-,20210420,-
130825,121171405,LOC121171405,-,-,-,Un,-,U1 spliceosomal RNA,snRNA,-,-,-,-,20210420,-
130825,121171406,LOC121171406,-,-,-,Un,-,U2 spliceosomal RNA,pseudo,-,-,-,-,20210420,-
130825,121171407,LOC121171407,-,-,-,Un,-,U2 spliceosomal RNA,pseudo,-,-,-,-,20210420,-
130825,121171408,LOC121171408,-,-,-,Un,-,U2 spliceosomal RNA,pseudo,-,-,-,-,20210420,-
130825,121171409,LOC121171409,-,-,-,Un,-,small nucleolar RNA U3,pseudo,-,-,-,-,20210420,-
130825,121171410,LOC121171410,-,-,-,Un,-,U4 spliceosomal RNA,snRNA,-,-,-,-,20210420,-
130825,121171411,LOC121171411,-,-,-,Un,-,U4 spliceosomal RNA,snRNA,-,-,-,-,20210420,-
130825,121171412,LOC121171412,-,-,-,Un,-,U6 spliceosomal RNA,snRNA,-,-,-,-,20210420,-
130825,121171413,LOC121171413,-,-,-,Un,-,U6 spliceosomal RNA,snRNA,-,-,-,-,20210420,-
130825,121171414,LOC121171414,-,-,-,Un,-,U6 spliceosomal RNA,snRNA,-,-,-,-,20210420,-
130825,121171415,LOC121171415,-,-,-,Un,-,cAMP-regulated phosphoprotein 19-like,pseudo,-,-,-,-,20210420,-
130825,121171416,LOC121171416,-,-,-,Un,-,U6 spliceosomal RNA,snRNA,-,-,-,-,20210420,-
130825,121171417,LOC121171417,-,-,-,Un,-,U6 spliceosomal RNA,snRNA,-,-,-,-,20210420,-
130825,121171418,LOC121171418,-,-,-,Un,-,U6 spliceosomal RNA,snRNA,-,-,-,-,20210420,-
130825,121171419,LOC121171419,-,-,-,Un,-,U6 spliceosomal RNA,pseudo,-,-,-,-,20210420,-
130825,121171420,LOC121171420,-,-,-,Un,-,U6 spliceosomal RNA,snRNA,-,-,-,-,20210420,-
130825,121171421,LOC121171421,-,-,-,Un,-,U6 spliceosomal RNA,snRNA,-,-,-,-,20210420,-
130825,121171422,LOC121171422,-,-,-,Un,-,U6 spliceosomal RNA,pseudo,-,-,-,-,20210420,-
130825,121171423,LOC121171423,-,-,-,Un,-,U6 spliceosomal RNA,snRNA,-,-,-,-,20210420,-
130825,121171424,LOC121171424,-,-,-,Un,-,U6 spliceosomal RNA,pseudo,-,-,-,-,20210420,-
130825,121171425,LOC121171425,-,-,-,Un,-,U6 spliceosomal RNA,snRNA,-,-,-,-,20210420,-
130825,121171426,LOC121171426,-,-,-,Un,-,U6 spliceosomal RNA,snRNA,-,-,-,-,20210420,-
130825,121171427,LOC121171427,-,-,-,Un,-,small nucleolar RNA SNORA63,snoRNA,-,-,-,-,20210420,-
130825,121171428,LOC121171428,-,-,-,Un,-,small nucleolar RNA SNORA63,snoRNA,-,-,-,-,20210420,-
130825,121171429,LOC121171429,-,-,-,Un,-,small nucleolar RNA SNORA70,pseudo,-,-,-,-,20210420,-
130825,121171430,LOC121171430,-,-,-,Un,-,small nucleolar RNA SNORA4,snoRNA,-,-,-,-,20210420,-
130825,121171431,LOC121171431,-,-,-,Un,-,E3 ubiquitin-protein ligase RLIM-like,protein-coding,-,-,-,E3 ubiquitin-protein ligase RLIM-like,20210420,-
130825,121171432,LOC121171432,-,-,-,Un,-,small nucleolar RNA SNORA51,snoRNA,-,-,-,-,20210420,-
130825,121171433,LOC121171433,-,-,-,Un,-,small nucleolar RNA SNORD66,snoRNA,-,-,-,-,20210420,-
130825,121171434,LOC121171434,-,-,-,Un,-,small nucleolar RNA SNORD78,snoRNA,-,-,-,-,20210420,-
130825,121171435,LOC121171435,-,-,-,Un,-,small nucleolar RNA U13,snoRNA,-,-,-,-,20210420,-
130825,121171436,LOC121171436,-,-,-,Un,-,small nucleolar RNA ACA64,pseudo,-,-,-,-,20210420,-
130825,121171437,LOC121171437,-,-,-,Un,-,small nucleolar RNA SNORA81,snoRNA,-,-,-,-,20210420,-
130825,121171438,LOC121171438,-,-,-,Un,-,small nucleolar RNA SNORD2,snoRNA,-,-,-,-,20210420,-
130825,121171439,TRNAV-AAC,-,-,-,Un,-,transfer RNA valine (anticodon AAC),tRNA,-,-,-,-,20210420,-
130825,121171440,LOC121171440,-,-,-,Un,-,cytochrome P450 3A6-like,protein-coding,-,-,-,LOW QUALITY PROTEIN: cytochrome P450 3A6-like,20210420,-
130825,121171441,LOC121171441,-,-,-,Un,-,cytochrome P450 3A6-like,protein-coding,-,-,-,cytochrome P450 3A6-like,20210420,-
130825,121171442,LOC121171442,-,-,-,Un,-,cytochrome P450 3A6-like,protein-coding,-,-,-,cytochrome P450 3A6-like,20210420,-
130825,121171443,LOC121171443,-,-,-,Un,-,ferritin heavy chain-like,protein-coding,-,-,-,ferritin heavy chain-like,20210420,-
130825,121171444,LOC121171444,-,-,-,Un,-,cytochrome P450 3A6-like,protein-coding,-,-,-,cytochrome P450 3A6-like,20210420,-
130825,121171445,LOC121171445,-,-,-,Un,-,ras-related protein Rab-6A-like,pseudo,-,-,-,-,20210420,-
130825,121171446,LOC121171446,-,-,-,Un,-,ras-related protein Rab-6A-like,pseudo,-,-,-,-,20210420,-
130825,121171447,LOC121171447,-,-,-,Un,-,cytochrome P450 3A6-like,pseudo,-,-,-,-,20210420,-
130825,121171448,LOC121171448,-,-,-,Un,-,zinc finger MYND domain-containing protein 19-like,pseudo,-,-,-,-,20210420,-
130825,121171449,LOC121171449,-,-,-,Un,-,ras-related protein Rab-6A-like,pseudo,-,-,-,-,20210420,-
130825,121171450,LOC121171450,-,-,-,Un,-,zinc finger MYND domain-containing protein 19-like,pseudo,-,-,-,-,20210420,-
130825,121171451,LOC121171451,-,-,-,Un,-,trafficking protein particle complex subunit 13-like,pseudo,-,-,-,-,20210420,-
130825,121171452,LOC121171452,-,-,-,Un,-,melanoma-associated antigen B3-like,protein-coding,-,-,-,melanoma-associated antigen B3-like,20210420,-
130825,121171453,LOC121171453,-,-,-,Un,-,zinc finger MYND domain-containing protein 19-like,pseudo,-,-,-,-,20210420,-
130825,121171454,LOC121171454,-,-,-,Un,-,ras-related protein Rab-6C-like,pseudo,-,-,-,-,20210420,-
130825,121171455,LOC121171455,-,-,-,Un,-,trafficking protein particle complex subunit 13-like,pseudo,-,-,-,-,20210420,-
130825,121171456,LOC121171456,-,-,-,Un,-,ras-related protein Rab-6A-like,pseudo,-,-,-,-,20210420,-
130825,121171457,LOC121171457,-,-,-,Un,-,trafficking protein particle complex subunit 13-like,pseudo,-,-,-,-,20210420,-
130825,121171458,LOC121171458,-,-,-,Un,-,ras-related protein Rab-6A-like,pseudo,-,-,-,-,20210420,-
130825,121171459,LOC121171459,-,-,-,Un,-,U6 spliceosomal RNA,pseudo,-,-,-,-,20210420,-
130825,121171460,TAGLN2,-,-,-,Un,-,transgelin 2,protein-coding,-,-,-,transgelin-2,20210420,-
130825,121171461,SH2D1B,-,-,-,Un,-,SH2 domain containing 1B,protein-coding,-,-,-,SH2 domain-containing protein 1B,20210420,-
130825,121171462,LOC121171462,-,-,-,Un,-,sodium/potassium-transporting ATPase subunit alpha-2,protein-coding,-,-,-,sodium/potassium-transporting ATPase subunit alpha-2,20210420,-
130825,121171463,MAGEB2,-,-,-,Un,-,MAGE family member B2,protein-coding,-,-,-,melanoma-associated antigen B2,20210420,-
130825,121171464,LOC121171464,-,-,-,Un,-,uncharacterized LOC121171464,ncRNA,-,-,-,-,20210420,-
130825,121171465,LOC121171465,-,-,-,Un,-,low affinity immunoglobulin gamma Fc region receptor III-like,protein-coding,-,-,-,low affinity immunoglobulin gamma Fc region receptor III-like,20210420,-
130825,121171466,NIT1,-,-,-,Un,-,nitrilase 1,protein-coding,-,-,-,deaminated glutathione amidase,20210420,-
130825,121171467,DEDD,-,-,-,Un,-,death effector domain containing,protein-coding,-,-,-,death effector domain-containing protein,20210420,-
130825,121171468,LOC121171468,-,-,-,Un,-,small integral membrane protein 12-like,pseudo,-,-,-,-,20210420,-
130825,121171469,SLAMF6,-,-,-,Un,-,SLAM family member 6,protein-coding,-,-,-,SLAM family member 6,20210420,-
130825,121171470,LOC121171470,-,-,-,Un,-,uncharacterized LOC121171470,ncRNA,-,-,-,-,20210420,-
130825,121171471,LOC121171471,-,-,-,Un,-,olfactory receptor 10Z1,protein-coding,-,-,-,olfactory receptor 10Z1,20210420,-
130825,121171472,NDUFS2,-,-,-,Un,-,NADH:ubiquinone oxidoreductase core subunit S2,protein-coding,-,-,-,"NADH dehydrogenase [ubiquinone] iron-sulfur protein 2, mitochondrial",20210420,-
130825,121171473,FCER1G,-,-,-,Un,-,Fc fragment of IgE receptor Ig,protein-coding,-,-,-,high affinity immunoglobulin epsilon receptor subunit gamma,20210420,-
130825,121171474,CD84,-,-,-,Un,-,CD84 molecule,protein-coding,-,-,-,SLAM family member 5,20210420,-
130825,121171475,CD48,-,-,-,Un,-,CD48 molecule,protein-coding,-,-,-,CD48 antigen,20210420,-
130825,121171476,PBX1,-,-,-,Un,-,PBX homeobox 1,protein-coding,-,-,-,pre-B-cell leukemia transcription factor 1,20210501,-
130825,121171477,LOC121171477,-,-,-,Un,-,melanoma-associated antigen B10-like,protein-coding,-,-,-,melanoma-associated antigen B10-like,20210420,-
130825,121171478,TMCO1,-,-,-,Un,-,transmembrane and coiled-coil domains 1,protein-coding,-,-,-,calcium load-activated calcium channel,20210522,-
130825,121171479,UCK2,-,-,-,Un,-,uridine-cytidine kinase 2,protein-coding,-,-,-,uridine-cytidine kinase 2,20210420,-
130825,121171480,LOC121171480,-,-,-,Un,-,sodium/potassium-transporting ATPase subunit alpha-4,protein-coding,-,-,-,sodium/potassium-transporting ATPase subunit alpha-4,20210420,-
130825,121171481,KIRREL1,-,-,-,Un,-,kirre like nephrin family adhesion molecule 1,protein-coding,-,-,-,kin of IRRE-like protein 1,20210420,-
130825,121171482,MPC2,-,-,-,Un,-,mitochondrial pyruvate carrier 2,protein-coding,-,-,-,mitochondrial pyruvate carrier 2,20210420,-
130825,121171483,LOC121171483,-,-,-,Un,-,uncharacterized LOC121171483,ncRNA,-,-,-,-,20210420,-
130825,121171484,SDHC,-,-,-,Un,-,succinate dehydrogenase complex subunit C,protein-coding,-,-,-,"succinate dehydrogenase cytochrome b560 subunit, mitochondrial",20210420,-
130825,121171485,LOC121171485,-,-,-,Un,-,melanoma-associated antigen B10-like,protein-coding,-,-,-,melanoma-associated antigen B10-like,20210420,-
130825,121171486,ACKR1,-,-,-,Un,-,atypical chemokine receptor 1 (Duffy blood group),protein-coding,-,-,-,atypical chemokine receptor 1,20210420,-
130825,121171487,CREG1,-,-,-,Un,-,cellular repressor of E1A stimulated genes 1,protein-coding,-,-,-,protein CREG1,20210420,-
130825,121171488,NUF2,-,-,-,Un,-,NUF2 component of NDC80 kinetochore complex,protein-coding,-,-,-,kinetochore protein Nuf2,20210420,-
130825,121171489,SLAMF1,-,-,-,Un,-,signaling lymphocytic activation molecule family member 1,protein-coding,-,-,-,signaling lymphocytic activation molecule,20210420,-
130825,121171490,LOC121171490,-,-,-,Un,-,antigen-presenting glycoprotein CD1d-like,protein-coding,-,-,-,antigen-presenting glycoprotein CD1d-like,20210420,-
130825,121171491,LOC121171491,-,-,-,Un,-,antigen-presenting glycoprotein CD1d-like,protein-coding,-,-,-,antigen-presenting glycoprotein CD1d-like,20210420,-
130825,121171492,LOC121171492,-,-,-,Un,-,antigen-presenting glycoprotein CD1d-like,protein-coding,-,-,-,antigen-presenting glycoprotein CD1d-like,20210420,-
130825,121171493,LOC121171493,-,-,-,Un,-,olfactory receptor 6N2,protein-coding,-,-,-,olfactory receptor 6N2,20210420,-
130825,121171494,LOC121171494,-,-,-,Un,-,olfactory receptor 6N1,protein-coding,-,-,-,olfactory receptor 6N1,20210420,-
130825,121171495,LOC121171495,-,-,-,Un,-,trophinin-like,protein-coding,-,-,-,trophinin-like,20210420,-
130825,121171496,LOC121171496,-,-,-,Un,-,glyceraldehyde-3-phosphate dehydrogenase-like,pseudo,-,-,-,-,20210420,-
130825,121171497,VSIG8,-,-,-,Un,-,V-set and immunoglobulin domain containing 8,protein-coding,-,-,-,V-set and immunoglobulin domain-containing protein 8,20210420,-
130825,121171498,LOC121171498,-,-,-,Un,-,low affinity immunoglobulin gamma Fc region receptor III-A-like,protein-coding,-,-,-,low affinity immunoglobulin gamma Fc region receptor III-A-like,20210420,-
130825,121171499,RXRG,-,-,-,Un,-,retinoid X receptor gamma,protein-coding,-,-,-,retinoic acid receptor RXR-gamma,20210420,-
130825,121171500,FCGR2B,-,-,-,Un,-,Fc fragment of IgG receptor IIb,protein-coding,-,-,-,low affinity immunoglobulin gamma Fc region receptor II-b,20210420,-
130825,121171501,LOC121171501,-,-,-,Un,-,"ATP synthase F(0) complex subunit B1, mitochondrial-like",pseudo,-,-,-,-,20210420,-
130825,121171502,CADM3,-,-,-,Un,-,cell adhesion molecule 3,protein-coding,-,-,-,cell adhesion molecule 3,20210420,-
130825,121171503,NR1I3,-,-,-,Un,-,nuclear receptor subfamily 1 group I member 3,protein-coding,-,-,-,nuclear receptor subfamily 1 group I member 3,20210420,-
130825,121171504,TOMM40L,-,-,-,Un,-,translocase of outer mitochondrial membrane 40 like,protein-coding,-,-,-,mitochondrial import receptor subunit TOM40B,20210420,-
130825,121171505,LOC121171505,-,-,-,Un,-,UPF0183 protein C16orf70-like,pseudo,-,-,-,-,20210420,-
130825,121171506,PPOX,-,-,-,Un,-,protoporphyrinogen oxidase,protein-coding,-,-,-,protoporphyrinogen oxidase,20210420,-
130825,121171507,B4GALT3,-,-,-,Un,-,"beta-1,4-galactosyltransferase 3",protein-coding,-,-,-,"beta-1,4-galactosyltransferase 3",20210420,-
130825,121171508,LOC121171508,-,-,-,Un,-,cysteine dioxygenase type 1-like,pseudo,-,-,-,-,20210420,-
130825,121171509,ALDH9A1,-,-,-,Un,-,aldehyde dehydrogenase 9 family member A1,protein-coding,-,-,-,4-trimethylaminobutyraldehyde dehydrogenase,20210420,-
130825,121171510,DUSP23,-,-,-,Un,-,dual specificity phosphatase 23,protein-coding,-,-,-,dual specificity protein phosphatase 23,20210420,-
130825,121171511,UAP1,-,-,-,Un,-,UDP-N-acetylglucosamine pyrophosphorylase 1,protein-coding,-,-,-,UDP-N-acetylhexosamine pyrophosphorylase,20210420,-
130825,121171512,DDR2,-,-,-,Un,-,discoidin domain receptor tyrosine kinase 2,protein-coding,-,-,-,discoidin domain-containing receptor 2,20210420,-
130825,121171513,LOC121171513,-,-,-,Un,-,non-histone chromosomal protein HMG-14-like,protein-coding,-,-,-,non-histone chromosomal protein HMG-14-like,20210420,-
130825,121171514,ADCY10,-,-,-,Un,-,adenylate cyclase 10,protein-coding,-,-,-,adenylate cyclase type 10,20210420,-
130825,121171515,LOC121171515,-,-,-,Un,-,uncharacterized LOC121171515,ncRNA,-,-,-,-,20210420,-
130825,121171516,MAEL,-,-,-,Un,-,maelstrom spermatogenic transposon silencer,protein-coding,-,-,-,protein maelstrom homolog,20210420,-
130825,121171517,LOC121171517,-,-,-,Un,-,low affinity immunoglobulin gamma Fc region receptor III-B-like,protein-coding,-,-,-,low affinity immunoglobulin gamma Fc region receptor III-B-like,20210420,-
130825,121171518,LOC121171518,-,-,-,Un,-,melanoma-associated antigen B4-like,protein-coding,-,-,-,melanoma-associated antigen B4-like,20210420,-
130825,121171519,CASQ1,-,-,-,Un,-,calsequestrin 1,protein-coding,-,-,-,calsequestrin-1,20210420,-
130825,121171520,LOC121171520,-,-,-,Un,-,T-cell surface glycoprotein CD1b-2-like,protein-coding,-,-,-,T-cell surface glycoprotein CD1b-2-like,20210420,-
130825,121171521,LOC121171521,-,-,-,Un,-,40S ribosomal protein S27-like,protein-coding,-,-,-,40S ribosomal protein S27-like,20210420,-
130825,121171522,NECTIN4,-,-,-,Un,-,nectin cell adhesion molecule 4,protein-coding,-,-,-,nectin-4,20210420,-
130825,121171523,SLAMF7,-,-,-,Un,-,SLAM family member 7,protein-coding,-,-,-,SLAM family member 7,20210420,-
130825,121171524,ILDR2,-,-,-,Un,-,immunoglobulin like domain containing receptor 2,protein-coding,-,-,-,immunoglobulin-like domain-containing receptor 2,20210420,-
130825,121171525,LOC121171525,-,-,-,Un,-,60S ribosomal protein L15-like,pseudo,-,-,-,-,20210420,-
130825,121171526,LOC121171526,-,-,-,Un,-,flavin-containing monooxygenase 5-like,protein-coding,-,-,-,flavin-containing monooxygenase 5-like,20210420,-
130825,121171527,LOC121171527,-,-,-,Un,-,melanoma-associated antigen B5-like,protein-coding,-,-,-,melanoma-associated antigen B5-like,20210420,-
130825,121171528,LOC121171528,-,-,-,Un,-,flavin-containing monooxygenase 5-like,protein-coding,-,-,-,flavin-containing monooxygenase 5-like,20210420,-
130825,121171529,LOC121171529,-,-,-,Un,-,RNA-binding protein 39-like,pseudo,-,-,-,-,20210420,-
130825,121171530,LOC121171530,-,-,-,Un,-,caspase recruitment domain-containing protein 10-like,pseudo,-,-,-,-,20210420,-
130825,121171531,LOC121171531,-,-,-,Un,-,glyceraldehyde-3-phosphate dehydrogenase-like,pseudo,-,-,-,-,20210420,-
130825,121171532,LOC121171532,-,-,-,Un,-,nicotinate-nucleotide pyrophosphorylase [carboxylating]-like,pseudo,-,-,-,-,20210420,-
130825,121171533,CCDC190,-,-,-,Un,-,coiled-coil domain containing 190,protein-coding,-,-,-,coiled-coil domain-containing protein 190,20210420,-
130825,121171534,LOC121171534,-,-,-,Un,-,26S proteasome regulatory subunit 4-like,pseudo,-,-,-,-,20210420,-
130825,121171535,ATF6,-,-,-,Un,-,activating transcription factor 6,protein-coding,-,-,-,cyclic AMP-dependent transcription factor ATF-6 alpha,20210420,-
130825,121171536,LOC121171536,-,-,-,Un,-,mediator of RNA polymerase II transcription subunit 28-like,pseudo,-,-,-,-,20210420,-
130825,121171537,PCP4L1,-,-,-,Un,-,Purkinje cell protein 4 like 1,protein-coding,-,-,-,Purkinje cell protein 4-like protein 1,20210420,-
130825,121171538,LOC121171538,-,-,-,Un,-,melanoma-associated antigen B4-like,protein-coding,-,-,-,melanoma-associated antigen B4-like,20210420,-
130825,121171539,LOC121171539,-,-,-,Un,-,carnosine N-methyltransferase-like,pseudo,-,-,-,-,20210420,-
130825,121171540,KLHDC9,-,-,-,Un,-,kelch domain containing 9,protein-coding,-,-,-,kelch domain-containing protein 9,20210420,-
130825,121171541,LOC121171541,-,-,-,Un,-,intelectin-1-like,protein-coding,-,-,-,intelectin-1-like,20210420,-
130825,121171542,LOC121171542,-,-,-,Un,-,intelectin-1-like,protein-coding,-,-,-,intelectin-1-like,20210420,-
130825,121171543,CD244,-,-,-,Un,-,CD244 molecule,protein-coding,-,-,-,natural killer cell receptor 2B4,20210420,-
130825,121171544,LOC121171544,-,-,-,Un,-,40S ribosomal protein S17-like,pseudo,-,-,-,-,20210420,-
130825,121171545,LOC121171545,-,-,-,Un,-,C-reactive protein,protein-coding,-,-,-,LOW QUALITY PROTEIN: C-reactive protein,20210420,-
130825,121171546,LOC121171546,-,-,-,Un,-,olfactory receptor 10J1-like,pseudo,-,-,-,-,20210420,-
130825,121171547,LOC121171547,-,-,-,Un,-,olfactory receptor 10J3-like,protein-coding,-,-,-,LOW QUALITY PROTEIN: olfactory receptor 10J3-like,20210420,-
130825,121171548,LOC121171548,-,-,-,Un,-,pyrin and HIN domain-containing protein 1-like,protein-coding,-,-,-,LOW QUALITY PROTEIN: pyrin and HIN domain-containing protein 1-like,20210420,-
130825,121171549,LOC121171549,-,-,-,Un,-,melanoma-associated antigen B1-like,protein-coding,-,-,-,melanoma-associated antigen B1-like,20210420,-
130825,121171550,LOC121171550,-,-,-,Un,-,olfactory receptor 6N2-like,protein-coding,-,-,-,olfactory receptor 6N2-like,20210420,-
130825,121171551,LOC121171551,-,-,-,Un,-,olfactory receptor 6N2-like,protein-coding,-,-,-,olfactory receptor 6N2-like,20210420,-
130825,121171552,LOC121171552,-,-,-,Un,-,olfactory receptor 6K6,protein-coding,-,-,-,olfactory receptor 6K6,20210420,-
130825,121171553,LOC121171553,-,-,-,Un,-,olfactory receptor 6K2,protein-coding,-,-,-,olfactory receptor 6K2,20210420,-
130825,121171554,LOC121171554,-,-,-,Un,-,olfactory receptor 6Y1,protein-coding,-,-,-,olfactory receptor 6Y1,20210420,-
130825,121171555,LOC121171555,-,-,-,Un,-,olfactory receptor 10R2-like,protein-coding,-,-,-,olfactory receptor 10R2-like,20210420,-
130825,121171556,LOC121171556,-,-,-,Un,-,olfactory receptor 10R2,protein-coding,-,-,-,olfactory receptor 10R2,20210420,-
130825,121171557,LOC121171557,-,-,-,Un,-,olfactory receptor 10K2,protein-coding,-,-,-,olfactory receptor 10K2,20210420,-
130825,121171558,LOC121171558,-,-,-,Un,-,olfactory receptor 10T2,protein-coding,-,-,-,olfactory receptor 10T2,20210420,-
130825,121171559,LOC121171559,-,-,-,Un,-,"T-cell surface glycoprotein CD1e, membrane-associated-like",protein-coding,-,-,-,"T-cell surface glycoprotein CD1e, membrane-associated-like",20210420,-
130825,121171560,LOC121171560,-,-,-,Un,-,melanoma-associated antigen B18-like,protein-coding,-,-,-,melanoma-associated antigen B18-like,20210420,-
130825,121171561,LOC121171561,-,-,-,Un,-,small nuclear ribonucleoprotein Sm D1-like,pseudo,-,-,-,-,20210420,-
130825,121171562,LOC121171562,-,-,-,Un,-,T-cell surface glycoprotein CD1a-like,protein-coding,-,-,-,T-cell surface glycoprotein CD1a-like,20210420,-
130825,121171563,LOC121171563,-,-,-,Un,-,40S ribosomal protein S15a-like,pseudo,-,-,-,-,20210420,-
130825,121171564,LOC121171564,-,-,-,Un,-,T-cell surface glycoprotein CD1a-like,protein-coding,-,-,-,T-cell surface glycoprotein CD1a-like,20210420,-
130825,121171565,LOC121171565,-,-,-,Un,-,T-cell surface glycoprotein CD1a-like,protein-coding,-,-,-,T-cell surface glycoprotein CD1a-like,20210420,-
130825,121171566,LOC121171566,-,-,-,Un,-,T-cell surface glycoprotein CD1a-like,protein-coding,-,-,-,T-cell surface glycoprotein CD1a-like,20210420,-
130825,121171567,LOC121171567,-,-,-,Un,-,T-cell surface glycoprotein CD1a-like,protein-coding,-,-,-,T-cell surface glycoprotein CD1a-like,20210420,-
130825,121171568,LOC121171568,-,-,-,Un,-,T-cell surface glycoprotein CD1a-like,protein-coding,-,-,-,T-cell surface glycoprotein CD1a-like,20210420,-
130825,121171569,FCRL4,-,-,-,Un,-,Fc receptor like 4,protein-coding,-,-,-,Fc receptor-like protein 4,20210420,-
130825,121171570,LOC121171570,-,-,-,Un,-,small nuclear ribonucleoprotein Sm D1-like,protein-coding,-,-,-,small nuclear ribonucleoprotein Sm D1-like,20210420,-
130825,121171571,LOC121171571,-,-,-,Un,-,proteasome assembly chaperone 4-like,protein-coding,-,-,-,proteasome assembly chaperone 4-like,20210420,-
130825,121171572,MPZ,-,-,-,Un,-,myelin protein zero,protein-coding,-,-,-,myelin protein P0,20210420,-
130825,121171573,APOA2,-,-,-,Un,-,apolipoprotein A2,protein-coding,-,-,-,apolipoprotein A-II,20210420,-
130825,121171574,LOC121171574,-,-,-,Un,-,nitric oxide synthase 1 adaptor protein,protein-coding,-,-,-,carboxyl-terminal PDZ ligand of neuronal nitric oxide synthase protein,20210420,-
130825,121171575,SPATA46,-,-,-,Un,-,spermatogenesis associated 46,protein-coding,-,-,-,spermatogenesis-associated protein 46,20210420,-
130825,121171576,CUNH1orf226,-,-,-,Un,-,chromosome unknown C1orf226 homolog,protein-coding,-,-,-,uncharacterized protein C1orf226 homolog,20210420,-
130825,121171577,FCRL5,-,-,-,Un,-,Fc receptor like 5,protein-coding,-,-,-,Fc receptor-like protein 5,20210420,-
130825,121171578,LOC121171578,-,-,-,Un,-,SLAM family member 5-like,protein-coding,-,-,-,SLAM family member 5-like,20210420,-
130825,121171579,CUNHXorf58,-,-,-,Un,-,chromosome unknown CXorf58 homolog,protein-coding,-,-,-,putative uncharacterized protein CXorf58 homolog,20210420,-
130825,121171580,LOC121171580,-,-,-,Un,-,SLAM family member 5-like,protein-coding,-,-,-,SLAM family member 5-like,20210420,-
130825,121171581,LOC121171581,-,-,-,Un,-,uncharacterized LOC121171581,ncRNA,-,-,-,-,20210420,-
130825,121171582,LOC121171582,-,-,-,Un,-,uncharacterized LOC121171582,ncRNA,-,-,-,-,20210420,-
130825,121171583,DCAF8,-,-,-,Un,-,DDB1 and CUL4 associated factor 8,protein-coding,-,-,-,DDB1- and CUL4-associated factor 8,20210420,-
130825,121171584,PEX19,-,-,-,Un,-,peroxisomal biogenesis factor 19,protein-coding,-,-,-,peroxisomal biogenesis factor 19,20210420,-
130825,121171585,LOC121171585,-,-,-,Un,-,melanoma-associated antigen B5-like,protein-coding,-,-,-,melanoma-associated antigen B5-like,20210420,-
130825,121171586,LOC121171586,-,-,-,Un,-,gametogenetin-like,protein-coding,-,-,-,gametogenetin-like,20210420,-
130825,121171587,PEA15,-,-,-,Un,-,proliferation and apoptosis adaptor protein 15,protein-coding,-,-,-,astrocytic phosphoprotein PEA-15,20210529,-
130825,121171588,LOC121171588,-,-,-,Un,-,proteasome activator complex subunit 3-like,protein-coding,-,-,-,proteasome activator complex subunit 3-like,20210420,-
130825,121171589,CD247,-,-,-,Un,-,CD247 molecule,protein-coding,-,-,-,T-cell surface glycoprotein CD3 zeta chain,20210420,-
130825,121171590,LOC121171590,-,-,-,Un,-,olfactory receptor 6K3-like,protein-coding,-,-,-,olfactory receptor 6K3-like,20210420,-
130825,121171591,DDX53,-,-,-,Un,-,DEAD-box helicase 53,protein-coding,-,-,-,DEAD box protein 53,20210420,-
130825,121171592,TADA1,-,-,-,Un,-,transcriptional adaptor 1,protein-coding,-,-,-,transcriptional adapter 1,20210420,-
130825,121171593,MGST3,-,-,-,Un,-,microsomal glutathione S-transferase 3,protein-coding,-,-,-,microsomal glutathione S-transferase 3,20210420,-
130825,121171594,FCRL3,-,-,-,Un,-,Fc receptor like 3,protein-coding,-,-,-,Fc receptor-like protein 3,20210420,-
130825,121171595,FCER1A,-,-,-,Un,-,Fc fragment of IgE receptor Ia,protein-coding,-,-,-,high affinity immunoglobulin epsilon receptor subunit alpha,20210420,-
130825,121171596,CFAP126,-,-,-,Un,-,cilia and flagella associated protein 126,protein-coding,-,-,-,protein Flattop,20210420,-
130825,121171597,SLAMF8,-,-,-,Un,-,SLAM family member 8,protein-coding,-,-,-,SLAM family member 8,20210420,-
130825,121171598,LOC121171598,-,-,-,Un,-,intelectin-1-like,protein-coding,-,-,-,intelectin-1-like,20210420,-
130825,121171599,HSD17B7,-,-,-,Un,-,hydroxysteroid 17-beta dehydrogenase 7,protein-coding,-,-,-,3-keto-steroid reductase/17-beta-hydroxysteroid dehydrogenase 7,20210420,-
130825,121171600,LOC121171600,-,-,-,Un,-,60S ribosomal protein L23a-like,pseudo,-,-,-,-,20210420,-
130825,121171601,USP21,-,-,-,Un,-,ubiquitin specific peptidase 21,protein-coding,-,-,-,ubiquitin carboxyl-terminal hydrolase 21,20210420,-
130825,121171602,ADAMTS4,-,-,-,Un,-,ADAM metallopeptidase with thrombospondin type 1 motif 4,protein-coding,-,-,-,A disintegrin and metalloproteinase with thrombospondin motifs 4,20210420,-
130825,121171603,LOC121171603,-,-,-,Un,-,intelectin-1-like,protein-coding,-,-,-,intelectin-1-like,20210420,-
130825,121171604,FCRLA,-,-,-,Un,-,Fc receptor like A,protein-coding,-,-,-,Fc receptor-like A,20210420,-
130825,121171605,LMX1A,-,-,-,Un,-,LIM homeobox transcription factor 1 alpha,protein-coding,-,-,-,LIM homeobox transcription factor 1-alpha,20210420,-
130825,121171606,UFC1,-,-,-,Un,-,ubiquitin-fold modifier conjugating enzyme 1,protein-coding,-,-,-,ubiquitin-fold modifier-conjugating enzyme 1,20210420,-
130825,121171607,LOC121171607,-,-,-,Un,-,small ubiquitin-related modifier 3-like,pseudo,-,-,-,-,20210420,-
130825,121171608,LOC121171608,-,-,-,Un,-,antigen-presenting glycoprotein CD1d-like,protein-coding,-,-,-,antigen-presenting glycoprotein CD1d-like,20210420,-
130825,121171609,IGSF8,-,-,-,Un,-,immunoglobulin superfamily member 8,protein-coding,-,-,-,immunoglobulin superfamily member 8,20210420,-
130825,121171610,CFAP45,-,-,-,Un,-,cilia and flagella associated protein 45,protein-coding,-,-,-,cilia- and flagella-associated protein 45,20210420,-
130825,121171611,RGS5,-,-,-,Un,-,regulator of G protein signaling 5,protein-coding,-,-,-,regulator of G-protein signaling 5,20210420,-
130825,121171612,OLFML2B,-,-,-,Un,-,olfactomedin like 2B,protein-coding,-,-,-,olfactomedin-like protein 2B,20210420,-
130825,121171613,PFDN2,-,-,-,Un,-,prefoldin subunit 2,protein-coding,-,-,-,prefoldin subunit 2,20210420,-
130825,121171614,KCNJ9,-,-,-,Un,-,potassium inwardly rectifying channel subfamily J member 9,protein-coding,-,-,-,G protein-activated inward rectifier potassium channel 3,20210420,-
130825,121171615,LOC121171615,-,-,-,Un,-,ubiquitin-conjugating enzyme E2 variant 2-like,protein-coding,-,-,-,ubiquitin-conjugating enzyme E2 variant 2-like,20210420,-
130825,121171616,LOC121171616,-,-,-,Un,-,uncharacterized protein CXorf49 homolog,protein-coding,-,-,-,uncharacterized protein CXorf49 homolog,20210420,-
130825,121171617,DUSP12,-,-,-,Un,-,dual specificity phosphatase 12,protein-coding,-,-,-,dual specificity protein phosphatase 12,20210420,-
130825,121171618,FCRL1,-,-,-,Un,-,Fc receptor like 1,protein-coding,-,-,-,Fc receptor-like protein 1,20210420,-
130825,121171619,FCRLB,-,-,-,Un,-,Fc receptor like B,protein-coding,-,-,-,Fc receptor-like B,20210420,-
130825,121171620,F11R,-,-,-,Un,-,F11 receptor,protein-coding,-,-,-,junctional adhesion molecule A,20210420,-
130825,121171621,VANGL2,-,-,-,Un,-,VANGL planar cell polarity protein 2,protein-coding,-,-,-,vang-like protein 2,20210522,-
130825,121171622,LOC121171622,-,-,-,Un,-,olfactory receptor 10J3-like,protein-coding,-,-,-,olfactory receptor 10J3-like,20210420,-
130825,121171623,KCNJ10,-,-,-,Un,-,potassium inwardly rectifying channel subfamily J member 10,protein-coding,-,-,-,ATP-sensitive inward rectifier potassium channel 10,20210420,-
130825,121171624,TEX11,-,-,-,Un,-,testis expressed 11,protein-coding,-,-,-,testis-expressed protein 11,20210420,-
130825,121171625,STYXL2,-,-,-,Un,-,serine/threonine/tyrosine interacting like 2,protein-coding,-,-,-,serine/threonine/tyrosine-interacting-like protein 2,20210420,-
130825,121171626,LOC121171626,-,-,-,Un,-,olfactory receptor 6K3,protein-coding,-,-,-,olfactory receptor 6K3,20210420,-
130825,121171627,POGK,-,-,-,Un,-,pogo transposable element derived with KRAB domain,protein-coding,-,-,-,pogo transposable element with KRAB domain,20210420,-
130825,121171628,IGSF9,-,-,-,Un,-,immunoglobulin superfamily member 9,protein-coding,-,-,-,protein turtle homolog A,20210420,-
130825,121171629,LOC121171629,-,-,-,Un,-,olfactory receptor 10J4,protein-coding,-,-,-,olfactory receptor 10J4,20210420,-
130825,121171630,PIGM,-,-,-,Un,-,phosphatidylinositol glycan anchor biosynthesis class M,protein-coding,-,-,-,GPI mannosyltransferase 1,20210420,-
130825,121171631,CD5L,-,-,-,Un,-,CD5 molecule like,protein-coding,-,-,-,CD5 antigen-like,20210420,-
130825,121171632,SLAMF9,-,-,-,Un,-,SLAM family member 9,protein-coding,-,-,-,SLAM family member 9,20210420,-
130825,121171633,FAM78B,-,-,-,Un,-,family with sequence similarity 78 member B,protein-coding,-,-,-,protein FAM78B,20210420,-
130825,121171634,ARR3,-,-,-,Un,-,arrestin 3,protein-coding,-,-,-,arrestin-C,20210420,-
130825,121171635,LOC121171635,-,-,-,Un,-,T-cell surface glycoprotein CD1b-2-like,protein-coding,-,-,-,T-cell surface glycoprotein CD1b-2-like,20210420,-
130825,121171636,LOC121171636,-,-,-,Un,-,T-cell surface glycoprotein CD1b-2-like,protein-coding,-,-,-,T-cell surface glycoprotein CD1b-2-like,20210420,-
130825,121171637,LOC121171637,-,-,-,Un,-,olfactory receptor 10K1,protein-coding,-,-,-,olfactory receptor 10K1,20210420,-
130825,121171638,LOC121171638,-,-,-,Un,-,olfactory receptor 10J1-like,pseudo,-,-,-,-,20210420,-
130825,121171639,LOC121171639,-,-,-,Un,-,T-cell surface glycoprotein CD1b-2-like,protein-coding,-,-,-,T-cell surface glycoprotein CD1b-2-like,20210420,-
130825,121171640,LOC121171640,-,-,-,Un,-,olfactory receptor 10J1-like,protein-coding,-,-,-,olfactory receptor 10J1-like,20210420,-
130825,121171641,LOC121171641,-,-,-,Un,-,olfactory receptor 10J1-like,protein-coding,-,-,-,olfactory receptor 10J1-like,20210420,-
130825,121171642,RGS4,-,-,-,Un,-,regulator of G protein signaling 4,protein-coding,-,-,-,regulator of G-protein signaling 4,20210420,-
130825,121171643,LOC121171643,-,-,-,Un,-,olfactory receptor 6P1,protein-coding,-,-,-,olfactory receptor 6P1,20210420,-
130825,121171644,LOC121171644,-,-,-,Un,-,uncharacterized LOC121171644,ncRNA,-,-,-,-,20210420,-
130825,121171645,P2RY4,-,-,-,Un,-,pyrimidinergic receptor P2Y4,protein-coding,-,-,-,LOW QUALITY PROTEIN: P2Y purinoceptor 4,20210420,-
130825,121171646,GPA33,-,-,-,Un,-,glycoprotein A33,protein-coding,-,-,-,cell surface A33 antigen,20210420,-
130825,121171647,LRRC52,-,-,-,Un,-,leucine rich repeat containing 52,protein-coding,-,-,-,leucine-rich repeat-containing protein 52,20210420,-
130825,121171648,POU2F1,-,-,-,Un,-,POU class 2 homeobox 1,protein-coding,-,-,-,"POU domain, class 2, transcription factor 1",20210420,-
130825,121171649,LOC121171649,-,-,-,Un,-,olfactory receptor 10T2-like,protein-coding,-,-,-,olfactory receptor 10T2-like,20210420,-
130825,121171650,COPA,-,-,-,Un,-,COPI coat complex subunit alpha,protein-coding,-,-,-,coatomer subunit alpha,20210420,-
130825,121171651,NCSTN,-,-,-,Un,-,nicastrin,protein-coding,-,-,-,nicastrin,20210420,-
130825,121171652,OTUD6A,-,-,-,Un,-,OTU deubiquitinase 6A,protein-coding,-,-,-,OTU domain-containing protein 6A,20210420,-
130825,121171653,ARHGAP30,-,-,-,Un,-,Rho GTPase activating protein 30,protein-coding,-,-,-,rho GTPase-activating protein 30,20210420,-
130825,121171654,USF1,-,-,-,Un,-,upstream transcription factor 1,protein-coding,-,-,-,upstream stimulatory factor 1,20210522,-
130825,121171655,TSTD1,-,-,-,Un,-,thiosulfate sulfurtransferase like domain containing 1,protein-coding,-,-,-,thiosulfate:glutathione sulfurtransferase,20210420,-
130825,121171656,APCS,-,-,-,Un,-,"amyloid P component, serum",protein-coding,-,-,-,LOW QUALITY PROTEIN: serum amyloid P-component,20210420,-
130825,121171657,LOC121171657,-,-,-,Un,-,uncharacterized LOC121171657,ncRNA,-,-,-,-,20210420,-
130825,121171658,LOC121171658,-,-,-,Un,-,60S acidic ribosomal protein P0-like,pseudo,-,-,-,-,20210420,-
130825,121171659,SPTA1,-,-,-,Un,-,"spectrin alpha, erythrocytic 1",protein-coding,-,-,-,"spectrin alpha chain, erythrocytic 1",20210420,-
130825,121171660,NHLH1,-,-,-,Un,-,nescient helix-loop-helix 1,protein-coding,-,-,-,helix-loop-helix protein 1,20210420,-
130825,121171661,UHMK1,-,-,-,Un,-,U2AF homology motif kinase 1,protein-coding,-,-,-,serine/threonine-protein kinase Kist,20210420,-
130825,121171662,LOC121171662,-,-,-,Un,-,5S ribosomal RNA,pseudo,-,-,-,-,20210420,-
130825,121171663,LOC121171663,-,-,-,Un,-,U6 spliceosomal RNA,pseudo,-,-,-,-,20210420,-
130825,121171664,LOC121171664,-,-,-,Un,-,U6 spliceosomal RNA,snRNA,-,-,-,-,20210420,-
130825,121171665,LOC121171665,-,-,-,Un,-,U11 spliceosomal RNA,snRNA,-,-,-,-,20210420,-
130825,121171666,LOC121171666,-,-,-,Un,-,5S ribosomal RNA,pseudo,-,-,-,-,20210420,-
130825,121171667,LOC121171667,-,-,-,Un,-,5S ribosomal RNA,pseudo,-,-,-,-,20210420,-
130825,121171668,LOC121171668,-,-,-,Un,-,5S ribosomal RNA,pseudo,-,-,-,-,20210420,-
130825,121171669,LOC121171669,-,-,-,Un,-,5S ribosomal RNA,pseudo,-,-,-,-,20210420,-
130825,121171670,LOC121171670,-,-,-,Un,-,sin3 histone deacetylase corepressor complex component SDS3-like,pseudo,-,-,-,-,20210420,-
130825,121171671,LOC121171671,-,-,-,Un,-,5S ribosomal RNA,pseudo,-,-,-,-,20210420,-
130825,121171672,LOC121171672,-,-,-,Un,-,5S ribosomal RNA,pseudo,-,-,-,-,20210420,-
130825,121171673,LOC121171673,-,-,-,Un,-,5S ribosomal RNA,pseudo,-,-,-,-,20210420,-
130825,121171674,LOC121171674,-,-,-,Un,-,5S ribosomal RNA,pseudo,-,-,-,-,20210420,-
130825,121171675,LOC121171675,-,-,-,Un,-,5S ribosomal RNA,pseudo,-,-,-,-,20210420,-
130825,121171676,LOC121171676,-,-,-,Un,-,5S ribosomal RNA,pseudo,-,-,-,-,20210420,-
130825,121171677,LOC121171677,-,-,-,Un,-,5S ribosomal RNA,pseudo,-,-,-,-,20210420,-
130825,121171678,LOC121171678,-,-,-,Un,-,5S ribosomal RNA,pseudo,-,-,-,-,20210420,-
130825,121171679,LOC121171679,-,-,-,Un,-,5S ribosomal RNA,pseudo,-,-,-,-,20210420,-
130825,121171680,LOC121171680,-,-,-,Un,-,5S ribosomal RNA,pseudo,-,-,-,-,20210420,-
130825,121171681,LOC121171681,-,-,-,Un,-,5S ribosomal RNA,pseudo,-,-,-,-,20210420,-
130825,121171682,LOC121171682,-,-,-,Un,-,5S ribosomal RNA,pseudo,-,-,-,-,20210420,-
130825,121171683,LOC121171683,-,-,-,Un,-,5S ribosomal RNA,pseudo,-,-,-,-,20210420,-
130825,121171684,LOC121171684,-,-,-,Un,-,5S ribosomal RNA,pseudo,-,-,-,-,20210420,-
130825,121171685,LOC121171685,-,-,-,Un,-,5S ribosomal RNA,pseudo,-,-,-,-,20210420,-
130825,121171686,LOC121171686,-,-,-,Un,-,AP-3 complex subunit sigma-1-like,pseudo,-,-,-,-,20210420,-
130825,121171687,LOC121171687,-,-,-,Un,-,5S ribosomal RNA,pseudo,-,-,-,-,20210420,-
130825,121171688,LOC121171688,-,-,-,Un,-,5S ribosomal RNA,pseudo,-,-,-,-,20210420,-
130825,121171689,LOC121171689,-,-,-,Un,-,5S ribosomal RNA,pseudo,-,-,-,-,20210420,-
130825,121171690,LOC121171690,-,-,-,Un,-,5S ribosomal RNA,pseudo,-,-,-,-,20210420,-
130825,121171691,LOC121171691,-,-,-,Un,-,5S ribosomal RNA,pseudo,-,-,-,-,20210420,-
130825,121171692,LOC121171692,-,-,-,Un,-,5S ribosomal RNA,pseudo,-,-,-,-,20210420,-
130825,121171693,LOC121171693,-,-,-,Un,-,5S ribosomal RNA,pseudo,-,-,-,-,20210420,-
130825,121171694,LOC121171694,-,-,-,Un,-,5S ribosomal RNA,pseudo,-,-,-,-,20210420,-
130825,121171695,LOC121171695,-,-,-,Un,-,5S ribosomal RNA,pseudo,-,-,-,-,20210420,-
130825,121171696,LOC121171696,-,-,-,Un,-,U2 spliceosomal RNA,pseudo,-,-,-,-,20210420,-
130825,121171697,LOC121171697,-,-,-,Un,-,U4 spliceosomal RNA,pseudo,-,-,-,-,20210420,-
130825,121171698,LOC121171698,-,-,-,Un,-,5S ribosomal RNA,pseudo,-,-,-,-,20210420,-
130825,121171699,LOC121171699,-,-,-,Un,-,U6 spliceosomal RNA,snRNA,-,-,-,-,20210420,-
130825,121171700,LOC121171700,-,-,-,Un,-,U6 spliceosomal RNA,snRNA,-,-,-,-,20210420,-
130825,121171701,LOC121171701,-,-,-,Un,-,U6 spliceosomal RNA,pseudo,-,-,-,-,20210420,-
130825,121171702,LOC121171702,-,-,-,Un,-,"selenide, water dikinase 1-like",protein-coding,-,-,-,"LOW QUALITY PROTEIN: selenide, water dikinase 1-like",20210420,-
130825,121171703,LOC121171703,-,-,-,Un,-,U6 spliceosomal RNA,snRNA,-,-,-,-,20210420,-
130825,121171704,LOC121171704,-,-,-,Un,-,U6 spliceosomal RNA,pseudo,-,-,-,-,20210420,-
130825,121171705,TRNAM-CAU,-,-,-,Un,-,transfer RNA methionine (anticodon CAU),tRNA,-,-,-,-,20210420,-
130825,121171706,TRNAG-GCC,-,-,-,Un,-,transfer RNA glycine (anticodon GCC),tRNA,-,-,-,-,20210420,-
130825,121171707,TRNAN-GUU,-,-,-,Un,-,transfer RNA asparagine (anticodon GUU),tRNA,-,-,-,-,20210420,-
130825,121171708,TRNAG-GCC,-,-,-,Un,-,transfer RNA glycine (anticodon GCC),tRNA,-,-,-,-,20210420,-
130825,121171709,TRNAL-CAG,-,-,-,Un,-,transfer RNA leucine (anticodon CAG),tRNA,-,-,-,-,20210420,-
130825,121171710,TRNAE-CUC,-,-,-,Un,-,transfer RNA glutamic acid (anticodon CUC),tRNA,-,-,-,-,20210420,-
130825,121171711,TRNAD-GUC,-,-,-,Un,-,transfer RNA aspartic acid (anticodon GUC),tRNA,-,-,-,-,20210420,-
130825,121171712,TRNAD-GUC,-,-,-,Un,-,transfer RNA aspartic acid (anticodon GUC),tRNA,-,-,-,-,20210420,-
130825,121171713,TRNAD-GUC,-,-,-,Un,-,transfer RNA aspartic acid (anticodon GUC),tRNA,-,-,-,-,20210420,-
130825,121171714,TRNAE-CUC,-,-,-,Un,-,transfer RNA glutamic acid (anticodon CUC),tRNA,-,-,-,-,20210420,-
130825,121171715,TRNAD-GUC,-,-,-,Un,-,transfer RNA aspartic acid (anticodon GUC),tRNA,-,-,-,-,20210420,-
130825,121171716,TRNAL-CAG,-,-,-,Un,-,transfer RNA leucine (anticodon CAG),tRNA,-,-,-,-,20210420,-
130825,121171717,TRNAE-CUC,-,-,-,Un,-,transfer RNA glutamic acid (anticodon CUC),tRNA,-,-,-,-,20210420,-
130825,121171718,LOC121171718,-,-,-,Un,-,gem-associated protein 6-like,pseudo,-,-,-,-,20210420,-
130825,121171719,TRNAD-GUC,-,-,-,Un,-,transfer RNA aspartic acid (anticodon GUC),tRNA,-,-,-,-,20210420,-
130825,121171720,TRNAE-UUC,-,-,-,Un,-,transfer RNA glutamic acid (anticodon UUC),tRNA,-,-,-,-,20210420,-
130825,121171721,TRNAV-CAC,-,-,-,Un,-,transfer RNA valine (anticodon CAC),tRNA,-,-,-,-,20210420,-
130825,121171722,TRNAR-UCU,-,-,-,Un,-,transfer RNA arginine (anticodon UCU),tRNA,-,-,-,-,20210420,-
130825,121171723,TRNAN-GUU,-,-,-,Un,-,transfer RNA asparagine (anticodon GUU),tRNA,-,-,-,-,20210420,-
130825,121171724,TRNAD-GUC,-,-,-,Un,-,transfer RNA aspartic acid (anticodon GUC),tRNA,-,-,-,-,20210420,-
130825,121171725,TRNAG-UCC,-,-,-,Un,-,transfer RNA glycine (anticodon UCC),tRNA,-,-,-,-,20210420,-
130825,121171726,TRNAD-GUC,-,-,-,Un,-,transfer RNA aspartic acid (anticodon GUC),tRNA,-,-,-,-,20210420,-
130825,121171727,TRNAG-UCC,-,-,-,Un,-,transfer RNA glycine (anticodon UCC),tRNA,-,-,-,-,20210420,-
130825,121171728,TRNAG-GCC,-,-,-,Un,-,transfer RNA glycine (anticodon GCC),tRNA,-,-,-,-,20210420,-
130825,121171729,TRNAD-GUC,-,-,-,Un,-,transfer RNA aspartic acid (anticodon GUC),tRNA,-,-,-,-,20210420,-
130825,121171730,TRNAE-CUC,-,-,-,Un,-,transfer RNA glutamic acid (anticodon CUC),tRNA,-,-,-,-,20210420,-
130825,121171731,TRNAD-GUC,-,-,-,Un,-,transfer RNA aspartic acid (anticodon GUC),tRNA,-,-,-,-,20210420,-
130825,121171732,TRNAE-CUC,-,-,-,Un,-,transfer RNA glutamic acid (anticodon CUC),tRNA,-,-,-,-,20210420,-
130825,121171733,TRNAD-GUC,-,-,-,Un,-,transfer RNA aspartic acid (anticodon GUC),tRNA,-,-,-,-,20210420,-
130825,121171734,LOC121171734,-,-,-,Un,-,probable G-protein coupled receptor 83,protein-coding,-,-,-,probable G-protein coupled receptor 83,20210420,-
130825,121171735,TRNAE-CUC,-,-,-,Un,-,transfer RNA glutamic acid (anticodon CUC),tRNA,-,-,-,-,20210420,-
130825,121171736,TRNAG-UCC,-,-,-,Un,-,transfer RNA glycine (anticodon UCC),tRNA,-,-,-,-,20210420,-
130825,121171737,TRNAG-GCC,-,-,-,Un,-,transfer RNA glycine (anticodon GCC),tRNA,-,-,-,-,20210420,-
130825,121171738,TRNAL-CAG,-,-,-,Un,-,transfer RNA leucine (anticodon CAG),tRNA,-,-,-,-,20210420,-
130825,121171739,TRNAG-GCC,-,-,-,Un,-,transfer RNA glycine (anticodon GCC),tRNA,-,-,-,-,20210420,-
130825,121171740,TRNAL-CAG,-,-,-,Un,-,transfer RNA leucine (anticodon CAG),tRNA,-,-,-,-,20210420,-
130825,121171741,TRNAG-GCC,-,-,-,Un,-,transfer RNA glycine (anticodon GCC),tRNA,-,-,-,-,20210420,-
130825,121171742,TRNAG-GCC,-,-,-,Un,-,transfer RNA glycine (anticodon GCC),tRNA,-,-,-,-,20210420,-
130825,121171743,TRNAG-GCC,-,-,-,Un,-,transfer RNA glycine (anticodon GCC),tRNA,-,-,-,-,20210420,-
130825,121171744,TRNAL-CAG,-,-,-,Un,-,transfer RNA leucine (anticodon CAG),tRNA,-,-,-,-,20210420,-
130825,121171745,TRNAG-GCC,-,-,-,Un,-,transfer RNA glycine (anticodon GCC),tRNA,-,-,-,-,20210420,-
130825,121171746,TRNAL-CAG,-,-,-,Un,-,transfer RNA leucine (anticodon CAG),tRNA,-,-,-,-,20210420,-
130825,121171747,TRNAG-GCC,-,-,-,Un,-,transfer RNA glycine (anticodon GCC),tRNA,-,-,-,-,20210420,-
130825,121171748,SELPLG,-,-,-,Un,-,selectin P ligand,protein-coding,-,-,-,P-selectin glycoprotein ligand 1,20210420,-
130825,121171749,LOC121171749,-,-,-,Un,-,probable G-protein coupled receptor 83,protein-coding,-,-,-,probable G-protein coupled receptor 83,20210420,-
130825,121171750,TMEM119,-,-,-,Un,-,transmembrane protein 119,protein-coding,-,-,-,transmembrane protein 119,20210420,-
130825,121171751,LOC121171751,-,-,-,Un,-,protein HIRA,protein-coding,-,-,-,protein HIRA,20210420,-
130825,121171752,MRPL40,-,-,-,Un,-,mitochondrial ribosomal protein L40,protein-coding,-,-,-,"39S ribosomal protein L40, mitochondrial",20210420,-
130825,121171753,CCDC188,-,-,-,Un,-,coiled-coil domain containing 188,protein-coding,-,-,-,coiled-coil domain-containing protein 188,20210420,-
130825,121171754,SLC25A1,-,-,-,Un,-,solute carrier family 25 member 1,protein-coding,-,-,-,"tricarboxylate transport protein, mitochondrial",20210420,-
130825,121171755,RGS14,-,-,-,Un,-,regulator of G protein signaling 14,protein-coding,-,-,-,regulator of G-protein signaling 14,20210420,-
130825,121171756,ASCC2,-,-,-,Un,-,activating signal cointegrator 1 complex subunit 2,protein-coding,-,-,-,activating signal cointegrator 1 complex subunit 2,20210420,-
130825,121171757,LOC121171757,-,-,-,Un,-,pre-B-cell leukemia transcription factor 2-like,pseudo,-,-,-,-,20210420,-
130825,121171758,ANKRD13A,-,-,-,Un,-,ankyrin repeat domain 13A,protein-coding,-,-,-,ankyrin repeat domain-containing protein 13A,20210420,-
130825,121171759,SSH1,-,-,-,Un,-,slingshot protein phosphatase 1,protein-coding,-,-,-,protein phosphatase Slingshot homolog 1,20210420,-
130825,121171760,AP1B1,-,-,-,Un,-,adaptor related protein complex 1 subunit beta 1,protein-coding,-,-,-,AP-1 complex subunit beta-1,20210420,-
130825,121171761,LOC121171761,-,-,-,Un,-,zinc finger and BTB domain-containing protein 18-like,pseudo,-,-,-,-,20210420,-
130825,121171762,CABIN1,-,-,-,Un,-,calcineurin binding protein 1,protein-coding,-,-,-,calcineurin-binding protein cabin-1,20210420,-
130825,121171763,SFI1,-,-,-,Un,-,SFI1 centrin binding protein,protein-coding,-,-,-,protein SFI1 homolog,20210420,-
130825,121171764,PISD,-,-,-,Un,-,phosphatidylserine decarboxylase,protein-coding,-,-,-,"phosphatidylserine decarboxylase proenzyme, mitochondrial",20210420,-
130825,121171765,NF2,-,-,-,Un,-,neurofibromin 2,protein-coding,-,-,-,merlin,20210420,-
130825,121171766,LOC121171766,-,-,-,Un,-,DNA-directed RNA polymerase II subunit GRINL1A-like,pseudo,-,-,-,-,20210420,-
130825,121171767,EIF4ENIF1,-,-,-,Un,-,eukaryotic translation initiation factor 4E nuclear import factor 1,protein-coding,-,-,-,eukaryotic translation initiation factor 4E transporter,20210420,-
130825,121171768,MLEC,-,-,-,Un,-,malectin,protein-coding,-,-,-,malectin,20210420,-
130825,121171769,LOC121171769,-,-,-,Un,-,zinc finger protein 345-like,protein-coding,-,-,-,LOW QUALITY PROTEIN: zinc finger protein 345-like,20210420,-
130825,121171770,UBE2L3,-,-,-,Un,-,ubiquitin conjugating enzyme E2 L3,protein-coding,-,-,-,ubiquitin-conjugating enzyme E2 L3,20210501,-
130825,121171771,UBE3B,-,-,-,Un,-,ubiquitin protein ligase E3B,protein-coding,-,-,-,ubiquitin-protein ligase E3B,20210420,-
130825,121171772,LOC121171772,-,-,-,Un,-,ATP-binding cassette sub-family E member 1-like,pseudo,-,-,-,-,20210420,-
130825,121171773,KLHL22,-,-,-,Un,-,kelch like family member 22,protein-coding,-,-,-,kelch-like protein 22,20210420,-
130825,121171774,MTMR3,-,-,-,Un,-,myotubularin related protein 3,protein-coding,-,-,-,myotubularin-related protein 3,20210420,-
130825,121171775,SART3,-,-,-,Un,-,"spliceosome associated factor 3, U4/U6 recycling protein",protein-coding,-,-,-,squamous cell carcinoma antigen recognized by T-cells 3,20210420,-
130825,121171776,LOC121171776,-,-,-,Un,-,profilin-2-like,protein-coding,-,-,-,profilin-2-like,20210420,-
130825,121171777,CRKL,-,-,-,Un,-,"CRK like proto-oncogene, adaptor protein",protein-coding,-,-,-,crk-like protein,20210420,-
130825,121171778,TRPV4,-,-,-,Un,-,transient receptor potential cation channel subfamily V member 4,protein-coding,-,-,-,transient receptor potential cation channel subfamily V member 4,20210420,-
130825,121171779,DGCR2,-,-,-,Un,-,DiGeorge syndrome critical region gene 2,protein-coding,-,-,-,integral membrane protein DGCR2/IDD,20210420,-
130825,121171780,ZNRF3,-,-,-,Un,-,zinc and ring finger 3,protein-coding,-,-,-,E3 ubiquitin-protein ligase ZNRF3,20210420,-
130825,121171781,CDC45,-,-,-,Un,-,cell division cycle 45,protein-coding,-,-,-,cell division control protein 45 homolog,20210420,-
130825,121171782,BCR,-,-,-,Un,-,BCR activator of RhoGEF and GTPase,protein-coding,-,-,-,breakpoint cluster region protein,20210420,-
130825,121171783,LOC121171783,-,-,-,Un,-,small Cajal body-specific RNA 2,ncRNA,-,-,-,-,20210420,-
130825,121171784,LOC121171784,-,-,-,Un,-,glutathione S-transferase theta-3-like,protein-coding,-,-,-,glutathione S-transferase theta-3-like,20210420,-
130825,121171785,LOC121171785,-,-,-,Un,-,D-dopachrome decarboxylase-like,protein-coding,-,-,-,D-dopachrome decarboxylase-like,20210420,-
130825,121171786,LOC121171786,-,-,-,Un,-,D-dopachrome decarboxylase-like,protein-coding,-,-,-,D-dopachrome decarboxylase-like,20210420,-
130825,121171787,LOC121171787,-,-,-,Un,-,U1 spliceosomal RNA,pseudo,-,-,-,-,20210420,-
130825,121171788,LOC121171788,-,-,-,Un,-,D-dopachrome decarboxylase-like,protein-coding,-,-,-,D-dopachrome decarboxylase-like,20210420,-
130825,121171789,LOC121171789,-,-,-,Un,-,D-dopachrome decarboxylase-like,protein-coding,-,-,-,D-dopachrome decarboxylase-like,20210420,-
130825,121171790,LOC121171790,-,-,-,Un,-,D-dopachrome decarboxylase-like,protein-coding,-,-,-,D-dopachrome decarboxylase-like,20210420,-
130825,121171791,SMARCB1,-,-,-,Un,-,"SWI/SNF related, matrix associated, actin dependent regulator of chromatin, subfamily b, member 1",protein-coding,-,-,-,SWI/SNF-related matrix-associated actin-dependent regulator of chromatin subfamily B member 1,20210522,-
130825,121171792,DERL3,-,-,-,Un,-,derlin 3,protein-coding,-,-,-,derlin-3,20210420,-
130825,121171793,LOC121171793,-,-,-,Un,-,U2 spliceosomal RNA,pseudo,-,-,-,-,20210420,-
130825,121171794,LOC121171794,-,-,-,Un,-,zinc finger protein 280A-like,protein-coding,-,-,-,zinc finger protein 280A-like,20210420,-
130825,121171795,LOC121171795,-,-,-,Un,-,probable non-functional immunoglobulin lambda variable 5-48,other,-,-,-,-,20210420,-
130825,121171796,LOC121171796,-,-,-,Un,-,uncharacterized LOC121171796,protein-coding,-,-,-,LOW QUALITY PROTEIN: uncharacterized protein LOC121171796,20210420,-
130825,121171797,LOC121171797,-,-,-,Un,-,olfactory receptor 7A10-like,protein-coding,-,-,-,olfactory receptor 7A10-like,20210420,-
130825,121171798,LOC121171798,-,-,-,Un,-,olfactory receptor 7A10-like,pseudo,-,-,-,-,20210420,-
130825,121171799,LOC121171799,-,-,-,Un,-,olfactory receptor 7A10-like,pseudo,-,-,-,-,20210420,-
130825,121171800,LOC121171800,-,-,-,Un,-,U2 spliceosomal RNA,pseudo,-,-,-,-,20210420,-
130825,121171801,LOC121171801,-,-,-,Un,-,putative olfactory receptor 7A2,protein-coding,-,-,-,putative olfactory receptor 7A2,20210420,-
130825,121171802,LOC121171802,-,-,-,Un,-,olfactory receptor 7A10-like,protein-coding,-,-,-,olfactory receptor 7A10-like,20210420,-
130825,121171803,LOC121171803,-,-,-,Un,-,olfactory receptor 7A5-like,protein-coding,-,-,-,olfactory receptor 7A5-like,20210420,-
130825,121171804,LOC121171804,-,-,-,Un,-,olfactory receptor 7A10-like,pseudo,-,-,-,-,20210420,-
130825,121171805,LOC121171805,-,-,-,Un,-,olfactory receptor 7A5-like,pseudo,-,-,-,-,20210420,-
130825,121171806,LOC121171806,-,-,-,Un,-,olfactory receptor 7A10-like,protein-coding,-,-,-,olfactory receptor 7A10-like,20210420,-
130825,121171807,LOC121171807,-,-,-,Un,-,U2 spliceosomal RNA,pseudo,-,-,-,-,20210420,-
130825,121171808,LOC121171808,-,-,-,Un,-,olfactory receptor 7A10-like,pseudo,-,-,-,-,20210420,-
130825,121171809,LOC121171809,-,-,-,Un,-,olfactory receptor 7A10-like,pseudo,-,-,-,-,20210420,-
130825,121171810,LOC121171810,-,-,-,Un,-,olfactory receptor 7A10-like,protein-coding,-,-,-,olfactory receptor 7A10-like,20210420,-
130825,121171811,LOC121171811,-,-,-,Un,-,olfactory receptor 7A10-like,pseudo,-,-,-,-,20210420,-
130825,121171812,LOC121171812,-,-,-,Un,-,putative gustatory receptor clone PTE01,protein-coding,-,-,-,putative gustatory receptor clone PTE01,20210420,-
130825,121171813,LOC121171813,-,-,-,Un,-,olfactory receptor 7A10-like,protein-coding,-,-,-,olfactory receptor 7A10-like,20210420,-
130825,121171814,LOC121171814,-,-,-,Un,-,olfactory receptor 7A10-like,pseudo,-,-,-,-,20210420,-
130825,121171815,LOC121171815,-,-,-,Un,-,U6 spliceosomal RNA,snRNA,-,-,-,-,20210420,-
130825,121171816,LOC121171816,-,-,-,Un,-,olfactory receptor 7A10-like,protein-coding,-,-,-,olfactory receptor 7A10-like,20210420,-
130825,121171817,LOC121171817,-,-,-,Un,-,olfactory receptor 7A10-like,pseudo,-,-,-,-,20210420,-
130825,121171818,LOC121171818,-,-,-,Un,-,olfactory receptor 8-like,pseudo,-,-,-,-,20210420,-
130825,121171819,LOC121171819,-,-,-,Un,-,olfactory receptor 7A10-like,protein-coding,-,-,-,olfactory receptor 7A10-like,20210420,-
130825,121171820,LOC121171820,-,-,-,Un,-,olfactory receptor 1571-like,protein-coding,-,-,-,LOW QUALITY PROTEIN: olfactory receptor 1571-like,20210420,-
130825,121171821,HSCB,-,-,-,Un,-,HscB mitochondrial iron-sulfur cluster cochaperone,protein-coding,-,-,-,iron-sulfur cluster co-chaperone protein HscB,20210420,-
130825,121171822,LOC121171822,-,-,-,Un,-,U6 spliceosomal RNA,snRNA,-,-,-,-,20210420,-
130825,121171823,LOC121171823,-,-,-,Un,-,olfactory receptor 7A10-like,protein-coding,-,-,-,olfactory receptor 7A10-like,20210420,-
130825,121171824,LOC121171824,-,-,-,Un,-,olfactory receptor 7A10-like,protein-coding,-,-,-,olfactory receptor 7A10-like,20210420,-
130825,121171825,LOC121171825,-,-,-,Un,-,olfactory receptor 18-like,protein-coding,-,-,-,olfactory receptor 18-like,20210420,-
130825,121171826,LOC121171826,-,-,-,Un,-,olfactory receptor 18-like,pseudo,-,-,-,-,20210420,-
130825,121171827,LOC121171827,-,-,-,Un,-,putative gustatory receptor clone PTE01,protein-coding,-,-,-,putative gustatory receptor clone PTE01,20210420,-
130825,121171828,LOC121171828,-,-,-,Un,-,putative gustatory receptor clone PTE01,pseudo,-,-,-,-,20210420,-
130825,121171829,LOC121171829,-,-,-,Un,-,U6 spliceosomal RNA,snRNA,-,-,-,-,20210420,-
130825,121171830,LOC121171830,-,-,-,Un,-,olfactory receptor 18-like,pseudo,-,-,-,-,20210420,-
130825,121171831,LOC121171831,-,-,-,Un,-,olfactory receptor 18-like,protein-coding,-,-,-,olfactory receptor 18-like,20210420,-
130825,121171832,LOC121171832,-,-,-,Un,-,putative gustatory receptor clone PTE01,pseudo,-,-,-,-,20210420,-
130825,121171833,LOC121171833,-,-,-,Un,-,olfactory receptor 18-like,protein-coding,-,-,-,olfactory receptor 18-like,20210420,-
130825,121171834,LOC121171834,-,-,-,Un,-,olfactory receptor 7E24-like,pseudo,-,-,-,-,20210420,-
130825,121171835,LOC121171835,-,-,-,Un,-,olfactory receptor 18-like,protein-coding,-,-,-,olfactory receptor 18-like,20210420,-
130825,121171836,LOC121171836,-,-,-,Un,-,putative gustatory receptor clone PTE01,protein-coding,-,-,-,putative gustatory receptor clone PTE01,20210420,-
130825,121171837,LOC121171837,-,-,-,Un,-,U6 spliceosomal RNA,snRNA,-,-,-,-,20210420,-
130825,121171838,LOC121171838,-,-,-,Un,-,olfactory receptor 7A10-like,protein-coding,-,-,-,olfactory receptor 7A10-like,20210420,-
130825,121171839,LOC121171839,-,-,-,Un,-,olfactory receptor 7A10-like,protein-coding,-,-,-,olfactory receptor 7A10-like,20210420,-
130825,121171840,LOC121171840,-,-,-,Un,-,olfactory receptor 7A10-like,pseudo,-,-,-,-,20210420,-
130825,121171841,LOC121171841,-,-,-,Un,-,olfactory receptor 7A10-like,protein-coding,-,-,-,olfactory receptor 7A10-like,20210420,-
130825,121171842,LOC121171842,-,-,-,Un,-,olfactory receptor 7D4-like,protein-coding,-,-,-,olfactory receptor 7D4-like,20210420,-
130825,121171843,LOC121171843,-,-,-,Un,-,olfactory receptor 7A10-like,protein-coding,-,-,-,olfactory receptor 7A10-like,20210420,-
130825,121171844,LOC121171844,-,-,-,Un,-,U6 spliceosomal RNA,snRNA,-,-,-,-,20210420,-
130825,121171845,LOC121171845,-,-,-,Un,-,BCL2/adenovirus E1B 19 kDa protein-interacting protein 3-like,pseudo,-,-,-,-,20210420,-
130825,121171846,LOC121171846,-,-,-,Un,-,thioredoxin-like protein 1,pseudo,-,-,-,-,20210420,-
130825,121171847,LOC121171847,-,-,-,Un,-,TRMT1-like protein,pseudo,-,-,-,-,20210420,-
130825,121171848,LOC121171848,-,-,-,Un,-,contactin-associated protein-like 5,protein-coding,-,-,-,contactin-associated protein-like 5,20210420,-
130825,121171849,LOC121171849,-,-,-,Un,-,"RNA-binding motif protein, X-linked 2-like",pseudo,-,-,-,-,20210420,-
130825,121171850,LOC121171850,-,-,-,Un,-,zinc finger protein OZF-like,protein-coding,-,-,-,zinc finger protein OZF-like,20210420,-
130825,121171851,LOC121171851,-,-,-,Un,-,protein FAM246A-like,protein-coding,-,-,-,protein FAM246A-like,20210420,-
130825,121171852,LOC121171852,-,-,-,Un,-,U6 spliceosomal RNA,snRNA,-,-,-,-,20210420,-
130825,121171853,LOC121171853,-,-,-,Un,-,testis-specific serine/threonine-protein kinase 1-like,protein-coding,-,-,-,testis-specific serine/threonine-protein kinase 1-like,20210420,-
130825,121171854,GSC2,-,-,-,Un,-,goosecoid homeobox 2,protein-coding,-,-,-,homeobox protein goosecoid-2,20210420,-
130825,121171855,CLTCL1,-,-,-,Un,-,clathrin heavy chain like 1,protein-coding,-,-,-,clathrin heavy chain 2,20210420,-
130825,121171856,CUNH22orf39,-,-,-,Un,-,chromosome unknown C22orf39 homolog,protein-coding,-,-,-,UPF0545 protein C22orf39 homolog,20210420,-
130825,121171857,RTN4R,-,-,-,Un,-,reticulon 4 receptor,protein-coding,-,-,-,reticulon-4 receptor,20210420,-
130825,121171858,LOC121171858,-,-,-,Un,-,coiled-coil domain-containing protein 74A-like,protein-coding,-,-,-,LOW QUALITY PROTEIN: coiled-coil domain-containing protein 74A-like,20210420,-
130825,121171859,LRRC74B,-,-,-,Un,-,leucine rich repeat containing 74B,protein-coding,-,-,-,leucine-rich repeat-containing protein 74B,20210420,-
130825,121171860,LOC121171860,-,-,-,Un,-,U6 spliceosomal RNA,pseudo,-,-,-,-,20210420,-
130825,121171861,LOC121171861,-,-,-,Un,-,RIMS-binding protein 3-like,protein-coding,-,-,-,RIMS-binding protein 3-like,20210420,-
130825,121171862,YDJC,-,-,-,Un,-,YdjC chitooligosaccharide deacetylase homolog,protein-coding,-,-,-,carbohydrate deacetylase,20210420,-
130825,121171863,CCDC116,-,-,-,Un,-,coiled-coil domain containing 116,protein-coding,-,-,-,coiled-coil domain-containing protein 116,20210420,-
130825,121171864,LOC121171864,-,-,-,Un,-,GTP-binding nuclear protein Ran-like,pseudo,-,-,-,-,20210420,-
130825,121171865,LOC121171865,-,-,-,Un,-,thyroid hormone receptor-associated protein 3-like,pseudo,-,-,-,-,20210420,-
130825,121171866,PRAME,-,-,-,Un,-,PRAME nuclear receptor transcriptional regulator,protein-coding,-,-,-,melanoma antigen preferentially expressed in tumors,20210420,-
130825,121171867,LOC121171867,-,-,-,Un,-,U6 spliceosomal RNA,snRNA,-,-,-,-,20210420,-
130825,121171868,LOC121171868,-,-,-,Un,-,Ig lambda chain C region-like,other,-,-,-,-,20210420,-
130825,121171869,LOC121171869,-,-,-,Un,-,sodium/glucose cotransporter 1-like,protein-coding,-,-,-,sodium/glucose cotransporter 1-like,20210420,-
130825,121171870,SUSD2,-,-,-,Un,-,sushi domain containing 2,protein-coding,-,-,-,sushi domain-containing protein 2,20210420,-
130825,121171871,LOC121171871,-,-,-,Un,-,Ig lambda chain C region-like,other,-,-,-,-,20210420,-
130825,121171872,LOC121171872,-,-,-,Un,-,immunoglobulin lambda variable 6-57-like,other,-,-,-,-,20210420,-
130825,121171873,LOC121171873,-,-,-,Un,-,immunoglobulin lambda variable 6-57-like,other,-,-,-,-,20210420,-
130825,121171874,LOC121171874,-,-,-,Un,-,immunoglobulin lambda variable 6-57-like,other,-,-,-,-,20210420,-
130825,121171875,LOC121171875,-,-,-,Un,-,U6 spliceosomal RNA,snRNA,-,-,-,-,20210420,-
130825,121171876,LOC121171876,-,-,-,Un,-,immunoglobulin lambda variable 6-57-like,other,-,-,-,-,20210420,-
130825,121171877,PLA2G3,-,-,-,Un,-,phospholipase A2 group III,protein-coding,-,-,-,group 3 secretory phospholipase A2,20210420,-
130825,121171878,LOC121171878,-,-,-,Un,-,zinc finger protein 260-like,protein-coding,-,-,-,zinc finger protein 260-like|zinc finger protein 883-like,20210420,-
130825,121171879,LOC121171879,-,-,-,Un,-,U6 spliceosomal RNA,snRNA,-,-,-,-,20210420,-
130825,121171880,CUNH5orf52,-,-,-,Un,-,chromosome unknown C5orf52 homolog,protein-coding,-,-,-,uncharacterized protein C5orf52 homolog,20210420,-
130825,121171881,LOC121171881,-,-,-,Un,-,putative SEC14-like protein 6,protein-coding,-,-,-,putative SEC14-like protein 6,20210420,-
130825,121171882,HORMAD2,-,-,-,Un,-,HORMA domain containing 2,protein-coding,-,-,-,HORMA domain-containing protein 2,20210420,-
130825,121171883,LOC121171883,-,-,-,Un,-,"28S ribosomal protein S25, mitochondrial-like",pseudo,-,-,-,-,20210420,-
130825,121171884,CUNH22orf31,-,-,-,Un,-,chromosome unknown C22orf31 homolog,protein-coding,-,-,-,uncharacterized protein C22orf31 homolog,20210420,-
130825,121171885,LOC121171885,-,-,-,Un,-,neural Wiskott-Aldrich syndrome protein-like,protein-coding,-,-,-,neural Wiskott-Aldrich syndrome protein-like,20210420,-
130825,121171886,SEZ6L,-,-,-,Un,-,seizure related 6 homolog like,protein-coding,-,-,-,seizure 6-like protein,20210420,-
130825,121171887,LOC121171887,-,-,-,Un,-,U6 spliceosomal RNA,pseudo,-,-,-,-,20210420,-
130825,121171888,MYO18B,-,-,-,Un,-,myosin XVIIIB,protein-coding,-,-,-,unconventional myosin-XVIIIb,20210420,-
130825,121171889,KIAA1671,-,-,-,Un,-,KIAA1671 ortholog,protein-coding,-,-,-,uncharacterized protein KIAA1671 homolog,20210420,-
130825,121171890,MYO1H,-,-,-,Un,-,myosin IH,protein-coding,-,-,-,unconventional myosin-Ih,20210420,-
130825,121171891,TMEM233,-,-,-,Un,-,transmembrane protein 233,protein-coding,-,-,-,transmembrane protein 233,20210420,-
130825,121171892,KCTD10,-,-,-,Un,-,potassium channel tetramerization domain containing 10,protein-coding,-,-,-,BTB/POZ domain-containing adapter for CUL3-mediated RhoA degradation protein 3,20210420,-
130825,121171893,TFIP11,-,-,-,Un,-,tuftelin interacting protein 11,protein-coding,-,-,-,tuftelin-interacting protein 11,20210420,-
130825,121171894,LOC121171894,-,-,-,Un,-,U6 spliceosomal RNA,snRNA,-,-,-,-,20210420,-
130825,121171895,SRRD,-,-,-,Un,-,SRR1 domain containing,protein-coding,-,-,-,SRR1-like protein,20210420,-
130825,121171896,LOC121171896,-,-,-,Un,-,glutathione S-transferase theta-4-like,protein-coding,-,-,-,glutathione S-transferase theta-4-like,20210420,-
130825,121171897,LOC121171897,-,-,-,Un,-,glutathione S-transferase theta-1,protein-coding,-,-,-,glutathione S-transferase theta-1,20210420,-
130825,121171898,TTC28,-,-,-,Un,-,tetratricopeptide repeat domain 28,protein-coding,-,-,-,tetratricopeptide repeat protein 28,20210420,-
130825,121171899,LMAN2,-,-,-,Un,-,"lectin, mannose binding 2",protein-coding,-,-,-,vesicular integral-membrane protein VIP36,20210420,-
130825,121171900,LOC121171900,-,-,-,Un,-,U6 spliceosomal RNA,pseudo,-,-,-,-,20210420,-
130825,121171901,LOC121171901,-,-,-,Un,-,uncharacterized LOC121171901,ncRNA,-,-,-,-,20210420,-
130825,121171902,SPECC1L,-,-,-,Un,-,sperm antigen with calponin homology and coiled-coil domains 1 like,protein-coding,-,-,-,cytospin-A,20210420,-
130825,121171903,LOC121171903,-,-,-,Un,-,thioredoxin domain-containing protein 17-like,pseudo,-,-,-,-,20210420,-
130825,121171904,MORC2,-,-,-,Un,-,MORC family CW-type zinc finger 2,protein-coding,-,-,-,ATPase MORC2,20210420,-
130825,121171905,LOC121171905,-,-,-,Un,-,U6 spliceosomal RNA,pseudo,-,-,-,-,20210420,-
130825,121171906,TANGO2,-,-,-,Un,-,transport and golgi organization 2 homolog,protein-coding,-,-,-,transport and Golgi organization protein 2 homolog,20210420,-
130825,121171907,SGSM1,-,-,-,Un,-,small G protein signaling modulator 1,protein-coding,-,-,-,small G protein signaling modulator 1,20210420,-
130825,121171908,LOC121171908,-,-,-,Un,-,uncharacterized LOC121171908,ncRNA,-,-,-,-,20210420,-
130825,121171909,LOC121171909,-,-,-,Un,-,uncharacterized LOC121171909,ncRNA,-,-,-,-,20210420,-
130825,121171910,CUNH22orf15,-,-,-,Un,-,chromosome unknown C22orf15 homolog,protein-coding,-,-,-,uncharacterized protein C22orf15 homolog,20210420,-
130825,121171911,LOC121171911,-,-,-,Un,-,U6 spliceosomal RNA,snRNA,-,-,-,-,20210420,-
130825,121171912,CHCHD10,-,-,-,Un,-,coiled-coil-helix-coiled-coil-helix domain containing 10,protein-coding,-,-,-,"coiled-coil-helix-coiled-coil-helix domain-containing protein 10, mitochondrial",20210420,-
130825,121171913,TBC1D10A,-,-,-,Un,-,TBC1 domain family member 10A,protein-coding,-,-,-,TBC1 domain family member 10A,20210420,-
130825,121171914,LOC121171914,-,-,-,Un,-,2'-5'-oligoadenylate synthase-like protein 2,protein-coding,-,-,-,2'-5'-oligoadenylate synthase-like protein 2,20210420,-
130825,121171915,DEPDC5,-,-,-,Un,-,"DEP domain containing 5, GATOR1 subcomplex subunit",protein-coding,-,-,-,GATOR complex protein DEPDC5,20210420,-
130825,121171916,LOC121171916,-,-,-,Un,-,small nucleolar RNA SNORA73 family,snoRNA,-,-,-,-,20210420,-
130825,121171917,CASTOR1,-,-,-,Un,-,cytosolic arginine sensor for mTORC1 subunit 1,protein-coding,-,-,-,cytosolic arginine sensor for mTORC1 subunit 1,20210420,-
130825,121171918,CORO1C,-,-,-,Un,-,coronin 1C,protein-coding,-,-,-,coronin-1C,20210605,-
130825,121171919,HNF1A,-,-,-,Un,-,HNF1 homeobox A,protein-coding,-,-,-,hepatocyte nuclear factor 1-alpha,20210420,-
130825,121171920,XBP1,-,-,-,Un,-,X-box binding protein 1,protein-coding,-,-,-,LOW QUALITY PROTEIN: X-box-binding protein 1,20210420,-
130825,121171921,LOC121171921,-,-,-,Un,-,small nucleolar RNA SNORA70,snoRNA,-,-,-,-,20210420,-
130825,121171922,LOC121171922,-,-,-,Un,-,SEC14-like protein 4,protein-coding,-,-,-,SEC14-like protein 4,20210420,-
130825,121171923,YWHAH,-,-,-,Un,-,tyrosine 3-monooxygenase/tryptophan 5-monooxygenase activation protein eta,protein-coding,-,-,-,14-3-3 protein eta,20210420,-
130825,121171924,UNG,-,-,-,Un,-,uracil DNA glycosylase,protein-coding,-,-,-,uracil-DNA glycosylase,20210420,-
130825,121171925,VPREB1,-,-,-,Un,-,V-set pre-B cell surrogate light chain 1,protein-coding,-,-,-,immunoglobulin iota chain,20210420,-
130825,121171926,CIT,-,-,-,Un,-,citron rho-interacting serine/threonine kinase,protein-coding,-,-,-,citron Rho-interacting kinase,20210420,-
130825,121171927,LOC121171927,-,-,-,Un,-,small nucleolar RNA SNORA31,snoRNA,-,-,-,-,20210420,-
130825,121171928,LOC121171928,-,-,-,Un,-,SEC14-like protein 3,protein-coding,-,-,-,SEC14-like protein 3,20210420,-
130825,121171929,SEC14L2,-,-,-,Un,-,SEC14 like lipid binding 2,protein-coding,-,-,-,SEC14-like protein 2,20210420,-
130825,121171930,MTFP1,-,-,-,Un,-,mitochondrial fission process 1,protein-coding,-,-,-,mitochondrial fission process protein 1,20210420,-
130825,121171931,THOC5,-,-,-,Un,-,THO complex 5,protein-coding,-,-,-,THO complex subunit 5 homolog,20210420,-
130825,121171932,LOC121171932,-,-,-,Un,-,small nucleolar RNA SNORA9,snoRNA,-,-,-,-,20210420,-
130825,121171933,PATZ1,-,-,-,Un,-,POZ/BTB and AT hook containing zinc finger 1,protein-coding,-,-,-,"POZ-, AT hook-, and zinc finger-containing protein 1",20210420,-
130825,121171934,LOC121171934,-,-,-,Un,-,tubulin alpha-3 chain,protein-coding,-,-,-,tubulin alpha-3 chain,20210424,-
130825,121171935,THAP7,-,-,-,Un,-,THAP domain containing 7,protein-coding,-,-,-,THAP domain-containing protein 7,20210420,-
130825,121171936,LOC121171936,-,-,-,Un,-,small Cajal body-specific RNA 24,ncRNA,-,-,-,-,20210420,-
130825,121171937,RPLP0,-,-,-,Un,-,ribosomal protein lateral stalk subunit P0,protein-coding,-,-,-,60S acidic ribosomal protein P0,20210420,-
130825,121171938,LOC121171938,-,-,-,Un,-,olfactory receptor 7A17-like,protein-coding,-,-,-,olfactory receptor 7A10-like|olfactory receptor 7A17-like,20210420,-
130825,121171939,SLC2A11,-,-,-,Un,-,solute carrier family 2 member 11,protein-coding,-,-,-,"solute carrier family 2, facilitated glucose transporter member 11",20210420,-
130825,121171940,MIF,-,-,-,Un,-,macrophage migration inhibitory factor,protein-coding,-,-,-,macrophage migration inhibitory factor,20210420,-
130825,121171941,VPREB3,-,-,-,Un,-,V-set pre-B cell surrogate light chain 3,protein-coding,-,-,-,pre-B lymphocyte protein 3,20210420,-
130825,121171942,LOC121171942,-,-,-,Un,-,small nucleolar RNA SNORA51,snoRNA,-,-,-,-,20210420,-
130825,121171943,SNAP29,-,-,-,Un,-,synaptosome associated protein 29,protein-coding,-,-,-,synaptosomal-associated protein 29,20210420,-
130825,121171944,SF3A1,-,-,-,Un,-,splicing factor 3a subunit 1,protein-coding,-,-,-,splicing factor 3A subunit 1,20210420,-
130825,121171945,OSBP2,-,-,-,Un,-,oxysterol binding protein 2,protein-coding,-,-,-,oxysterol-binding protein 2,20210420,-
130825,121171946,ARVCF,-,-,-,Un,-,ARVCF delta catenin family member,protein-coding,-,-,-,armadillo repeat protein deleted in velo-cardio-facial syndrome,20210420,-
130825,121171947,LOC121171947,-,-,-,Un,-,small nucleolar RNA SNORA11,snoRNA,-,-,-,-,20210420,-
130825,121171948,ACACB,-,-,-,Un,-,acetyl-CoA carboxylase beta,protein-coding,-,-,-,acetyl-CoA carboxylase 2,20210420,-
130825,121171949,NEFH,-,-,-,Un,-,neurofilament heavy chain,protein-coding,-,-,-,neurofilament heavy polypeptide,20210420,-
130825,121171950,CCDC157,-,-,-,Un,-,coiled-coil domain containing 157,protein-coding,-,-,-,coiled-coil domain-containing protein 157,20210420,-
130825,121171951,LOC121171951,-,-,-,Un,-,small nucleolar RNA SNORA11,snoRNA,-,-,-,-,20210420,-
130825,121171952,SEPTIN5,-,-,-,Un,-,septin 5,protein-coding,-,-,-,septin-5,20210420,-
130825,121171953,GP1BB,-,-,-,Un,-,glycoprotein Ib platelet subunit beta,protein-coding,-,-,-,platelet glycoprotein Ib beta chain,20210420,-
130825,121171954,PRKAB1,-,-,-,Un,-,protein kinase AMP-activated non-catalytic subunit beta 1,protein-coding,-,-,-,5'-AMP-activated protein kinase subunit beta-1,20210420,-
130825,121171955,LOC121171955,-,-,-,Un,-,SV2 related protein,protein-coding,-,-,-,synaptic vesicle 2-related protein,20210420,-
130825,121171956,LOC121171956,-,-,-,Un,-,small nucleolar RNA U13,snoRNA,-,-,-,-,20210420,-
130825,121171957,GUCD1,-,-,-,Un,-,guanylyl cyclase domain containing 1,protein-coding,-,-,-,protein GUCD1,20210420,-
130825,121171958,AIFM3,-,-,-,Un,-,apoptosis inducing factor mitochondria associated 3,protein-coding,-,-,-,apoptosis-inducing factor 3,20210420,-
130825,121171959,CMKLR1,-,-,-,Un,-,chemerin chemokine-like receptor 1,protein-coding,-,-,-,chemokine-like receptor 1,20210420,-
130825,121171960,LOC121171960,-,-,-,Un,-,small nucleolar RNA U13,snoRNA,-,-,-,-,20210420,-
130825,121171961,PPIL2,-,-,-,Un,-,peptidylprolyl isomerase like 2,protein-coding,-,-,-,RING-type E3 ubiquitin-protein ligase PPIL2,20210420,-
130825,121171962,MAPK1,-,-,-,Un,-,mitogen-activated protein kinase 1,protein-coding,-,-,-,mitogen-activated protein kinase 1,20210424,-
130825,121171963,YPEL1,-,-,-,Un,-,yippee like 1,protein-coding,-,-,-,protein yippee-like 1,20210420,-
130825,121171964,LOC121171964,-,-,-,Un,-,uncharacterized LOC121171964,ncRNA,-,-,-,-,20210420,-
130825,121171965,TRNAV-UAC,-,-,-,Un,-,transfer RNA valine (anticodon UAC),tRNA,-,-,-,-,20210420,-
130825,121171966,CABP1,-,-,-,Un,-,calcium binding protein 1,protein-coding,-,-,-,calcium-binding protein 1,20210501,-
130825,121171967,SLC5A1,-,-,-,Un,-,solute carrier family 5 member 1,protein-coding,-,-,-,sodium/glucose cotransporter 1,20210420,-
130825,121171968,UFD1,-,-,-,Un,-,ubiquitin recognition factor in ER associated degradation 1,protein-coding,-,-,-,ubiquitin recognition factor in ER-associated degradation protein 1,20210420,-
130825,121171969,DUSP18,-,-,-,Un,-,dual specificity phosphatase 18,protein-coding,-,-,-,dual specificity protein phosphatase 18,20210420,-
130825,121171970,TRNASTOP-UCA,-,-,-,Un,-,transfer RNA opal suppressor (anticodon UCA),tRNA,-,-,-,-,20210420,-
130825,121171971,LOC121171971,-,-,-,Un,-,tubulin alpha-3 chain,protein-coding,-,-,-,tubulin alpha-3 chain,20210424,-
130825,121171972,DGCR8,-,-,-,Un,-,DGCR8 microprocessor complex subunit,protein-coding,-,-,-,microprocessor complex subunit DGCR8,20210420,-
130825,121171973,MSI1,-,-,-,Un,-,musashi RNA binding protein 1,protein-coding,-,-,-,RNA-binding protein Musashi homolog 1,20210529,-
130825,121171974,GNAZ,-,-,-,Un,-,G protein subunit alpha z,protein-coding,-,-,-,guanine nucleotide-binding protein G(z) subunit alpha,20210420,-
130825,121171975,MXD3,-,-,-,Un,-,MAX dimerization protein 3,protein-coding,-,-,-,max dimerization protein 3,20210420,-
130825,121171976,LOC121171976,-,-,-,Un,-,transcription factor SOX-2-like,pseudo,-,-,-,-,20210420,-
130825,121171977,RSPH14,-,-,-,Un,-,radial spoke head 14 homolog,protein-coding,-,-,-,radial spoke head 14 homolog,20210420,-
130825,121171978,GAL3ST1,-,-,-,Un,-,galactose-3-O-sulfotransferase 1,protein-coding,-,-,-,galactosylceramide sulfotransferase,20210420,-
130825,121171979,P2RX6,-,-,-,Un,-,purinergic receptor P2X 6,protein-coding,-,-,-,P2X purinoceptor 6,20210420,-
130825,121171980,UNC119B,-,-,-,Un,-,unc-119 lipid binding chaperone B,protein-coding,-,-,-,protein unc-119 homolog B,20210420,-
130825,121171981,HIC2,-,-,-,Un,-,HIC ZBTB transcriptional repressor 2,protein-coding,-,-,-,hypermethylated in cancer 2 protein,20210420,-
130825,121171982,SRSF9,-,-,-,Un,-,serine and arginine rich splicing factor 9,protein-coding,-,-,-,serine/arginine-rich splicing factor 9,20210420,-
130825,121171983,MMAB,-,-,-,Un,-,metabolism of cobalamin associated B,protein-coding,-,-,-,corrinoid adenosyltransferase,20210420,-
130825,121171984,CRYBA4,-,-,-,Un,-,crystallin beta A4,protein-coding,-,-,-,beta-crystallin A4,20210420,-
130825,121171985,LOC121171985,-,-,-,Un,-,BRD4-interacting chromatin-remodeling complex-associated protein-like,pseudo,-,-,-,-,20210420,-
130825,121171986,PPM1F,-,-,-,Un,-,"protein phosphatase, Mg2+/Mn2+ dependent 1F",protein-coding,-,-,-,protein phosphatase 1F,20210420,-
130825,121171987,CRYBB3,-,-,-,Un,-,crystallin beta B3,protein-coding,-,-,-,beta-crystallin B3,20210420,-
130825,121171988,INPP5J,-,-,-,Un,-,inositol polyphosphate-5-phosphatase J,protein-coding,-,-,-,"phosphatidylinositol 4,5-bisphosphate 5-phosphatase A",20210420,-
130825,121171989,CRYBB1,-,-,-,Un,-,crystallin beta B1,protein-coding,-,-,-,beta-crystallin B1,20210420,-
130825,121171990,RASL10A,-,-,-,Un,-,RAS like family 10 member A,protein-coding,-,-,-,ras-like protein family member 10A,20210420,-
130825,121171991,LOC121171991,-,-,-,Un,-,solute carrier family 5 member 4-like,protein-coding,-,-,-,solute carrier family 5 member 4-like,20210420,-
130825,121171992,MMP11,-,-,-,Un,-,matrix metallopeptidase 11,protein-coding,-,-,-,stromelysin-3,20210420,-
130825,121171993,LZTR1,-,-,-,Un,-,leucine zipper like transcription regulator 1,protein-coding,-,-,-,leucine-zipper-like transcriptional regulator 1,20210420,-
130825,121171994,LOC121171994,-,-,-,Un,-,anomalous homeobox protein-like,protein-coding,-,-,-,anomalous homeobox protein-like,20210420,-
130825,121171995,GGT5,-,-,-,Un,-,gamma-glutamyltransferase 5,protein-coding,-,-,-,glutathione hydrolase 5 proenzyme,20210420,-
130825,121171996,DRG1,-,-,-,Un,-,developmentally regulated GTP binding protein 1,protein-coding,-,-,-,developmentally-regulated GTP-binding protein 1,20210501,-
130825,121171997,ISCU,-,-,-,Un,-,iron-sulfur cluster assembly enzyme,protein-coding,-,-,-,"iron-sulfur cluster assembly enzyme ISCU, mitochondrial",20210420,-
130825,121171998,RTL10,-,-,-,Un,-,retrotransposon Gag like 10,protein-coding,-,-,-,protein Bop,20210420,-
130825,121171999,GNB1L,-,-,-,Un,-,G protein subunit beta 1 like,protein-coding,-,-,-,guanine nucleotide-binding protein subunit beta-like protein 1,20210420,-
130825,121172000,TRMT2A,-,-,-,Un,-,tRNA methyltransferase 2 homolog A,protein-coding,-,-,-,tRNA (uracil-5-)-methyltransferase homolog A,20210420,-
130825,121172001,LOC121172001,-,-,-,Un,-,proline-rich protein 23C-like,protein-coding,-,-,-,proline-rich protein 23C-like,20210420,-
130825,121172002,RANBP1,-,-,-,Un,-,RAN binding protein 1,protein-coding,-,-,-,ran-specific GTPase-activating protein,20210420,-
130825,121172003,SLC7A4,-,-,-,Un,-,solute carrier family 7 member 4,protein-coding,-,-,-,cationic amino acid transporter 4,20210420,-
130825,121172004,ESS2,-,-,-,Un,-,ess-2 splicing factor homolog,protein-coding,-,-,-,splicing factor ESS-2 homolog,20210420,-
130825,121172005,TSSK2,-,-,-,Un,-,testis specific serine kinase 2,protein-coding,-,-,-,testis-specific serine/threonine-protein kinase 2,20210420,-
130825,121172006,FAM222A,-,-,-,Un,-,family with sequence similarity 222 member A,protein-coding,-,-,-,protein FAM222A,20210420,-
130825,121172007,GATC,-,-,-,Un,-,glutamyl-tRNA amidotransferase subunit C,protein-coding,-,-,-,"glutamyl-tRNA(Gln) amidotransferase subunit C, mitochondrial",20210420,-
130825,121172008,TRIAP1,-,-,-,Un,-,TP53 regulated inhibitor of apoptosis 1,protein-coding,-,-,-,TP53-regulated inhibitor of apoptosis 1,20210420,-
130825,121172009,TOP3B,-,-,-,Un,-,DNA topoisomerase III beta,protein-coding,-,-,-,DNA topoisomerase 3-beta-1,20210420,-
130825,121172010,SMTN,-,-,-,Un,-,smoothelin,protein-coding,-,-,-,smoothelin,20210420,-
130825,121172011,LOC121172011,-,-,-,Un,-,proline-rich protein 23C-like,protein-coding,-,-,-,proline-rich protein 23C-like,20210420,-
130825,121172012,SELENOM,-,-,-,Un,-,selenoprotein M,protein-coding,-,-,-,selenoprotein M,20210420,-
130825,121172013,CCDC117,-,-,-,Un,-,coiled-coil domain containing 117,protein-coding,-,-,-,coiled-coil domain-containing protein 117,20210420,-
130825,121172014,LOC121172014,-,-,-,Un,-,trichoplein keratin filament binding,protein-coding,-,-,-,trichoplein keratin filament-binding protein,20210420,-
130825,121172015,ADORA2A,-,-,-,Un,-,adenosine A2a receptor,protein-coding,-,-,-,adenosine receptor A2a,20210420,-
130825,121172016,LOC121172016,-,-,-,Un,-,uncharacterized LOC121172016,ncRNA,-,-,-,-,20210420,-
130825,121172017,USP30,-,-,-,Un,-,ubiquitin specific peptidase 30,protein-coding,-,-,-,ubiquitin carboxyl-terminal hydrolase 30,20210420,-
130825,121172018,LOC121172018,-,-,-,Un,-,THO complex subunit 7 homolog,protein-coding,-,-,-,THO complex subunit 7 homolog,20210420,-
130825,121172019,ALKBH2,-,-,-,Un,-,"alkB homolog 2, alpha-ketoglutarate dependent dioxygenase",protein-coding,-,-,-,DNA oxidative demethylase ALKBH2,20210420,-
130825,121172020,TCN2,-,-,-,Un,-,transcobalamin 2,protein-coding,-,-,-,transcobalamin-2,20210420,-
130825,121172021,LOC121172021,-,-,-,Un,-,uncharacterized LOC121172021,protein-coding,-,-,-,uncharacterized protein LOC121172021,20210420,-
130825,121172022,SDF2L1,-,-,-,Un,-,stromal cell derived factor 2 like 1,protein-coding,-,-,-,stromal cell-derived factor 2-like protein 1,20210420,-
130825,121172023,LOC121172023,-,-,-,Un,-,"proline dehydrogenase 1, mitochondrial-like",protein-coding,-,-,-,"proline dehydrogenase 1, mitochondrial-like",20210420,-
130825,121172024,DGCR6L,-,-,-,Un,-,DiGeorge syndrome critical region gene 6 like,protein-coding,-,-,-,protein DGCR6L,20210420,-
130825,121172025,ZDHHC8,-,-,-,Un,-,zinc finger DHHC-type palmitoyltransferase 8,protein-coding,-,-,-,palmitoyltransferase ZDHHC8,20210420,-
130825,121172026,HPS4,-,-,-,Un,-,HPS4 biogenesis of lysosomal organelles complex 3 subunit 2,protein-coding,-,-,-,Hermansky-Pudlak syndrome 4 protein,20210420,-
130825,121172027,NME9,-,-,-,Un,-,NME/NM23 family member 9,protein-coding,-,-,-,thioredoxin domain-containing protein 6,20210420,-
130825,121172028,CRYBB2,-,-,-,Un,-,crystallin beta B2,protein-coding,-,-,-,beta-crystallin B2,20210420,-
130825,121172029,COQ5,-,-,-,Un,-,"coenzyme Q5, methyltransferase",protein-coding,-,-,-,"2-methoxy-6-polyprenyl-1,4-benzoquinol methylase, mitochondrial",20210420,-
130825,121172030,NIPSNAP1,-,-,-,Un,-,nipsnap homolog 1,protein-coding,-,-,-,protein NipSnap homolog 1,20210420,-
130825,121172031,LOC121172031,-,-,-,Un,-,glycolipid transfer protein,protein-coding,-,-,-,glycolipid transfer protein,20210420,-
130825,121172032,CUNH12orf76,-,-,-,Un,-,chromosome unknown C12orf76 homolog,protein-coding,-,-,-,uncharacterized protein C12orf76 homolog,20210420,-
130825,121172033,SCARF2,-,-,-,Un,-,scavenger receptor class F member 2,protein-coding,-,-,-,scavenger receptor class F member 2,20210420,-
130825,121172034,LOC121172034,-,-,-,Un,-,uncharacterized LOC121172034,ncRNA,-,-,-,-,20210420,-
130825,121172035,LOC121172035,-,-,-,Un,-,uncharacterized LOC121172035,ncRNA,-,-,-,-,20210420,-
130825,121172036,DYNLL1,-,-,-,Un,-,dynein light chain LC8-type 1,protein-coding,-,-,-,"dynein light chain 1, cytoplasmic",20210612,-
130825,121172037,LOC121172037,-,-,-,Un,-,U8 snoRNA-decapping enzyme-like,protein-coding,-,-,-,U8 snoRNA-decapping enzyme-like,20210420,-
130825,121172038,FICD,-,-,-,Un,-,FIC domain protein adenylyltransferase,protein-coding,-,-,-,protein adenylyltransferase FICD,20210420,-
130825,121172039,MZT2B,-,-,-,Un,-,mitotic spindle organizing protein 2B,protein-coding,-,-,-,mitotic-spindle organizing protein 2B,20210420,-
130825,121172040,OASL,-,-,-,Un,-,2'-5'-oligoadenylate synthetase like,protein-coding,-,-,-,2'-5'-oligoadenylate synthase-like protein,20210420,-
130825,121172041,MVK,-,-,-,Un,-,mevalonate kinase,protein-coding,-,-,-,mevalonate kinase,20210420,-
130825,121172042,OSM,-,-,-,Un,-,oncostatin M,protein-coding,-,-,-,oncostatin-M,20210420,-
130825,121172043,KREMEN1,-,-,-,Un,-,kringle containing transmembrane protein 1,protein-coding,-,-,-,kremen protein 1,20210420,-
130825,121172044,GIT2,-,-,-,Un,-,GIT ArfGAP 2,protein-coding,-,-,-,ARF GTPase-activating protein GIT2,20210420,-
130825,121172045,NEK11,-,-,-,Un,-,NIMA related kinase 11,protein-coding,-,-,-,serine/threonine-protein kinase Nek11,20210420,-
130825,121172046,CHEK2,-,-,-,Un,-,checkpoint kinase 2,protein-coding,-,-,-,serine/threonine-protein kinase Chk2,20210420,-
130825,121172047,LOC121172047,-,-,-,Un,-,"dynein light chain 1, cytoplasmic-like",protein-coding,-,-,-,"dynein light chain 1, cytoplasmic-like",20210420,-
130825,121172048,MN1,-,-,-,Un,-,"MN1 proto-oncogene, transcriptional regulator",protein-coding,-,-,-,transcriptional activator MN1,20210420,-
130825,121172049,CLDN5,-,-,-,Un,-,claudin 5,protein-coding,-,-,-,claudin-5,20210420,-
130825,121172050,PES1,-,-,-,Un,-,pescadillo ribosomal biogenesis factor 1,protein-coding,-,-,-,pescadillo homolog,20210420,-
130825,121172051,UPB1,-,-,-,Un,-,beta-ureidopropionase 1,protein-coding,-,-,-,beta-ureidopropionase,20210420,-
130825,121172052,LOC121172052,-,-,-,Un,-,olfactory receptor 7A10-like,protein-coding,-,-,-,olfactory receptor 7A10-like,20210420,-
130825,121172053,TBX1,-,-,-,Un,-,T-box transcription factor 1,protein-coding,-,-,-,T-box transcription factor TBX1,20210420,-
130825,121172054,ACADS,-,-,-,Un,-,acyl-CoA dehydrogenase short chain,protein-coding,-,-,-,"short-chain specific acyl-CoA dehydrogenase, mitochondrial",20210420,-
130825,121172055,GAS2L1,-,-,-,Un,-,growth arrest specific 2 like 1,protein-coding,-,-,-,GAS2-like protein 1,20210420,-
130825,121172056,EFHB,-,-,-,Un,-,EF-hand domain family member B,protein-coding,-,-,-,EF-hand domain-containing family member B,20210420,-
130825,121172057,LOC121172057,-,-,-,Un,-,"cytochrome c oxidase subunit 6A1, mitochondrial",protein-coding,-,-,-,"cytochrome c oxidase subunit 6A1, mitochondrial",20210420,-
130825,121172058,SNRPD3,-,-,-,Un,-,small nuclear ribonucleoprotein D3 polypeptide,protein-coding,-,-,-,small nuclear ribonucleoprotein Sm D3,20210501,-
130825,121172059,RNF215,-,-,-,Un,-,ring finger protein 215,protein-coding,-,-,-,RING finger protein 215,20210420,-
130825,121172060,LOC121172060,-,-,-,Un,-,E3 ubiquitin-protein ligase RNF185,protein-coding,-,-,-,E3 ubiquitin-protein ligase RNF185|LIM domain kinase 2,20210420,-
130825,121172061,PIK3IP1,-,-,-,Un,-,phosphoinositide-3-kinase interacting protein 1,protein-coding,-,-,-,phosphoinositide-3-kinase-interacting protein 1,20210420,-
130825,121172062,LOC121172062,-,-,-,Un,-,uncharacterized LOC121172062,ncRNA,-,-,-,-,20210420,-
130825,121172063,LIF,-,-,-,Un,-,LIF interleukin 6 family cytokine,protein-coding,-,-,-,leukemia inhibitory factor,20210420,-
130825,121172064,PP2D1,-,-,-,Un,-,protein phosphatase 2C like domain containing 1,protein-coding,-,-,-,protein phosphatase 2C-like domain-containing protein 1,20210420,-
130825,121172065,SLC35E4,-,-,-,Un,-,solute carrier family 35 member E4,protein-coding,-,-,-,solute carrier family 35 member E4,20210420,-
130825,121172066,ZMAT5,-,-,-,Un,-,zinc finger matrin-type 5,protein-coding,-,-,-,zinc finger matrin-type protein 5,20210420,-
130825,121172067,RNF10,-,-,-,Un,-,ring finger protein 10,protein-coding,-,-,-,RING finger protein 10,20210420,-
130825,121172068,POP5,-,-,-,Un,-,"POP5 homolog, ribonuclease P/MRP subunit",protein-coding,-,-,-,ribonuclease P/MRP protein subunit POP5,20210420,-
130825,121172069,LOC121172069,-,-,-,Un,-,cytochrome b-c1 complex subunit 9,protein-coding,-,-,-,cytochrome b-c1 complex subunit 9,20210420,-
130825,121172070,RAB36,-,-,-,Un,-,"RAB36, member RAS oncogene family",protein-coding,-,-,-,ras-related protein Rab-36,20210420,-
130825,121172071,SIRT4,-,-,-,Un,-,sirtuin 4,protein-coding,-,-,-,"NAD-dependent protein lipoamidase sirtuin-4, mitochondrial",20210420,-
130825,121172072,LOC121172072,-,-,-,Un,-,uncharacterized LOC121172072,ncRNA,-,-,-,-,20210420,-
130825,121172073,LOC121172073,-,-,-,Un,-,uncharacterized LOC121172073,ncRNA,-,-,-,-,20210420,-
130825,121172074,NKIRAS1,-,-,-,Un,-,NFKB inhibitor interacting Ras like 1,protein-coding,-,-,-,LOW QUALITY PROTEIN: NF-kappa-B inhibitor-interacting Ras-like protein 1,20210420,-
130825,121172075,LOC121172075,-,-,-,Un,-,glutathione hydrolase 1 proenzyme-like,protein-coding,-,-,-,glutathione hydrolase 1 proenzyme-like,20210420,-
130825,121172076,WSCD2,-,-,-,Un,-,WSC domain containing 2,protein-coding,-,-,-,WSC domain-containing protein 2,20210420,-
130825,121172077,CABP7,-,-,-,Un,-,calcium binding protein 7,protein-coding,-,-,-,calcium-binding protein 7,20210501,-
130825,121172078,LOC121172078,-,-,-,Un,-,uncharacterized LOC121172078,ncRNA,-,-,-,-,20210420,-
130825,121172079,DAO,-,-,-,Un,-,D-amino acid oxidase,protein-coding,-,-,-,D-amino-acid oxidase,20210420,-
130825,121172080,CUNH12orf43,-,-,-,Un,-,chromosome unknown C12orf43 homolog,protein-coding,-,-,-,protein CUSTOS,20210420,-
130825,121172081,NGLY1,-,-,-,Un,-,N-glycanase 1,protein-coding,-,-,-,peptide-N(4)-(N-acetyl-beta-glucosaminyl)asparagine amidase,20210420,-
130825,121172082,ZNF280B,-,-,-,Un,-,zinc finger protein 280B,protein-coding,-,-,-,zinc finger protein 280B,20210420,-
130825,121172083,LOC121172083,-,-,-,Un,-,immunoglobulin lambda-1 light chain-like,protein-coding,-,-,-,immunoglobulin lambda-1 light chain-like,20210420,-
130825,121172084,LOC121172084,-,-,-,Un,-,probable non-functional immunoglobulin lambda variable 5-48,pseudo,-,-,-,-,20210420,-
130825,121172085,LOC121172085,-,-,-,Un,-,protocadherin beta-5-like,protein-coding,-,-,-,protocadherin beta-5-like,20210420,-
130825,121172086,LOC121172086,-,-,-,Un,-,uncharacterized LOC121172086,ncRNA,-,-,-,-,20210420,-
130825,121172087,LOC121172087,-,-,-,Un,-,uncharacterized LOC121172087,ncRNA,-,-,-,-,20210420,-
130825,121172088,LOC121172088,-,-,-,Un,-,olfactory receptor 7A17-like,pseudo,-,-,-,-,20210420,-
130825,121172089,GRK3,-,-,-,Un,-,G protein-coupled receptor kinase 3,protein-coding,-,-,-,beta-adrenergic receptor kinase 2,20210420,-
130825,121172090,ASPHD2,-,-,-,Un,-,aspartate beta-hydroxylase domain containing 2,protein-coding,-,-,-,aspartate beta-hydroxylase domain-containing protein 2,20210420,-
130825,121172091,LOC121172091,-,-,-,Un,-,melanoma antigen preferentially expressed in tumors-like,protein-coding,-,-,-,melanoma antigen preferentially expressed in tumors-like,20210420,-
130825,121172092,PLA2G1B,-,-,-,Un,-,phospholipase A2 group IB,protein-coding,-,-,-,phospholipase A2,20210420,-
130825,121172093,FOXN4,-,-,-,Un,-,forkhead box N4,protein-coding,-,-,-,forkhead box protein N4,20210420,-
130825,121172094,GADL1,-,-,-,Un,-,glutamate decarboxylase like 1,protein-coding,-,-,-,acidic amino acid decarboxylase GADL1,20210420,-
130825,121172095,TPST2,-,-,-,Un,-,tyrosylprotein sulfotransferase 2,protein-coding,-,-,-,protein-tyrosine sulfotransferase 2,20210420,-
130825,121172096,EWSR1,-,-,-,Un,-,EWS RNA binding protein 1,protein-coding,-,-,-,RNA-binding protein EWS,20210420,-
130825,121172097,LOC121172097,-,-,-,Un,-,ras-related protein Rab-9A-like,pseudo,-,-,-,-,20210420,-
130825,121172098,EMID1,-,-,-,Un,-,EMI domain containing 1,protein-coding,-,-,-,EMI domain-containing protein 1,20210420,-
130825,121172099,RHBDD3,-,-,-,Un,-,rhomboid domain containing 3,protein-coding,-,-,-,rhomboid domain-containing protein 3,20210420,-
130825,121172100,BICDL1,-,-,-,Un,-,BICD family like cargo adaptor 1,protein-coding,-,-,-,BICD family-like cargo adapter 1,20210420,-
130825,121172101,RAB35,-,-,-,Un,-,"RAB35, member RAS oncogene family",protein-coding,-,-,-,ras-related protein Rab-35,20210501,-
130825,121172102,SUSD5,-,-,-,Un,-,sushi domain containing 5,protein-coding,-,-,-,sushi domain-containing protein 5,20210420,-
130825,121172103,LOC121172103,-,-,-,Un,-,uncharacterized LOC121172103,ncRNA,-,-,-,-,20210420,-
130825,121172104,SMPD4,-,-,-,Un,-,sphingomyelin phosphodiesterase 4,protein-coding,-,-,-,sphingomyelin phosphodiesterase 4,20210420,-
130825,121172105,MED15,-,-,-,Un,-,mediator complex subunit 15,protein-coding,-,-,-,mediator of RNA polymerase II transcription subunit 15,20210420,-
130825,121172106,PRELID1,-,-,-,Un,-,PRELI domain containing 1,protein-coding,-,-,-,"PRELI domain-containing protein 1, mitochondrial",20210420,-
130825,121172107,TMEM191C,-,-,-,Un,-,transmembrane protein 191C,protein-coding,-,-,-,transmembrane protein 191C,20210420,-
130825,121172108,LOC121172108,-,-,-,Un,-,cyclic AMP-dependent transcription factor ATF-1-like,pseudo,-,-,-,-,20210420,-
130825,121172109,PITPNB,-,-,-,Un,-,phosphatidylinositol transfer protein beta,protein-coding,-,-,-,phosphatidylinositol transfer protein beta isoform,20210420,-
130825,121172110,TMEM211,-,-,-,Un,-,transmembrane protein 211,protein-coding,-,-,-,transmembrane protein 211,20210420,-
130825,121172111,PRR14L,-,-,-,Un,-,proline rich 14 like,protein-coding,-,-,-,protein PRR14L,20210420,-
130825,121172112,PXN,-,-,-,Un,-,paxillin,protein-coding,-,-,-,paxillin,20210420,-
130825,121172113,TRANK1,-,-,-,Un,-,tetratricopeptide repeat and ankyrin repeat containing 1,protein-coding,-,-,-,TPR and ankyrin repeat-containing protein 1,20210420,-
130825,121172114,PI4KA,-,-,-,Un,-,phosphatidylinositol 4-kinase alpha,protein-coding,-,-,-,phosphatidylinositol 4-kinase alpha,20210420,-
130825,121172115,SERPIND1,-,-,-,Un,-,serpin family D member 1,protein-coding,-,-,-,heparin cofactor 2,20210420,-
130825,121172116,TXNRD2,-,-,-,Un,-,thioredoxin reductase 2,protein-coding,-,-,-,"thioredoxin reductase 2, mitochondrial",20210420,-
130825,121172117,LOC121172117,-,-,-,Un,-,uncharacterized LOC121172117,ncRNA,-,-,-,-,20210420,-
130825,121172118,LOC121172118,-,-,-,Un,-,ADP-ribosylation factor 1-like,pseudo,-,-,-,-,20210420,-
130825,121172119,LOC121172119,-,-,-,Un,-,catechol O-methyltransferase-like,protein-coding,-,-,-,catechol O-methyltransferase-like,20210420,-
130825,121172120,LOC121172120,-,-,-,Un,-,catechol O-methyltransferase-like,protein-coding,-,-,-,catechol O-methyltransferase-like,20210420,-
130825,121172121,GCN1,-,-,-,Un,-,GCN1 activator of EIF2AK4,protein-coding,-,-,-,eIF-2-alpha kinase activator GCN1,20210420,-
130825,121172122,LOC121172122,-,-,-,Un,-,uncharacterized LOC121172122,ncRNA,-,-,-,-,20210420,-
130825,121172123,SPPL3,-,-,-,Un,-,signal peptide peptidase like 3,protein-coding,-,-,-,signal peptide peptidase-like 3,20210420,-
130825,121172124,LOC121172124,-,-,-,Un,-,small nucleolar RNA SNORA17,snoRNA,-,-,-,-,20210420,-
130825,121172125,LOC121172125,-,-,-,Un,-,small nucleolar RNA SNORA77,snoRNA,-,-,-,-,20210420,-
130825,121172126,LOC121172126,-,-,-,Un,-,small nucleolar RNA SNORD125,snoRNA,-,-,-,-,20210420,-
130825,121172127,LOC121172127,-,-,-,Un,-,small nucleolar RNA U13,snoRNA,-,-,-,-,20210420,-
130825,121172128,LOC121172128,-,-,-,Un,-,U4 spliceosomal RNA,snRNA,-,-,-,-,20210420,-
130825,121172129,LOC121172129,-,-,-,Un,-,U4 spliceosomal RNA,snRNA,-,-,-,-,20210420,-
130825,121172130,LOC121172130,-,-,-,Un,-,U6 spliceosomal RNA,snRNA,-,-,-,-,20210420,-
130825,121172131,LOC121172131,-,-,-,Un,-,ubiquitin-conjugating enzyme E2 S-like,pseudo,-,-,-,-,20210420,-
130825,121172132,LOC121172132,-,-,-,Un,-,U6 spliceosomal RNA,snRNA,-,-,-,-,20210420,-
130825,121172133,LPXN,-,-,-,Un,-,leupaxin,protein-coding,-,-,-,leupaxin,20210420,-
130825,121172134,DTX4,-,-,-,Un,-,deltex E3 ubiquitin ligase 4,protein-coding,-,-,-,E3 ubiquitin-protein ligase DTX4,20210420,-
130825,121172135,TMEM132A,-,-,-,Un,-,transmembrane protein 132A,protein-coding,-,-,-,transmembrane protein 132A,20210420,-
130825,121172136,SLC15A3,-,-,-,Un,-,solute carrier family 15 member 3,protein-coding,-,-,-,solute carrier family 15 member 3,20210420,-
130825,121172137,ZDHHC5,-,-,-,Un,-,zinc finger DHHC-type palmitoyltransferase 5,protein-coding,-,-,-,palmitoyltransferase ZDHHC5,20210420,-
130825,121172138,LOC121172138,-,-,-,Un,-,DNA (cytosine-5)-methyltransferase 3A-like,pseudo,-,-,-,-,20210420,-
130825,121172139,PATL1,-,-,-,Un,-,"PAT1 homolog 1, processing body mRNA decay factor",protein-coding,-,-,-,protein PAT1 homolog 1,20210420,-
130825,121172140,STX3,-,-,-,Un,-,syntaxin 3,protein-coding,-,-,-,syntaxin-3,20210420,-
130825,121172141,MRPL16,-,-,-,Un,-,mitochondrial ribosomal protein L16,protein-coding,-,-,-,"39S ribosomal protein L16, mitochondrial",20210420,-
130825,121172142,MPEG1,-,-,-,Un,-,macrophage expressed 1,protein-coding,-,-,-,macrophage-expressed gene 1 protein,20210420,-
130825,121172143,LOC121172143,-,-,-,Un,-,olfactory receptor 4A16-like,protein-coding,-,-,-,olfactory receptor 4A16-like,20210420,-
130825,121172144,LOC121172144,-,-,-,Un,-,putative olfactory receptor 2B8,protein-coding,-,-,-,putative olfactory receptor 2B8,20210420,-
130825,121172145,LOC121172145,-,-,-,Un,-,olfactory receptor 4C12-like,protein-coding,-,-,-,olfactory receptor 4C12-like,20210420,-
130825,121172146,VILL,-,-,-,Un,-,villin like,protein-coding,-,-,-,villin-like protein,20210420,-
130825,121172147,LOC121172147,-,-,-,Un,-,olfactory receptor 4A47-like,protein-coding,-,-,-,olfactory receptor 4A15-like|olfactory receptor 4A47-like,20210420,-
130825,121172148,LOC121172148,-,-,-,Un,-,olfactory receptor 4C46-like,protein-coding,-,-,-,olfactory receptor 4C46-like,20210420,-
130825,121172149,LOC121172149,-,-,-,Un,-,olfactory receptor 4D11,protein-coding,-,-,-,olfactory receptor 4D11,20210420,-
130825,121172150,LOC121172150,-,-,-,Un,-,olfactory receptor 4D9,protein-coding,-,-,-,olfactory receptor 4D9,20210420,-
130825,121172151,LOC121172151,-,-,-,Un,-,olfactory receptor 4C15-like,protein-coding,-,-,-,olfactory receptor 4C15-like,20210420,-
130825,121172152,LOC121172152,-,-,-,Un,-,olfactory receptor 4C15-like,protein-coding,-,-,-,olfactory receptor 4C15-like,20210420,-
130825,121172153,LOC121172153,-,-,-,Un,-,olfactory receptor 4C15-like,protein-coding,-,-,-,olfactory receptor 4C15-like,20210420,-
130825,121172154,SERPING1,-,-,-,Un,-,serpin family G member 1,protein-coding,-,-,-,plasma protease C1 inhibitor,20210420,-
130825,121172155,LOC121172155,-,-,-,Un,-,olfactory receptor 4C13-like,protein-coding,-,-,-,olfactory receptor 4C13-like,20210420,-
130825,121172156,BTBD18,-,-,-,Un,-,BTB domain containing 18,protein-coding,-,-,-,BTB/POZ domain-containing protein 18,20210420,-
130825,121172157,DLEC1,-,-,-,Un,-,DLEC1 cilia and flagella associated protein,protein-coding,-,-,-,deleted in lung and esophageal cancer protein 1,20210420,-
130825,121172158,SELENOH,-,-,-,Un,-,selenoprotein H,protein-coding,-,-,-,selenoprotein H,20210420,-
130825,121172159,LOC121172159,-,-,-,Un,-,olfactory receptor 4C3-like,protein-coding,-,-,-,olfactory receptor 4C3-like,20210420,-
130825,121172160,LOC121172160,-,-,-,Un,-,olfactory receptor 4C12-like,protein-coding,-,-,-,olfactory receptor 4C12-like,20210420,-
130825,121172161,LOC121172161,-,-,-,Un,-,olfactory receptor 4C46-like,protein-coding,-,-,-,LOW QUALITY PROTEIN: olfactory receptor 4C46-like,20210420,-
130825,121172162,LOC121172162,-,-,-,Un,-,olfactory receptor 4C46-like,protein-coding,-,-,-,olfactory receptor 4C46-like,20210420,-
130825,121172163,LOC121172163,-,-,-,Un,-,olfactory receptor 4C46-like,protein-coding,-,-,-,olfactory receptor 4C46-like,20210420,-
130825,121172164,MS4A4A,-,-,-,Un,-,membrane spanning 4-domains A4A,protein-coding,-,-,-,membrane-spanning 4-domains subfamily A member 4A,20210420,-
130825,121172165,SSRP1,-,-,-,Un,-,structure specific recognition protein 1,protein-coding,-,-,-,FACT complex subunit SSRP1,20210420,-
130825,121172166,P2RX3,-,-,-,Un,-,purinergic receptor P2X 3,protein-coding,-,-,-,P2X purinoceptor 3,20210420,-
130825,121172167,LOC121172167,-,-,-,Un,-,"HIG1 domain family member 1A, mitochondrial-like",pseudo,-,-,-,-,20210420,-
130825,121172168,LOC121172168,-,-,-,Un,-,olfactory receptor 1038,protein-coding,-,-,-,olfactory receptor 1038,20210420,-
130825,121172169,LOC121172169,-,-,-,Un,-,glycine N-phenylacetyltransferase-like,protein-coding,-,-,-,glycine N-phenylacetyltransferase-like,20210420,-
130825,121172170,LOC121172170,-,-,-,Un,-,rRNA-processing protein FCF1 homolog,pseudo,-,-,-,-,20210420,-
130825,121172171,LOC121172171,-,-,-,Un,-,olfactory receptor 5D18,protein-coding,-,-,-,olfactory receptor 5D18,20210420,-
130825,121172172,LOC121172172,-,-,-,Un,-,olfactory receptor 5D18-like,protein-coding,-,-,-,olfactory receptor 5D18-like,20210420,-
130825,121172173,LOC121172173,-,-,-,Un,-,olfactory receptor 5B3-like,protein-coding,-,-,-,olfactory receptor 5B3-like,20210420,-
130825,121172174,SLC43A3,-,-,-,Un,-,solute carrier family 43 member 3,protein-coding,-,-,-,solute carrier family 43 member 3,20210420,-
130825,121172175,LOC121172175,-,-,-,Un,-,olfactory receptor 5B12-like,protein-coding,-,-,-,olfactory receptor 5B12-like,20210420,-
130825,121172176,LOC121172176,-,-,-,Un,-,olfactory receptor 5B17-like,protein-coding,-,-,-,olfactory receptor 5B17-like,20210420,-
130825,121172177,LOC121172177,-,-,-,Un,-,olfactory receptor 5B17-like,protein-coding,-,-,-,olfactory receptor 5B17-like,20210420,-
130825,121172178,RASA2,-,-,-,Un,-,RAS p21 protein activator 2,protein-coding,-,-,-,ras GTPase-activating protein 2,20210420,-
130825,121172179,LOC121172179,-,-,-,Un,-,la-related protein 1-like,pseudo,-,-,-,-,20210420,-
130825,121172180,LOC121172180,-,-,-,Un,-,olfactory receptor 5M10-like,protein-coding,-,-,-,olfactory receptor 5M10-like,20210420,-
130825,121172181,LOC121172181,-,-,-,Un,-,olfactory receptor 8K5-like,protein-coding,-,-,-,olfactory receptor 8K5-like,20210420,-
130825,121172182,LOC121172182,-,-,-,Un,-,olfactory receptor 8K1,protein-coding,-,-,-,LOW QUALITY PROTEIN: olfactory receptor 8K1,20210420,-
130825,121172183,LOC121172183,-,-,-,Un,-,olfactory receptor 8J3-like,protein-coding,-,-,-,olfactory receptor 8J3-like,20210420,-
130825,121172184,LOC121172184,-,-,-,Un,-,olfactory receptor 4C46-like,protein-coding,-,-,-,olfactory receptor 4C46-like,20210420,-
130825,121172185,FAM111A,-,-,-,Un,-,FAM111 trypsin like peptidase A,protein-coding,-,-,-,serine protease FAM111A,20210420,-
130825,121172186,UBE2L6,-,-,-,Un,-,ubiquitin conjugating enzyme E2 L6,protein-coding,-,-,-,ubiquitin/ISG15-conjugating enzyme E2 L6,20210420,-
130825,121172187,TIMM10,-,-,-,Un,-,translocase of inner mitochondrial membrane 10,protein-coding,-,-,-,mitochondrial import inner membrane translocase subunit Tim10,20210420,-
130825,121172188,LOC121172188,-,-,-,Un,-,olfactory receptor 8J2-like,protein-coding,-,-,-,olfactory receptor 8J2-like,20210420,-
130825,121172189,MS4A1,-,-,-,Un,-,membrane spanning 4-domains A1,protein-coding,-,-,-,B-lymphocyte antigen CD20,20210420,-
130825,121172190,LOC121172190,-,-,-,Un,-,olfactory receptor 4C6-like,protein-coding,-,-,-,olfactory receptor 4C6-like,20210420,-
130825,121172191,LOC121172191,-,-,-,Un,-,olfactory receptor 4C11-like,protein-coding,-,-,-,olfactory receptor 4C11-like,20210420,-
130825,121172192,LOC121172192,-,-,-,Un,-,olfactory receptor 8K5-like,protein-coding,-,-,-,olfactory receptor 8K5-like,20210420,-
130825,121172193,CTNND1,-,-,-,Un,-,catenin delta 1,protein-coding,-,-,-,catenin delta-1,20210420,-
130825,121172194,LOC121172194,-,-,-,Un,-,glycine N-acyltransferase-like,protein-coding,-,-,-,glycine N-acyltransferase-like,20210420,-
130825,121172195,LOC121172195,-,-,-,Un,-,olfactory receptor 1044-like,protein-coding,-,-,-,olfactory receptor 1044-like,20210420,-
130825,121172196,LOC121172196,-,-,-,Un,-,membrane-spanning 4-domains subfamily A member 6D-like,protein-coding,-,-,-,membrane-spanning 4-domains subfamily A member 6D-like,20210420,-
130825,121172197,LOC121172197,-,-,-,Un,-,olfactory receptor 4C15-like,protein-coding,-,-,-,olfactory receptor 4C15-like,20210420,-
130825,121172198,LOC121172198,-,-,-,Un,-,olfactory receptor 5L1-like,protein-coding,-,-,-,olfactory receptor 5L1-like,20210420,-
130825,121172199,LOC121172199,-,-,-,Un,-,olfactory receptor 1044-like,protein-coding,-,-,-,olfactory receptor 1044-like,20210420,-
130825,121172200,LOC121172200,-,-,-,Un,-,olfactory receptor 5L2-like,protein-coding,-,-,-,olfactory receptor 5L2-like,20210420,-
130825,121172201,LOC121172201,-,-,-,Un,-,olfactory receptor 4D6,protein-coding,-,-,-,olfactory receptor 4D6,20210420,-
130825,121172202,PTGDR2,-,-,-,Un,-,prostaglandin D2 receptor 2,protein-coding,-,-,-,prostaglandin D2 receptor 2,20210420,-
130825,121172203,CCDC86,-,-,-,Un,-,coiled-coil domain containing 86,protein-coding,-,-,-,coiled-coil domain-containing protein 86,20210420,-
130825,121172204,MS4A13,-,-,-,Un,-,membrane spanning 4-domains A13,protein-coding,-,-,-,membrane-spanning 4-domains subfamily A member 13,20210420,-
130825,121172205,LOC121172205,-,-,-,Un,-,olfactory receptor 5B3-like,protein-coding,-,-,-,olfactory receptor 5B3-like,20210420,-
130825,121172206,TMEM109,-,-,-,Un,-,transmembrane protein 109,protein-coding,-,-,-,transmembrane protein 109,20210420,-
130825,121172207,LOC121172207,-,-,-,Un,-,glycine N-acyltransferase-like,protein-coding,-,-,-,glycine N-acyltransferase-like,20210420,-
130825,121172208,LOC121172208,-,-,-,Un,-,olfactory receptor 5B3-like,protein-coding,-,-,-,olfactory receptor 5B3-like,20210420,-
130825,121172209,LOC121172209,-,-,-,Un,-,olfactory receptor 5B3-like,protein-coding,-,-,-,olfactory receptor 5B3-like,20210420,-
130825,121172210,LOC121172210,-,-,-,Un,-,60S ribosomal protein L36-like,pseudo,-,-,-,-,20210420,-
130825,121172211,LOC121172211,-,-,-,Un,-,olfactory receptor 4C45-like,protein-coding,-,-,-,olfactory receptor 4C45-like,20210420,-
130825,121172212,LOC121172212,-,-,-,Un,-,olfactory receptor 4C45-like,protein-coding,-,-,-,olfactory receptor 4C45-like,20210420,-
130825,121172213,LOC121172213,-,-,-,Un,-,olfactory receptor 4C5-like,protein-coding,-,-,-,olfactory receptor 4C5-like,20210420,-
130825,121172214,LOC121172214,-,-,-,Un,-,olfactory receptor 4C12-like,protein-coding,-,-,-,olfactory receptor 4C12-like,20210420,-
130825,121172215,LOC121172215,-,-,-,Un,-,olfactory receptor 4A47-like,protein-coding,-,-,-,olfactory receptor 4A47-like,20210420,-
130825,121172216,LOC121172216,-,-,-,Un,-,olfactory receptor 4A47-like,protein-coding,-,-,-,olfactory receptor 4A47-like,20210420,-
130825,121172217,LOC121172217,-,-,-,Un,-,olfactory receptor 4A16-like,protein-coding,-,-,-,olfactory receptor 4A16-like,20210420,-
130825,121172218,LOC121172218,-,-,-,Un,-,olfactory receptor 140-like,protein-coding,-,-,-,olfactory receptor 140-like,20210420,-
130825,121172219,LOC121172219,-,-,-,Un,-,olfactory receptor 4A15-like,protein-coding,-,-,-,olfactory receptor 4A15-like,20210420,-
130825,121172220,LOC121172220,-,-,-,Un,-,olfactory receptor 4A15-like,protein-coding,-,-,-,olfactory receptor 4A15-like,20210420,-
130825,121172221,LOC121172221,-,-,-,Un,-,olfactory receptor 140-like,protein-coding,-,-,-,olfactory receptor 140-like,20210420,-
130825,121172222,LOC121172222,-,-,-,Un,-,olfactory receptor 4C6-like,protein-coding,-,-,-,olfactory receptor 4C6-like,20210420,-
130825,121172223,LOC121172223,-,-,-,Un,-,olfactory receptor 4P4-like,protein-coding,-,-,-,olfactory receptor 4P4-like,20210420,-
130825,121172224,MS4A2,-,-,-,Un,-,membrane spanning 4-domains A2,protein-coding,-,-,-,high affinity immunoglobulin epsilon receptor subunit beta,20210420,-
130825,121172225,LOC121172225,-,-,-,Un,-,olfactory receptor 4P4-like,protein-coding,-,-,-,olfactory receptor 4P4-like,20210420,-
130825,121172226,LOC121172226,-,-,-,Un,-,olfactory receptor 4S2,protein-coding,-,-,-,olfactory receptor 4S2,20210420,-
130825,121172227,LOC121172227,-,-,-,Un,-,olfactory receptor 4P4-like,protein-coding,-,-,-,olfactory receptor 4P4-like,20210420,-
130825,121172228,LOC121172228,-,-,-,Un,-,olfactory receptor 4S2-like,protein-coding,-,-,-,olfactory receptor 4S2-like,20210420,-
130825,121172229,LOC121172229,-,-,-,Un,-,olfactory receptor 4P4-like,protein-coding,-,-,-,olfactory receptor 4P4-like,20210420,-
130825,121172230,LOC121172230,-,-,-,Un,-,olfactory receptor 4P4-like,protein-coding,-,-,-,olfactory receptor 4P4-like,20210420,-
130825,121172231,LOC121172231,-,-,-,Un,-,olfactory receptor 4P4-like,protein-coding,-,-,-,olfactory receptor 4P4-like,20210420,-
130825,121172232,ZBTB38,-,-,-,Un,-,zinc finger and BTB domain containing 38,protein-coding,-,-,-,zinc finger and BTB domain-containing protein 38,20210420,-
130825,121172233,LOC121172233,-,-,-,Un,-,olfactory receptor 5D13-like,protein-coding,-,-,-,olfactory receptor 5D13-like,20210420,-
130825,121172234,LOC121172234,-,-,-,Un,-,olfactory receptor 5D18-like,protein-coding,-,-,-,olfactory receptor 5D18-like,20210420,-
130825,121172235,LOC121172235,-,-,-,Un,-,olfactory receptor 5D13-like,protein-coding,-,-,-,olfactory receptor 5D13-like,20210420,-
130825,121172236,LOC121172236,-,-,-,Un,-,olfactory receptor 5D18-like,protein-coding,-,-,-,olfactory receptor 5D18-like,20210420,-
130825,121172237,LOC121172237,-,-,-,Un,-,olfactory receptor 5D14,protein-coding,-,-,-,olfactory receptor 5D14,20210420,-
130825,121172238,LOC121172238,-,-,-,Un,-,olfactory receptor 5D18-like,protein-coding,-,-,-,olfactory receptor 5D18-like,20210420,-
130825,121172239,LOC121172239,-,-,-,Un,-,olfactory receptor 5W2-like,protein-coding,-,-,-,olfactory receptor 5W2-like,20210420,-
130825,121172240,LOC121172240,-,-,-,Un,-,olfactory receptor 10AG1-like,protein-coding,-,-,-,olfactory receptor 10AG1-like,20210420,-
130825,121172241,LOC121172241,-,-,-,Un,-,olfactory receptor 5W2-like,protein-coding,-,-,-,olfactory receptor 5W2-like,20210420,-
130825,121172242,LOC121172242,-,-,-,Un,-,olfactory receptor 5W2-like,protein-coding,-,-,-,olfactory receptor 5W2-like,20210420,-
130825,121172243,LOC121172243,-,-,-,Un,-,olfactory receptor 10AG1-like,protein-coding,-,-,-,olfactory receptor 10AG1-like,20210420,-
130825,121172244,LOC121172244,-,-,-,Un,-,olfactory receptor 5W2-like,protein-coding,-,-,-,olfactory receptor 5W2-like,20210420,-
130825,121172245,LOC121172245,-,-,-,Un,-,olfactory receptor 10AG1-like,protein-coding,-,-,-,olfactory receptor 10AG1-like,20210420,-
130825,121172246,LOC121172246,-,-,-,Un,-,olfactory receptor 1086-like,protein-coding,-,-,-,olfactory receptor 1086-like,20210420,-
130825,121172247,LOC121172247,-,-,-,Un,-,olfactory receptor 8H1-like,pseudo,-,-,-,-,20210420,-
130825,121172248,LOC121172248,-,-,-,Un,-,olfactory receptor 10AG1-like,protein-coding,-,-,-,olfactory receptor 10AG1-like,20210420,-
130825,121172249,LOC121172249,-,-,-,Un,-,olfactory receptor 5AS1-like,protein-coding,-,-,-,olfactory receptor 5AS1-like,20210420,-
130825,121172250,LOC121172250,-,-,-,Un,-,olfactory receptor 1052-like,protein-coding,-,-,-,olfactory receptor 1052-like,20210420,-
130825,121172251,LOC121172251,-,-,-,Un,-,olfactory receptor 484-like,pseudo,-,-,-,-,20210420,-
130825,121172252,LOC121172252,-,-,-,Un,-,olfactory receptor 8H1-like,protein-coding,-,-,-,olfactory receptor 8H1-like,20210420,-
130825,121172253,LOC121172253,-,-,-,Un,-,COP9 signalosome complex subunit 8-like,pseudo,-,-,-,-,20210420,-
130825,121172254,LOC121172254,-,-,-,Un,-,olfactory receptor 5T2-like,protein-coding,-,-,-,olfactory receptor 5T2-like,20210420,-
130825,121172255,LOC121172255,-,-,-,Un,-,olfactory receptor 1086-like,protein-coding,-,-,-,olfactory receptor 1086-like,20210420,-
130825,121172256,LOC121172256,-,-,-,Un,-,olfactory receptor 5W2-like,protein-coding,-,-,-,olfactory receptor 5W2-like,20210420,-
130825,121172257,LOC121172257,-,-,-,Un,-,olfactory receptor 1020-like,protein-coding,-,-,-,olfactory receptor 1020-like,20210420,-
130825,121172258,LOC121172258,-,-,-,Un,-,olfactory receptor 5AP2-like,protein-coding,-,-,-,olfactory receptor 5AP2-like,20210420,-
130825,121172259,LOC121172259,-,-,-,Un,-,olfactory receptor 5M10-like,protein-coding,-,-,-,olfactory receptor 5M10-like,20210420,-
130825,121172260,NSD1,-,-,-,Un,-,nuclear receptor binding SET domain protein 1,protein-coding,-,-,-,"histone-lysine N-methyltransferase, H3 lysine-36 specific",20210420,-
130825,121172261,LOC121172261,-,-,-,Un,-,olfactory receptor 5M11-like,protein-coding,-,-,-,olfactory receptor 5M11-like,20210420,-
130825,121172262,LOC121172262,-,-,-,Un,-,olfactory receptor 5AL1-like,protein-coding,-,-,-,olfactory receptor 5AL1-like,20210420,-
130825,121172263,LOC121172263,-,-,-,Un,-,olfactory receptor 8K5-like,protein-coding,-,-,-,olfactory receptor 8K5-like,20210420,-
130825,121172264,LOC121172264,-,-,-,Un,-,olfactory receptor 8K3-like,protein-coding,-,-,-,olfactory receptor 8K3-like,20210420,-
130825,121172265,LOC121172265,-,-,-,Un,-,olfactory receptor 8K3-like,protein-coding,-,-,-,olfactory receptor 8K3-like,20210420,-
130825,121172266,LOC121172266,-,-,-,Un,-,olfactory receptor 5W2-like,protein-coding,-,-,-,olfactory receptor 5W2-like,20210420,-
130825,121172267,LOC121172267,-,-,-,Un,-,olfactory receptor 5W2-like,protein-coding,-,-,-,olfactory receptor 5W2-like,20210420,-
130825,121172268,LOC121172268,-,-,-,Un,-,olfactory receptor 5I1-like,protein-coding,-,-,-,olfactory receptor 5I1-like,20210420,-
130825,121172269,LOC121172269,-,-,-,Un,-,olfactory receptor 9G4-like,protein-coding,-,-,-,olfactory receptor 9G4-like,20210420,-
130825,121172270,LOC121172270,-,-,-,Un,-,olfactory receptor 1013-like,protein-coding,-,-,-,olfactory receptor 1013-like,20210420,-
130825,121172271,LOC121172271,-,-,-,Un,-,olfactory receptor 1013-like,protein-coding,-,-,-,olfactory receptor 1013-like,20210420,-
130825,121172272,LOC121172272,-,-,-,Un,-,olfactory receptor 5G3-like,protein-coding,-,-,-,olfactory receptor 5G3-like,20210420,-
130825,121172273,LOC121172273,-,-,-,Un,-,fatty acid desaturase 2-like protein FADS2B,protein-coding,-,-,-,fatty acid desaturase 2-like protein FADS2B,20210420,-
130825,121172274,LOC121172274,-,-,-,Un,-,ferritin light chain-like,pseudo,-,-,-,-,20210420,-
130825,121172275,SMTNL1,-,-,-,Un,-,smoothelin like 1,protein-coding,-,-,-,smoothelin-like protein 1,20210420,-
130825,121172276,LOC121172276,-,-,-,Un,-,1-acyl-sn-glycerol-3-phosphate acyltransferase beta-like,pseudo,-,-,-,-,20210420,-
130825,121172277,LOC121172277,-,-,-,Un,-,olfactory receptor 9I1-like,protein-coding,-,-,-,olfactory receptor 9I1-like,20210420,-
130825,121172278,PXYLP1,-,-,-,Un,-,2-phosphoxylose phosphatase 1,protein-coding,-,-,-,2-phosphoxylose phosphatase 1,20210420,-
130825,121172279,LOC121172279,-,-,-,Un,-,olfactory receptor 9Q2,protein-coding,-,-,-,olfactory receptor 9Q2,20210420,-
130825,121172280,LOC121172280,-,-,-,Un,-,olfactory receptor 1S1-like,protein-coding,-,-,-,olfactory receptor 1S1-like,20210420,-
130825,121172281,LOC121172281,-,-,-,Un,-,olfactory receptor 10Q1-like,pseudo,-,-,-,-,20210420,-
130825,121172282,LOC121172282,-,-,-,Un,-,olfactory receptor 5B12-like,protein-coding,-,-,-,olfactory receptor 5B12-like,20210420,-
130825,121172283,LOC121172283,-,-,-,Un,-,olfactory receptor 5B3-like,protein-coding,-,-,-,olfactory receptor 5B3-like,20210420,-
130825,121172284,LOC121172284,-,-,-,Un,-,olfactory receptor 5B17-like,protein-coding,-,-,-,olfactory receptor 5B17-like,20210420,-
130825,121172285,LOC121172285,-,-,-,Un,-,olfactory receptor 5B17-like,protein-coding,-,-,-,olfactory receptor 5B17-like,20210420,-
130825,121172286,LOC121172286,-,-,-,Un,-,olfactory receptor 5B2-like,protein-coding,-,-,-,olfactory receptor 5B2-like,20210420,-
130825,121172287,LOC121172287,-,-,-,Un,-,olfactory receptor 5B17-like,protein-coding,-,-,-,olfactory receptor 5B17-like,20210420,-
130825,121172288,LOC121172288,-,-,-,Un,-,olfactory receptor 5B2-like,protein-coding,-,-,-,olfactory receptor 5B2-like,20210420,-
130825,121172289,SLC25A36,-,-,-,Un,-,solute carrier family 25 member 36,protein-coding,-,-,-,solute carrier family 25 member 36,20210420,-
130825,121172290,LOC121172290,-,-,-,Un,-,olfactory receptor 5B2-like,protein-coding,-,-,-,olfactory receptor 5B2-like,20210420,-
130825,121172291,LOC121172291,-,-,-,Un,-,olfactory receptor 5B12-like,protein-coding,-,-,-,olfactory receptor 5B12-like,20210420,-
130825,121172292,LOC121172292,-,-,-,Un,-,olfactory receptor 4D10,protein-coding,-,-,-,olfactory receptor 4D10,20210420,-
130825,121172293,LOC121172293,-,-,-,Un,-,olfactory receptor 1440-like,protein-coding,-,-,-,LOW QUALITY PROTEIN: olfactory receptor 1440-like,20210420,-
130825,121172294,LOC121172294,-,-,-,Un,-,olfactory receptor 1440-like,protein-coding,-,-,-,olfactory receptor 1440-like,20210420,-
130825,121172295,LOC121172295,-,-,-,Un,-,olfactory receptor 5A2-like,protein-coding,-,-,-,olfactory receptor 5A2-like,20210420,-
130825,121172296,LOC121172296,-,-,-,Un,-,olfactory receptor 5A1-like,protein-coding,-,-,-,olfactory receptor 5A1-like,20210420,-
130825,121172297,LOC121172297,-,-,-,Un,-,olfactory receptor 10V1-like,protein-coding,-,-,-,olfactory receptor 10V1-like,20210420,-
130825,121172298,LOC121172298,-,-,-,Un,-,olfactory receptor 10V1-like,protein-coding,-,-,-,olfactory receptor 10V1-like,20210420,-
130825,121172299,LOC121172299,-,-,-,Un,-,"trifunctional enzyme subunit beta, mitochondrial-like",pseudo,-,-,-,-,20210420,-
130825,121172300,LOC121172300,-,-,-,Un,-,oocyte-secreted protein 4A-like,protein-coding,-,-,-,oocyte-secreted protein 4A-like,20210420,-
130825,121172301,LOC121172301,-,-,-,Un,-,oocyte-secreted protein 4B-like,protein-coding,-,-,-,oocyte-secreted protein 4B-like,20210420,-
130825,121172302,MS4A14,-,-,-,Un,-,membrane spanning 4-domains A14,protein-coding,-,-,-,membrane-spanning 4-domains subfamily A member 14,20210420,-
130825,121172303,LOC121172303,-,-,-,Un,-,membrane-spanning 4-domains subfamily A member 12-like,protein-coding,-,-,-,membrane-spanning 4-domains subfamily A member 12-like,20210420,-
130825,121172304,LOC121172304,-,-,-,Un,-,"39S ribosomal protein L11, mitochondrial-like",pseudo,-,-,-,-,20210420,-
130825,121172305,LOC121172305,-,-,-,Un,-,membrane-spanning 4-domains subfamily A member 12-like,protein-coding,-,-,-,membrane-spanning 4-domains subfamily A member 12-like,20210420,-
130825,121172306,LOC121172306,-,-,-,Un,-,membrane-spanning 4-domains subfamily A member 12-like,protein-coding,-,-,-,membrane-spanning 4-domains subfamily A member 12-like,20210420,-
130825,121172307,LOC121172307,-,-,-,Un,-,membrane-spanning 4-domains subfamily A member 8-like,protein-coding,-,-,-,membrane-spanning 4-domains subfamily A member 8-like,20210420,-
130825,121172308,MS4A18,-,-,-,Un,-,membrane spanning 4-domains A18,protein-coding,-,-,-,membrane-spanning 4-domains subfamily A member 18,20210420,-
130825,121172309,ZP1,-,-,-,Un,-,zona pellucida glycoprotein 1,protein-coding,-,-,-,zona pellucida sperm-binding protein 1,20210420,-
130825,121172310,LOC121172310,-,-,-,Un,-,olfactory receptor 5B3-like,protein-coding,-,-,-,olfactory receptor 5B3-like,20210420,-
130825,121172311,LOC121172311,-,-,-,Un,-,olfactory receptor 4C16-like,protein-coding,-,-,-,olfactory receptor 4C16-like,20210420,-
130825,121172312,LOC121172312,-,-,-,Un,-,proteoglycan 3-like,protein-coding,-,-,-,proteoglycan 3-like,20210420,-
130825,121172313,SPSB4,-,-,-,Un,-,splA/ryanodine receptor domain and SOCS box containing 4,protein-coding,-,-,-,SPRY domain-containing SOCS box protein 4,20210420,-
130825,121172314,LOC121172314,-,-,-,Un,-,olfactory receptor 4C45-like,protein-coding,-,-,-,olfactory receptor 4C45-like,20210420,-
130825,121172315,LOC121172315,-,-,-,Un,-,olfactory receptor 8J2-like,protein-coding,-,-,-,olfactory receptor 8J2-like,20210420,-
130825,121172316,TMX2,-,-,-,Un,-,thioredoxin related transmembrane protein 2,protein-coding,-,-,-,thioredoxin-related transmembrane protein 2,20210420,-
130825,121172317,PRPF19,-,-,-,Un,-,pre-mRNA processing factor 19,protein-coding,-,-,-,pre-mRNA-processing factor 19,20210420,-
130825,121172318,LOC121172318,-,-,-,Un,-,olfactory receptor 5D13-like,protein-coding,-,-,-,olfactory receptor 5D13-like,20210420,-
130825,121172319,LOC121172319,-,-,-,Un,-,olfactory receptor 1030,protein-coding,-,-,-,olfactory receptor 1030,20210420,-
130825,121172320,LOC121172320,-,-,-,Un,-,olfactory receptor 10AG1-like,protein-coding,-,-,-,olfactory receptor 10AG1-like,20210420,-
130825,121172321,NMNAT3,-,-,-,Un,-,nicotinamide nucleotide adenylyltransferase 3,protein-coding,-,-,-,nicotinamide/nicotinic acid mononucleotide adenylyltransferase 3,20210420,-
130825,121172322,LOC121172322,-,-,-,Un,-,olfactory receptor 4D11-like,protein-coding,-,-,-,olfactory receptor 4D11-like,20210420,-
130825,121172323,LOC121172323,-,-,-,Un,-,olfactory receptor 10AG1-like,protein-coding,-,-,-,olfactory receptor 10AG1-like,20210420,-
130825,121172324,LOC121172324,-,-,-,Un,-,olfactory receptor 10AG1-like,protein-coding,-,-,-,olfactory receptor 10AG1-like,20210420,-
130825,121172325,LOC121172325,-,-,-,Un,-,olfactory receptor 10AG1-like,protein-coding,-,-,-,olfactory receptor 10AG1-like,20210420,-
130825,121172326,LOC121172326,-,-,-,Un,-,olfactory receptor 1030-like,protein-coding,-,-,-,olfactory receptor 1030-like,20210420,-
130825,121172327,LOC121172327,-,-,-,Un,-,pepsin-3-like,protein-coding,-,-,-,pepsin-3-like,20210420,-
130825,121172328,LOC121172328,-,-,-,Un,-,pepsin-3-like,protein-coding,-,-,-,pepsin-3-like,20210420,-
130825,121172329,MS4A8,-,-,-,Un,-,membrane spanning 4-domains A8,protein-coding,-,-,-,membrane-spanning 4-domains subfamily A member 8,20210420,-
130825,121172330,LOC121172330,-,-,-,Un,-,olfactory receptor 5W2-like,protein-coding,-,-,-,olfactory receptor 5W2-like,20210420,-
130825,121172331,CLP1,-,-,-,Un,-,cleavage factor polyribonucleotide kinase subunit 1,protein-coding,-,-,-,polyribonucleotide 5'-hydroxyl-kinase Clp1,20210420,-
130825,121172332,YPEL4,-,-,-,Un,-,yippee like 4,protein-coding,-,-,-,protein yippee-like 4,20210424,-
130825,121172333,LOC121172333,-,-,-,Un,-,olfactory receptor 5W2-like,protein-coding,-,-,-,olfactory receptor 5W2-like,20210420,-
130825,121172334,LOC121172334,-,-,-,Un,-,olfactory receptor 1009-like,protein-coding,-,-,-,LOW QUALITY PROTEIN: olfactory receptor 1009-like,20210420,-
130825,121172335,LOC121172335,-,-,-,Un,-,membrane-spanning 4-domains subfamily A member 5-like,protein-coding,-,-,-,membrane-spanning 4-domains subfamily A member 5-like,20210420,-
130825,121172336,LOC121172336,-,-,-,Un,-,pepsin II-4-like,protein-coding,-,-,-,pepsin II-4-like,20210420,-
130825,121172337,LOC121172337,-,-,-,Un,-,olfactory receptor 4A15-like,protein-coding,-,-,-,olfactory receptor 4A15-like,20210420,-
130825,121172338,MS4A15,-,-,-,Un,-,membrane spanning 4-domains A15,protein-coding,-,-,-,membrane-spanning 4-domains subfamily A member 15,20210420,-
130825,121172339,LOC121172339,-,-,-,Un,-,olfactory receptor 1019-like,protein-coding,-,-,-,LOW QUALITY PROTEIN: olfactory receptor 1019-like,20210420,-
130825,121172340,LOC121172340,-,-,-,Un,-,olfactory receptor 1002-like,protein-coding,-,-,-,olfactory receptor 1002-like,20210420,-
130825,121172341,LOC121172341,-,-,-,Un,-,pepsin F,protein-coding,-,-,-,pepsin F,20210420,-
130825,121172342,LOC121172342,-,-,-,Un,-,olfactory receptor 1102-like,protein-coding,-,-,-,olfactory receptor 1102-like,20210420,-
130825,121172343,LOC121172343,-,-,-,Un,-,olfactory receptor 1013-like,protein-coding,-,-,-,olfactory receptor 1013-like,20210420,-
130825,121172344,COPB2,-,-,-,Un,-,COPI coat complex subunit beta 2,protein-coding,-,-,-,coatomer subunit beta',20210420,-
130825,121172345,MED19,-,-,-,Un,-,mediator complex subunit 19,protein-coding,-,-,-,mediator of RNA polymerase II transcription subunit 19,20210420,-
130825,121172346,LOC121172346,-,-,-,Un,-,olfactory receptor 4C11-like,protein-coding,-,-,-,olfactory receptor 4C11-like,20210420,-
130825,121172347,SLC43A1,-,-,-,Un,-,solute carrier family 43 member 1,protein-coding,-,-,-,large neutral amino acids transporter small subunit 3,20210420,-
130825,121172348,TNKS1BP1,-,-,-,Un,-,tankyrase 1 binding protein 1,protein-coding,-,-,-,182 kDa tankyrase-1-binding protein,20210420,-
130825,121172349,LOC121172349,-,-,-,Un,-,olfactory receptor 1094-like,protein-coding,-,-,-,olfactory receptor 1094-like,20210420,-
130825,121172350,LOC121172350,-,-,-,Un,-,olfactory receptor 5T2-like,protein-coding,-,-,-,olfactory receptor 5T2-like,20210420,-
130825,121172351,CBLIF,-,-,-,Un,-,cobalamin binding intrinsic factor,protein-coding,-,-,-,cobalamin binding intrinsic factor,20210420,-
130825,121172352,LOC121172352,-,-,-,Un,-,olfactory receptor 1013-like,protein-coding,-,-,-,olfactory receptor 1013-like,20210420,-
130825,121172353,MRPS22,-,-,-,Un,-,mitochondrial ribosomal protein S22,protein-coding,-,-,-,"28S ribosomal protein S22, mitochondrial",20210420,-
130825,121172354,LOC121172354,-,-,-,Un,-,olfactory receptor 8I2,protein-coding,-,-,-,olfactory receptor 8I2,20210420,-
130825,121172355,LOC121172355,-,-,-,Un,-,olfactory receptor 8H1-like,protein-coding,-,-,-,olfactory receptor 8H1-like,20210420,-
130825,121172356,LOC121172356,-,-,-,Un,-,olfactory receptor 9Q1-like,protein-coding,-,-,-,olfactory receptor 9Q1-like,20210420,-
130825,121172357,LOC121172357,-,-,-,Un,-,olfactory receptor 8H1-like,protein-coding,-,-,-,olfactory receptor 8H1-like,20210420,-
130825,121172358,LOC121172358,-,-,-,Un,-,olfactory receptor 1013-like,protein-coding,-,-,-,olfactory receptor 1013-like,20210420,-
130825,121172359,LOC121172359,-,-,-,Un,-,olfactory receptor 9G4,protein-coding,-,-,-,olfactory receptor 9G4,20210420,-
130825,121172360,RTN4RL2,-,-,-,Un,-,reticulon 4 receptor like 2,protein-coding,-,-,-,reticulon-4 receptor-like 2,20210420,-
130825,121172361,LOC121172361,-,-,-,Un,-,uncharacterized LOC121172361,ncRNA,-,-,-,-,20210420,-
130825,121172362,LOC121172362,-,-,-,Un,-,high affinity immunoglobulin epsilon receptor subunit beta-like,protein-coding,-,-,-,high affinity immunoglobulin epsilon receptor subunit beta-like,20210420,-
130825,121172363,LOC121172363,-,-,-,Un,-,olfactory receptor 5AK2-like,protein-coding,-,-,-,olfactory receptor 5AK2-like,20210420,-
130825,121172364,PIK3CB,-,-,-,Un,-,"phosphatidylinositol-4,5-bisphosphate 3-kinase catalytic subunit beta",protein-coding,-,-,-,"phosphatidylinositol 4,5-bisphosphate 3-kinase catalytic subunit beta isoform",20210420,-
130825,121172365,LOC121172365,-,-,-,Un,-,olfactory receptor 5AK2-like,protein-coding,-,-,-,olfactory receptor 5AK2-like,20210420,-
130825,121172366,LOC121172366,-,-,-,Un,-,putative olfactory receptor 5AK3,protein-coding,-,-,-,putative olfactory receptor 5AK3,20210420,-
130825,121172367,LOC121172367,-,-,-,Un,-,olfactory receptor 10Q1-like,protein-coding,-,-,-,olfactory receptor 10Q1-like,20210420,-
130825,121172368,LOC121172368,-,-,-,Un,-,olfactory receptor 9I1,protein-coding,-,-,-,olfactory receptor 9I1,20210420,-
130825,121172369,LOC121172369,-,-,-,Un,-,olfactory receptor 1052-like,protein-coding,-,-,-,olfactory receptor 1052-like,20210420,-
130825,121172370,LOC121172370,-,-,-,Un,-,peptidyl-prolyl cis-trans isomerase FKBP2-like,pseudo,-,-,-,-,20210420,-
130825,121172371,LOC121172371,-,-,-,Un,-,olfactory receptor 10V1,protein-coding,-,-,-,olfactory receptor 10V1,20210420,-
130825,121172372,LOC121172372,-,-,-,Un,-,olfactory receptor 5A1-like,protein-coding,-,-,-,olfactory receptor 5A1-like,20210420,-
130825,121172373,LOC121172373,-,-,-,Un,-,olfactory receptor 6Q1,protein-coding,-,-,-,olfactory receptor 6Q1,20210420,-
130825,121172374,LRRC55,-,-,-,Un,-,leucine rich repeat containing 55,protein-coding,-,-,-,leucine-rich repeat-containing protein 55,20210420,-
130825,121172375,FAIM,-,-,-,Un,-,Fas apoptotic inhibitory molecule,protein-coding,-,-,-,fas apoptotic inhibitory molecule 1,20210420,-
130825,121172376,APLNR,-,-,-,Un,-,apelin receptor,protein-coding,-,-,-,apelin receptor,20210420,-
130825,121172377,ZFP91,-,-,-,Un,-,"ZFP91 zinc finger protein, atypical E3 ubiquitin ligase",protein-coding,-,-,-,E3 ubiquitin-protein ligase ZFP91,20210420,-
130825,121172378,CNTF,-,-,-,Un,-,ciliary neurotrophic factor,protein-coding,-,-,-,ciliary neurotrophic factor,20210420,-
130825,121172379,LOC121172379,-,-,-,Un,-,olfactory receptor 4P4-like,protein-coding,-,-,-,olfactory receptor 4P4-like,20210420,-
130825,121172380,LOC121172380,-,-,-,Un,-,olfactory receptor 5I1,protein-coding,-,-,-,olfactory receptor 5I1,20210420,-
130825,121172381,LOC121172381,-,-,-,Un,-,olfactory receptor 10Q1,protein-coding,-,-,-,LOW QUALITY PROTEIN: olfactory receptor 10Q1,20210420,-
130825,121172382,LOC121172382,-,-,-,Un,-,olfactory receptor 5I1-like,protein-coding,-,-,-,olfactory receptor 5I1-like,20210420,-
130825,121172383,LOC121172383,-,-,-,Un,-,olfactory receptor 10W1,protein-coding,-,-,-,olfactory receptor 10W1,20210420,-
130825,121172384,CD5,-,-,-,Un,-,CD5 molecule,protein-coding,-,-,-,T-cell surface glycoprotein CD5,20210420,-
130825,121172385,VPS37C,-,-,-,Un,-,VPS37C subunit of ESCRT-I,protein-coding,-,-,-,vacuolar protein sorting-associated protein 37C,20210420,-
130825,121172386,LOC121172386,-,-,-,Un,-,olfactory receptor 1052-like,protein-coding,-,-,-,olfactory receptor 1052-like,20210420,-
130825,121172387,LOC121172387,-,-,-,Un,-,olfactory receptor 4P4-like,protein-coding,-,-,-,olfactory receptor 4P4-like,20210420,-
130825,121172388,LOC121172388,-,-,-,Un,-,olfactory receptor 4P4-like,protein-coding,-,-,-,olfactory receptor 4P4-like,20210420,-
130825,121172389,LOC121172389,-,-,-,Un,-,olfactory receptor 4P4-like,protein-coding,-,-,-,olfactory receptor 4P4-like,20210420,-
130825,121172390,CD6,-,-,-,Un,-,CD6 molecule,protein-coding,-,-,-,T-cell differentiation antigen CD6,20210420,-
130825,121172391,LOC121172391,-,-,-,Un,-,olfactory receptor 4A47-like,protein-coding,-,-,-,olfactory receptor 4A47-like,20210420,-
130825,121172392,CEP70,-,-,-,Un,-,centrosomal protein 70,protein-coding,-,-,-,centrosomal protein of 70 kDa,20210420,-
130825,121172393,LOC121172393,-,-,-,Un,-,olfactory receptor 1444-like,pseudo,-,-,-,-,20210420,-
130825,121172394,LOC121172394,-,-,-,Un,-,oxysterol binding protein,protein-coding,-,-,-,oxysterol-binding protein 1,20210420,-
130825,121172395,LOC121172395,-,-,-,Un,-,small nucleolar RNA ACA64,snoRNA,-,-,-,-,20210420,-
130825,121172396,LOC121172396,-,-,-,Un,-,U6 spliceosomal RNA,snRNA,-,-,-,-,20210420,-
130825,121172397,LOC121172397,-,-,-,Un,-,U6 spliceosomal RNA,snRNA,-,-,-,-,20210420,-
130825,121172398,LOC121172398,-,-,-,Un,-,U6 spliceosomal RNA,pseudo,-,-,-,-,20210420,-
130825,121172399,TRNAR-UCU,-,-,-,Un,-,transfer RNA arginine (anticodon UCU),tRNA,-,-,-,-,20210420,-
130825,121172400,TRNAF-GAA,-,-,-,Un,-,transfer RNA phenylalanine (anticodon GAA),tRNA,-,-,-,-,20210420,-
130825,121172401,TRNAK-UUU,-,-,-,Un,-,transfer RNA lysine (anticodon UUU),tRNA,-,-,-,-,20210420,-
130825,121172402,TRNAF-GAA,-,-,-,Un,-,transfer RNA phenylalanine (anticodon GAA),tRNA,-,-,-,-,20210420,-
130825,121172403,TRNAL-UAA,-,-,-,Un,-,transfer RNA leucine (anticodon UAA),tRNA,-,-,-,-,20210420,-
130825,121172404,TRNAK-UUU,-,-,-,Un,-,transfer RNA lysine (anticodon UUU),tRNA,-,-,-,-,20210420,-
130825,121172405,TRNAV-UAC,-,-,-,Un,-,transfer RNA valine (anticodon UAC),tRNA,-,-,-,-,20210420,-
130825,121172406,TRNAV-UAC,-,-,-,Un,-,transfer RNA valine (anticodon UAC),tRNA,-,-,-,-,20210420,-
130825,121172407,ABL1,-,-,-,Un,-,"ABL proto-oncogene 1, non-receptor tyrosine kinase",protein-coding,-,-,-,tyrosine-protein kinase ABL1,20210420,-
130825,121172408,UGCG,-,-,-,Un,-,UDP-glucose ceramide glucosyltransferase,protein-coding,-,-,-,ceramide glucosyltransferase,20210424,-
130825,121172409,FAM219A,-,-,-,Un,-,family with sequence similarity 219 member A,protein-coding,-,-,-,protein FAM219A,20210420,-
130825,121172410,LOC121172410,-,-,-,Un,-,valosin containing protein,protein-coding,-,-,-,transitional endoplasmic reticulum ATPase,20210522,-
130825,121172411,C9orf72,-,-,-,Un,-,C9orf72-SMCR8 complex subunit,protein-coding,-,-,-,guanine nucleotide exchange C9orf72 homolog,20210420,-
130825,121172412,INVS,-,-,-,Un,-,inversin,protein-coding,-,-,-,inversin,20210420,-
130825,121172413,TEX10,-,-,-,Un,-,testis expressed 10,protein-coding,-,-,-,testis-expressed protein 10,20210420,-
130825,121172414,ESYT3,-,-,-,Un,-,extended synaptotagmin 3,protein-coding,-,-,-,extended synaptotagmin-3,20210420,-
130825,121172415,ERP44,-,-,-,Un,-,endoplasmic reticulum protein 44,protein-coding,-,-,-,endoplasmic reticulum resident protein 44,20210420,-
130825,121172416,NIBAN2,-,-,-,Un,-,niban apoptosis regulator 2,protein-coding,-,-,-,protein Niban 2,20210420,-
130825,121172417,LRSAM1,-,-,-,Un,-,leucine rich repeat and sterile alpha motif containing 1,protein-coding,-,-,-,E3 ubiquitin-protein ligase LRSAM1,20210420,-
130825,121172418,RPL12,-,-,-,Un,-,ribosomal protein L12,protein-coding,-,-,-,60S ribosomal protein L12,20210420,-
130825,121172419,SYK,-,-,-,Un,-,spleen associated tyrosine kinase,protein-coding,-,-,-,tyrosine-protein kinase SYK,20210420,-
130825,121172420,BICD2,-,-,-,Un,-,BICD cargo adaptor 2,protein-coding,-,-,-,protein bicaudal D homolog 2,20210420,-
130825,121172421,NOTCH1,-,-,-,Un,-,notch receptor 1,protein-coding,-,-,-,neurogenic locus notch homolog protein 1,20210420,-
130825,121172422,FAM78A,-,-,-,Un,-,family with sequence similarity 78 member A,protein-coding,-,-,-,protein FAM78A,20210420,-
130825,121172423,FAM214B,-,-,-,Un,-,family with sequence similarity 214 member B,protein-coding,-,-,-,protein FAM214B,20210420,-
130825,121172424,SMC2,-,-,-,Un,-,structural maintenance of chromosomes 2,protein-coding,-,-,-,structural maintenance of chromosomes protein 2,20210420,-
130825,121172425,NUP188,-,-,-,Un,-,nucleoporin 188,protein-coding,-,-,-,nucleoporin NUP188,20210420,-
130825,121172426,SH3GLB2,-,-,-,Un,-,"SH3 domain containing GRB2 like, endophilin B2",protein-coding,-,-,-,endophilin-B2,20210420,-
130825,121172427,GPR107,-,-,-,Un,-,G protein-coupled receptor 107,protein-coding,-,-,-,protein GPR107,20210420,-
130825,121172428,ISCA1,-,-,-,Un,-,iron-sulfur cluster assembly 1,protein-coding,-,-,-,"iron-sulfur cluster assembly 1 homolog, mitochondrial",20210605,-
130825,121172429,CLTA,-,-,-,Un,-,clathrin light chain A,protein-coding,-,-,-,clathrin light chain A,20210529,-
130825,121172430,RBM18,-,-,-,Un,-,RNA binding motif protein 18,protein-coding,-,-,-,probable RNA-binding protein 18,20210420,-
130825,121172431,DCAF10,-,-,-,Un,-,DDB1 and CUL4 associated factor 10,protein-coding,-,-,-,DDB1- and CUL4-associated factor 10,20210420,-
130825,121172432,LOC121172432,-,-,-,Un,-,uncharacterized LOC121172432,ncRNA,-,-,-,-,20210420,-
130825,121172433,MRAS,-,-,-,Un,-,muscle RAS oncogene homolog,protein-coding,-,-,-,ras-related protein M-Ras,20210420,-
130825,121172434,MELK,-,-,-,Un,-,maternal embryonic leucine zipper kinase,protein-coding,-,-,-,maternal embryonic leucine zipper kinase,20210420,-
130825,121172435,TMEM215,-,-,-,Un,-,transmembrane protein 215,protein-coding,-,-,-,transmembrane protein 215,20210420,-
130825,121172436,LOC121172436,-,-,-,Un,-,A-kinase anchor protein 2-like,protein-coding,-,-,-,A-kinase anchor protein 2-like,20210420,-
130825,121172437,LOC121172437,-,-,-,Un,-,paralemmin-2,protein-coding,-,-,-,paralemmin-2,20210420,-
130825,121172438,RNF20,-,-,-,Un,-,ring finger protein 20,protein-coding,-,-,-,E3 ubiquitin-protein ligase BRE1A,20210420,-
130825,121172439,ARMC8,-,-,-,Un,-,armadillo repeat containing 8,protein-coding,-,-,-,armadillo repeat-containing protein 8,20210420,-
130825,121172440,TPM2,-,-,-,Un,-,tropomyosin 2,protein-coding,-,-,-,tropomyosin beta chain,20210605,-
130825,121172441,GARNL3,-,-,-,Un,-,GTPase activating Rap/RanGAP domain like 3,protein-coding,-,-,-,GTPase-activating Rap/Ran-GAP domain-like protein 3,20210420,-
130825,121172442,TSC1,-,-,-,Un,-,TSC complex subunit 1,protein-coding,-,-,-,hamartin,20210420,-
130825,121172443,EHMT1,-,-,-,Un,-,euchromatic histone lysine methyltransferase 1,protein-coding,-,-,-,histone-lysine N-methyltransferase EHMT1,20210420,-
130825,121172444,HEMGN,-,-,-,Un,-,hemogen,protein-coding,-,-,-,hemogen,20210420,-
130825,121172445,ELAVL2,-,-,-,Un,-,ELAV like RNA binding protein 2,protein-coding,-,-,-,ELAV-like protein 2,20210605,-
130825,121172446,TEK,-,-,-,Un,-,TEK receptor tyrosine kinase,protein-coding,-,-,-,angiopoietin-1 receptor,20210420,-
130825,121172447,SNAPC4,-,-,-,Un,-,small nuclear RNA activating complex polypeptide 4,protein-coding,-,-,-,snRNA-activating protein complex subunit 4,20210420,-
130825,121172448,PMPCA,-,-,-,Un,-,"peptidase, mitochondrial processing subunit alpha",protein-coding,-,-,-,mitochondrial-processing peptidase subunit alpha,20210420,-
130825,121172449,ENTR1,-,-,-,Un,-,endosome associated trafficking regulator 1,protein-coding,-,-,-,endosome-associated-trafficking regulator 1,20210420,-
130825,121172450,ATP6V1G1,-,-,-,Un,-,ATPase H+ transporting V1 subunit G1,protein-coding,-,-,-,V-type proton ATPase subunit G 1,20210420,-
130825,121172451,DNAJA1,-,-,-,Un,-,DnaJ heat shock protein family (Hsp40) member A1,protein-coding,-,-,-,dnaJ homolog subfamily A member 1,20210501,-
130825,121172452,ELP1,-,-,-,Un,-,elongator acetyltransferase complex subunit 1,protein-coding,-,-,-,elongator complex protein 1,20210420,-
130825,121172453,TYRP1,-,-,-,Un,-,tyrosinase related protein 1,protein-coding,-,-,-,"5,6-dihydroxyindole-2-carboxylic acid oxidase",20210420,-
130825,121172454,SH2D3C,-,-,-,Un,-,SH2 domain containing 3C,protein-coding,-,-,-,SH2 domain-containing protein 3C,20210420,-
130825,121172455,SLC25A51,-,-,-,Un,-,solute carrier family 25 member 51,protein-coding,-,-,-,mitochondrial nicotinamide adenine dinucleotide transporter SLC25A51,20210420,-
130825,121172456,CIZ1,-,-,-,Un,-,CDKN1A interacting zinc finger protein 1,protein-coding,-,-,-,cip1-interacting zinc finger protein,20210420,-
130825,121172457,BBLN,-,-,-,Un,-,bublin coiled coil protein,protein-coding,-,-,-,bublin coiled-coil protein,20210420,-
130825,121172458,PAX5,-,-,-,Un,-,paired box 5,protein-coding,-,-,-,paired box protein Pax-5,20210529,-
130825,121172459,MVB12B,-,-,-,Un,-,multivesicular body subunit 12B,protein-coding,-,-,-,multivesicular body subunit 12B,20210420,-
130825,121172460,CDK9,-,-,-,Un,-,cyclin dependent kinase 9,protein-coding,-,-,-,cyclin-dependent kinase 9,20210420,-
130825,121172461,RALGPS1,-,-,-,Un,-,Ral GEF with PH domain and SH3 binding motif 1,protein-coding,-,-,-,ras-specific guanine nucleotide-releasing factor RalGPS1,20210420,-
130825,121172462,LOC121172462,-,-,-,Un,-,uncharacterized LOC121172462,ncRNA,-,-,-,-,20210420,-
130825,121172463,ANGPTL2,-,-,-,Un,-,angiopoietin like 2,protein-coding,-,-,-,angiopoietin-related protein 2,20210420,-
130825,121172464,RPP25L,-,-,-,Un,-,ribonuclease P/MRP subunit p25 like,protein-coding,-,-,-,ribonuclease P protein subunit p25-like protein,20210420,-
130825,121172465,LRRC8A,-,-,-,Un,-,leucine rich repeat containing 8 VRAC subunit A,protein-coding,-,-,-,volume-regulated anion channel subunit LRRC8A,20210420,-
130825,121172466,DBR1,-,-,-,Un,-,debranching RNA lariats 1,protein-coding,-,-,-,lariat debranching enzyme,20210420,-
130825,121172467,GRIN1,-,-,-,Un,-,glutamate ionotropic receptor NMDA type subunit 1,protein-coding,-,-,-,"glutamate receptor ionotropic, NMDA 1",20210529,-
130825,121172468,TOMM5,-,-,-,Un,-,translocase of outer mitochondrial membrane 5,protein-coding,-,-,-,mitochondrial import receptor subunit TOM5 homolog,20210529,-
130825,121172469,PTGES2,-,-,-,Un,-,prostaglandin E synthase 2,protein-coding,-,-,-,prostaglandin E synthase 2,20210420,-
130825,121172470,HSPA5,-,-,-,Un,-,heat shock protein family A (Hsp70) member 5,protein-coding,-,-,-,endoplasmic reticulum chaperone BiP,20210420,-
130825,121172471,ALDOB,-,-,-,Un,-,"aldolase, fructose-bisphosphate B",protein-coding,-,-,-,fructose-bisphosphate aldolase B,20210420,-
130825,121172472,PKN3,-,-,-,Un,-,protein kinase N3,protein-coding,-,-,-,serine/threonine-protein kinase N3,20210420,-
130825,121172473,SET,-,-,-,Un,-,SET nuclear proto-oncogene,protein-coding,-,-,-,protein SET,20210420,-
130825,121172474,ZDHHC12,-,-,-,Un,-,zinc finger DHHC-type palmitoyltransferase 12,protein-coding,-,-,-,palmitoyltransferase ZDHHC12,20210420,-
130825,121172475,IL20RB,-,-,-,Un,-,interleukin 20 receptor subunit beta,protein-coding,-,-,-,interleukin-20 receptor subunit beta,20210420,-
130825,121172476,GNE,-,-,-,Un,-,glucosamine (UDP-N-acetyl)-2-epimerase/N-acetylmannosamine kinase,protein-coding,-,-,-,bifunctional UDP-N-acetylglucosamine 2-epimerase/N-acetylmannosamine kinase,20210420,-
130825,121172477,WHRN,-,-,-,Un,-,whirlin,protein-coding,-,-,-,whirlin,20210420,-
130825,121172478,TUBB4B,-,-,-,Un,-,tubulin beta 4B class IVb,protein-coding,-,-,-,tubulin beta-4B chain,20210501,-
130825,121172479,KLHL9,-,-,-,Un,-,kelch like family member 9,protein-coding,-,-,-,kelch-like protein 9,20210420,-
130825,121172480,EXOSC2,-,-,-,Un,-,exosome component 2,protein-coding,-,-,-,exosome complex component RRP4,20210420,-
130825,121172481,DOLPP1,-,-,-,Un,-,dolichyldiphosphatase 1,protein-coding,-,-,-,dolichyldiphosphatase 1,20210420,-
130825,121172482,NCK1,-,-,-,Un,-,NCK adaptor protein 1,protein-coding,-,-,-,cytoplasmic protein NCK1,20210420,-
130825,121172483,FAM102A,-,-,-,Un,-,family with sequence similarity 102 member A,protein-coding,-,-,-,protein FAM102A,20210420,-
130825,121172484,DOLK,-,-,-,Un,-,dolichol kinase,protein-coding,-,-,-,dolichol kinase,20210420,-
130825,121172485,PLPPR1,-,-,-,Un,-,phospholipid phosphatase related 1,protein-coding,-,-,-,phospholipid phosphatase-related protein type 1,20210420,-
130825,121172486,STXBP1,-,-,-,Un,-,syntaxin binding protein 1,protein-coding,-,-,-,syntaxin-binding protein 1,20210501,-
130825,121172487,FANCG,-,-,-,Un,-,FA complementation group G,protein-coding,-,-,-,Fanconi anemia group G protein,20210420,-
130825,121172488,GFI1B,-,-,-,Un,-,growth factor independent 1B transcriptional repressor,protein-coding,-,-,-,zinc finger protein Gfi-1b,20210420,-
130825,121172489,FPGS,-,-,-,Un,-,folylpolyglutamate synthase,protein-coding,-,-,-,"folylpolyglutamate synthase, mitochondrial",20210420,-
130825,121172490,SUSD3,-,-,-,Un,-,sushi domain containing 3,protein-coding,-,-,-,sushi domain-containing protein 3,20210420,-
130825,121172491,CCDC171,-,-,-,Un,-,coiled-coil domain containing 171,protein-coding,-,-,-,coiled-coil domain-containing protein 171,20210420,-
130825,121172492,PLAA,-,-,-,Un,-,phospholipase A2 activating protein,protein-coding,-,-,-,phospholipase A-2-activating protein,20210420,-
130825,121172493,SMU1,-,-,-,Un,-,SMU1 DNA replication regulator and spliceosomal factor,protein-coding,-,-,-,WD40 repeat-containing protein SMU1,20210501,-
130825,121172494,ADAMTSL1,-,-,-,Un,-,ADAMTS like 1,protein-coding,-,-,-,ADAMTS-like protein 1,20210420,-
130825,121172495,TDRD7,-,-,-,Un,-,tudor domain containing 7,protein-coding,-,-,-,tudor domain-containing protein 7,20210420,-
130825,121172496,LOC121172496,-,-,-,Un,-,tomoregulin-1,protein-coding,-,-,-,tomoregulin-1,20210420,-
130825,121172497,MSANTD3,-,-,-,Un,-,Myb/SANT DNA binding domain containing 3,protein-coding,-,-,-,myb/SANT-like DNA-binding domain-containing protein 3,20210420,-
130825,121172498,STAG1,-,-,-,Un,-,stromal antigen 1,protein-coding,-,-,-,cohesin subunit SA-1,20210420,-
130825,121172499,RALGDS,-,-,-,Un,-,ral guanine nucleotide dissociation stimulator,protein-coding,-,-,-,ral guanine nucleotide dissociation stimulator,20210420,-
130825,121172500,RABEPK,-,-,-,Un,-,Rab9 effector protein with kelch motifs,protein-coding,-,-,-,rab9 effector protein with kelch motifs,20210420,-
130825,121172501,UNC13B,-,-,-,Un,-,unc-13 homolog B,protein-coding,-,-,-,protein unc-13 homolog B,20210420,-
130825,121172502,TBC1D2,-,-,-,Un,-,TBC1 domain family member 2,protein-coding,-,-,-,TBC1 domain family member 2A,20210420,-
130825,121172503,LOC121172503,-,-,-,Un,-,methylthioadenosine phosphorylase,protein-coding,-,-,-,S-methyl-5'-thioadenosine phosphorylase,20210420,-
130825,121172504,CKS2,-,-,-,Un,-,CDC28 protein kinase regulatory subunit 2,protein-coding,-,-,-,cyclin-dependent kinases regulatory subunit 2,20210501,-
130825,121172505,MUSK,-,-,-,Un,-,muscle associated receptor tyrosine kinase,protein-coding,-,-,-,"muscle, skeletal receptor tyrosine-protein kinase",20210420,-
130825,121172506,LOC121172506,-,-,-,Un,-,prostaglandin reductase 1-like,protein-coding,-,-,-,prostaglandin reductase 1-like,20210420,-
130825,121172507,CAAP1,-,-,-,Un,-,caspase activity and apoptosis inhibitor 1,protein-coding,-,-,-,caspase activity and apoptosis inhibitor 1,20210420,-
130825,121172508,ZER1,-,-,-,Un,-,zyg-11 related cell cycle regulator,protein-coding,-,-,-,protein zer-1 homolog,20210420,-
130825,121172509,SEC16A,-,-,-,Un,-,"SEC16 homolog A, endoplasmic reticulum export factor",protein-coding,-,-,-,LOW QUALITY PROTEIN: protein transport protein Sec16A,20210420,-
130825,121172510,LOC121172510,-,-,-,Un,-,phosphoglycerate mutase 1-like,pseudo,-,-,-,-,20210420,-
130825,121172511,LOC121172511,-,-,-,Un,-,60S ribosomal protein L36a-like,pseudo,-,-,-,-,20210420,-
130825,121172512,LOC121172512,-,-,-,Un,-,olfactory receptor 1J1-like,protein-coding,-,-,-,olfactory receptor 1J1-like,20210420,-
130825,121172513,LOC121172513,-,-,-,Un,-,major urinary protein 20-like,protein-coding,-,-,-,major urinary protein 20-like,20210420,-
130825,121172514,LOC121172514,-,-,-,Un,-,cytochrome c-like,pseudo,-,-,-,-,20210420,-
130825,121172515,LOC121172515,-,-,-,Un,-,chromobox protein homolog 3-like,pseudo,-,-,-,-,20210420,-
130825,121172516,LOC121172516,-,-,-,Un,-,dual specificity testis-specific protein kinase 1-like,pseudo,-,-,-,-,20210420,-
130825,121172517,LOC121172517,-,-,-,Un,-,"RNA-binding motif protein, X-linked 2-like",pseudo,-,-,-,-,20210420,-
130825,121172518,LOC121172518,-,-,-,Un,-,elongin-C-like,pseudo,-,-,-,-,20210420,-
130825,121172519,LOC121172519,-,-,-,Un,-,60S ribosomal protein L32-like,pseudo,-,-,-,-,20210420,-
130825,121172520,OMD,-,-,-,Un,-,osteomodulin,protein-coding,-,-,-,osteomodulin,20210420,-
130825,121172521,LOC121172521,-,-,-,Un,-,anomalous homeobox protein-like,protein-coding,-,-,-,anomalous homeobox protein-like,20210420,-
130825,121172522,NOXA1,-,-,-,Un,-,NADPH oxidase activator 1,protein-coding,-,-,-,LOW QUALITY PROTEIN: NADPH oxidase activator 1,20210420,-
130825,121172523,LCN2,-,-,-,Un,-,lipocalin 2,protein-coding,-,-,-,neutrophil gelatinase-associated lipocalin,20210420,-
130825,121172524,PCCB,-,-,-,Un,-,propionyl-CoA carboxylase subunit beta,protein-coding,-,-,-,"propionyl-CoA carboxylase beta chain, mitochondrial",20210420,-
130825,121172525,STPG3,-,-,-,Un,-,sperm-tail PG-rich repeat containing 3,protein-coding,-,-,-,protein STPG3,20210420,-
130825,121172526,FAM166A,-,-,-,Un,-,family with sequence similarity 166 member A,protein-coding,-,-,-,protein FAM166A,20210420,-
130825,121172527,RNF224,-,-,-,Un,-,ring finger protein 224,protein-coding,-,-,-,LOW QUALITY PROTEIN: RING finger protein 224,20210420,-
130825,121172528,NCBP1,-,-,-,Un,-,nuclear cap binding protein subunit 1,protein-coding,-,-,-,nuclear cap-binding protein subunit 1,20210420,-
130825,121172529,TSTD2,-,-,-,Un,-,thiosulfate sulfurtransferase like domain containing 2,protein-coding,-,-,-,thiosulfate sulfurtransferase/rhodanese-like domain-containing protein 2,20210420,-
130825,121172530,TMOD1,-,-,-,Un,-,tropomodulin 1,protein-coding,-,-,-,tropomodulin-1,20210420,-
130825,121172531,XPA,-,-,-,Un,-,"XPA, DNA damage recognition and repair factor",protein-coding,-,-,-,DNA repair protein complementing XP-A cells,20210420,-
130825,121172532,ANAPC2,-,-,-,Un,-,anaphase promoting complex subunit 2,protein-coding,-,-,-,anaphase-promoting complex subunit 2,20210420,-
130825,121172533,LRRC26,-,-,-,Un,-,leucine rich repeat containing 26,protein-coding,-,-,-,leucine-rich repeat-containing protein 26,20210420,-
130825,121172534,SH3GL2,-,-,-,Un,-,"SH3 domain containing GRB2 like 2, endophilin A1",protein-coding,-,-,-,endophilin-A1,20210420,-
130825,121172535,LCN12,-,-,-,Un,-,lipocalin 12,protein-coding,-,-,-,epididymal-specific lipocalin-12,20210420,-
130825,121172536,CRLF2,-,-,-,Un,-,cytokine receptor like factor 2,protein-coding,-,-,-,cytokine receptor-like factor 2,20210420,-
130825,121172537,PTPA,-,-,-,Un,-,protein phosphatase 2 phosphatase activator,protein-coding,-,-,-,serine/threonine-protein phosphatase 2A activator,20210420,-
130825,121172538,MAMDC4,-,-,-,Un,-,MAM domain containing 4,protein-coding,-,-,-,apical endosomal glycoprotein,20210420,-
130825,121172539,LOC121172539,-,-,-,Un,-,histo-blood group ABO system transferase 2-like,protein-coding,-,-,-,histo-blood group ABO system transferase 2-like,20210420,-
130825,121172540,LCN8,-,-,-,Un,-,lipocalin 8,protein-coding,-,-,-,epididymal-specific lipocalin-8,20210420,-
130825,121172541,LOC121172541,-,-,-,Un,-,uncharacterized LOC121172541,ncRNA,-,-,-,-,20210420,-
130825,121172542,PAXX,-,-,-,Un,-,PAXX non-homologous end joining factor,protein-coding,-,-,-,protein PAXX,20210420,-
130825,121172543,LOC121172543,-,-,-,Un,-,epididymal-specific lipocalin-5-like,protein-coding,-,-,-,epididymal-specific lipocalin-5-like,20210420,-
130825,121172544,LCN6,-,-,-,Un,-,lipocalin 6,protein-coding,-,-,-,epididymal-specific lipocalin-6,20210420,-
130825,121172545,LCN10,-,-,-,Un,-,lipocalin 10,protein-coding,-,-,-,epididymal-specific lipocalin-10,20210420,-
130825,121172546,PPP2R3A,-,-,-,Un,-,protein phosphatase 2 regulatory subunit B''alpha,protein-coding,-,-,-,serine/threonine-protein phosphatase 2A regulatory subunit B'' subunit alpha,20210420,-
130825,121172547,GLT6D1,-,-,-,Un,-,glycosyltransferase 6 domain containing 1,protein-coding,-,-,-,putative glycosyltransferase 6 domain-containing protein 1,20210420,-
130825,121172548,GOLGA1,-,-,-,Un,-,golgin A1,protein-coding,-,-,-,golgin subfamily A member 1,20210420,-
130825,121172549,LOC121172549,-,-,-,Un,-,epididymal-specific lipocalin-9-like,protein-coding,-,-,-,epididymal-specific lipocalin-9-like,20210420,-
130825,121172550,SOHLH1,-,-,-,Un,-,spermatogenesis and oogenesis specific basic helix-loop-helix 1,protein-coding,-,-,-,spermatogenesis- and oogenesis-specific basic helix-loop-helix-containing protein 1,20210420,-
130825,121172551,NAIF1,-,-,-,Un,-,nuclear apoptosis inducing factor 1,protein-coding,-,-,-,nuclear apoptosis-inducing factor 1,20210420,-
130825,121172552,PAPPA,-,-,-,Un,-,pappalysin 1,protein-coding,-,-,-,pappalysin-1,20210420,-
130825,121172553,LOC121172553,-,-,-,Un,-,cyclin-dependent kinase 4 inhibitor B,protein-coding,-,-,-,cyclin-dependent kinase 4 inhibitor B,20210420,-
130825,121172554,ZBTB34,-,-,-,Un,-,zinc finger and BTB domain containing 34,protein-coding,-,-,-,zinc finger and BTB domain-containing protein 34,20210420,-
130825,121172555,CCDC187,-,-,-,Un,-,coiled-coil domain containing 187,protein-coding,-,-,-,coiled-coil domain-containing protein 187,20210420,-
130825,121172556,GLIPR2,-,-,-,Un,-,GLI pathogenesis related 2,protein-coding,-,-,-,Golgi-associated plant pathogenesis-related protein 1,20210522,-
130825,121172557,DNLZ,-,-,-,Un,-,DNL-type zinc finger,protein-coding,-,-,-,DNL-type zinc finger protein,20210420,-
130825,121172558,MSL2,-,-,-,Un,-,MSL complex subunit 2,protein-coding,-,-,-,E3 ubiquitin-protein ligase MSL2,20210420,-
130825,121172559,INPP5E,-,-,-,Un,-,inositol polyphosphate-5-phosphatase E,protein-coding,-,-,-,phosphatidylinositol polyphosphate 5-phosphatase type IV,20210420,-
130825,121172560,TPRN,-,-,-,Un,-,taperin,protein-coding,-,-,-,taperin,20210420,-
130825,121172561,MRPS2,-,-,-,Un,-,mitochondrial ribosomal protein S2,protein-coding,-,-,-,"28S ribosomal protein S2, mitochondrial",20210420,-
130825,121172562,HACD4,-,-,-,Un,-,3-hydroxyacyl-CoA dehydratase 4,protein-coding,-,-,-,very-long-chain (3R)-3-hydroxyacyl-CoA dehydratase 4,20210420,-
130825,121172563,SPINK4,-,-,-,Un,-,serine peptidase inhibitor Kazal type 4,protein-coding,-,-,-,serine protease inhibitor Kazal-type 4,20210420,-
130825,121172564,ADAMTS13,-,-,-,Un,-,ADAM metallopeptidase with thrombospondin type 1 motif 13,protein-coding,-,-,-,A disintegrin and metalloproteinase with thrombospondin motifs 13,20210420,-
130825,121172565,STKLD1,-,-,-,Un,-,serine/threonine kinase like domain containing 1,protein-coding,-,-,-,serine/threonine kinase-like domain-containing protein STKLD1,20210420,-
130825,121172566,LOC121172566,-,-,-,Un,-,lipocalin-1-like,protein-coding,-,-,-,lipocalin-1-like,20210420,-
130825,121172567,LOC121172567,-,-,-,Un,-,uncharacterized LOC121172567,ncRNA,-,-,-,-,20210420,-
130825,121172568,LOC121172568,-,-,-,Un,-,lipocalin-1-like,protein-coding,-,-,-,lipocalin-1-like,20210420,-
130825,121172569,LOC121172569,-,-,-,Un,-,lipocalin-1-like,protein-coding,-,-,-,lipocalin-1-like,20210420,-
130825,121172570,ASS1,-,-,-,Un,-,argininosuccinate synthase 1,protein-coding,-,-,-,argininosuccinate synthase,20210420,-
130825,121172571,LOC121172571,-,-,-,Un,-,lipocalin-1-like,protein-coding,-,-,-,lipocalin-1-like,20210420,-
130825,121172572,CEL,-,-,-,Un,-,carboxyl ester lipase,protein-coding,-,-,-,bile salt-activated lipase,20210420,-
130825,121172573,RUSC2,-,-,-,Un,-,RUN and SH3 domain containing 2,protein-coding,-,-,-,iporin,20210420,-
130825,121172574,CEP63,-,-,-,Un,-,centrosomal protein 63,protein-coding,-,-,-,centrosomal protein of 63 kDa,20210420,-
130825,121172575,TUT7,-,-,-,Un,-,terminal uridylyl transferase 7,protein-coding,-,-,-,terminal uridylyltransferase 7,20210420,-
130825,121172576,NTNG2,-,-,-,Un,-,netrin G2,protein-coding,-,-,-,netrin-G2,20210420,-
130825,121172577,AJM1,-,-,-,Un,-,apical junction component 1 homolog,protein-coding,-,-,-,apical junction component 1 homolog,20210420,-
130825,121172578,RABL6,-,-,-,Un,-,"RAB, member RAS oncogene family like 6",protein-coding,-,-,-,rab-like protein 6,20210420,-
130825,121172579,EDF1,-,-,-,Un,-,endothelial differentiation related factor 1,protein-coding,-,-,-,endothelial differentiation-related factor 1,20210420,-
130825,121172580,PHPT1,-,-,-,Un,-,phosphohistidine phosphatase 1,protein-coding,-,-,-,14 kDa phosphohistidine phosphatase,20210420,-
130825,121172581,PRRT1B,-,-,-,Un,-,proline rich transmembrane protein 1B,protein-coding,-,-,-,proline rich transmembrane protein 1B,20210420,-
130825,121172582,LOC121172582,-,-,-,Un,-,basic proline-rich protein-like,protein-coding,-,-,-,basic proline-rich protein-like,20210420,-
130825,121172583,ODF2,-,-,-,Un,-,outer dense fiber of sperm tails 2,protein-coding,-,-,-,outer dense fiber protein 2,20210420,-
130825,121172584,ZMYND19,-,-,-,Un,-,zinc finger MYND-type containing 19,protein-coding,-,-,-,zinc finger MYND domain-containing protein 19,20210420,-
130825,121172585,CORO2A,-,-,-,Un,-,coronin 2A,protein-coding,-,-,-,coronin-2A,20210420,-
130825,121172586,LOC121172586,-,-,-,Un,-,pyroglutamylated RFamide peptide,protein-coding,-,-,-,orexigenic neuropeptide QRFP,20210420,-
130825,121172587,ZBTB43,-,-,-,Un,-,zinc finger and BTB domain containing 43,protein-coding,-,-,-,zinc finger and BTB domain-containing protein 43,20210420,-
130825,121172588,HMCN2,-,-,-,Un,-,hemicentin 2,protein-coding,-,-,-,hemicentin-2,20210420,-
130825,121172589,CUNH9orf50,-,-,-,Un,-,chromosome unknown C9orf50 homolog,protein-coding,-,-,-,uncharacterized protein C9orf50 homolog,20210420,-
130825,121172590,ANP32B,-,-,-,Un,-,acidic nuclear phosphoprotein 32 family member B,protein-coding,-,-,-,acidic leucine-rich nuclear phosphoprotein 32 family member B,20210420,-
130825,121172591,ROR2,-,-,-,Un,-,receptor tyrosine kinase like orphan receptor 2,protein-coding,-,-,-,tyrosine-protein kinase transmembrane receptor ROR2,20210420,-
130825,121172592,FKTN,-,-,-,Un,-,fukutin,protein-coding,-,-,-,fukutin,20210420,-
130825,121172593,ANAPC13,-,-,-,Un,-,anaphase promoting complex subunit 13,protein-coding,-,-,-,anaphase-promoting complex subunit 13,20210420,-
130825,121172594,RNF183,-,-,-,Un,-,ring finger protein 183,protein-coding,-,-,-,E3 ubiquitin-protein ligase RNF183,20210420,-
130825,121172595,DYNC2I2,-,-,-,Un,-,dynein 2 intermediate chain 2,protein-coding,-,-,-,cytoplasmic dynein 2 intermediate chain 2,20210420,-
130825,121172596,IER5L,-,-,-,Un,-,immediate early response 5 like,protein-coding,-,-,-,immediate early response gene 5-like protein,20210420,-
