#tax_id,GeneID,Symbol,LocusTag,Synonyms,dbXrefs,chromosome,map_location,description,type_of_gene,Symbol_from_nomenclature_authority,Full_name_from_nomenclature_authority,Nomenclature_status,Other_designations,Modification_date,Feature_type
65058,10894422,NEWENTRY,-,-,-,-,-,"Record to support submission of GeneRIFs for a gene not in Gene (Use when strain, subtype, isolate, etc. is unspecified, or when different from all specified ones in Gene.).",other,-,-,-,-,20150424,-
65058,47427262,CKV68_RS00005,CKV68_RS00005,SAMEA4504038_00001,-,1,-,DUF2550 domain-containing protein,protein-coding,-,-,-,DUF2550 domain-containing protein,20210123,-
65058,47427263,nucS,CKV68_RS00010,SAMEA4504038_00002,-,1,-,endonuclease NucS,protein-coding,-,-,-,endonuclease NucS,20201215,-
65058,47427264,CKV68_RS00015,CKV68_RS00015,-,-,1,-,hypothetical protein,protein-coding,-,-,-,hypothetical protein,20201215,-
65058,47427265,mce,CKV68_RS00020,SAMEA4504038_00003,-,1,-,methylmalonyl-CoA epimerase,protein-coding,-,-,-,methylmalonyl-CoA epimerase,20201215,-
65058,47427266,CKV68_RS00025,CKV68_RS00025,SAMEA4504038_00004,-,1,-,thiamine-binding protein,protein-coding,-,-,-,thiamine-binding protein,20210406,-
65058,47427267,CKV68_RS00030,CKV68_RS00030,SAMEA4504038_00005,-,1,-,tetratricopeptide repeat protein,protein-coding,-,-,-,tetratricopeptide repeat protein,20210424,-
65058,47427268,glgB,CKV68_RS00035,SAMEA4504038_00006,-,1,-,"1,4-alpha-glucan branching protein GlgB",protein-coding,-,-,-,"1,4-alpha-glucan branching protein GlgB",20210424,-
65058,47427269,CKV68_RS00040,CKV68_RS00040,SAMEA4504038_00007,-,1,-,"alpha-1,4-glucan--maltose-1-phosphate maltosyltransferase",protein-coding,-,-,-,"alpha-1,4-glucan--maltose-1-phosphate maltosyltransferase",20210424,-
65058,47427270,CKV68_RS00045,CKV68_RS00045,SAMEA4504038_00008,-,1,-,ABC transporter ATP-binding protein,protein-coding,-,-,-,ABC transporter ATP-binding protein,20201215,-
65058,47427271,CKV68_RS00050,CKV68_RS00050,SAMEA4504038_00009,-,1,-,NUDIX hydrolase,protein-coding,-,-,-,NUDIX hydrolase,20201215,-
65058,47427272,CKV68_RS00055,CKV68_RS00055,SAMEA4504038_00010,-,1,-,SAM-dependent methyltransferase,protein-coding,-,-,-,SAM-dependent methyltransferase,20210424,-
65058,47427273,CKV68_RS00060,CKV68_RS00060,SAMEA4504038_00011,-,1,-,electron transfer flavoprotein subunit beta/FixA family protein,protein-coding,-,-,-,electron transfer flavoprotein subunit beta/FixA family protein,20201215,-
65058,47427274,CKV68_RS00065,CKV68_RS00065,SAMEA4504038_00012,-,1,-,electron transfer flavoprotein subunit alpha/FixB family protein,protein-coding,-,-,-,electron transfer flavoprotein subunit alpha/FixB family protein,20201215,-
65058,47427275,CKV68_RS00070,CKV68_RS00070,SAMEA4504038_00013,-,1,-,cysteine desulfurase,protein-coding,-,-,-,cysteine desulfurase,20201215,-
65058,47427276,CKV68_RS00075,CKV68_RS00075,SAMEA4504038_00014,-,1,-,fused MFS/spermidine synthase,protein-coding,-,-,-,fused MFS/spermidine synthase,20210424,-
65058,47427277,mnmA,CKV68_RS00080,SAMEA4504038_00015,-,1,-,tRNA 2-thiouridine(34) synthase MnmA,protein-coding,-,-,-,tRNA 2-thiouridine(34) synthase MnmA,20201215,-
65058,47427278,CKV68_RS00085,CKV68_RS00085,SAMEA4504038_00016,-,1,-,hypothetical protein,protein-coding,-,-,-,hypothetical protein,20210424,-
65058,47427279,CKV68_RS00090,CKV68_RS00090,SAMEA4504038_00017,-,1,-,3'-5' exonuclease,protein-coding,-,-,-,3'-5' exonuclease,20201215,-
65058,47427280,ligA,CKV68_RS00095,SAMEA4504038_00018,-,1,-,NAD-dependent DNA ligase LigA,protein-coding,-,-,-,NAD-dependent DNA ligase LigA,20201215,-
65058,47427281,CKV68_RS00100,CKV68_RS00100,SAMEA4504038_00019,-,1,-,hypothetical protein,protein-coding,-,-,-,hypothetical protein,20210123,-
65058,47427282,gatC,CKV68_RS00105,SAMEA4504038_00020,-,1,-,Asp-tRNA(Asn)/Glu-tRNA(Gln) amidotransferase subunit GatC,protein-coding,-,-,-,Asp-tRNA(Asn)/Glu-tRNA(Gln) amidotransferase subunit GatC,20201215,-
65058,47427283,gatA,CKV68_RS00110,SAMEA4504038_00021,-,1,-,Asp-tRNA(Asn)/Glu-tRNA(Gln) amidotransferase subunit GatA,protein-coding,-,-,-,Asp-tRNA(Asn)/Glu-tRNA(Gln) amidotransferase subunit GatA,20201215,-
65058,47427284,CKV68_RS00115,CKV68_RS00115,SAMEA4504038_00022,-,1,-,GNAT family N-acetyltransferase,protein-coding,-,-,-,GNAT family N-acetyltransferase,20210123,-
65058,47427285,CKV68_RS00120,CKV68_RS00120,SAMEA4504038_00023,-,1,-,DHA2 family efflux MFS transporter permease subunit,protein-coding,-,-,-,DHA2 family efflux MFS transporter permease subunit,20210424,-
65058,47427286,CKV68_RS00125,CKV68_RS00125,SAMEA4504038_00024,-,1,-,hypothetical protein,protein-coding,-,-,-,hypothetical protein,20201215,-
65058,47427287,CKV68_RS00130,CKV68_RS00130,SAMEA4504038_00026,-,1,-,iron ABC transporter permease,protein-coding,-,-,-,iron ABC transporter permease,20210406,-
65058,47427288,CKV68_RS00135,CKV68_RS00135,SAMEA4504038_00027,-,1,-,ABC transporter ATP-binding protein,protein-coding,-,-,-,ABC transporter ATP-binding protein,20201215,-
65058,47427289,CKV68_RS00140,CKV68_RS00140,SAMEA4504038_00028,-,1,-,ABC transporter substrate-binding protein,protein-coding,-,-,-,ABC transporter substrate-binding protein,20201218,-
65058,47427290,CKV68_RS00145,CKV68_RS00145,SAMEA4504038_00029,-,1,-,hypothetical protein,protein-coding,-,-,-,hypothetical protein,20201215,-
65058,47427291,CKV68_RS00150,CKV68_RS00150,SAMEA4504038_00030,-,1,-,transcriptional regulator,protein-coding,-,-,-,transcriptional regulator,20210424,-
65058,47427292,CKV68_RS00155,CKV68_RS00155,SAMEA4504038_00031,-,1,-,6-phosphofructokinase,protein-coding,-,-,-,6-phosphofructokinase,20201215,-
65058,47427293,gatB,CKV68_RS00160,SAMEA4504038_00032,-,1,-,Asp-tRNA(Asn)/Glu-tRNA(Gln) amidotransferase subunit GatB,protein-coding,-,-,-,Asp-tRNA(Asn)/Glu-tRNA(Gln) amidotransferase subunit GatB,20210424,-
65058,47427294,mgrA,CKV68_RS00165,SAMEA4504038_00033,-,1,-,L-glyceraldehyde 3-phosphate reductase,protein-coding,-,-,-,L-glyceraldehyde 3-phosphate reductase,20210123,-
65058,47427295,CKV68_RS00170,CKV68_RS00170,SAMEA4504038_00034,-,1,-,amino acid transporter,protein-coding,-,-,-,amino acid transporter,20201215,-
65058,47427296,CKV68_RS00175,CKV68_RS00175,SAMEA4504038_00035,-,1,-,LysR family transcriptional regulator ArgP,protein-coding,-,-,-,LysR family transcriptional regulator ArgP,20210424,-
65058,47427297,CKV68_RS00180,CKV68_RS00180,SAMEA4504038_00036,-,1,-,glutathione S-transferase C-terminal domain-containing protein,protein-coding,-,-,-,glutathione S-transferase C-terminal domain-containing protein,20201215,-
65058,47427298,CKV68_RS00185,CKV68_RS00185,SAMEA4504038_00037,-,1,-,HNH endonuclease,protein-coding,-,-,-,HNH endonuclease,20210424,-
65058,47427299,CKV68_RS00190,CKV68_RS00190,SAMEA4504038_00038,-,1,-,DoxX family membrane protein,protein-coding,-,-,-,DoxX family membrane protein,20210424,-
65058,47427300,ilvD,CKV68_RS00195,SAMEA4504038_00039,-,1,-,dihydroxy-acid dehydratase,protein-coding,-,-,-,dihydroxy-acid dehydratase,20201215,-
65058,47427301,CKV68_RS00200,CKV68_RS00200,SAMEA4504038_00040,-,1,-,PH domain-containing protein,protein-coding,-,-,-,PH domain-containing protein,20201215,-
65058,47427302,CKV68_RS00205,CKV68_RS00205,SAMEA4504038_00041,-,1,-,mechanosensitive ion channel,protein-coding,-,-,-,mechanosensitive ion channel,20210424,-
65058,47427303,CKV68_RS00210,CKV68_RS00210,SAMEA4504038_00042,-,1,-,acetolactate synthase large subunit,protein-coding,-,-,-,acetolactate synthase large subunit,20201215,-
65058,47427304,ilvN,CKV68_RS00215,SAMEA4504038_00043,-,1,-,acetolactate synthase small subunit,protein-coding,-,-,-,acetolactate synthase small subunit,20201215,-
65058,47427305,ilvC,CKV68_RS00220,SAMEA4504038_00044,-,1,-,ketol-acid reductoisomerase,protein-coding,-,-,-,ketol-acid reductoisomerase,20201215,-
65058,47427306,CKV68_RS00225,CKV68_RS00225,SAMEA4504038_00045,-,1,-,hypothetical protein,protein-coding,-,-,-,hypothetical protein,20201215,-
65058,47427307,CKV68_RS00230,CKV68_RS00230,SAMEA4504038_00046,-,1,-,cation transporter,protein-coding,-,-,-,cation transporter,20201215,-
65058,47427308,CKV68_RS00235,CKV68_RS00235,SAMEA4504038_00047,-,1,-,DUF262 domain-containing protein,protein-coding,-,-,-,DUF262 domain-containing protein,20210424,-
65058,47427309,CKV68_RS00240,CKV68_RS00240,SAMEA4504038_00048,-,1,-,hypothetical protein,protein-coding,-,-,-,hypothetical protein,20201215,-
65058,47427310,CKV68_RS00245,CKV68_RS00245,SAMEA4504038_00049,-,1,-,phosphoglycerate dehydrogenase,protein-coding,-,-,-,phosphoglycerate dehydrogenase,20201215,-
65058,47427311,CKV68_RS00250,CKV68_RS00250,SAMEA4504038_00050,-,1,-,3-isopropylmalate dehydrogenase,protein-coding,-,-,-,3-isopropylmalate dehydrogenase,20201215,-
65058,47427312,CKV68_RS00255,CKV68_RS00255,SAMEA4504038_00051,-,1,-,cyclic nucleotide-binding/CBS domain-containing protein,protein-coding,-,-,-,cyclic nucleotide-binding/CBS domain-containing protein,20201215,-
65058,47427313,CKV68_RS00260,CKV68_RS00260,SAMEA4504038_00052,-,1,-,DNA polymerase III subunit epsilon,protein-coding,-,-,-,DNA polymerase III subunit epsilon,20210424,-
65058,47427314,CKV68_RS00265,CKV68_RS00265,SAMEA4504038_00053,-,1,-,hypothetical protein,protein-coding,-,-,-,hypothetical protein,20201215,-
65058,47427315,CKV68_RS00270,CKV68_RS00270,SAMEA4504038_00054,-,1,-,fumarylacetoacetate hydrolase family protein,protein-coding,-,-,-,fumarylacetoacetate hydrolase family protein,20201215,-
65058,47427316,CKV68_RS00275,CKV68_RS00275,SAMEA4504038_00055,-,1,-,class I SAM-dependent methyltransferase,protein-coding,-,-,-,class I SAM-dependent methyltransferase,20210424,-
65058,47427317,CKV68_RS00280,CKV68_RS00280,SAMEA4504038_00056,-,1,-,isochorismate synthase,protein-coding,-,-,-,isochorismate synthase,20210424,-
65058,47427318,CKV68_RS00285,CKV68_RS00285,SAMEA4504038_00057,-,1,-,glutamate--tRNA ligase,protein-coding,-,-,-,glutamate--tRNA ligase,20201215,-
65058,47427319,CKV68_RS00290,CKV68_RS00290,SAMEA4504038_00058,-,1,-,poly(3-hydroxybutyrate) depolymerase,protein-coding,-,-,-,poly(3-hydroxybutyrate) depolymerase,20210424,-
65058,47427320,CKV68_RS00295,CKV68_RS00295,SAMEA4504038_00059,-,1,-,tRNA,tRNA,-,-,-,-,20201215,-
65058,47427321,CKV68_RS00300,CKV68_RS00300,SAMEA4504038_00060,-,1,-,tRNA,tRNA,-,-,-,-,20201215,-
65058,47427322,CKV68_RS00305,CKV68_RS00305,SAMEA4504038_00061,-,1,-,cutinase family protein,protein-coding,-,-,-,cutinase family protein,20210406,-
65058,47427323,CKV68_RS00310,CKV68_RS00310,SAMEA4504038_00062,-,1,-,tRNA,tRNA,-,-,-,-,20201215,-
65058,47427324,CKV68_RS00315,CKV68_RS00315,SAMEA4504038_00063,-,1,-,hypothetical protein,protein-coding,-,-,-,hypothetical protein,20201215,-
65058,47427325,CKV68_RS00320,CKV68_RS00320,SAMEA4504038_00064,-,1,-,ABC transporter permease,protein-coding,-,-,-,ABC transporter permease,20201215,-
65058,47427326,CKV68_RS00325,CKV68_RS00325,SAMEA4504038_00065,-,1,-,ABC transporter permease,protein-coding,-,-,-,ABC transporter permease,20201215,-
65058,47427327,CKV68_RS00330,CKV68_RS00330,SAMEA4504038_00066,-,1,-,ABC transporter ATP-binding protein,protein-coding,-,-,-,ABC transporter ATP-binding protein,20201215,-
65058,47427328,CKV68_RS00335,CKV68_RS00335,SAMEA4504038_00067,-,1,-,ATP-binding cassette domain-containing protein,protein-coding,-,-,-,ATP-binding cassette domain-containing protein,20210424,-
65058,47427329,CKV68_RS00340,CKV68_RS00340,SAMEA4504038_00069,-,1,-,pseudo,pseudo,-,-,-,-,20201215,-
65058,47427330,bioB,CKV68_RS00345,SAMEA4504038_00070,-,1,-,biotin synthase BioB,protein-coding,-,-,-,biotin synthase BioB,20201215,-
65058,47427331,CKV68_RS00350,CKV68_RS00350,SAMEA4504038_00071,-,1,-,"bifunctional (p)ppGpp synthetase/guanosine-3',5'-bis(diphosphate) 3'-pyrophosphohydrolase",protein-coding,-,-,-,"bifunctional (p)ppGpp synthetase/guanosine-3',5'-bis(diphosphate) 3'-pyrophosphohydrolase",20201215,-
65058,47427332,CKV68_RS00355,CKV68_RS00355,SAMEA4504038_00072,-,1,-,IclR family transcriptional regulator,protein-coding,-,-,-,IclR family transcriptional regulator,20201215,-
65058,47427333,leuC,CKV68_RS00360,SAMEA4504038_00073,-,1,-,3-isopropylmalate dehydratase large subunit,protein-coding,-,-,-,3-isopropylmalate dehydratase large subunit,20210424,-
65058,47427334,leuD,CKV68_RS00365,SAMEA4504038_00074,-,1,-,3-isopropylmalate dehydratase small subunit,protein-coding,-,-,-,3-isopropylmalate dehydratase small subunit,20210424,-
65058,47427335,CKV68_RS00370,CKV68_RS00370,SAMEA4504038_00075,-,1,-,NUDIX hydrolase,protein-coding,-,-,-,NUDIX hydrolase,20201215,-
65058,47427336,CKV68_RS00375,CKV68_RS00375,SAMEA4504038_00076,-,1,-,NAD(P)H-dependent glycerol-3-phosphate dehydrogenase,protein-coding,-,-,-,NAD(P)H-dependent glycerol-3-phosphate dehydrogenase,20210424,-
65058,47427337,CKV68_RS00380,CKV68_RS00380,SAMEA4504038_00077,-,1,-,D-alanine--D-alanine ligase,protein-coding,-,-,-,D-alanine--D-alanine ligase,20210123,-
65058,47427338,CKV68_RS00385,CKV68_RS00385,SAMEA4504038_00078,-,1,-,DUF3515 domain-containing protein,protein-coding,-,-,-,DUF3515 domain-containing protein,20210424,-
65058,47427339,CKV68_RS00390,CKV68_RS00390,SAMEA4504038_00079,-,1,-,thiamine-phosphate kinase,protein-coding,-,-,-,thiamine-phosphate kinase,20201215,-
65058,47427340,CKV68_RS00395,CKV68_RS00395,SAMEA4504038_00080,-,1,-,uracil-DNA glycosylase,protein-coding,-,-,-,uracil-DNA glycosylase,20201215,-
65058,47427341,CKV68_RS00400,CKV68_RS00400,SAMEA4504038_00081,-,1,-,DAK2 domain-containing protein,protein-coding,-,-,-,DAK2 domain-containing protein,20210424,-
65058,47427342,CKV68_RS00405,CKV68_RS00405,SAMEA4504038_00082,-,1,-,ATP-dependent DNA helicase RecG,protein-coding,-,-,-,ATP-dependent DNA helicase RecG,20201215,-
65058,47427343,CKV68_RS00410,CKV68_RS00410,SAMEA4504038_00083,-,1,-,acetyl-CoA carboxylase biotin carboxyl carrier protein subunit,protein-coding,-,-,-,acetyl-CoA carboxylase biotin carboxyl carrier protein subunit,20210123,-
65058,47427344,rsmD,CKV68_RS00415,SAMEA4504038_00084,-,1,-,16S rRNA (guanine(966)-N(2))-methyltransferase RsmD,protein-coding,-,-,-,16S rRNA (guanine(966)-N(2))-methyltransferase RsmD,20201215,-
65058,47427345,coaD,CKV68_RS00420,SAMEA4504038_00085,-,1,-,pantetheine-phosphate adenylyltransferase,protein-coding,-,-,-,pantetheine-phosphate adenylyltransferase,20201215,-
65058,47427346,CKV68_RS00425,CKV68_RS00425,SAMEA4504038_00086,-,1,-,sulfite exporter TauE/SafE family protein,protein-coding,-,-,-,sulfite exporter TauE/SafE family protein,20210406,-
65058,47427347,CKV68_RS00430,CKV68_RS00430,SAMEA4504038_00087,-,1,-,PhzF family phenazine biosynthesis protein,protein-coding,-,-,-,PhzF family phenazine biosynthesis protein,20201215,-
65058,47427348,CKV68_RS00435,CKV68_RS00435,SAMEA4504038_00088,-,1,-,ATP-binding cassette domain-containing protein,protein-coding,-,-,-,ATP-binding cassette domain-containing protein,20210522,-
65058,47427349,CKV68_RS00440,CKV68_RS00440,SAMEA4504038_00089,-,1,-,ABC transporter permease subunit,protein-coding,-,-,-,ABC transporter permease subunit,20201215,-
65058,47427350,CKV68_RS00445,CKV68_RS00445,SAMEA4504038_00090,-,1,-,ABC transporter substrate-binding protein,protein-coding,-,-,-,ABC transporter substrate-binding protein,20201215,-
65058,47427351,CKV68_RS00450,CKV68_RS00450,SAMEA4504038_00091,-,1,-,DUF368 domain-containing protein,protein-coding,-,-,-,DUF368 domain-containing protein,20210424,-
65058,47427352,polA,CKV68_RS00455,SAMEA4504038_00093,-,1,-,DNA polymerase I,protein-coding,-,-,-,DNA polymerase I,20201215,-
65058,47427353,CKV68_RS00460,CKV68_RS00460,SAMEA4504038_00094,-,1,-,tRNA,tRNA,-,-,-,-,20201215,-
65058,47427354,CKV68_RS00465,CKV68_RS00465,SAMEA4504038_00095,-,1,-,class I SAM-dependent methyltransferase,protein-coding,-,-,-,class I SAM-dependent methyltransferase,20210123,-
65058,47427355,rpsA,CKV68_RS00470,SAMEA4504038_00096,-,1,-,30S ribosomal protein S1,protein-coding,-,-,-,30S ribosomal protein S1,20201215,-
65058,47427356,CKV68_RS00475,CKV68_RS00475,SAMEA4504038_00097,-,1,-,PTS glucose transporter subunit IIA,protein-coding,-,-,-,PTS glucose transporter subunit IIA,20201215,-
65058,47427357,CKV68_RS00480,CKV68_RS00480,SAMEA4504038_00098,-,1,-,dephospho-CoA kinase,protein-coding,-,-,-,dephospho-CoA kinase,20210424,-
65058,47427358,CKV68_RS00485,CKV68_RS00485,SAMEA4504038_00099,-,1,-,TIGR04053 family radical SAM/SPASM domain-containing protein,protein-coding,-,-,-,TIGR04053 family radical SAM/SPASM domain-containing protein,20201215,-
65058,47427359,uvrB,CKV68_RS00490,SAMEA4504038_00100,-,1,-,excinuclease ABC subunit UvrB,protein-coding,-,-,-,excinuclease ABC subunit UvrB,20201215,-
65058,47427360,CKV68_RS00495,CKV68_RS00495,SAMEA4504038_00101,-,1,-,universal stress protein,protein-coding,-,-,-,universal stress protein,20210123,-
65058,47427361,CKV68_RS00500,CKV68_RS00500,SAMEA4504038_00102,-,1,-,AAA family ATPase,protein-coding,-,-,-,AAA family ATPase,20201215,-
65058,47427362,CKV68_RS00505,CKV68_RS00505,SAMEA4504038_00103,-,1,-,DoxX family protein,protein-coding,-,-,-,DoxX family protein,20201215,-
65058,47427363,CKV68_RS00510,CKV68_RS00510,SAMEA4504038_00104,-,1,-,MBL fold metallo-hydrolase,protein-coding,-,-,-,MBL fold metallo-hydrolase,20201215,-
65058,47427364,uvrA,CKV68_RS00515,SAMEA4504038_00105,-,1,-,excinuclease ABC subunit UvrA,protein-coding,-,-,-,excinuclease ABC subunit UvrA,20210406,-
65058,47427365,CKV68_RS00520,CKV68_RS00520,SAMEA4504038_00106,-,1,-,translation initiation factor IF-3,protein-coding,-,-,-,translation initiation factor IF-3,20201215,-
65058,47427366,rpmI,CKV68_RS00525,SAMEA4504038_00107,-,1,-,50S ribosomal protein L35,protein-coding,-,-,-,50S ribosomal protein L35,20201215,-
65058,47427367,rplT,CKV68_RS00530,SAMEA4504038_00108,-,1,-,50S ribosomal protein L20,protein-coding,-,-,-,50S ribosomal protein L20,20201215,-
65058,47427368,CKV68_RS00535,CKV68_RS00535,SAMEA4504038_00109,-,1,-,hypothetical protein,protein-coding,-,-,-,hypothetical protein,20201215,-
65058,47427369,CKV68_RS00540,CKV68_RS00540,SAMEA4504038_00110,-,1,-,RNA methyltransferase,protein-coding,-,-,-,RNA methyltransferase,20201215,-
65058,47427370,pheS,CKV68_RS00545,SAMEA4504038_00111,-,1,-,phenylalanine--tRNA ligase subunit alpha,protein-coding,-,-,-,phenylalanine--tRNA ligase subunit alpha,20201215,-
65058,47427371,CKV68_RS00550,CKV68_RS00550,SAMEA4504038_00112,-,1,-,phenylalanine--tRNA ligase subunit beta,protein-coding,-,-,-,phenylalanine--tRNA ligase subunit beta,20201215,-
65058,47427372,CKV68_RS00555,CKV68_RS00555,SAMEA4504038_00113,-,1,-,N-acetyl-gamma-glutamyl-phosphate reductase,protein-coding,-,-,-,N-acetyl-gamma-glutamyl-phosphate reductase,20201215,-
65058,47427373,argJ,CKV68_RS00560,SAMEA4504038_00114,-,1,-,bifunctional glutamate N-acetyltransferase/amino-acid acetyltransferase ArgJ,protein-coding,-,-,-,bifunctional glutamate N-acetyltransferase/amino-acid acetyltransferase ArgJ,20201215,-
65058,47427374,argB,CKV68_RS00565,SAMEA4504038_00115,-,1,-,acetylglutamate kinase,protein-coding,-,-,-,acetylglutamate kinase,20201215,-
65058,47427375,CKV68_RS00570,CKV68_RS00570,SAMEA4504038_00116,-,1,-,acetylornithine transaminase,protein-coding,-,-,-,acetylornithine transaminase,20210424,-
65058,47427376,argF,CKV68_RS00575,SAMEA4504038_00117,-,1,-,ornithine carbamoyltransferase,protein-coding,-,-,-,ornithine carbamoyltransferase,20201215,-
65058,47427377,CKV68_RS00580,CKV68_RS00580,SAMEA4504038_00118,-,1,-,arginine repressor,protein-coding,-,-,-,arginine repressor,20201215,-
65058,47427378,CKV68_RS00585,CKV68_RS00585,SAMEA4504038_00119,-,1,-,argininosuccinate synthase,protein-coding,-,-,-,argininosuccinate synthase,20201215,-
65058,47427379,argH,CKV68_RS00590,SAMEA4504038_00120,-,1,-,argininosuccinate lyase,protein-coding,-,-,-,argininosuccinate lyase,20201215,-
65058,47427380,CKV68_RS00595,CKV68_RS00595,SAMEA4504038_00121,-,1,-,Trm112 family protein,protein-coding,-,-,-,Trm112 family protein,20201215,-
65058,47427381,CKV68_RS00600,CKV68_RS00600,SAMEA4504038_00122,-,1,-,tyrosine--tRNA ligase,protein-coding,-,-,-,tyrosine--tRNA ligase,20201215,-
65058,47427382,CKV68_RS00605,CKV68_RS00605,SAMEA4504038_00123,-,1,-,16S ribosomal RNA,rRNA,-,-,-,-,20201215,-
65058,47427383,CKV68_RS00610,CKV68_RS00610,SAMEA4504038_00124,-,1,-,23S ribosomal RNA,rRNA,-,-,-,-,20201215,-
65058,47427384,rrf,CKV68_RS00615,SAMEA4504038_00125,-,1,-,5S ribosomal RNA,rRNA,-,-,-,-,20201215,-
65058,47427385,CKV68_RS00620,CKV68_RS00620,SAMEA4504038_00126,-,1,-,hypothetical protein,protein-coding,-,-,-,hypothetical protein,20210424,-
65058,47427386,CKV68_RS00625,CKV68_RS00625,SAMEA4504038_00127,-,1,-,HAD-IIA family hydrolase,protein-coding,-,-,-,HAD-IIA family hydrolase,20210424,-
65058,47427387,CKV68_RS00630,CKV68_RS00630,SAMEA4504038_00129,-,1,-,TlyA family RNA methyltransferase,protein-coding,-,-,-,TlyA family RNA methyltransferase,20201215,-
65058,47427388,CKV68_RS00635,CKV68_RS00635,SAMEA4504038_00130,-,1,-,NAD kinase,protein-coding,-,-,-,NAD kinase,20201215,-
65058,47427389,recN,CKV68_RS00640,SAMEA4504038_00131,-,1,-,DNA repair protein RecN,protein-coding,-,-,-,DNA repair protein RecN,20201215,-
65058,47427390,CKV68_RS00645,CKV68_RS00645,SAMEA4504038_00132,-,1,-,thiamine pyrophosphokinase,protein-coding,-,-,-,thiamine pyrophosphokinase,20210424,-
65058,47427391,CKV68_RS00650,CKV68_RS00650,SAMEA4504038_00133,-,1,-,copper transporter,protein-coding,-,-,-,copper transporter,20210123,-
65058,47427392,CKV68_RS00655,CKV68_RS00655,SAMEA4504038_00134,-,1,-,NUDIX hydrolase,protein-coding,-,-,-,NUDIX hydrolase,20201215,-
65058,47427393,xerD,CKV68_RS00660,SAMEA4504038_00135,-,1,-,site-specific tyrosine recombinase XerD,protein-coding,-,-,-,site-specific tyrosine recombinase XerD,20201215,-
65058,47427394,CKV68_RS00665,CKV68_RS00665,SAMEA4504038_00136,-,1,-,ParA family protein,protein-coding,-,-,-,ParA family protein,20201215,-
65058,47427395,CKV68_RS00670,CKV68_RS00670,SAMEA4504038_00137,-,1,-,segregation/condensation protein A,protein-coding,-,-,-,segregation/condensation protein A,20201215,-
65058,47427396,CKV68_RS00675,CKV68_RS00675,SAMEA4504038_00138,-,1,-,AAA family ATPase,protein-coding,-,-,-,AAA family ATPase,20210123,-
65058,47427397,CKV68_RS00680,CKV68_RS00680,SAMEA4504038_00139,-,1,-,MFS transporter,protein-coding,-,-,-,MFS transporter,20210424,-
65058,47427398,CKV68_RS00685,CKV68_RS00685,SAMEA4504038_00140,-,1,-,adenosylmethionine--8-amino-7-oxononanoate transaminase,protein-coding,-,-,-,adenosylmethionine--8-amino-7-oxononanoate transaminase,20201215,-
65058,47427399,bioD,CKV68_RS00690,SAMEA4504038_00141,-,1,-,ATP-dependent dethiobiotin synthetase BioD,protein-coding,-,-,-,ATP-dependent dethiobiotin synthetase BioD,20210406,-
65058,47427400,scpB,CKV68_RS00695,SAMEA4504038_00142,-,1,-,SMC-Scp complex subunit ScpB,protein-coding,-,-,-,SMC-Scp complex subunit ScpB,20210123,-
65058,47427401,CKV68_RS00705,CKV68_RS00705,SAMEA4504038_00143,-,1,-,rRNA pseudouridine synthase,protein-coding,-,-,-,rRNA pseudouridine synthase,20201215,-
65058,47427402,CKV68_RS00710,CKV68_RS00710,SAMEA4504038_00144,-,1,-,(d)CMP kinase,protein-coding,-,-,-,(d)CMP kinase,20210406,-
65058,47427403,der,CKV68_RS00715,SAMEA4504038_00145,-,1,-,ribosome biogenesis GTPase Der,protein-coding,-,-,-,ribosome biogenesis GTPase Der,20201215,-
65058,47427404,CKV68_RS00720,CKV68_RS00720,SAMEA4504038_00146,-,1,-,anaerobic C4-dicarboxylate transporter,protein-coding,-,-,-,anaerobic C4-dicarboxylate transporter,20201215,-
65058,47427405,CKV68_RS00725,CKV68_RS00725,SAMEA4504038_00147,-,1,-,class I SAM-dependent methyltransferase,protein-coding,-,-,-,class I SAM-dependent methyltransferase,20210406,-
65058,47427406,CKV68_RS00730,CKV68_RS00730,SAMEA4504038_00148,-,1,-,hypothetical protein,protein-coding,-,-,-,hypothetical protein,20210424,-
65058,47427407,CKV68_RS00735,CKV68_RS00735,SAMEA4504038_00149,-,1,-,DUF2156 domain-containing protein,protein-coding,-,-,-,DUF2156 domain-containing protein,20210424,-
65058,47427408,CKV68_RS00740,CKV68_RS00740,SAMEA4504038_00150,-,1,-,ABC transporter substrate-binding protein,protein-coding,-,-,-,ABC transporter substrate-binding protein,20210424,-
65058,47427409,CKV68_RS00745,CKV68_RS00745,SAMEA4504038_00151,-,1,-,iron ABC transporter permease,protein-coding,-,-,-,iron ABC transporter permease,20210129,-
65058,47427410,CKV68_RS00750,CKV68_RS00750,SAMEA4504038_00152,-,1,-,iron ABC transporter permease,protein-coding,-,-,-,iron ABC transporter permease,20210424,-
65058,47427411,CKV68_RS00755,CKV68_RS00755,SAMEA4504038_00153,-,1,-,ABC transporter ATP-binding protein,protein-coding,-,-,-,ABC transporter ATP-binding protein,20201215,-
65058,47427412,CKV68_RS00760,CKV68_RS00760,SAMEA4504038_00154,-,1,-,IucA/IucC family siderophore biosynthesis protein,protein-coding,-,-,-,IucA/IucC family siderophore biosynthesis protein,20210424,-
65058,47427413,CKV68_RS00765,CKV68_RS00765,SAMEA4504038_00155,-,1,-,MFS transporter,protein-coding,-,-,-,MFS transporter,20210424,-
65058,47427414,CKV68_RS00770,CKV68_RS00770,SAMEA4504038_00156,-,1,-,hypothetical protein,protein-coding,-,-,-,hypothetical protein,20201215,-
65058,47427415,CKV68_RS00775,CKV68_RS00775,SAMEA4504038_00157,-,1,-,tRNA,tRNA,-,-,-,-,20201215,-
65058,47427416,CKV68_RS00780,CKV68_RS00780,SAMEA4504038_00158,-,1,-,hypothetical protein,protein-coding,-,-,-,hypothetical protein,20210129,-
65058,47427417,CKV68_RS00785,CKV68_RS00785,SAMEA4504038_00159,-,1,-,alpha/beta hydrolase,protein-coding,-,-,-,alpha/beta hydrolase,20210424,-
65058,47427418,secA2,CKV68_RS00790,SAMEA4504038_00161,-,1,-,accessory Sec system translocase SecA2,protein-coding,-,-,-,accessory Sec system translocase SecA2,20201215,-
65058,47427419,CKV68_RS00795,CKV68_RS00795,SAMEA4504038_00162,-,1,-,FHA domain-containing protein,protein-coding,-,-,-,FHA domain-containing protein,20201215,-
65058,47427420,CKV68_RS00800,CKV68_RS00800,SAMEA4504038_00163,-,1,-,MerR family transcriptional regulator,protein-coding,-,-,-,MerR family transcriptional regulator,20201215,-
65058,47427421,CKV68_RS00805,CKV68_RS00805,SAMEA4504038_00164,-,1,-,bifunctional nuclease family protein,protein-coding,-,-,-,bifunctional nuclease family protein,20210123,-
65058,47427422,CKV68_RS00810,CKV68_RS00810,SAMEA4504038_00165,-,1,-,MerR family transcriptional regulator,protein-coding,-,-,-,MerR family transcriptional regulator,20210129,-
65058,47427423,CKV68_RS00815,CKV68_RS00815,SAMEA4504038_00166,-,1,-,VWA domain-containing protein,protein-coding,-,-,-,VWA domain-containing protein,20201215,-
65058,47427424,CKV68_RS00820,CKV68_RS00820,SAMEA4504038_00167,-,1,-,hypothetical protein,protein-coding,-,-,-,hypothetical protein,20201215,-
65058,47427425,CKV68_RS00825,CKV68_RS00825,SAMEA4504038_00168,-,1,-,HlyC/CorC family transporter,protein-coding,-,-,-,HlyC/CorC family transporter,20201215,-
65058,47427426,CKV68_RS00830,CKV68_RS00830,SAMEA4504038_00169,-,1,-,HlyC/CorC family transporter,protein-coding,-,-,-,HlyC/CorC family transporter,20201215,-
65058,47427427,CKV68_RS00835,CKV68_RS00835,SAMEA4504038_00170,-,1,-,DEAD/DEAH box helicase,protein-coding,-,-,-,DEAD/DEAH box helicase,20201215,-
65058,47427428,gndA,CKV68_RS00840,SAMEA4504038_00171,-,1,-,NADP-dependent phosphogluconate dehydrogenase,protein-coding,-,-,-,NADP-dependent phosphogluconate dehydrogenase,20210424,-
65058,47427429,CKV68_RS00845,CKV68_RS00845,SAMEA4504038_00172,-,1,-,PaaI family thioesterase,protein-coding,-,-,-,PaaI family thioesterase,20201215,-
65058,47427430,CKV68_RS00850,CKV68_RS00850,SAMEA4504038_00173,-,1,-,magnesium and cobalt transport protein CorA,protein-coding,-,-,-,magnesium and cobalt transport protein CorA,20201215,-
65058,47427431,CKV68_RS00855,CKV68_RS00855,SAMEA4504038_00174,-,1,-,class I SAM-dependent methyltransferase,protein-coding,-,-,-,class I SAM-dependent methyltransferase,20210424,-
65058,47427432,CKV68_RS00860,CKV68_RS00860,SAMEA4504038_00175,-,1,-,NAD(P)/FAD-dependent oxidoreductase,protein-coding,-,-,-,NAD(P)/FAD-dependent oxidoreductase,20201215,-
65058,47427433,CKV68_RS00865,CKV68_RS00865,SAMEA4504038_00176,-,1,-,class I SAM-dependent methyltransferase,protein-coding,-,-,-,class I SAM-dependent methyltransferase,20201215,-
65058,47427434,CKV68_RS00870,CKV68_RS00870,SAMEA4504038_00177,-,1,-,MHS family MFS transporter,protein-coding,-,-,-,MHS family MFS transporter,20210123,-
65058,47427435,CKV68_RS00875,CKV68_RS00875,SAMEA4504038_00178,-,1,-,FAD-binding oxidoreductase,protein-coding,-,-,-,FAD-binding oxidoreductase,20201215,-
65058,47427436,CKV68_RS00880,CKV68_RS00880,SAMEA4504038_00179,-,1,-,bile acid:sodium symporter family protein,protein-coding,-,-,-,bile acid:sodium symporter family protein,20201215,-
65058,47427437,CKV68_RS00890,CKV68_RS00890,SAMEA4504038_00181,-,1,-,hypothetical protein,protein-coding,-,-,-,hypothetical protein,20201215,-
65058,47427438,CKV68_RS00895,CKV68_RS00895,SAMEA4504038_00182,-,1,-,YceI family protein,protein-coding,-,-,-,YceI family protein,20210406,-
65058,47427439,CKV68_RS00900,CKV68_RS00900,-,-,1,-,hypothetical protein,protein-coding,-,-,-,hypothetical protein,20201215,-
65058,47427440,CKV68_RS00905,CKV68_RS00905,SAMEA4504038_00184,-,1,-,RNA polymerase-binding protein RbpA,protein-coding,-,-,-,RNA polymerase-binding protein RbpA,20210123,-
65058,47427441,CKV68_RS00910,CKV68_RS00910,SAMEA4504038_00185,-,1,-,polyprenol monophosphomannose synthase,protein-coding,-,-,-,polyprenol monophosphomannose synthase,20201215,-
65058,47427442,lnt,CKV68_RS00915,SAMEA4504038_00186,-,1,-,apolipoprotein N-acyltransferase,protein-coding,-,-,-,apolipoprotein N-acyltransferase,20201215,-
65058,47427443,CKV68_RS00920,CKV68_RS00920,SAMEA4504038_00187,-,1,-,FxsA family protein,protein-coding,-,-,-,FxsA family protein,20201215,-
65058,47427444,cobN,CKV68_RS00925,SAMEA4504038_00188,-,1,-,cobaltochelatase subunit CobN,protein-coding,-,-,-,cobaltochelatase subunit CobN,20201215,-
65058,47427445,CKV68_RS00930,CKV68_RS00930,SAMEA4504038_00189,-,1,-,precorrin-3B synthase,protein-coding,-,-,-,precorrin-3B synthase,20201215,-
65058,47427446,CKV68_RS00935,CKV68_RS00935,SAMEA4504038_00190,-,1,-,precorrin-8X methylmutase,protein-coding,-,-,-,precorrin-8X methylmutase,20201215,-
65058,47427447,cobJ,CKV68_RS00940,SAMEA4504038_00191,-,1,-,precorrin-3B C(17)-methyltransferase,protein-coding,-,-,-,precorrin-3B C(17)-methyltransferase,20210424,-
65058,47427448,CKV68_RS00945,CKV68_RS00945,SAMEA4504038_00192,-,1,-,amino acid permease,protein-coding,-,-,-,amino acid permease,20201215,-
65058,47427449,CKV68_RS00950,CKV68_RS00950,SAMEA4504038_00193,-,1,-,cobalt-precorrin-6A reductase,protein-coding,-,-,-,cobalt-precorrin-6A reductase,20201215,-
65058,47427450,cobM,CKV68_RS00955,SAMEA4504038_00194,-,1,-,precorrin-4 C(11)-methyltransferase,protein-coding,-,-,-,precorrin-4 C(11)-methyltransferase,20201215,-
65058,47427451,cbiE,CKV68_RS00960,SAMEA4504038_00195,-,1,-,"precorrin-6y C5,15-methyltransferase (decarboxylating) subunit CbiE",protein-coding,-,-,-,"precorrin-6y C5,15-methyltransferase (decarboxylating) subunit CbiE",20210424,-
65058,47427452,CKV68_RS00965,CKV68_RS00965,SAMEA4504038_00196,-,1,-,SDR family oxidoreductase,protein-coding,-,-,-,SDR family oxidoreductase,20210406,-
65058,47427453,CKV68_RS00970,CKV68_RS00970,SAMEA4504038_00197,-,1,-,aminopeptidase P family protein,protein-coding,-,-,-,aminopeptidase P family protein,20201215,-
65058,47427454,CKV68_RS00975,CKV68_RS00975,SAMEA4504038_00198,-,1,-,DEAD/DEAH box helicase,protein-coding,-,-,-,DEAD/DEAH box helicase,20210424,-
65058,47427455,tatC,CKV68_RS00980,SAMEA4504038_00199,-,1,-,twin-arginine translocase subunit TatC,protein-coding,-,-,-,twin-arginine translocase subunit TatC,20201215,-
65058,47427456,tatA,CKV68_RS00985,SAMEA4504038_00200,-,1,-,Sec-independent protein translocase subunit TatA,protein-coding,-,-,-,Sec-independent protein translocase subunit TatA,20201215,-
65058,47427457,CKV68_RS00990,CKV68_RS00990,SAMEA4504038_00201,-,1,-,WYL domain-containing protein,protein-coding,-,-,-,WYL domain-containing protein,20210424,-
65058,47427458,CKV68_RS00995,CKV68_RS00995,SAMEA4504038_00202,-,1,-,WYL domain-containing protein,protein-coding,-,-,-,WYL domain-containing protein,20201215,-
65058,47427459,pafA,CKV68_RS01000,SAMEA4504038_00203,-,1,-,Pup--protein ligase,protein-coding,-,-,-,Pup--protein ligase,20201215,-
65058,47427460,CKV68_RS01005,CKV68_RS01005,SAMEA4504038_00204,-,1,-,ubiquitin-like protein Pup,protein-coding,-,-,-,ubiquitin-like protein Pup,20201215,-
65058,47427461,CKV68_RS01010,CKV68_RS01010,SAMEA4504038_00205,-,1,-,proteasome accessory factor PafA2,protein-coding,-,-,-,proteasome accessory factor PafA2,20210424,-
65058,47427462,arc,CKV68_RS01015,SAMEA4504038_00206,-,1,-,proteasome ATPase,protein-coding,-,-,-,proteasome ATPase,20201215,-
65058,47427463,CKV68_RS01020,CKV68_RS01020,SAMEA4504038_00207,-,1,-,tRNA (adenine-N1)-methyltransferase,protein-coding,-,-,-,tRNA (adenine-N1)-methyltransferase,20201215,-
65058,47427464,CKV68_RS01025,CKV68_RS01025,SAMEA4504038_00208,-,1,-,M18 family aminopeptidase,protein-coding,-,-,-,M18 family aminopeptidase,20210403,-
65058,47427465,CKV68_RS01030,CKV68_RS01030,SAMEA4504038_00209,-,1,-,RecB family exonuclease,protein-coding,-,-,-,RecB family exonuclease,20201215,-
65058,47427466,CKV68_RS01035,CKV68_RS01035,SAMEA4504038_00210,-,1,-,HigA family addiction module antidote protein,protein-coding,-,-,-,HigA family addiction module antidote protein,20210424,-
65058,47427467,CKV68_RS01040,CKV68_RS01040,SAMEA4504038_00211,-,1,-,formate--tetrahydrofolate ligase,protein-coding,-,-,-,formate--tetrahydrofolate ligase,20210406,-
65058,47427468,aspA,CKV68_RS01045,SAMEA4504038_00212,-,1,-,aspartate ammonia-lyase,protein-coding,-,-,-,aspartate ammonia-lyase,20201215,-
65058,47427469,CKV68_RS01050,CKV68_RS01050,SAMEA4504038_00213,-,1,-,anaerobic C4-dicarboxylate transporter,protein-coding,-,-,-,anaerobic C4-dicarboxylate transporter,20201215,-
65058,47427470,CKV68_RS01055,CKV68_RS01055,SAMEA4504038_00214,-,1,-,ATP phosphoribosyltransferase,protein-coding,-,-,-,ATP phosphoribosyltransferase,20201215,-
65058,47427471,CKV68_RS01060,CKV68_RS01060,SAMEA4504038_00215,-,1,-,phosphoribosyl-ATP diphosphatase,protein-coding,-,-,-,phosphoribosyl-ATP diphosphatase,20201215,-
65058,47427472,CKV68_RS01065,CKV68_RS01065,SAMEA4504038_00216,-,1,-,HAD family phosphatase,protein-coding,-,-,-,HAD family phosphatase,20201215,-
65058,47427473,metH,CKV68_RS01070,SAMEA4504038_00217,-,1,-,methionine synthase,protein-coding,-,-,-,methionine synthase,20210424,-
65058,47427474,CKV68_RS01075,CKV68_RS01075,SAMEA4504038_00218,-,1,-,hypothetical protein,protein-coding,-,-,-,hypothetical protein,20201215,-
65058,47427475,mshC,CKV68_RS01080,SAMEA4504038_00219,-,1,-,cysteine--1-D-myo-inosityl 2-amino-2-deoxy-alpha-D-glucopyranoside ligase,protein-coding,-,-,-,cysteine--1-D-myo-inosityl 2-amino-2-deoxy-alpha-D-glucopyranoside ligase,20201215,-
65058,47427476,CKV68_RS01085,CKV68_RS01085,SAMEA4504038_00220,-,1,-,undecaprenyl-diphosphate phosphatase,protein-coding,-,-,-,undecaprenyl-diphosphate phosphatase,20201215,-
65058,47427477,CKV68_RS01090,CKV68_RS01090,SAMEA4504038_00221,-,1,-,aldo/keto reductase,protein-coding,-,-,-,aldo/keto reductase,20201215,-
65058,47427478,CKV68_RS01095,CKV68_RS01095,SAMEA4504038_00222,-,1,-,hypothetical protein,protein-coding,-,-,-,hypothetical protein,20201215,-
65058,47427479,CKV68_RS01100,CKV68_RS01100,SAMEA4504038_00223,-,1,-,quinone-dependent dihydroorotate dehydrogenase,protein-coding,-,-,-,quinone-dependent dihydroorotate dehydrogenase,20210406,-
65058,47427480,CKV68_RS01105,CKV68_RS01105,SAMEA4504038_00224,-,1,-,hypothetical protein,protein-coding,-,-,-,hypothetical protein,20201215,-
65058,47427481,CKV68_RS01110,CKV68_RS01110,SAMEA4504038_00225,-,1,-,hypothetical protein,protein-coding,-,-,-,hypothetical protein,20201215,-
65058,47427482,CKV68_RS01115,CKV68_RS01115,SAMEA4504038_00226,-,1,-,YbhB/YbcL family Raf kinase inhibitor-like protein,protein-coding,-,-,-,YbhB/YbcL family Raf kinase inhibitor-like protein,20201215,-
65058,47427483,dhaM,CKV68_RS01120,SAMEA4504038_00227,-,1,-,PTS-dependent dihydroxyacetone kinase phosphotransferase subunit DhaM,protein-coding,-,-,-,PTS-dependent dihydroxyacetone kinase phosphotransferase subunit DhaM,20210424,-
65058,47427484,dhaL,CKV68_RS01125,SAMEA4504038_00228,-,1,-,dihydroxyacetone kinase subunit L,protein-coding,-,-,-,dihydroxyacetone kinase subunit L,20201215,-
65058,47427485,dhaK,CKV68_RS01130,SAMEA4504038_00229,-,1,-,dihydroxyacetone kinase subunit DhaK,protein-coding,-,-,-,dihydroxyacetone kinase subunit DhaK,20201215,-
65058,47427486,CKV68_RS01135,CKV68_RS01135,SAMEA4504038_00230,-,1,-,tRNA,tRNA,-,-,-,-,20201215,-
65058,47427487,CKV68_RS01145,CKV68_RS01145,SAMEA4504038_00231,-,1,-,ABC-F family ATP-binding cassette domain-containing protein,protein-coding,-,-,-,ABC-F family ATP-binding cassette domain-containing protein,20201215,-
65058,47427488,CKV68_RS01150,CKV68_RS01150,SAMEA4504038_00232,-,1,-,winged helix DNA-binding domain-containing protein,protein-coding,-,-,-,winged helix DNA-binding domain-containing protein,20210424,-
65058,47427489,CKV68_RS01155,CKV68_RS01155,SAMEA4504038_00233,-,1,-,SDR family NAD(P)-dependent oxidoreductase,protein-coding,-,-,-,SDR family NAD(P)-dependent oxidoreductase,20210424,-
65058,47427490,meaB,CKV68_RS01160,SAMEA4504038_00234,-,1,-,methylmalonyl Co-A mutase-associated GTPase MeaB,protein-coding,-,-,-,methylmalonyl Co-A mutase-associated GTPase MeaB,20201215,-
65058,47427491,scpA,CKV68_RS01165,SAMEA4504038_00235,-,1,-,methylmalonyl-CoA mutase,protein-coding,-,-,-,methylmalonyl-CoA mutase,20201215,-
65058,47427492,CKV68_RS01170,CKV68_RS01170,SAMEA4504038_00236,-,1,-,methylmalonyl-CoA mutase,protein-coding,-,-,-,methylmalonyl-CoA mutase,20210424,-
65058,47427493,CKV68_RS01175,CKV68_RS01175,SAMEA4504038_00237,-,1,-,TVP38/TMEM64 family protein,protein-coding,-,-,-,TVP38/TMEM64 family protein,20201215,-
65058,47427494,CKV68_RS01180,CKV68_RS01180,SAMEA4504038_00238,-,1,-,hypothetical protein,protein-coding,-,-,-,hypothetical protein,20201215,-
65058,47427495,CKV68_RS01185,CKV68_RS01185,SAMEA4504038_00239,-,1,-,SPFH/Band 7/PHB domain protein,protein-coding,-,-,-,SPFH/Band 7/PHB domain protein,20201215,-
65058,47427496,CKV68_RS01190,CKV68_RS01190,SAMEA4504038_00240,-,1,-,NfeD family protein,protein-coding,-,-,-,NfeD family protein,20201215,-
65058,47427497,CKV68_RS01195,CKV68_RS01195,SAMEA4504038_00241,-,1,-,DUF3097 domain-containing protein,protein-coding,-,-,-,DUF3097 domain-containing protein,20210424,-
65058,47427498,CKV68_RS01200,CKV68_RS01200,SAMEA4504038_00242,-,1,-,hypothetical protein,protein-coding,-,-,-,hypothetical protein,20201215,-
65058,47427499,CKV68_RS01205,CKV68_RS01205,SAMEA4504038_00243,-,1,-,ferrochelatase,protein-coding,-,-,-,ferrochelatase,20201215,-
65058,47427500,CKV68_RS01210,CKV68_RS01210,SAMEA4504038_00244,-,1,-,C40 family peptidase,protein-coding,-,-,-,C40 family peptidase,20210424,-
65058,47427501,CKV68_RS01215,CKV68_RS01215,SAMEA4504038_00245,-,1,-,hypothetical protein,protein-coding,-,-,-,hypothetical protein,20201215,-
65058,47427502,CKV68_RS01220,CKV68_RS01220,SAMEA4504038_00246,-,1,-,aconitate hydratase,protein-coding,-,-,-,aconitate hydratase,20210406,-
65058,47427503,CKV68_RS01225,CKV68_RS01225,SAMEA4504038_00247,-,1,-,TetR/AcrR family transcriptional regulator,protein-coding,-,-,-,TetR/AcrR family transcriptional regulator,20210406,-
65058,47427504,CKV68_RS01230,CKV68_RS01230,SAMEA4504038_00248,-,1,-,glutamine amidotransferase,protein-coding,-,-,-,glutamine amidotransferase,20201215,-
65058,47427505,CKV68_RS01235,CKV68_RS01235,SAMEA4504038_00249,-,1,-,ACT domain-containing protein,protein-coding,-,-,-,ACT domain-containing protein,20201215,-
65058,47427506,CKV68_RS01240,CKV68_RS01240,SAMEA4504038_00250,-,1,-,PFL family protein,protein-coding,-,-,-,PFL family protein,20201215,-
65058,47427508,CKV68_RS01250,CKV68_RS01250,SAMEA4504038_00252,-,1,-,ATP-binding protein,protein-coding,-,-,-,ATP-binding protein,20210123,-
65058,47427509,CKV68_RS01255,CKV68_RS01255,SAMEA4504038_00253,-,1,-,hypothetical protein,protein-coding,-,-,-,hypothetical protein,20210327,-
65058,47427510,CKV68_RS01260,CKV68_RS01260,SAMEA4504038_00254,-,1,-,ABC-F family ATP-binding cassette domain-containing protein,protein-coding,-,-,-,ABC-F family ATP-binding cassette domain-containing protein,20201215,-
65058,47427511,CKV68_RS01265,CKV68_RS01265,SAMEA4504038_00255,-,1,-,metal-sulfur cluster assembly factor,protein-coding,-,-,-,metal-sulfur cluster assembly factor,20201215,-
65058,47427512,CKV68_RS01270,CKV68_RS01270,SAMEA4504038_00256,-,1,-,SUF system NifU family Fe-S cluster assembly protein,protein-coding,-,-,-,SUF system NifU family Fe-S cluster assembly protein,20210406,-
65058,47427513,CKV68_RS01275,CKV68_RS01275,SAMEA4504038_00257,-,1,-,cysteine desulfurase,protein-coding,-,-,-,cysteine desulfurase,20201215,-
65058,47427514,sufC,CKV68_RS01280,SAMEA4504038_00258,-,1,-,Fe-S cluster assembly ATPase SufC,protein-coding,-,-,-,Fe-S cluster assembly ATPase SufC,20201215,-
65058,47427515,sufD,CKV68_RS01285,SAMEA4504038_00259,-,1,-,Fe-S cluster assembly protein SufD,protein-coding,-,-,-,Fe-S cluster assembly protein SufD,20201215,-
65058,47427516,sufB,CKV68_RS01290,SAMEA4504038_00260,-,1,-,Fe-S cluster assembly protein SufB,protein-coding,-,-,-,Fe-S cluster assembly protein SufB,20201215,-
65058,47427517,CKV68_RS01295,CKV68_RS01295,SAMEA4504038_00261,-,1,-,transcriptional regulator,protein-coding,-,-,-,transcriptional regulator,20201215,-
65058,47427518,mptB,CKV68_RS01300,SAMEA4504038_00262,-,1,-,"polyprenol phosphomannose-dependent alpha 1,6 mannosyltransferase MptB",protein-coding,-,-,-,"polyprenol phosphomannose-dependent alpha 1,6 mannosyltransferase MptB",20210424,-
65058,47427519,CKV68_RS01305,CKV68_RS01305,SAMEA4504038_00263,-,1,-,ABC transporter ATP-binding protein,protein-coding,-,-,-,ABC transporter ATP-binding protein,20201215,-
65058,47427520,CKV68_RS01310,CKV68_RS01310,SAMEA4504038_00264,-,1,-,ABC transporter permease,protein-coding,-,-,-,ABC transporter permease,20210424,-
65058,47427521,CKV68_RS01315,CKV68_RS01315,SAMEA4504038_00265,-,1,-,heme A synthase,protein-coding,-,-,-,heme A synthase,20201215,-
65058,47427522,CKV68_RS01320,CKV68_RS01320,SAMEA4504038_00266,-,1,-,protoheme IX farnesyltransferase,protein-coding,-,-,-,protoheme IX farnesyltransferase,20201215,-
65058,47427523,CKV68_RS01325,CKV68_RS01325,SAMEA4504038_00267,-,1,-,transketolase,protein-coding,-,-,-,transketolase,20201215,-
65058,47427524,tal,CKV68_RS01330,SAMEA4504038_00268,-,1,-,transaldolase,protein-coding,-,-,-,transaldolase,20201215,-
65058,47427525,CKV68_RS01335,CKV68_RS01335,SAMEA4504038_00269,-,1,-,glucose-6-phosphate dehydrogenase,protein-coding,-,-,-,glucose-6-phosphate dehydrogenase,20201215,-
65058,47427526,CKV68_RS01340,CKV68_RS01340,SAMEA4504038_00270,-,1,-,glucose-6-phosphate dehydrogenase assembly protein OpcA,protein-coding,-,-,-,glucose-6-phosphate dehydrogenase assembly protein OpcA,20210123,-
65058,47427527,pgl,CKV68_RS01345,SAMEA4504038_00271,-,1,-,6-phosphogluconolactonase,protein-coding,-,-,-,6-phosphogluconolactonase,20210424,-
65058,47427528,secG,CKV68_RS01350,SAMEA4504038_00272,-,1,-,preprotein translocase subunit SecG,protein-coding,-,-,-,preprotein translocase subunit SecG,20201215,-
65058,47427529,ppc,CKV68_RS01355,SAMEA4504038_00273,-,1,-,phosphoenolpyruvate carboxylase,protein-coding,-,-,-,phosphoenolpyruvate carboxylase,20201215,-
65058,47427530,CKV68_RS01360,CKV68_RS01360,SAMEA4504038_00274,-,1,-,triose-phosphate isomerase,protein-coding,-,-,-,triose-phosphate isomerase,20201215,-
65058,47427531,CKV68_RS01365,CKV68_RS01365,SAMEA4504038_00275,-,1,-,phosphoglycerate kinase,protein-coding,-,-,-,phosphoglycerate kinase,20201215,-
65058,47427532,gap,CKV68_RS01370,SAMEA4504038_00276,-,1,-,type I glyceraldehyde-3-phosphate dehydrogenase,protein-coding,-,-,-,type I glyceraldehyde-3-phosphate dehydrogenase,20201215,-
65058,47427533,whiA,CKV68_RS01375,SAMEA4504038_00277,-,1,-,DNA-binding protein WhiA,protein-coding,-,-,-,DNA-binding protein WhiA,20210123,-
65058,47427534,yvcK,CKV68_RS01380,SAMEA4504038_00278,-,1,-,uridine diphosphate-N-acetylglucosamine-binding protein YvcK,protein-coding,-,-,-,uridine diphosphate-N-acetylglucosamine-binding protein YvcK,20210406,-
65058,47427535,rapZ,CKV68_RS01385,SAMEA4504038_00279,-,1,-,RNase adapter RapZ,protein-coding,-,-,-,RNase adapter RapZ,20210522,-
65058,47427536,uvrC,CKV68_RS01390,SAMEA4504038_00280,-,1,-,excinuclease ABC subunit UvrC,protein-coding,-,-,-,excinuclease ABC subunit UvrC,20210424,-
65058,47427537,CKV68_RS01395,CKV68_RS01395,SAMEA4504038_00281,-,1,-,PH domain-containing protein,protein-coding,-,-,-,PH domain-containing protein,20201215,-
65058,47427538,CKV68_RS01400,CKV68_RS01400,SAMEA4504038_00282,-,1,-,"6,7-dimethyl-8-ribityllumazine synthase",protein-coding,-,-,-,"6,7-dimethyl-8-ribityllumazine synthase",20201215,-
65058,47427539,CKV68_RS01405,CKV68_RS01405,SAMEA4504038_00283,-,1,-,"bifunctional 3,4-dihydroxy-2-butanone-4-phosphate synthase/GTP cyclohydrolase II",protein-coding,-,-,-,"bifunctional 3,4-dihydroxy-2-butanone-4-phosphate synthase/GTP cyclohydrolase II",20210129,-
65058,47427540,CKV68_RS01410,CKV68_RS01410,SAMEA4504038_00284,-,1,-,riboflavin synthase,protein-coding,-,-,-,riboflavin synthase,20210424,-
65058,47427541,ribD,CKV68_RS01415,SAMEA4504038_00285,-,1,-,bifunctional diaminohydroxyphosphoribosylaminopyrimidine deaminase/5-amino-6-(5-phosphoribosylamino)uracil reductase RibD,protein-coding,-,-,-,bifunctional diaminohydroxyphosphoribosylaminopyrimidine deaminase/5-amino-6-(5-phosphoribosylamino)uracil reductase RibD,20210424,-
65058,47427542,rpe,CKV68_RS01420,SAMEA4504038_00286,-,1,-,ribulose-phosphate 3-epimerase,protein-coding,-,-,-,ribulose-phosphate 3-epimerase,20201215,-
65058,47427543,CKV68_RS01425,CKV68_RS01425,SAMEA4504038_00287,-,1,-,MFS transporter,protein-coding,-,-,-,MFS transporter,20201215,-
65058,47427544,CKV68_RS01430,CKV68_RS01430,SAMEA4504038_00288,-,1,-,methionyl-tRNA formyltransferase,protein-coding,-,-,-,methionyl-tRNA formyltransferase,20201215,-
65058,47427545,def,CKV68_RS01435,SAMEA4504038_00289,-,1,-,peptide deformylase,protein-coding,-,-,-,peptide deformylase,20201215,-
65058,47427546,CKV68_RS01440,CKV68_RS01440,SAMEA4504038_00290,-,1,-,primosomal protein N',protein-coding,-,-,-,primosomal protein N',20210424,-
65058,47427547,CKV68_RS01445,CKV68_RS01445,SAMEA4504038_00291,-,1,-,methionine adenosyltransferase,protein-coding,-,-,-,methionine adenosyltransferase,20201215,-
65058,47427548,coaBC,CKV68_RS01450,SAMEA4504038_00293,-,1,-,bifunctional phosphopantothenoylcysteine decarboxylase/phosphopantothenate--cysteine ligase CoaBC,protein-coding,-,-,-,bifunctional phosphopantothenoylcysteine decarboxylase/phosphopantothenate--cysteine ligase CoaBC,20201215,-
65058,47427549,CKV68_RS01455,CKV68_RS01455,SAMEA4504038_00294,-,1,-,DNA-directed RNA polymerase subunit omega,protein-coding,-,-,-,DNA-directed RNA polymerase subunit omega,20210406,-
65058,47427550,gmk,CKV68_RS01460,SAMEA4504038_00295,-,1,-,guanylate kinase,protein-coding,-,-,-,guanylate kinase,20201215,-
65058,47427551,CKV68_RS01465,CKV68_RS01465,SAMEA4504038_00296,-,1,-,hypothetical protein,protein-coding,-,-,-,hypothetical protein,20201215,-
65058,47427552,pyrF,CKV68_RS01470,SAMEA4504038_00297,-,1,-,orotidine-5'-phosphate decarboxylase,protein-coding,-,-,-,orotidine-5'-phosphate decarboxylase,20210424,-
65058,47427553,carB,CKV68_RS01475,SAMEA4504038_00298,-,1,-,carbamoyl-phosphate synthase large subunit,protein-coding,-,-,-,carbamoyl-phosphate synthase large subunit,20201215,-
65058,47427554,carA,CKV68_RS01480,SAMEA4504038_00299,-,1,-,glutamine-hydrolyzing carbamoyl-phosphate synthase small subunit,protein-coding,-,-,-,glutamine-hydrolyzing carbamoyl-phosphate synthase small subunit,20210424,-
65058,47427555,CKV68_RS01485,CKV68_RS01485,SAMEA4504038_00300,-,1,-,dihydroorotase,protein-coding,-,-,-,dihydroorotase,20201215,-
65058,47427556,CKV68_RS01490,CKV68_RS01490,SAMEA4504038_00301,-,1,-,aspartate carbamoyltransferase catalytic subunit,protein-coding,-,-,-,aspartate carbamoyltransferase catalytic subunit,20201215,-
65058,47427557,pyrR,CKV68_RS01495,SAMEA4504038_00302,-,1,-,bifunctional pyr operon transcriptional regulator/uracil phosphoribosyltransferase PyrR,protein-coding,-,-,-,bifunctional pyr operon transcriptional regulator/uracil phosphoribosyltransferase PyrR,20210424,-
65058,47427558,CKV68_RS01500,CKV68_RS01500,SAMEA4504038_00303,-,1,-,TIGR01777 family oxidoreductase,protein-coding,-,-,-,TIGR01777 family oxidoreductase,20210424,-
65058,47427559,CKV68_RS01505,CKV68_RS01505,SAMEA4504038_00304,-,1,-,YbjN domain-containing protein,protein-coding,-,-,-,YbjN domain-containing protein,20210406,-
65058,47427560,CKV68_RS01510,CKV68_RS01510,SAMEA4504038_00305,-,1,-,YbjN domain-containing protein,protein-coding,-,-,-,YbjN domain-containing protein,20201215,-
65058,47427561,nusB,CKV68_RS01515,SAMEA4504038_00306,-,1,-,transcription antitermination factor NusB,protein-coding,-,-,-,transcription antitermination factor NusB,20201215,-
65058,47427562,efp,CKV68_RS01520,SAMEA4504038_00307,-,1,-,elongation factor P,protein-coding,-,-,-,elongation factor P,20201215,-
65058,47427563,CKV68_RS01525,CKV68_RS01525,SAMEA4504038_00308,-,1,-,aminopeptidase P family protein,protein-coding,-,-,-,aminopeptidase P family protein,20210424,-
65058,47427564,aroQ,CKV68_RS01530,SAMEA4504038_00309,-,1,-,type II 3-dehydroquinate dehydratase,protein-coding,-,-,-,type II 3-dehydroquinate dehydratase,20210424,-
65058,47427565,CKV68_RS01535,CKV68_RS01535,SAMEA4504038_00310,-,1,-,3-dehydroquinate synthase,protein-coding,-,-,-,3-dehydroquinate synthase,20201215,-
65058,47427566,CKV68_RS01540,CKV68_RS01540,SAMEA4504038_00311,-,1,-,shikimate kinase,protein-coding,-,-,-,shikimate kinase,20201215,-
65058,47427567,aroC,CKV68_RS01545,SAMEA4504038_00312,-,1,-,chorismate synthase,protein-coding,-,-,-,chorismate synthase,20210605,-
65058,47427568,CKV68_RS01550,CKV68_RS01550,SAMEA4504038_00313,-,1,-,prepilin peptidase,protein-coding,-,-,-,prepilin peptidase,20210424,-
65058,47427569,CKV68_RS01555,CKV68_RS01555,SAMEA4504038_00314,-,1,-,shikimate dehydrogenase,protein-coding,-,-,-,shikimate dehydrogenase,20201215,-
65058,47427570,mltG,CKV68_RS01560,SAMEA4504038_00315,-,1,-,endolytic transglycosylase MltG,protein-coding,-,-,-,endolytic transglycosylase MltG,20210424,-
65058,47427571,ruvX,CKV68_RS01565,SAMEA4504038_00316,-,1,-,Holliday junction resolvase RuvX,protein-coding,-,-,-,Holliday junction resolvase RuvX,20210406,-
65058,47427572,alaS,CKV68_RS01570,SAMEA4504038_00317,-,1,-,alanine--tRNA ligase,protein-coding,-,-,-,alanine--tRNA ligase,20201215,-
65058,47427573,CKV68_RS01575,CKV68_RS01575,SAMEA4504038_00318,-,1,-,replication-associated recombination protein A,protein-coding,-,-,-,replication-associated recombination protein A,20201215,-
65058,47427574,CKV68_RS01580,CKV68_RS01580,SAMEA4504038_00319,-,1,-,phosphotransferase,protein-coding,-,-,-,phosphotransferase,20210406,-
65058,47427575,aspS,CKV68_RS01585,SAMEA4504038_00320,-,1,-,aspartate--tRNA ligase,protein-coding,-,-,-,aspartate--tRNA ligase,20210424,-
65058,47427576,CKV68_RS01590,CKV68_RS01590,SAMEA4504038_00321,-,1,-,neutral zinc metallopeptidase,protein-coding,-,-,-,neutral zinc metallopeptidase,20210123,-
65058,47427577,CKV68_RS01595,CKV68_RS01595,SAMEA4504038_00322,-,1,-,DEAD/DEAH box helicase,protein-coding,-,-,-,DEAD/DEAH box helicase,20210424,-
65058,47427578,CKV68_RS01600,CKV68_RS01600,SAMEA4504038_00323,-,1,-,YhgE/Pip domain-containing protein,protein-coding,-,-,-,YhgE/Pip domain-containing protein,20201215,-
65058,47427579,CKV68_RS01605,CKV68_RS01605,SAMEA4504038_00324,-,1,-,hypothetical protein,protein-coding,-,-,-,hypothetical protein,20210424,-
65058,47427580,CKV68_RS01610,CKV68_RS01610,SAMEA4504038_00326,-,1,-,TetR/AcrR family transcriptional regulator,protein-coding,-,-,-,TetR/AcrR family transcriptional regulator,20201215,-
65058,47427581,CKV68_RS01615,CKV68_RS01615,SAMEA4504038_00327,-,1,-,NAD(P)H-dependent oxidoreductase,protein-coding,-,-,-,NAD(P)H-dependent oxidoreductase,20210406,-
65058,47427582,CKV68_RS01620,CKV68_RS01620,SAMEA4504038_00328,-,1,-,L-serine ammonia-lyase,protein-coding,-,-,-,L-serine ammonia-lyase,20210424,-
65058,47427583,CKV68_RS01625,CKV68_RS01625,SAMEA4504038_00329,-,1,-,histidine--tRNA ligase,protein-coding,-,-,-,histidine--tRNA ligase,20201215,-
65058,47427584,CKV68_RS01630,CKV68_RS01630,SAMEA4504038_00330,-,1,-,MBL fold metallo-hydrolase,protein-coding,-,-,-,MBL fold metallo-hydrolase,20201215,-
65058,47427585,tpx,CKV68_RS01635,SAMEA4504038_00331,-,1,-,thiol peroxidase,protein-coding,-,-,-,thiol peroxidase,20201215,-
65058,47427586,CKV68_RS01640,CKV68_RS01640,SAMEA4504038_00332,-,1,-,peptidylprolyl isomerase,protein-coding,-,-,-,peptidylprolyl isomerase,20201215,-
65058,47427587,CKV68_RS01645,CKV68_RS01645,SAMEA4504038_00333,-,1,-,hypothetical protein,protein-coding,-,-,-,hypothetical protein,20201215,-
65058,47427588,CKV68_RS01650,CKV68_RS01650,SAMEA4504038_00334,-,1,-,"bifunctional (p)ppGpp synthetase/guanosine-3',5'-bis(diphosphate) 3'-pyrophosphohydrolase",protein-coding,-,-,-,"bifunctional (p)ppGpp synthetase/guanosine-3',5'-bis(diphosphate) 3'-pyrophosphohydrolase",20201215,-
65058,47427589,CKV68_RS01655,CKV68_RS01655,SAMEA4504038_00335,-,1,-,adenine phosphoribosyltransferase,protein-coding,-,-,-,adenine phosphoribosyltransferase,20201215,-
65058,47427590,CKV68_RS01660,CKV68_RS01660,SAMEA4504038_00336,-,1,-,peptide ABC transporter,protein-coding,-,-,-,peptide ABC transporter,20210424,-
65058,47427591,secF,CKV68_RS01665,SAMEA4504038_00337,-,1,-,protein translocase subunit SecF,protein-coding,-,-,-,protein translocase subunit SecF,20201215,-
65058,47427592,secD,CKV68_RS01670,SAMEA4504038_00338,-,1,-,protein translocase subunit SecD,protein-coding,-,-,-,protein translocase subunit SecD,20201215,-
65058,47427593,yajC,CKV68_RS01675,SAMEA4504038_00339,-,1,-,preprotein translocase subunit YajC,protein-coding,-,-,-,preprotein translocase subunit YajC,20210424,-
65058,47427594,ruvB,CKV68_RS01680,SAMEA4504038_00340,-,1,-,Holliday junction branch migration DNA helicase RuvB,protein-coding,-,-,-,Holliday junction branch migration DNA helicase RuvB,20201215,-
65058,47427595,ruvA,CKV68_RS01685,SAMEA4504038_00341,-,1,-,Holliday junction branch migration protein RuvA,protein-coding,-,-,-,Holliday junction branch migration protein RuvA,20210424,-
65058,47427596,ruvC,CKV68_RS01690,SAMEA4504038_00342,-,1,-,crossover junction endodeoxyribonuclease RuvC,protein-coding,-,-,-,crossover junction endodeoxyribonuclease RuvC,20201215,-
65058,47427597,CKV68_RS01695,CKV68_RS01695,SAMEA4504038_00343,-,1,-,YebC/PmpR family DNA-binding transcriptional regulator,protein-coding,-,-,-,YebC/PmpR family DNA-binding transcriptional regulator,20201215,-
65058,47427598,CKV68_RS01700,CKV68_RS01700,SAMEA4504038_00344,-,1,-,acyl-CoA thioesterase II,protein-coding,-,-,-,acyl-CoA thioesterase II,20201215,-
65058,47427599,CKV68_RS01705,CKV68_RS01705,SAMEA4504038_00345,-,1,-,hypothetical protein,protein-coding,-,-,-,hypothetical protein,20201215,-
65058,47427600,CKV68_RS01710,CKV68_RS01710,SAMEA4504038_00346,-,1,-,6-carboxyhexanoate--CoA ligase,protein-coding,-,-,-,6-carboxyhexanoate--CoA ligase,20210406,-
65058,47427601,CKV68_RS01715,CKV68_RS01715,SAMEA4504038_00347,-,1,-,8-amino-7-oxononanoate synthase,protein-coding,-,-,-,8-amino-7-oxononanoate synthase,20201215,-
65058,47427602,CKV68_RS01720,CKV68_RS01720,SAMEA4504038_00348,-,1,-,hypothetical protein,protein-coding,-,-,-,hypothetical protein,20201215,-
65058,47427603,CKV68_RS01725,CKV68_RS01725,SAMEA4504038_00349,-,1,-,glycosyltransferase family 4 protein,protein-coding,-,-,-,glycosyltransferase family 4 protein,20201215,-
65058,47427604,CKV68_RS01730,CKV68_RS01730,SAMEA4504038_00350,-,1,-,phosphatidylinositol mannoside acyltransferase,protein-coding,-,-,-,phosphatidylinositol mannoside acyltransferase,20201215,-
65058,47427605,CKV68_RS01735,CKV68_RS01735,SAMEA4504038_00351,-,1,-,CDP-alcohol phosphatidyltransferase family protein,protein-coding,-,-,-,CDP-alcohol phosphatidyltransferase family protein,20201215,-
65058,47427606,CKV68_RS01740,CKV68_RS01740,SAMEA4504038_00352,-,1,-,HIT domain-containing protein,protein-coding,-,-,-,HIT domain-containing protein,20201215,-
65058,47427607,CKV68_RS01745,CKV68_RS01745,SAMEA4504038_00353,-,1,-,threonine--tRNA ligase,protein-coding,-,-,-,threonine--tRNA ligase,20201215,-
65058,47427608,CKV68_RS01750,CKV68_RS01750,SAMEA4504038_00354,-,1,-,Dyp-type peroxidase,protein-coding,-,-,-,Dyp-type peroxidase,20210406,-
65058,47427609,CKV68_RS01755,CKV68_RS01755,SAMEA4504038_00355,-,1,-,copper chaperone PCu(A)C,protein-coding,-,-,-,copper chaperone PCu(A)C,20210123,-
65058,47427610,CKV68_RS01760,CKV68_RS01760,SAMEA4504038_00356,-,1,-,copper resistance protein CopC,protein-coding,-,-,-,copper resistance protein CopC,20210123,-
65058,47427611,CKV68_RS01765,CKV68_RS01765,SAMEA4504038_00357,-,1,-,hypothetical protein,protein-coding,-,-,-,hypothetical protein,20201215,-
65058,47427612,CKV68_RS01770,CKV68_RS01770,-,-,1,-,excalibur calcium-binding domain-containing protein,protein-coding,-,-,-,excalibur calcium-binding domain-containing protein,20210327,-
65058,47427613,CKV68_RS01775,CKV68_RS01775,SAMEA4504038_00358,-,1,-,tRNA,tRNA,-,-,-,-,20201215,-
65058,47427614,CKV68_RS01780,CKV68_RS01780,SAMEA4504038_00359,-,1,-,tRNA,tRNA,-,-,-,-,20201215,-
65058,47427615,CKV68_RS01785,CKV68_RS01785,SAMEA4504038_00360,-,1,-,tRNA,tRNA,-,-,-,-,20201215,-
65058,47427616,CKV68_RS01790,CKV68_RS01790,SAMEA4504038_00361,-,1,-,tRNA,tRNA,-,-,-,-,20201215,-
65058,47427617,CKV68_RS01795,CKV68_RS01795,SAMEA4504038_00362,-,1,-,tRNA,tRNA,-,-,-,-,20201215,-
65058,47427618,CKV68_RS01800,CKV68_RS01800,SAMEA4504038_00363,-,1,-,tRNA,tRNA,-,-,-,-,20201215,-
65058,47427619,CKV68_RS01805,CKV68_RS01805,SAMEA4504038_00364,-,1,-,tRNA,tRNA,-,-,-,-,20201215,-
65058,47427620,CKV68_RS01810,CKV68_RS01810,SAMEA4504038_00365,-,1,-,pyrimidine reductase family protein,protein-coding,-,-,-,pyrimidine reductase family protein,20210424,-
65058,47427621,CKV68_RS01815,CKV68_RS01815,SAMEA4504038_00366,-,1,-,DUF2029 domain-containing protein,protein-coding,-,-,-,DUF2029 domain-containing protein,20210424,-
65058,47427622,msrB,CKV68_RS01820,SAMEA4504038_00367,-,1,-,peptide-methionine (R)-S-oxide reductase MsrB,protein-coding,-,-,-,peptide-methionine (R)-S-oxide reductase MsrB,20210123,-
65058,47427623,CKV68_RS01825,CKV68_RS01825,SAMEA4504038_00368,-,1,-,chlorite dismutase family protein,protein-coding,-,-,-,chlorite dismutase family protein,20210424,-
65058,47427624,CKV68_RS01830,CKV68_RS01830,SAMEA4504038_00369,-,1,-,DUF3000 domain-containing protein,protein-coding,-,-,-,DUF3000 domain-containing protein,20210424,-
65058,47427625,CKV68_RS01835,CKV68_RS01835,SAMEA4504038_00370,-,1,-,ribonuclease D,protein-coding,-,-,-,ribonuclease D,20201215,-
65058,47427626,CKV68_RS01840,CKV68_RS01840,SAMEA4504038_00371,-,1,-,1-deoxy-D-xylulose-5-phosphate synthase,protein-coding,-,-,-,1-deoxy-D-xylulose-5-phosphate synthase,20201215,-
65058,47427627,CKV68_RS01845,CKV68_RS01845,SAMEA4504038_00372,-,1,-,class I SAM-dependent RNA methyltransferase,protein-coding,-,-,-,class I SAM-dependent RNA methyltransferase,20201215,-
65058,47427628,CKV68_RS01850,CKV68_RS01850,SAMEA4504038_00373,-,1,-,DUF3159 domain-containing protein,protein-coding,-,-,-,DUF3159 domain-containing protein,20210424,-
65058,47427629,CKV68_RS01855,CKV68_RS01855,SAMEA4504038_00374,-,1,-,DUF3710 domain-containing protein,protein-coding,-,-,-,DUF3710 domain-containing protein,20210424,-
65058,47427630,dut,CKV68_RS01860,SAMEA4504038_00375,-,1,-,dUTP diphosphatase,protein-coding,-,-,-,dUTP diphosphatase,20210123,-
65058,47427631,CKV68_RS01865,CKV68_RS01865,SAMEA4504038_00376,-,1,-,DUF3093 domain-containing protein,protein-coding,-,-,-,DUF3093 domain-containing protein,20210123,-
65058,47427632,CKV68_RS01870,CKV68_RS01870,SAMEA4504038_00377,-,1,-,DUF4193 domain-containing protein,protein-coding,-,-,-,DUF4193 domain-containing protein,20210123,-
65058,47427633,CKV68_RS01875,CKV68_RS01875,SAMEA4504038_00378,-,1,-,"fructose 1,6-bisphosphatase",protein-coding,-,-,-,"fructose 1,6-bisphosphatase",20210406,-
65058,47427634,CKV68_RS01880,CKV68_RS01880,SAMEA4504038_00379,-,1,-,ROK family protein,protein-coding,-,-,-,ROK family protein,20201215,-
65058,47427635,CKV68_RS01885,CKV68_RS01885,SAMEA4504038_00380,-,1,-,RNA polymerase sigma factor,protein-coding,-,-,-,RNA polymerase sigma factor,20201215,-
65058,47427636,CKV68_RS01890,CKV68_RS01890,SAMEA4504038_00381,-,1,-,DUF4190 domain-containing protein,protein-coding,-,-,-,DUF4190 domain-containing protein,20210424,-
65058,47427637,CKV68_RS01895,CKV68_RS01895,SAMEA4504038_00382,-,1,-,DEAD/DEAH box helicase,protein-coding,-,-,-,DEAD/DEAH box helicase,20201215,-
65058,47427638,CKV68_RS01900,CKV68_RS01900,SAMEA4504038_00383,-,1,-,DUF3039 domain-containing protein,protein-coding,-,-,-,DUF3039 domain-containing protein,20210129,-
65058,47427639,CKV68_RS01905,CKV68_RS01905,SAMEA4504038_00384,-,1,-,DUF3099 domain-containing protein,protein-coding,-,-,-,DUF3099 domain-containing protein,20210424,-
65058,47427640,CKV68_RS01910,CKV68_RS01910,SAMEA4504038_00385,-,1,-,methyltransferase,protein-coding,-,-,-,methyltransferase,20210424,-
65058,47427641,CKV68_RS01915,CKV68_RS01915,SAMEA4504038_00386,-,1,-,D-tyrosyl-tRNA(Tyr) deacylase,protein-coding,-,-,-,D-tyrosyl-tRNA(Tyr) deacylase,20201215,-
65058,47427642,CKV68_RS01920,CKV68_RS01920,SAMEA4504038_00387,-,1,-,sigma-70 family RNA polymerase sigma factor,protein-coding,-,-,-,sigma-70 family RNA polymerase sigma factor,20201215,-
65058,47427643,CKV68_RS01925,CKV68_RS01925,SAMEA4504038_00388,-,1,-,metal-dependent transcriptional regulator,protein-coding,-,-,-,metal-dependent transcriptional regulator,20210123,-
65058,47427644,galE,CKV68_RS01930,SAMEA4504038_00389,-,1,-,UDP-glucose 4-epimerase GalE,protein-coding,-,-,-,UDP-glucose 4-epimerase GalE,20201215,-
65058,47427645,CKV68_RS01935,CKV68_RS01935,SAMEA4504038_00390,-,1,-,DUF4192 domain-containing protein,protein-coding,-,-,-,DUF4192 domain-containing protein,20210424,-
65058,47427646,CKV68_RS01940,CKV68_RS01940,SAMEA4504038_00391,-,1,-,PAC2 family protein,protein-coding,-,-,-,PAC2 family protein,20210123,-
65058,47427647,CKV68_RS01945,CKV68_RS01945,SAMEA4504038_00392,-,1,-,DUF3516 domain-containing protein,protein-coding,-,-,-,DUF3516 domain-containing protein,20210327,-
65058,47427648,CKV68_RS01950,CKV68_RS01950,SAMEA4504038_00393,-,1,-,carboxymuconolactone decarboxylase family protein,protein-coding,-,-,-,carboxymuconolactone decarboxylase family protein,20201215,-
65058,47427649,CKV68_RS01955,CKV68_RS01955,SAMEA4504038_00394,-,1,-,peroxiredoxin,protein-coding,-,-,-,peroxiredoxin,20201215,-
65058,47427650,CKV68_RS01960,CKV68_RS01960,SAMEA4504038_00395,-,1,-,hydrogen peroxide-inducible genes activator,protein-coding,-,-,-,hydrogen peroxide-inducible genes activator,20210123,-
65058,47427651,CKV68_RS01965,CKV68_RS01965,SAMEA4504038_00396,-,1,-,hypothetical protein,protein-coding,-,-,-,hypothetical protein,20210123,-
65058,47427652,hrpA,CKV68_RS01970,SAMEA4504038_00397,-,1,-,ATP-dependent RNA helicase HrpA,protein-coding,-,-,-,ATP-dependent RNA helicase HrpA,20210424,-
65058,47427653,nrdR,CKV68_RS01975,SAMEA4504038_00398,-,1,-,transcriptional repressor NrdR,protein-coding,-,-,-,transcriptional repressor NrdR,20201215,-
65058,47427654,CKV68_RS01980,CKV68_RS01980,SAMEA4504038_00399,-,1,-,cell wall hydrolase,protein-coding,-,-,-,cell wall hydrolase,20201215,-
65058,47427655,lexA,CKV68_RS01985,SAMEA4504038_00400,-,1,-,transcriptional repressor LexA,protein-coding,-,-,-,transcriptional repressor LexA,20210424,-
65058,47427656,CKV68_RS01990,CKV68_RS01990,SAMEA4504038_00401,-,1,-,DeoR/GlpR transcriptional regulator,protein-coding,-,-,-,DeoR/GlpR transcriptional regulator,20201215,-
65058,47427657,ptsP,CKV68_RS01995,SAMEA4504038_00402,-,1,-,phosphoenolpyruvate--protein phosphotransferase,protein-coding,-,-,-,phosphoenolpyruvate--protein phosphotransferase,20201217,-
65058,47427658,CKV68_RS02000,CKV68_RS02000,SAMEA4504038_00403,-,1,-,DeoR/GlpR transcriptional regulator,protein-coding,-,-,-,DeoR/GlpR transcriptional regulator,20201215,-
65058,47427659,CKV68_RS02005,CKV68_RS02005,SAMEA4504038_00404,-,1,-,1-phosphofructokinase family hexose kinase,protein-coding,-,-,-,1-phosphofructokinase family hexose kinase,20201215,-
65058,47427660,CKV68_RS02010,CKV68_RS02010,SAMEA4504038_00405,-,1,-,PTS sugar transporter subunit IIA,protein-coding,-,-,-,PTS sugar transporter subunit IIA,20210424,-
65058,47427662,CKV68_RS02020,CKV68_RS02020,SAMEA4504038_00406,-,1,-,HPr family phosphocarrier protein,protein-coding,-,-,-,HPr family phosphocarrier protein,20210123,-
65058,47427663,CKV68_RS02025,CKV68_RS02025,SAMEA4504038_00407,-,1,-,LLM class flavin-dependent oxidoreductase,protein-coding,-,-,-,LLM class flavin-dependent oxidoreductase,20210424,-
65058,47427664,CKV68_RS02030,CKV68_RS02030,SAMEA4504038_00408,-,1,-,FMN reductase,protein-coding,-,-,-,FMN reductase,20201215,-
65058,47427665,CKV68_RS02035,CKV68_RS02035,SAMEA4504038_00409,-,1,-,hypothetical protein,protein-coding,-,-,-,hypothetical protein,20201215,-
65058,47427666,CKV68_RS02040,CKV68_RS02040,SAMEA4504038_00410,-,1,-,purine/pyrimidine permease,protein-coding,-,-,-,purine/pyrimidine permease,20210123,-
65058,47427667,hflX,CKV68_RS02045,SAMEA4504038_00411,-,1,-,GTPase HflX,protein-coding,-,-,-,GTPase HflX,20201215,-
65058,47427668,CKV68_RS02050,CKV68_RS02050,SAMEA4504038_00412,-,1,-,hypothetical protein,protein-coding,-,-,-,hypothetical protein,20201215,-
65058,47427669,CKV68_RS02055,CKV68_RS02055,SAMEA4504038_00413,-,1,-,hypothetical protein,protein-coding,-,-,-,hypothetical protein,20201215,-
65058,47427670,CKV68_RS02060,CKV68_RS02060,SAMEA4504038_00414,-,1,-,diaminopimelate epimerase,protein-coding,-,-,-,diaminopimelate epimerase,20210605,-
65058,47427671,miaA,CKV68_RS02065,SAMEA4504038_00415,-,1,-,tRNA (adenosine(37)-N6)-dimethylallyltransferase MiaA,protein-coding,-,-,-,tRNA (adenosine(37)-N6)-dimethylallyltransferase MiaA,20201215,-
65058,47427672,CKV68_RS02070,CKV68_RS02070,SAMEA4504038_00416,-,1,-,hypothetical protein,protein-coding,-,-,-,hypothetical protein,20201215,-
65058,47427673,CKV68_RS02075,CKV68_RS02075,SAMEA4504038_00417,-,1,-,DUF349 domain-containing protein,protein-coding,-,-,-,DUF349 domain-containing protein,20210424,-
65058,47427674,CKV68_RS02080,CKV68_RS02080,SAMEA4504038_00418,-,1,-,GNAT family N-acetyltransferase,protein-coding,-,-,-,GNAT family N-acetyltransferase,20210424,-
65058,47427675,CKV68_RS02085,CKV68_RS02085,SAMEA4504038_00419,-,1,-,hypothetical protein,protein-coding,-,-,-,hypothetical protein,20210424,-
65058,47427676,miaB,CKV68_RS02090,SAMEA4504038_00420,-,1,-,tRNA (N6-isopentenyl adenosine(37)-C2)-methylthiotransferase MiaB,protein-coding,-,-,-,tRNA (N6-isopentenyl adenosine(37)-C2)-methylthiotransferase MiaB,20201215,-
65058,47427677,recX,CKV68_RS02095,SAMEA4504038_00421,-,1,-,recombination regulator RecX,protein-coding,-,-,-,recombination regulator RecX,20201215,-
65058,47427678,recA,CKV68_RS02100,SAMEA4504038_00422,-,1,-,recombinase RecA,protein-coding,-,-,-,recombinase RecA,20201215,-
65058,47427679,CKV68_RS02105,CKV68_RS02105,-,-,1,-,DUF3046 domain-containing protein,protein-coding,-,-,-,DUF3046 domain-containing protein,20210424,-
65058,47427680,CKV68_RS02110,CKV68_RS02110,SAMEA4504038_00423,-,1,-,biotin transporter BioY,protein-coding,-,-,-,biotin transporter BioY,20201215,-
65058,47427681,CKV68_RS02115,CKV68_RS02115,SAMEA4504038_00424,-,1,-,ABC transporter ATP-binding protein,protein-coding,-,-,-,ABC transporter ATP-binding protein,20201215,-
65058,47427682,CKV68_RS02120,CKV68_RS02120,SAMEA4504038_00425,-,1,-,energy-coupling factor transporter transmembrane protein EcfT,protein-coding,-,-,-,energy-coupling factor transporter transmembrane protein EcfT,20201215,-
65058,47427683,CKV68_RS02125,CKV68_RS02125,SAMEA4504038_00426,-,1,-,PspA/IM30 family protein,protein-coding,-,-,-,PspA/IM30 family protein,20201215,-
65058,47427684,CKV68_RS02130,CKV68_RS02130,SAMEA4504038_00427,-,1,-,helix-turn-helix transcriptional regulator,protein-coding,-,-,-,helix-turn-helix transcriptional regulator,20201215,-
65058,47427685,CKV68_RS02135,CKV68_RS02135,SAMEA4504038_00428,-,1,-,nicotinamide-nucleotide amidohydrolase family protein,protein-coding,-,-,-,nicotinamide-nucleotide amidohydrolase family protein,20210424,-
65058,47427686,pgsA,CKV68_RS02140,SAMEA4504038_00429,-,1,-,CDP-diacylglycerol--glycerol-3-phosphate 3-phosphatidyltransferase,protein-coding,-,-,-,CDP-diacylglycerol--glycerol-3-phosphate 3-phosphatidyltransferase,20201215,-
65058,47427687,CKV68_RS02145,CKV68_RS02145,SAMEA4504038_00430,-,1,-,hypothetical protein,protein-coding,-,-,-,hypothetical protein,20210424,-
65058,47427688,CKV68_RS02150,CKV68_RS02150,SAMEA4504038_00431,-,1,-,TerC family protein,protein-coding,-,-,-,TerC family protein,20201215,-
65058,47427689,CKV68_RS02160,CKV68_RS02160,SAMEA4504038_00433,-,1,-,DNA translocase FtsK,protein-coding,-,-,-,DNA translocase FtsK,20210424,-
65058,47427690,CKV68_RS02165,CKV68_RS02165,SAMEA4504038_00434,-,1,-,TIGR03085 family protein,protein-coding,-,-,-,TIGR03085 family protein,20201215,-
65058,47427691,CKV68_RS02170,CKV68_RS02170,SAMEA4504038_00435,-,1,-,ribonuclease J,protein-coding,-,-,-,ribonuclease J,20210424,-
65058,47427692,dapA,CKV68_RS02175,SAMEA4504038_00436,-,1,-,4-hydroxy-tetrahydrodipicolinate synthase,protein-coding,-,-,-,4-hydroxy-tetrahydrodipicolinate synthase,20201215,-
65058,47427693,CKV68_RS02180,CKV68_RS02180,SAMEA4504038_00437,-,1,-,FAD-dependent thymidylate synthase,protein-coding,-,-,-,FAD-dependent thymidylate synthase,20201215,-
65058,47427694,CKV68_RS02185,CKV68_RS02185,SAMEA4504038_00438,-,1,-,4-hydroxy-tetrahydrodipicolinate reductase,protein-coding,-,-,-,4-hydroxy-tetrahydrodipicolinate reductase,20201215,-
65058,47427695,CKV68_RS02190,CKV68_RS02190,SAMEA4504038_00439,-,1,-,polyribonucleotide nucleotidyltransferase,protein-coding,-,-,-,polyribonucleotide nucleotidyltransferase,20210424,-
65058,47427696,rpsO,CKV68_RS02195,SAMEA4504038_00440,-,1,-,30S ribosomal protein S15,protein-coding,-,-,-,30S ribosomal protein S15,20201215,-
65058,47427697,CKV68_RS02200,CKV68_RS02200,SAMEA4504038_00441,-,1,-,nucleoside hydrolase,protein-coding,-,-,-,nucleoside hydrolase,20201215,-
65058,47427698,CKV68_RS02205,CKV68_RS02205,SAMEA4504038_00442,-,1,-,bifunctional riboflavin kinase/FAD synthetase,protein-coding,-,-,-,bifunctional riboflavin kinase/FAD synthetase,20210424,-
65058,47427699,truB,CKV68_RS02210,SAMEA4504038_00443,-,1,-,tRNA pseudouridine(55) synthase TruB,protein-coding,-,-,-,tRNA pseudouridine(55) synthase TruB,20201215,-
65058,47427700,CKV68_RS02215,CKV68_RS02215,SAMEA4504038_00444,-,1,-,4'-phosphopantetheinyl transferase superfamily protein,protein-coding,-,-,-,4'-phosphopantetheinyl transferase superfamily protein,20201215,-
65058,47427701,CKV68_RS02220,CKV68_RS02220,SAMEA4504038_00445,-,1,-,metallophosphoesterase,protein-coding,-,-,-,metallophosphoesterase,20201215,-
65058,47427702,CKV68_RS02225,CKV68_RS02225,SAMEA4504038_00446,-,1,-,MATE family efflux transporter,protein-coding,-,-,-,MATE family efflux transporter,20201215,-
65058,47427703,CKV68_RS02230,CKV68_RS02230,SAMEA4504038_00447,-,1,-,bifunctional oligoribonuclease/PAP phosphatase NrnA,protein-coding,-,-,-,bifunctional oligoribonuclease/PAP phosphatase NrnA,20201215,-
65058,47427704,rbfA,CKV68_RS02235,SAMEA4504038_00448,-,1,-,30S ribosome-binding factor RbfA,protein-coding,-,-,-,30S ribosome-binding factor RbfA,20201215,-
65058,47427705,infB,CKV68_RS02240,SAMEA4504038_00449,-,1,-,translation initiation factor IF-2,protein-coding,-,-,-,translation initiation factor IF-2,20210424,-
65058,47427706,CKV68_RS02245,CKV68_RS02245,SAMEA4504038_00450,-,1,-,YlxR family protein,protein-coding,-,-,-,YlxR family protein,20201215,-
65058,47427707,nusA,CKV68_RS02250,SAMEA4504038_00451,-,1,-,transcription termination/antitermination protein NusA,protein-coding,-,-,-,transcription termination/antitermination protein NusA,20201215,-
65058,47427708,rimP,CKV68_RS02255,SAMEA4504038_00452,-,1,-,ribosome maturation factor RimP,protein-coding,-,-,-,ribosome maturation factor RimP,20201215,-
65058,47427709,CKV68_RS02260,CKV68_RS02260,SAMEA4504038_00453,-,1,-,DUF4439 domain-containing protein,protein-coding,-,-,-,DUF4439 domain-containing protein,20201215,-
65058,47427710,CKV68_RS02265,CKV68_RS02265,SAMEA4504038_00454,-,1,-,proline--tRNA ligase,protein-coding,-,-,-,proline--tRNA ligase,20201215,-
65058,47427711,yaaA,CKV68_RS02270,SAMEA4504038_00455,-,1,-,peroxide stress protein YaaA,protein-coding,-,-,-,peroxide stress protein YaaA,20210424,-
65058,47427712,cobA,CKV68_RS02275,SAMEA4504038_00456,-,1,-,uroporphyrinogen-III C-methyltransferase,protein-coding,-,-,-,uroporphyrinogen-III C-methyltransferase,20201215,-
65058,47427713,CKV68_RS02280,CKV68_RS02280,SAMEA4504038_00457,-,1,-,YdiU family protein,protein-coding,-,-,-,YdiU family protein,20210424,-
65058,47427714,CKV68_RS02285,CKV68_RS02285,SAMEA4504038_00458,-,1,-,GTP-binding protein,protein-coding,-,-,-,GTP-binding protein,20201215,-
65058,47427715,CKV68_RS02290,CKV68_RS02290,SAMEA4504038_00459,-,1,-,methylated-DNA--[protein]-cysteine S-methyltransferase,protein-coding,-,-,-,methylated-DNA--[protein]-cysteine S-methyltransferase,20201215,-
65058,47427716,CKV68_RS02295,CKV68_RS02295,SAMEA4504038_00460,-,1,-,"cobyrinate a,c-diamide synthase",protein-coding,-,-,-,"cobyrinate a,c-diamide synthase",20210424,-
65058,47427717,cobO,CKV68_RS02300,SAMEA4504038_00461,-,1,-,"cob(I)yrinic acid a,c-diamide adenosyltransferase",protein-coding,-,-,-,"cob(I)yrinic acid a,c-diamide adenosyltransferase",20201215,-
65058,47427718,CKV68_RS02305,CKV68_RS02305,SAMEA4504038_00462,-,1,-,VWA domain-containing protein,protein-coding,-,-,-,VWA domain-containing protein,20210424,-
65058,47427719,CKV68_RS02310,CKV68_RS02310,SAMEA4504038_00463,-,1,-,AAA family ATPase,protein-coding,-,-,-,AAA family ATPase,20201215,-
65058,47427720,mqo,CKV68_RS02315,SAMEA4504038_00464,-,1,-,malate dehydrogenase (quinone),protein-coding,-,-,-,malate dehydrogenase (quinone),20210123,-
65058,47427721,CKV68_RS02320,CKV68_RS02320,SAMEA4504038_00465,-,1,-,alpha/beta hydrolase,protein-coding,-,-,-,alpha/beta hydrolase,20201215,-
65058,47427722,mtr,CKV68_RS02325,SAMEA4504038_00466,-,1,-,mycothione reductase,protein-coding,-,-,-,mycothione reductase,20201215,-
65058,47427723,CKV68_RS02330,CKV68_RS02330,SAMEA4504038_00467,-,1,-,hypothetical protein,protein-coding,-,-,-,hypothetical protein,20201215,-
65058,47427724,CKV68_RS02335,CKV68_RS02335,SAMEA4504038_00468,-,1,-,cobyric acid synthase,protein-coding,-,-,-,cobyric acid synthase,20210424,-
65058,47427725,map,CKV68_RS02340,SAMEA4504038_00469,-,1,-,type I methionyl aminopeptidase,protein-coding,-,-,-,type I methionyl aminopeptidase,20201215,-
65058,47427726,CKV68_RS02345,CKV68_RS02345,SAMEA4504038_00470,-,1,-,cell division protein FtsI,protein-coding,-,-,-,cell division protein FtsI,20210424,-
65058,47427727,ispG,CKV68_RS02350,SAMEA4504038_00471|gcpE,-,1,-,flavodoxin-dependent (E)-4-hydroxy-3-methylbut-2-enyl-diphosphate synthase,protein-coding,-,-,-,flavodoxin-dependent (E)-4-hydroxy-3-methylbut-2-enyl-diphosphate synthase,20210522,-
65058,47427728,CKV68_RS02355,CKV68_RS02355,SAMEA4504038_00472,-,1,-,site-2 protease family protein,protein-coding,-,-,-,site-2 protease family protein,20201215,-
65058,47427729,CKV68_RS02360,CKV68_RS02360,SAMEA4504038_00473,-,1,-,1-deoxy-D-xylulose-5-phosphate reductoisomerase,protein-coding,-,-,-,1-deoxy-D-xylulose-5-phosphate reductoisomerase,20201215,-
65058,47427730,CKV68_RS02370,CKV68_RS02370,SAMEA4504038_00475,-,1,-,DUF2631 domain-containing protein,protein-coding,-,-,-,DUF2631 domain-containing protein,20210123,-
65058,47427731,rlmN,CKV68_RS02375,SAMEA4504038_00476,-,1,-,23S rRNA (adenine(2503)-C(2))-methyltransferase RlmN,protein-coding,-,-,-,23S rRNA (adenine(2503)-C(2))-methyltransferase RlmN,20201215,-
65058,47427732,CKV68_RS02380,CKV68_RS02380,SAMEA4504038_00477,-,1,-,DUF1049 domain-containing protein,protein-coding,-,-,-,DUF1049 domain-containing protein,20210406,-
65058,47427733,CKV68_RS02385,CKV68_RS02385,SAMEA4504038_00478,-,1,-,phosphatidate cytidylyltransferase,protein-coding,-,-,-,phosphatidate cytidylyltransferase,20210123,-
65058,47427734,frr,CKV68_RS02390,SAMEA4504038_00479,-,1,-,ribosome recycling factor,protein-coding,-,-,-,ribosome recycling factor,20201215,-
65058,47427735,CKV68_RS02395,CKV68_RS02395,SAMEA4504038_00480,-,1,-,UMP kinase,protein-coding,-,-,-,UMP kinase,20201215,-
65058,47427736,CKV68_RS02400,CKV68_RS02400,SAMEA4504038_00481,-,1,-,elongation factor Ts,protein-coding,-,-,-,elongation factor Ts,20201215,-
65058,47427737,rpsB,CKV68_RS02405,SAMEA4504038_00482,-,1,-,30S ribosomal protein S2,protein-coding,-,-,-,30S ribosomal protein S2,20201215,-
65058,47427738,CKV68_RS02410,CKV68_RS02410,SAMEA4504038_00483,-,1,-,M23 family metallopeptidase,protein-coding,-,-,-,M23 family metallopeptidase,20210424,-
65058,47427739,CKV68_RS02415,CKV68_RS02415,SAMEA4504038_00484,-,1,-,tyrosine recombinase XerC,protein-coding,-,-,-,tyrosine recombinase XerC,20201215,-
65058,47427740,dprA,CKV68_RS02420,SAMEA4504038_00485,-,1,-,DNA-protecting protein DprA,protein-coding,-,-,-,DNA-protecting protein DprA,20201215,-
65058,47427741,CKV68_RS02425,CKV68_RS02425,SAMEA4504038_00486,-,1,-,YifB family Mg chelatase-like AAA ATPase,protein-coding,-,-,-,YifB family Mg chelatase-like AAA ATPase,20201215,-
65058,47427742,CKV68_RS02430,CKV68_RS02430,SAMEA4504038_00487,-,1,-,YraN family protein,protein-coding,-,-,-,YraN family protein,20210424,-
65058,47427743,thiC,CKV68_RS02435,-,-,1,-,phosphomethylpyrimidine synthase ThiC,protein-coding,-,-,-,phosphomethylpyrimidine synthase ThiC,20201215,-
65058,47427744,CKV68_RS02440,CKV68_RS02440,SAMEA4504038_00489,-,1,-,thiamine phosphate synthase,protein-coding,-,-,-,thiamine phosphate synthase,20201215,-
65058,47427745,thiO,CKV68_RS02445,SAMEA4504038_00490,-,1,-,glycine oxidase ThiO,protein-coding,-,-,-,glycine oxidase ThiO,20210424,-
65058,47427746,thiS,CKV68_RS02450,SAMEA4504038_00491,-,1,-,sulfur carrier protein ThiS,protein-coding,-,-,-,sulfur carrier protein ThiS,20201215,-
65058,47427747,CKV68_RS02455,CKV68_RS02455,SAMEA4504038_00492,-,1,-,thiazole synthase,protein-coding,-,-,-,thiazole synthase,20201215,-
65058,47427748,CKV68_RS02460,CKV68_RS02460,SAMEA4504038_00493,-,1,-,ThiF family adenylyltransferase,protein-coding,-,-,-,ThiF family adenylyltransferase,20210424,-
65058,47427749,thiD,CKV68_RS02465,SAMEA4504038_00494,-,1,-,bifunctional hydroxymethylpyrimidine kinase/phosphomethylpyrimidine kinase,protein-coding,-,-,-,bifunctional hydroxymethylpyrimidine kinase/phosphomethylpyrimidine kinase,20210406,-
65058,47427750,CKV68_RS02470,CKV68_RS02470,SAMEA4504038_00495,-,1,-,DUF2469 domain-containing protein,protein-coding,-,-,-,DUF2469 domain-containing protein,20201215,-
65058,47427751,CKV68_RS02475,CKV68_RS02475,SAMEA4504038_00496,-,1,-,ribonuclease HII,protein-coding,-,-,-,ribonuclease HII,20210522,-
65058,47427752,lepB,CKV68_RS02480,SAMEA4504038_00497,-,1,-,signal peptidase I,protein-coding,-,-,-,signal peptidase I,20201215,-
65058,47427753,rplS,CKV68_RS02485,SAMEA4504038_00498,-,1,-,50S ribosomal protein L19,protein-coding,-,-,-,50S ribosomal protein L19,20201215,-
65058,47427754,CKV68_RS02490,CKV68_RS02490,SAMEA4504038_00499,-,1,-,RNA-binding transcriptional accessory protein,protein-coding,-,-,-,RNA-binding transcriptional accessory protein,20201215,-
65058,47427755,CKV68_RS02495,CKV68_RS02495,SAMEA4504038_00500,-,1,-,PTS sugar transporter subunit IIA,protein-coding,-,-,-,PTS sugar transporter subunit IIA,20210424,-
65058,47427756,CKV68_RS02500,CKV68_RS02500,SAMEA4504038_00501,-,1,-,hypothetical protein,protein-coding,-,-,-,hypothetical protein,20201215,-
65058,47427757,trmD,CKV68_RS02505,SAMEA4504038_00502,-,1,-,tRNA (guanosine(37)-N1)-methyltransferase TrmD,protein-coding,-,-,-,tRNA (guanosine(37)-N1)-methyltransferase TrmD,20201215,-
65058,47427758,rimM,CKV68_RS02510,SAMEA4504038_00503,-,1,-,ribosome maturation factor RimM,protein-coding,-,-,-,ribosome maturation factor RimM,20201215,-
65058,47427759,CKV68_RS02515,CKV68_RS02515,SAMEA4504038_00504,-,1,-,cupin domain-containing protein,protein-coding,-,-,-,cupin domain-containing protein,20210424,-
65058,47427760,rpsP,CKV68_RS02520,SAMEA4504038_00505,-,1,-,30S ribosomal protein S16,protein-coding,-,-,-,30S ribosomal protein S16,20201215,-
65058,47427761,ffh,CKV68_RS02525,SAMEA4504038_00506,-,1,-,signal recognition particle protein,protein-coding,-,-,-,signal recognition particle protein,20201215,-
65058,47427762,CKV68_RS02530,CKV68_RS02530,SAMEA4504038_00507,-,1,-,[protein-PII] uridylyltransferase,protein-coding,-,-,-,[protein-PII] uridylyltransferase,20210424,-
65058,47427763,CKV68_RS02535,CKV68_RS02535,SAMEA4504038_00508,-,1,-,P-II family nitrogen regulator,protein-coding,-,-,-,P-II family nitrogen regulator,20201215,-
65058,47427764,ftsY,CKV68_RS02540,SAMEA4504038_00509,-,1,-,signal recognition particle-docking protein FtsY,protein-coding,-,-,-,signal recognition particle-docking protein FtsY,20201215,-
65058,47427765,CKV68_RS02545,CKV68_RS02545,SAMEA4504038_00510,-,1,-,hypothetical protein,protein-coding,-,-,-,hypothetical protein,20201215,-
65058,47427766,smc,CKV68_RS02550,SAMEA4504038_00511,-,1,-,chromosome segregation protein SMC,protein-coding,-,-,-,chromosome segregation protein SMC,20210424,-
65058,47427767,CKV68_RS02555,CKV68_RS02555,SAMEA4504038_00512,-,1,-,acylphosphatase,protein-coding,-,-,-,acylphosphatase,20210123,-
65058,47427768,CKV68_RS02560,CKV68_RS02560,SAMEA4504038_00513,-,1,-,alanine:cation symporter family protein,protein-coding,-,-,-,alanine:cation symporter family protein,20210406,-
65058,47427769,mutM,CKV68_RS02565,SAMEA4504038_00514,-,1,-,bifunctional DNA-formamidopyrimidine glycosylase/DNA-(apurinic or apyrimidinic site) lyase,protein-coding,-,-,-,bifunctional DNA-formamidopyrimidine glycosylase/DNA-(apurinic or apyrimidinic site) lyase,20210424,-
65058,47427770,CKV68_RS02570,CKV68_RS02570,SAMEA4504038_00515,-,1,-,ribonuclease III,protein-coding,-,-,-,ribonuclease III,20201215,-
65058,47427771,CKV68_RS02575,CKV68_RS02575,SAMEA4504038_00516,-,1,-,DUF177 domain-containing protein,protein-coding,-,-,-,DUF177 domain-containing protein,20210129,-
65058,47427772,CKV68_RS02580,CKV68_RS02580,SAMEA4504038_00517,-,1,-,DivIVA domain-containing protein,protein-coding,-,-,-,DivIVA domain-containing protein,20201215,-
65058,47427773,CKV68_RS02585,CKV68_RS02585,SAMEA4504038_00518,-,1,-,dihydrofolate reductase family protein,protein-coding,-,-,-,dihydrofolate reductase family protein,20210406,-
65058,47427774,ald,CKV68_RS02590,SAMEA4504038_00519,-,1,-,alanine dehydrogenase,protein-coding,-,-,-,alanine dehydrogenase,20201215,-
65058,47427775,gdhA,CKV68_RS02595,SAMEA4504038_00520,-,1,-,NADP-specific glutamate dehydrogenase,protein-coding,-,-,-,NADP-specific glutamate dehydrogenase,20201215,-
65058,47427776,CKV68_RS02600,CKV68_RS02600,SAMEA4504038_00521,-,1,-,glycerate kinase,protein-coding,-,-,-,glycerate kinase,20201215,-
65058,47427777,CKV68_RS02605,CKV68_RS02605,SAMEA4504038_00522,-,1,-,hypothetical protein,protein-coding,-,-,-,hypothetical protein,20201215,-
65058,47427778,CKV68_RS02610,CKV68_RS02610,SAMEA4504038_00523,-,1,-,DUF4921 family protein,protein-coding,-,-,-,DUF4921 family protein,20210424,-
65058,47427779,CKV68_RS02615,CKV68_RS02615,SAMEA4504038_00524,-,1,-,amidohydrolase,protein-coding,-,-,-,amidohydrolase,20210424,-
65058,47427780,CKV68_RS02620,CKV68_RS02620,-,-,1,-,DUF393 domain-containing protein,protein-coding,-,-,-,DUF393 domain-containing protein,20210327,-
65058,47427781,CKV68_RS02625,CKV68_RS02625,SAMEA4504038_00525,-,1,-,glycogen/starch/alpha-glucan phosphorylase,protein-coding,-,-,-,glycogen/starch/alpha-glucan phosphorylase,20210424,-
65058,47427782,CKV68_RS02630,CKV68_RS02630,SAMEA4504038_00526,-,1,-,DM13 domain-containing protein,protein-coding,-,-,-,DM13 domain-containing protein,20210123,-
65058,47427783,pyk,CKV68_RS02635,SAMEA4504038_00527,-,1,-,pyruvate kinase,protein-coding,-,-,-,pyruvate kinase,20201215,-
65058,47427784,CKV68_RS02640,CKV68_RS02640,SAMEA4504038_00528,-,1,-,prolipoprotein diacylglyceryl transferase,protein-coding,-,-,-,prolipoprotein diacylglyceryl transferase,20210522,-
65058,47427785,trpC,CKV68_RS02645,SAMEA4504038_00529,-,1,-,indole-3-glycerol phosphate synthase TrpC,protein-coding,-,-,-,indole-3-glycerol phosphate synthase TrpC,20201215,-
65058,47427786,CKV68_RS02650,CKV68_RS02650,SAMEA4504038_00530,-,1,-,TIGR02234 family membrane protein,protein-coding,-,-,-,TIGR02234 family membrane protein,20210123,-
65058,47427787,hisI,CKV68_RS02655,SAMEA4504038_00531,-,1,-,phosphoribosyl-AMP cyclohydrolase,protein-coding,-,-,-,phosphoribosyl-AMP cyclohydrolase,20210522,-
65058,47427788,hisF,CKV68_RS02660,SAMEA4504038_00532,-,1,-,imidazole glycerol phosphate synthase subunit HisF,protein-coding,-,-,-,imidazole glycerol phosphate synthase subunit HisF,20201215,-
65058,47427789,CKV68_RS02665,CKV68_RS02665,SAMEA4504038_00533,-,1,-,inositol monophosphatase family protein,protein-coding,-,-,-,inositol monophosphatase family protein,20201215,-
65058,47427790,priA,CKV68_RS02670,SAMEA4504038_00534,-,1,-,bifunctional 1-(5-phosphoribosyl)-5-((5-phosphoribosylamino)methylideneamino)imidazole-4-carboxamide isomerase/phosphoribosylanthranilate isomerase PriA,protein-coding,-,-,-,bifunctional 1-(5-phosphoribosyl)-5-((5-phosphoribosylamino)methylideneamino)imidazole-4-carboxamide isomerase/phosphoribosylanthranilate isomerase PriA,20201215,-
65058,47427791,hisH,CKV68_RS02675,SAMEA4504038_00535,-,1,-,imidazole glycerol phosphate synthase subunit HisH,protein-coding,-,-,-,imidazole glycerol phosphate synthase subunit HisH,20201215,-
65058,47427792,CKV68_RS02680,CKV68_RS02680,SAMEA4504038_00536,-,1,-,MFS transporter,protein-coding,-,-,-,MFS transporter,20210424,-
65058,47427793,CKV68_RS02685,CKV68_RS02685,SAMEA4504038_00537,-,1,-,hypothetical protein,protein-coding,-,-,-,hypothetical protein,20201215,-
65058,47427794,hisB,CKV68_RS02690,SAMEA4504038_00538,-,1,-,imidazoleglycerol-phosphate dehydratase HisB,protein-coding,-,-,-,imidazoleglycerol-phosphate dehydratase HisB,20201215,-
65058,47427795,CKV68_RS02695,CKV68_RS02695,SAMEA4504038_00539,-,1,-,histidinol-phosphate transaminase,protein-coding,-,-,-,histidinol-phosphate transaminase,20210424,-
65058,47427796,hisD,CKV68_RS02700,SAMEA4504038_00540,-,1,-,histidinol dehydrogenase,protein-coding,-,-,-,histidinol dehydrogenase,20201215,-
65058,47427797,CKV68_RS02705,CKV68_RS02705,SAMEA4504038_00541,-,1,-,YbjN domain-containing protein,protein-coding,-,-,-,YbjN domain-containing protein,20210406,-
65058,47427798,CKV68_RS02710,CKV68_RS02710,SAMEA4504038_00542,-,1,-,hypothetical protein,protein-coding,-,-,-,hypothetical protein,20201215,-
65058,47427799,CKV68_RS02715,CKV68_RS02715,SAMEA4504038_00543,-,1,-,hypothetical protein,protein-coding,-,-,-,hypothetical protein,20201215,-
65058,47427800,CKV68_RS02720,CKV68_RS02720,SAMEA4504038_00544,-,1,-,TetR family transcriptional regulator,protein-coding,-,-,-,TetR family transcriptional regulator,20210406,-
65058,47427801,glgX,CKV68_RS02725,SAMEA4504038_00545,-,1,-,glycogen debranching protein GlgX,protein-coding,-,-,-,glycogen debranching protein GlgX,20201215,-
65058,47427802,CKV68_RS02730,CKV68_RS02730,SAMEA4504038_00546,-,1,-,DNA polymerase III subunit epsilon,protein-coding,-,-,-,DNA polymerase III subunit epsilon,20210424,-
65058,47427803,CKV68_RS02735,CKV68_RS02735,SAMEA4504038_00547,-,1,-,glycogen debranching protein,protein-coding,-,-,-,glycogen debranching protein,20201215,-
65058,47427804,CKV68_RS02740,CKV68_RS02740,SAMEA4504038_00548,-,1,-,GTP pyrophosphokinase,protein-coding,-,-,-,GTP pyrophosphokinase,20210424,-
65058,47427805,CKV68_RS02745,CKV68_RS02745,SAMEA4504038_00550,-,1,-,RNA-binding S4 domain-containing protein,protein-coding,-,-,-,RNA-binding S4 domain-containing protein,20201215,-
65058,47427806,CKV68_RS02750,CKV68_RS02750,SAMEA4504038_00551,-,1,-,hypothetical protein,protein-coding,-,-,-,hypothetical protein,20201215,-
65058,47427807,CKV68_RS02755,CKV68_RS02755,SAMEA4504038_00552,-,1,-,YigZ family protein,protein-coding,-,-,-,YigZ family protein,20201215,-
65058,47427808,ilvA,CKV68_RS02760,SAMEA4504038_00553,-,1,-,threonine ammonia-lyase IlvA,protein-coding,-,-,-,threonine ammonia-lyase IlvA,20201215,-
65058,47427809,dnaE,CKV68_RS02765,SAMEA4504038_00554,-,1,-,DNA polymerase III subunit alpha,protein-coding,-,-,-,DNA polymerase III subunit alpha,20201215,-
65058,47427810,rarD,CKV68_RS02770,SAMEA4504038_00555,-,1,-,EamA family transporter RarD,protein-coding,-,-,-,EamA family transporter RarD,20201215,-
65058,47427811,CKV68_RS02775,CKV68_RS02775,SAMEA4504038_00556,-,1,-,hypothetical protein,protein-coding,-,-,-,hypothetical protein,20201215,-
65058,47427812,CKV68_RS02780,CKV68_RS02780,SAMEA4504038_00557,-,1,-,RluA family pseudouridine synthase,protein-coding,-,-,-,RluA family pseudouridine synthase,20201215,-
65058,47427813,lspA,CKV68_RS02785,SAMEA4504038_00558,-,1,-,signal peptidase II,protein-coding,-,-,-,signal peptidase II,20210406,-
65058,47427814,CKV68_RS02790,CKV68_RS02790,SAMEA4504038_00559,-,1,-,hypothetical protein,protein-coding,-,-,-,hypothetical protein,20201215,-
65058,47427815,CKV68_RS02795,CKV68_RS02795,SAMEA4504038_00560,-,1,-,hypothetical protein,protein-coding,-,-,-,hypothetical protein,20201215,-
65058,47427816,CKV68_RS02800,CKV68_RS02800,SAMEA4504038_00561,-,1,-,asparaginase,protein-coding,-,-,-,asparaginase,20201215,-
65058,47427817,CKV68_RS02805,CKV68_RS02805,SAMEA4504038_00562,-,1,-,DNA polymerase IV,protein-coding,-,-,-,DNA polymerase IV,20201215,-
65058,47427818,CKV68_RS02810,CKV68_RS02810,SAMEA4504038_00563,-,1,-,isoleucine--tRNA ligase,protein-coding,-,-,-,isoleucine--tRNA ligase,20201215,-
65058,47427819,CKV68_RS02815,CKV68_RS02815,SAMEA4504038_00565,-,1,-,hypothetical protein,protein-coding,-,-,-,hypothetical protein,20201215,-
65058,47427820,CKV68_RS02820,CKV68_RS02820,SAMEA4504038_00566,-,1,-,DivIVA domain-containing protein,protein-coding,-,-,-,DivIVA domain-containing protein,20201215,-
65058,47427821,CKV68_RS02825,CKV68_RS02825,SAMEA4504038_00567,-,1,-,YggT family protein,protein-coding,-,-,-,YggT family protein,20210424,-
65058,47427822,sepF,CKV68_RS02830,SAMEA4504038_00568,-,1,-,cell division protein SepF,protein-coding,-,-,-,cell division protein SepF,20210123,-
65058,47427823,pgeF,CKV68_RS02835,SAMEA4504038_00569,-,1,-,peptidoglycan editing factor PgeF,protein-coding,-,-,-,peptidoglycan editing factor PgeF,20210424,-
65058,47427824,ftsZ,CKV68_RS02840,SAMEA4504038_00570,-,1,-,cell division protein FtsZ,protein-coding,-,-,-,cell division protein FtsZ,20201215,-
65058,47427825,CKV68_RS02845,CKV68_RS02845,SAMEA4504038_00571,-,1,-,FtsQ-type POTRA domain-containing protein,protein-coding,-,-,-,FtsQ-type POTRA domain-containing protein,20210424,-
65058,47427826,CKV68_RS02850,CKV68_RS02850,SAMEA4504038_00572,-,1,-,UDP-N-acetylmuramate--L-alanine ligase,protein-coding,-,-,-,UDP-N-acetylmuramate--L-alanine ligase,20201215,-
65058,47427827,murG,CKV68_RS02855,SAMEA4504038_00573,-,1,-,undecaprenyldiphospho-muramoylpentapeptide beta-N-acetylglucosaminyltransferase,protein-coding,-,-,-,undecaprenyldiphospho-muramoylpentapeptide beta-N-acetylglucosaminyltransferase,20201215,-
65058,47427828,CKV68_RS02860,CKV68_RS02860,SAMEA4504038_00574,-,1,-,cell division protein FtsW,protein-coding,-,-,-,cell division protein FtsW,20201215,-
65058,47427829,CKV68_RS02865,CKV68_RS02865,SAMEA4504038_00575,-,1,-,UDP-N-acetylmuramoyl-L-alanine--D-glutamate ligase,protein-coding,-,-,-,UDP-N-acetylmuramoyl-L-alanine--D-glutamate ligase,20210424,-
65058,47427830,CKV68_RS02870,CKV68_RS02870,SAMEA4504038_00576,-,1,-,phospho-N-acetylmuramoyl-pentapeptide-transferase,protein-coding,-,-,-,phospho-N-acetylmuramoyl-pentapeptide-transferase,20201215,-
65058,47427831,CKV68_RS02875,CKV68_RS02875,SAMEA4504038_00577,-,1,-,UDP-N-acetylmuramoyl-tripeptide--D-alanyl-D-alanine ligase,protein-coding,-,-,-,UDP-N-acetylmuramoyl-tripeptide--D-alanyl-D-alanine ligase,20201215,-
65058,47427832,CKV68_RS02880,CKV68_RS02880,SAMEA4504038_00578,-,1,-,"UDP-N-acetylmuramoyl-L-alanyl-D-glutamate--2,6-diaminopimelate ligase",protein-coding,-,-,-,"UDP-N-acetylmuramoyl-L-alanyl-D-glutamate--2,6-diaminopimelate ligase",20201215,-
65058,47427833,CKV68_RS02885,CKV68_RS02885,SAMEA4504038_00579,-,1,-,penicillin-binding protein 2,protein-coding,-,-,-,penicillin-binding protein 2,20201215,-
65058,47427834,CKV68_RS02890,CKV68_RS02890,SAMEA4504038_00580,-,1,-,hypothetical protein,protein-coding,-,-,-,hypothetical protein,20201215,-
65058,47427835,rsmH,CKV68_RS02895,SAMEA4504038_00581,-,1,-,16S rRNA (cytosine(1402)-N(4))-methyltransferase RsmH,protein-coding,-,-,-,16S rRNA (cytosine(1402)-N(4))-methyltransferase RsmH,20210424,-
65058,47427836,mraZ,CKV68_RS02900,SAMEA4504038_00583,-,1,-,division/cell wall cluster transcriptional repressor MraZ,protein-coding,-,-,-,division/cell wall cluster transcriptional repressor MraZ,20201215,-
65058,47427837,CKV68_RS02905,CKV68_RS02905,SAMEA4504038_00584,-,1,-,DUF3040 domain-containing protein,protein-coding,-,-,-,DUF3040 domain-containing protein,20210406,-
65058,47427838,CKV68_RS02910,CKV68_RS02910,SAMEA4504038_00585,-,1,-,hypothetical protein,protein-coding,-,-,-,hypothetical protein,20210424,-
65058,47427839,CKV68_RS02915,CKV68_RS02915,SAMEA4504038_00586,-,1,-,GNAT family N-acetyltransferase,protein-coding,-,-,-,GNAT family N-acetyltransferase,20201215,-
65058,47427840,CKV68_RS02920,CKV68_RS02920,SAMEA4504038_00587,-,1,-,methylenetetrahydrofolate reductase,protein-coding,-,-,-,methylenetetrahydrofolate reductase,20210406,-
65058,47427841,CKV68_RS02925,CKV68_RS02925,SAMEA4504038_00588,-,1,-,polyprenyl synthetase family protein,protein-coding,-,-,-,polyprenyl synthetase family protein,20201215,-
65058,47427842,CKV68_RS02930,CKV68_RS02930,SAMEA4504038_00589,-,1,-,alpha-(1->6)-mannopyranosyltransferase A,protein-coding,-,-,-,alpha-(1->6)-mannopyranosyltransferase A,20210123,-
65058,47427843,CKV68_RS02935,CKV68_RS02935,SAMEA4504038_00590,-,1,-,hypothetical protein,protein-coding,-,-,-,hypothetical protein,20210129,-
65058,47427844,pknB,CKV68_RS02940,SAMEA4504038_00591,-,1,-,Stk1 family PASTA domain-containing Ser/Thr kinase,protein-coding,-,-,-,Stk1 family PASTA domain-containing Ser/Thr kinase,20210403,-
65058,47427845,CKV68_RS02945,CKV68_RS02945,SAMEA4504038_00592,-,1,-,3-deoxy-7-phosphoheptulonate synthase class II,protein-coding,-,-,-,3-deoxy-7-phosphoheptulonate synthase class II,20210424,-
65058,47427846,CKV68_RS02950,CKV68_RS02950,SAMEA4504038_00593,-,1,-,polyadenylate-specific 3'-exoribonuclease AS,protein-coding,-,-,-,polyadenylate-specific 3'-exoribonuclease AS,20210406,-
65058,47427847,CKV68_RS02955,CKV68_RS02955,SAMEA4504038_00594,-,1,-,acyltransferase family protein,protein-coding,-,-,-,acyltransferase family protein,20210424,-
65058,47427848,CKV68_RS02960,CKV68_RS02960,SAMEA4504038_00595,-,1,-,1-acyl-sn-glycerol-3-phosphate acyltransferase,protein-coding,-,-,-,1-acyl-sn-glycerol-3-phosphate acyltransferase,20201215,-
65058,47427849,CKV68_RS02965,CKV68_RS02965,SAMEA4504038_00596,-,1,-,ROK family protein,protein-coding,-,-,-,ROK family protein,20210123,-
65058,47427850,CKV68_RS02970,CKV68_RS02970,SAMEA4504038_00597,-,1,-,glycosyltransferase family 4 protein,protein-coding,-,-,-,glycosyltransferase family 4 protein,20210424,-
65058,47427851,CKV68_RS02975,CKV68_RS02975,SAMEA4504038_00598,-,1,-,C40 family peptidase,protein-coding,-,-,-,C40 family peptidase,20210424,-
65058,47427852,CKV68_RS02980,CKV68_RS02980,SAMEA4504038_00599,-,1,-,C40 family peptidase,protein-coding,-,-,-,C40 family peptidase,20210123,-
65058,47427853,CKV68_RS02990,CKV68_RS02990,SAMEA4504038_00600,-,1,-,cytochrome bc complex cytochrome b subunit,protein-coding,-,-,-,cytochrome bc complex cytochrome b subunit,20201215,-
65058,47427854,CKV68_RS02995,CKV68_RS02995,SAMEA4504038_00601,-,1,-,ubiquinol-cytochrome c reductase iron-sulfur subunit,protein-coding,-,-,-,ubiquinol-cytochrome c reductase iron-sulfur subunit,20201215,-
65058,47427855,CKV68_RS03000,CKV68_RS03000,SAMEA4504038_00602,-,1,-,c-type cytochrome,protein-coding,-,-,-,c-type cytochrome,20210123,-
65058,47427856,CKV68_RS03005,CKV68_RS03005,SAMEA4504038_00603,-,1,-,heme-copper oxidase subunit III,protein-coding,-,-,-,heme-copper oxidase subunit III,20210320,-
65058,47427857,CKV68_RS03010,CKV68_RS03010,SAMEA4504038_00605,-,1,-,cytochrome c oxidase subunit 4,protein-coding,-,-,-,cytochrome c oxidase subunit 4,20210123,-
65058,47427858,CKV68_RS03015,CKV68_RS03015,SAMEA4504038_00606,-,1,-,cytochrome c oxidase subunit II,protein-coding,-,-,-,cytochrome c oxidase subunit II,20201215,-
65058,47427859,asnB,CKV68_RS03020,SAMEA4504038_00607,-,1,-,asparagine synthase (glutamine-hydrolyzing),protein-coding,-,-,-,asparagine synthase (glutamine-hydrolyzing),20201215,-
65058,47427860,CKV68_RS03025,CKV68_RS03025,SAMEA4504038_00608,-,1,-,iron-sulfur cluster assembly accessory protein,protein-coding,-,-,-,iron-sulfur cluster assembly accessory protein,20201215,-
65058,47427861,CKV68_RS03030,CKV68_RS03030,SAMEA4504038_00609,-,1,-,DUF3043 domain-containing protein,protein-coding,-,-,-,DUF3043 domain-containing protein,20210424,-
65058,47427862,CKV68_RS03035,CKV68_RS03035,SAMEA4504038_00610,-,1,-,bifunctional adenosylcobinamide kinase/adenosylcobinamide-phosphate guanylyltransferase,protein-coding,-,-,-,bifunctional adenosylcobinamide kinase/adenosylcobinamide-phosphate guanylyltransferase,20210123,-
65058,47427863,cobT,CKV68_RS03040,SAMEA4504038_00611,-,1,-,nicotinate-nucleotide--dimethylbenzimidazole phosphoribosyltransferase,protein-coding,-,-,-,nicotinate-nucleotide--dimethylbenzimidazole phosphoribosyltransferase,20201215,-
65058,47427864,CKV68_RS03045,CKV68_RS03045,SAMEA4504038_00612,-,1,-,adenosylcobinamide-GDP ribazoletransferase,protein-coding,-,-,-,adenosylcobinamide-GDP ribazoletransferase,20201215,-
65058,47427865,CKV68_RS03050,CKV68_RS03050,SAMEA4504038_00613,-,1,-,branched-chain amino acid aminotransferase,protein-coding,-,-,-,branched-chain amino acid aminotransferase,20201215,-
65058,47427866,CKV68_RS03055,CKV68_RS03055,SAMEA4504038_00614,-,1,-,leucyl aminopeptidase,protein-coding,-,-,-,leucyl aminopeptidase,20201215,-
65058,47427867,CKV68_RS03060,CKV68_RS03060,SAMEA4504038_00615,-,1,-,oxidoreductase,protein-coding,-,-,-,oxidoreductase,20201215,-
65058,47427868,sucB,CKV68_RS03065,SAMEA4504038_00616,-,1,-,"2-oxoglutarate dehydrogenase, E2 component, dihydrolipoamide succinyltransferase",protein-coding,-,-,-,"2-oxoglutarate dehydrogenase, E2 component, dihydrolipoamide succinyltransferase",20201215,-
65058,47427869,gcvP,CKV68_RS03075,SAMEA4504038_00618,-,1,-,aminomethyl-transferring glycine dehydrogenase,protein-coding,-,-,-,aminomethyl-transferring glycine dehydrogenase,20210424,-
65058,47427870,gcvT,CKV68_RS03080,SAMEA4504038_00619,-,1,-,glycine cleavage system aminomethyltransferase GcvT,protein-coding,-,-,-,glycine cleavage system aminomethyltransferase GcvT,20210406,-
65058,47427871,gcvH,CKV68_RS03085,SAMEA4504038_00620,-,1,-,glycine cleavage system protein GcvH,protein-coding,-,-,-,glycine cleavage system protein GcvH,20210424,-
65058,47427872,CKV68_RS03090,CKV68_RS03090,SAMEA4504038_00621,-,1,-,VOC family protein,protein-coding,-,-,-,VOC family protein,20210424,-
65058,47427873,lipB,CKV68_RS03095,SAMEA4504038_00622,-,1,-,lipoyl(octanoyl) transferase LipB,protein-coding,-,-,-,lipoyl(octanoyl) transferase LipB,20210424,-
65058,47427874,lipA,CKV68_RS03100,SAMEA4504038_00623,-,1,-,lipoyl synthase,protein-coding,-,-,-,lipoyl synthase,20201215,-
65058,47427875,CKV68_RS03105,CKV68_RS03105,SAMEA4504038_00624,-,1,-,ABC transporter ATP-binding protein,protein-coding,-,-,-,ABC transporter ATP-binding protein,20201215,-
65058,47427876,CKV68_RS03110,CKV68_RS03110,SAMEA4504038_00625,-,1,-,iron ABC transporter permease,protein-coding,-,-,-,iron ABC transporter permease,20210424,-
65058,47427877,CKV68_RS03115,CKV68_RS03115,SAMEA4504038_00626,-,1,-,iron ABC transporter permease,protein-coding,-,-,-,iron ABC transporter permease,20210424,-
65058,47427878,CKV68_RS03120,CKV68_RS03120,SAMEA4504038_00627,-,1,-,ABC transporter substrate-binding protein,protein-coding,-,-,-,ABC transporter substrate-binding protein,20210424,-
65058,47427879,CKV68_RS03125,CKV68_RS03125,SAMEA4504038_00628,-,1,-,siderophore-interacting protein,protein-coding,-,-,-,siderophore-interacting protein,20201215,-
65058,47427880,CKV68_RS03130,CKV68_RS03130,SAMEA4504038_00629,-,1,-,DUF4191 domain-containing protein,protein-coding,-,-,-,DUF4191 domain-containing protein,20210406,-
65058,47427881,CKV68_RS03135,CKV68_RS03135,SAMEA4504038_00630,-,1,-,RDD family protein,protein-coding,-,-,-,RDD family protein,20210123,-
65058,47427882,glnA,CKV68_RS03140,SAMEA4504038_00631,-,1,-,type I glutamate--ammonia ligase,protein-coding,-,-,-,type I glutamate--ammonia ligase,20201215,-
65058,47427883,CKV68_RS03145,CKV68_RS03145,SAMEA4504038_00632,-,1,-,hypothetical protein,protein-coding,-,-,-,hypothetical protein,20201215,-
65058,47427884,CKV68_RS03150,CKV68_RS03150,SAMEA4504038_00633,-,1,-,hypothetical protein,protein-coding,-,-,-,hypothetical protein,20201215,-
65058,47427885,CKV68_RS03155,CKV68_RS03155,-,-,1,-,hypothetical protein,protein-coding,-,-,-,hypothetical protein,20201215,-
65058,47427886,CKV68_RS03160,CKV68_RS03160,SAMEA4504038_00634,-,1,-,hypothetical protein,protein-coding,-,-,-,hypothetical protein,20201215,-
65058,47427887,CKV68_RS03165,CKV68_RS03165,SAMEA4504038_00636,-,1,-,hypothetical protein,protein-coding,-,-,-,hypothetical protein,20201215,-
65058,47427888,CKV68_RS03170,CKV68_RS03170,SAMEA4504038_00637,-,1,-,PTS sugar transporter subunit IIC,protein-coding,-,-,-,PTS sugar transporter subunit IIC,20210424,-
65058,47427889,CKV68_RS03175,CKV68_RS03175,SAMEA4504038_00638,-,1,-,GuaB1 family IMP dehydrogenase-related protein,protein-coding,-,-,-,GuaB1 family IMP dehydrogenase-related protein,20201215,-
65058,47427890,CKV68_RS03180,CKV68_RS03180,SAMEA4504038_00639,-,1,-,CsbD family protein,protein-coding,-,-,-,CsbD family protein,20201215,-
65058,47427891,CKV68_RS03185,CKV68_RS03185,SAMEA4504038_00641,-,1,-,TRAP transporter large permease subunit,protein-coding,-,-,-,TRAP transporter large permease subunit,20201215,-
65058,47427892,CKV68_RS03190,CKV68_RS03190,SAMEA4504038_00642,-,1,-,NUDIX domain-containing protein,protein-coding,-,-,-,NUDIX domain-containing protein,20201215,-
65058,47427893,CKV68_RS03195,CKV68_RS03195,SAMEA4504038_00644,-,1,-,threonine synthase,protein-coding,-,-,-,threonine synthase,20201215,-
65058,47427894,CKV68_RS03200,CKV68_RS03200,SAMEA4504038_00645,-,1,-,hypothetical protein,protein-coding,-,-,-,hypothetical protein,20210417,-
65058,47427895,CKV68_RS03205,CKV68_RS03205,SAMEA4504038_00646,-,1,-,MFS transporter,protein-coding,-,-,-,MFS transporter,20210424,-
65058,47427896,CKV68_RS03210,CKV68_RS03210,SAMEA4504038_00647,-,1,-,hypothetical protein,protein-coding,-,-,-,hypothetical protein,20201215,-
65058,47427897,CKV68_RS03215,CKV68_RS03215,SAMEA4504038_00648,-,1,-,biliverdin-producing heme oxygenase,protein-coding,-,-,-,biliverdin-producing heme oxygenase,20210424,-
65058,47427898,CKV68_RS03220,CKV68_RS03220,SAMEA4504038_00649,-,1,-,bifunctional [glutamine synthetase] adenylyltransferase/[glutamine synthetase]-adenylyl-L-tyrosine phosphorylase,protein-coding,-,-,-,bifunctional [glutamine synthetase] adenylyltransferase/[glutamine synthetase]-adenylyl-L-tyrosine phosphorylase,20210424,-
65058,47427899,CKV68_RS03225,CKV68_RS03225,SAMEA4504038_00650,-,1,-,glutamine synthetase,protein-coding,-,-,-,glutamine synthetase,20201215,-
65058,47427900,CKV68_RS03230,CKV68_RS03230,SAMEA4504038_00651,-,1,-,hypothetical protein,protein-coding,-,-,-,hypothetical protein,20201215,-
65058,47427901,CKV68_RS03235,CKV68_RS03235,SAMEA4504038_00652,-,1,-,CYTH and CHAD domain-containing protein,protein-coding,-,-,-,CYTH and CHAD domain-containing protein,20201215,-
65058,47427902,CKV68_RS03240,CKV68_RS03240,SAMEA4504038_00654,-,1,-,hypothetical protein,protein-coding,-,-,-,hypothetical protein,20201215,-
65058,47427903,CKV68_RS03245,CKV68_RS03245,SAMEA4504038_00655,-,1,-,hypothetical protein,protein-coding,-,-,-,hypothetical protein,20210406,-
65058,47427904,CKV68_RS03250,CKV68_RS03250,SAMEA4504038_00656,-,1,-,RNB domain-containing ribonuclease,protein-coding,-,-,-,RNB domain-containing ribonuclease,20210123,-
65058,47427905,rnpB,CKV68_RS03255,-,-,1,-,ncRNA,ncRNA,-,-,-,-,20201215,-
65058,47427906,CKV68_RS03260,CKV68_RS03260,SAMEA4504038_00658,-,1,-,bifunctional RNase H/acid phosphatase,protein-coding,-,-,-,bifunctional RNase H/acid phosphatase,20201215,-
65058,47427907,CKV68_RS03265,CKV68_RS03265,SAMEA4504038_00659,-,1,-,hypothetical protein,protein-coding,-,-,-,hypothetical protein,20201215,-
65058,47427908,CKV68_RS03270,CKV68_RS03270,SAMEA4504038_00660,-,1,-,Nif3-like dinuclear metal center hexameric protein,protein-coding,-,-,-,Nif3-like dinuclear metal center hexameric protein,20210424,-
65058,47427909,CKV68_RS03275,CKV68_RS03275,SAMEA4504038_00661,-,1,-,threonine-phosphate decarboxylase,protein-coding,-,-,-,threonine-phosphate decarboxylase,20210424,-
65058,47427910,CKV68_RS03280,CKV68_RS03280,SAMEA4504038_00662,-,1,-,HAD-IA family hydrolase,protein-coding,-,-,-,HAD-IA family hydrolase,20210424,-
65058,47427911,CKV68_RS03285,CKV68_RS03285,SAMEA4504038_00663,-,1,-,low molecular weight phosphotyrosine protein phosphatase,protein-coding,-,-,-,low molecular weight phosphotyrosine protein phosphatase,20210424,-
65058,47427912,CKV68_RS03290,CKV68_RS03290,SAMEA4504038_00664,-,1,-,SURF1 family protein,protein-coding,-,-,-,SURF1 family protein,20201215,-
65058,47427913,cobD,CKV68_RS03295,SAMEA4504038_00665,-,1,-,cobalamin biosynthesis protein CobD,protein-coding,-,-,-,cobalamin biosynthesis protein CobD,20210424,-
65058,47427914,CKV68_RS03300,CKV68_RS03300,SAMEA4504038_00666,-,1,-,tRNA,tRNA,-,-,-,-,20201215,-
65058,47427915,CKV68_RS03305,CKV68_RS03305,SAMEA4504038_00667,-,1,-,DUF3052 domain-containing protein,protein-coding,-,-,-,DUF3052 domain-containing protein,20210123,-
65058,47427916,aceE,CKV68_RS03310,SAMEA4504038_00668,-,1,-,"pyruvate dehydrogenase (acetyl-transferring), homodimeric type",protein-coding,-,-,-,"pyruvate dehydrogenase (acetyl-transferring), homodimeric type",20201215,-
65058,47427917,CKV68_RS03315,CKV68_RS03315,SAMEA4504038_00669,-,1,-,alpha/beta hydrolase,protein-coding,-,-,-,alpha/beta hydrolase,20201215,-
65058,47427918,CKV68_RS03320,CKV68_RS03320,SAMEA4504038_00670,-,1,-,acyl carrier protein,protein-coding,-,-,-,acyl carrier protein,20210406,-
65058,47427919,CKV68_RS03325,CKV68_RS03325,SAMEA4504038_00671,-,1,-,HAD family hydrolase,protein-coding,-,-,-,HAD family hydrolase,20201215,-
65058,47427920,CKV68_RS03330,CKV68_RS03330,SAMEA4504038_00672,-,1,-,hypothetical protein,protein-coding,-,-,-,hypothetical protein,20201215,-
65058,47427921,CKV68_RS03335,CKV68_RS03335,SAMEA4504038_00673,-,1,-,serine hydrolase,protein-coding,-,-,-,serine hydrolase,20210424,-
65058,47427922,CKV68_RS03340,CKV68_RS03340,SAMEA4504038_00674,-,1,-,TRIC cation channel family protein,protein-coding,-,-,-,TRIC cation channel family protein,20210424,-
65058,47427923,CKV68_RS03345,CKV68_RS03345,SAMEA4504038_00675,-,1,-,tRNA,tRNA,-,-,-,-,20201215,-
65058,47427924,CKV68_RS03350,CKV68_RS03350,SAMEA4504038_00676,-,1,-,tRNA,tRNA,-,-,-,-,20201215,-
65058,47427925,CKV68_RS03355,CKV68_RS03355,SAMEA4504038_00677,-,1,-,hypothetical protein,protein-coding,-,-,-,hypothetical protein,20201215,-
65058,47427926,CKV68_RS03360,CKV68_RS03360,SAMEA4504038_00678,-,1,-,hypothetical protein,protein-coding,-,-,-,hypothetical protein,20201215,-
65058,47427927,CKV68_RS03365,CKV68_RS03365,SAMEA4504038_00679,-,1,-,DNA primase,protein-coding,-,-,-,DNA primase,20210403,-
65058,47427928,glmS,CKV68_RS03370,SAMEA4504038_00680,-,1,-,glutamine--fructose-6-phosphate transaminase (isomerizing),protein-coding,-,-,-,glutamine--fructose-6-phosphate transaminase (isomerizing),20210424,-
65058,47427929,CKV68_RS03375,CKV68_RS03375,SAMEA4504038_00681,-,1,-,ribonuclease,protein-coding,-,-,-,ribonuclease,20210406,-
65058,47427930,CKV68_RS03380,CKV68_RS03380,SAMEA4504038_00682,-,1,-,hypothetical protein,protein-coding,-,-,-,hypothetical protein,20201215,-
65058,47427931,CKV68_RS03385,CKV68_RS03385,SAMEA4504038_00683,-,1,-,deoxyguanosinetriphosphate triphosphohydrolase,protein-coding,-,-,-,deoxyguanosinetriphosphate triphosphohydrolase,20201215,-
65058,47427932,CKV68_RS03390,CKV68_RS03390,SAMEA4504038_00684,-,1,-,YdcF family protein,protein-coding,-,-,-,YdcF family protein,20210424,-
65058,47427933,CKV68_RS03395,CKV68_RS03395,SAMEA4504038_00685,-,1,-,TPM domain-containing protein,protein-coding,-,-,-,TPM domain-containing protein,20210424,-
65058,47427934,CKV68_RS03400,CKV68_RS03400,SAMEA4504038_00686,-,1,-,hypothetical protein,protein-coding,-,-,-,hypothetical protein,20201215,-
65058,47427935,CKV68_RS03405,CKV68_RS03405,SAMEA4504038_00687,-,1,-,hypothetical protein,protein-coding,-,-,-,hypothetical protein,20201215,-
65058,47427936,CKV68_RS03410,CKV68_RS03410,SAMEA4504038_00688,-,1,-,glycine--tRNA ligase,protein-coding,-,-,-,glycine--tRNA ligase,20201215,-
65058,47427938,CKV68_RS03420,CKV68_RS03420,SAMEA4504038_00689,-,1,-,winged helix-turn-helix transcriptional regulator,protein-coding,-,-,-,winged helix-turn-helix transcriptional regulator,20210406,-
65058,47427939,CKV68_RS03425,CKV68_RS03425,SAMEA4504038_00690,-,1,-,transcriptional repressor,protein-coding,-,-,-,transcriptional repressor,20201215,-
65058,47427940,CKV68_RS03430,CKV68_RS03430,SAMEA4504038_00691,-,1,-,VIT1/CCC1 transporter family protein,protein-coding,-,-,-,VIT1/CCC1 transporter family protein,20201215,-
65058,47427941,CKV68_RS03435,CKV68_RS03435,SAMEA4504038_00692,-,1,-,isoprenyl transferase,protein-coding,-,-,-,isoprenyl transferase,20201215,-
65058,47427942,recO,CKV68_RS03440,SAMEA4504038_00693,-,1,-,DNA repair protein RecO,protein-coding,-,-,-,DNA repair protein RecO,20201215,-
65058,47427943,era,CKV68_RS03445,SAMEA4504038_00694,-,1,-,GTPase Era,protein-coding,-,-,-,GTPase Era,20201215,-
65058,47427944,pdxY,CKV68_RS03450,SAMEA4504038_00695,-,1,-,pyridoxal kinase PdxY,protein-coding,-,-,-,pyridoxal kinase PdxY,20210123,-
65058,47427945,CKV68_RS03455,CKV68_RS03455,SAMEA4504038_00696,-,1,-,HlyC/CorC family transporter,protein-coding,-,-,-,HlyC/CorC family transporter,20201215,-
65058,47427946,ybeY,CKV68_RS03460,SAMEA4504038_00697,-,1,-,rRNA maturation RNase YbeY,protein-coding,-,-,-,rRNA maturation RNase YbeY,20201215,-
65058,47427947,CKV68_RS03465,CKV68_RS03465,SAMEA4504038_00698,-,1,-,PhoH family protein,protein-coding,-,-,-,PhoH family protein,20210406,-
65058,47427948,CKV68_RS03470,CKV68_RS03470,SAMEA4504038_00699,-,1,-,16S rRNA (uracil(1498)-N(3))-methyltransferase,protein-coding,-,-,-,16S rRNA (uracil(1498)-N(3))-methyltransferase,20210424,-
65058,47427949,dnaJ,CKV68_RS03475,SAMEA4504038_00700,-,1,-,molecular chaperone DnaJ,protein-coding,-,-,-,molecular chaperone DnaJ,20201215,-
65058,47427950,hrcA,CKV68_RS03480,SAMEA4504038_00701,-,1,-,heat-inducible transcriptional repressor HrcA,protein-coding,-,-,-,heat-inducible transcriptional repressor HrcA,20201215,-
65058,47427951,CKV68_RS03485,CKV68_RS03485,SAMEA4504038_00702,-,1,-,coproporphyrinogen III oxidase,protein-coding,-,-,-,coproporphyrinogen III oxidase,20201215,-
65058,47427952,CKV68_RS03490,CKV68_RS03490,SAMEA4504038_00703,-,1,-,hypothetical protein,protein-coding,-,-,-,hypothetical protein,20201215,-
65058,47427953,CKV68_RS03495,CKV68_RS03495,SAMEA4504038_00704,-,1,-,long-chain fatty acid--CoA ligase,protein-coding,-,-,-,long-chain fatty acid--CoA ligase,20201215,-
65058,47427954,malQ,CKV68_RS03500,SAMEA4504038_00705,-,1,-,4-alpha-glucanotransferase,protein-coding,-,-,-,4-alpha-glucanotransferase,20201215,-
65058,47427955,CKV68_RS03505,CKV68_RS03505,-,-,1,-,hypothetical protein,protein-coding,-,-,-,hypothetical protein,20201215,-
65058,47427956,CKV68_RS03510,CKV68_RS03510,SAMEA4504038_00706,-,1,-,hypothetical protein,protein-coding,-,-,-,hypothetical protein,20201215,-
65058,47427957,CKV68_RS03515,CKV68_RS03515,SAMEA4504038_00707,-,1,-,M3 family metallopeptidase,protein-coding,-,-,-,M3 family metallopeptidase,20210424,-
65058,47427958,CKV68_RS03520,CKV68_RS03520,SAMEA4504038_00708,-,1,-,carboxylesterase family protein,protein-coding,-,-,-,carboxylesterase family protein,20210424,-
65058,47427959,idi,CKV68_RS03525,SAMEA4504038_00709,-,1,-,isopentenyl-diphosphate Delta-isomerase,protein-coding,-,-,-,isopentenyl-diphosphate Delta-isomerase,20210123,-
65058,47427960,CKV68_RS03530,CKV68_RS03530,SAMEA4504038_00710,-,1,-,hypothetical protein,protein-coding,-,-,-,hypothetical protein,20201215,-
65058,47427961,CKV68_RS03535,CKV68_RS03535,SAMEA4504038_00711,-,1,-,DUF3558 family protein,protein-coding,-,-,-,DUF3558 family protein,20210424,-
65058,47427962,CKV68_RS03540,CKV68_RS03540,SAMEA4504038_00712,-,1,-,hypothetical protein,protein-coding,-,-,-,hypothetical protein,20201215,-
65058,47427963,CKV68_RS03545,CKV68_RS03545,SAMEA4504038_00713,-,1,-,ABC transporter ATP-binding protein,protein-coding,-,-,-,ABC transporter ATP-binding protein,20201215,-
65058,47427964,brnQ,CKV68_RS03550,SAMEA4504038_00715,-,1,-,branched-chain amino acid transport system II carrier protein,protein-coding,-,-,-,branched-chain amino acid transport system II carrier protein,20201215,-
65058,47427965,CKV68_RS03555,CKV68_RS03555,SAMEA4504038_00716,-,1,-,LLM class flavin-dependent oxidoreductase,protein-coding,-,-,-,LLM class flavin-dependent oxidoreductase,20201215,-
65058,47427966,CKV68_RS03560,CKV68_RS03560,SAMEA4504038_00717,-,1,-,HNH endonuclease,protein-coding,-,-,-,HNH endonuclease,20210424,-
65058,47427967,CKV68_RS03565,CKV68_RS03565,SAMEA4504038_00718,-,1,-,BCCT family transporter,protein-coding,-,-,-,BCCT family transporter,20210424,-
65058,47427969,CKV68_RS03575,CKV68_RS03575,SAMEA4504038_00720,-,1,-,AEC family transporter,protein-coding,-,-,-,AEC family transporter,20201215,-
65058,47427970,CKV68_RS03580,CKV68_RS03580,SAMEA4504038_00721,-,1,-,ABC transporter substrate-binding protein,protein-coding,-,-,-,ABC transporter substrate-binding protein,20201215,-
65058,47427971,CKV68_RS03585,CKV68_RS03585,SAMEA4504038_00722,-,1,-,ABC transporter permease,protein-coding,-,-,-,ABC transporter permease,20201215,-
65058,47427972,CKV68_RS03590,CKV68_RS03590,SAMEA4504038_00723,-,1,-,ABC transporter permease,protein-coding,-,-,-,ABC transporter permease,20201215,-
65058,47427973,CKV68_RS03595,CKV68_RS03595,SAMEA4504038_00724,-,1,-,ABC transporter ATP-binding protein,protein-coding,-,-,-,ABC transporter ATP-binding protein,20201215,-
65058,47427974,CKV68_RS03600,CKV68_RS03600,SAMEA4504038_00726,-,1,-,alpha/beta fold hydrolase,protein-coding,-,-,-,alpha/beta fold hydrolase,20210424,-
65058,47427975,CKV68_RS03605,CKV68_RS03605,SAMEA4504038_00727,-,1,-,YggS family pyridoxal phosphate-dependent enzyme,protein-coding,-,-,-,YggS family pyridoxal phosphate-dependent enzyme,20201215,-
65058,47427976,CKV68_RS03610,CKV68_RS03610,SAMEA4504038_00728,-,1,-,YeeE/YedE family protein,protein-coding,-,-,-,YeeE/YedE family protein,20210424,-
65058,47427977,CKV68_RS03620,CKV68_RS03620,SAMEA4504038_00730,-,1,-,ABC transporter permease subunit,protein-coding,-,-,-,ABC transporter permease subunit,20201215,-
65058,47427978,CKV68_RS03625,CKV68_RS03625,SAMEA4504038_00731,-,1,-,ABC transporter substrate-binding protein,protein-coding,-,-,-,ABC transporter substrate-binding protein,20201215,-
65058,47427979,CKV68_RS03630,CKV68_RS03630,SAMEA4504038_00732,-,1,-,MFS transporter,protein-coding,-,-,-,MFS transporter,20210123,-
65058,47427980,CKV68_RS03635,CKV68_RS03635,SAMEA4504038_00733,-,1,-,ATP-binding cassette domain-containing protein,protein-coding,-,-,-,ATP-binding cassette domain-containing protein,20210424,-
65058,47427981,CKV68_RS03640,CKV68_RS03640,SAMEA4504038_00734,-,1,-,ABC transporter ATP-binding protein,protein-coding,-,-,-,ABC transporter ATP-binding protein,20201215,-
65058,47427982,CKV68_RS03645,CKV68_RS03645,SAMEA4504038_00735,-,1,-,hypothetical protein,protein-coding,-,-,-,hypothetical protein,20201215,-
65058,47427983,lepA,CKV68_RS03650,SAMEA4504038_00736,-,1,-,elongation factor 4,protein-coding,-,-,-,elongation factor 4,20201215,-
65058,47427984,CKV68_RS03655,CKV68_RS03655,SAMEA4504038_00737,-,1,-,type II toxin-antitoxin system PemK/MazF family toxin,protein-coding,-,-,-,type II toxin-antitoxin system PemK/MazF family toxin,20210123,-
65058,47427985,rpsT,CKV68_RS03660,SAMEA4504038_00738,-,1,-,30S ribosomal protein S20,protein-coding,-,-,-,30S ribosomal protein S20,20201215,-
65058,47427986,CKV68_RS03665,CKV68_RS03665,SAMEA4504038_00739,-,1,-,LysE family translocator,protein-coding,-,-,-,LysE family translocator,20201215,-
65058,47427987,CKV68_RS03670,CKV68_RS03670,SAMEA4504038_00740,-,1,-,ankyrin repeat domain-containing protein,protein-coding,-,-,-,ankyrin repeat domain-containing protein,20210123,-
65058,47427988,holA,CKV68_RS03675,SAMEA4504038_00741,-,1,-,DNA polymerase III subunit delta,protein-coding,-,-,-,DNA polymerase III subunit delta,20201215,-
65058,47427989,CKV68_RS03680,CKV68_RS03680,SAMEA4504038_00742,-,1,-,ComEC/Rec2 family competence protein,protein-coding,-,-,-,ComEC/Rec2 family competence protein,20210424,-
65058,47427990,CKV68_RS03685,CKV68_RS03685,SAMEA4504038_00743,-,1,-,ComEA family DNA-binding protein,protein-coding,-,-,-,ComEA family DNA-binding protein,20201217,-
65058,47427991,CKV68_RS03690,CKV68_RS03690,SAMEA4504038_00744,-,1,-,DegV family protein,protein-coding,-,-,-,DegV family protein,20210424,-
65058,47427992,CKV68_RS03695,CKV68_RS03695,SAMEA4504038_00745,-,1,-,histidine phosphatase family protein,protein-coding,-,-,-,histidine phosphatase family protein,20210403,-
65058,47427993,rsfS,CKV68_RS03700,SAMEA4504038_00746,-,1,-,ribosome silencing factor,protein-coding,-,-,-,ribosome silencing factor,20210123,-
65058,47427994,CKV68_RS03705,CKV68_RS03705,SAMEA4504038_00747,-,1,-,nicotinate-nucleotide adenylyltransferase,protein-coding,-,-,-,nicotinate-nucleotide adenylyltransferase,20201215,-
65058,47427995,CKV68_RS03710,CKV68_RS03710,SAMEA4504038_00748,-,1,-,glutamate-5-semialdehyde dehydrogenase,protein-coding,-,-,-,glutamate-5-semialdehyde dehydrogenase,20201215,-
65058,47427996,CKV68_RS03715,CKV68_RS03715,SAMEA4504038_00749,-,1,-,hypothetical protein,protein-coding,-,-,-,hypothetical protein,20201215,-
65058,47427997,CKV68_RS03720,CKV68_RS03720,SAMEA4504038_00750,-,1,-,YbaN family protein,protein-coding,-,-,-,YbaN family protein,20210123,-
65058,47427998,CKV68_RS03725,CKV68_RS03725,SAMEA4504038_00751,-,1,-,pseudo,pseudo,-,-,-,-,20201215,-
65058,47427999,CKV68_RS03730,CKV68_RS03730,SAMEA4504038_00752,-,1,-,glutamate 5-kinase,protein-coding,-,-,-,glutamate 5-kinase,20201215,-
65058,47428000,obgE,CKV68_RS03735,SAMEA4504038_00753,-,1,-,GTPase ObgE,protein-coding,-,-,-,GTPase ObgE,20201215,-
65058,47428001,rpmA,CKV68_RS03745,SAMEA4504038_00755,-,1,-,50S ribosomal protein L27,protein-coding,-,-,-,50S ribosomal protein L27,20201215,-
65058,47428002,rplU,CKV68_RS03750,SAMEA4504038_00756,-,1,-,50S ribosomal protein L21,protein-coding,-,-,-,50S ribosomal protein L21,20201215,-
65058,47428003,CKV68_RS03755,CKV68_RS03755,SAMEA4504038_00757,-,1,-,translation initiation factor IF-2 N-terminal domain-containing protein,protein-coding,-,-,-,translation initiation factor IF-2 N-terminal domain-containing protein,20210406,-
65058,47428004,CKV68_RS03760,CKV68_RS03760,SAMEA4504038_00758,-,1,-,hypothetical protein,protein-coding,-,-,-,hypothetical protein,20201215,-
65058,47428005,CKV68_RS03765,CKV68_RS03765,SAMEA4504038_00759,-,1,-,hypothetical protein,protein-coding,-,-,-,hypothetical protein,20201215,-
65058,47428006,ndk,CKV68_RS03770,SAMEA4504038_00760,-,1,-,nucleoside-diphosphate kinase,protein-coding,-,-,-,nucleoside-diphosphate kinase,20201215,-
65058,47428007,CKV68_RS03775,CKV68_RS03775,SAMEA4504038_00761,-,1,-,ornithine cyclodeaminase family protein,protein-coding,-,-,-,ornithine cyclodeaminase family protein,20201215,-
65058,47428008,CKV68_RS03780,CKV68_RS03780,SAMEA4504038_00762,-,1,-,DUF4233 domain-containing protein,protein-coding,-,-,-,DUF4233 domain-containing protein,20210123,-
65058,47428009,CKV68_RS03785,CKV68_RS03785,SAMEA4504038_00763,-,1,-,bifunctional folylpolyglutamate synthase/dihydrofolate synthase,protein-coding,-,-,-,bifunctional folylpolyglutamate synthase/dihydrofolate synthase,20201215,-
65058,47428010,CKV68_RS03790,CKV68_RS03790,SAMEA4504038_00764,-,1,-,valine--tRNA ligase,protein-coding,-,-,-,valine--tRNA ligase,20210406,-
65058,47428011,CKV68_RS03795,CKV68_RS03795,SAMEA4504038_00765,-,1,-,malate dehydrogenase,protein-coding,-,-,-,malate dehydrogenase,20201215,-
65058,47428012,CKV68_RS03800,CKV68_RS03800,SAMEA4504038_00766,-,1,-,TetR family transcriptional regulator,protein-coding,-,-,-,TetR family transcriptional regulator,20210123,-
65058,47428013,clpX,CKV68_RS03805,SAMEA4504038_00767,-,1,-,ATP-dependent Clp protease ATP-binding subunit ClpX,protein-coding,-,-,-,ATP-dependent Clp protease ATP-binding subunit ClpX,20210424,-
65058,47428014,pabB,CKV68_RS03810,SAMEA4504038_00768,-,1,-,aminodeoxychorismate synthase component I,protein-coding,-,-,-,aminodeoxychorismate synthase component I,20210424,-
65058,47428015,CKV68_RS03815,CKV68_RS03815,SAMEA4504038_00769,-,1,-,ATP-dependent Clp protease proteolytic subunit,protein-coding,-,-,-,ATP-dependent Clp protease proteolytic subunit,20201215,-
65058,47428016,CKV68_RS03820,CKV68_RS03820,SAMEA4504038_00770,-,1,-,ATP-dependent Clp protease proteolytic subunit,protein-coding,-,-,-,ATP-dependent Clp protease proteolytic subunit,20201215,-
65058,47428017,CKV68_RS03825,CKV68_RS03825,SAMEA4504038_00771,-,1,-,trigger factor,protein-coding,-,-,-,trigger factor,20201215,-
65058,47428018,CKV68_RS03830,CKV68_RS03830,SAMEA4504038_00772,-,1,-,tRNA,tRNA,-,-,-,-,20201215,-
65058,47428019,CKV68_RS03835,CKV68_RS03835,SAMEA4504038_00773,-,1,-,tRNA,tRNA,-,-,-,-,20201215,-
65058,47428020,CKV68_RS03840,CKV68_RS03840,SAMEA4504038_00774,-,1,-,hypothetical protein,protein-coding,-,-,-,hypothetical protein,20201215,-
65058,47428021,CKV68_RS03845,CKV68_RS03845,SAMEA4504038_00775,-,1,-,hypothetical protein,protein-coding,-,-,-,hypothetical protein,20201215,-
65058,47428022,CKV68_RS03850,CKV68_RS03850,SAMEA4504038_00776,-,1,-,pirin family protein,protein-coding,-,-,-,pirin family protein,20201215,-
65058,47428023,CKV68_RS03855,CKV68_RS03855,SAMEA4504038_00777,-,1,-,ribose-5-phosphate isomerase,protein-coding,-,-,-,ribose-5-phosphate isomerase,20201215,-
65058,47428024,CKV68_RS03860,CKV68_RS03860,SAMEA4504038_00778,-,1,-,DsbA family protein,protein-coding,-,-,-,DsbA family protein,20210424,-
65058,47428025,pepN,CKV68_RS03870,SAMEA4504038_00779,-,1,-,aminopeptidase N,protein-coding,-,-,-,aminopeptidase N,20210424,-
65058,47428026,CKV68_RS03875,CKV68_RS03875,SAMEA4504038_00780,-,1,-,mechanosensitive ion channel,protein-coding,-,-,-,mechanosensitive ion channel,20210123,-
65058,47428027,CKV68_RS03880,CKV68_RS03880,SAMEA4504038_00781,-,1,-,globin,protein-coding,-,-,-,globin,20210406,-
65058,47428028,CKV68_RS03885,CKV68_RS03885,SAMEA4504038_00782,-,1,-,DMT family transporter,protein-coding,-,-,-,DMT family transporter,20210123,-
65058,47428029,CKV68_RS03890,CKV68_RS03890,SAMEA4504038_00783,-,1,-,hypothetical protein,protein-coding,-,-,-,hypothetical protein,20201215,-
65058,47428030,CKV68_RS03895,CKV68_RS03895,SAMEA4504038_00784,-,1,-,acyl-CoA thioesterase,protein-coding,-,-,-,acyl-CoA thioesterase,20201215,-
65058,47428031,ettA,CKV68_RS03900,SAMEA4504038_00785,-,1,-,energy-dependent translational throttle protein EttA,protein-coding,-,-,-,energy-dependent translational throttle protein EttA,20201215,-
65058,47428032,CKV68_RS03905,CKV68_RS03905,SAMEA4504038_00786,-,1,-,single-stranded DNA-binding protein,protein-coding,-,-,-,single-stranded DNA-binding protein,20201215,-
65058,47428033,CKV68_RS03915,CKV68_RS03915,SAMEA4504038_00787,-,1,-,hypothetical protein,protein-coding,-,-,-,hypothetical protein,20201215,-
65058,47428034,CKV68_RS03920,CKV68_RS03920,SAMEA4504038_00788,-,1,-,YcaO-like family protein,protein-coding,-,-,-,YcaO-like family protein,20210424,-
65058,47428035,CKV68_RS03925,CKV68_RS03925,SAMEA4504038_00789,-,1,-,nitroreductase family protein,protein-coding,-,-,-,nitroreductase family protein,20210424,-
65058,47428036,CKV68_RS03930,CKV68_RS03930,SAMEA4504038_00790,-,1,-,lantibiotic dehydratase,protein-coding,-,-,-,lantibiotic dehydratase,20210424,-
65058,47428037,CKV68_RS03935,CKV68_RS03935,SAMEA4504038_00791,-,1,-,hypothetical protein,protein-coding,-,-,-,hypothetical protein,20210406,-
65058,47428038,CKV68_RS03940,CKV68_RS03940,SAMEA4504038_00792,-,1,-,hypothetical protein,protein-coding,-,-,-,hypothetical protein,20201215,-
65058,47428039,CKV68_RS03945,CKV68_RS03945,SAMEA4504038_00793,-,1,-,thiazolylpeptide-type bacteriocin,protein-coding,-,-,-,thiazolylpeptide-type bacteriocin,20201215,-
65058,47428040,CKV68_RS03950,CKV68_RS03950,SAMEA4504038_00794,-,1,-,YcaO-like family protein,protein-coding,-,-,-,YcaO-like family protein,20210424,-
65058,47428041,CKV68_RS03955,CKV68_RS03955,SAMEA4504038_00795,-,1,-,permease,protein-coding,-,-,-,permease,20210123,-
65058,47428042,CKV68_RS03960,CKV68_RS03960,SAMEA4504038_00796,-,1,-,ABC transporter ATP-binding protein,protein-coding,-,-,-,ABC transporter ATP-binding protein,20201215,-
65058,47428043,CKV68_RS03965,CKV68_RS03965,SAMEA4504038_00797,-,1,-,bifunctional copper resistance protein CopD/cytochrome c oxidase assembly protein,protein-coding,-,-,-,bifunctional copper resistance protein CopD/cytochrome c oxidase assembly protein,20210424,-
65058,47428044,CKV68_RS03970,CKV68_RS03970,SAMEA4504038_00798,-,1,-,carbon starvation protein A,protein-coding,-,-,-,carbon starvation protein A,20210424,-
65058,47428045,CKV68_RS03975,CKV68_RS03975,-,-,1,-,YbdD/YjiX family protein,protein-coding,-,-,-,YbdD/YjiX family protein,20210123,-
65058,47428046,CKV68_RS03980,CKV68_RS03980,SAMEA4504038_00799,-,1,-,tRNA,tRNA,-,-,-,-,20201215,-
65058,47428047,CKV68_RS03985,CKV68_RS03985,SAMEA4504038_00800,-,1,-,hypothetical protein,protein-coding,-,-,-,hypothetical protein,20201215,-
65058,47428048,CKV68_RS03990,CKV68_RS03990,SAMEA4504038_00801,-,1,-,S8 family serine peptidase,protein-coding,-,-,-,S8 family serine peptidase,20201215,-
65058,47428049,CKV68_RS03995,CKV68_RS03995,SAMEA4504038_00802,-,1,-,oxidoreductase,protein-coding,-,-,-,oxidoreductase,20201215,-
65058,47428050,CKV68_RS04000,CKV68_RS04000,SAMEA4504038_00803,-,1,-,SDR family oxidoreductase,protein-coding,-,-,-,SDR family oxidoreductase,20201215,-
65058,47428051,orn,CKV68_RS04005,SAMEA4504038_00804,-,1,-,oligoribonuclease,protein-coding,-,-,-,oligoribonuclease,20201215,-
65058,47428052,CKV68_RS04010,CKV68_RS04010,SAMEA4504038_00805,-,1,-,tRNA,tRNA,-,-,-,-,20201215,-
65058,47428053,CKV68_RS04015,CKV68_RS04015,SAMEA4504038_00806,-,1,-,dihydrodipicolinate synthase family protein,protein-coding,-,-,-,dihydrodipicolinate synthase family protein,20201215,-
65058,47428054,CKV68_RS04020,CKV68_RS04020,SAMEA4504038_00807,-,1,-,"L,D-transpeptidase family protein",protein-coding,-,-,-,"L,D-transpeptidase family protein",20210424,-
65058,47428055,CKV68_RS04025,CKV68_RS04025,SAMEA4504038_00809,-,1,-,tRNA,tRNA,-,-,-,-,20201215,-
65058,47428056,CKV68_RS04030,CKV68_RS04030,SAMEA4504038_00810,-,1,-,NADP-dependent oxidoreductase,protein-coding,-,-,-,NADP-dependent oxidoreductase,20201215,-
65058,47428057,CKV68_RS04035,CKV68_RS04035,SAMEA4504038_00811,-,1,-,isochorismatase family protein,protein-coding,-,-,-,isochorismatase family protein,20201215,-
65058,47428058,CKV68_RS04040,CKV68_RS04040,SAMEA4504038_00812,-,1,-,antibiotic biosynthesis monooxygenase,protein-coding,-,-,-,antibiotic biosynthesis monooxygenase,20201215,-
65058,47428059,CKV68_RS04045,CKV68_RS04045,SAMEA4504038_00813,-,1,-,DUF3618 domain-containing protein,protein-coding,-,-,-,DUF3618 domain-containing protein,20210123,-
65058,47428060,bcp,CKV68_RS04050,SAMEA4504038_00814,-,1,-,thioredoxin-dependent thiol peroxidase,protein-coding,-,-,-,thioredoxin-dependent thiol peroxidase,20201215,-
65058,47428061,CKV68_RS04055,CKV68_RS04055,SAMEA4504038_00815,-,1,-,TetR family transcriptional regulator,protein-coding,-,-,-,TetR family transcriptional regulator,20210424,-
65058,47428062,CKV68_RS04060,CKV68_RS04060,SAMEA4504038_00816,-,1,-,holo-ACP synthase,protein-coding,-,-,-,holo-ACP synthase,20201215,-
65058,47428063,CKV68_RS04065,CKV68_RS04065,SAMEA4504038_00817,-,1,-,type I polyketide synthase,protein-coding,-,-,-,type I polyketide synthase,20210424,-
65058,47428064,CKV68_RS04070,CKV68_RS04070,SAMEA4504038_00818,-,1,-,hypothetical protein,protein-coding,-,-,-,hypothetical protein,20201215,-
65058,47428065,CKV68_RS04075,CKV68_RS04075,SAMEA4504038_00819,-,1,-,two-component sensor histidine kinase,protein-coding,-,-,-,two-component sensor histidine kinase,20210522,-
65058,47428066,CKV68_RS04080,CKV68_RS04080,SAMEA4504038_00820,-,1,-,response regulator transcription factor,protein-coding,-,-,-,response regulator transcription factor,20201215,-
65058,47428067,CKV68_RS04085,CKV68_RS04085,SAMEA4504038_00821,-,1,-,DUF418 domain-containing protein,protein-coding,-,-,-,DUF418 domain-containing protein,20201215,-
65058,47428068,CKV68_RS04090,CKV68_RS04090,SAMEA4504038_00822,-,1,-,tRNA,tRNA,-,-,-,-,20201215,-
65058,47428069,CKV68_RS04095,CKV68_RS04095,SAMEA4504038_00823,-,1,-,hypothetical protein,protein-coding,-,-,-,hypothetical protein,20210424,-
65058,47428070,CKV68_RS04100,CKV68_RS04100,SAMEA4504038_00824,-,1,-,DUF3817 domain-containing protein,protein-coding,-,-,-,DUF3817 domain-containing protein,20210406,-
65058,47428071,rdgB,CKV68_RS04105,SAMEA4504038_00825,-,1,-,RdgB/HAM1 family non-canonical purine NTP pyrophosphatase,protein-coding,-,-,-,RdgB/HAM1 family non-canonical purine NTP pyrophosphatase,20201215,-
65058,47428072,rph,CKV68_RS04110,SAMEA4504038_00826,-,1,-,ribonuclease PH,protein-coding,-,-,-,ribonuclease PH,20201215,-
65058,47428073,CKV68_RS04115,CKV68_RS04115,SAMEA4504038_00827,-,1,-,MBL fold metallo-hydrolase,protein-coding,-,-,-,MBL fold metallo-hydrolase,20210123,-
65058,47428074,CKV68_RS04120,CKV68_RS04120,SAMEA4504038_00828,-,1,-,glutamate racemase,protein-coding,-,-,-,glutamate racemase,20201215,-
65058,47428075,CKV68_RS04125,CKV68_RS04125,SAMEA4504038_00829,-,1,-,rhomboid family intramembrane serine protease,protein-coding,-,-,-,rhomboid family intramembrane serine protease,20210424,-
65058,47428076,CKV68_RS04130,CKV68_RS04130,SAMEA4504038_00830,-,1,-,DUF2017 domain-containing protein,protein-coding,-,-,-,DUF2017 domain-containing protein,20210424,-
65058,47428077,clpS,CKV68_RS04135,SAMEA4504038_00831,-,1,-,ATP-dependent Clp protease adapter ClpS,protein-coding,-,-,-,ATP-dependent Clp protease adapter ClpS,20201218,-
65058,47428078,CKV68_RS04140,CKV68_RS04140,SAMEA4504038_00832,-,1,-,nicotinate phosphoribosyltransferase,protein-coding,-,-,-,nicotinate phosphoribosyltransferase,20201215,-
65058,47428079,CKV68_RS04145,CKV68_RS04145,SAMEA4504038_00833,-,1,-,ATP-dependent DNA helicase,protein-coding,-,-,-,ATP-dependent DNA helicase,20201215,-
65058,47428080,CKV68_RS04150,CKV68_RS04150,SAMEA4504038_00834,-,1,-,GNAT family N-acetyltransferase,protein-coding,-,-,-,GNAT family N-acetyltransferase,20201215,-
65058,47428081,serB,CKV68_RS04155,SAMEA4504038_00835,-,1,-,phosphoserine phosphatase SerB,protein-coding,-,-,-,phosphoserine phosphatase SerB,20210123,-
65058,47428082,CKV68_RS04160,CKV68_RS04160,SAMEA4504038_00837,-,1,-,replication initiation protein,protein-coding,-,-,-,replication initiation protein,20210403,-
65058,47428083,CKV68_RS04165,CKV68_RS04165,-,-,1,-,hypothetical protein,protein-coding,-,-,-,hypothetical protein,20201215,-
65058,47428084,CKV68_RS04170,CKV68_RS04170,SAMEA4504038_00841,-,1,-,helix-turn-helix domain-containing protein,protein-coding,-,-,-,helix-turn-helix domain-containing protein,20210424,-
65058,47428085,CKV68_RS04175,CKV68_RS04175,SAMEA4504038_00843,-,1,-,hypothetical protein,protein-coding,-,-,-,hypothetical protein,20201215,-
65058,47428086,ctaD,CKV68_RS04180,SAMEA4504038_00844,-,1,-,cytochrome c oxidase subunit I,protein-coding,-,-,-,cytochrome c oxidase subunit I,20201215,-
65058,47428087,nrdF,CKV68_RS04185,SAMEA4504038_00845,-,1,-,class 1b ribonucleoside-diphosphate reductase subunit beta,protein-coding,-,-,-,class 1b ribonucleoside-diphosphate reductase subunit beta,20201215,-
65058,47428088,CKV68_RS04190,CKV68_RS04190,SAMEA4504038_00846,-,1,-,ferritin,protein-coding,-,-,-,ferritin,20201215,-
65058,47428089,nrdE,CKV68_RS04195,SAMEA4504038_00847,-,1,-,class 1b ribonucleoside-diphosphate reductase subunit alpha,protein-coding,-,-,-,class 1b ribonucleoside-diphosphate reductase subunit alpha,20201215,-
65058,47428090,nrdI,CKV68_RS04200,SAMEA4504038_00848,-,1,-,class Ib ribonucleoside-diphosphate reductase assembly flavoprotein NrdI,protein-coding,-,-,-,class Ib ribonucleoside-diphosphate reductase assembly flavoprotein NrdI,20201215,-
65058,47428091,nrdH,CKV68_RS04205,SAMEA4504038_00849,-,1,-,glutaredoxin-like protein NrdH,protein-coding,-,-,-,glutaredoxin-like protein NrdH,20210129,-
65058,47428092,rpmJ,CKV68_RS04210,SAMEA4504038_00850,-,1,-,50S ribosomal protein L36,protein-coding,-,-,-,50S ribosomal protein L36,20201215,-
65058,47428093,nadE,CKV68_RS04215,SAMEA4504038_00851,-,1,-,ammonia-dependent NAD(+) synthetase,protein-coding,-,-,-,ammonia-dependent NAD(+) synthetase,20210424,-
65058,47428094,CKV68_RS04220,CKV68_RS04220,SAMEA4504038_00852,-,1,-,pyridoxamine 5'-phosphate oxidase family protein,protein-coding,-,-,-,pyridoxamine 5'-phosphate oxidase family protein,20210424,-
65058,47428095,CKV68_RS04225,CKV68_RS04225,SAMEA4504038_00853,-,1,-,hypothetical protein,protein-coding,-,-,-,hypothetical protein,20201215,-
65058,47428096,CKV68_RS04230,CKV68_RS04230,-,-,1,-,LPXTG cell wall anchor domain-containing protein,protein-coding,-,-,-,LPXTG cell wall anchor domain-containing protein,20201215,-
65058,47428098,CKV68_RS04240,CKV68_RS04240,SAMEA4504038_00855,-,1,-,hypothetical protein,protein-coding,-,-,-,hypothetical protein,20201215,-
65058,47428099,CKV68_RS04245,CKV68_RS04245,SAMEA4504038_00856,-,1,-,hypothetical protein,protein-coding,-,-,-,hypothetical protein,20201215,-
65058,47428100,CKV68_RS04250,CKV68_RS04250,SAMEA4504038_00857,-,1,-,helix-turn-helix transcriptional regulator,protein-coding,-,-,-,helix-turn-helix transcriptional regulator,20210424,-
65058,47428101,cadA,CKV68_RS04255,SAMEA4504038_00858,-,1,-,cadmium-translocating P-type ATPase,protein-coding,-,-,-,cadmium-translocating P-type ATPase,20201215,-
65058,47428102,CKV68_RS04260,CKV68_RS04260,SAMEA4504038_00859,-,1,-,hypothetical protein,protein-coding,-,-,-,hypothetical protein,20201215,-
65058,47428103,CKV68_RS04265,CKV68_RS04265,SAMEA4504038_00860,-,1,-,DUF3883 domain-containing protein,protein-coding,-,-,-,DUF3883 domain-containing protein,20210327,-
65058,47428104,CKV68_RS04270,CKV68_RS04270,SAMEA4504038_00861,-,1,-,hypothetical protein,protein-coding,-,-,-,hypothetical protein,20201215,-
65058,47428105,CKV68_RS04275,CKV68_RS04275,SAMEA4504038_00863,-,1,-,hypothetical protein,protein-coding,-,-,-,hypothetical protein,20201215,-
65058,47428106,CKV68_RS04280,CKV68_RS04280,SAMEA4504038_00865,-,1,-,helix-turn-helix domain-containing protein,protein-coding,-,-,-,helix-turn-helix domain-containing protein,20210424,-
65058,47428107,CKV68_RS04285,CKV68_RS04285,SAMEA4504038_00866,-,1,-,hypothetical protein,protein-coding,-,-,-,hypothetical protein,20201215,-
65058,47428108,CKV68_RS04290,CKV68_RS04290,SAMEA4504038_00867,-,1,-,hypothetical protein,protein-coding,-,-,-,hypothetical protein,20201215,-
65058,47428109,CKV68_RS04295,CKV68_RS04295,SAMEA4504038_00868,-,1,-,antA/AntB antirepressor family protein,protein-coding,-,-,-,antA/AntB antirepressor family protein,20210424,-
65058,47428110,CKV68_RS04300,CKV68_RS04300,SAMEA4504038_00869,-,1,-,hypothetical protein,protein-coding,-,-,-,hypothetical protein,20201215,-
65058,47428111,CKV68_RS04305,CKV68_RS04305,SAMEA4504038_00870,-,1,-,hypothetical protein,protein-coding,-,-,-,hypothetical protein,20201215,-
65058,47428112,CKV68_RS04310,CKV68_RS04310,SAMEA4504038_00871,-,1,-,hypothetical protein,protein-coding,-,-,-,hypothetical protein,20201215,-
65058,47428113,CKV68_RS04315,CKV68_RS04315,SAMEA4504038_00872,-,1,-,hypothetical protein,protein-coding,-,-,-,hypothetical protein,20201215,-
65058,47428114,CKV68_RS04320,CKV68_RS04320,SAMEA4504038_00874,-,1,-,pseudo,pseudo,-,-,-,-,20201215,-
65058,47428115,CKV68_RS04335,CKV68_RS04335,SAMEA4504038_00877,-,1,-,tRNA,tRNA,-,-,-,-,20201215,-
65058,47428116,CKV68_RS04340,CKV68_RS04340,SAMEA4504038_00878,-,1,-,thioredoxin domain-containing protein,protein-coding,-,-,-,thioredoxin domain-containing protein,20210424,-
65058,47428117,CKV68_RS04345,CKV68_RS04345,SAMEA4504038_00879,-,1,-,DoxX family protein,protein-coding,-,-,-,DoxX family protein,20201215,-
65058,47428118,CKV68_RS04350,CKV68_RS04350,SAMEA4504038_00880,-,1,-,alpha-D-glucose phosphate-specific phosphoglucomutase,protein-coding,-,-,-,alpha-D-glucose phosphate-specific phosphoglucomutase,20201215,-
65058,47428119,CKV68_RS04355,CKV68_RS04355,SAMEA4504038_00881,-,1,-,fluoride efflux transporter family protein,protein-coding,-,-,-,fluoride efflux transporter family protein,20210424,-
65058,47428120,CKV68_RS04360,CKV68_RS04360,SAMEA4504038_00882,-,1,-,CrcB family protein,protein-coding,-,-,-,CrcB family protein,20210424,-
65058,47428121,CKV68_RS04365,CKV68_RS04365,SAMEA4504038_00883,-,1,-,FtsX-like permease family protein,protein-coding,-,-,-,FtsX-like permease family protein,20210424,-
65058,47428122,CKV68_RS04370,CKV68_RS04370,SAMEA4504038_00884,-,1,-,ABC transporter ATP-binding protein,protein-coding,-,-,-,ABC transporter ATP-binding protein,20201215,-
65058,47428123,rrf,CKV68_RS04375,SAMEA4504038_00885,-,1,-,5S ribosomal RNA,rRNA,-,-,-,-,20201215,-
65058,47428124,CKV68_RS04380,CKV68_RS04380,SAMEA4504038_00886,-,1,-,23S ribosomal RNA,rRNA,-,-,-,-,20201215,-
65058,47428125,CKV68_RS04385,CKV68_RS04385,SAMEA4504038_00887,-,1,-,16S ribosomal RNA,rRNA,-,-,-,-,20201215,-
65058,47428126,murA,CKV68_RS04390,SAMEA4504038_00888,-,1,-,UDP-N-acetylglucosamine 1-carboxyvinyltransferase,protein-coding,-,-,-,UDP-N-acetylglucosamine 1-carboxyvinyltransferase,20201215,-
65058,47428127,CKV68_RS04395,CKV68_RS04395,SAMEA4504038_00889,-,1,-,"cob(I)yrinic acid a,c-diamide adenosyltransferase",protein-coding,-,-,-,"cob(I)yrinic acid a,c-diamide adenosyltransferase",20210424,-
65058,47428128,CKV68_RS04400,CKV68_RS04400,SAMEA4504038_00890,-,1,-,GAF domain-containing protein,protein-coding,-,-,-,GAF domain-containing protein,20210123,-
65058,47428129,cysK,CKV68_RS04410,SAMEA4504038_00891,-,1,-,cysteine synthase A,protein-coding,-,-,-,cysteine synthase A,20201215,-
65058,47428130,cysE,CKV68_RS04415,SAMEA4504038_00892,-,1,-,serine O-acetyltransferase,protein-coding,-,-,-,serine O-acetyltransferase,20201215,-
65058,47428131,CKV68_RS04420,CKV68_RS04420,-,-,1,-,N-acetyltransferase,protein-coding,-,-,-,N-acetyltransferase,20210123,-
65058,47428132,CKV68_RS04425,CKV68_RS04425,SAMEA4504038_00893,-,1,-,tRNA,tRNA,-,-,-,-,20201215,-
65058,47428133,CKV68_RS04430,CKV68_RS04430,SAMEA4504038_00894,-,1,-,tRNA,tRNA,-,-,-,-,20201215,-
65058,47428134,CKV68_RS04435,CKV68_RS04435,SAMEA4504038_00895,-,1,-,iron-containing alcohol dehydrogenase family protein,protein-coding,-,-,-,iron-containing alcohol dehydrogenase family protein,20210424,-
65058,47428135,CKV68_RS04440,CKV68_RS04440,SAMEA4504038_00896,-,1,-,tRNA,tRNA,-,-,-,-,20201215,-
65058,47428136,CKV68_RS04445,CKV68_RS04445,SAMEA4504038_00897,-,1,-,tRNA,tRNA,-,-,-,-,20201215,-
65058,47428137,CKV68_RS04450,CKV68_RS04450,SAMEA4504038_00898,-,1,-,tRNA,tRNA,-,-,-,-,20201215,-
65058,47428138,CKV68_RS04455,CKV68_RS04455,SAMEA4504038_00899,-,1,-,cytochrome ubiquinol oxidase subunit I,protein-coding,-,-,-,cytochrome ubiquinol oxidase subunit I,20210406,-
65058,47428139,cydB,CKV68_RS04460,SAMEA4504038_00900,-,1,-,cytochrome d ubiquinol oxidase subunit II,protein-coding,-,-,-,cytochrome d ubiquinol oxidase subunit II,20210123,-
65058,47428140,CKV68_RS04465,CKV68_RS04465,SAMEA4504038_00901,-,1,-,ATP-binding cassette domain-containing protein,protein-coding,-,-,-,ATP-binding cassette domain-containing protein,20210424,-
65058,47428141,cydC,CKV68_RS04470,SAMEA4504038_00902,-,1,-,thiol reductant ABC exporter subunit CydC,protein-coding,-,-,-,thiol reductant ABC exporter subunit CydC,20210424,-
65058,47428142,CKV68_RS04475,CKV68_RS04475,SAMEA4504038_00903,-,1,-,acetyl-CoA hydrolase/transferase family protein,protein-coding,-,-,-,acetyl-CoA hydrolase/transferase family protein,20201215,-
65058,47428143,dusB,CKV68_RS04480,SAMEA4504038_00904,-,1,-,tRNA dihydrouridine synthase DusB,protein-coding,-,-,-,tRNA dihydrouridine synthase DusB,20210406,-
65058,47428144,phoU,CKV68_RS04485,SAMEA4504038_00905,-,1,-,phosphate signaling complex protein PhoU,protein-coding,-,-,-,phosphate signaling complex protein PhoU,20201215,-
65058,47428145,CKV68_RS04490,CKV68_RS04490,SAMEA4504038_00906,-,1,-,hypothetical protein,protein-coding,-,-,-,hypothetical protein,20201215,-
65058,47428146,CKV68_RS04495,CKV68_RS04495,SAMEA4504038_00907,-,1,-,phosphate ABC transporter ATP-binding protein,protein-coding,-,-,-,phosphate ABC transporter ATP-binding protein,20210406,-
65058,47428147,pstA,CKV68_RS04500,SAMEA4504038_00908,-,1,-,phosphate ABC transporter permease PstA,protein-coding,-,-,-,phosphate ABC transporter permease PstA,20201215,-
65058,47428148,pstC,CKV68_RS04505,SAMEA4504038_00909,-,1,-,phosphate ABC transporter permease subunit PstC,protein-coding,-,-,-,phosphate ABC transporter permease subunit PstC,20201215,-
65058,47428149,pstS,CKV68_RS04510,SAMEA4504038_00910,-,1,-,phosphate ABC transporter substrate-binding protein PstS,protein-coding,-,-,-,phosphate ABC transporter substrate-binding protein PstS,20201215,-
65058,47428150,mshD,CKV68_RS04515,SAMEA4504038_00911,-,1,-,mycothiol synthase,protein-coding,-,-,-,mycothiol synthase,20210424,-
65058,47428151,CKV68_RS04520,CKV68_RS04520,SAMEA4504038_00912,-,1,-,DUF2993 domain-containing protein,protein-coding,-,-,-,DUF2993 domain-containing protein,20210406,-
65058,47428152,CKV68_RS04525,CKV68_RS04525,SAMEA4504038_00913,-,1,-,diacylglycerol kinase family lipid kinase,protein-coding,-,-,-,diacylglycerol kinase family lipid kinase,20201215,-
65058,47428153,CKV68_RS04530,CKV68_RS04530,SAMEA4504038_00914,-,1,-,FABP family protein,protein-coding,-,-,-,FABP family protein,20210123,-
65058,47428154,CKV68_RS04535,CKV68_RS04535,SAMEA4504038_00915,-,1,-,aminodeoxychorismate lyase,protein-coding,-,-,-,aminodeoxychorismate lyase,20210424,-
65058,47428155,CKV68_RS04540,CKV68_RS04540,SAMEA4504038_00916,-,1,-,folate-binding protein YgfZ,protein-coding,-,-,-,folate-binding protein YgfZ,20201215,-
65058,47428156,CKV68_RS04550,CKV68_RS04550,SAMEA4504038_00918,-,1,-,phosphoribosylformylglycinamidine cyclo-ligase,protein-coding,-,-,-,phosphoribosylformylglycinamidine cyclo-ligase,20201215,-
65058,47428157,CKV68_RS04555,CKV68_RS04555,SAMEA4504038_00919,-,1,-,amidophosphoribosyltransferase,protein-coding,-,-,-,amidophosphoribosyltransferase,20201215,-
65058,47428158,CKV68_RS04560,CKV68_RS04560,SAMEA4504038_00920,-,1,-,hypothetical protein,protein-coding,-,-,-,hypothetical protein,20210424,-
65058,47428159,nrdI,CKV68_RS04565,SAMEA4504038_00921,-,1,-,class Ib ribonucleoside-diphosphate reductase assembly flavoprotein NrdI,protein-coding,-,-,-,class Ib ribonucleoside-diphosphate reductase assembly flavoprotein NrdI,20210406,-
65058,47428160,nrdF,CKV68_RS04570,SAMEA4504038_00922,-,1,-,class 1b ribonucleoside-diphosphate reductase subunit beta,protein-coding,-,-,-,class 1b ribonucleoside-diphosphate reductase subunit beta,20201215,-
65058,47428161,CKV68_RS04575,CKV68_RS04575,SAMEA4504038_00923,-,1,-,hemolysin III family protein,protein-coding,-,-,-,hemolysin III family protein,20210424,-
65058,47428162,purL,CKV68_RS04580,SAMEA4504038_00924,-,1,-,phosphoribosylformylglycinamidine synthase subunit PurL,protein-coding,-,-,-,phosphoribosylformylglycinamidine synthase subunit PurL,20210424,-
65058,47428163,purQ,CKV68_RS04585,SAMEA4504038_00925,-,1,-,phosphoribosylformylglycinamidine synthase subunit PurQ,protein-coding,-,-,-,phosphoribosylformylglycinamidine synthase subunit PurQ,20210424,-
65058,47428164,purS,CKV68_RS04590,SAMEA4504038_00926,-,1,-,phosphoribosylformylglycinamidine synthase subunit PurS,protein-coding,-,-,-,phosphoribosylformylglycinamidine synthase subunit PurS,20201215,-
65058,47428165,CKV68_RS04595,CKV68_RS04595,SAMEA4504038_00927,-,1,-,glutathione peroxidase,protein-coding,-,-,-,glutathione peroxidase,20201215,-
65058,47428166,CKV68_RS04600,CKV68_RS04600,SAMEA4504038_00928,-,1,-,S9 family peptidase,protein-coding,-,-,-,S9 family peptidase,20201215,-
65058,47428167,CKV68_RS04605,CKV68_RS04605,SAMEA4504038_00930,-,1,-,phosphoribosylaminoimidazolesuccinocarboxamide synthase,protein-coding,-,-,-,phosphoribosylaminoimidazolesuccinocarboxamide synthase,20201215,-
65058,47428168,CKV68_RS04610,CKV68_RS04610,SAMEA4504038_00931,-,1,-,adenylosuccinate lyase,protein-coding,-,-,-,adenylosuccinate lyase,20210403,-
65058,47428169,CKV68_RS04615,CKV68_RS04615,SAMEA4504038_00932,-,1,-,TrkA family potassium uptake protein,protein-coding,-,-,-,TrkA family potassium uptake protein,20201215,-
65058,47428170,CKV68_RS04620,CKV68_RS04620,SAMEA4504038_00933,-,1,-,ATPase,protein-coding,-,-,-,ATPase,20210406,-
65058,47428171,purD,CKV68_RS04625,SAMEA4504038_00934,-,1,-,phosphoribosylamine--glycine ligase,protein-coding,-,-,-,phosphoribosylamine--glycine ligase,20201215,-
65058,47428172,CKV68_RS04630,CKV68_RS04630,SAMEA4504038_00935,-,1,-,HIT family protein,protein-coding,-,-,-,HIT family protein,20201215,-
65058,47428173,CKV68_RS04635,CKV68_RS04635,SAMEA4504038_00936,-,1,-,alpha/beta fold hydrolase,protein-coding,-,-,-,alpha/beta fold hydrolase,20210424,-
65058,47428174,CKV68_RS04640,CKV68_RS04640,SAMEA4504038_00937,-,1,-,HAMP domain-containing histidine kinase,protein-coding,-,-,-,HAMP domain-containing histidine kinase,20201215,-
65058,47428175,CKV68_RS04645,CKV68_RS04645,SAMEA4504038_00938,-,1,-,response regulator transcription factor,protein-coding,-,-,-,response regulator transcription factor,20201215,-
65058,47428176,CKV68_RS04650,CKV68_RS04650,SAMEA4504038_00939,-,1,-,MFS transporter,protein-coding,-,-,-,MFS transporter,20210424,-
65058,47428177,CKV68_RS04655,CKV68_RS04655,SAMEA4504038_00940,-,1,-,TetR/AcrR family transcriptional regulator,protein-coding,-,-,-,TetR/AcrR family transcriptional regulator,20201215,-
65058,47428178,CKV68_RS04660,CKV68_RS04660,SAMEA4504038_00941,-,1,-,esterase family protein,protein-coding,-,-,-,esterase family protein,20201215,-
65058,47428179,CKV68_RS04665,CKV68_RS04665,SAMEA4504038_00942,-,1,-,purine/pyrimidine permease,protein-coding,-,-,-,purine/pyrimidine permease,20210424,-
65058,47428180,CKV68_RS04670,CKV68_RS04670,SAMEA4504038_00943,-,1,-,type IV toxin-antitoxin system AbiEi family antitoxin domain-containing protein,protein-coding,-,-,-,type IV toxin-antitoxin system AbiEi family antitoxin domain-containing protein,20210424,-
65058,47428181,CKV68_RS04675,CKV68_RS04675,SAMEA4504038_00944,-,1,-,pyruvate dehydrogenase,protein-coding,-,-,-,pyruvate dehydrogenase,20201215,-
65058,47428182,CKV68_RS04680,CKV68_RS04680,SAMEA4504038_00945,-,1,-,threonine/serine exporter family protein,protein-coding,-,-,-,threonine/serine exporter family protein,20210424,-
65058,47428184,CKV68_RS04690,CKV68_RS04690,SAMEA4504038_00946,-,1,-,pseudo,pseudo,-,-,-,-,20201215,-
65058,47428185,CKV68_RS04695,CKV68_RS04695,SAMEA4504038_00947,-,1,-,tRNA,tRNA,-,-,-,-,20201215,-
65058,47428186,CKV68_RS04700,CKV68_RS04700,SAMEA4504038_00948,-,1,-,threonine/serine exporter family protein,protein-coding,-,-,-,threonine/serine exporter family protein,20210123,-
65058,47428187,CKV68_RS04705,CKV68_RS04705,SAMEA4504038_00949,-,1,-,hypothetical protein,protein-coding,-,-,-,hypothetical protein,20201215,-
65058,47428188,CKV68_RS04710,CKV68_RS04710,SAMEA4504038_00950,-,1,-,trehalose-6-phosphate synthase,protein-coding,-,-,-,trehalose-6-phosphate synthase,20210424,-
65058,47428189,CKV68_RS04715,CKV68_RS04715,SAMEA4504038_00951,-,1,-,hypothetical protein,protein-coding,-,-,-,hypothetical protein,20201215,-
65058,47428190,otsB,CKV68_RS04720,SAMEA4504038_00952,-,1,-,trehalose-phosphatase,protein-coding,-,-,-,trehalose-phosphatase,20210406,-
65058,47428191,CKV68_RS04725,CKV68_RS04725,SAMEA4504038_00953,-,1,-,LacI family DNA-binding transcriptional regulator,protein-coding,-,-,-,LacI family DNA-binding transcriptional regulator,20210424,-
65058,47428192,CKV68_RS04730,CKV68_RS04730,SAMEA4504038_00954,-,1,-,pseudo,pseudo,-,-,-,-,20201215,-
65058,47428193,rlmB,CKV68_RS04735,SAMEA4504038_00955,-,1,-,23S rRNA (guanosine(2251)-2'-O)-methyltransferase RlmB,protein-coding,-,-,-,23S rRNA (guanosine(2251)-2'-O)-methyltransferase RlmB,20201215,-
65058,47428194,CKV68_RS04740,CKV68_RS04740,SAMEA4504038_00956,-,1,-,cysteine--tRNA ligase,protein-coding,-,-,-,cysteine--tRNA ligase,20201215,-
65058,47428195,CKV68_RS04745,CKV68_RS04745,SAMEA4504038_00957,-,1,-,"2-C-methyl-D-erythritol 2,4-cyclodiphosphate synthase",protein-coding,-,-,-,"2-C-methyl-D-erythritol 2,4-cyclodiphosphate synthase",20201215,-
65058,47428196,CKV68_RS04750,CKV68_RS04750,SAMEA4504038_00958,-,1,-,2-C-methyl-D-erythritol 4-phosphate cytidylyltransferase,protein-coding,-,-,-,2-C-methyl-D-erythritol 4-phosphate cytidylyltransferase,20201215,-
65058,47428197,CKV68_RS04755,CKV68_RS04755,SAMEA4504038_00959,-,1,-,CarD family transcriptional regulator,protein-coding,-,-,-,CarD family transcriptional regulator,20210406,-
65058,47428198,CKV68_RS04760,CKV68_RS04760,SAMEA4504038_00960,-,1,-,hypothetical protein,protein-coding,-,-,-,hypothetical protein,20201215,-
65058,47428199,CKV68_RS04765,CKV68_RS04765,SAMEA4504038_00961,-,1,-,hypothetical protein,protein-coding,-,-,-,hypothetical protein,20210424,-
65058,47428200,radA,CKV68_RS04770,SAMEA4504038_00962,-,1,-,DNA repair protein RadA,protein-coding,-,-,-,DNA repair protein RadA,20201215,-
65058,47428201,CKV68_RS04775,CKV68_RS04775,SAMEA4504038_00963,-,1,-,hypothetical protein,protein-coding,-,-,-,hypothetical protein,20201215,-
65058,47428202,CKV68_RS04780,CKV68_RS04780,SAMEA4504038_00964,-,1,-,beta-hydroxylase,protein-coding,-,-,-,beta-hydroxylase,20210123,-
65058,47428203,CKV68_RS04785,CKV68_RS04785,SAMEA4504038_00965,-,1,-,A/G-specific adenine glycosylase,protein-coding,-,-,-,A/G-specific adenine glycosylase,20201215,-
65058,47428204,CKV68_RS04790,CKV68_RS04790,SAMEA4504038_00966,-,1,-,threonine/serine exporter family protein,protein-coding,-,-,-,threonine/serine exporter family protein,20210424,-
65058,47428205,CKV68_RS04795,CKV68_RS04795,SAMEA4504038_00967,-,1,-,DUF4236 domain-containing protein,protein-coding,-,-,-,DUF4236 domain-containing protein,20210424,-
65058,47428206,CKV68_RS04800,CKV68_RS04800,SAMEA4504038_00968,-,1,-,ATP-dependent Clp protease ATP-binding subunit,protein-coding,-,-,-,ATP-dependent Clp protease ATP-binding subunit,20201215,-
65058,47428207,CKV68_RS04805,CKV68_RS04805,SAMEA4504038_00969,-,1,-,Pr6Pr family membrane protein,protein-coding,-,-,-,Pr6Pr family membrane protein,20210424,-
65058,47428208,CKV68_RS04810,CKV68_RS04810,SAMEA4504038_00970,-,1,-,MFS transporter,protein-coding,-,-,-,MFS transporter,20201215,-
65058,47428209,CKV68_RS04815,CKV68_RS04815,SAMEA4504038_00971,-,1,-,nucleoside hydrolase,protein-coding,-,-,-,nucleoside hydrolase,20201215,-
65058,47428210,CKV68_RS04820,CKV68_RS04820,SAMEA4504038_00972,-,1,-,alpha/beta hydrolase,protein-coding,-,-,-,alpha/beta hydrolase,20210424,-
65058,47428211,CKV68_RS04825,CKV68_RS04825,SAMEA4504038_00973,-,1,-,hypothetical protein,protein-coding,-,-,-,hypothetical protein,20210424,-
65058,47428212,CKV68_RS04835,CKV68_RS04835,SAMEA4504038_00975,-,1,-,S1 family peptidase,protein-coding,-,-,-,S1 family peptidase,20210424,-
65058,47428213,lysS,CKV68_RS04840,SAMEA4504038_00976,-,1,-,lysine--tRNA ligase,protein-coding,-,-,-,lysine--tRNA ligase,20201215,-
65058,47428214,CKV68_RS04845,CKV68_RS04845,SAMEA4504038_00977,-,1,-,SPFH domain-containing protein,protein-coding,-,-,-,SPFH domain-containing protein,20201215,-
65058,47428215,CKV68_RS04850,CKV68_RS04850,SAMEA4504038_00978,-,1,-,hypothetical protein,protein-coding,-,-,-,hypothetical protein,20201215,-
65058,47428216,CKV68_RS04855,CKV68_RS04855,SAMEA4504038_00979,-,1,-,dicarboxylate/amino acid:cation symporter,protein-coding,-,-,-,dicarboxylate/amino acid:cation symporter,20210123,-
65058,47428217,CKV68_RS04860,CKV68_RS04860,SAMEA4504038_00980,-,1,-,aldehyde dehydrogenase family protein,protein-coding,-,-,-,aldehyde dehydrogenase family protein,20210424,-
65058,47428218,betT,CKV68_RS04865,SAMEA4504038_00981,-,1,-,choline BCCT transporter BetT,protein-coding,-,-,-,choline BCCT transporter BetT,20210406,-
65058,47428219,betA,CKV68_RS04870,SAMEA4504038_00982,-,1,-,choline dehydrogenase,protein-coding,-,-,-,choline dehydrogenase,20201215,-
65058,47428220,CKV68_RS04875,CKV68_RS04875,SAMEA4504038_00983,-,1,-,pantoate--beta-alanine ligase,protein-coding,-,-,-,pantoate--beta-alanine ligase,20210424,-
65058,47428221,CKV68_RS04880,CKV68_RS04880,SAMEA4504038_00984,-,1,-,hypothetical protein,protein-coding,-,-,-,hypothetical protein,20201215,-
65058,47428222,CKV68_RS04885,CKV68_RS04885,SAMEA4504038_00985,-,1,-,hypothetical protein,protein-coding,-,-,-,hypothetical protein,20201215,-
65058,47428223,CKV68_RS04890,CKV68_RS04890,SAMEA4504038_00986,-,1,-,DUF3180 domain-containing protein,protein-coding,-,-,-,DUF3180 domain-containing protein,20210424,-
65058,47428224,folK,CKV68_RS04895,SAMEA4504038_00987,-,1,-,2-amino-4-hydroxy-6-hydroxymethyldihydropteridine diphosphokinase,protein-coding,-,-,-,2-amino-4-hydroxy-6-hydroxymethyldihydropteridine diphosphokinase,20210424,-
65058,47428225,folB,CKV68_RS04900,SAMEA4504038_00988,-,1,-,dihydroneopterin aldolase,protein-coding,-,-,-,dihydroneopterin aldolase,20210123,-
65058,47428226,folP,CKV68_RS04905,SAMEA4504038_00989,-,1,-,dihydropteroate synthase,protein-coding,-,-,-,dihydropteroate synthase,20201215,-
65058,47428227,folE,CKV68_RS04910,SAMEA4504038_00990,-,1,-,GTP cyclohydrolase I FolE,protein-coding,-,-,-,GTP cyclohydrolase I FolE,20201215,-
65058,47428228,ftsH,CKV68_RS04915,SAMEA4504038_00991,-,1,-,ATP-dependent zinc metalloprotease FtsH,protein-coding,-,-,-,ATP-dependent zinc metalloprotease FtsH,20201218,-
65058,47428229,hpt,CKV68_RS04920,SAMEA4504038_00992,-,1,-,hypoxanthine phosphoribosyltransferase,protein-coding,-,-,-,hypoxanthine phosphoribosyltransferase,20201215,-
65058,47428230,tilS,CKV68_RS04925,SAMEA4504038_00993,-,1,-,tRNA lysidine(34) synthetase TilS,protein-coding,-,-,-,tRNA lysidine(34) synthetase TilS,20201215,-
65058,47428231,dacB,CKV68_RS04930,SAMEA4504038_00994,-,1,-,D-alanyl-D-alanine carboxypeptidase/D-alanyl-D-alanine-endopeptidase,protein-coding,-,-,-,D-alanyl-D-alanine carboxypeptidase/D-alanyl-D-alanine-endopeptidase,20210424,-
65058,47428232,CKV68_RS04935,CKV68_RS04935,SAMEA4504038_00995,-,1,-,inorganic diphosphatase,protein-coding,-,-,-,inorganic diphosphatase,20210129,-
65058,47428233,CKV68_RS04940,CKV68_RS04940,SAMEA4504038_00996,-,1,-,rhodanese-like domain-containing protein,protein-coding,-,-,-,rhodanese-like domain-containing protein,20201215,-
65058,47428234,CKV68_RS04945,CKV68_RS04945,SAMEA4504038_00997,-,1,-,cation:dicarboxylase symporter family transporter,protein-coding,-,-,-,cation:dicarboxylase symporter family transporter,20210424,-
65058,47428235,CKV68_RS04955,CKV68_RS04955,SAMEA4504038_00998,-,1,-,lipase,protein-coding,-,-,-,lipase,20210424,-
65058,47428236,CKV68_RS04960,CKV68_RS04960,SAMEA4504038_00999,-,1,-,MarR family transcriptional regulator,protein-coding,-,-,-,MarR family transcriptional regulator,20201215,-
65058,47428237,CKV68_RS04965,CKV68_RS04965,SAMEA4504038_01000,-,1,-,non-ribosomal peptide synthetase,protein-coding,-,-,-,non-ribosomal peptide synthetase,20210424,-
65058,47428238,ppk2,CKV68_RS04970,SAMEA4504038_01004,-,1,-,polyphosphate kinase 2,protein-coding,-,-,-,polyphosphate kinase 2,20201215,-
65058,47428239,CKV68_RS04975,CKV68_RS04975,SAMEA4504038_01005,-,1,-,hypothetical protein,protein-coding,-,-,-,hypothetical protein,20201215,-
65058,47428240,CKV68_RS04980,CKV68_RS04980,SAMEA4504038_01006,-,1,-,hypothetical protein,protein-coding,-,-,-,hypothetical protein,20201215,-
65058,47428241,CKV68_RS04985,CKV68_RS04985,SAMEA4504038_01008,-,1,-,hypothetical protein,protein-coding,-,-,-,hypothetical protein,20210424,-
65058,47428242,groL,CKV68_RS04990,SAMEA4504038_01009,-,1,-,chaperonin GroEL,protein-coding,-,-,-,chaperonin GroEL,20201215,-
65058,47428243,CKV68_RS04995,CKV68_RS04995,SAMEA4504038_01010,-,1,-,dipeptidase,protein-coding,-,-,-,dipeptidase,20201215,-
65058,47428244,CKV68_RS05000,CKV68_RS05000,SAMEA4504038_01011,-,1,-,acetyl-CoA acetyltransferase,protein-coding,-,-,-,acetyl-CoA acetyltransferase,20201215,-
65058,47428245,CKV68_RS05015,CKV68_RS05015,SAMEA4504038_01013,-,1,-,Na+/H+ antiporter subunit A,protein-coding,-,-,-,Na+/H+ antiporter subunit A,20201215,-
65058,47428246,CKV68_RS05020,CKV68_RS05020,SAMEA4504038_01014,-,1,-,Na(+)/H(+) antiporter subunit C,protein-coding,-,-,-,Na(+)/H(+) antiporter subunit C,20201215,-
65058,47428247,CKV68_RS05025,CKV68_RS05025,SAMEA4504038_01015,-,1,-,Na+/H+ antiporter subunit D,protein-coding,-,-,-,Na+/H+ antiporter subunit D,20210403,-
65058,47428248,CKV68_RS05030,CKV68_RS05030,SAMEA4504038_01016,-,1,-,Na+/H+ antiporter subunit E,protein-coding,-,-,-,Na+/H+ antiporter subunit E,20201215,-
65058,47428249,CKV68_RS05035,CKV68_RS05035,SAMEA4504038_01017,-,1,-,hypothetical protein,protein-coding,-,-,-,hypothetical protein,20201215,-
65058,47428250,CKV68_RS05040,CKV68_RS05040,SAMEA4504038_01018,-,1,-,monovalent cation/H(+) antiporter subunit G,protein-coding,-,-,-,monovalent cation/H(+) antiporter subunit G,20210123,-
65058,47428251,CKV68_RS05045,CKV68_RS05045,SAMEA4504038_01019,-,1,-,DUF2029 domain-containing protein,protein-coding,-,-,-,DUF2029 domain-containing protein,20210417,-
65058,47428252,CKV68_RS05050,CKV68_RS05050,SAMEA4504038_01020,-,1,-,glutamate--cysteine ligase,protein-coding,-,-,-,glutamate--cysteine ligase,20201215,-
65058,47428253,CKV68_RS05055,CKV68_RS05055,SAMEA4504038_01021,-,1,-,LytR C-terminal domain-containing protein,protein-coding,-,-,-,LytR C-terminal domain-containing protein,20210123,-
65058,47428254,CKV68_RS05060,CKV68_RS05060,SAMEA4504038_01022,-,1,-,DUF3263 domain-containing protein,protein-coding,-,-,-,DUF3263 domain-containing protein,20210123,-
65058,47428255,CKV68_RS05065,CKV68_RS05065,SAMEA4504038_01023,-,1,-,peptide deformylase,protein-coding,-,-,-,peptide deformylase,20201215,-
65058,47428256,CKV68_RS05070,CKV68_RS05070,SAMEA4504038_01024,-,1,-,GNAT family N-acetyltransferase,protein-coding,-,-,-,GNAT family N-acetyltransferase,20210424,-
65058,47428257,CKV68_RS05075,CKV68_RS05075,SAMEA4504038_01025,-,1,-,endonuclease/exonuclease/phosphatase family protein,protein-coding,-,-,-,endonuclease/exonuclease/phosphatase family protein,20210417,-
65058,47428258,cls,CKV68_RS05080,SAMEA4504038_01026,-,1,-,cardiolipin synthase,protein-coding,-,-,-,cardiolipin synthase,20210424,-
65058,47428259,CKV68_RS05085,CKV68_RS05085,SAMEA4504038_01027,-,1,-,multidrug ABC transporter permease,protein-coding,-,-,-,multidrug ABC transporter permease,20201215,-
65058,47428260,CKV68_RS05090,CKV68_RS05090,SAMEA4504038_01028,-,1,-,ABC transporter ATP-binding protein,protein-coding,-,-,-,ABC transporter ATP-binding protein,20201215,-
65058,47428261,CKV68_RS05095,CKV68_RS05095,SAMEA4504038_01029,-,1,-,NUDIX domain-containing protein,protein-coding,-,-,-,NUDIX domain-containing protein,20210403,-
65058,47428262,CKV68_RS05100,CKV68_RS05100,SAMEA4504038_01030,-,1,-,MCP four helix bundle domain-containing protein,protein-coding,-,-,-,MCP four helix bundle domain-containing protein,20210327,-
65058,47428263,CKV68_RS05105,CKV68_RS05105,SAMEA4504038_01031,-,1,-,glutamate ABC transporter substrate-binding protein,protein-coding,-,-,-,glutamate ABC transporter substrate-binding protein,20201215,-
65058,47428264,CKV68_RS05110,CKV68_RS05110,SAMEA4504038_01032,-,1,-,serine/threonine protein kinase,protein-coding,-,-,-,serine/threonine protein kinase,20210424,-
65058,47428265,CKV68_RS05115,CKV68_RS05115,SAMEA4504038_01033,-,1,-,acetate kinase,protein-coding,-,-,-,acetate kinase,20201215,-
65058,47428266,pta,CKV68_RS05120,SAMEA4504038_01034,-,1,-,phosphate acetyltransferase,protein-coding,-,-,-,phosphate acetyltransferase,20201215,-
65058,47428267,CKV68_RS05125,CKV68_RS05125,SAMEA4504038_01035,-,1,-,FAD-dependent oxidoreductase,protein-coding,-,-,-,FAD-dependent oxidoreductase,20210424,-
65058,47428268,CKV68_RS05130,CKV68_RS05130,SAMEA4504038_01036,-,1,-,GNAT family N-acetyltransferase,protein-coding,-,-,-,GNAT family N-acetyltransferase,20201215,-
65058,47428269,CKV68_RS05135,CKV68_RS05135,SAMEA4504038_01037,-,1,-,HNH endonuclease,protein-coding,-,-,-,HNH endonuclease,20201215,-
65058,47428270,CKV68_RS05140,CKV68_RS05140,SAMEA4504038_01038,-,1,-,ATP-grasp domain-containing protein,protein-coding,-,-,-,ATP-grasp domain-containing protein,20210406,-
65058,47428271,CKV68_RS05145,CKV68_RS05145,SAMEA4504038_01039,-,1,-,phosphoribosyltransferase,protein-coding,-,-,-,phosphoribosyltransferase,20201215,-
65058,47428272,CKV68_RS05150,CKV68_RS05150,SAMEA4504038_01040,-,1,-,disulfide bond formation protein B,protein-coding,-,-,-,disulfide bond formation protein B,20210123,-
65058,47428273,CKV68_RS05155,CKV68_RS05155,SAMEA4504038_01042,-,1,-,PrsW family intramembrane metalloprotease,protein-coding,-,-,-,PrsW family intramembrane metalloprotease,20210424,-
65058,47428274,CKV68_RS05160,CKV68_RS05160,SAMEA4504038_01043,-,1,-,hypothetical protein,protein-coding,-,-,-,hypothetical protein,20201215,-
65058,47428275,CKV68_RS05165,CKV68_RS05165,SAMEA4504038_01044,-,1,-,hypothetical protein,protein-coding,-,-,-,hypothetical protein,20201215,-
65058,47428276,CKV68_RS05170,CKV68_RS05170,SAMEA4504038_01045,-,1,-,hypothetical protein,protein-coding,-,-,-,hypothetical protein,20201215,-
65058,47428277,CKV68_RS05175,CKV68_RS05175,SAMEA4504038_01046,-,1,-,hypothetical protein,protein-coding,-,-,-,hypothetical protein,20201215,-
65058,47428278,CKV68_RS05180,CKV68_RS05180,SAMEA4504038_01047,-,1,-,TlpA family protein disulfide reductase,protein-coding,-,-,-,TlpA family protein disulfide reductase,20201215,-
65058,47428279,ccsB,CKV68_RS05185,SAMEA4504038_01048,-,1,-,c-type cytochrome biogenesis protein CcsB,protein-coding,-,-,-,c-type cytochrome biogenesis protein CcsB,20201215,-
65058,47428280,CKV68_RS05190,CKV68_RS05190,SAMEA4504038_01049,-,1,-,cytochrome c biogenesis protein ResB,protein-coding,-,-,-,cytochrome c biogenesis protein ResB,20210424,-
65058,47428281,CKV68_RS05195,CKV68_RS05195,SAMEA4504038_01050,-,1,-,tetratricopeptide repeat protein,protein-coding,-,-,-,tetratricopeptide repeat protein,20210123,-
65058,47428282,CKV68_RS05200,CKV68_RS05200,SAMEA4504038_01051,-,1,-,ammonia-forming cytochrome c nitrite reductase subunit c552,protein-coding,-,-,-,ammonia-forming cytochrome c nitrite reductase subunit c552,20210424,-
65058,47428283,nrfH,CKV68_RS05205,SAMEA4504038_01052,-,1,-,cytochrome c nitrite reductase small subunit,protein-coding,-,-,-,cytochrome c nitrite reductase small subunit,20201215,-
65058,47428284,CKV68_RS05210,CKV68_RS05210,SAMEA4504038_01053,-,1,-,adenylosuccinate synthase,protein-coding,-,-,-,adenylosuccinate synthase,20201215,-
65058,47428285,CKV68_RS05215,CKV68_RS05215,SAMEA4504038_01054,-,1,-,hypothetical protein,protein-coding,-,-,-,hypothetical protein,20201215,-
65058,47428286,CKV68_RS05220,CKV68_RS05220,SAMEA4504038_01055,-,1,-,aromatic acid exporter family protein,protein-coding,-,-,-,aromatic acid exporter family protein,20201215,-
65058,47428287,CKV68_RS05225,CKV68_RS05225,SAMEA4504038_01056,-,1,-,hypothetical protein,protein-coding,-,-,-,hypothetical protein,20210424,-
65058,47428288,CKV68_RS05230,CKV68_RS05230,SAMEA4504038_01057,-,1,-,aromatic acid exporter family protein,protein-coding,-,-,-,aromatic acid exporter family protein,20201217,-
65058,47428289,CKV68_RS05235,CKV68_RS05235,SAMEA4504038_01058,-,1,-,hypothetical protein,protein-coding,-,-,-,hypothetical protein,20201215,-
65058,47428290,CKV68_RS05240,CKV68_RS05240,SAMEA4504038_01059,-,1,-,ABC transporter ATP-binding protein,protein-coding,-,-,-,ABC transporter ATP-binding protein,20201215,-
65058,47428291,CKV68_RS05245,CKV68_RS05245,SAMEA4504038_01060,-,1,-,hypothetical protein,protein-coding,-,-,-,hypothetical protein,20201215,-
65058,47428292,CKV68_RS05250,CKV68_RS05250,SAMEA4504038_01061,-,1,-,hypothetical protein,protein-coding,-,-,-,hypothetical protein,20210424,-
65058,47428293,CKV68_RS05255,CKV68_RS05255,SAMEA4504038_01062,-,1,-,PadR family transcriptional regulator,protein-coding,-,-,-,PadR family transcriptional regulator,20201215,-
65058,47428294,CKV68_RS05260,CKV68_RS05260,SAMEA4504038_01063,-,1,-,hypothetical protein,protein-coding,-,-,-,hypothetical protein,20210424,-
65058,47428295,fbaA,CKV68_RS05265,SAMEA4504038_01064,-,1,-,class II fructose-bisphosphate aldolase,protein-coding,-,-,-,class II fructose-bisphosphate aldolase,20201215,-
65058,47428296,CKV68_RS05270,CKV68_RS05270,SAMEA4504038_01065,-,1,-,glycoside hydrolase family 76,protein-coding,-,-,-,glycoside hydrolase family 76,20210424,-
65058,47428297,CKV68_RS05275,CKV68_RS05275,SAMEA4504038_01066,-,1,-,RNA methyltransferase,protein-coding,-,-,-,RNA methyltransferase,20210406,-
65058,47428298,CKV68_RS05280,CKV68_RS05280,SAMEA4504038_01067,-,1,-,orotate phosphoribosyltransferase,protein-coding,-,-,-,orotate phosphoribosyltransferase,20201215,-
65058,47428299,CKV68_RS05285,CKV68_RS05285,SAMEA4504038_01068,-,1,-,hypothetical protein,protein-coding,-,-,-,hypothetical protein,20210123,-
65058,47428300,CKV68_RS05290,CKV68_RS05290,SAMEA4504038_01069,-,1,-,sulfurtransferase,protein-coding,-,-,-,sulfurtransferase,20201215,-
65058,47428301,CKV68_RS05295,CKV68_RS05295,SAMEA4504038_01070,-,1,-,glycerol-3-phosphate dehydrogenase/oxidase,protein-coding,-,-,-,glycerol-3-phosphate dehydrogenase/oxidase,20201215,-
65058,47428302,CKV68_RS05305,CKV68_RS05305,SAMEA4504038_01072,-,1,-,YdcF family protein,protein-coding,-,-,-,YdcF family protein,20210417,-
65058,47428303,CKV68_RS05310,CKV68_RS05310,SAMEA4504038_01073,-,1,-,LPXTG cell wall anchor domain-containing protein,protein-coding,-,-,-,LPXTG cell wall anchor domain-containing protein,20210424,-
65058,47428304,CKV68_RS05315,CKV68_RS05315,SAMEA4504038_01074,-,1,-,LPXTG cell wall anchor domain-containing protein,protein-coding,-,-,-,LPXTG cell wall anchor domain-containing protein,20210424,-
65058,47428305,CKV68_RS05320,CKV68_RS05320,SAMEA4504038_01075,-,1,-,class C sortase,protein-coding,-,-,-,class C sortase,20210424,-
65058,47428306,CKV68_RS05325,CKV68_RS05325,SAMEA4504038_01076,-,1,-,pseudo,pseudo,-,-,-,-,20201215,-
65058,47428307,CKV68_RS05330,CKV68_RS05330,SAMEA4504038_01078,-,1,-,class C sortase,protein-coding,-,-,-,class C sortase,20210424,-
65058,47428308,clpB,CKV68_RS05335,SAMEA4504038_01079,-,1,-,ATP-dependent chaperone ClpB,protein-coding,-,-,-,ATP-dependent chaperone ClpB,20210424,-
65058,47428309,CKV68_RS05340,CKV68_RS05340,SAMEA4504038_01080,-,1,-,ABC transporter ATP-binding protein,protein-coding,-,-,-,ABC transporter ATP-binding protein,20201215,-
65058,47428310,CKV68_RS05345,CKV68_RS05345,SAMEA4504038_01081,-,1,-,transporter,protein-coding,-,-,-,transporter,20201215,-
65058,47428311,CKV68_RS05350,CKV68_RS05350,SAMEA4504038_01082,-,1,-,hypothetical protein,protein-coding,-,-,-,hypothetical protein,20210403,-
65058,47428312,CKV68_RS05355,CKV68_RS05355,SAMEA4504038_01083,-,1,-,hypothetical protein,protein-coding,-,-,-,hypothetical protein,20210424,-
65058,47428313,CKV68_RS05360,CKV68_RS05360,SAMEA4504038_01084,-,1,-,sodium:glutamate symporter,protein-coding,-,-,-,sodium:glutamate symporter,20201215,-
65058,47428314,CKV68_RS05365,CKV68_RS05365,SAMEA4504038_01085,-,1,-,hypothetical protein,protein-coding,-,-,-,hypothetical protein,20201215,-
65058,47428315,CKV68_RS05370,CKV68_RS05370,SAMEA4504038_01086,-,1,-,oxidoreductase,protein-coding,-,-,-,oxidoreductase,20210123,-
65058,47428316,CKV68_RS05375,CKV68_RS05375,SAMEA4504038_01087,-,1,-,CPBP family intramembrane metalloprotease,protein-coding,-,-,-,CPBP family intramembrane metalloprotease,20210424,-
65058,47428317,CKV68_RS05380,CKV68_RS05380,SAMEA4504038_01088,-,1,-,hypothetical protein,protein-coding,-,-,-,hypothetical protein,20201215,-
65058,47428318,CKV68_RS05385,CKV68_RS05385,SAMEA4504038_01089,-,1,-,trypsin-like serine protease,protein-coding,-,-,-,trypsin-like serine protease,20210424,-
65058,47428319,CKV68_RS05390,CKV68_RS05390,SAMEA4504038_01090,-,1,-,DUF418 domain-containing protein,protein-coding,-,-,-,DUF418 domain-containing protein,20201215,-
65058,47428320,CKV68_RS05395,CKV68_RS05395,SAMEA4504038_01091,-,1,-,ABC transporter permease,protein-coding,-,-,-,ABC transporter permease,20210424,-
65058,47428321,CKV68_RS05400,CKV68_RS05400,SAMEA4504038_01092,-,1,-,ABC transporter ATP-binding protein,protein-coding,-,-,-,ABC transporter ATP-binding protein,20201215,-
65058,47428322,CKV68_RS05405,CKV68_RS05405,SAMEA4504038_01093,-,1,-,HlyD family efflux transporter periplasmic adaptor subunit,protein-coding,-,-,-,HlyD family efflux transporter periplasmic adaptor subunit,20210424,-
65058,47428323,CKV68_RS05410,CKV68_RS05410,SAMEA4504038_01094,-,1,-,carbon-nitrogen hydrolase family protein,protein-coding,-,-,-,carbon-nitrogen hydrolase family protein,20201215,-
65058,47428324,CKV68_RS05420,CKV68_RS05420,SAMEA4504038_01096,-,1,-,hypothetical protein,protein-coding,-,-,-,hypothetical protein,20201215,-
65058,47428325,adhP,CKV68_RS05425,SAMEA4504038_01097,-,1,-,alcohol dehydrogenase AdhP,protein-coding,-,-,-,alcohol dehydrogenase AdhP,20201215,-
65058,47428326,CKV68_RS05430,CKV68_RS05430,SAMEA4504038_01098,-,1,-,aldehyde dehydrogenase,protein-coding,-,-,-,aldehyde dehydrogenase,20201215,-
65058,47428327,CKV68_RS05435,CKV68_RS05435,SAMEA4504038_01099,-,1,-,hypothetical protein,protein-coding,-,-,-,hypothetical protein,20201215,-
65058,47428328,CKV68_RS05440,CKV68_RS05440,SAMEA4504038_01100,-,1,-,protease,protein-coding,-,-,-,protease,20210424,-
65058,47428329,CKV68_RS05445,CKV68_RS05445,SAMEA4504038_01101,-,1,-,helix-turn-helix transcriptional regulator,protein-coding,-,-,-,helix-turn-helix transcriptional regulator,20201215,-
65058,47428330,dnaJ,CKV68_RS05450,SAMEA4504038_01102,-,1,-,molecular chaperone DnaJ,protein-coding,-,-,-,molecular chaperone DnaJ,20210424,-
65058,47428331,grpE,CKV68_RS05455,SAMEA4504038_01103,-,1,-,nucleotide exchange factor GrpE,protein-coding,-,-,-,nucleotide exchange factor GrpE,20210123,-
65058,47428332,dnaK,CKV68_RS05460,SAMEA4504038_01104,-,1,-,molecular chaperone DnaK,protein-coding,-,-,-,molecular chaperone DnaK,20201215,-
65058,47428333,CKV68_RS05465,CKV68_RS05465,SAMEA4504038_01105,-,1,-,VWA domain-containing protein,protein-coding,-,-,-,VWA domain-containing protein,20210424,-
65058,47428334,CKV68_RS05470,CKV68_RS05470,SAMEA4504038_01106,-,1,-,cell surface protein,protein-coding,-,-,-,cell surface protein,20210424,-
65058,47428335,CKV68_RS05475,CKV68_RS05475,SAMEA4504038_01107,-,1,-,class C sortase,protein-coding,-,-,-,class C sortase,20210424,-
65058,47428336,CKV68_RS05480,CKV68_RS05480,SAMEA4504038_01108,-,1,-,AI-2E family transporter,protein-coding,-,-,-,AI-2E family transporter,20201215,-
65058,47428337,CKV68_RS05485,CKV68_RS05485,SAMEA4504038_01109,-,1,-,ATP-binding cassette domain-containing protein,protein-coding,-,-,-,ATP-binding cassette domain-containing protein,20210424,-
65058,47428338,CKV68_RS05490,CKV68_RS05490,SAMEA4504038_01110,-,1,-,dipeptide/oligopeptide/nickel ABC transporter permease/ATP-binding protein,protein-coding,-,-,-,dipeptide/oligopeptide/nickel ABC transporter permease/ATP-binding protein,20201215,-
65058,47428339,CKV68_RS05495,CKV68_RS05495,SAMEA4504038_01111,-,1,-,ABC transporter permease subunit,protein-coding,-,-,-,ABC transporter permease subunit,20210327,-
65058,47428340,CKV68_RS05500,CKV68_RS05500,SAMEA4504038_01112,-,1,-,ABC transporter substrate-binding protein,protein-coding,-,-,-,ABC transporter substrate-binding protein,20201215,-
65058,47428341,CKV68_RS05505,CKV68_RS05505,SAMEA4504038_01113,-,1,-,inorganic phosphate transporter,protein-coding,-,-,-,inorganic phosphate transporter,20210424,-
65058,47428342,CKV68_RS05510,CKV68_RS05510,SAMEA4504038_01114,-,1,-,hypothetical protein,protein-coding,-,-,-,hypothetical protein,20201215,-
65058,47428343,CKV68_RS05515,CKV68_RS05515,SAMEA4504038_01115,-,1,-,(Fe-S)-binding protein,protein-coding,-,-,-,(Fe-S)-binding protein,20210424,-
65058,47428344,CKV68_RS05520,CKV68_RS05520,SAMEA4504038_01116,-,1,-,DUF1707 domain-containing protein,protein-coding,-,-,-,DUF1707 domain-containing protein,20210424,-
65058,47428345,CKV68_RS05525,CKV68_RS05525,SAMEA4504038_01117,-,1,-,winged helix-turn-helix transcriptional regulator,protein-coding,-,-,-,winged helix-turn-helix transcriptional regulator,20210123,-
65058,47428346,CKV68_RS05530,CKV68_RS05530,SAMEA4504038_01118,-,1,-,ABC transporter ATP-binding protein,protein-coding,-,-,-,ABC transporter ATP-binding protein,20201215,-
65058,47428347,CKV68_RS05535,CKV68_RS05535,SAMEA4504038_01119,-,1,-,iron ABC transporter permease,protein-coding,-,-,-,iron ABC transporter permease,20210123,-
65058,47428348,CKV68_RS05540,CKV68_RS05540,SAMEA4504038_01120,-,1,-,ABC transporter substrate-binding protein,protein-coding,-,-,-,ABC transporter substrate-binding protein,20210406,-
65058,47428349,CKV68_RS05545,CKV68_RS05545,SAMEA4504038_01121,-,1,-,urease accessory protein UreD,protein-coding,-,-,-,urease accessory protein UreD,20210424,-
65058,47428350,ureG,CKV68_RS05550,SAMEA4504038_01122,-,1,-,urease accessory protein UreG,protein-coding,-,-,-,urease accessory protein UreG,20201215,-
65058,47428351,CKV68_RS05555,CKV68_RS05555,SAMEA4504038_01123,-,1,-,urease accessory protein UreF,protein-coding,-,-,-,urease accessory protein UreF,20210123,-
65058,47428352,CKV68_RS05560,CKV68_RS05560,SAMEA4504038_01124,-,1,-,urease accessory protein UreE,protein-coding,-,-,-,urease accessory protein UreE,20201215,-
65058,47428353,ureC,CKV68_RS05565,SAMEA4504038_01125,-,1,-,urease subunit alpha,protein-coding,-,-,-,urease subunit alpha,20201215,-
65058,47428354,CKV68_RS05570,CKV68_RS05570,SAMEA4504038_01126,-,1,-,urease subunit beta,protein-coding,-,-,-,urease subunit beta,20210123,-
65058,47428355,CKV68_RS05575,CKV68_RS05575,SAMEA4504038_01127,-,1,-,urease subunit gamma,protein-coding,-,-,-,urease subunit gamma,20201215,-
65058,47428356,CKV68_RS05580,CKV68_RS05580,SAMEA4504038_01128,-,1,-,DMT family transporter,protein-coding,-,-,-,DMT family transporter,20201215,-
65058,47428357,CKV68_RS05585,CKV68_RS05585,SAMEA4504038_01129,-,1,-,pyridoxal phosphate-dependent aminotransferase,protein-coding,-,-,-,pyridoxal phosphate-dependent aminotransferase,20201215,-
65058,47428358,CKV68_RS05590,CKV68_RS05590,SAMEA4504038_01130,-,1,-,YibE/F family protein,protein-coding,-,-,-,YibE/F family protein,20210424,-
65058,47428359,lysX,CKV68_RS05595,SAMEA4504038_01131,-,1,-,bifunctional lysylphosphatidylglycerol synthetase/lysine--tRNA ligase LysX,protein-coding,-,-,-,bifunctional lysylphosphatidylglycerol synthetase/lysine--tRNA ligase LysX,20210424,-
65058,47428360,CKV68_RS05600,CKV68_RS05600,SAMEA4504038_01132,-,1,-,alpha/beta fold hydrolase,protein-coding,-,-,-,alpha/beta fold hydrolase,20210424,-
65058,47428361,CKV68_RS05605,CKV68_RS05605,SAMEA4504038_01133,-,1,-,DUF998 domain-containing protein,protein-coding,-,-,-,DUF998 domain-containing protein,20210424,-
65058,47428362,CKV68_RS05610,CKV68_RS05610,SAMEA4504038_01134,-,1,-,hypothetical protein,protein-coding,-,-,-,hypothetical protein,20201215,-
65058,47428363,CKV68_RS05615,CKV68_RS05615,SAMEA4504038_01135,-,1,-,UDP-glucose/GDP-mannose dehydrogenase family protein,protein-coding,-,-,-,UDP-glucose/GDP-mannose dehydrogenase family protein,20201215,-
65058,47428364,CKV68_RS05620,CKV68_RS05620,SAMEA4504038_01136,-,1,-,dCTP deaminase,protein-coding,-,-,-,dCTP deaminase,20201215,-
65058,47428365,CKV68_RS05625,CKV68_RS05625,SAMEA4504038_01137,-,1,-,tRNA,tRNA,-,-,-,-,20201215,-
65058,47428366,CKV68_RS05630,CKV68_RS05630,SAMEA4504038_01138,-,1,-,NAD-dependent succinate-semialdehyde dehydrogenase,protein-coding,-,-,-,NAD-dependent succinate-semialdehyde dehydrogenase,20201215,-
65058,47428367,CKV68_RS05635,CKV68_RS05635,SAMEA4504038_01139,-,1,-,TetR/AcrR family transcriptional regulator,protein-coding,-,-,-,TetR/AcrR family transcriptional regulator,20201215,-
65058,47428368,CKV68_RS05640,CKV68_RS05640,SAMEA4504038_01140,-,1,-,ABC transporter ATP-binding protein,protein-coding,-,-,-,ABC transporter ATP-binding protein,20201215,-
65058,47428369,CKV68_RS05645,CKV68_RS05645,SAMEA4504038_01141,-,1,-,ABC transporter ATP-binding protein,protein-coding,-,-,-,ABC transporter ATP-binding protein,20201215,-
65058,47428370,CKV68_RS05650,CKV68_RS05650,SAMEA4504038_01142,-,1,-,ABC transporter ATP-binding protein,protein-coding,-,-,-,ABC transporter ATP-binding protein,20210424,-
65058,47428371,CKV68_RS05655,CKV68_RS05655,SAMEA4504038_01143,-,1,-,energy-coupling factor transporter transmembrane protein EcfT,protein-coding,-,-,-,energy-coupling factor transporter transmembrane protein EcfT,20210424,-
65058,47428372,CKV68_RS05660,CKV68_RS05660,SAMEA4504038_01144,-,1,-,MptD family putative ECF transporter S component,protein-coding,-,-,-,MptD family putative ECF transporter S component,20210424,-
65058,47428373,CKV68_RS05665,CKV68_RS05665,SAMEA4504038_01145,-,1,-,VanW family protein,protein-coding,-,-,-,VanW family protein,20210123,-
65058,47428374,CKV68_RS05670,CKV68_RS05670,SAMEA4504038_01146,-,1,-,glycoside hydrolase family 3 protein,protein-coding,-,-,-,glycoside hydrolase family 3 protein,20201215,-
65058,47428375,CKV68_RS05675,CKV68_RS05675,SAMEA4504038_01147,-,1,-,DUF2613 domain-containing protein,protein-coding,-,-,-,DUF2613 domain-containing protein,20210123,-
65058,47428376,CKV68_RS05680,CKV68_RS05680,SAMEA4504038_01148,-,1,-,DUF3367 domain-containing protein,protein-coding,-,-,-,DUF3367 domain-containing protein,20210424,-
65058,47428377,CKV68_RS05685,CKV68_RS05685,SAMEA4504038_01149,-,1,-,acyltransferase,protein-coding,-,-,-,acyltransferase,20201215,-
65058,47428378,CKV68_RS05690,CKV68_RS05690,SAMEA4504038_01150,-,1,-,DUF3068 domain-containing protein,protein-coding,-,-,-,DUF3068 domain-containing protein,20210424,-
65058,47428379,CKV68_RS05695,CKV68_RS05695,SAMEA4504038_01151,-,1,-,hypothetical protein,protein-coding,-,-,-,hypothetical protein,20201215,-
65058,47428380,CKV68_RS05705,CKV68_RS05705,SAMEA4504038_01153,-,1,-,class I SAM-dependent methyltransferase,protein-coding,-,-,-,class I SAM-dependent methyltransferase,20210424,-
65058,47428381,CKV68_RS05710,CKV68_RS05710,SAMEA4504038_01154,-,1,-,phosphoenolpyruvate carboxykinase (GTP),protein-coding,-,-,-,phosphoenolpyruvate carboxykinase (GTP),20210406,-
65058,47428382,trmB,CKV68_RS05715,SAMEA4504038_01155,-,1,-,tRNA (guanosine(46)-N7)-methyltransferase TrmB,protein-coding,-,-,-,tRNA (guanosine(46)-N7)-methyltransferase TrmB,20201215,-
65058,47428383,CKV68_RS05720,CKV68_RS05720,SAMEA4504038_01156,-,1,-,NYN domain-containing protein,protein-coding,-,-,-,NYN domain-containing protein,20201215,-
65058,47428384,CKV68_RS05725,CKV68_RS05725,SAMEA4504038_01157,-,1,-,MMPL family transporter,protein-coding,-,-,-,MMPL family transporter,20201215,-
65058,47428385,CKV68_RS05730,CKV68_RS05730,SAMEA4504038_01158,-,1,-,UPF0104 family protein,protein-coding,-,-,-,UPF0104 family protein,20201215,-
65058,47428386,CKV68_RS05735,CKV68_RS05735,SAMEA4504038_01159,-,1,-,DUF3054 domain-containing protein,protein-coding,-,-,-,DUF3054 domain-containing protein,20210424,-
65058,47428387,CKV68_RS05740,CKV68_RS05740,SAMEA4504038_01160,-,1,-,hypothetical protein,protein-coding,-,-,-,hypothetical protein,20201215,-
65058,47428388,CKV68_RS05745,CKV68_RS05745,SAMEA4504038_01161,-,1,-,DedA family protein,protein-coding,-,-,-,DedA family protein,20201215,-
65058,47428389,CKV68_RS05750,CKV68_RS05750,SAMEA4504038_01162,-,1,-,acyl-CoA carboxylase subunit beta,protein-coding,-,-,-,acyl-CoA carboxylase subunit beta,20201217,-
65058,47428390,CKV68_RS05755,CKV68_RS05755,SAMEA4504038_01163,-,1,-,alpha/beta fold hydrolase,protein-coding,-,-,-,alpha/beta fold hydrolase,20210424,-
65058,47428391,CKV68_RS05760,CKV68_RS05760,SAMEA4504038_01164,-,1,-,AMP-binding protein,protein-coding,-,-,-,AMP-binding protein,20210424,-
65058,47428392,CKV68_RS05765,CKV68_RS05765,SAMEA4504038_01165,-,1,-,cutinase family protein,protein-coding,-,-,-,cutinase family protein,20210417,-
65058,47428393,CKV68_RS05770,CKV68_RS05770,SAMEA4504038_01166,-,1,-,hypothetical protein,protein-coding,-,-,-,hypothetical protein,20201215,-
65058,47428394,CKV68_RS05775,CKV68_RS05775,SAMEA4504038_01167,-,1,-,hypothetical protein,protein-coding,-,-,-,hypothetical protein,20201215,-
65058,47428395,CKV68_RS05780,CKV68_RS05780,SAMEA4504038_01168,-,1,-,DUF2029 domain-containing protein,protein-coding,-,-,-,DUF2029 domain-containing protein,20210424,-
65058,47428396,CKV68_RS05785,CKV68_RS05785,SAMEA4504038_01169,-,1,-,esterase family protein,protein-coding,-,-,-,esterase family protein,20201215,-
65058,47428397,CKV68_RS05790,CKV68_RS05790,SAMEA4504038_01170,-,1,-,arabinofuranosyl transferase C,protein-coding,-,-,-,arabinofuranosyl transferase C,20201215,-
65058,47428398,CKV68_RS05795,CKV68_RS05795,SAMEA4504038_01171,-,1,-,decaprenyl-phosphate phosphoribosyltransferase,protein-coding,-,-,-,decaprenyl-phosphate phosphoribosyltransferase,20210424,-
65058,47428399,CKV68_RS05800,CKV68_RS05800,SAMEA4504038_01172,-,1,-,phosphatase PAP2 family protein,protein-coding,-,-,-,phosphatase PAP2 family protein,20201215,-
65058,47428400,CKV68_RS05805,CKV68_RS05805,SAMEA4504038_01173,-,1,-,glycosyltransferase,protein-coding,-,-,-,glycosyltransferase,20210406,-
65058,47428401,CKV68_RS05810,CKV68_RS05810,SAMEA4504038_01174,-,1,-,DUF5129 domain-containing protein,protein-coding,-,-,-,DUF5129 domain-containing protein,20210424,-
65058,47428402,CKV68_RS05815,CKV68_RS05815,SAMEA4504038_01175,-,1,-,phosphatase PAP2 family protein,protein-coding,-,-,-,phosphatase PAP2 family protein,20201215,-
65058,47428403,CKV68_RS05820,CKV68_RS05820,SAMEA4504038_01176,-,1,-,glycerophosphodiester phosphodiesterase,protein-coding,-,-,-,glycerophosphodiester phosphodiesterase,20201215,-
65058,47428404,CKV68_RS05825,CKV68_RS05825,SAMEA4504038_01177,-,1,-,MFS transporter,protein-coding,-,-,-,MFS transporter,20201215,-
65058,47428405,glf,CKV68_RS05830,SAMEA4504038_01178,-,1,-,UDP-galactopyranose mutase,protein-coding,-,-,-,UDP-galactopyranose mutase,20201215,-
65058,47428406,CKV68_RS05835,CKV68_RS05835,SAMEA4504038_01179,-,1,-,ABC transporter ATP-binding protein,protein-coding,-,-,-,ABC transporter ATP-binding protein,20201215,-
65058,47428407,CKV68_RS05840,CKV68_RS05840,SAMEA4504038_01180,-,1,-,iron ABC transporter permease,protein-coding,-,-,-,iron ABC transporter permease,20210129,-
65058,47428408,CKV68_RS05845,CKV68_RS05845,SAMEA4504038_01181,-,1,-,ABC transporter substrate-binding protein,protein-coding,-,-,-,ABC transporter substrate-binding protein,20201215,-
65058,47428409,CKV68_RS05850,CKV68_RS05850,SAMEA4504038_01182,-,1,-,N-acetylmuramoyl-L-alanine amidase,protein-coding,-,-,-,N-acetylmuramoyl-L-alanine amidase,20210424,-
65058,47428410,CKV68_RS05855,CKV68_RS05855,SAMEA4504038_01183,-,1,-,HAD family hydrolase,protein-coding,-,-,-,HAD family hydrolase,20210424,-
65058,47428411,CKV68_RS05860,CKV68_RS05860,SAMEA4504038_01184,-,1,-,1-acyl-sn-glycerol-3-phosphate acyltransferase,protein-coding,-,-,-,1-acyl-sn-glycerol-3-phosphate acyltransferase,20201215,-
65058,47428412,serS,CKV68_RS05865,SAMEA4504038_01185,-,1,-,serine--tRNA ligase,protein-coding,-,-,-,serine--tRNA ligase,20201215,-
65058,47428413,CKV68_RS05870,CKV68_RS05870,SAMEA4504038_01187,-,1,-,GntR family transcriptional regulator,protein-coding,-,-,-,GntR family transcriptional regulator,20201215,-
65058,47428414,CKV68_RS05875,CKV68_RS05875,SAMEA4504038_01188,-,1,-,septum formation family protein,protein-coding,-,-,-,septum formation family protein,20210123,-
65058,47428415,CKV68_RS05880,CKV68_RS05880,SAMEA4504038_01189,-,1,-,metallopeptidase family protein,protein-coding,-,-,-,metallopeptidase family protein,20201215,-
65058,47428416,CKV68_RS05885,CKV68_RS05885,SAMEA4504038_01190,-,1,-,histidine phosphatase family protein,protein-coding,-,-,-,histidine phosphatase family protein,20210406,-
65058,47428417,pheA,CKV68_RS05890,SAMEA4504038_01191,-,1,-,prephenate dehydratase,protein-coding,-,-,-,prephenate dehydratase,20201215,-
65058,47428418,CKV68_RS05895,CKV68_RS05895,SAMEA4504038_01192,-,1,-,amidase,protein-coding,-,-,-,amidase,20201215,-
65058,47428419,CKV68_RS05900,CKV68_RS05900,SAMEA4504038_01193,-,1,-,CPBP family intramembrane metalloprotease,protein-coding,-,-,-,CPBP family intramembrane metalloprotease,20210424,-
65058,47428420,CKV68_RS05905,CKV68_RS05905,SAMEA4504038_01194,-,1,-,LCP family protein,protein-coding,-,-,-,LCP family protein,20201215,-
65058,47428421,CKV68_RS05910,CKV68_RS05910,SAMEA4504038_01195,-,1,-,hypothetical protein,protein-coding,-,-,-,hypothetical protein,20210424,-
65058,47428422,CKV68_RS05915,CKV68_RS05915,SAMEA4504038_01196,-,1,-,HtaA domain-containing protein,protein-coding,-,-,-,HtaA domain-containing protein,20210424,-
65058,47428423,CKV68_RS05920,CKV68_RS05920,SAMEA4504038_01197,-,1,-,alanine:cation symporter family protein,protein-coding,-,-,-,alanine:cation symporter family protein,20210406,-
65058,47428424,CKV68_RS05925,CKV68_RS05925,SAMEA4504038_01198,-,1,-,hypothetical protein,protein-coding,-,-,-,hypothetical protein,20201215,-
65058,47428425,CKV68_RS05930,CKV68_RS05930,SAMEA4504038_01199,-,1,-,glycerophosphodiester phosphodiesterase,protein-coding,-,-,-,glycerophosphodiester phosphodiesterase,20201215,-
65058,47428426,CKV68_RS05935,CKV68_RS05935,-,-,1,-,pseudo,pseudo,-,-,-,-,20201215,-
65058,47428427,CKV68_RS05940,CKV68_RS05940,SAMEA4504038_01202,-,1,-,cytidine deaminase,protein-coding,-,-,-,cytidine deaminase,20201215,-
65058,47428428,CKV68_RS05945,CKV68_RS05945,SAMEA4504038_01203,-,1,-,thymidine phosphorylase,protein-coding,-,-,-,thymidine phosphorylase,20201215,-
65058,47428429,CKV68_RS05950,CKV68_RS05950,SAMEA4504038_01204,-,1,-,L-lactate dehydrogenase,protein-coding,-,-,-,L-lactate dehydrogenase,20201215,-
65058,47428430,msrA,CKV68_RS05955,SAMEA4504038_01205,-,1,-,peptide-methionine (S)-S-oxide reductase MsrA,protein-coding,-,-,-,peptide-methionine (S)-S-oxide reductase MsrA,20201215,-
65058,47428431,CKV68_RS05960,CKV68_RS05960,SAMEA4504038_01206,-,1,-,superoxide dismutase,protein-coding,-,-,-,superoxide dismutase,20201215,-
65058,47428432,CKV68_RS05965,CKV68_RS05965,SAMEA4504038_01207,-,1,-,NAD(P)H-dependent oxidoreductase,protein-coding,-,-,-,NAD(P)H-dependent oxidoreductase,20201215,-
65058,47428433,CKV68_RS05970,CKV68_RS05970,SAMEA4504038_01208,-,1,-,LysR family transcriptional regulator,protein-coding,-,-,-,LysR family transcriptional regulator,20210424,-
65058,47428434,CKV68_RS05975,CKV68_RS05975,SAMEA4504038_01209,-,1,-,MFS transporter,protein-coding,-,-,-,MFS transporter,20210424,-
65058,47428435,CKV68_RS05980,CKV68_RS05980,SAMEA4504038_01210,-,1,-,DUF2029 domain-containing protein,protein-coding,-,-,-,DUF2029 domain-containing protein,20210424,-
65058,47428436,CKV68_RS05985,CKV68_RS05985,SAMEA4504038_01211,-,1,-,TM0106 family RecB-like putative nuclease,protein-coding,-,-,-,TM0106 family RecB-like putative nuclease,20210424,-
65058,47428437,CKV68_RS05990,CKV68_RS05990,SAMEA4504038_01212,-,1,-,hypothetical protein,protein-coding,-,-,-,hypothetical protein,20201215,-
65058,47428438,CKV68_RS06000,CKV68_RS06000,SAMEA4504038_01213,-,1,-,Lsr2 family protein,protein-coding,-,-,-,Lsr2 family protein,20210123,-
65058,47428439,CKV68_RS06005,CKV68_RS06005,SAMEA4504038_01214,-,1,-,response regulator transcription factor,protein-coding,-,-,-,response regulator transcription factor,20201215,-
65058,47428440,CKV68_RS06010,CKV68_RS06010,SAMEA4504038_01215,-,1,-,sensor histidine kinase,protein-coding,-,-,-,sensor histidine kinase,20201215,-
65058,47428441,CKV68_RS06015,CKV68_RS06015,SAMEA4504038_01216,-,1,-,DUF2020 domain-containing protein,protein-coding,-,-,-,DUF2020 domain-containing protein,20210406,-
65058,47428442,CKV68_RS06025,CKV68_RS06025,SAMEA4504038_01218,-,1,-,class E sortase,protein-coding,-,-,-,class E sortase,20210406,-
65058,47428443,yidC,CKV68_RS06030,SAMEA4504038_01219,-,1,-,membrane protein insertase YidC,protein-coding,-,-,-,membrane protein insertase YidC,20210424,-
65058,47428444,CKV68_RS06035,CKV68_RS06035,SAMEA4504038_01220,-,1,-,TetR/AcrR family transcriptional regulator,protein-coding,-,-,-,TetR/AcrR family transcriptional regulator,20201215,-
65058,47428445,CKV68_RS06040,CKV68_RS06040,SAMEA4504038_01221,-,1,-,queuosine precursor transporter,protein-coding,-,-,-,queuosine precursor transporter,20210424,-
65058,47428446,CKV68_RS06045,CKV68_RS06045,SAMEA4504038_01222,-,1,-,GlsB/YeaQ/YmgE family stress response membrane protein,protein-coding,-,-,-,GlsB/YeaQ/YmgE family stress response membrane protein,20201215,-
65058,47428447,CKV68_RS06050,CKV68_RS06050,SAMEA4504038_01223,-,1,-,universal stress protein,protein-coding,-,-,-,universal stress protein,20210424,-
65058,47428448,CKV68_RS06055,CKV68_RS06055,SAMEA4504038_01224,-,1,-,23S rRNA pseudouridylate synthase,protein-coding,-,-,-,23S rRNA pseudouridylate synthase,20210424,-
65058,47428449,rrf,CKV68_RS06060,SAMEA4504038_01225,-,1,-,5S ribosomal RNA,rRNA,-,-,-,-,20201215,-
65058,47428450,CKV68_RS06065,CKV68_RS06065,SAMEA4504038_01226,-,1,-,23S ribosomal RNA,rRNA,-,-,-,-,20201215,-
65058,47428451,CKV68_RS06070,CKV68_RS06070,SAMEA4504038_01227,-,1,-,16S ribosomal RNA,rRNA,-,-,-,-,20201215,-
65058,47428452,CKV68_RS06075,CKV68_RS06075,SAMEA4504038_01228,-,1,-,DEAD/DEAH box helicase,protein-coding,-,-,-,DEAD/DEAH box helicase,20201215,-
65058,47428453,CKV68_RS06080,CKV68_RS06080,SAMEA4504038_01229,-,1,-,GntR family transcriptional regulator,protein-coding,-,-,-,GntR family transcriptional regulator,20201215,-
65058,47428454,CKV68_RS06085,CKV68_RS06085,SAMEA4504038_01230,-,1,-,NYN domain-containing protein,protein-coding,-,-,-,NYN domain-containing protein,20210424,-
65058,47428455,CKV68_RS06090,CKV68_RS06090,SAMEA4504038_01231,-,1,-,PspA/IM30 family protein,protein-coding,-,-,-,PspA/IM30 family protein,20201215,-
65058,47428456,trxA,CKV68_RS06095,SAMEA4504038_01232,-,1,-,thioredoxin,protein-coding,-,-,-,thioredoxin,20210123,-
65058,47428457,CKV68_RS06100,CKV68_RS06100,SAMEA4504038_01233,-,1,-,heavy-metal-associated domain-containing protein,protein-coding,-,-,-,heavy-metal-associated domain-containing protein,20201215,-
65058,47428458,CKV68_RS06105,CKV68_RS06105,SAMEA4504038_01234,-,1,-,copper-translocating P-type ATPase,protein-coding,-,-,-,copper-translocating P-type ATPase,20201215,-
65058,47428459,CKV68_RS06110,CKV68_RS06110,SAMEA4504038_01235,-,1,-,hypothetical protein,protein-coding,-,-,-,hypothetical protein,20201215,-
65058,47428460,CKV68_RS06115,CKV68_RS06115,SAMEA4504038_01236,-,1,-,MFS transporter,protein-coding,-,-,-,MFS transporter,20210424,-
65058,47428461,dnaB,CKV68_RS06120,SAMEA4504038_01237,-,1,-,replicative DNA helicase,protein-coding,-,-,-,replicative DNA helicase,20201215,-
65058,47428462,CKV68_RS06125,CKV68_RS06125,SAMEA4504038_01238,-,1,-,glycoside hydrolase family 15 protein,protein-coding,-,-,-,glycoside hydrolase family 15 protein,20201215,-
65058,47428463,rplI,CKV68_RS06135,SAMEA4504038_01239,-,1,-,50S ribosomal protein L9,protein-coding,-,-,-,50S ribosomal protein L9,20201215,-
65058,47428464,CKV68_RS06140,CKV68_RS06140,SAMEA4504038_01240,-,1,-,single-stranded DNA-binding protein,protein-coding,-,-,-,single-stranded DNA-binding protein,20201215,-
65058,47428465,rpsF,CKV68_RS06145,SAMEA4504038_01241,-,1,-,30S ribosomal protein S6,protein-coding,-,-,-,30S ribosomal protein S6,20201217,-
65058,47428467,CKV68_RS06155,CKV68_RS06155,SAMEA4504038_01242,-,1,-,hypothetical protein,protein-coding,-,-,-,hypothetical protein,20201215,-
65058,47428468,CKV68_RS06160,CKV68_RS06160,SAMEA4504038_01243,-,1,-,DUF2029 domain-containing protein,protein-coding,-,-,-,DUF2029 domain-containing protein,20210424,-
65058,47428469,CKV68_RS06165,CKV68_RS06165,SAMEA4504038_01244,-,1,-,penicillin-binding protein,protein-coding,-,-,-,penicillin-binding protein,20201215,-
65058,47428470,CKV68_RS06170,CKV68_RS06170,SAMEA4504038_01245,-,1,-,DUF5318 family protein,protein-coding,-,-,-,DUF5318 family protein,20210406,-
65058,47428471,CKV68_RS06175,CKV68_RS06175,SAMEA4504038_01246,-,1,-,MarR family transcriptional regulator,protein-coding,-,-,-,MarR family transcriptional regulator,20210406,-
65058,47428472,CKV68_RS06180,CKV68_RS06180,SAMEA4504038_01247,-,1,-,universal stress protein,protein-coding,-,-,-,universal stress protein,20201215,-
65058,47428473,CKV68_RS06185,CKV68_RS06185,SAMEA4504038_01248,-,1,-,SDR family oxidoreductase,protein-coding,-,-,-,SDR family oxidoreductase,20210424,-
65058,47428474,CKV68_RS06190,CKV68_RS06190,SAMEA4504038_01249,-,1,-,hypothetical protein,protein-coding,-,-,-,hypothetical protein,20201215,-
65058,47428475,CKV68_RS06195,CKV68_RS06195,SAMEA4504038_01250,-,1,-,rhodanese-related sulfurtransferase,protein-coding,-,-,-,rhodanese-related sulfurtransferase,20210424,-
65058,47428476,CKV68_RS06200,CKV68_RS06200,SAMEA4504038_01251,-,1,-,DedA family protein,protein-coding,-,-,-,DedA family protein,20201215,-
65058,47428477,CKV68_RS06205,CKV68_RS06205,SAMEA4504038_01252,-,1,-,HtaA domain-containing protein,protein-coding,-,-,-,HtaA domain-containing protein,20210424,-
65058,47428478,dps,CKV68_RS06210,SAMEA4504038_01253|pexB,-,1,-,DNA starvation/stationary phase protection protein Dps,protein-coding,-,-,-,DNA starvation/stationary phase protection protein Dps,20201215,-
65058,47428479,CKV68_RS06215,CKV68_RS06215,SAMEA4504038_01254,-,1,-,Fpg/Nei family DNA glycosylase,protein-coding,-,-,-,Fpg/Nei family DNA glycosylase,20210424,-
65058,47428480,CKV68_RS06220,CKV68_RS06220,SAMEA4504038_01255,-,1,-,bifunctional ADP-dependent NAD(P)H-hydrate dehydratase/NAD(P)H-hydrate epimerase,protein-coding,-,-,-,bifunctional ADP-dependent NAD(P)H-hydrate dehydratase/NAD(P)H-hydrate epimerase,20210424,-
65058,47428481,CKV68_RS06225,CKV68_RS06225,SAMEA4504038_01256,-,1,-,VanZ family protein,protein-coding,-,-,-,VanZ family protein,20201215,-
65058,47428482,CKV68_RS06230,CKV68_RS06230,SAMEA4504038_01257,-,1,-,YhgE/Pip family protein,protein-coding,-,-,-,YhgE/Pip family protein,20201215,-
65058,47428483,CKV68_RS06245,CKV68_RS06245,SAMEA4504038_01259,-,1,-,leucine--tRNA ligase,protein-coding,-,-,-,leucine--tRNA ligase,20201215,-
65058,47428484,CKV68_RS06250,CKV68_RS06250,SAMEA4504038_01260,-,1,-,ABC transporter ATP-binding protein,protein-coding,-,-,-,ABC transporter ATP-binding protein,20201215,-
65058,47428485,CKV68_RS06255,CKV68_RS06255,SAMEA4504038_01261,-,1,-,ABC transporter permease,protein-coding,-,-,-,ABC transporter permease,20210424,-
65058,47428486,CKV68_RS06260,CKV68_RS06260,SAMEA4504038_01262,-,1,-,choice-of-anchor M domain-containing protein,protein-coding,-,-,-,choice-of-anchor M domain-containing protein,20210424,-
65058,47428487,CKV68_RS06265,CKV68_RS06265,SAMEA4504038_01263,-,1,-,sensor histidine kinase,protein-coding,-,-,-,sensor histidine kinase,20210406,-
65058,47428488,CKV68_RS06270,CKV68_RS06270,SAMEA4504038_01264,-,1,-,response regulator transcription factor,protein-coding,-,-,-,response regulator transcription factor,20201215,-
65058,47428489,CKV68_RS06275,CKV68_RS06275,SAMEA4504038_01265,-,1,-,HtaA protein,protein-coding,-,-,-,HtaA protein,20201215,-
65058,47428490,CKV68_RS06280,CKV68_RS06280,SAMEA4504038_01266,-,1,-,pseudo,pseudo,-,-,-,-,20201215,-
65058,47428491,CKV68_RS06285,CKV68_RS06285,SAMEA4504038_01267,-,1,-,hypothetical protein,protein-coding,-,-,-,hypothetical protein,20201215,-
65058,47428492,CKV68_RS06290,CKV68_RS06290,SAMEA4504038_01268,-,1,-,choice-of-anchor M domain-containing protein,protein-coding,-,-,-,choice-of-anchor M domain-containing protein,20210424,-
65058,47428493,nagB,CKV68_RS06295,SAMEA4504038_01270,-,1,-,glucosamine-6-phosphate deaminase,protein-coding,-,-,-,glucosamine-6-phosphate deaminase,20201215,-
65058,47428494,CKV68_RS06300,CKV68_RS06300,SAMEA4504038_01271,-,1,-,amidohydrolase family protein,protein-coding,-,-,-,amidohydrolase family protein,20210123,-
65058,47428495,CKV68_RS06305,CKV68_RS06305,SAMEA4504038_01272,-,1,-,N-acetylmannosamine-6-phosphate 2-epimerase,protein-coding,-,-,-,N-acetylmannosamine-6-phosphate 2-epimerase,20210424,-
65058,47428496,CKV68_RS06310,CKV68_RS06310,SAMEA4504038_01273,-,1,-,ROK family protein,protein-coding,-,-,-,ROK family protein,20201215,-
65058,47428497,CKV68_RS06315,CKV68_RS06315,SAMEA4504038_01274,-,1,-,FadR family transcriptional regulator,protein-coding,-,-,-,FadR family transcriptional regulator,20201215,-
65058,47428498,CKV68_RS06320,CKV68_RS06320,SAMEA4504038_01275,-,1,-,ABC transporter substrate-binding protein,protein-coding,-,-,-,ABC transporter substrate-binding protein,20201215,-
65058,47428499,CKV68_RS06325,CKV68_RS06325,SAMEA4504038_01276,-,1,-,ABC transporter permease,protein-coding,-,-,-,ABC transporter permease,20201215,-
65058,47428500,CKV68_RS06330,CKV68_RS06330,SAMEA4504038_01277,-,1,-,dipeptide/oligopeptide/nickel ABC transporter permease/ATP-binding protein,protein-coding,-,-,-,dipeptide/oligopeptide/nickel ABC transporter permease/ATP-binding protein,20201215,-
65058,47428501,CKV68_RS06335,CKV68_RS06335,SAMEA4504038_01278,-,1,-,ABC transporter ATP-binding protein,protein-coding,-,-,-,ABC transporter ATP-binding protein,20201215,-
65058,47428502,CKV68_RS06340,CKV68_RS06340,SAMEA4504038_01279,-,1,-,dihydrodipicolinate synthase family protein,protein-coding,-,-,-,dihydrodipicolinate synthase family protein,20201215,-
65058,47428503,CKV68_RS06345,CKV68_RS06345,SAMEA4504038_01280,-,1,-,hypothetical protein,protein-coding,-,-,-,hypothetical protein,20201215,-
65058,47428504,CKV68_RS06350,CKV68_RS06350,SAMEA4504038_01281,-,1,-,amino acid permease,protein-coding,-,-,-,amino acid permease,20201215,-
65058,47428505,CKV68_RS06355,CKV68_RS06355,SAMEA4504038_01282,-,1,-,NAD-dependent succinate-semialdehyde dehydrogenase,protein-coding,-,-,-,NAD-dependent succinate-semialdehyde dehydrogenase,20201215,-
65058,47428506,gabT,CKV68_RS06360,SAMEA4504038_01283,-,1,-,4-aminobutyrate--2-oxoglutarate transaminase,protein-coding,-,-,-,4-aminobutyrate--2-oxoglutarate transaminase,20201215,-
65058,47428507,CKV68_RS06365,CKV68_RS06365,SAMEA4504038_01284,-,1,-,PucR family transcriptional regulator,protein-coding,-,-,-,PucR family transcriptional regulator,20210123,-
65058,47428508,CKV68_RS06370,CKV68_RS06370,SAMEA4504038_01285,-,1,-,NAD-dependent succinate-semialdehyde dehydrogenase,protein-coding,-,-,-,NAD-dependent succinate-semialdehyde dehydrogenase,20201215,-
65058,47428509,CKV68_RS06375,CKV68_RS06375,SAMEA4504038_01286,-,1,-,APC family permease,protein-coding,-,-,-,APC family permease,20201215,-
65058,47428510,CKV68_RS06380,CKV68_RS06380,SAMEA4504038_01287,-,1,-,universal stress protein,protein-coding,-,-,-,universal stress protein,20201215,-
65058,47428511,CKV68_RS06385,CKV68_RS06385,SAMEA4504038_01288,-,1,-,FAD-dependent oxidoreductase,protein-coding,-,-,-,FAD-dependent oxidoreductase,20210424,-
65058,47428512,CKV68_RS06390,CKV68_RS06390,SAMEA4504038_01289,-,1,-,TetR/AcrR family transcriptional regulator,protein-coding,-,-,-,TetR/AcrR family transcriptional regulator,20201215,-
65058,47428513,CKV68_RS06395,CKV68_RS06395,SAMEA4504038_01290,-,1,-,aldose epimerase,protein-coding,-,-,-,aldose epimerase,20210424,-
65058,47428514,CKV68_RS06400,CKV68_RS06400,SAMEA4504038_01291,-,1,-,hypothetical protein,protein-coding,-,-,-,hypothetical protein,20210424,-
65058,47428515,CKV68_RS06405,CKV68_RS06405,SAMEA4504038_01292,-,1,-,DUF1846 domain-containing protein,protein-coding,-,-,-,DUF1846 domain-containing protein,20210123,-
65058,47428516,CKV68_RS06410,CKV68_RS06410,SAMEA4504038_01293,-,1,-,DUF1508 domain-containing protein,protein-coding,-,-,-,DUF1508 domain-containing protein,20210123,-
65058,47428517,CKV68_RS06415,CKV68_RS06415,SAMEA4504038_01294,-,1,-,DUF4272 domain-containing protein,protein-coding,-,-,-,DUF4272 domain-containing protein,20210424,-
65058,47428518,CKV68_RS06420,CKV68_RS06420,SAMEA4504038_01295,-,1,-,DUF4862 family protein,protein-coding,-,-,-,DUF4862 family protein,20210424,-
65058,47428519,CKV68_RS06425,CKV68_RS06425,SAMEA4504038_01296,-,1,-,dicarboxylate/amino acid:cation symporter,protein-coding,-,-,-,dicarboxylate/amino acid:cation symporter,20210123,-
65058,47428520,CKV68_RS06430,CKV68_RS06430,SAMEA4504038_01297,-,1,-,squalene/phytoene synthase family protein,protein-coding,-,-,-,squalene/phytoene synthase family protein,20210424,-
65058,47428521,crtI,CKV68_RS06435,SAMEA4504038_01298,-,1,-,phytoene desaturase,protein-coding,-,-,-,phytoene desaturase,20210424,-
65058,47428522,CKV68_RS06440,CKV68_RS06440,SAMEA4504038_01299,-,1,-,SdpI family protein,protein-coding,-,-,-,SdpI family protein,20210424,-
65058,47428523,CKV68_RS06445,CKV68_RS06445,SAMEA4504038_01300,-,1,-,anthranilate synthase component 1,protein-coding,-,-,-,anthranilate synthase component 1,20210424,-
65058,47428524,CKV68_RS06450,CKV68_RS06450,SAMEA4504038_01301,-,1,-,anthranilate synthase component II,protein-coding,-,-,-,anthranilate synthase component II,20201215,-
65058,47428525,trpD,CKV68_RS06455,SAMEA4504038_01302,-,1,-,anthranilate phosphoribosyltransferase,protein-coding,-,-,-,anthranilate phosphoribosyltransferase,20201215,-
65058,47428526,trpCF,CKV68_RS06460,SAMEA4504038_01303,-,1,-,bifunctional indole-3-glycerol-phosphate synthase TrpC/phosphoribosylanthranilate isomerase TrpF,protein-coding,-,-,-,bifunctional indole-3-glycerol-phosphate synthase TrpC/phosphoribosylanthranilate isomerase TrpF,20210424,-
65058,47428527,trpB,CKV68_RS06465,SAMEA4504038_01304,-,1,-,tryptophan synthase subunit beta,protein-coding,-,-,-,tryptophan synthase subunit beta,20201215,-
65058,47428528,trpA,CKV68_RS06470,SAMEA4504038_01305,-,1,-,tryptophan synthase subunit alpha,protein-coding,-,-,-,tryptophan synthase subunit alpha,20201215,-
65058,47428529,CKV68_RS06475,CKV68_RS06475,SAMEA4504038_01306,-,1,-,Rieske 2Fe-2S domain-containing protein,protein-coding,-,-,-,Rieske 2Fe-2S domain-containing protein,20210424,-
65058,47428530,CKV68_RS06480,CKV68_RS06480,SAMEA4504038_01307,-,1,-,bile acid:sodium symporter,protein-coding,-,-,-,bile acid:sodium symporter,20210424,-
65058,47428531,CKV68_RS06485,CKV68_RS06485,SAMEA4504038_01308,-,1,-,hypothetical protein,protein-coding,-,-,-,hypothetical protein,20201215,-
65058,47428532,CKV68_RS06490,CKV68_RS06490,SAMEA4504038_01309,-,1,-,AzlD domain-containing protein,protein-coding,-,-,-,AzlD domain-containing protein,20210123,-
65058,47428533,CKV68_RS06495,CKV68_RS06495,SAMEA4504038_01310,-,1,-,AzlC family ABC transporter permease,protein-coding,-,-,-,AzlC family ABC transporter permease,20201215,-
65058,47428534,CKV68_RS06500,CKV68_RS06500,SAMEA4504038_01311,-,1,-,YqgE/AlgH family protein,protein-coding,-,-,-,YqgE/AlgH family protein,20210424,-
65058,47428535,CKV68_RS06505,CKV68_RS06505,SAMEA4504038_01312,-,1,-,CCA tRNA nucleotidyltransferase,protein-coding,-,-,-,CCA tRNA nucleotidyltransferase,20201215,-
65058,47428536,CKV68_RS06510,CKV68_RS06510,SAMEA4504038_01313,-,1,-,NUDIX hydrolase,protein-coding,-,-,-,NUDIX hydrolase,20210424,-
65058,47428537,CKV68_RS06515,CKV68_RS06515,SAMEA4504038_01314,-,1,-,hypothetical protein,protein-coding,-,-,-,hypothetical protein,20201215,-
65058,47428538,murJ,CKV68_RS06520,SAMEA4504038_01315,-,1,-,murein biosynthesis integral membrane protein MurJ,protein-coding,-,-,-,murein biosynthesis integral membrane protein MurJ,20201215,-
65058,47428539,CKV68_RS06525,CKV68_RS06525,SAMEA4504038_01316,-,1,-,sigma-70 family RNA polymerase sigma factor,protein-coding,-,-,-,sigma-70 family RNA polymerase sigma factor,20210424,-
65058,47428540,trxB,CKV68_RS06530,SAMEA4504038_01318,-,1,-,thioredoxin-disulfide reductase,protein-coding,-,-,-,thioredoxin-disulfide reductase,20201215,-
65058,47428541,trxA,CKV68_RS06535,SAMEA4504038_01319,-,1,-,thioredoxin,protein-coding,-,-,-,thioredoxin,20210123,-
65058,47428542,CKV68_RS06540,CKV68_RS06540,SAMEA4504038_01320,-,1,-,N-acetylmuramoyl-L-alanine amidase,protein-coding,-,-,-,N-acetylmuramoyl-L-alanine amidase,20201215,-
65058,47428543,CKV68_RS06545,CKV68_RS06545,SAMEA4504038_01321,-,1,-,hypothetical protein,protein-coding,-,-,-,hypothetical protein,20201215,-
65058,47428544,CKV68_RS06550,CKV68_RS06550,SAMEA4504038_01322,-,1,-,ParB/RepB/Spo0J family partition protein,protein-coding,-,-,-,ParB/RepB/Spo0J family partition protein,20210123,-
65058,47428545,CKV68_RS06555,CKV68_RS06555,SAMEA4504038_01323,-,1,-,ParA family protein,protein-coding,-,-,-,ParA family protein,20201215,-
65058,47428546,rsmG,CKV68_RS06560,SAMEA4504038_01324,-,1,-,16S rRNA (guanine(527)-N(7))-methyltransferase RsmG,protein-coding,-,-,-,16S rRNA (guanine(527)-N(7))-methyltransferase RsmG,20210424,-
65058,47428547,yidC,CKV68_RS06565,SAMEA4504038_01325,-,1,-,membrane protein insertase YidC,protein-coding,-,-,-,membrane protein insertase YidC,20201215,-
65058,47428548,yidD,CKV68_RS06570,SAMEA4504038_01326,-,1,-,membrane protein insertion efficiency factor YidD,protein-coding,-,-,-,membrane protein insertion efficiency factor YidD,20210406,-
65058,47428549,rnpA,CKV68_RS06575,SAMEA4504038_01327,-,1,-,ribonuclease P protein component,protein-coding,-,-,-,ribonuclease P protein component,20201215,-
65058,47428550,rpmH,CKV68_RS06580,SAMEA4504038_01328,-,1,-,50S ribosomal protein L34,protein-coding,-,-,-,50S ribosomal protein L34,20201215,-
65058,47428551,dnaA,CKV68_RS06585,SAMEA4504038_01329,-,1,-,chromosomal replication initiator protein DnaA,protein-coding,-,-,-,chromosomal replication initiator protein DnaA,20210424,-
65058,47428552,dnaN,CKV68_RS06595,SAMEA4504038_01330,-,1,-,DNA polymerase III subunit beta,protein-coding,-,-,-,DNA polymerase III subunit beta,20201215,-
65058,47428553,recF,CKV68_RS06600,SAMEA4504038_01331,-,1,-,DNA replication/repair protein RecF,protein-coding,-,-,-,DNA replication/repair protein RecF,20201215,-
65058,47428554,CKV68_RS06605,CKV68_RS06605,SAMEA4504038_01332,-,1,-,DUF721 domain-containing protein,protein-coding,-,-,-,DUF721 domain-containing protein,20201215,-
65058,47428555,gyrB,CKV68_RS06610,SAMEA4504038_01333,-,1,-,DNA topoisomerase (ATP-hydrolyzing) subunit B,protein-coding,-,-,-,DNA topoisomerase (ATP-hydrolyzing) subunit B,20201215,-
65058,47428556,CKV68_RS06615,CKV68_RS06615,SAMEA4504038_01334,-,1,-,hypothetical protein,protein-coding,-,-,-,hypothetical protein,20201215,-
65058,47428557,CKV68_RS06620,CKV68_RS06620,SAMEA4504038_01335,-,1,-,hypothetical protein,protein-coding,-,-,-,hypothetical protein,20201215,-
65058,47428558,CKV68_RS06625,CKV68_RS06625,SAMEA4504038_01336,-,1,-,hypothetical protein,protein-coding,-,-,-,hypothetical protein,20201215,-
65058,47428559,gyrA,CKV68_RS06630,SAMEA4504038_01337,-,1,-,DNA gyrase subunit A,protein-coding,-,-,-,DNA gyrase subunit A,20201215,-
65058,47428560,CKV68_RS06635,CKV68_RS06635,SAMEA4504038_01338,-,1,-,DUF3566 domain-containing protein,protein-coding,-,-,-,DUF3566 domain-containing protein,20210123,-
65058,47428561,CKV68_RS06640,CKV68_RS06640,SAMEA4504038_01339,-,1,-,tRNA,tRNA,-,-,-,-,20201215,-
65058,47428562,CKV68_RS06645,CKV68_RS06645,SAMEA4504038_01340,-,1,-,tRNA,tRNA,-,-,-,-,20201215,-
65058,47428563,CKV68_RS06650,CKV68_RS06650,SAMEA4504038_01341,-,1,-,YwiC-like family protein,protein-coding,-,-,-,YwiC-like family protein,20210424,-
65058,47428564,CKV68_RS06655,CKV68_RS06655,SAMEA4504038_01342,-,1,-,YPDG domain-containing protein,protein-coding,-,-,-,YPDG domain-containing protein,20210424,-
65058,47428565,CKV68_RS06660,CKV68_RS06660,SAMEA4504038_01343,-,1,-,tRNA,tRNA,-,-,-,-,20201215,-
65058,47428566,CKV68_RS06665,CKV68_RS06665,SAMEA4504038_01344,-,1,-,substrate-binding domain-containing protein,protein-coding,-,-,-,substrate-binding domain-containing protein,20210424,-
65058,47428567,CKV68_RS06670,CKV68_RS06670,SAMEA4504038_01345,-,1,-,ABC transporter permease,protein-coding,-,-,-,ABC transporter permease,20201215,-
65058,47428568,CKV68_RS06675,CKV68_RS06675,SAMEA4504038_01346,-,1,-,sugar ABC transporter ATP-binding protein,protein-coding,-,-,-,sugar ABC transporter ATP-binding protein,20201215,-
65058,47428569,CKV68_RS06680,CKV68_RS06680,SAMEA4504038_01347,-,1,-,hypothetical protein,protein-coding,-,-,-,hypothetical protein,20201215,-
65058,47428570,CKV68_RS06685,CKV68_RS06685,SAMEA4504038_01348,-,1,-,peptidylprolyl isomerase,protein-coding,-,-,-,peptidylprolyl isomerase,20201215,-
65058,47428571,CKV68_RS06690,CKV68_RS06690,SAMEA4504038_01349,-,1,-,rhomboid family intramembrane serine protease,protein-coding,-,-,-,rhomboid family intramembrane serine protease,20210424,-
65058,47428572,CKV68_RS06695,CKV68_RS06695,SAMEA4504038_01350,-,1,-,hypothetical protein,protein-coding,-,-,-,hypothetical protein,20210424,-
65058,47428573,CKV68_RS06700,CKV68_RS06700,SAMEA4504038_01351,-,1,-,transcriptional regulator,protein-coding,-,-,-,transcriptional regulator,20201215,-
65058,47428574,CKV68_RS06705,CKV68_RS06705,SAMEA4504038_01352,-,1,-,hypothetical protein,protein-coding,-,-,-,hypothetical protein,20210424,-
65058,47428575,cas2e,CKV68_RS06710,SAMEA4504038_01355,-,1,-,type I-E CRISPR-associated endoribonuclease Cas2,protein-coding,-,-,-,type I-E CRISPR-associated endoribonuclease Cas2,20210424,-
65058,47428576,cas1e,CKV68_RS06715,SAMEA4504038_01356,-,1,-,type I-E CRISPR-associated endonuclease Cas1,protein-coding,-,-,-,type I-E CRISPR-associated endonuclease Cas1,20210424,-
65058,47428577,CKV68_RS06720,CKV68_RS06720,SAMEA4504038_01357,-,1,-,CRISPR-associated helicase/endonuclease Cas3,protein-coding,-,-,-,CRISPR-associated helicase/endonuclease Cas3,20210424,-
65058,47428578,cas6e,CKV68_RS06725,SAMEA4504038_01358,-,1,-,type I-E CRISPR-associated protein Cas6/Cse3/CasE,protein-coding,-,-,-,type I-E CRISPR-associated protein Cas6/Cse3/CasE,20201215,-
65058,47428579,CKV68_RS06730,CKV68_RS06730,SAMEA4504038_01359,-,1,-,type I-E CRISPR-associated protein Cse1/CasA,protein-coding,-,-,-,type I-E CRISPR-associated protein Cse1/CasA,20201215,-
65058,47428580,CKV68_RS06735,CKV68_RS06735,SAMEA4504038_01360,-,1,-,type I-E CRISPR-associated protein Cse2/CasB,protein-coding,-,-,-,type I-E CRISPR-associated protein Cse2/CasB,20201215,-
65058,47428581,cas7e,CKV68_RS06740,SAMEA4504038_01361,-,1,-,type I-E CRISPR-associated protein Cas7/Cse4/CasC,protein-coding,-,-,-,type I-E CRISPR-associated protein Cas7/Cse4/CasC,20210123,-
65058,47428582,cas5e,CKV68_RS06745,SAMEA4504038_01362,-,1,-,type I-E CRISPR-associated protein Cas5/CasD,protein-coding,-,-,-,type I-E CRISPR-associated protein Cas5/CasD,20210424,-
65058,47428583,CKV68_RS06750,CKV68_RS06750,SAMEA4504038_01363,-,1,-,transposase,protein-coding,-,-,-,transposase,20210424,-
65058,47428584,CKV68_RS06755,CKV68_RS06755,SAMEA4504038_01364,-,1,-,phospholipase,protein-coding,-,-,-,phospholipase,20201215,-
65058,47428585,CKV68_RS06760,CKV68_RS06760,SAMEA4504038_01365,-,1,-,ABC transporter ATP-binding protein,protein-coding,-,-,-,ABC transporter ATP-binding protein,20201215,-
65058,47428586,CKV68_RS06765,CKV68_RS06765,SAMEA4504038_01366,-,1,-,iron chelate uptake ABC transporter family permease subunit,protein-coding,-,-,-,iron chelate uptake ABC transporter family permease subunit,20210424,-
65058,47428587,CKV68_RS06770,CKV68_RS06770,SAMEA4504038_01367,-,1,-,iron chelate uptake ABC transporter family permease subunit,protein-coding,-,-,-,iron chelate uptake ABC transporter family permease subunit,20210406,-
65058,47428588,CKV68_RS06775,CKV68_RS06775,SAMEA4504038_01368,-,1,-,iron-siderophore ABC transporter substrate-binding protein,protein-coding,-,-,-,iron-siderophore ABC transporter substrate-binding protein,20201215,-
65058,47428589,crgA,CKV68_RS06780,SAMEA4504038_01369,-,1,-,cell division protein CrgA,protein-coding,-,-,-,cell division protein CrgA,20201215,-
65058,47428590,pknB,CKV68_RS06785,SAMEA4504038_01370,-,1,-,Stk1 family PASTA domain-containing Ser/Thr kinase,protein-coding,-,-,-,Stk1 family PASTA domain-containing Ser/Thr kinase,20210424,-
65058,47428591,CKV68_RS06790,CKV68_RS06790,SAMEA4504038_01371,-,1,-,serine/threonine protein kinase,protein-coding,-,-,-,serine/threonine protein kinase,20201215,-
65058,47428592,CKV68_RS06795,CKV68_RS06795,SAMEA4504038_01372,-,1,-,penicillin-binding protein 2,protein-coding,-,-,-,penicillin-binding protein 2,20201215,-
65058,47428593,CKV68_RS06800,CKV68_RS06800,SAMEA4504038_01373,-,1,-,FtsW/RodA/SpoVE family cell cycle protein,protein-coding,-,-,-,FtsW/RodA/SpoVE family cell cycle protein,20201215,-
65058,47428594,CKV68_RS06805,CKV68_RS06805,SAMEA4504038_01374,-,1,-,serine/threonine-protein phosphatase,protein-coding,-,-,-,serine/threonine-protein phosphatase,20210424,-
65058,47428595,CKV68_RS06810,CKV68_RS06810,SAMEA4504038_01375,-,1,-,FHA domain-containing protein,protein-coding,-,-,-,FHA domain-containing protein,20201215,-
65058,47428596,CKV68_RS06815,CKV68_RS06815,SAMEA4504038_01376,-,1,-,DUF3662 and FHA domain-containing protein,protein-coding,-,-,-,DUF3662 and FHA domain-containing protein,20210424,-
65058,47428597,CKV68_RS06820,CKV68_RS06820,SAMEA4504038_01377,-,1,-,tRNA,tRNA,-,-,-,-,20201215,-
65058,47428598,CKV68_RS06825,CKV68_RS06825,SAMEA4504038_01378,-,1,-,ATP-binding protein,protein-coding,-,-,-,ATP-binding protein,20210424,-
65058,47428599,CKV68_RS06830,CKV68_RS06830,SAMEA4504038_01379,-,1,-,S8 family peptidase,protein-coding,-,-,-,S8 family peptidase,20201215,-
65058,47428600,CKV68_RS06835,CKV68_RS06835,SAMEA4504038_01380,-,1,-,hypothetical protein,protein-coding,-,-,-,hypothetical protein,20201215,-
65058,47428601,CKV68_RS06845,CKV68_RS06845,SAMEA4504038_01382,-,1,-,CPBP family intramembrane metalloprotease,protein-coding,-,-,-,CPBP family intramembrane metalloprotease,20210424,-
65058,47428602,CKV68_RS06850,CKV68_RS06850,SAMEA4504038_01383,-,1,-,sulfurtransferase,protein-coding,-,-,-,sulfurtransferase,20201215,-
65058,47428603,CKV68_RS06855,CKV68_RS06855,SAMEA4504038_01384,-,1,-,DUF2812 domain-containing protein,protein-coding,-,-,-,DUF2812 domain-containing protein,20210424,-
65058,47428604,CKV68_RS06860,CKV68_RS06860,SAMEA4504038_01385,-,1,-,PadR family transcriptional regulator,protein-coding,-,-,-,PadR family transcriptional regulator,20201215,-
65058,47428605,CKV68_RS06865,CKV68_RS06865,SAMEA4504038_01386,-,1,-,ABC transporter substrate-binding protein,protein-coding,-,-,-,ABC transporter substrate-binding protein,20210424,-
65058,47428606,CKV68_RS06870,CKV68_RS06870,SAMEA4504038_01387,-,1,-,ABC transporter ATP-binding protein,protein-coding,-,-,-,ABC transporter ATP-binding protein,20201215,-
65058,47428607,CKV68_RS06875,CKV68_RS06875,SAMEA4504038_01388,-,1,-,iron ABC transporter permease,protein-coding,-,-,-,iron ABC transporter permease,20210424,-
65058,47428608,CKV68_RS06880,CKV68_RS06880,SAMEA4504038_01389,-,1,-,magnesium transporter,protein-coding,-,-,-,magnesium transporter,20201215,-
65058,47428609,CKV68_RS06885,CKV68_RS06885,SAMEA4504038_01390,-,1,-,DUF3459 domain-containing protein,protein-coding,-,-,-,DUF3459 domain-containing protein,20210424,-
65058,47428610,CKV68_RS06890,CKV68_RS06890,SAMEA4504038_01391,-,1,-,hypothetical protein,protein-coding,-,-,-,hypothetical protein,20210424,-
65058,47428611,CKV68_RS06895,CKV68_RS06895,SAMEA4504038_01392,-,1,-,ATP-binding cassette domain-containing protein,protein-coding,-,-,-,ATP-binding cassette domain-containing protein,20210123,-
65058,47428612,CKV68_RS06900,CKV68_RS06900,SAMEA4504038_01393,-,1,-,SdpI family protein,protein-coding,-,-,-,SdpI family protein,20210123,-
65058,47428613,CKV68_RS06905,CKV68_RS06905,SAMEA4504038_01394,-,1,-,response regulator transcription factor,protein-coding,-,-,-,response regulator transcription factor,20201215,-
65058,47428614,CKV68_RS06910,CKV68_RS06910,SAMEA4504038_01395,-,1,-,two-component sensor histidine kinase,protein-coding,-,-,-,two-component sensor histidine kinase,20210424,-
65058,47428615,CKV68_RS06915,CKV68_RS06915,SAMEA4504038_01396,-,1,-,hypothetical protein,protein-coding,-,-,-,hypothetical protein,20201215,-
65058,47428616,CKV68_RS06920,CKV68_RS06920,SAMEA4504038_01397,-,1,-,hypothetical protein,protein-coding,-,-,-,hypothetical protein,20201215,-
65058,47428617,CKV68_RS06925,CKV68_RS06925,SAMEA4504038_01398,-,1,-,MFS transporter,protein-coding,-,-,-,MFS transporter,20210406,-
65058,47428618,CKV68_RS06930,CKV68_RS06930,SAMEA4504038_01400,-,1,-,anti-sigma factor,protein-coding,-,-,-,anti-sigma factor,20210406,-
65058,47428619,CKV68_RS06935,CKV68_RS06935,SAMEA4504038_01401,-,1,-,sigma-70 family RNA polymerase sigma factor,protein-coding,-,-,-,sigma-70 family RNA polymerase sigma factor,20210406,-
65058,47428620,CKV68_RS06940,CKV68_RS06940,SAMEA4504038_01402,-,1,-,hypothetical protein,protein-coding,-,-,-,hypothetical protein,20201215,-
65058,47428621,CKV68_RS06950,CKV68_RS06950,SAMEA4504038_01404,-,1,-,cytochrome c biogenesis protein DipZ,protein-coding,-,-,-,cytochrome c biogenesis protein DipZ,20210406,-
65058,47428622,CKV68_RS06955,CKV68_RS06955,SAMEA4504038_01405,-,1,-,hypothetical protein,protein-coding,-,-,-,hypothetical protein,20201215,-
65058,47428623,CKV68_RS06960,CKV68_RS06960,SAMEA4504038_01406,-,1,-,ABC transporter permease subunit,protein-coding,-,-,-,ABC transporter permease subunit,20210406,-
65058,47428624,CKV68_RS06965,CKV68_RS06965,SAMEA4504038_01407,-,1,-,ABC transporter permease,protein-coding,-,-,-,ABC transporter permease,20201215,-
65058,47428625,CKV68_RS06970,CKV68_RS06970,SAMEA4504038_01408,-,1,-,ATP-binding cassette domain-containing protein,protein-coding,-,-,-,ATP-binding cassette domain-containing protein,20210406,-
65058,47428626,CKV68_RS06975,CKV68_RS06975,SAMEA4504038_01409,-,1,-,pseudo,pseudo,-,-,-,-,20201215,-
65058,47428627,CKV68_RS06980,CKV68_RS06980,SAMEA4504038_01410,-,1,-,transposase,protein-coding,-,-,-,transposase,20210123,-
65058,47428628,CKV68_RS06985,CKV68_RS06985,-,-,1,-,replication initiation protein,protein-coding,-,-,-,replication initiation protein,20210424,-
65058,47428629,CKV68_RS06990,CKV68_RS06990,SAMEA4504038_01413,-,1,-,histidine kinase,protein-coding,-,-,-,histidine kinase,20210406,-
65058,47428630,CKV68_RS06995,CKV68_RS06995,SAMEA4504038_01414,-,1,-,response regulator transcription factor,protein-coding,-,-,-,response regulator transcription factor,20201215,-
65058,47428631,CKV68_RS07000,CKV68_RS07000,SAMEA4504038_01415,-,1,-,hypothetical protein,protein-coding,-,-,-,hypothetical protein,20201215,-
65058,47428632,CKV68_RS07015,CKV68_RS07015,SAMEA4504038_01418,-,1,-,hypothetical protein,protein-coding,-,-,-,hypothetical protein,20201215,-
65058,47428633,CKV68_RS07020,CKV68_RS07020,SAMEA4504038_01419,-,1,-,antitoxin,protein-coding,-,-,-,antitoxin,20210129,-
65058,47428634,CKV68_RS07025,CKV68_RS07025,SAMEA4504038_01420,-,1,-,M20/M25/M40 family metallo-hydrolase,protein-coding,-,-,-,M20/M25/M40 family metallo-hydrolase,20210424,-
65058,47428635,bioB,CKV68_RS07030,SAMEA4504038_01421,-,1,-,biotin synthase BioB,protein-coding,-,-,-,biotin synthase BioB,20201215,-
65058,47428636,CKV68_RS07035,CKV68_RS07035,SAMEA4504038_01422,-,1,-,hypothetical protein,protein-coding,-,-,-,hypothetical protein,20201215,-
65058,47428637,CKV68_RS07040,CKV68_RS07040,SAMEA4504038_01423,-,1,-,MepB family protein,protein-coding,-,-,-,MepB family protein,20210406,-
65058,47428638,amn,CKV68_RS07045,SAMEA4504038_01424,-,1,-,AMP nucleosidase,protein-coding,-,-,-,AMP nucleosidase,20201215,-
65058,47428639,CKV68_RS07050,CKV68_RS07050,SAMEA4504038_01425,-,1,-,hypothetical protein,protein-coding,-,-,-,hypothetical protein,20201215,-
65058,47428640,CKV68_RS07055,CKV68_RS07055,SAMEA4504038_01426,-,1,-,"1,4-alpha-glucan branching protein",protein-coding,-,-,-,"1,4-alpha-glucan branching protein",20210424,-
65058,47428641,CKV68_RS07060,CKV68_RS07060,SAMEA4504038_01427,-,1,-,glycoside hydrolase family 25 protein,protein-coding,-,-,-,glycoside hydrolase family 25 protein,20201215,-
65058,47428642,CKV68_RS07065,CKV68_RS07065,SAMEA4504038_01428,-,1,-,inositol-3-phosphate synthase,protein-coding,-,-,-,inositol-3-phosphate synthase,20210424,-
65058,47428643,CKV68_RS07070,CKV68_RS07070,SAMEA4504038_01429,-,1,-,VIT family protein,protein-coding,-,-,-,VIT family protein,20201215,-
65058,47428644,CKV68_RS07075,CKV68_RS07075,SAMEA4504038_01430,-,1,-,TetR/AcrR family transcriptional regulator,protein-coding,-,-,-,TetR/AcrR family transcriptional regulator,20201215,-
65058,47428645,CKV68_RS07080,CKV68_RS07080,SAMEA4504038_01431,-,1,-,DHA2 family efflux MFS transporter permease subunit,protein-coding,-,-,-,DHA2 family efflux MFS transporter permease subunit,20210424,-
65058,47428646,CKV68_RS07085,CKV68_RS07085,SAMEA4504038_01432,-,1,-,Fic family protein,protein-coding,-,-,-,Fic family protein,20201215,-
65058,47428648,CKV68_RS07095,CKV68_RS07095,SAMEA4504038_01433,-,1,-,hypothetical protein,protein-coding,-,-,-,hypothetical protein,20201215,-
65058,47428649,cas2,CKV68_RS07100,SAMEA4504038_01434,-,1,-,CRISPR-associated endonuclease Cas2,protein-coding,-,-,-,CRISPR-associated endonuclease Cas2,20201215,-
65058,47428650,cas1,CKV68_RS07105,SAMEA4504038_01435,-,1,-,CRISPR-associated endonuclease Cas1,protein-coding,-,-,-,CRISPR-associated endonuclease Cas1,20210406,-
65058,47428651,CKV68_RS07110,CKV68_RS07110,SAMEA4504038_01436,-,1,-,CRISPR-associated protein,protein-coding,-,-,-,CRISPR-associated protein,20201215,-
65058,47428652,cas3u,CKV68_RS07115,SAMEA4504038_01437,-,1,-,type I-U CRISPR-associated helicase/endonuclease Cas3,protein-coding,-,-,-,type I-U CRISPR-associated helicase/endonuclease Cas3,20210424,-
65058,47428653,cas5u6u,CKV68_RS07120,SAMEA4504038_01438,-,1,-,type I-U CRISPR-associated protein Cas5/Cas6,protein-coding,-,-,-,type I-U CRISPR-associated protein Cas5/Cas6,20201215,-
65058,47428654,cas7u,CKV68_RS07125,SAMEA4504038_01439,-,1,-,type I-U CRISPR-associated protein Cas7,protein-coding,-,-,-,type I-U CRISPR-associated protein Cas7,20210424,-
65058,47428655,CKV68_RS07135,CKV68_RS07135,SAMEA4504038_01441,-,1,-,triacylglycerol lipase,protein-coding,-,-,-,triacylglycerol lipase,20201215,-
65058,47428656,CKV68_RS07140,CKV68_RS07140,SAMEA4504038_01442,-,1,-,nitroreductase family protein,protein-coding,-,-,-,nitroreductase family protein,20210424,-
65058,47428657,CKV68_RS07145,CKV68_RS07145,SAMEA4504038_01443,-,1,-,gamma carbonic anhydrase family protein,protein-coding,-,-,-,gamma carbonic anhydrase family protein,20201215,-
65058,47428658,CKV68_RS07150,CKV68_RS07150,SAMEA4504038_01444,-,1,-,ROK family protein,protein-coding,-,-,-,ROK family protein,20201215,-
65058,47428659,CKV68_RS07155,CKV68_RS07155,SAMEA4504038_01445,-,1,-,PepSY domain-containing protein,protein-coding,-,-,-,PepSY domain-containing protein,20201215,-
65058,47428660,CKV68_RS07160,CKV68_RS07160,SAMEA4504038_01446,-,1,-,TIGR00730 family Rossman fold protein,protein-coding,-,-,-,TIGR00730 family Rossman fold protein,20210123,-
65058,47428661,CKV68_RS07165,CKV68_RS07165,SAMEA4504038_01447,-,1,-,DUF885 domain-containing protein,protein-coding,-,-,-,DUF885 domain-containing protein,20210123,-
65058,47428662,CKV68_RS07170,CKV68_RS07170,SAMEA4504038_01448,-,1,-,MarR family transcriptional regulator,protein-coding,-,-,-,MarR family transcriptional regulator,20201215,-
65058,47428663,CKV68_RS07175,CKV68_RS07175,SAMEA4504038_01449,-,1,-,hypothetical protein,protein-coding,-,-,-,hypothetical protein,20201215,-
65058,47428664,CKV68_RS07180,CKV68_RS07180,SAMEA4504038_01450,-,1,-,hypothetical protein,protein-coding,-,-,-,hypothetical protein,20201215,-
65058,47428665,CKV68_RS07185,CKV68_RS07185,SAMEA4504038_01451,-,1,-,AbrB family transcriptional regulator,protein-coding,-,-,-,AbrB family transcriptional regulator,20210424,-
65058,47428666,CKV68_RS07190,CKV68_RS07190,SAMEA4504038_01452,-,1,-,hypothetical protein,protein-coding,-,-,-,hypothetical protein,20201215,-
65058,47428667,CKV68_RS07195,CKV68_RS07195,SAMEA4504038_01453,-,1,-,TSUP family transporter,protein-coding,-,-,-,TSUP family transporter,20210424,-
65058,47428668,CKV68_RS07200,CKV68_RS07200,SAMEA4504038_01454,-,1,-,PTS sugar transporter subunit IIA,protein-coding,-,-,-,PTS sugar transporter subunit IIA,20210424,-
65058,47428669,CKV68_RS07205,CKV68_RS07205,SAMEA4504038_01455,-,1,-,PTS ascorbate transporter subunit IIC,protein-coding,-,-,-,PTS ascorbate transporter subunit IIC,20201215,-
65058,47428670,hrpB,CKV68_RS07210,SAMEA4504038_01456,-,1,-,ATP-dependent helicase HrpB,protein-coding,-,-,-,ATP-dependent helicase HrpB,20201215,-
65058,47428671,CKV68_RS07215,CKV68_RS07215,SAMEA4504038_01457,-,1,-,sugar O-acetyltransferase,protein-coding,-,-,-,sugar O-acetyltransferase,20201215,-
65058,47428672,CKV68_RS07220,CKV68_RS07220,SAMEA4504038_01458,-,1,-,alpha-ketoglutarate-dependent dioxygenase AlkB,protein-coding,-,-,-,alpha-ketoglutarate-dependent dioxygenase AlkB,20210327,-
65058,47428673,CKV68_RS07225,CKV68_RS07225,SAMEA4504038_01459,-,1,-,DNA-3-methyladenine glycosylase I,protein-coding,-,-,-,DNA-3-methyladenine glycosylase I,20210123,-
65058,47428674,CKV68_RS07230,CKV68_RS07230,SAMEA4504038_01460,-,1,-,SDR family oxidoreductase,protein-coding,-,-,-,SDR family oxidoreductase,20201215,-
65058,47428675,CKV68_RS07235,CKV68_RS07235,SAMEA4504038_01461,-,1,-,LysE family translocator,protein-coding,-,-,-,LysE family translocator,20201215,-
65058,47428676,CKV68_RS07240,CKV68_RS07240,SAMEA4504038_01462,-,1,-,heavy metal-binding domain-containing protein,protein-coding,-,-,-,heavy metal-binding domain-containing protein,20210129,-
65058,47428677,CKV68_RS07245,CKV68_RS07245,SAMEA4504038_01463,-,1,-,RNA-binding S4 domain-containing protein,protein-coding,-,-,-,RNA-binding S4 domain-containing protein,20210123,-
65058,47428678,CKV68_RS07250,CKV68_RS07250,SAMEA4504038_01464,-,1,-,VOC family protein,protein-coding,-,-,-,VOC family protein,20210123,-
65058,47428679,CKV68_RS07255,CKV68_RS07255,SAMEA4504038_01465,-,1,-,MGMT family protein,protein-coding,-,-,-,MGMT family protein,20210327,-
65058,47428680,CKV68_RS07260,CKV68_RS07260,SAMEA4504038_01466,-,1,-,HNH endonuclease,protein-coding,-,-,-,HNH endonuclease,20210424,-
65058,47428681,glpK,CKV68_RS07265,SAMEA4504038_01467,-,1,-,glycerol kinase GlpK,protein-coding,-,-,-,glycerol kinase GlpK,20210424,-
65058,47428682,CKV68_RS07270,CKV68_RS07270,SAMEA4504038_01468,-,1,-,aquaporin family protein,protein-coding,-,-,-,aquaporin family protein,20201215,-
65058,47428683,CKV68_RS07275,CKV68_RS07275,SAMEA4504038_01469,-,1,-,alpha/beta hydrolase fold domain-containing protein,protein-coding,-,-,-,alpha/beta hydrolase fold domain-containing protein,20201215,-
65058,47428684,CKV68_RS07280,CKV68_RS07280,SAMEA4504038_01470,-,1,-,peptidase M13,protein-coding,-,-,-,peptidase M13,20210424,-
65058,47428685,CKV68_RS07285,CKV68_RS07285,SAMEA4504038_01471,-,1,-,hypothetical protein,protein-coding,-,-,-,hypothetical protein,20201215,-
65058,47428686,CKV68_RS07290,CKV68_RS07290,SAMEA4504038_01472,-,1,-,PrsW family intramembrane metalloprotease,protein-coding,-,-,-,PrsW family intramembrane metalloprotease,20210123,-
65058,47428687,CKV68_RS07295,CKV68_RS07295,SAMEA4504038_01473,-,1,-,ABC transporter substrate-binding protein,protein-coding,-,-,-,ABC transporter substrate-binding protein,20201215,-
65058,47428688,CKV68_RS07300,CKV68_RS07300,SAMEA4504038_01474,-,1,-,arabinosyltransferase domain-containing protein,protein-coding,-,-,-,arabinosyltransferase domain-containing protein,20210123,-
65058,47428689,CKV68_RS07305,CKV68_RS07305,SAMEA4504038_01475,-,1,-,arabinofuranosyltransferase,protein-coding,-,-,-,arabinofuranosyltransferase,20210406,-
65058,47428690,CKV68_RS07310,CKV68_RS07310,SAMEA4504038_01476,-,1,-,decaprenylphospho-beta-D-erythro-pentofuranosid-2-ulose 2-reductase,protein-coding,-,-,-,decaprenylphospho-beta-D-erythro-pentofuranosid-2-ulose 2-reductase,20210406,-
65058,47428691,CKV68_RS07315,CKV68_RS07315,SAMEA4504038_01477,-,1,-,FAD-binding oxidoreductase,protein-coding,-,-,-,FAD-binding oxidoreductase,20201215,-
65058,47428692,CKV68_RS07320,CKV68_RS07320,SAMEA4504038_01478,-,1,-,hypothetical protein,protein-coding,-,-,-,hypothetical protein,20201215,-
65058,47428693,CKV68_RS07325,CKV68_RS07325,SAMEA4504038_01479,-,1,-,hypothetical protein,protein-coding,-,-,-,hypothetical protein,20201215,-
65058,47428694,CKV68_RS07330,CKV68_RS07330,SAMEA4504038_01480,-,1,-,hypothetical protein,protein-coding,-,-,-,hypothetical protein,20201215,-
65058,47428695,CKV68_RS07335,CKV68_RS07335,SAMEA4504038_01481,-,1,-,hypothetical protein,protein-coding,-,-,-,hypothetical protein,20201215,-
65058,47428696,CKV68_RS07340,CKV68_RS07340,SAMEA4504038_01482,-,1,-,GtrA family protein,protein-coding,-,-,-,GtrA family protein,20201215,-
65058,47428697,CKV68_RS07345,CKV68_RS07345,SAMEA4504038_01483,-,1,-,glycosyltransferase family 2 protein,protein-coding,-,-,-,glycosyltransferase family 2 protein,20201215,-
65058,47428698,CKV68_RS07350,CKV68_RS07350,SAMEA4504038_01484,-,1,-,zinc ABC transporter substrate-binding protein,protein-coding,-,-,-,zinc ABC transporter substrate-binding protein,20210424,-
65058,47428699,CKV68_RS07355,CKV68_RS07355,SAMEA4504038_01485,-,1,-,metal ABC transporter ATP-binding protein,protein-coding,-,-,-,metal ABC transporter ATP-binding protein,20201215,-
65058,47428700,CKV68_RS07360,CKV68_RS07360,SAMEA4504038_01486,-,1,-,metal ABC transporter permease,protein-coding,-,-,-,metal ABC transporter permease,20210424,-
65058,47428701,CKV68_RS07365,CKV68_RS07365,SAMEA4504038_01487,-,1,-,metal ABC transporter permease,protein-coding,-,-,-,metal ABC transporter permease,20201215,-
65058,47428702,CKV68_RS07370,CKV68_RS07370,SAMEA4504038_01488,-,1,-,zinc ABC transporter substrate-binding protein,protein-coding,-,-,-,zinc ABC transporter substrate-binding protein,20210424,-
65058,47428703,CKV68_RS07375,CKV68_RS07375,SAMEA4504038_01489,-,1,-,phosphatase PAP2 family protein,protein-coding,-,-,-,phosphatase PAP2 family protein,20210424,-
65058,47428704,CKV68_RS07380,CKV68_RS07380,SAMEA4504038_01490,-,1,-,ABC transporter ATP-binding protein,protein-coding,-,-,-,ABC transporter ATP-binding protein,20201215,-
65058,47428705,CKV68_RS07385,CKV68_RS07385,SAMEA4504038_01491,-,1,-,ABC transporter permease,protein-coding,-,-,-,ABC transporter permease,20201215,-
65058,47428706,CKV68_RS07390,CKV68_RS07390,SAMEA4504038_01492,-,1,-,aminotransferase class V-fold PLP-dependent enzyme,protein-coding,-,-,-,aminotransferase class V-fold PLP-dependent enzyme,20210123,-
65058,47428707,CKV68_RS07395,CKV68_RS07395,-,-,1,-,NAD(P)H-quinone oxidoreductase,protein-coding,-,-,-,NAD(P)H-quinone oxidoreductase,20201215,-
65058,47428708,CKV68_RS07400,CKV68_RS07400,SAMEA4504038_01493,-,1,-,tRNA,tRNA,-,-,-,-,20201215,-
65058,47428709,CKV68_RS07405,CKV68_RS07405,SAMEA4504038_01494,-,1,-,serine hydrolase,protein-coding,-,-,-,serine hydrolase,20210424,-
65058,47428710,CKV68_RS07410,CKV68_RS07410,SAMEA4504038_01495,-,1,-,hypothetical protein,protein-coding,-,-,-,hypothetical protein,20201215,-
65058,47428711,hisC,CKV68_RS07415,SAMEA4504038_01496,-,1,-,histidinol-phosphate transaminase,protein-coding,-,-,-,histidinol-phosphate transaminase,20201215,-
65058,47428712,CKV68_RS07420,CKV68_RS07420,SAMEA4504038_01497,-,1,-,tRNA,tRNA,-,-,-,-,20201215,-
65058,47428713,CKV68_RS07425,CKV68_RS07425,SAMEA4504038_01498,-,1,-,tRNA,tRNA,-,-,-,-,20201215,-
65058,47428714,CKV68_RS07430,CKV68_RS07430,SAMEA4504038_01499,-,1,-,DASS family sodium-coupled anion symporter,protein-coding,-,-,-,DASS family sodium-coupled anion symporter,20210424,-
65058,47428715,CKV68_RS07435,CKV68_RS07435,SAMEA4504038_01500,-,1,-,PRD domain-containing protein,protein-coding,-,-,-,PRD domain-containing protein,20210424,-
65058,47428716,CKV68_RS07440,CKV68_RS07440,SAMEA4504038_01501,-,1,-,PTS transporter subunit EIIC,protein-coding,-,-,-,PTS transporter subunit EIIC,20210424,-
65058,47428717,CKV68_RS07450,CKV68_RS07450,SAMEA4504038_01503,-,1,-,VOC family protein,protein-coding,-,-,-,VOC family protein,20201215,-
65058,47428718,CKV68_RS07455,CKV68_RS07455,SAMEA4504038_01504,-,1,-,tRNA,tRNA,-,-,-,-,20201215,-
65058,47428719,CKV68_RS07460,CKV68_RS07460,SAMEA4504038_01505,-,1,-,hypothetical protein,protein-coding,-,-,-,hypothetical protein,20201215,-
65058,47428720,CKV68_RS07465,CKV68_RS07465,SAMEA4504038_01506,-,1,-,hypothetical protein,protein-coding,-,-,-,hypothetical protein,20201215,-
65058,47428721,CKV68_RS07470,CKV68_RS07470,SAMEA4504038_01507,-,1,-,PLP-dependent aminotransferase family protein,protein-coding,-,-,-,PLP-dependent aminotransferase family protein,20201215,-
65058,47428722,pdxS,CKV68_RS07475,SAMEA4504038_01508,-,1,-,pyridoxal 5'-phosphate synthase lyase subunit PdxS,protein-coding,-,-,-,pyridoxal 5'-phosphate synthase lyase subunit PdxS,20201215,-
65058,47428723,pdxT,CKV68_RS07480,SAMEA4504038_01509,-,1,-,pyridoxal 5'-phosphate synthase glutaminase subunit PdxT,protein-coding,-,-,-,pyridoxal 5'-phosphate synthase glutaminase subunit PdxT,20210424,-
65058,47428724,CKV68_RS07485,CKV68_RS07485,SAMEA4504038_01510,-,1,-,hypothetical protein,protein-coding,-,-,-,hypothetical protein,20210424,-
65058,47428725,CKV68_RS07490,CKV68_RS07490,SAMEA4504038_01511,-,1,-,prephenate dehydrogenase,protein-coding,-,-,-,prephenate dehydrogenase,20201215,-
65058,47428726,CKV68_RS07495,CKV68_RS07495,SAMEA4504038_01512,-,1,-,tRNA adenosine deaminase-associated protein,protein-coding,-,-,-,tRNA adenosine deaminase-associated protein,20201215,-
65058,47428727,CKV68_RS07500,CKV68_RS07500,SAMEA4504038_01513,-,1,-,nucleoside deaminase,protein-coding,-,-,-,nucleoside deaminase,20201215,-
65058,47428728,CKV68_RS07505,CKV68_RS07505,SAMEA4504038_01514,-,1,-,tRNA,tRNA,-,-,-,-,20201215,-
65058,47428729,CKV68_RS07510,CKV68_RS07510,SAMEA4504038_01515,-,1,-,MMPL family transporter,protein-coding,-,-,-,MMPL family transporter,20201215,-
65058,47428730,tgt,CKV68_RS07515,SAMEA4504038_01516,-,1,-,tRNA guanosine(34) transglycosylase Tgt,protein-coding,-,-,-,tRNA guanosine(34) transglycosylase Tgt,20210123,-
65058,47428731,gluQRS,CKV68_RS07520,SAMEA4504038_01517,-,1,-,tRNA glutamyl-Q(34) synthetase GluQRS,protein-coding,-,-,-,tRNA glutamyl-Q(34) synthetase GluQRS,20210424,-
65058,47428732,CKV68_RS07525,CKV68_RS07525,SAMEA4504038_01518,-,1,-,GntP family permease,protein-coding,-,-,-,GntP family permease,20201215,-
65058,47428733,CKV68_RS07530,CKV68_RS07530,SAMEA4504038_01519,-,1,-,gluconokinase,protein-coding,-,-,-,gluconokinase,20201215,-
65058,47428734,CKV68_RS07535,CKV68_RS07535,SAMEA4504038_01520,-,1,-,alcohol dehydrogenase catalytic domain-containing protein,protein-coding,-,-,-,alcohol dehydrogenase catalytic domain-containing protein,20210327,-
65058,47428735,CKV68_RS07540,CKV68_RS07540,SAMEA4504038_01521,-,1,-,SDR family oxidoreductase,protein-coding,-,-,-,SDR family oxidoreductase,20210424,-
65058,47428736,CKV68_RS07545,CKV68_RS07545,SAMEA4504038_01522,-,1,-,tRNA,tRNA,-,-,-,-,20201215,-
65058,47428737,ffs,CKV68_RS07550,-,-,1,-,ncRNA,ncRNA,-,-,-,-,20201215,-
65058,47428738,CKV68_RS07555,CKV68_RS07555,SAMEA4504038_01524,-,1,-,aminotransferase class I/II-fold pyridoxal phosphate-dependent enzyme,protein-coding,-,-,-,aminotransferase class I/II-fold pyridoxal phosphate-dependent enzyme,20210123,-
65058,47428739,CKV68_RS07560,CKV68_RS07560,SAMEA4504038_01525,-,1,-,suppressor of fused domain protein,protein-coding,-,-,-,suppressor of fused domain protein,20201215,-
65058,47428740,CKV68_RS07565,CKV68_RS07565,SAMEA4504038_01526,-,1,-,DNA polymerase III subunit gamma and tau,protein-coding,-,-,-,DNA polymerase III subunit gamma and tau,20201215,-
65058,47428741,CKV68_RS07570,CKV68_RS07570,SAMEA4504038_01527,-,1,-,YbaB/EbfC family nucleoid-associated protein,protein-coding,-,-,-,YbaB/EbfC family nucleoid-associated protein,20201215,-
65058,47428742,recR,CKV68_RS07575,SAMEA4504038_01528,-,1,-,recombination protein RecR,protein-coding,-,-,-,recombination protein RecR,20201215,-
65058,47428743,CKV68_RS07580,CKV68_RS07580,SAMEA4504038_01529,-,1,-,GntP family transporter,protein-coding,-,-,-,GntP family transporter,20210424,-
65058,47428744,CKV68_RS07585,CKV68_RS07585,SAMEA4504038_01530,-,1,-,NAD(P)-dependent oxidoreductase,protein-coding,-,-,-,NAD(P)-dependent oxidoreductase,20201215,-
65058,47428745,CKV68_RS07590,CKV68_RS07590,SAMEA4504038_01531,-,1,-,hypothetical protein,protein-coding,-,-,-,hypothetical protein,20210424,-
65058,47428746,CKV68_RS07595,CKV68_RS07595,SAMEA4504038_01532,-,1,-,FadR family transcriptional regulator,protein-coding,-,-,-,FadR family transcriptional regulator,20201215,-
65058,47428747,CKV68_RS07600,CKV68_RS07600,SAMEA4504038_01533,-,1,-,fumarylacetoacetate hydrolase family protein,protein-coding,-,-,-,fumarylacetoacetate hydrolase family protein,20201215,-
65058,47428748,CKV68_RS07605,CKV68_RS07605,SAMEA4504038_01534,-,1,-,hypothetical protein,protein-coding,-,-,-,hypothetical protein,20210424,-
65058,47428750,CKV68_RS07615,CKV68_RS07615,SAMEA4504038_01536,-,1,-,glutamine amidotransferase,protein-coding,-,-,-,glutamine amidotransferase,20210424,-
65058,47428751,CKV68_RS07620,CKV68_RS07620,SAMEA4504038_01537,-,1,-,DUF1727 domain-containing protein,protein-coding,-,-,-,DUF1727 domain-containing protein,20210424,-
65058,47428752,CKV68_RS07625,CKV68_RS07625,SAMEA4504038_01538,-,1,-,DNA polymerase III subunit epsilon,protein-coding,-,-,-,DNA polymerase III subunit epsilon,20201215,-
65058,47428753,CKV68_RS07630,CKV68_RS07630,SAMEA4504038_01539,-,1,-,hypothetical protein,protein-coding,-,-,-,hypothetical protein,20210406,-
65058,47428754,CKV68_RS07635,CKV68_RS07635,SAMEA4504038_01540,-,1,-,NADPH-dependent oxidoreductase,protein-coding,-,-,-,NADPH-dependent oxidoreductase,20201215,-
65058,47428755,leuA,CKV68_RS07640,SAMEA4504038_01541,-,1,-,2-isopropylmalate synthase,protein-coding,-,-,-,2-isopropylmalate synthase,20201215,-
65058,47428756,CKV68_RS07645,CKV68_RS07645,SAMEA4504038_01542,-,1,-,sugar-binding transcriptional regulator,protein-coding,-,-,-,sugar-binding transcriptional regulator,20201215,-
65058,47428757,deoD,CKV68_RS07650,SAMEA4504038_01543,-,1,-,purine-nucleoside phosphorylase,protein-coding,-,-,-,purine-nucleoside phosphorylase,20201215,-
65058,47428758,CKV68_RS07655,CKV68_RS07655,SAMEA4504038_01544,-,1,-,MFS transporter,protein-coding,-,-,-,MFS transporter,20210123,-
65058,47428759,CKV68_RS07660,CKV68_RS07660,SAMEA4504038_01545,-,1,-,deoxyribose-phosphate aldolase,protein-coding,-,-,-,deoxyribose-phosphate aldolase,20201215,-
65058,47428760,CKV68_RS07665,CKV68_RS07665,SAMEA4504038_01546,-,1,-,phospho-sugar mutase,protein-coding,-,-,-,phospho-sugar mutase,20201215,-
65058,47428761,CKV68_RS07670,CKV68_RS07670,SAMEA4504038_01547,-,1,-,VaFE repeat-containing surface-anchored protein,protein-coding,-,-,-,VaFE repeat-containing surface-anchored protein,20210424,-
65058,47428762,CKV68_RS07675,CKV68_RS07675,SAMEA4504038_01548,-,1,-,hypothetical protein,protein-coding,-,-,-,hypothetical protein,20210424,-
65058,47428763,CKV68_RS07680,CKV68_RS07680,SAMEA4504038_01549,-,1,-,hypothetical protein,protein-coding,-,-,-,hypothetical protein,20201215,-
65058,47428764,CKV68_RS07685,CKV68_RS07685,SAMEA4504038_01550,-,1,-,DMT family transporter,protein-coding,-,-,-,DMT family transporter,20210424,-
65058,47428765,CKV68_RS07690,CKV68_RS07690,SAMEA4504038_01551,-,1,-,ABC transporter ATP-binding protein,protein-coding,-,-,-,ABC transporter ATP-binding protein,20201215,-
65058,47428766,CKV68_RS07695,CKV68_RS07695,SAMEA4504038_01552,-,1,-,ABC transporter permease,protein-coding,-,-,-,ABC transporter permease,20210424,-
65058,47428767,CKV68_RS07700,CKV68_RS07700,SAMEA4504038_01553,-,1,-,aspartate kinase,protein-coding,-,-,-,aspartate kinase,20201215,-
65058,47428768,CKV68_RS07705,CKV68_RS07705,SAMEA4504038_01554,-,1,-,hypothetical protein,protein-coding,-,-,-,hypothetical protein,20210424,-
65058,47428769,CKV68_RS07710,CKV68_RS07710,SAMEA4504038_01555,-,1,-,aspartate-semialdehyde dehydrogenase,protein-coding,-,-,-,aspartate-semialdehyde dehydrogenase,20201215,-
65058,47428770,CKV68_RS07715,CKV68_RS07715,SAMEA4504038_01556,-,1,-,RNA polymerase sigma factor,protein-coding,-,-,-,RNA polymerase sigma factor,20201215,-
65058,47428771,CKV68_RS07720,CKV68_RS07720,SAMEA4504038_01557,-,1,-,catalase,protein-coding,-,-,-,catalase,20210406,-
65058,47428772,CKV68_RS07725,CKV68_RS07725,SAMEA4504038_01559,-,1,-,hypothetical protein,protein-coding,-,-,-,hypothetical protein,20201215,-
65058,47428773,CKV68_RS07730,CKV68_RS07730,SAMEA4504038_01560,-,1,-,hypothetical protein,protein-coding,-,-,-,hypothetical protein,20201215,-
65058,47428774,CKV68_RS07735,CKV68_RS07735,SAMEA4504038_01561,-,1,-,hypothetical protein,protein-coding,-,-,-,hypothetical protein,20201215,-
65058,47428775,CKV68_RS07740,CKV68_RS07740,SAMEA4504038_01562,-,1,-,hypothetical protein,protein-coding,-,-,-,hypothetical protein,20201215,-
65058,47428776,CKV68_RS07745,CKV68_RS07745,SAMEA4504038_01563,-,1,-,Na+/H+ antiporter subunit G,protein-coding,-,-,-,Na+/H+ antiporter subunit G,20210406,-
65058,47428777,CKV68_RS07750,CKV68_RS07750,SAMEA4504038_01564,-,1,-,cation:proton antiporter,protein-coding,-,-,-,cation:proton antiporter,20201215,-
65058,47428778,CKV68_RS07755,CKV68_RS07755,SAMEA4504038_01565,-,1,-,monovalent cation/H+ antiporter subunit E,protein-coding,-,-,-,monovalent cation/H+ antiporter subunit E,20201215,-
65058,47428779,CKV68_RS07760,CKV68_RS07760,SAMEA4504038_01566,-,1,-,monovalent cation/H+ antiporter subunit D family protein,protein-coding,-,-,-,monovalent cation/H+ antiporter subunit D family protein,20201215,-
65058,47428780,CKV68_RS07765,CKV68_RS07765,SAMEA4504038_01567,-,1,-,cation:proton antiporter subunit C,protein-coding,-,-,-,cation:proton antiporter subunit C,20201215,-
65058,47428781,CKV68_RS07770,CKV68_RS07770,SAMEA4504038_01568,-,1,-,DUF4040 family protein,protein-coding,-,-,-,DUF4040 family protein,20210424,-
65058,47428782,CKV68_RS07775,CKV68_RS07775,SAMEA4504038_01569,-,1,-,hypothetical protein,protein-coding,-,-,-,hypothetical protein,20210424,-
65058,47428783,CKV68_RS07780,CKV68_RS07780,SAMEA4504038_01570,-,1,-,DUF4185 domain-containing protein,protein-coding,-,-,-,DUF4185 domain-containing protein,20210424,-
65058,47428784,CKV68_RS07790,CKV68_RS07790,SAMEA4504038_01571,-,1,-,ABC transporter permease,protein-coding,-,-,-,ABC transporter permease,20201215,-
65058,47428785,CKV68_RS07795,CKV68_RS07795,SAMEA4504038_01572,-,1,-,ATP-binding cassette domain-containing protein,protein-coding,-,-,-,ATP-binding cassette domain-containing protein,20210424,-
65058,47428786,CKV68_RS07800,CKV68_RS07800,SAMEA4504038_01573,-,1,-,tRNA,tRNA,-,-,-,-,20201215,-
65058,47428787,CKV68_RS07805,CKV68_RS07805,SAMEA4504038_01574,-,1,-,metallophosphoesterase,protein-coding,-,-,-,metallophosphoesterase,20201215,-
65058,47428788,CKV68_RS07810,CKV68_RS07810,SAMEA4504038_01575,-,1,-,GatB/YqeY domain-containing protein,protein-coding,-,-,-,GatB/YqeY domain-containing protein,20210123,-
65058,47428789,CKV68_RS07815,CKV68_RS07815,SAMEA4504038_01576,-,1,-,transglycosylase domain-containing protein,protein-coding,-,-,-,transglycosylase domain-containing protein,20210123,-
65058,47428790,CKV68_RS07820,CKV68_RS07820,SAMEA4504038_01577,-,1,-,WhiB family transcriptional regulator,protein-coding,-,-,-,WhiB family transcriptional regulator,20210406,-
65058,47428791,CKV68_RS07825,CKV68_RS07825,SAMEA4504038_01578,-,1,-,DUF4177 domain-containing protein,protein-coding,-,-,-,DUF4177 domain-containing protein,20210424,-
65058,47428792,CKV68_RS07830,CKV68_RS07830,SAMEA4504038_01579,-,1,-,RidA family protein,protein-coding,-,-,-,RidA family protein,20201215,-
65058,47428793,CKV68_RS07835,CKV68_RS07835,SAMEA4504038_01580,-,1,-,MBL fold metallo-hydrolase,protein-coding,-,-,-,MBL fold metallo-hydrolase,20201215,-
65058,47428794,CKV68_RS07840,CKV68_RS07840,SAMEA4504038_01581,-,1,-,Crp/Fnr family transcriptional regulator,protein-coding,-,-,-,Crp/Fnr family transcriptional regulator,20201215,-
65058,47428795,CKV68_RS07845,CKV68_RS07845,SAMEA4504038_01582,-,1,-,hypothetical protein,protein-coding,-,-,-,hypothetical protein,20201215,-
65058,47428796,nth,CKV68_RS07850,SAMEA4504038_01583,-,1,-,endonuclease III,protein-coding,-,-,-,endonuclease III,20201215,-
65058,47428797,CKV68_RS07855,CKV68_RS07855,SAMEA4504038_01584,-,1,-,TlpA family protein disulfide reductase,protein-coding,-,-,-,TlpA family protein disulfide reductase,20201215,-
65058,47428798,CKV68_RS07860,CKV68_RS07860,SAMEA4504038_01585,-,1,-,CoA pyrophosphatase,protein-coding,-,-,-,CoA pyrophosphatase,20201215,-
65058,47428799,CKV68_RS07865,CKV68_RS07865,SAMEA4504038_01586,-,1,-,MarP family serine protease,protein-coding,-,-,-,MarP family serine protease,20210424,-
65058,47428800,CKV68_RS07870,CKV68_RS07870,SAMEA4504038_01587,-,1,-,alpha/beta hydrolase,protein-coding,-,-,-,alpha/beta hydrolase,20201215,-
65058,47428801,CKV68_RS07875,CKV68_RS07875,SAMEA4504038_01588,-,1,-,phage holin family protein,protein-coding,-,-,-,phage holin family protein,20210123,-
65058,47428802,CKV68_RS07880,CKV68_RS07880,SAMEA4504038_01589,-,1,-,hypothetical protein,protein-coding,-,-,-,hypothetical protein,20201215,-
65058,47428803,CKV68_RS07885,CKV68_RS07885,SAMEA4504038_01590,-,1,-,HAD family hydrolase,protein-coding,-,-,-,HAD family hydrolase,20201215,-
65058,47428804,CKV68_RS07890,CKV68_RS07890,SAMEA4504038_01591,-,1,-,hypothetical protein,protein-coding,-,-,-,hypothetical protein,20201215,-
65058,47428805,CKV68_RS07895,CKV68_RS07895,SAMEA4504038_01592,-,1,-,pilus assembly protein,protein-coding,-,-,-,pilus assembly protein,20210424,-
65058,47428806,CKV68_RS07900,CKV68_RS07900,SAMEA4504038_01593,-,1,-,TadA family conjugal transfer-associated ATPase,protein-coding,-,-,-,TadA family conjugal transfer-associated ATPase,20201215,-
65058,47428807,CKV68_RS07905,CKV68_RS07905,SAMEA4504038_01594,-,1,-,type II secretion system F family protein,protein-coding,-,-,-,type II secretion system F family protein,20210424,-
65058,47428808,CKV68_RS07910,CKV68_RS07910,SAMEA4504038_01595,-,1,-,type II secretion system F family protein,protein-coding,-,-,-,type II secretion system F family protein,20201215,-
65058,47428809,CKV68_RS07915,CKV68_RS07915,SAMEA4504038_01596,-,1,-,DUF4244 domain-containing protein,protein-coding,-,-,-,DUF4244 domain-containing protein,20210406,-
65058,47428810,CKV68_RS07920,CKV68_RS07920,SAMEA4504038_01597,-,1,-,hypothetical protein,protein-coding,-,-,-,hypothetical protein,20201215,-
65058,47428811,CKV68_RS07925,CKV68_RS07925,SAMEA4504038_01598,-,1,-,flp pilus-assembly TadE/G-like family protein,protein-coding,-,-,-,flp pilus-assembly TadE/G-like family protein,20201215,-
65058,47428812,CKV68_RS07930,CKV68_RS07930,SAMEA4504038_01599,-,1,-,DUF1998 domain-containing protein,protein-coding,-,-,-,DUF1998 domain-containing protein,20210424,-
65058,47428813,CKV68_RS07935,CKV68_RS07935,-,-,1,-,cold-shock protein,protein-coding,-,-,-,cold-shock protein,20201215,-
65058,47428814,topA,CKV68_RS07940,SAMEA4504038_01601,-,1,-,type I DNA topoisomerase,protein-coding,-,-,-,type I DNA topoisomerase,20210424,-
65058,47428815,CKV68_RS07945,CKV68_RS07945,SAMEA4504038_01602,-,1,-,"oligopeptide transporter, OPT family",protein-coding,-,-,-,"oligopeptide transporter, OPT family",20201215,-
65058,47428816,CKV68_RS07950,CKV68_RS07950,SAMEA4504038_01603,-,1,-,adenylate/guanylate cyclase domain-containing protein,protein-coding,-,-,-,adenylate/guanylate cyclase domain-containing protein,20201215,-
65058,47428817,CKV68_RS07955,CKV68_RS07955,SAMEA4504038_01604,-,1,-,DNA polymerase III subunit delta',protein-coding,-,-,-,DNA polymerase III subunit delta',20201215,-
65058,47428818,CKV68_RS07960,CKV68_RS07960,SAMEA4504038_01605,-,1,-,tRNA,tRNA,-,-,-,-,20201215,-
65058,47428819,CKV68_RS07965,CKV68_RS07965,SAMEA4504038_01606,-,1,-,hypothetical protein,protein-coding,-,-,-,hypothetical protein,20201215,-
65058,47428820,CKV68_RS07970,CKV68_RS07970,SAMEA4504038_01607,-,1,-,acyl-CoA synthetase,protein-coding,-,-,-,acyl-CoA synthetase,20201215,-
65058,47428821,CKV68_RS07975,CKV68_RS07975,SAMEA4504038_01608,-,1,-,hydrolase,protein-coding,-,-,-,hydrolase,20210406,-
65058,47428822,rfbA,CKV68_RS07980,SAMEA4504038_01609,-,1,-,glucose-1-phosphate thymidylyltransferase RfbA,protein-coding,-,-,-,glucose-1-phosphate thymidylyltransferase RfbA,20210424,-
65058,47428823,rfbD,CKV68_RS07985,SAMEA4504038_01610,-,1,-,dTDP-4-dehydrorhamnose reductase,protein-coding,-,-,-,dTDP-4-dehydrorhamnose reductase,20210406,-
65058,47428824,rfbB,CKV68_RS07990,SAMEA4504038_01611,-,1,-,"dTDP-glucose 4,6-dehydratase",protein-coding,-,-,-,"dTDP-glucose 4,6-dehydratase",20201215,-
65058,47428825,CKV68_RS07995,CKV68_RS07995,SAMEA4504038_01612,-,1,-,M1 family metallopeptidase,protein-coding,-,-,-,M1 family metallopeptidase,20210424,-
65058,47428826,CKV68_RS08000,CKV68_RS08000,SAMEA4504038_01613,-,1,-,S9 family peptidase,protein-coding,-,-,-,S9 family peptidase,20201215,-
65058,47428827,CKV68_RS08005,CKV68_RS08005,SAMEA4504038_01614,-,1,-,esterase family protein,protein-coding,-,-,-,esterase family protein,20201215,-
65058,47428828,lpdA,CKV68_RS08010,SAMEA4504038_01616,-,1,-,dihydrolipoyl dehydrogenase,protein-coding,-,-,-,dihydrolipoyl dehydrogenase,20201215,-
65058,47428829,ramB,CKV68_RS08015,SAMEA4504038_01617,-,1,-,acetate metabolism transcriptional regulator RamB,protein-coding,-,-,-,acetate metabolism transcriptional regulator RamB,20201215,-
65058,47428830,CKV68_RS08020,CKV68_RS08020,SAMEA4504038_01618,-,1,-,succinate dehydrogenase cytochrome b subunit,protein-coding,-,-,-,succinate dehydrogenase cytochrome b subunit,20201215,-
65058,47428831,CKV68_RS08025,CKV68_RS08025,SAMEA4504038_01619,-,1,-,fumarate reductase/succinate dehydrogenase flavoprotein subunit,protein-coding,-,-,-,fumarate reductase/succinate dehydrogenase flavoprotein subunit,20201215,-
65058,47428832,CKV68_RS08030,CKV68_RS08030,SAMEA4504038_01620,-,1,-,succinate dehydrogenase/fumarate reductase iron-sulfur subunit,protein-coding,-,-,-,succinate dehydrogenase/fumarate reductase iron-sulfur subunit,20201215,-
65058,47428833,CKV68_RS08035,CKV68_RS08035,SAMEA4504038_01621,-,1,-,hypothetical protein,protein-coding,-,-,-,hypothetical protein,20201215,-
65058,47428834,CKV68_RS08040,CKV68_RS08040,SAMEA4504038_01622,-,1,-,DUF445 family protein,protein-coding,-,-,-,DUF445 family protein,20210123,-
65058,47428835,CKV68_RS08045,CKV68_RS08045,SAMEA4504038_01623,-,1,-,DUF2516 family protein,protein-coding,-,-,-,DUF2516 family protein,20210123,-
65058,47428836,CKV68_RS08050,CKV68_RS08050,SAMEA4504038_01624,-,1,-,aminotransferase,protein-coding,-,-,-,aminotransferase,20210123,-
65058,47428837,CKV68_RS08055,CKV68_RS08055,SAMEA4504038_01625,-,1,-,LmeA family phospholipid-binding protein,protein-coding,-,-,-,LmeA family phospholipid-binding protein,20210406,-
65058,47428838,pflA,CKV68_RS08060,SAMEA4504038_01626,-,1,-,pyruvate formate lyase-activating protein,protein-coding,-,-,-,pyruvate formate lyase-activating protein,20201215,-
65058,47428839,grcA,CKV68_RS08065,SAMEA4504038_01627,-,1,-,autonomous glycyl radical cofactor GrcA,protein-coding,-,-,-,autonomous glycyl radical cofactor GrcA,20201215,-
65058,47428840,CKV68_RS08070,CKV68_RS08070,SAMEA4504038_01628,-,1,-,formate acetyltransferase,protein-coding,-,-,-,formate acetyltransferase,20210123,-
65058,47428841,CKV68_RS08075,CKV68_RS08075,SAMEA4504038_01629,-,1,-,SAM-dependent methyltransferase,protein-coding,-,-,-,SAM-dependent methyltransferase,20201215,-
65058,47428842,CKV68_RS08080,CKV68_RS08080,SAMEA4504038_01630,-,1,-,DUF2505 domain-containing protein,protein-coding,-,-,-,DUF2505 domain-containing protein,20210123,-
65058,47428843,CKV68_RS08085,CKV68_RS08085,SAMEA4504038_01631,-,1,-,UDP-N-acetylmuramate dehydrogenase,protein-coding,-,-,-,UDP-N-acetylmuramate dehydrogenase,20210424,-
65058,47428844,CKV68_RS08090,CKV68_RS08090,SAMEA4504038_01632,-,1,-,long-chain fatty acid--CoA ligase,protein-coding,-,-,-,long-chain fatty acid--CoA ligase,20201215,-
65058,47428845,mshA,CKV68_RS08095,SAMEA4504038_01633,-,1,-,D-inositol-3-phosphate glycosyltransferase,protein-coding,-,-,-,D-inositol-3-phosphate glycosyltransferase,20201215,-
65058,47428846,CKV68_RS08100,CKV68_RS08100,SAMEA4504038_01634,-,1,-,phosphoglyceromutase,protein-coding,-,-,-,phosphoglyceromutase,20201215,-
65058,47428847,CKV68_RS08105,CKV68_RS08105,SAMEA4504038_01635,-,1,-,two-component sensor histidine kinase,protein-coding,-,-,-,two-component sensor histidine kinase,20210123,-
65058,47428848,CKV68_RS08110,CKV68_RS08110,SAMEA4504038_01636,-,1,-,response regulator transcription factor,protein-coding,-,-,-,response regulator transcription factor,20201215,-
65058,47428849,CKV68_RS08115,CKV68_RS08115,SAMEA4504038_01637,-,1,-,hypothetical protein,protein-coding,-,-,-,hypothetical protein,20201215,-
65058,47428850,CKV68_RS08120,CKV68_RS08120,SAMEA4504038_01638,-,1,-,Ppx/GppA family phosphatase,protein-coding,-,-,-,Ppx/GppA family phosphatase,20201215,-
65058,47428851,CKV68_RS08125,CKV68_RS08125,SAMEA4504038_01639,-,1,-,hypothetical protein,protein-coding,-,-,-,hypothetical protein,20210424,-
65058,47428852,proC,CKV68_RS08130,SAMEA4504038_01640,-,1,-,pyrroline-5-carboxylate reductase,protein-coding,-,-,-,pyrroline-5-carboxylate reductase,20201217,-
65058,47428853,CKV68_RS08135,CKV68_RS08135,SAMEA4504038_01642,-,1,-,helix-turn-helix domain-containing protein,protein-coding,-,-,-,helix-turn-helix domain-containing protein,20210129,-
65058,47428854,CKV68_RS08140,CKV68_RS08140,SAMEA4504038_01643,-,1,-,AURKAIP1/COX24 domain-containing protein,protein-coding,-,-,-,AURKAIP1/COX24 domain-containing protein,20201215,-
65058,47428855,CKV68_RS08145,CKV68_RS08145,SAMEA4504038_01644,-,1,-,thioredoxin domain-containing protein,protein-coding,-,-,-,thioredoxin domain-containing protein,20210123,-
65058,47428856,CKV68_RS08150,CKV68_RS08150,SAMEA4504038_01645,-,1,-,membrane protein,protein-coding,-,-,-,membrane protein,20210123,-
65058,47428857,CKV68_RS08155,CKV68_RS08155,SAMEA4504038_01646,-,1,-,HAD-IB family hydrolase,protein-coding,-,-,-,HAD-IB family hydrolase,20201215,-
65058,47428858,CKV68_RS08160,CKV68_RS08160,SAMEA4504038_01647,-,1,-,glutaredoxin family protein,protein-coding,-,-,-,glutaredoxin family protein,20210406,-
65058,47428859,CKV68_RS08165,CKV68_RS08165,SAMEA4504038_01648,-,1,-,glutamyl-tRNA reductase,protein-coding,-,-,-,glutamyl-tRNA reductase,20201215,-
65058,47428860,hemC,CKV68_RS08170,SAMEA4504038_01649,-,1,-,hydroxymethylbilane synthase,protein-coding,-,-,-,hydroxymethylbilane synthase,20201215,-
65058,47428861,CKV68_RS08175,CKV68_RS08175,SAMEA4504038_01650,-,1,-,bifunctional uroporphyrinogen-III C-methyltransferase/uroporphyrinogen-III synthase,protein-coding,-,-,-,bifunctional uroporphyrinogen-III C-methyltransferase/uroporphyrinogen-III synthase,20210424,-
65058,47428862,hemB,CKV68_RS08180,SAMEA4504038_01651,-,1,-,porphobilinogen synthase,protein-coding,-,-,-,porphobilinogen synthase,20210424,-
65058,47428863,CKV68_RS08185,CKV68_RS08185,SAMEA4504038_01652,-,1,-,hypothetical protein,protein-coding,-,-,-,hypothetical protein,20201215,-
65058,47428864,CKV68_RS08190,CKV68_RS08190,SAMEA4504038_01653,-,1,-,cation-translocating P-type ATPase,protein-coding,-,-,-,cation-translocating P-type ATPase,20201215,-
65058,47428865,hemE,CKV68_RS08195,SAMEA4504038_01654,-,1,-,uroporphyrinogen decarboxylase,protein-coding,-,-,-,uroporphyrinogen decarboxylase,20201215,-
65058,47428866,CKV68_RS08200,CKV68_RS08200,SAMEA4504038_01655,-,1,-,protoporphyrinogen oxidase,protein-coding,-,-,-,protoporphyrinogen oxidase,20201215,-
65058,47428867,CKV68_RS08205,CKV68_RS08205,SAMEA4504038_01656,-,1,-,NAD(P)-dependent oxidoreductase,protein-coding,-,-,-,NAD(P)-dependent oxidoreductase,20201215,-
65058,47428868,hemL,CKV68_RS08210,SAMEA4504038_01657,-,1,-,"glutamate-1-semialdehyde 2,1-aminomutase",protein-coding,-,-,-,"glutamate-1-semialdehyde 2,1-aminomutase",20201215,-
65058,47428869,CKV68_RS08215,CKV68_RS08215,SAMEA4504038_01658,-,1,-,histidine phosphatase family protein,protein-coding,-,-,-,histidine phosphatase family protein,20210123,-
65058,47428870,CKV68_RS08220,CKV68_RS08220,SAMEA4504038_01659,-,1,-,TlpA family protein disulfide reductase,protein-coding,-,-,-,TlpA family protein disulfide reductase,20201215,-
65058,47428871,CKV68_RS08225,CKV68_RS08225,SAMEA4504038_01660,-,1,-,cytochrome c biogenesis protein CcdA,protein-coding,-,-,-,cytochrome c biogenesis protein CcdA,20201215,-
65058,47428872,CKV68_RS08230,CKV68_RS08230,SAMEA4504038_01661,-,1,-,cytochrome c biogenesis protein ResB,protein-coding,-,-,-,cytochrome c biogenesis protein ResB,20210123,-
65058,47428873,CKV68_RS08235,CKV68_RS08235,SAMEA4504038_01662,-,1,-,class I SAM-dependent methyltransferase,protein-coding,-,-,-,class I SAM-dependent methyltransferase,20210424,-
65058,47428874,CKV68_RS08240,CKV68_RS08240,SAMEA4504038_01663,-,1,-,ABC transporter ATP-binding protein,protein-coding,-,-,-,ABC transporter ATP-binding protein,20201215,-
65058,47428875,CKV68_RS08245,CKV68_RS08245,SAMEA4504038_01664,-,1,-,ABC transporter substrate-binding protein,protein-coding,-,-,-,ABC transporter substrate-binding protein,20210424,-
65058,47428876,CKV68_RS08250,CKV68_RS08250,SAMEA4504038_01665,-,1,-,iron ABC transporter permease,protein-coding,-,-,-,iron ABC transporter permease,20210424,-
65058,47428877,ccsB,CKV68_RS08255,SAMEA4504038_01666,-,1,-,c-type cytochrome biogenesis protein CcsB,protein-coding,-,-,-,c-type cytochrome biogenesis protein CcsB,20201215,-
65058,47428878,CKV68_RS08260,CKV68_RS08260,SAMEA4504038_01667,-,1,-,winged helix-turn-helix transcriptional regulator,protein-coding,-,-,-,winged helix-turn-helix transcriptional regulator,20210123,-
65058,47428879,CKV68_RS08265,CKV68_RS08265,SAMEA4504038_01668,-,1,-,hypothetical protein,protein-coding,-,-,-,hypothetical protein,20201215,-
65058,47428880,CKV68_RS08270,CKV68_RS08270,SAMEA4504038_01669,-,1,-,DUF4229 domain-containing protein,protein-coding,-,-,-,DUF4229 domain-containing protein,20210123,-
65058,47428881,CKV68_RS08275,CKV68_RS08275,SAMEA4504038_01670,-,1,-,"1,4-dihydroxy-2-naphthoate polyprenyltransferase",protein-coding,-,-,-,"1,4-dihydroxy-2-naphthoate polyprenyltransferase",20201215,-
65058,47428882,CKV68_RS08280,CKV68_RS08280,SAMEA4504038_01671,-,1,-,o-succinylbenzoate--CoA ligase,protein-coding,-,-,-,o-succinylbenzoate--CoA ligase,20201215,-
65058,47428883,CKV68_RS08285,CKV68_RS08285,SAMEA4504038_01672,-,1,-,"1,4-dihydroxy-2-naphthoyl-CoA synthase",protein-coding,-,-,-,"1,4-dihydroxy-2-naphthoyl-CoA synthase",20201215,-
65058,47428884,CKV68_RS08290,CKV68_RS08290,SAMEA4504038_01673,-,1,-,DIP1984 family protein,protein-coding,-,-,-,DIP1984 family protein,20210424,-
65058,47428885,dcuC,CKV68_RS08295,SAMEA4504038_01674,-,1,-,C4-dicarboxylate transporter DcuC,protein-coding,-,-,-,C4-dicarboxylate transporter DcuC,20210424,-
65058,47428886,CKV68_RS08300,CKV68_RS08300,SAMEA4504038_01675,-,1,-,o-succinylbenzoate synthase,protein-coding,-,-,-,o-succinylbenzoate synthase,20201215,-
65058,47428887,CKV68_RS08305,CKV68_RS08305,SAMEA4504038_01676,-,1,-,2-succinyl-5-enolpyruvyl-6-hydroxy-3-cyclohexene-1-carboxylic-acid synthase,protein-coding,-,-,-,2-succinyl-5-enolpyruvyl-6-hydroxy-3-cyclohexene-1-carboxylic-acid synthase,20201215,-
65058,47428888,CKV68_RS08310,CKV68_RS08310,SAMEA4504038_01677,-,1,-,hypothetical protein,protein-coding,-,-,-,hypothetical protein,20210123,-
65058,47428889,CKV68_RS08315,CKV68_RS08315,SAMEA4504038_01678,-,1,-,glycosyltransferase family 1 protein,protein-coding,-,-,-,glycosyltransferase family 1 protein,20210424,-
65058,47428890,CKV68_RS08320,CKV68_RS08320,SAMEA4504038_01679,-,1,-,demethylmenaquinone methyltransferase,protein-coding,-,-,-,demethylmenaquinone methyltransferase,20201215,-
65058,47428891,CKV68_RS08325,CKV68_RS08325,SAMEA4504038_01680,-,1,-,lactate dehydrogenase,protein-coding,-,-,-,lactate dehydrogenase,20210406,-
65058,47428892,CKV68_RS08330,CKV68_RS08330,SAMEA4504038_01681,-,1,-,geranylgeranyl reductase family protein,protein-coding,-,-,-,geranylgeranyl reductase family protein,20210424,-
65058,47428893,CKV68_RS08335,CKV68_RS08335,SAMEA4504038_01682,-,1,-,polyprenyl synthetase family protein,protein-coding,-,-,-,polyprenyl synthetase family protein,20201215,-
65058,47428894,CKV68_RS08340,CKV68_RS08340,SAMEA4504038_01683,-,1,-,tRNA,tRNA,-,-,-,-,20201215,-
65058,47428895,CKV68_RS08345,CKV68_RS08345,SAMEA4504038_01684,-,1,-,tRNA,tRNA,-,-,-,-,20201215,-
65058,47428896,CKV68_RS08350,CKV68_RS08350,SAMEA4504038_01685,-,1,-,tRNA,tRNA,-,-,-,-,20201215,-
65058,47428897,CKV68_RS08355,CKV68_RS08355,SAMEA4504038_01686,-,1,-,tRNA,tRNA,-,-,-,-,20201215,-
65058,47428898,secE,CKV68_RS08360,SAMEA4504038_01687,-,1,-,preprotein translocase subunit SecE,protein-coding,-,-,-,preprotein translocase subunit SecE,20201215,-
65058,47428899,nusG,CKV68_RS08365,SAMEA4504038_01688,-,1,-,transcription termination/antitermination protein NusG,protein-coding,-,-,-,transcription termination/antitermination protein NusG,20201215,-
65058,47428900,rplK,CKV68_RS08370,SAMEA4504038_01689,-,1,-,50S ribosomal protein L11,protein-coding,-,-,-,50S ribosomal protein L11,20201215,-
65058,47428901,rplA,CKV68_RS08375,SAMEA4504038_01690,-,1,-,50S ribosomal protein L1,protein-coding,-,-,-,50S ribosomal protein L1,20201215,-
65058,47428902,CKV68_RS08380,CKV68_RS08380,SAMEA4504038_01691,-,1,-,C1 family peptidase,protein-coding,-,-,-,C1 family peptidase,20201215,-
65058,47428903,CKV68_RS08385,CKV68_RS08385,SAMEA4504038_01692,-,1,-,C1 family peptidase,protein-coding,-,-,-,C1 family peptidase,20201215,-
65058,47428904,CKV68_RS08390,CKV68_RS08390,SAMEA4504038_01693,-,1,-,alkene reductase,protein-coding,-,-,-,alkene reductase,20201215,-
65058,47428905,rplJ,CKV68_RS08395,SAMEA4504038_01694,-,1,-,50S ribosomal protein L10,protein-coding,-,-,-,50S ribosomal protein L10,20201215,-
65058,47428906,rplL,CKV68_RS08400,SAMEA4504038_01695,-,1,-,50S ribosomal protein L7/L12,protein-coding,-,-,-,50S ribosomal protein L7/L12,20201215,-
65058,47428907,CKV68_RS08405,CKV68_RS08405,SAMEA4504038_01696,-,1,-,choice-of-anchor M domain-containing protein,protein-coding,-,-,-,choice-of-anchor M domain-containing protein,20210424,-
65058,47428908,CKV68_RS08410,CKV68_RS08410,SAMEA4504038_01697,-,1,-,"anchored repeat ABC transporter, substrate-binding protein",protein-coding,-,-,-,"anchored repeat ABC transporter, substrate-binding protein",20210424,-
65058,47428909,CKV68_RS08415,CKV68_RS08415,SAMEA4504038_01698,-,1,-,choice-of-anchor M domain-containing protein,protein-coding,-,-,-,choice-of-anchor M domain-containing protein,20210424,-
65058,47428910,CKV68_RS08420,CKV68_RS08420,SAMEA4504038_01699,-,1,-,anchored repeat-type ABC transporter ATP-binding subunit,protein-coding,-,-,-,anchored repeat-type ABC transporter ATP-binding subunit,20210424,-
65058,47428911,CKV68_RS08425,CKV68_RS08425,SAMEA4504038_01700,-,1,-,anchored repeat-type ABC transporter permease subunit,protein-coding,-,-,-,anchored repeat-type ABC transporter permease subunit,20210406,-
65058,47428912,CKV68_RS08430,CKV68_RS08430,SAMEA4504038_01701,-,1,-,hypothetical protein,protein-coding,-,-,-,hypothetical protein,20210424,-
65058,47428913,CKV68_RS08435,CKV68_RS08435,SAMEA4504038_01702,-,1,-,DUF3068 domain-containing protein,protein-coding,-,-,-,DUF3068 domain-containing protein,20210406,-
65058,47428914,CKV68_RS08440,CKV68_RS08440,SAMEA4504038_01703,-,1,-,DNA-directed RNA polymerase subunit beta,protein-coding,-,-,-,DNA-directed RNA polymerase subunit beta,20210424,-
65058,47428915,CKV68_RS08445,CKV68_RS08445,SAMEA4504038_01704,-,1,-,DNA-directed RNA polymerase subunit beta',protein-coding,-,-,-,DNA-directed RNA polymerase subunit beta',20201215,-
65058,47428916,CKV68_RS08450,CKV68_RS08450,SAMEA4504038_01705,-,1,-,DUF4288 domain-containing protein,protein-coding,-,-,-,DUF4288 domain-containing protein,20210424,-
65058,47428917,CKV68_RS08455,CKV68_RS08455,SAMEA4504038_01706,-,1,-,VaFE repeat-containing surface-anchored protein,protein-coding,-,-,-,VaFE repeat-containing surface-anchored protein,20210424,-
65058,47428918,CKV68_RS08460,CKV68_RS08460,SAMEA4504038_01707,-,1,-,histidine kinase,protein-coding,-,-,-,histidine kinase,20210424,-
65058,47428919,CKV68_RS08465,CKV68_RS08465,SAMEA4504038_01708,-,1,-,response regulator transcription factor,protein-coding,-,-,-,response regulator transcription factor,20201215,-
65058,47428920,CKV68_RS08470,CKV68_RS08470,SAMEA4504038_01709,-,1,-,hypothetical protein,protein-coding,-,-,-,hypothetical protein,20210424,-
65058,47428921,CKV68_RS08475,CKV68_RS08475,SAMEA4504038_01710,-,1,-,hypothetical protein,protein-coding,-,-,-,hypothetical protein,20201215,-
65058,47428922,CKV68_RS08480,CKV68_RS08480,SAMEA4504038_01711,-,1,-,hypothetical protein,protein-coding,-,-,-,hypothetical protein,20210424,-
65058,47428923,CKV68_RS08485,CKV68_RS08485,SAMEA4504038_01712,-,1,-,ABC transporter ATP-binding protein,protein-coding,-,-,-,ABC transporter ATP-binding protein,20201215,-
65058,47428924,CKV68_RS08490,CKV68_RS08490,SAMEA4504038_01713,-,1,-,ABC transporter permease,protein-coding,-,-,-,ABC transporter permease,20210424,-
65058,47428925,CKV68_RS08495,CKV68_RS08495,SAMEA4504038_01714,-,1,-,TIGR03943 family protein,protein-coding,-,-,-,TIGR03943 family protein,20210424,-
65058,47428926,CKV68_RS08500,CKV68_RS08500,SAMEA4504038_01715,-,1,-,permease,protein-coding,-,-,-,permease,20201215,-
65058,47428927,CKV68_RS08505,CKV68_RS08505,SAMEA4504038_01716,-,1,-,anaerobic ribonucleoside-triphosphate reductase activating protein,protein-coding,-,-,-,anaerobic ribonucleoside-triphosphate reductase activating protein,20210424,-
65058,47428928,CKV68_RS08510,CKV68_RS08510,SAMEA4504038_01717,-,1,-,ribonucleoside triphosphate reductase,protein-coding,-,-,-,ribonucleoside triphosphate reductase,20210424,-
65058,47428929,CKV68_RS08515,CKV68_RS08515,SAMEA4504038_01718,-,1,-,hypothetical protein,protein-coding,-,-,-,hypothetical protein,20201215,-
65058,47428930,CKV68_RS08520,CKV68_RS08520,SAMEA4504038_01719,-,1,-,30S ribosomal protein S12,protein-coding,-,-,-,30S ribosomal protein S12,20201215,-
65058,47428931,rpsG,CKV68_RS08525,SAMEA4504038_01720,-,1,-,30S ribosomal protein S7,protein-coding,-,-,-,30S ribosomal protein S7,20201215,-
65058,47428932,fusA,CKV68_RS08530,SAMEA4504038_01721,-,1,-,elongation factor G,protein-coding,-,-,-,elongation factor G,20201215,-
65058,47428933,tuf,CKV68_RS08535,SAMEA4504038_01722,-,1,-,elongation factor Tu,protein-coding,-,-,-,elongation factor Tu,20201215,-
65058,47428934,CKV68_RS08540,CKV68_RS08540,SAMEA4504038_01723,-,1,-,hypothetical protein,protein-coding,-,-,-,hypothetical protein,20201215,-
65058,47428935,CKV68_RS08545,CKV68_RS08545,SAMEA4504038_01724,-,1,-,DUF421 domain-containing protein,protein-coding,-,-,-,DUF421 domain-containing protein,20201215,-
65058,47428936,CKV68_RS08550,CKV68_RS08550,SAMEA4504038_01725,-,1,-,hypothetical protein,protein-coding,-,-,-,hypothetical protein,20201215,-
65058,47428937,CKV68_RS08555,CKV68_RS08555,SAMEA4504038_01726,-,1,-,hypothetical protein,protein-coding,-,-,-,hypothetical protein,20201215,-
65058,47428938,CKV68_RS08560,CKV68_RS08560,SAMEA4504038_01727,-,1,-,hypothetical protein,protein-coding,-,-,-,hypothetical protein,20210406,-
65058,47428939,CKV68_RS08565,CKV68_RS08565,SAMEA4504038_01728,-,1,-,hypothetical protein,protein-coding,-,-,-,hypothetical protein,20201215,-
65058,47428940,CKV68_RS08570,CKV68_RS08570,SAMEA4504038_01729,-,1,-,Asp23/Gls24 family envelope stress response protein,protein-coding,-,-,-,Asp23/Gls24 family envelope stress response protein,20201215,-
65058,47428941,CKV68_RS08575,CKV68_RS08575,SAMEA4504038_01730,-,1,-,Asp23/Gls24 family envelope stress response protein,protein-coding,-,-,-,Asp23/Gls24 family envelope stress response protein,20210424,-
65058,47428942,rpsJ,CKV68_RS08580,SAMEA4504038_01731,-,1,-,30S ribosomal protein S10,protein-coding,-,-,-,30S ribosomal protein S10,20201215,-
65058,47428943,rplC,CKV68_RS08585,SAMEA4504038_01732,-,1,-,50S ribosomal protein L3,protein-coding,-,-,-,50S ribosomal protein L3,20201215,-
65058,47428944,rplD,CKV68_RS08590,SAMEA4504038_01733,-,1,-,50S ribosomal protein L4,protein-coding,-,-,-,50S ribosomal protein L4,20201215,-
65058,47428945,rplW,CKV68_RS08595,SAMEA4504038_01734,-,1,-,50S ribosomal protein L23,protein-coding,-,-,-,50S ribosomal protein L23,20201215,-
65058,47428946,rplB,CKV68_RS08600,SAMEA4504038_01735,-,1,-,50S ribosomal protein L2,protein-coding,-,-,-,50S ribosomal protein L2,20201215,-
65058,47428947,rpsS,CKV68_RS08605,SAMEA4504038_01736,-,1,-,30S ribosomal protein S19,protein-coding,-,-,-,30S ribosomal protein S19,20201215,-
65058,47428948,rplV,CKV68_RS08610,SAMEA4504038_01737,-,1,-,50S ribosomal protein L22,protein-coding,-,-,-,50S ribosomal protein L22,20201215,-
65058,47428949,rpsC,CKV68_RS08615,SAMEA4504038_01738,-,1,-,30S ribosomal protein S3,protein-coding,-,-,-,30S ribosomal protein S3,20201215,-
65058,47428950,rplP,CKV68_RS08620,SAMEA4504038_01739,-,1,-,50S ribosomal protein L16,protein-coding,-,-,-,50S ribosomal protein L16,20201215,-
65058,47428951,CKV68_RS08625,CKV68_RS08625,SAMEA4504038_01740,-,1,-,50S ribosomal protein L29,protein-coding,-,-,-,50S ribosomal protein L29,20201215,-
65058,47428952,rpsQ,CKV68_RS08630,SAMEA4504038_01741,-,1,-,30S ribosomal protein S17,protein-coding,-,-,-,30S ribosomal protein S17,20201215,-
65058,47428953,CKV68_RS08635,CKV68_RS08635,SAMEA4504038_01742,-,1,-,ABC transporter family substrate-binding protein,protein-coding,-,-,-,ABC transporter family substrate-binding protein,20201215,-
65058,47428954,CKV68_RS08640,CKV68_RS08640,SAMEA4504038_01743,-,1,-,ABC transporter ATP-binding protein,protein-coding,-,-,-,ABC transporter ATP-binding protein,20210424,-
65058,47428955,CKV68_RS08645,CKV68_RS08645,SAMEA4504038_01744,-,1,-,ABC transporter permease,protein-coding,-,-,-,ABC transporter permease,20201215,-
65058,47428956,CKV68_RS08650,CKV68_RS08650,SAMEA4504038_01745,-,1,-,ABC transporter permease,protein-coding,-,-,-,ABC transporter permease,20201215,-
65058,47428957,rplN,CKV68_RS08655,SAMEA4504038_01746,-,1,-,50S ribosomal protein L14,protein-coding,-,-,-,50S ribosomal protein L14,20201215,-
65058,47428958,rplX,CKV68_RS08660,SAMEA4504038_01747,-,1,-,50S ribosomal protein L24,protein-coding,-,-,-,50S ribosomal protein L24,20201215,-
65058,47428959,rplE,CKV68_RS08665,SAMEA4504038_01748,-,1,-,50S ribosomal protein L5,protein-coding,-,-,-,50S ribosomal protein L5,20201215,-
65058,47428960,CKV68_RS08670,CKV68_RS08670,SAMEA4504038_01749,-,1,-,HAAAP family serine/threonine permease,protein-coding,-,-,-,HAAAP family serine/threonine permease,20201215,-
65058,47428961,CKV68_RS08675,CKV68_RS08675,SAMEA4504038_01750,-,1,-,L-serine ammonia-lyase,protein-coding,-,-,-,L-serine ammonia-lyase,20210406,-
65058,47428962,CKV68_RS08680,CKV68_RS08680,SAMEA4504038_01751,-,1,-,asparaginase,protein-coding,-,-,-,asparaginase,20201215,-
65058,47428963,CKV68_RS08690,CKV68_RS08690,SAMEA4504038_01754,-,1,-,phosphatase PAP2 family protein,protein-coding,-,-,-,phosphatase PAP2 family protein,20201215,-
65058,47428964,rpsH,CKV68_RS08695,SAMEA4504038_01755,-,1,-,30S ribosomal protein S8,protein-coding,-,-,-,30S ribosomal protein S8,20201215,-
65058,47428965,rplF,CKV68_RS08700,SAMEA4504038_01756,-,1,-,50S ribosomal protein L6,protein-coding,-,-,-,50S ribosomal protein L6,20201215,-
65058,47428966,rplR,CKV68_RS08705,SAMEA4504038_01757,-,1,-,50S ribosomal protein L18,protein-coding,-,-,-,50S ribosomal protein L18,20201215,-
65058,47428967,rpsE,CKV68_RS08710,SAMEA4504038_01758,-,1,-,30S ribosomal protein S5,protein-coding,-,-,-,30S ribosomal protein S5,20201215,-
65058,47428968,rpmD,CKV68_RS08715,SAMEA4504038_01759,-,1,-,50S ribosomal protein L30,protein-coding,-,-,-,50S ribosomal protein L30,20201215,-
65058,47428969,rplO,CKV68_RS08720,SAMEA4504038_01760,-,1,-,50S ribosomal protein L15,protein-coding,-,-,-,50S ribosomal protein L15,20201215,-
65058,47428970,CKV68_RS08725,CKV68_RS08725,SAMEA4504038_01761,-,1,-,hypothetical protein,protein-coding,-,-,-,hypothetical protein,20201215,-
65058,47428971,CKV68_RS08730,CKV68_RS08730,SAMEA4504038_01762,-,1,-,extracellular solute-binding protein,protein-coding,-,-,-,extracellular solute-binding protein,20201215,-
65058,47428972,CKV68_RS08735,CKV68_RS08735,SAMEA4504038_01763,-,1,-,sugar ABC transporter permease,protein-coding,-,-,-,sugar ABC transporter permease,20201215,-
65058,47428973,CKV68_RS08740,CKV68_RS08740,SAMEA4504038_01764,-,1,-,sugar ABC transporter permease,protein-coding,-,-,-,sugar ABC transporter permease,20201215,-
65058,47428974,CKV68_RS08745,CKV68_RS08745,SAMEA4504038_01765,-,1,-,hypothetical protein,protein-coding,-,-,-,hypothetical protein,20201215,-
65058,47428975,CKV68_RS08750,CKV68_RS08750,SAMEA4504038_01766,-,1,-,formate/nitrite transporter family protein,protein-coding,-,-,-,formate/nitrite transporter family protein,20210424,-
65058,47428976,CKV68_RS08755,CKV68_RS08755,SAMEA4504038_01767,-,1,-,DUF4032 domain-containing protein,protein-coding,-,-,-,DUF4032 domain-containing protein,20210123,-
65058,47428977,ugpC,CKV68_RS08760,SAMEA4504038_01768,-,1,-,sn-glycerol-3-phosphate ABC transporter ATP-binding protein UgpC,protein-coding,-,-,-,sn-glycerol-3-phosphate ABC transporter ATP-binding protein UgpC,20201215,-
65058,47428978,secY,CKV68_RS08765,SAMEA4504038_01770,-,1,-,preprotein translocase subunit SecY,protein-coding,-,-,-,preprotein translocase subunit SecY,20201215,-
65058,47428979,CKV68_RS08770,CKV68_RS08770,SAMEA4504038_01771,-,1,-,adenylate kinase,protein-coding,-,-,-,adenylate kinase,20201215,-
65058,47428980,map,CKV68_RS08775,SAMEA4504038_01772,-,1,-,type I methionyl aminopeptidase,protein-coding,-,-,-,type I methionyl aminopeptidase,20201215,-
65058,47428981,CKV68_RS08780,CKV68_RS08780,SAMEA4504038_01773,-,1,-,exo-alpha-sialidase,protein-coding,-,-,-,exo-alpha-sialidase,20210424,-
65058,47428982,CKV68_RS08785,CKV68_RS08785,SAMEA4504038_01774,-,1,-,"L,D-transpeptidase",protein-coding,-,-,-,"L,D-transpeptidase",20210424,-
65058,47428983,infA,CKV68_RS08790,SAMEA4504038_01775,-,1,-,translation initiation factor IF-1,protein-coding,-,-,-,translation initiation factor IF-1,20201215,-
65058,47428984,rpsM,CKV68_RS08795,SAMEA4504038_01777,-,1,-,30S ribosomal protein S13,protein-coding,-,-,-,30S ribosomal protein S13,20201215,-
65058,47428985,rpsK,CKV68_RS08800,SAMEA4504038_01778,-,1,-,30S ribosomal protein S11,protein-coding,-,-,-,30S ribosomal protein S11,20201215,-
65058,47428986,rpsD,CKV68_RS08805,SAMEA4504038_01779,-,1,-,30S ribosomal protein S4,protein-coding,-,-,-,30S ribosomal protein S4,20201215,-
65058,47428987,CKV68_RS08810,CKV68_RS08810,SAMEA4504038_01780,-,1,-,DNA-directed RNA polymerase subunit alpha,protein-coding,-,-,-,DNA-directed RNA polymerase subunit alpha,20201215,-
65058,47428988,rplQ,CKV68_RS08815,SAMEA4504038_01781,-,1,-,50S ribosomal protein L17,protein-coding,-,-,-,50S ribosomal protein L17,20201215,-
65058,47428989,truA,CKV68_RS08820,SAMEA4504038_01782,-,1,-,tRNA pseudouridine(38-40) synthase TruA,protein-coding,-,-,-,tRNA pseudouridine(38-40) synthase TruA,20210424,-
65058,47428990,eccB,CKV68_RS08825,SAMEA4504038_01783,-,1,-,type VII secretion protein EccB,protein-coding,-,-,-,type VII secretion protein EccB,20210424,-
65058,47428991,CKV68_RS08830,CKV68_RS08830,SAMEA4504038_01784,-,1,-,TIGR02611 family protein,protein-coding,-,-,-,TIGR02611 family protein,20201215,-
65058,47428992,mycP,CKV68_RS08835,SAMEA4504038_01785,-,1,-,type VII secretion-associated serine protease mycosin,protein-coding,-,-,-,type VII secretion-associated serine protease mycosin,20210424,-
65058,47428993,eccD,CKV68_RS08840,SAMEA4504038_01786,-,1,-,type VII secretion integral membrane protein EccD,protein-coding,-,-,-,type VII secretion integral membrane protein EccD,20210424,-
65058,47428994,eccCa,CKV68_RS08845,SAMEA4504038_01787,-,1,-,type VII secretion protein EccCa,protein-coding,-,-,-,type VII secretion protein EccCa,20210424,-
65058,47428995,CKV68_RS08850,CKV68_RS08850,SAMEA4504038_01788,-,1,-,type VII secretion-associated protein,protein-coding,-,-,-,type VII secretion-associated protein,20201215,-
65058,47428996,CKV68_RS08855,CKV68_RS08855,SAMEA4504038_01789,-,1,-,WXG100 family type VII secretion target,protein-coding,-,-,-,WXG100 family type VII secretion target,20201215,-
65058,47428997,CKV68_RS08860,CKV68_RS08860,SAMEA4504038_01790,-,1,-,WXG100 family type VII secretion target,protein-coding,-,-,-,WXG100 family type VII secretion target,20201218,-
65058,47428998,rplM,CKV68_RS08865,SAMEA4504038_01791,-,1,-,50S ribosomal protein L13,protein-coding,-,-,-,50S ribosomal protein L13,20201215,-
65058,47428999,rpsI,CKV68_RS08870,SAMEA4504038_01792,-,1,-,30S ribosomal protein S9,protein-coding,-,-,-,30S ribosomal protein S9,20201215,-
65058,47429000,CKV68_RS08875,CKV68_RS08875,SAMEA4504038_01793,-,1,-,phosphoglucosamine mutase,protein-coding,-,-,-,phosphoglucosamine mutase,20201215,-
65058,47429001,CKV68_RS08880,CKV68_RS08880,SAMEA4504038_01794,-,1,-,hypothetical protein,protein-coding,-,-,-,hypothetical protein,20201215,-
65058,47429002,CKV68_RS08885,CKV68_RS08885,SAMEA4504038_01795,-,1,-,hypothetical protein,protein-coding,-,-,-,hypothetical protein,20201215,-
65058,47429003,CKV68_RS08890,CKV68_RS08890,SAMEA4504038_01796,-,1,-,hypothetical protein,protein-coding,-,-,-,hypothetical protein,20201215,-
65058,47429004,CKV68_RS08895,CKV68_RS08895,SAMEA4504038_01797,-,1,-,dienelactone hydrolase family protein,protein-coding,-,-,-,dienelactone hydrolase family protein,20210424,-
65058,47429005,CKV68_RS08900,CKV68_RS08900,SAMEA4504038_01798,-,1,-,alanine racemase,protein-coding,-,-,-,alanine racemase,20201215,-
65058,47429006,tsaE,CKV68_RS08905,SAMEA4504038_01799,-,1,-,tRNA (adenosine(37)-N6)-threonylcarbamoyltransferase complex ATPase subunit type 1 TsaE,protein-coding,-,-,-,tRNA (adenosine(37)-N6)-threonylcarbamoyltransferase complex ATPase subunit type 1 TsaE,20201215,-
65058,47429007,CKV68_RS08910,CKV68_RS08910,SAMEA4504038_01800,-,1,-,transporter,protein-coding,-,-,-,transporter,20201215,-
65058,47429008,CKV68_RS08915,CKV68_RS08915,SAMEA4504038_01801,-,1,-,hypothetical protein,protein-coding,-,-,-,hypothetical protein,20201215,-
65058,47429009,tsaB,CKV68_RS08920,SAMEA4504038_01802,-,1,-,tRNA (adenosine(37)-N6)-threonylcarbamoyltransferase complex dimerization subunit type 1 TsaB,protein-coding,-,-,-,tRNA (adenosine(37)-N6)-threonylcarbamoyltransferase complex dimerization subunit type 1 TsaB,20201215,-
65058,47429010,rimI,CKV68_RS08925,SAMEA4504038_01803,-,1,-,ribosomal protein S18-alanine N-acetyltransferase,protein-coding,-,-,-,ribosomal protein S18-alanine N-acetyltransferase,20201215,-
65058,47429011,tsaD,CKV68_RS08930,SAMEA4504038_01804,-,1,-,tRNA (adenosine(37)-N6)-threonylcarbamoyltransferase complex transferase subunit TsaD,protein-coding,-,-,-,tRNA (adenosine(37)-N6)-threonylcarbamoyltransferase complex transferase subunit TsaD,20210406,-
65058,47429012,groES,CKV68_RS08935,SAMEA4504038_01805,-,1,-,co-chaperone GroES,protein-coding,-,-,-,co-chaperone GroES,20201215,-
65058,47429013,groL,CKV68_RS08940,SAMEA4504038_01806,-,1,-,chaperonin GroEL,protein-coding,-,-,-,chaperonin GroEL,20201215,-
65058,47429014,CKV68_RS08945,CKV68_RS08945,SAMEA4504038_01807,-,1,-,WhiB family transcriptional regulator,protein-coding,-,-,-,WhiB family transcriptional regulator,20210123,-
65058,47429015,CKV68_RS08950,CKV68_RS08950,SAMEA4504038_01808,-,1,-,sigma-70 family RNA polymerase sigma factor,protein-coding,-,-,-,sigma-70 family RNA polymerase sigma factor,20201215,-
65058,47429016,CKV68_RS08955,CKV68_RS08955,SAMEA4504038_01809,-,1,-,hypothetical protein,protein-coding,-,-,-,hypothetical protein,20201215,-
65058,47429017,CKV68_RS08960,CKV68_RS08960,SAMEA4504038_01810,-,1,-,DUF5319 domain-containing protein,protein-coding,-,-,-,DUF5319 domain-containing protein,20210123,-
65058,47429018,guaB,CKV68_RS08965,SAMEA4504038_01811,-,1,-,IMP dehydrogenase,protein-coding,-,-,-,IMP dehydrogenase,20201215,-
65058,47429019,CKV68_RS08970,CKV68_RS08970,SAMEA4504038_01812,-,1,-,GuaB3 family IMP dehydrogenase-related protein,protein-coding,-,-,-,GuaB3 family IMP dehydrogenase-related protein,20210123,-
65058,47429020,CKV68_RS08975,CKV68_RS08975,SAMEA4504038_01813,-,1,-,amino acid transporter,protein-coding,-,-,-,amino acid transporter,20210424,-
65058,47429021,guaA,CKV68_RS08980,SAMEA4504038_01814,-,1,-,glutamine-hydrolyzing GMP synthase,protein-coding,-,-,-,glutamine-hydrolyzing GMP synthase,20201215,-
65058,47429022,CKV68_RS08985,CKV68_RS08985,SAMEA4504038_01815,-,1,-,hypothetical protein,protein-coding,-,-,-,hypothetical protein,20210406,-
65058,47429023,CKV68_RS08990,CKV68_RS08990,SAMEA4504038_01816,-,1,-,PspC domain-containing protein,protein-coding,-,-,-,PspC domain-containing protein,20210424,-
65058,47429024,CKV68_RS08995,CKV68_RS08995,SAMEA4504038_01817,-,1,-,ATP-binding protein,protein-coding,-,-,-,ATP-binding protein,20210424,-
65058,47429025,CKV68_RS09000,CKV68_RS09000,SAMEA4504038_01818,-,1,-,response regulator transcription factor,protein-coding,-,-,-,response regulator transcription factor,20201215,-
65058,47429026,CKV68_RS09005,CKV68_RS09005,SAMEA4504038_01819,-,1,-,hypothetical protein,protein-coding,-,-,-,hypothetical protein,20201215,-
65058,47429027,CKV68_RS09010,CKV68_RS09010,SAMEA4504038_01820,-,1,-,sucrase ferredoxin,protein-coding,-,-,-,sucrase ferredoxin,20210129,-
65058,47429028,CKV68_RS09015,CKV68_RS09015,SAMEA4504038_01821,-,1,-,ABC transporter permease,protein-coding,-,-,-,ABC transporter permease,20201215,-
65058,47429029,CKV68_RS09020,CKV68_RS09020,SAMEA4504038_01822,-,1,-,methionine ABC transporter ATP-binding protein,protein-coding,-,-,-,methionine ABC transporter ATP-binding protein,20201215,-
65058,47429030,CKV68_RS09025,CKV68_RS09025,SAMEA4504038_01823,-,1,-,methionine ABC transporter substrate-binding protein,protein-coding,-,-,-,methionine ABC transporter substrate-binding protein,20210424,-
65058,47429031,CKV68_RS09030,CKV68_RS09030,SAMEA4504038_01824,-,1,-,methionine ABC transporter substrate-binding protein,protein-coding,-,-,-,methionine ABC transporter substrate-binding protein,20210123,-
65058,47429032,CKV68_RS09035,CKV68_RS09035,SAMEA4504038_01825,-,1,-,PH domain-containing protein,protein-coding,-,-,-,PH domain-containing protein,20210522,-
65058,47429033,CKV68_RS09040,CKV68_RS09040,SAMEA4504038_01826,-,1,-,PH domain-containing protein,protein-coding,-,-,-,PH domain-containing protein,20201215,-
65058,47429034,CKV68_RS09045,CKV68_RS09045,SAMEA4504038_01827,-,1,-,zinc ABC transporter substrate-binding protein,protein-coding,-,-,-,zinc ABC transporter substrate-binding protein,20210424,-
65058,47429035,CKV68_RS09050,CKV68_RS09050,SAMEA4504038_01828,-,1,-,metal ABC transporter ATP-binding protein,protein-coding,-,-,-,metal ABC transporter ATP-binding protein,20201215,-
65058,47429036,CKV68_RS09055,CKV68_RS09055,SAMEA4504038_01829,-,1,-,metal ABC transporter permease,protein-coding,-,-,-,metal ABC transporter permease,20201215,-
65058,47429037,CKV68_RS09060,CKV68_RS09060,SAMEA4504038_01830,-,1,-,metal ABC transporter permease,protein-coding,-,-,-,metal ABC transporter permease,20210123,-
65058,47429038,CKV68_RS09065,CKV68_RS09065,SAMEA4504038_01831,-,1,-,metal-dependent transcriptional regulator,protein-coding,-,-,-,metal-dependent transcriptional regulator,20210123,-
65058,47429039,CKV68_RS09070,CKV68_RS09070,SAMEA4504038_01832,-,1,-,tRNA (cytidine(34)-2'-O)-methyltransferase,protein-coding,-,-,-,tRNA (cytidine(34)-2'-O)-methyltransferase,20201215,-
65058,47429040,CKV68_RS09075,CKV68_RS09075,SAMEA4504038_01833,-,1,-,bifunctional methylenetetrahydrofolate dehydrogenase/methenyltetrahydrofolate cyclohydrolase,protein-coding,-,-,-,bifunctional methylenetetrahydrofolate dehydrogenase/methenyltetrahydrofolate cyclohydrolase,20201215,-
65058,47429041,CKV68_RS09080,CKV68_RS09080,SAMEA4504038_01834,-,1,-,DUF3017 domain-containing protein,protein-coding,-,-,-,DUF3017 domain-containing protein,20210123,-
65058,47429042,CKV68_RS09085,CKV68_RS09085,SAMEA4504038_01835,-,1,-,HNH endonuclease,protein-coding,-,-,-,HNH endonuclease,20201215,-
65058,47429043,CKV68_RS09090,CKV68_RS09090,SAMEA4504038_01836,-,1,-,homoserine O-acetyltransferase,protein-coding,-,-,-,homoserine O-acetyltransferase,20201215,-
65058,47429044,CKV68_RS09095,CKV68_RS09095,SAMEA4504038_01837,-,1,-,hemin receptor,protein-coding,-,-,-,hemin receptor,20201215,-
65058,47429045,CKV68_RS09100,CKV68_RS09100,SAMEA4504038_01838,-,1,-,HtaA domain-containing protein,protein-coding,-,-,-,HtaA domain-containing protein,20210424,-
65058,47429046,CKV68_RS09105,CKV68_RS09105,SAMEA4504038_01839,-,1,-,ABC transporter substrate-binding protein,protein-coding,-,-,-,ABC transporter substrate-binding protein,20210424,-
65058,47429047,CKV68_RS09110,CKV68_RS09110,SAMEA4504038_01840,-,1,-,iron ABC transporter permease,protein-coding,-,-,-,iron ABC transporter permease,20210123,-
65058,47429048,CKV68_RS09115,CKV68_RS09115,SAMEA4504038_01841,-,1,-,heme ABC transporter ATP-binding protein,protein-coding,-,-,-,heme ABC transporter ATP-binding protein,20201215,-
65058,47429049,CKV68_RS09120,CKV68_RS09120,SAMEA4504038_01842,-,1,-,HtaA domain-containing protein,protein-coding,-,-,-,HtaA domain-containing protein,20210424,-
65058,47429050,CKV68_RS09125,CKV68_RS09125,SAMEA4504038_01843,-,1,-,O-acetylhomoserine/O-acetylserine sulfhydrylase,protein-coding,-,-,-,O-acetylhomoserine/O-acetylserine sulfhydrylase,20210424,-
65058,47429051,CKV68_RS09130,CKV68_RS09130,SAMEA4504038_01844,-,1,-,NADP-dependent isocitrate dehydrogenase,protein-coding,-,-,-,NADP-dependent isocitrate dehydrogenase,20210424,-
65058,47429052,CKV68_RS09135,CKV68_RS09135,SAMEA4504038_01845,-,1,-,MFS transporter,protein-coding,-,-,-,MFS transporter,20201215,-
65058,47429053,CKV68_RS09140,CKV68_RS09140,SAMEA4504038_01846,-,1,-,MerR family transcriptional regulator,protein-coding,-,-,-,MerR family transcriptional regulator,20210424,-
65058,47429054,CKV68_RS09145,CKV68_RS09145,SAMEA4504038_01847,-,1,-,endonuclease/exonuclease/phosphatase family protein,protein-coding,-,-,-,endonuclease/exonuclease/phosphatase family protein,20210424,-
65058,47429055,CKV68_RS09150,CKV68_RS09150,SAMEA4504038_01848,-,1,-,hypothetical protein,protein-coding,-,-,-,hypothetical protein,20201215,-
65058,47429056,CKV68_RS09155,CKV68_RS09155,SAMEA4504038_01850,-,1,-,trypsin-like serine protease,protein-coding,-,-,-,trypsin-like serine protease,20210424,-
65058,47429057,trpS,CKV68_RS09160,SAMEA4504038_01851,-,1,-,tryptophan--tRNA ligase,protein-coding,-,-,-,tryptophan--tRNA ligase,20201215,-
65058,47429058,CKV68_RS09165,CKV68_RS09165,SAMEA4504038_01852,-,1,-,YihY/virulence factor BrkB family protein,protein-coding,-,-,-,YihY/virulence factor BrkB family protein,20210123,-
65058,47429059,CKV68_RS09170,CKV68_RS09170,SAMEA4504038_01853,-,1,-,D-alanyl-D-alanine carboxypeptidase,protein-coding,-,-,-,D-alanyl-D-alanine carboxypeptidase,20201215,-
65058,47429060,CKV68_RS09175,CKV68_RS09175,SAMEA4504038_01854,-,1,-,adenosine deaminase,protein-coding,-,-,-,adenosine deaminase,20210424,-
65058,47429061,CKV68_RS09180,CKV68_RS09180,SAMEA4504038_01855,-,1,-,hypothetical protein,protein-coding,-,-,-,hypothetical protein,20201215,-
65058,47429062,CKV68_RS09185,CKV68_RS09185,SAMEA4504038_01856,-,1,-,C40 family peptidase,protein-coding,-,-,-,C40 family peptidase,20210424,-
65058,47429063,CKV68_RS09190,CKV68_RS09190,SAMEA4504038_01857,-,1,-,hypothetical protein,protein-coding,-,-,-,hypothetical protein,20201215,-
65058,47429064,upp,CKV68_RS09195,SAMEA4504038_01858,-,1,-,uracil phosphoribosyltransferase,protein-coding,-,-,-,uracil phosphoribosyltransferase,20201215,-
65058,47429065,CKV68_RS09200,CKV68_RS09200,SAMEA4504038_01859,-,1,-,helix-turn-helix transcriptional regulator,protein-coding,-,-,-,helix-turn-helix transcriptional regulator,20201215,-
65058,47429066,CKV68_RS09205,CKV68_RS09205,SAMEA4504038_01860,-,1,-,phospho-sugar mutase,protein-coding,-,-,-,phospho-sugar mutase,20201215,-
65058,47429067,CKV68_RS09210,CKV68_RS09210,SAMEA4504038_01861,-,1,-,amidohydrolase,protein-coding,-,-,-,amidohydrolase,20210424,-
65058,47429068,CKV68_RS09215,CKV68_RS09215,SAMEA4504038_01862,-,1,-,NAD(P)H-quinone dehydrogenase,protein-coding,-,-,-,NAD(P)H-quinone dehydrogenase,20210406,-
65058,47429069,CKV68_RS09220,CKV68_RS09220,SAMEA4504038_01863,-,1,-,pyruvate carboxylase,protein-coding,-,-,-,pyruvate carboxylase,20201215,-
65058,47429070,CKV68_RS09225,CKV68_RS09225,SAMEA4504038_01864,-,1,-,multidrug efflux MFS transporter,protein-coding,-,-,-,multidrug efflux MFS transporter,20210424,-
65058,47429071,CKV68_RS09230,CKV68_RS09230,SAMEA4504038_01865,-,1,-,hypothetical protein,protein-coding,-,-,-,hypothetical protein,20201215,-
65058,47429072,CKV68_RS09235,CKV68_RS09235,SAMEA4504038_01866,-,1,-,acetyl/propionyl/methylcrotonyl-CoA carboxylase subunit alpha,protein-coding,-,-,-,acetyl/propionyl/methylcrotonyl-CoA carboxylase subunit alpha,20201215,-
65058,47429073,CKV68_RS09240,CKV68_RS09240,SAMEA4504038_01867,-,1,-,sulfurtransferase,protein-coding,-,-,-,sulfurtransferase,20201215,-
65058,47429074,CKV68_RS09245,CKV68_RS09245,SAMEA4504038_01868,-,1,-,Cj0069 family protein,protein-coding,-,-,-,Cj0069 family protein,20210123,-
65058,47429075,CKV68_RS09250,CKV68_RS09250,SAMEA4504038_01869,-,1,-,acyltransferase,protein-coding,-,-,-,acyltransferase,20210123,-
65058,47429076,CKV68_RS09255,CKV68_RS09255,SAMEA4504038_01870,-,1,-,DUF3151 domain-containing protein,protein-coding,-,-,-,DUF3151 domain-containing protein,20210123,-
65058,47429077,maf,CKV68_RS09260,SAMEA4504038_01871,-,1,-,septum formation inhibitor Maf,protein-coding,-,-,-,septum formation inhibitor Maf,20201215,-
65058,47429078,CKV68_RS09265,CKV68_RS09265,SAMEA4504038_01872,-,1,-,ribokinase,protein-coding,-,-,-,ribokinase,20201215,-
65058,47429079,CKV68_RS09270,CKV68_RS09270,SAMEA4504038_01873,-,1,-,LacI family DNA-binding transcriptional regulator,protein-coding,-,-,-,LacI family DNA-binding transcriptional regulator,20210406,-
65058,47429080,CKV68_RS09275,CKV68_RS09275,SAMEA4504038_01874,-,1,-,acyl-CoA carboxylase subunit epsilon,protein-coding,-,-,-,acyl-CoA carboxylase subunit epsilon,20210123,-
65058,47429081,CKV68_RS09280,CKV68_RS09280,SAMEA4504038_01875,-,1,-,acyl-CoA carboxylase subunit beta,protein-coding,-,-,-,acyl-CoA carboxylase subunit beta,20201215,-
65058,47429082,CKV68_RS09285,CKV68_RS09285,SAMEA4504038_01876,-,1,-,acyl-CoA carboxylase subunit beta,protein-coding,-,-,-,acyl-CoA carboxylase subunit beta,20201215,-
65058,47429083,CKV68_RS09290,CKV68_RS09290,SAMEA4504038_01877,-,1,-,biotin--[acetyl-CoA-carboxylase] ligase,protein-coding,-,-,-,biotin--[acetyl-CoA-carboxylase] ligase,20210327,-
65058,47429084,CKV68_RS09295,CKV68_RS09295,SAMEA4504038_01878,-,1,-,hypothetical protein,protein-coding,-,-,-,hypothetical protein,20201215,-
65058,47429085,CKV68_RS09300,CKV68_RS09300,SAMEA4504038_01879,-,1,-,multidrug ABC transporter permease,protein-coding,-,-,-,multidrug ABC transporter permease,20201215,-
65058,47429086,CKV68_RS09305,CKV68_RS09305,SAMEA4504038_01880,-,1,-,multidrug ABC transporter permease,protein-coding,-,-,-,multidrug ABC transporter permease,20201215,-
65058,47429087,CKV68_RS09310,CKV68_RS09310,SAMEA4504038_01881,-,1,-,ABC transporter ATP-binding protein,protein-coding,-,-,-,ABC transporter ATP-binding protein,20201215,-
65058,47429088,CKV68_RS09315,CKV68_RS09315,SAMEA4504038_01882,-,1,-,5-(carboxyamino)imidazole ribonucleotide synthase,protein-coding,-,-,-,5-(carboxyamino)imidazole ribonucleotide synthase,20201215,-
65058,47429089,purE,CKV68_RS09320,SAMEA4504038_01883,-,1,-,5-(carboxyamino)imidazole ribonucleotide mutase,protein-coding,-,-,-,5-(carboxyamino)imidazole ribonucleotide mutase,20201215,-
65058,47429090,CKV68_RS09325,CKV68_RS09325,SAMEA4504038_01884,-,1,-,YdcF family protein,protein-coding,-,-,-,YdcF family protein,20201215,-
65058,47429091,CKV68_RS09330,CKV68_RS09330,SAMEA4504038_01885,-,1,-,ABC transporter substrate-binding protein,protein-coding,-,-,-,ABC transporter substrate-binding protein,20201215,-
65058,47429092,CKV68_RS09335,CKV68_RS09335,SAMEA4504038_01886,-,1,-,iron ABC transporter permease,protein-coding,-,-,-,iron ABC transporter permease,20210424,-
65058,47429093,CKV68_RS09340,CKV68_RS09340,SAMEA4504038_01887,-,1,-,ABC transporter ATP-binding protein,protein-coding,-,-,-,ABC transporter ATP-binding protein,20201215,-
65058,47429094,CKV68_RS09345,CKV68_RS09345,SAMEA4504038_01888,-,1,-,hypothetical protein,protein-coding,-,-,-,hypothetical protein,20201215,-
65058,47429095,CKV68_RS09350,CKV68_RS09350,SAMEA4504038_01889,-,1,-,carbohydrate ABC transporter permease,protein-coding,-,-,-,carbohydrate ABC transporter permease,20201215,-
65058,47429096,CKV68_RS09355,CKV68_RS09355,SAMEA4504038_01890,-,1,-,sugar ABC transporter permease,protein-coding,-,-,-,sugar ABC transporter permease,20201215,-
65058,47429097,CKV68_RS09360,CKV68_RS09360,SAMEA4504038_01891,-,1,-,ABC transporter substrate-binding protein,protein-coding,-,-,-,ABC transporter substrate-binding protein,20201215,-
65058,47429098,CKV68_RS09365,CKV68_RS09365,SAMEA4504038_01892,-,1,-,TIGR03089 family protein,protein-coding,-,-,-,TIGR03089 family protein,20201215,-
65058,47429099,CKV68_RS09370,CKV68_RS09370,SAMEA4504038_01893,-,1,-,LCP family protein,protein-coding,-,-,-,LCP family protein,20210123,-
65058,47429100,CKV68_RS09375,CKV68_RS09375,SAMEA4504038_01894,-,1,-,glycosyltransferase family 2 protein,protein-coding,-,-,-,glycosyltransferase family 2 protein,20201215,-
65058,47429101,CKV68_RS09380,CKV68_RS09380,SAMEA4504038_01895,-,1,-,NDP-sugar synthase,protein-coding,-,-,-,NDP-sugar synthase,20201215,-
65058,47429103,CKV68_RS09390,CKV68_RS09390,SAMEA4504038_01896,-,1,-,WhiB family transcriptional regulator,protein-coding,-,-,-,WhiB family transcriptional regulator,20210327,-
65058,47429104,CKV68_RS09395,CKV68_RS09395,SAMEA4504038_01897,-,1,-,metallopeptidase family protein,protein-coding,-,-,-,metallopeptidase family protein,20201215,-
65058,47429105,CKV68_RS09400,CKV68_RS09400,SAMEA4504038_01898,-,1,-,DUF3499 domain-containing protein,protein-coding,-,-,-,DUF3499 domain-containing protein,20210123,-
65058,47429106,CKV68_RS09405,CKV68_RS09405,SAMEA4504038_01899,-,1,-,phosphomannomutase/phosphoglucomutase,protein-coding,-,-,-,phosphomannomutase/phosphoglucomutase,20201215,-
65058,47429107,CKV68_RS09410,CKV68_RS09410,SAMEA4504038_01900,-,1,-,hypothetical protein,protein-coding,-,-,-,hypothetical protein,20201215,-
65058,47429108,manA,CKV68_RS09415,SAMEA4504038_01901,-,1,-,"mannose-6-phosphate isomerase, class I",protein-coding,-,-,-,"mannose-6-phosphate isomerase, class I",20210417,-
65058,47429109,CKV68_RS09420,CKV68_RS09420,SAMEA4504038_01902,-,1,-,hypothetical protein,protein-coding,-,-,-,hypothetical protein,20210424,-
65058,47429110,CKV68_RS09425,CKV68_RS09425,SAMEA4504038_01904,-,1,-,DUF4259 domain-containing protein,protein-coding,-,-,-,DUF4259 domain-containing protein,20201215,-
65058,47429111,CKV68_RS09430,CKV68_RS09430,SAMEA4504038_01905,-,1,-,adenosylhomocysteinase,protein-coding,-,-,-,adenosylhomocysteinase,20210123,-
65058,47429112,CKV68_RS09435,CKV68_RS09435,SAMEA4504038_01906,-,1,-,dTMP kinase,protein-coding,-,-,-,dTMP kinase,20210424,-
65058,47429113,CKV68_RS09440,CKV68_RS09440,SAMEA4504038_01907,-,1,-,response regulator transcription factor,protein-coding,-,-,-,response regulator transcription factor,20201215,-
65058,47429114,CKV68_RS09445,CKV68_RS09445,SAMEA4504038_01908,-,1,-,HAMP domain-containing histidine kinase,protein-coding,-,-,-,HAMP domain-containing histidine kinase,20210605,-
65058,47429115,lpqB,CKV68_RS09450,SAMEA4504038_01909,-,1,-,MtrAB system accessory protein LpqB,protein-coding,-,-,-,MtrAB system accessory protein LpqB,20210424,-
65058,47429116,CKV68_RS09455,CKV68_RS09455,SAMEA4504038_01910,-,1,-,ComF family protein,protein-coding,-,-,-,ComF family protein,20210406,-
65058,47429117,raiA,CKV68_RS09460,SAMEA4504038_01911,-,1,-,ribosome-associated translation inhibitor RaiA,protein-coding,-,-,-,ribosome-associated translation inhibitor RaiA,20210123,-
65058,47429118,secA,CKV68_RS09465,SAMEA4504038_01912,-,1,-,preprotein translocase subunit SecA,protein-coding,-,-,-,preprotein translocase subunit SecA,20201215,-
65058,47429119,CKV68_RS09470,CKV68_RS09470,SAMEA4504038_01913,-,1,-,hypothetical protein,protein-coding,-,-,-,hypothetical protein,20201215,-
65058,47429120,CKV68_RS09475,CKV68_RS09475,SAMEA4504038_01914,-,1,-,HAD-IA family hydrolase,protein-coding,-,-,-,HAD-IA family hydrolase,20201215,-
65058,47429121,CKV68_RS09480,CKV68_RS09480,SAMEA4504038_01915,-,1,-,hypothetical protein,protein-coding,-,-,-,hypothetical protein,20201215,-
65058,47429122,CKV68_RS09485,CKV68_RS09485,SAMEA4504038_01916,-,1,-,ferredoxin reductase,protein-coding,-,-,-,ferredoxin reductase,20201215,-
65058,47429123,CKV68_RS09490,CKV68_RS09490,SAMEA4504038_01917,-,1,-,acyl-CoA desaturase,protein-coding,-,-,-,acyl-CoA desaturase,20201215,-
65058,47429124,rsgA,CKV68_RS09495,SAMEA4504038_01918,-,1,-,ribosome small subunit-dependent GTPase A,protein-coding,-,-,-,ribosome small subunit-dependent GTPase A,20201215,-
65058,47429125,aroA,CKV68_RS09500,SAMEA4504038_01919,-,1,-,3-phosphoshikimate 1-carboxyvinyltransferase,protein-coding,-,-,-,3-phosphoshikimate 1-carboxyvinyltransferase,20201215,-
65058,47429126,CKV68_RS09505,CKV68_RS09505,SAMEA4504038_01920,-,1,-,SOS response-associated peptidase,protein-coding,-,-,-,SOS response-associated peptidase,20210424,-
65058,47429127,ybaK,CKV68_RS09510,SAMEA4504038_01921,-,1,-,Cys-tRNA(Pro) deacylase,protein-coding,-,-,-,Cys-tRNA(Pro) deacylase,20201215,-
65058,47429128,CKV68_RS09515,CKV68_RS09515,SAMEA4504038_01922,-,1,-,sigma-70 family RNA polymerase sigma factor,protein-coding,-,-,-,sigma-70 family RNA polymerase sigma factor,20210424,-
65058,47429129,rsrA,CKV68_RS09520,SAMEA4504038_01923,-,1,-,mycothiol system anti-sigma-R factor,protein-coding,-,-,-,mycothiol system anti-sigma-R factor,20201215,-
65058,47429130,CKV68_RS09530,CKV68_RS09530,SAMEA4504038_01924,-,1,-,WhiB family transcriptional regulator,protein-coding,-,-,-,WhiB family transcriptional regulator,20210129,-
65058,47429131,CKV68_RS09535,CKV68_RS09535,SAMEA4504038_01926,-,1,-,hypothetical protein,protein-coding,-,-,-,hypothetical protein,20201215,-
65058,47429132,CKV68_RS09540,CKV68_RS09540,SAMEA4504038_01927,-,1,-,hydrolase,protein-coding,-,-,-,hydrolase,20210406,-
65058,47429133,CKV68_RS09545,CKV68_RS09545,SAMEA4504038_01928,-,1,-,hypothetical protein,protein-coding,-,-,-,hypothetical protein,20210424,-
65058,47429134,CKV68_RS09550,CKV68_RS09550,SAMEA4504038_01929,-,1,-,DEAD/DEAH box helicase,protein-coding,-,-,-,DEAD/DEAH box helicase,20201215,-
65058,47429135,CKV68_RS09555,CKV68_RS09555,SAMEA4504038_01930,-,1,-,DUF3107 domain-containing protein,protein-coding,-,-,-,DUF3107 domain-containing protein,20210406,-
65058,47429136,CKV68_RS09560,CKV68_RS09560,SAMEA4504038_01931,-,1,-,DUF3152 domain-containing protein,protein-coding,-,-,-,DUF3152 domain-containing protein,20210424,-
65058,47429137,CKV68_RS09565,CKV68_RS09565,SAMEA4504038_01932,-,1,-,TIGR02569 family protein,protein-coding,-,-,-,TIGR02569 family protein,20201215,-
65058,47429138,CKV68_RS09570,CKV68_RS09570,SAMEA4504038_01933,-,1,-,ATP-dependent helicase,protein-coding,-,-,-,ATP-dependent helicase,20210424,-
65058,47429139,CKV68_RS09575,CKV68_RS09575,SAMEA4504038_01934,-,1,-,ATP-dependent helicase,protein-coding,-,-,-,ATP-dependent helicase,20210424,-
65058,47429140,CKV68_RS09580,CKV68_RS09580,SAMEA4504038_01935,-,1,-,potassium channel family protein,protein-coding,-,-,-,potassium channel family protein,20210123,-
65058,47429141,CKV68_RS09585,CKV68_RS09585,SAMEA4504038_01936,-,1,-,NUDIX domain-containing protein,protein-coding,-,-,-,NUDIX domain-containing protein,20201215,-
65058,47429142,CKV68_RS09590,CKV68_RS09590,SAMEA4504038_01937,-,1,-,ATP-dependent DNA helicase UvrD2,protein-coding,-,-,-,ATP-dependent DNA helicase UvrD2,20210424,-
65058,47429143,CKV68_RS09595,CKV68_RS09595,SAMEA4504038_01938,-,1,-,hypothetical protein,protein-coding,-,-,-,hypothetical protein,20201215,-
65058,47429144,CKV68_RS09600,CKV68_RS09600,SAMEA4504038_01939,-,1,-,M48 family metallopeptidase,protein-coding,-,-,-,M48 family metallopeptidase,20201215,-
65058,47429145,CKV68_RS09605,CKV68_RS09605,SAMEA4504038_01940,-,1,-,zinc-dependent metalloprotease,protein-coding,-,-,-,zinc-dependent metalloprotease,20210123,-
65058,47429146,CKV68_RS09610,CKV68_RS09610,SAMEA4504038_01941,-,1,-,PDZ domain-containing protein,protein-coding,-,-,-,PDZ domain-containing protein,20201215,-
65058,47429147,CKV68_RS09615,CKV68_RS09615,SAMEA4504038_01942,-,1,-,hypothetical protein,protein-coding,-,-,-,hypothetical protein,20201215,-
65058,47429148,CKV68_RS09620,CKV68_RS09620,SAMEA4504038_01943,-,1,-,hypothetical protein,protein-coding,-,-,-,hypothetical protein,20201215,-
65058,47429149,CKV68_RS09625,CKV68_RS09625,SAMEA4504038_01944,-,1,-,UPF0182 family protein,protein-coding,-,-,-,UPF0182 family protein,20201215,-
65058,47429150,CKV68_RS09630,CKV68_RS09630,SAMEA4504038_01945,-,1,-,tRNA,tRNA,-,-,-,-,20201215,-
65058,47429151,CKV68_RS09635,CKV68_RS09635,SAMEA4504038_01946,-,1,-,PH domain-containing protein,protein-coding,-,-,-,PH domain-containing protein,20210424,-
65058,47429152,CKV68_RS09640,CKV68_RS09640,SAMEA4504038_01947,-,1,-,hypothetical protein,protein-coding,-,-,-,hypothetical protein,20201215,-
65058,47429153,CKV68_RS09645,CKV68_RS09645,SAMEA4504038_01948,-,1,-,DUF1624 domain-containing protein,protein-coding,-,-,-,DUF1624 domain-containing protein,20210406,-
65058,47429154,CKV68_RS09650,CKV68_RS09650,SAMEA4504038_01949,-,1,-,non-ribosomal peptide synthetase,protein-coding,-,-,-,non-ribosomal peptide synthetase,20210424,-
65058,47429155,CKV68_RS09655,CKV68_RS09655,-,-,1,-,pseudo,pseudo,-,-,-,-,20201215,-
65058,47429156,CKV68_RS09660,CKV68_RS09660,-,-,1,-,LPXTG cell wall anchor domain-containing protein,protein-coding,-,-,-,LPXTG cell wall anchor domain-containing protein,20201215,-
65058,47429157,CKV68_RS09665,CKV68_RS09665,SAMEA4504038_01951,-,1,-,hypothetical protein,protein-coding,-,-,-,hypothetical protein,20201215,-
65058,47429158,CKV68_RS09675,CKV68_RS09675,SAMEA4504038_01952,-,1,-,amino acid permease,protein-coding,-,-,-,amino acid permease,20201215,-
65058,47429159,CKV68_RS09680,CKV68_RS09680,SAMEA4504038_01953,-,1,-,methylmalonyl-CoA carboxytransferase subunit 5S,protein-coding,-,-,-,methylmalonyl-CoA carboxytransferase subunit 5S,20201215,-
65058,47429160,CKV68_RS09685,CKV68_RS09685,SAMEA4504038_01954,-,1,-,acyl-CoA carboxylase subunit beta,protein-coding,-,-,-,acyl-CoA carboxylase subunit beta,20201215,-
65058,47429161,CKV68_RS09690,CKV68_RS09690,SAMEA4504038_01955,-,1,-,hypothetical protein,protein-coding,-,-,-,hypothetical protein,20201215,-
65058,47429162,CKV68_RS09695,CKV68_RS09695,SAMEA4504038_01956,-,1,-,biotin/lipoyl-binding protein,protein-coding,-,-,-,biotin/lipoyl-binding protein,20201215,-
65058,47429163,CKV68_RS09700,CKV68_RS09700,SAMEA4504038_01957,-,1,-,hypothetical protein,protein-coding,-,-,-,hypothetical protein,20210424,-
65058,47429164,hisN,CKV68_RS09705,SAMEA4504038_01958,-,1,-,histidinol-phosphatase,protein-coding,-,-,-,histidinol-phosphatase,20210123,-
65058,47429165,CKV68_RS09710,CKV68_RS09710,SAMEA4504038_01959,-,1,-,inositol monophosphatase family protein,protein-coding,-,-,-,inositol monophosphatase family protein,20201215,-
65058,47429166,prfB,CKV68_RS09715,SAMEA4504038_01960,-,1,-,peptide chain release factor 2,protein-coding,-,-,-,peptide chain release factor 2,20201215,-
65058,47429168,CKV68_RS09725,CKV68_RS09725,SAMEA4504038_01961,-,1,-,AbgT family transporter,protein-coding,-,-,-,AbgT family transporter,20201215,-
65058,47429169,ftsE,CKV68_RS09730,SAMEA4504038_01962,-,1,-,cell division ATP-binding protein FtsE,protein-coding,-,-,-,cell division ATP-binding protein FtsE,20201215,-
65058,47429170,CKV68_RS09735,CKV68_RS09735,SAMEA4504038_01963,-,1,-,ABC transporter permease,protein-coding,-,-,-,ABC transporter permease,20201215,-
65058,47429171,smpB,CKV68_RS09740,SAMEA4504038_01964,-,1,-,SsrA-binding protein SmpB,protein-coding,-,-,-,SsrA-binding protein SmpB,20210123,-
65058,47429172,ssrA,CKV68_RS09745,SAMEA4504038_01965,-,1,-,miscRNA,miscRNA,-,-,-,-,20201215,-
65058,47429173,CKV68_RS09750,CKV68_RS09750,SAMEA4504038_01966,-,1,-,carbonic anhydrase,protein-coding,-,-,-,carbonic anhydrase,20210424,-
65058,47429174,CKV68_RS09755,CKV68_RS09755,SAMEA4504038_01967,-,1,-,hypothetical protein,protein-coding,-,-,-,hypothetical protein,20201215,-
65058,47429175,CKV68_RS09760,CKV68_RS09760,SAMEA4504038_01968,-,1,-,ABC transporter substrate-binding protein,protein-coding,-,-,-,ABC transporter substrate-binding protein,20201215,-
65058,47429176,CKV68_RS09765,CKV68_RS09765,SAMEA4504038_01969,-,1,-,pseudo,pseudo,-,-,-,-,20201215,-
65058,47429177,CKV68_RS09770,CKV68_RS09770,SAMEA4504038_01971,-,1,-,iron chelate uptake ABC transporter family permease subunit,protein-coding,-,-,-,iron chelate uptake ABC transporter family permease subunit,20210123,-
65058,47429178,CKV68_RS09775,CKV68_RS09775,SAMEA4504038_01972,-,1,-,ATP-binding cassette domain-containing protein,protein-coding,-,-,-,ATP-binding cassette domain-containing protein,20201215,-
65058,47429179,CKV68_RS09780,CKV68_RS09780,SAMEA4504038_01973,-,1,-,16S ribosomal RNA,rRNA,-,-,-,-,20201215,-
65058,47429180,CKV68_RS09785,CKV68_RS09785,SAMEA4504038_01974,-,1,-,23S ribosomal RNA,rRNA,-,-,-,-,20201215,-
65058,47429181,rrf,CKV68_RS09790,SAMEA4504038_01975,-,1,-,5S ribosomal RNA,rRNA,-,-,-,-,20201215,-
65058,47429182,CKV68_RS09795,CKV68_RS09795,SAMEA4504038_01976,-,1,-,pyridoxal phosphate-dependent aminotransferase,protein-coding,-,-,-,pyridoxal phosphate-dependent aminotransferase,20210424,-
65058,47429183,CKV68_RS09800,CKV68_RS09800,SAMEA4504038_01977,-,1,-,DUF3239 domain-containing protein,protein-coding,-,-,-,DUF3239 domain-containing protein,20210424,-
65058,47429184,CKV68_RS09805,CKV68_RS09805,SAMEA4504038_01978,-,1,-,DEAD/DEAH box helicase,protein-coding,-,-,-,DEAD/DEAH box helicase,20210424,-
65058,47429185,CKV68_RS09810,CKV68_RS09810,SAMEA4504038_01979,-,1,-,helicase-associated domain-containing protein,protein-coding,-,-,-,helicase-associated domain-containing protein,20210424,-
65058,47429186,CKV68_RS09815,CKV68_RS09815,SAMEA4504038_01980,-,1,-,hypothetical protein,protein-coding,-,-,-,hypothetical protein,20201215,-
65058,47429187,CKV68_RS09820,CKV68_RS09820,SAMEA4504038_01981,-,1,-,DUF3235 domain-containing protein,protein-coding,-,-,-,DUF3235 domain-containing protein,20210123,-
65058,47429189,CKV68_RS09830,CKV68_RS09830,SAMEA4504038_01982,-,1,-,cold shock domain-containing protein,protein-coding,-,-,-,cold shock domain-containing protein,20210123,-
65058,47429190,CKV68_RS09835,CKV68_RS09835,SAMEA4504038_01983,-,1,-,DUF2771 domain-containing protein,protein-coding,-,-,-,DUF2771 domain-containing protein,20210406,-
65058,47429191,CKV68_RS09840,CKV68_RS09840,SAMEA4504038_01984,-,1,-,glutaminyl-peptide cyclotransferase,protein-coding,-,-,-,glutaminyl-peptide cyclotransferase,20210424,-
65058,47429192,CKV68_RS09845,CKV68_RS09845,SAMEA4504038_01985,-,1,-,DUF3027 domain-containing protein,protein-coding,-,-,-,DUF3027 domain-containing protein,20210123,-
65058,47429193,CKV68_RS09850,CKV68_RS09850,SAMEA4504038_01986,-,1,-,NCS2 family permease,protein-coding,-,-,-,NCS2 family permease,20201215,-
65058,47429194,CKV68_RS09855,CKV68_RS09855,SAMEA4504038_01987,-,1,-,RNA methyltransferase,protein-coding,-,-,-,RNA methyltransferase,20201215,-
65058,47429195,CKV68_RS09860,CKV68_RS09860,SAMEA4504038_01988,-,1,-,hypothetical protein,protein-coding,-,-,-,hypothetical protein,20201215,-
65058,47429196,CKV68_RS09865,CKV68_RS09865,SAMEA4504038_01989,-,1,-,DUF3071 domain-containing protein,protein-coding,-,-,-,DUF3071 domain-containing protein,20210424,-
65058,47429197,serC,CKV68_RS09870,SAMEA4504038_01990,-,1,-,phosphoserine transaminase,protein-coding,-,-,-,phosphoserine transaminase,20210424,-
65058,47429198,CKV68_RS09875,CKV68_RS09875,SAMEA4504038_01991,-,1,-,citrate synthase,protein-coding,-,-,-,citrate synthase,20201215,-
65058,47429199,CKV68_RS09880,CKV68_RS09880,SAMEA4504038_01992,-,1,-,FKBP-type peptidyl-prolyl cis-trans isomerase,protein-coding,-,-,-,FKBP-type peptidyl-prolyl cis-trans isomerase,20201215,-
65058,47429200,CKV68_RS09885,CKV68_RS09885,SAMEA4504038_01993,-,1,-,acetyl-CoA carboxylase carboxyltransferase subunit alpha/beta,protein-coding,-,-,-,acetyl-CoA carboxylase carboxyltransferase subunit alpha/beta,20210424,-
65058,47429201,CKV68_RS09890,CKV68_RS09890,SAMEA4504038_01994,-,1,-,superoxide dismutase family protein,protein-coding,-,-,-,superoxide dismutase family protein,20210123,-
65058,47429202,CKV68_RS09895,CKV68_RS09895,SAMEA4504038_01996,-,1,-,aldo/keto reductase,protein-coding,-,-,-,aldo/keto reductase,20210424,-
65058,47429203,CKV68_RS09900,CKV68_RS09900,SAMEA4504038_01997,-,1,-,enoyl-CoA hydratase,protein-coding,-,-,-,enoyl-CoA hydratase,20210424,-
65058,47429204,CKV68_RS09905,CKV68_RS09905,SAMEA4504038_01998,-,1,-,DUF485 domain-containing protein,protein-coding,-,-,-,DUF485 domain-containing protein,20210123,-
65058,47429205,CKV68_RS09910,CKV68_RS09910,SAMEA4504038_01999,-,1,-,cation acetate symporter,protein-coding,-,-,-,cation acetate symporter,20201215,-
65058,47429206,CKV68_RS09915,CKV68_RS09915,SAMEA4504038_02000,-,1,-,hypothetical protein,protein-coding,-,-,-,hypothetical protein,20201215,-
65058,47429207,CKV68_RS09920,CKV68_RS09920,SAMEA4504038_02001,-,1,-,DUF1906 domain-containing protein,protein-coding,-,-,-,DUF1906 domain-containing protein,20210424,-
65058,47429208,CKV68_RS09930,CKV68_RS09930,SAMEA4504038_02003,-,1,-,cation:proton antiporter,protein-coding,-,-,-,cation:proton antiporter,20210123,-
65058,47429209,CKV68_RS09935,CKV68_RS09935,SAMEA4504038_02004,-,1,-,Ltp family lipoprotein,protein-coding,-,-,-,Ltp family lipoprotein,20210424,-
65058,47429210,CKV68_RS09940,CKV68_RS09940,SAMEA4504038_02005,-,1,-,MATE family efflux transporter,protein-coding,-,-,-,MATE family efflux transporter,20201215,-
65058,47429211,CKV68_RS09945,CKV68_RS09945,SAMEA4504038_02006,-,1,-,cysteine synthase family protein,protein-coding,-,-,-,cysteine synthase family protein,20201215,-
65058,47429212,CKV68_RS09950,CKV68_RS09950,SAMEA4504038_02007,-,1,-,alanine racemase,protein-coding,-,-,-,alanine racemase,20210424,-
65058,47429213,CKV68_RS09955,CKV68_RS09955,SAMEA4504038_02008,-,1,-,ornithine cyclodeaminase,protein-coding,-,-,-,ornithine cyclodeaminase,20210424,-
65058,47429214,CKV68_RS09960,CKV68_RS09960,SAMEA4504038_02009,-,1,-,TauD/TfdA family dioxygenase,protein-coding,-,-,-,TauD/TfdA family dioxygenase,20210424,-
65058,47429215,CKV68_RS09965,CKV68_RS09965,SAMEA4504038_02010,-,1,-,ABC transporter substrate-binding protein,protein-coding,-,-,-,ABC transporter substrate-binding protein,20210406,-
65058,47429216,CKV68_RS09970,CKV68_RS09970,SAMEA4504038_02011,-,1,-,ABC transporter permease,protein-coding,-,-,-,ABC transporter permease,20201215,-
65058,47429217,CKV68_RS09975,CKV68_RS09975,SAMEA4504038_02012,-,1,-,ABC transporter permease subunit,protein-coding,-,-,-,ABC transporter permease subunit,20210424,-
65058,47429218,CKV68_RS09980,CKV68_RS09980,SAMEA4504038_02013,-,1,-,ABC transporter ATP-binding protein,protein-coding,-,-,-,ABC transporter ATP-binding protein,20201215,-
65058,47429219,CKV68_RS09985,CKV68_RS09985,SAMEA4504038_02014,-,1,-,hypothetical protein,protein-coding,-,-,-,hypothetical protein,20201215,-
65058,47429220,CKV68_RS09990,CKV68_RS09990,SAMEA4504038_02015,-,1,-,hypothetical protein,protein-coding,-,-,-,hypothetical protein,20201215,-
65058,47429221,CKV68_RS10000,CKV68_RS10000,SAMEA4504038_02016,-,1,-,hypothetical protein,protein-coding,-,-,-,hypothetical protein,20201215,-
65058,47429222,CKV68_RS10005,CKV68_RS10005,SAMEA4504038_02017,-,1,-,hypothetical protein,protein-coding,-,-,-,hypothetical protein,20201215,-
65058,47429223,CKV68_RS10010,CKV68_RS10010,-,-,1,-,hypothetical protein,protein-coding,-,-,-,hypothetical protein,20201215,-
65058,47429224,CKV68_RS10015,CKV68_RS10015,SAMEA4504038_02018,-,1,-,hypothetical protein,protein-coding,-,-,-,hypothetical protein,20201215,-
65058,47429225,CKV68_RS10020,CKV68_RS10020,SAMEA4504038_02019,-,1,-,tRNA,tRNA,-,-,-,-,20201215,-
65058,47429226,CKV68_RS10025,CKV68_RS10025,SAMEA4504038_02020,-,1,-,hypothetical protein,protein-coding,-,-,-,hypothetical protein,20201215,-
65058,47429227,cobF,CKV68_RS10030,SAMEA4504038_02021,-,1,-,precorrin-6A synthase (deacetylating),protein-coding,-,-,-,precorrin-6A synthase (deacetylating),20201215,-
65058,47429228,CKV68_RS10035,CKV68_RS10035,SAMEA4504038_02022,-,1,-,mycoredoxin,protein-coding,-,-,-,mycoredoxin,20210424,-
65058,47429229,CKV68_RS10040,CKV68_RS10040,SAMEA4504038_02023,-,1,-,dihydrofolate reductase,protein-coding,-,-,-,dihydrofolate reductase,20201215,-
65058,47429230,CKV68_RS10045,CKV68_RS10045,SAMEA4504038_02024,-,1,-,thymidylate synthase,protein-coding,-,-,-,thymidylate synthase,20210403,-
65058,47429231,CKV68_RS10050,CKV68_RS10050,SAMEA4504038_02025,-,1,-,"3'(2'),5'-bisphosphate nucleotidase CysQ",protein-coding,-,-,-,"3'(2'),5'-bisphosphate nucleotidase CysQ",20201215,-
65058,47429232,CKV68_RS10055,CKV68_RS10055,SAMEA4504038_02026,-,1,-,ATP-dependent helicase,protein-coding,-,-,-,ATP-dependent helicase,20210424,-
65058,47429233,CKV68_RS10060,CKV68_RS10060,SAMEA4504038_02027,-,1,-,mismatch-specific DNA-glycosylase,protein-coding,-,-,-,mismatch-specific DNA-glycosylase,20210424,-
65058,47429234,CKV68_RS10065,CKV68_RS10065,SAMEA4504038_02028,-,1,-,Fpg/Nei family DNA glycosylase,protein-coding,-,-,-,Fpg/Nei family DNA glycosylase,20201215,-
65058,47429235,CKV68_RS10070,CKV68_RS10070,SAMEA4504038_02029,-,1,-,YccF domain-containing protein,protein-coding,-,-,-,YccF domain-containing protein,20201215,-
65058,47429236,pgi,CKV68_RS10075,SAMEA4504038_02030,-,1,-,glucose-6-phosphate isomerase,protein-coding,-,-,-,glucose-6-phosphate isomerase,20201215,-
65058,47429237,CKV68_RS10080,CKV68_RS10080,SAMEA4504038_02031,-,1,-,NAD-dependent succinate-semialdehyde dehydrogenase,protein-coding,-,-,-,NAD-dependent succinate-semialdehyde dehydrogenase,20201215,-
65058,47429238,CKV68_RS10085,CKV68_RS10085,SAMEA4504038_02032,-,1,-,chorismate mutase,protein-coding,-,-,-,chorismate mutase,20201215,-
65058,47429239,pcrA,CKV68_RS10090,SAMEA4504038_02033,-,1,-,DNA helicase PcrA,protein-coding,-,-,-,DNA helicase PcrA,20201215,-
65058,47429240,CKV68_RS10095,CKV68_RS10095,SAMEA4504038_02034,-,1,-,M23 family metallopeptidase,protein-coding,-,-,-,M23 family metallopeptidase,20210123,-
65058,47429241,CKV68_RS10100,CKV68_RS10100,SAMEA4504038_02035,-,1,-,hypothetical protein,protein-coding,-,-,-,hypothetical protein,20201215,-
65058,47429242,CKV68_RS10105,CKV68_RS10105,SAMEA4504038_02036,-,1,-,phosphoribosylglycinamide formyltransferase,protein-coding,-,-,-,phosphoribosylglycinamide formyltransferase,20210123,-
65058,47429243,purH,CKV68_RS10110,SAMEA4504038_02037,-,1,-,bifunctional phosphoribosylaminoimidazolecarboxamide formyltransferase/IMP cyclohydrolase,protein-coding,-,-,-,bifunctional phosphoribosylaminoimidazolecarboxamide formyltransferase/IMP cyclohydrolase,20201215,-
65058,47429244,CKV68_RS10115,CKV68_RS10115,SAMEA4504038_02039,-,1,-,amino acid ABC transporter ATP-binding protein,protein-coding,-,-,-,amino acid ABC transporter ATP-binding protein,20201215,-
65058,47429245,CKV68_RS10120,CKV68_RS10120,SAMEA4504038_02040,-,1,-,glutamate ABC transporter substrate-binding protein,protein-coding,-,-,-,glutamate ABC transporter substrate-binding protein,20201215,-
65058,47429246,CKV68_RS10125,CKV68_RS10125,SAMEA4504038_02041,-,1,-,amino acid ABC transporter permease,protein-coding,-,-,-,amino acid ABC transporter permease,20201215,-
65058,47429247,CKV68_RS10130,CKV68_RS10130,SAMEA4504038_02042,-,1,-,amino acid ABC transporter permease,protein-coding,-,-,-,amino acid ABC transporter permease,20201215,-
65058,47429248,CKV68_RS10135,CKV68_RS10135,SAMEA4504038_02043,-,1,-,CoA ester lyase,protein-coding,-,-,-,CoA ester lyase,20201215,-
65058,47429249,CKV68_RS10140,CKV68_RS10140,SAMEA4504038_02044,-,1,-,TetR/AcrR family transcriptional regulator,protein-coding,-,-,-,TetR/AcrR family transcriptional regulator,20201215,-
65058,47429250,CKV68_RS10145,CKV68_RS10145,SAMEA4504038_02045,-,1,-,nucleotidyltransferase,protein-coding,-,-,-,nucleotidyltransferase,20210424,-
65058,47429251,CKV68_RS10150,CKV68_RS10150,SAMEA4504038_02046,-,1,-,30S ribosomal protein S18,protein-coding,-,-,-,30S ribosomal protein S18,20201215,-
65058,47429252,rpsN,CKV68_RS10155,SAMEA4504038_02047,-,1,-,30S ribosomal protein S14,protein-coding,-,-,-,30S ribosomal protein S14,20201215,-
65058,47429253,rpmG,CKV68_RS10160,SAMEA4504038_02048,-,1,-,50S ribosomal protein L33,protein-coding,-,-,-,50S ribosomal protein L33,20201215,-
65058,47429254,rpmB,CKV68_RS10165,SAMEA4504038_02049,-,1,-,50S ribosomal protein L28,protein-coding,-,-,-,50S ribosomal protein L28,20201215,-
65058,47429255,CKV68_RS10170,CKV68_RS10170,SAMEA4504038_02051,-,1,-,type B 50S ribosomal protein L31,protein-coding,-,-,-,type B 50S ribosomal protein L31,20201215,-
65058,47429256,rpmF,CKV68_RS10175,SAMEA4504038_02052,-,1,-,50S ribosomal protein L32,protein-coding,-,-,-,50S ribosomal protein L32,20201215,-
65058,47429257,CKV68_RS10180,CKV68_RS10180,SAMEA4504038_02053,-,1,-,response regulator transcription factor,protein-coding,-,-,-,response regulator transcription factor,20201215,-
65058,47429258,CKV68_RS10185,CKV68_RS10185,SAMEA4504038_02054,-,1,-,HAMP domain-containing histidine kinase,protein-coding,-,-,-,HAMP domain-containing histidine kinase,20201215,-
65058,47429259,CKV68_RS10190,CKV68_RS10190,SAMEA4504038_02055,-,1,-,trypsin-like peptidase domain-containing protein,protein-coding,-,-,-,trypsin-like peptidase domain-containing protein,20210424,-
65058,47429260,CKV68_RS10195,CKV68_RS10195,SAMEA4504038_02056,-,1,-,MogA/MoaB family molybdenum cofactor biosynthesis protein,protein-coding,-,-,-,MogA/MoaB family molybdenum cofactor biosynthesis protein,20201215,-
65058,47429261,CKV68_RS10200,CKV68_RS10200,SAMEA4504038_02057,-,1,-,hypothetical protein,protein-coding,-,-,-,hypothetical protein,20201215,-
65058,47429262,mscL,CKV68_RS10205,SAMEA4504038_02058,-,1,-,large conductance mechanosensitive channel protein MscL,protein-coding,-,-,-,large conductance mechanosensitive channel protein MscL,20210123,-
65058,47429263,CKV68_RS10210,CKV68_RS10210,SAMEA4504038_02059,-,1,-,hypothetical protein,protein-coding,-,-,-,hypothetical protein,20201215,-
65058,47429264,CKV68_RS10215,CKV68_RS10215,SAMEA4504038_02060,-,1,-,5-formyltetrahydrofolate cyclo-ligase,protein-coding,-,-,-,5-formyltetrahydrofolate cyclo-ligase,20201215,-
65058,47429265,CKV68_RS10220,CKV68_RS10220,SAMEA4504038_02061,-,1,-,UTP--glucose-1-phosphate uridylyltransferase,protein-coding,-,-,-,UTP--glucose-1-phosphate uridylyltransferase,20201215,-
65058,47429266,CKV68_RS10225,CKV68_RS10225,SAMEA4504038_02062,-,1,-,molybdopterin molybdotransferase MoeA,protein-coding,-,-,-,molybdopterin molybdotransferase MoeA,20201215,-
65058,47429267,CKV68_RS10230,CKV68_RS10230,SAMEA4504038_02063,-,1,-,GNAT family N-acetyltransferase,protein-coding,-,-,-,GNAT family N-acetyltransferase,20201215,-
65058,47429268,CKV68_RS10235,CKV68_RS10235,SAMEA4504038_02064,-,1,-,hypothetical protein,protein-coding,-,-,-,hypothetical protein,20201215,-
65058,47429269,CKV68_RS10240,CKV68_RS10240,SAMEA4504038_02065,-,1,-,DoxX family protein,protein-coding,-,-,-,DoxX family protein,20201215,-
65058,47429270,CKV68_RS10245,CKV68_RS10245,SAMEA4504038_02066,-,1,-,zf-HC2 domain-containing protein,protein-coding,-,-,-,zf-HC2 domain-containing protein,20210123,-
65058,47429271,CKV68_RS10250,CKV68_RS10250,SAMEA4504038_02067,-,1,-,phospholipid carrier-dependent glycosyltransferase,protein-coding,-,-,-,phospholipid carrier-dependent glycosyltransferase,20210424,-
65058,47429272,CKV68_RS10255,CKV68_RS10255,SAMEA4504038_02068,-,1,-,BCCT family transporter,protein-coding,-,-,-,BCCT family transporter,20210424,-
65058,47429273,CKV68_RS10260,CKV68_RS10260,SAMEA4504038_02069,-,1,-,hypothetical protein,protein-coding,-,-,-,hypothetical protein,20210424,-
65058,47429274,rsmI,CKV68_RS10265,SAMEA4504038_02070,-,1,-,16S rRNA (cytidine(1402)-2'-O)-methyltransferase,protein-coding,-,-,-,16S rRNA (cytidine(1402)-2'-O)-methyltransferase,20201215,-
65058,47429275,CKV68_RS10270,CKV68_RS10270,SAMEA4504038_02071,-,1,-,methionine--tRNA ligase,protein-coding,-,-,-,methionine--tRNA ligase,20201215,-
65058,47429276,CKV68_RS10275,CKV68_RS10275,SAMEA4504038_02072,-,1,-,TatD family hydrolase,protein-coding,-,-,-,TatD family hydrolase,20201215,-
65058,47429277,CKV68_RS10280,CKV68_RS10280,SAMEA4504038_02073,-,1,-,resuscitation-promoting factor,protein-coding,-,-,-,resuscitation-promoting factor,20210406,-
65058,47429278,rsmA,CKV68_RS10285,SAMEA4504038_02074,-,1,-,16S rRNA (adenine(1518)-N(6)/adenine(1519)-N(6))-dimethyltransferase RsmA,protein-coding,-,-,-,16S rRNA (adenine(1518)-N(6)/adenine(1519)-N(6))-dimethyltransferase RsmA,20210123,-
65058,47429279,CKV68_RS10290,CKV68_RS10290,SAMEA4504038_02075,-,1,-,4-(cytidine 5'-diphospho)-2-C-methyl-D-erythritol kinase,protein-coding,-,-,-,4-(cytidine 5'-diphospho)-2-C-methyl-D-erythritol kinase,20201215,-
65058,47429280,CKV68_RS10295,CKV68_RS10295,SAMEA4504038_02076,-,1,-,ABC-F family ATP-binding cassette domain-containing protein,protein-coding,-,-,-,ABC-F family ATP-binding cassette domain-containing protein,20201215,-
65058,47429281,CKV68_RS10300,CKV68_RS10300,SAMEA4504038_02077,-,1,-,antibiotic biosynthesis monooxygenase,protein-coding,-,-,-,antibiotic biosynthesis monooxygenase,20201215,-
65058,47429282,CKV68_RS10305,CKV68_RS10305,SAMEA4504038_02078,-,1,-,hypothetical protein,protein-coding,-,-,-,hypothetical protein,20201215,-
65058,47429283,CKV68_RS10310,CKV68_RS10310,SAMEA4504038_02079,-,1,-,sigma-70 family RNA polymerase sigma factor,protein-coding,-,-,-,sigma-70 family RNA polymerase sigma factor,20201215,-
65058,47429284,CKV68_RS10315,CKV68_RS10315,SAMEA4504038_02080,-,1,-,hypothetical protein,protein-coding,-,-,-,hypothetical protein,20201215,-
65058,47429285,ppk2,CKV68_RS10320,SAMEA4504038_02081,-,1,-,polyphosphate kinase 2,protein-coding,-,-,-,polyphosphate kinase 2,20201215,-
65058,47429286,CKV68_RS10325,CKV68_RS10325,SAMEA4504038_02082,-,1,-,nicotinamide riboside transporter PnuC,protein-coding,-,-,-,nicotinamide riboside transporter PnuC,20201215,-
65058,47429287,CKV68_RS10330,CKV68_RS10330,SAMEA4504038_02083,-,1,-,Cof-type HAD-IIB family hydrolase,protein-coding,-,-,-,Cof-type HAD-IIB family hydrolase,20210123,-
65058,47429288,CKV68_RS10335,CKV68_RS10335,SAMEA4504038_02084,-,1,-,enoyl-CoA hydratase/isomerase family protein,protein-coding,-,-,-,enoyl-CoA hydratase/isomerase family protein,20201215,-
65058,47429289,CKV68_RS10340,CKV68_RS10340,SAMEA4504038_02085,-,1,-,hypothetical protein,protein-coding,-,-,-,hypothetical protein,20201215,-
65058,47429290,CKV68_RS10345,CKV68_RS10345,-,-,1,-,hypothetical protein,protein-coding,-,-,-,hypothetical protein,20201215,-
65058,47429291,CKV68_RS10350,CKV68_RS10350,SAMEA4504038_02087,-,1,-,glyceraldehyde-3-phosphate dehydrogenase,protein-coding,-,-,-,glyceraldehyde-3-phosphate dehydrogenase,20201215,-
65058,47429292,CKV68_RS10355,CKV68_RS10355,-,-,1,-,pseudo,pseudo,-,-,-,-,20201215,-
65058,47429293,CKV68_RS10360,CKV68_RS10360,SAMEA4504038_02089,-,1,-,membrane protein,protein-coding,-,-,-,membrane protein,20201215,-
65058,47429294,pip,CKV68_RS10365,SAMEA4504038_02090,-,1,-,prolyl aminopeptidase,protein-coding,-,-,-,prolyl aminopeptidase,20210424,-
65058,47429295,CKV68_RS10370,CKV68_RS10370,SAMEA4504038_02091,-,1,-,peptide chain release factor 3,protein-coding,-,-,-,peptide chain release factor 3,20201215,-
65058,47429296,CKV68_RS10375,CKV68_RS10375,SAMEA4504038_02092,-,1,-,SDR family NAD(P)-dependent oxidoreductase,protein-coding,-,-,-,SDR family NAD(P)-dependent oxidoreductase,20210424,-
65058,47429297,CKV68_RS10380,CKV68_RS10380,SAMEA4504038_02093,-,1,-,aminoacyl-tRNA hydrolase,protein-coding,-,-,-,aminoacyl-tRNA hydrolase,20210406,-
65058,47429298,CKV68_RS10385,CKV68_RS10385,SAMEA4504038_02094,-,1,-,nitronate monooxygenase,protein-coding,-,-,-,nitronate monooxygenase,20201215,-
65058,47429299,CKV68_RS10390,CKV68_RS10390,SAMEA4504038_02095,-,1,-,hypothetical protein,protein-coding,-,-,-,hypothetical protein,20201215,-
65058,47429300,CKV68_RS10395,CKV68_RS10395,SAMEA4504038_02096,-,1,-,aminoacyl-tRNA hydrolase,protein-coding,-,-,-,aminoacyl-tRNA hydrolase,20201215,-
65058,47429301,CKV68_RS10400,CKV68_RS10400,SAMEA4504038_02097,-,1,-,50S ribosomal protein L25/general stress protein Ctc,protein-coding,-,-,-,50S ribosomal protein L25/general stress protein Ctc,20201215,-
65058,47429302,pulA,CKV68_RS10405,SAMEA4504038_02098,-,1,-,type I pullulanase,protein-coding,-,-,-,type I pullulanase,20210424,-
65058,47429303,CKV68_RS10410,CKV68_RS10410,SAMEA4504038_02099,-,1,-,ribose-phosphate diphosphokinase,protein-coding,-,-,-,ribose-phosphate diphosphokinase,20201215,-
65058,47429304,glmU,CKV68_RS10415,SAMEA4504038_02100,-,1,-,bifunctional UDP-N-acetylglucosamine diphosphorylase/glucosamine-1-phosphate N-acetyltransferase GlmU,protein-coding,-,-,-,bifunctional UDP-N-acetylglucosamine diphosphorylase/glucosamine-1-phosphate N-acetyltransferase GlmU,20210424,-
65058,47429305,CKV68_RS10420,CKV68_RS10420,SAMEA4504038_02101,-,1,-,multicopper oxidase domain-containing protein,protein-coding,-,-,-,multicopper oxidase domain-containing protein,20201215,-
65058,47429306,CKV68_RS10425,CKV68_RS10425,SAMEA4504038_02102,-,1,-,TDT family transporter,protein-coding,-,-,-,TDT family transporter,20201215,-
65058,47429307,CKV68_RS10435,CKV68_RS10435,SAMEA4504038_02104,-,1,-,TetR/AcrR family transcriptional regulator,protein-coding,-,-,-,TetR/AcrR family transcriptional regulator,20201215,-
65058,47429308,mfd,CKV68_RS10440,SAMEA4504038_02105,-,1,-,transcription-repair coupling factor,protein-coding,-,-,-,transcription-repair coupling factor,20210605,-
65058,47429309,CKV68_RS10445,CKV68_RS10445,SAMEA4504038_02106,-,1,-,amino acid permease,protein-coding,-,-,-,amino acid permease,20201215,-
65058,47429310,CKV68_RS10450,CKV68_RS10450,SAMEA4504038_02107,-,1,-,nucleotide pyrophosphohydrolase,protein-coding,-,-,-,nucleotide pyrophosphohydrolase,20201217,-
65058,47429311,CKV68_RS10455,CKV68_RS10455,SAMEA4504038_02108,-,1,-,lytic murein transglycosylase,protein-coding,-,-,-,lytic murein transglycosylase,20210424,-
65058,47429312,eno,CKV68_RS10460,SAMEA4504038_02109,-,1,-,phosphopyruvate hydratase,protein-coding,-,-,-,phosphopyruvate hydratase,20201215,-
65058,47429313,CKV68_RS10465,CKV68_RS10465,SAMEA4504038_02110,-,1,-,septum formation initiator family protein,protein-coding,-,-,-,septum formation initiator family protein,20210123,-
65058,47429314,CKV68_RS10470,CKV68_RS10470,SAMEA4504038_02111,-,1,-,DUF501 domain-containing protein,protein-coding,-,-,-,DUF501 domain-containing protein,20201215,-
65058,47429315,CKV68_RS10475,CKV68_RS10475,SAMEA4504038_02112,-,1,-,Ppx/GppA family phosphatase,protein-coding,-,-,-,Ppx/GppA family phosphatase,20201215,-
65058,47429316,CKV68_RS10480,CKV68_RS10480,SAMEA4504038_02113,-,1,-,tRNA,tRNA,-,-,-,-,20201215,-
65058,47429317,CKV68_RS10485,CKV68_RS10485,SAMEA4504038_02114,-,1,-,hypothetical protein,protein-coding,-,-,-,hypothetical protein,20201215,-
65058,47429318,CKV68_RS10490,CKV68_RS10490,SAMEA4504038_02115,-,1,-,AraC family transcriptional regulator,protein-coding,-,-,-,AraC family transcriptional regulator,20210327,-
65058,47429319,CKV68_RS10495,CKV68_RS10495,SAMEA4504038_02116,-,1,-,Bax inhibitor-1/YccA family protein,protein-coding,-,-,-,Bax inhibitor-1/YccA family protein,20210123,-
65058,47429321,greA,CKV68_RS10505,SAMEA4504038_02118,-,1,-,transcription elongation factor GreA,protein-coding,-,-,-,transcription elongation factor GreA,20201215,-
65058,47429322,CKV68_RS10510,CKV68_RS10510,SAMEA4504038_02119,-,1,-,DUF4307 domain-containing protein,protein-coding,-,-,-,DUF4307 domain-containing protein,20210424,-
65058,47429323,mca,CKV68_RS10515,SAMEA4504038_02120,-,1,-,mycothiol conjugate amidase Mca,protein-coding,-,-,-,mycothiol conjugate amidase Mca,20201215,-
65058,47429324,CKV68_RS10520,CKV68_RS10520,SAMEA4504038_02121,-,1,-,hypothetical protein,protein-coding,-,-,-,hypothetical protein,20201215,-
65058,47429325,CKV68_RS10525,CKV68_RS10525,SAMEA4504038_02122,-,1,-,isoprenyl transferase,protein-coding,-,-,-,isoprenyl transferase,20210424,-
65058,47429326,CKV68_RS10530,CKV68_RS10530,SAMEA4504038_02123,-,1,-,hypothetical protein,protein-coding,-,-,-,hypothetical protein,20210123,-
65058,47429327,CKV68_RS10535,CKV68_RS10535,SAMEA4504038_02124,-,1,-,type I pantothenate kinase,protein-coding,-,-,-,type I pantothenate kinase,20201215,-
65058,47429328,CKV68_RS10540,CKV68_RS10540,SAMEA4504038_02125,-,1,-,serine hydroxymethyltransferase,protein-coding,-,-,-,serine hydroxymethyltransferase,20201215,-
65058,47429329,CKV68_RS10545,CKV68_RS10545,SAMEA4504038_02126,-,1,-,MFS transporter,protein-coding,-,-,-,MFS transporter,20210424,-
65058,47429330,CKV68_RS10550,CKV68_RS10550,SAMEA4504038_02127,-,1,-,TetR/AcrR family transcriptional regulator,protein-coding,-,-,-,TetR/AcrR family transcriptional regulator,20210424,-
65058,47429331,CKV68_RS10555,CKV68_RS10555,SAMEA4504038_02128,-,1,-,hypothetical protein,protein-coding,-,-,-,hypothetical protein,20201215,-
65058,47429332,CKV68_RS10560,CKV68_RS10560,SAMEA4504038_02129,-,1,-,LysR family transcriptional regulator substrate-binding protein,protein-coding,-,-,-,LysR family transcriptional regulator substrate-binding protein,20201215,-
65058,47429333,CKV68_RS10565,CKV68_RS10565,SAMEA4504038_02130,-,1,-,hypothetical protein,protein-coding,-,-,-,hypothetical protein,20210424,-
65058,47429334,CKV68_RS10570,CKV68_RS10570,SAMEA4504038_02131,-,1,-,N-acetyltransferase,protein-coding,-,-,-,N-acetyltransferase,20201215,-
65058,47429335,CKV68_RS10575,CKV68_RS10575,SAMEA4504038_02132,-,1,-,MFS transporter,protein-coding,-,-,-,MFS transporter,20201215,-
65058,47429336,CKV68_RS10580,CKV68_RS10580,SAMEA4504038_02133,-,1,-,TetR family transcriptional regulator,protein-coding,-,-,-,TetR family transcriptional regulator,20210424,-
65058,47429337,CKV68_RS10585,CKV68_RS10585,SAMEA4504038_02134,-,1,-,class II fumarate hydratase,protein-coding,-,-,-,class II fumarate hydratase,20201215,-
65058,47429338,glpX,CKV68_RS10590,SAMEA4504038_02135,-,1,-,class II fructose-bisphosphatase,protein-coding,-,-,-,class II fructose-bisphosphatase,20201215,-
65058,47429339,CKV68_RS10595,CKV68_RS10595,SAMEA4504038_02136,-,1,-,DUF4245 domain-containing protein,protein-coding,-,-,-,DUF4245 domain-containing protein,20210424,-
65058,47429340,CKV68_RS10600,CKV68_RS10600,SAMEA4504038_02137,-,1,-,exodeoxyribonuclease VII small subunit,protein-coding,-,-,-,exodeoxyribonuclease VII small subunit,20201215,-
65058,47429341,CKV68_RS10605,CKV68_RS10605,SAMEA4504038_02138,-,1,-,exodeoxyribonuclease VII large subunit,protein-coding,-,-,-,exodeoxyribonuclease VII large subunit,20210403,-
65058,47429342,CKV68_RS10610,CKV68_RS10610,SAMEA4504038_02139,-,1,-,4-hydroxy-3-methylbut-2-enyl diphosphate reductase,protein-coding,-,-,-,4-hydroxy-3-methylbut-2-enyl diphosphate reductase,20201215,-
65058,47429343,CKV68_RS10615,CKV68_RS10615,SAMEA4504038_02140,-,1,-,hypothetical protein,protein-coding,-,-,-,hypothetical protein,20210424,-
65058,47429344,CKV68_RS10620,CKV68_RS10620,SAMEA4504038_02141,-,1,-,AI-2E family transporter,protein-coding,-,-,-,AI-2E family transporter,20201215,-
65058,47429345,ychF,CKV68_RS10625,SAMEA4504038_02142,-,1,-,redox-regulated ATPase YchF,protein-coding,-,-,-,redox-regulated ATPase YchF,20201215,-
65058,47429346,CKV68_RS10630,CKV68_RS10630,SAMEA4504038_02143,-,1,-,alkylmercury lyase,protein-coding,-,-,-,alkylmercury lyase,20210424,-
65058,47429347,CKV68_RS10635,CKV68_RS10635,SAMEA4504038_02144,-,1,-,alkylphosphonate utilization protein,protein-coding,-,-,-,alkylphosphonate utilization protein,20201215,-
65058,47429348,CKV68_RS10640,CKV68_RS10640,SAMEA4504038_02145,-,1,-,ABC transporter ATP-binding protein,protein-coding,-,-,-,ABC transporter ATP-binding protein,20201215,-
65058,47429349,CKV68_RS10645,CKV68_RS10645,SAMEA4504038_02146,-,1,-,ATP-binding cassette domain-containing protein,protein-coding,-,-,-,ATP-binding cassette domain-containing protein,20210424,-
65058,47429350,CKV68_RS10650,CKV68_RS10650,SAMEA4504038_02147,-,1,-,excinuclease ABC subunit UvrA,protein-coding,-,-,-,excinuclease ABC subunit UvrA,20201215,-
65058,47429351,CKV68_RS10655,CKV68_RS10655,SAMEA4504038_02148,-,1,-,DUF808 domain-containing protein,protein-coding,-,-,-,DUF808 domain-containing protein,20210424,-
65058,47429352,CKV68_RS10660,CKV68_RS10660,SAMEA4504038_02149,-,1,-,2-dehydropantoate 2-reductase,protein-coding,-,-,-,2-dehydropantoate 2-reductase,20201215,-
65058,47429353,CKV68_RS10665,CKV68_RS10665,-,-,1,-,ECF transporter S component,protein-coding,-,-,-,ECF transporter S component,20210424,-
65058,47429354,CKV68_RS10670,CKV68_RS10670,SAMEA4504038_02152,-,1,-,ABC transporter ATP-binding protein,protein-coding,-,-,-,ABC transporter ATP-binding protein,20201215,-
65058,47429355,CKV68_RS10675,CKV68_RS10675,SAMEA4504038_02153,-,1,-,energy-coupling factor transporter transmembrane protein EcfT,protein-coding,-,-,-,energy-coupling factor transporter transmembrane protein EcfT,20210424,-
65058,47429356,CKV68_RS10680,CKV68_RS10680,SAMEA4504038_02154,-,1,-,AAA family ATPase,protein-coding,-,-,-,AAA family ATPase,20201215,-
65058,47429357,CKV68_RS10685,CKV68_RS10685,SAMEA4504038_02155,-,1,-,NUDIX domain-containing protein,protein-coding,-,-,-,NUDIX domain-containing protein,20201215,-
65058,47429358,CKV68_RS10690,CKV68_RS10690,SAMEA4504038_02156,-,1,-,ABC transporter substrate-binding protein,protein-coding,-,-,-,ABC transporter substrate-binding protein,20201215,-
65058,47429359,CKV68_RS10695,CKV68_RS10695,SAMEA4504038_02157,-,1,-,ABC transporter permease,protein-coding,-,-,-,ABC transporter permease,20201215,-
65058,47429360,CKV68_RS10700,CKV68_RS10700,SAMEA4504038_02158,-,1,-,ABC transporter permease,protein-coding,-,-,-,ABC transporter permease,20201215,-
65058,47429361,CKV68_RS10705,CKV68_RS10705,SAMEA4504038_02159,-,1,-,ABC transporter ATP-binding protein,protein-coding,-,-,-,ABC transporter ATP-binding protein,20201215,-
65058,47429362,CKV68_RS10710,CKV68_RS10710,SAMEA4504038_02160,-,1,-,helix-turn-helix transcriptional regulator,protein-coding,-,-,-,helix-turn-helix transcriptional regulator,20210123,-
65058,47429363,CKV68_RS10715,CKV68_RS10715,SAMEA4504038_02161,-,1,-,ABC transporter ATP-binding protein,protein-coding,-,-,-,ABC transporter ATP-binding protein,20201215,-
65058,47429364,CKV68_RS10720,CKV68_RS10720,SAMEA4504038_02162,-,1,-,FtsX-like permease family protein,protein-coding,-,-,-,FtsX-like permease family protein,20210424,-
65058,47429365,CKV68_RS10725,CKV68_RS10725,SAMEA4504038_02163,-,1,-,trypsin-like serine protease,protein-coding,-,-,-,trypsin-like serine protease,20210123,-
65058,47429366,arsC,CKV68_RS10730,SAMEA4504038_02164,-,1,-,arsenate reductase (glutaredoxin),protein-coding,-,-,-,arsenate reductase (glutaredoxin),20201215,-
65058,47429367,CKV68_RS10735,CKV68_RS10735,SAMEA4504038_02165,-,1,-,DUF402 domain-containing protein,protein-coding,-,-,-,DUF402 domain-containing protein,20210123,-
65058,47429368,CKV68_RS10740,CKV68_RS10740,SAMEA4504038_02166,-,1,-,hypothetical protein,protein-coding,-,-,-,hypothetical protein,20201215,-
65058,47429369,typA,CKV68_RS10745,SAMEA4504038_02167,-,1,-,translational GTPase TypA,protein-coding,-,-,-,translational GTPase TypA,20201215,-
65058,47429370,CKV68_RS10750,CKV68_RS10750,SAMEA4504038_02168,-,1,-,ABC transporter family substrate-binding protein,protein-coding,-,-,-,ABC transporter family substrate-binding protein,20201215,-
65058,47429371,mshB,CKV68_RS10755,SAMEA4504038_02169,-,1,-,N-acetyl-1-D-myo-inositol-2-amino-2-deoxy-alpha-D-glucopyranoside deacetylase,protein-coding,-,-,-,N-acetyl-1-D-myo-inositol-2-amino-2-deoxy-alpha-D-glucopyranoside deacetylase,20210424,-
65058,47429372,CKV68_RS10760,CKV68_RS10760,SAMEA4504038_02170,-,1,-,hypothetical protein,protein-coding,-,-,-,hypothetical protein,20201215,-
65058,47429373,CKV68_RS10765,CKV68_RS10765,SAMEA4504038_02171,-,1,-,ferredoxin family protein,protein-coding,-,-,-,ferredoxin family protein,20201215,-
65058,47429374,dapC,CKV68_RS10770,SAMEA4504038_02172,-,1,-,succinyldiaminopimelate transaminase,protein-coding,-,-,-,succinyldiaminopimelate transaminase,20201215,-
65058,47429375,CKV68_RS10775,CKV68_RS10775,SAMEA4504038_02173,-,1,-,GtrA family protein,protein-coding,-,-,-,GtrA family protein,20210123,-
65058,47429376,CKV68_RS10780,CKV68_RS10780,SAMEA4504038_02174,-,1,-,HNH endonuclease,protein-coding,-,-,-,HNH endonuclease,20210123,-
65058,47429377,CKV68_RS10785,CKV68_RS10785,SAMEA4504038_02175,-,1,-,amino acid permease,protein-coding,-,-,-,amino acid permease,20201215,-
65058,47429378,dapD,CKV68_RS10790,SAMEA4504038_02176,-,1,-,"2,3,4,5-tetrahydropyridine-2,6-dicarboxylate N-succinyltransferase",protein-coding,-,-,-,"2,3,4,5-tetrahydropyridine-2,6-dicarboxylate N-succinyltransferase",20201215,-
65058,47429379,CKV68_RS10795,CKV68_RS10795,SAMEA4504038_02177,-,1,-,amino acid permease,protein-coding,-,-,-,amino acid permease,20201215,-
65058,47429380,CKV68_RS10800,CKV68_RS10800,SAMEA4504038_02178,-,1,-,succinyltransferase,protein-coding,-,-,-,succinyltransferase,20210424,-
65058,47429381,CKV68_RS10805,CKV68_RS10805,SAMEA4504038_02179,-,1,-,succinyl-diaminopimelate desuccinylase,protein-coding,-,-,-,succinyl-diaminopimelate desuccinylase,20201215,-
65058,47429382,CKV68_RS10810,CKV68_RS10810,SAMEA4504038_02180,-,1,-,TIGR00730 family Rossman fold protein,protein-coding,-,-,-,TIGR00730 family Rossman fold protein,20201215,-
65058,47429383,folP,CKV68_RS10815,SAMEA4504038_02181,-,1,-,dihydropteroate synthase,protein-coding,-,-,-,dihydropteroate synthase,20201215,-
65058,47429384,CKV68_RS10820,CKV68_RS10820,SAMEA4504038_02182,-,1,-,glucosyl-3-phosphoglycerate synthase,protein-coding,-,-,-,glucosyl-3-phosphoglycerate synthase,20201215,-
65058,47429385,CKV68_RS10825,CKV68_RS10825,SAMEA4504038_02183,-,1,-,DivIVA domain-containing protein,protein-coding,-,-,-,DivIVA domain-containing protein,20201215,-
65058,47429386,CKV68_RS10830,CKV68_RS10830,SAMEA4504038_02184,-,1,-,DUF3117 domain-containing protein,protein-coding,-,-,-,DUF3117 domain-containing protein,20201215,-
65058,47429387,CKV68_RS10835,CKV68_RS10835,SAMEA4504038_02185,-,1,-,methyltransferase domain-containing protein,protein-coding,-,-,-,methyltransferase domain-containing protein,20210123,-
65058,47429388,CKV68_RS10840,CKV68_RS10840,SAMEA4504038_02186,-,1,-,GH32 C-terminal domain-containing protein,protein-coding,-,-,-,GH32 C-terminal domain-containing protein,20201215,-
65058,47429389,budA,CKV68_RS10845,SAMEA4504038_02187,-,1,-,acetolactate decarboxylase,protein-coding,-,-,-,acetolactate decarboxylase,20201215,-
65058,47429390,glgA,CKV68_RS10850,SAMEA4504038_02188,-,1,-,glycogen synthase,protein-coding,-,-,-,glycogen synthase,20210424,-
65058,47429391,glgC,CKV68_RS10855,SAMEA4504038_02189,-,1,-,glucose-1-phosphate adenylyltransferase,protein-coding,-,-,-,glucose-1-phosphate adenylyltransferase,20201215,-
65058,47429392,CKV68_RS10860,CKV68_RS10860,SAMEA4504038_02190,-,1,-,methyltransferase,protein-coding,-,-,-,methyltransferase,20201215,-
65058,47429393,sigE,CKV68_RS10865,SAMEA4504038_02191,-,1,-,RNA polymerase sigma factor SigE,protein-coding,-,-,-,RNA polymerase sigma factor SigE,20201215,-
65058,47429394,CKV68_RS10870,CKV68_RS10870,SAMEA4504038_02192,-,1,-,hypothetical protein,protein-coding,-,-,-,hypothetical protein,20201215,-
65058,47429395,tatB,CKV68_RS10875,SAMEA4504038_02193,-,1,-,Sec-independent protein translocase subunit TatB,protein-coding,-,-,-,Sec-independent protein translocase subunit TatB,20201215,-
65058,47429396,CKV68_RS10880,CKV68_RS10880,SAMEA4504038_02194,-,1,-,Mrp/NBP35 family ATP-binding protein,protein-coding,-,-,-,Mrp/NBP35 family ATP-binding protein,20210424,-
65058,47429397,CKV68_RS10885,CKV68_RS10885,SAMEA4504038_02195,-,1,-,DUF1003 domain-containing protein,protein-coding,-,-,-,DUF1003 domain-containing protein,20210123,-
65058,47429398,CKV68_RS10890,CKV68_RS10890,SAMEA4504038_02196,-,1,-,magnesium transporter,protein-coding,-,-,-,magnesium transporter,20201215,-
65058,47429399,CKV68_RS10895,CKV68_RS10895,SAMEA4504038_02197,-,1,-,hypothetical protein,protein-coding,-,-,-,hypothetical protein,20210406,-
65058,47429400,CKV68_RS10900,CKV68_RS10900,SAMEA4504038_02198,-,1,-,multifunctional oxoglutarate decarboxylase/oxoglutarate dehydrogenase thiamine pyrophosphate-binding subunit/dihydrolipoyllysine-residue succinyltransferase subunit,protein-coding,-,-,-,multifunctional oxoglutarate decarboxylase/oxoglutarate dehydrogenase thiamine pyrophosphate-binding subunit/dihydrolipoyllysine-residue succinyltransferase subunit,20210424,-
65058,47429401,CKV68_RS10905,CKV68_RS10905,SAMEA4504038_02199,-,1,-,ABC transporter ATP-binding protein,protein-coding,-,-,-,ABC transporter ATP-binding protein,20201215,-
65058,47429402,CKV68_RS10910,CKV68_RS10910,SAMEA4504038_02200,-,1,-,membrane protein,protein-coding,-,-,-,membrane protein,20201215,-
65058,47429403,CKV68_RS10915,CKV68_RS10915,SAMEA4504038_02201,-,1,-,shikimate 5-dehydrogenase,protein-coding,-,-,-,shikimate 5-dehydrogenase,20201215,-
65058,47429404,CKV68_RS10920,CKV68_RS10920,SAMEA4504038_02202,-,1,-,carboxylesterase/lipase family protein,protein-coding,-,-,-,carboxylesterase/lipase family protein,20201215,-
65058,47429405,CKV68_RS10925,CKV68_RS10925,SAMEA4504038_02203,-,1,-,(2Fe-2S)-binding protein,protein-coding,-,-,-,(2Fe-2S)-binding protein,20210424,-
65058,47429406,CKV68_RS10930,CKV68_RS10930,SAMEA4504038_02204,-,1,-,hypothetical protein,protein-coding,-,-,-,hypothetical protein,20201215,-
65058,47429407,CKV68_RS10935,CKV68_RS10935,SAMEA4504038_02205,-,1,-,hypothetical protein,protein-coding,-,-,-,hypothetical protein,20201215,-
65058,47429408,CKV68_RS10940,CKV68_RS10940,SAMEA4504038_02207,-,1,-,aldose epimerase,protein-coding,-,-,-,aldose epimerase,20210424,-
65058,47429409,CKV68_RS10945,CKV68_RS10945,SAMEA4504038_02208,-,1,-,sodium:solute symporter family protein,protein-coding,-,-,-,sodium:solute symporter family protein,20201215,-
65058,47429410,CKV68_RS10950,CKV68_RS10950,SAMEA4504038_02209,-,1,-,LPXTG cell wall anchor domain-containing protein,protein-coding,-,-,-,LPXTG cell wall anchor domain-containing protein,20201215,-
65058,47429411,galT,CKV68_RS10955,SAMEA4504038_02210,-,1,-,galactose-1-phosphate uridylyltransferase,protein-coding,-,-,-,galactose-1-phosphate uridylyltransferase,20210424,-
65058,47429412,galK,CKV68_RS10960,SAMEA4504038_02211,-,1,-,galactokinase,protein-coding,-,-,-,galactokinase,20210424,-
65058,47429413,CKV68_RS10965,CKV68_RS10965,SAMEA4504038_02212,-,1,-,DEAD/DEAH box helicase,protein-coding,-,-,-,DEAD/DEAH box helicase,20201215,-
65058,47429414,CKV68_RS10970,CKV68_RS10970,SAMEA4504038_02213,-,1,-,hypothetical protein,protein-coding,-,-,-,hypothetical protein,20201215,-
65058,47429415,CKV68_RS10975,CKV68_RS10975,SAMEA4504038_02214,-,1,-,VOC family protein,protein-coding,-,-,-,VOC family protein,20201215,-
65058,47429416,CKV68_RS10980,CKV68_RS10980,SAMEA4504038_02215,-,1,-,hypothetical protein,protein-coding,-,-,-,hypothetical protein,20201215,-
65058,47429417,CKV68_RS10985,CKV68_RS10985,SAMEA4504038_02216,-,1,-,HNH endonuclease,protein-coding,-,-,-,HNH endonuclease,20210406,-
65058,47429418,putP,CKV68_RS10990,SAMEA4504038_02217,-,1,-,sodium/proline symporter PutP,protein-coding,-,-,-,sodium/proline symporter PutP,20210406,-
65058,47429419,CKV68_RS10995,CKV68_RS10995,SAMEA4504038_02218,-,1,-,DEAD/DEAH box helicase,protein-coding,-,-,-,DEAD/DEAH box helicase,20210424,-
65058,47429420,CKV68_RS11000,CKV68_RS11000,SAMEA4504038_02219,-,1,-,hypothetical protein,protein-coding,-,-,-,hypothetical protein,20201215,-
65058,47429421,CKV68_RS11005,CKV68_RS11005,SAMEA4504038_02220,-,1,-,metallophosphoesterase,protein-coding,-,-,-,metallophosphoesterase,20210424,-
65058,47429422,CKV68_RS11010,CKV68_RS11010,SAMEA4504038_02221,-,1,-,AAA family ATPase,protein-coding,-,-,-,AAA family ATPase,20201215,-
65058,47429423,CKV68_RS11015,CKV68_RS11015,SAMEA4504038_02222,-,1,-,polyisoprenoid-binding protein,protein-coding,-,-,-,polyisoprenoid-binding protein,20201215,-
65058,47429424,CKV68_RS11020,CKV68_RS11020,SAMEA4504038_02223,-,1,-,MarR family transcriptional regulator,protein-coding,-,-,-,MarR family transcriptional regulator,20210424,-
65058,47429425,CKV68_RS11025,CKV68_RS11025,SAMEA4504038_02224,-,1,-,PspC domain-containing protein,protein-coding,-,-,-,PspC domain-containing protein,20210123,-
65058,47429426,CKV68_RS11030,CKV68_RS11030,SAMEA4504038_02225,-,1,-,hypothetical protein,protein-coding,-,-,-,hypothetical protein,20201215,-
65058,47429427,CKV68_RS11035,CKV68_RS11035,SAMEA4504038_02226,-,1,-,pseudo,pseudo,-,-,-,-,20201215,-
65058,47429428,CKV68_RS11040,CKV68_RS11040,SAMEA4504038_02227,-,1,-,hypothetical protein,protein-coding,-,-,-,hypothetical protein,20201215,-
65058,47429429,CKV68_RS11045,CKV68_RS11045,SAMEA4504038_02229,-,1,-,tRNA,tRNA,-,-,-,-,20201215,-
65058,47429430,CKV68_RS11050,CKV68_RS11050,SAMEA4504038_02230,-,1,-,LUD domain-containing protein,protein-coding,-,-,-,LUD domain-containing protein,20210123,-
65058,47429431,CKV68_RS11055,CKV68_RS11055,SAMEA4504038_02231,-,1,-,iron-sulfur cluster-binding protein,protein-coding,-,-,-,iron-sulfur cluster-binding protein,20201215,-
65058,47429432,CKV68_RS11060,CKV68_RS11060,SAMEA4504038_02232,-,1,-,(Fe-S)-binding protein,protein-coding,-,-,-,(Fe-S)-binding protein,20201215,-
65058,47429433,CKV68_RS11065,CKV68_RS11065,SAMEA4504038_02233,-,1,-,L-lactate permease,protein-coding,-,-,-,L-lactate permease,20201215,-
65058,47429434,CKV68_RS11070,CKV68_RS11070,SAMEA4504038_02234,-,1,-,arginine--tRNA ligase,protein-coding,-,-,-,arginine--tRNA ligase,20201215,-
65058,47429435,lysA,CKV68_RS11075,SAMEA4504038_02235,-,1,-,diaminopimelate decarboxylase,protein-coding,-,-,-,diaminopimelate decarboxylase,20210406,-
65058,47429436,CKV68_RS11080,CKV68_RS11080,SAMEA4504038_02236,-,1,-,homoserine dehydrogenase,protein-coding,-,-,-,homoserine dehydrogenase,20201215,-
65058,47429437,CKV68_RS11085,CKV68_RS11085,SAMEA4504038_02237,-,1,-,homoserine kinase,protein-coding,-,-,-,homoserine kinase,20201215,-
65058,47429438,CKV68_RS11090,CKV68_RS11090,SAMEA4504038_02238,-,1,-,hypothetical protein,protein-coding,-,-,-,hypothetical protein,20201215,-
65058,47429439,CKV68_RS11095,CKV68_RS11095,SAMEA4504038_02239,-,1,-,long-chain fatty-acid--CoA ligase,protein-coding,-,-,-,long-chain fatty-acid--CoA ligase,20210424,-
65058,47429440,rho,CKV68_RS11100,SAMEA4504038_02240,-,1,-,transcription termination factor Rho,protein-coding,-,-,-,transcription termination factor Rho,20201215,-
65058,47429441,prfA,CKV68_RS11105,SAMEA4504038_02241,-,1,-,peptide chain release factor 1,protein-coding,-,-,-,peptide chain release factor 1,20201215,-
65058,47429442,prmC,CKV68_RS11110,SAMEA4504038_02242,-,1,-,peptide chain release factor N(5)-glutamine methyltransferase,protein-coding,-,-,-,peptide chain release factor N(5)-glutamine methyltransferase,20201215,-
65058,47429443,CKV68_RS11115,CKV68_RS11115,SAMEA4504038_02243,-,1,-,threonylcarbamoyl-AMP synthase,protein-coding,-,-,-,threonylcarbamoyl-AMP synthase,20201215,-
65058,47429444,CKV68_RS11120,CKV68_RS11120,SAMEA4504038_02244,-,1,-,undecaprenyl/decaprenyl-phosphate alpha-N-acetylglucosaminyl 1-phosphate transferase,protein-coding,-,-,-,undecaprenyl/decaprenyl-phosphate alpha-N-acetylglucosaminyl 1-phosphate transferase,20201215,-
65058,47429445,CKV68_RS11125,CKV68_RS11125,SAMEA4504038_02245,-,1,-,hypothetical protein,protein-coding,-,-,-,hypothetical protein,20201215,-
65058,47429446,atpB,CKV68_RS11130,SAMEA4504038_02246,-,1,-,F0F1 ATP synthase subunit A,protein-coding,-,-,-,F0F1 ATP synthase subunit A,20201215,-
65058,47429447,CKV68_RS11135,CKV68_RS11135,SAMEA4504038_02247,-,1,-,ATP synthase F0 subunit C,protein-coding,-,-,-,ATP synthase F0 subunit C,20201215,-
65058,47429448,CKV68_RS11140,CKV68_RS11140,SAMEA4504038_02248,-,1,-,F0F1 ATP synthase subunit B,protein-coding,-,-,-,F0F1 ATP synthase subunit B,20201215,-
65058,47429449,CKV68_RS11145,CKV68_RS11145,SAMEA4504038_02249,-,1,-,F0F1 ATP synthase subunit delta,protein-coding,-,-,-,F0F1 ATP synthase subunit delta,20201215,-
65058,47429450,CKV68_RS11150,CKV68_RS11150,SAMEA4504038_02250,-,1,-,F0F1 ATP synthase subunit alpha,protein-coding,-,-,-,F0F1 ATP synthase subunit alpha,20201215,-
65058,47429451,CKV68_RS11155,CKV68_RS11155,SAMEA4504038_02251,-,1,-,F0F1 ATP synthase subunit gamma,protein-coding,-,-,-,F0F1 ATP synthase subunit gamma,20201215,-
65058,47429452,atpD,CKV68_RS11160,SAMEA4504038_02252,-,1,-,F0F1 ATP synthase subunit beta,protein-coding,-,-,-,F0F1 ATP synthase subunit beta,20201215,-
65058,47429453,CKV68_RS11165,CKV68_RS11165,SAMEA4504038_02253,-,1,-,F0F1 ATP synthase subunit epsilon,protein-coding,-,-,-,F0F1 ATP synthase subunit epsilon,20201215,-
65058,47429454,CKV68_RS11175,CKV68_RS11175,SAMEA4504038_00839,-,1,-,hypothetical protein,protein-coding,-,-,-,hypothetical protein,20201215,-
65058,47429455,CKV68_RS11180,CKV68_RS11180,-,-,1,-,pseudo,pseudo,-,-,-,-,20201215,-
65058,47429457,CKV68_RS11225,CKV68_RS11225,SAMEA4504038_00643,-,1,-,hypothetical protein,protein-coding,-,-,-,hypothetical protein,20201215,-
65058,47429458,CKV68_RS11230,CKV68_RS11230,SAMEA4504038_00729,-,1,-,hypothetical protein,protein-coding,-,-,-,hypothetical protein,20210327,-
65058,47429459,CKV68_RS11235,CKV68_RS11235,SAMEA4504038_00838,-,1,-,hypothetical protein,protein-coding,-,-,-,hypothetical protein,20201215,-
65058,47429460,CKV68_RS11240,CKV68_RS11240,-,-,1,-,hypothetical protein,protein-coding,-,-,-,hypothetical protein,20201215,-
65058,47429461,CKV68_RS11245,CKV68_RS11245,SAMEA4504038_00917,-,1,-,DUF3073 domain-containing protein,protein-coding,-,-,-,DUF3073 domain-containing protein,20210123,-
65058,47429462,CKV68_RS11250,CKV68_RS11250,-,-,1,-,hypothetical protein,protein-coding,-,-,-,hypothetical protein,20201215,-
65058,47429463,CKV68_RS11255,CKV68_RS11255,SAMEA4504038_01001,-,1,-,hypothetical protein,protein-coding,-,-,-,hypothetical protein,20201215,-
65058,47429464,CKV68_RS11260,CKV68_RS11260,SAMEA4504038_01003,-,1,-,hypothetical protein,protein-coding,-,-,-,hypothetical protein,20201215,-
65058,47429465,CKV68_RS11265,CKV68_RS11265,SAMEA4504038_01012,-,1,-,hypothetical protein,protein-coding,-,-,-,hypothetical protein,20210403,-
65058,47429466,CKV68_RS11270,CKV68_RS11270,SAMEA4504038_01041,-,1,-,hypothetical protein,protein-coding,-,-,-,hypothetical protein,20201215,-
65058,47429467,CKV68_RS11275,CKV68_RS11275,SAMEA4504038_01217,-,1,-,hypothetical protein,protein-coding,-,-,-,hypothetical protein,20201215,-
65058,47429468,CKV68_RS11280,CKV68_RS11280,-,-,1,-,hypothetical protein,protein-coding,-,-,-,hypothetical protein,20201215,-
65058,47429469,CKV68_RS11285,CKV68_RS11285,-,-,1,-,hypothetical protein,protein-coding,-,-,-,hypothetical protein,20201215,-
65058,47429470,CKV68_RS11290,CKV68_RS11290,SAMEA4504038_01417,-,1,-,toxin-antitoxin system HicB family antitoxin,protein-coding,-,-,-,toxin-antitoxin system HicB family antitoxin,20210129,-
65058,47429471,CKV68_RS11295,CKV68_RS11295,SAMEA4504038_01440,-,1,-,hypothetical protein,protein-coding,-,-,-,hypothetical protein,20201215,-
65058,60510520,CKV68_RS11300,CKV68_RS11300,-,-,1,-,hypothetical protein,protein-coding,-,-,-,hypothetical protein,20201215,-
65058,60510521,CKV68_RS11305,CKV68_RS11305,-,-,1,-,pseudo,pseudo,-,-,-,-,20201215,-
65058,60510522,CKV68_RS11310,CKV68_RS11310,-,-,1,-,hypothetical protein,protein-coding,-,-,-,hypothetical protein,20201215,-
65058,60510523,CKV68_RS11315,CKV68_RS11315,SAMEA4504038_01502,-,1,-,PTS glucose transporter subunit IIA,protein-coding,-,-,-,PTS glucose transporter subunit IIA,20210424,-
65058,60510524,CKV68_RS11320,CKV68_RS11320,-,-,1,-,hypothetical protein,protein-coding,-,-,-,hypothetical protein,20201215,-
